arz	bs	ceb	ckb	da	de	el	en	es	fr	he	hi	hu	id	it	ja	ko	lv	mk	ml	mr	nl	pl	pt	ro	ru	sh	si	simple	sr	sv	te	tr	vi	war	zh
arz	1.0	0.5294117647058824	0.515748031496063	0.75	0.5151515151515151	0.5020242914979757	0.7096774193548386	0.5006877579092159	0.502127659574468	0.5019762845849802	0.6857142857142857	0.7142857142857143	0.5161290322580645	0.5142857142857143	0.5024875621890548	0.676056338028169	0.6875	0.75	0.6666666666666666	0.7692307692307692	0.8	0.5046728971962617	0.5016501650165016	0.5025906735751295	0.5121951219512195	0.6728110599078341	0.5128205128205129	0.6666666666666666	0.5142857142857143	0.5079365079365079	0.5064935064935064	0.8571428571428571	0.5263157894736842	0.684931506849315	1.0	0.6776859504132231
bs	0.5294117647058824	1.0	0.9187378966119333	0.5416666666666666	0.5454545454545455	0.515748031496063	0.5454545454545455	0.5054495912806539	0.5165289256198348	0.5134099616858238	0.543859649122807	0.5483870967741935	0.5476190476190476	0.5555555555555556	0.5192307692307692	0.5188679245283019	0.5370370370370371	0.5652173913043479	0.5416666666666666	0.5217391304347826	0.55	0.5258620689655172	0.5112540192926045	0.5174129353233831	0.5490196078431373	0.5263157894736842	0.5625	0.5	0.5319148936170213	0.5492957746478874	0.5348837209302326	0.5263157894736842	0.5873015873015873	0.5423728813559322	0.5294117647058824	0.5333333333333333
ceb	0.515748031496063	0.9187378966119333	1.0	0.6575342465753424	0.9198668168764537	0.9084521076180025	0.6596858638743456	0.7906930092218689	0.8878470611622822	0.8075007056359209	0.6594005449591281	0.6546961325966851	0.7666004079233933	0.903492290554944	0.9280325611286225	0.6622340425531914	0.6480582524271845	0.8368104516813002	0.6575342465753424	0.6575342465753424	0.6575342465753424	0.9261625233259482	0.9434855075920815	0.7215034478999155	0.9250904772134251	0.6622340425531914	0.7092252150518537	0.5543478260869565	0.9366809789928786	0.6594005449591281	0.8524302657141457	0.6334310850439883	-1.0	0.9192726280410289	0.6577848715673371	0.6924360400444939
ckb	0.75	0.5416666666666666	0.6575342465753424	1.0	0.525	0.5059288537549407	0.7317073170731707	0.5034199726402189	0.5062240663900416	0.5057915057915058	0.7	0.7368421052631579	0.5405405405405405	0.5238095238095238	0.5072463768115941	0.6933333333333334	0.7222222222222222	0.7692307692307692	0.7142857142857143	0.72	0.8	0.5132743362831859	0.5064935064935064	0.507537688442211	0.5319148936170213	0.6844444444444444	0.5217391304347826	0.6666666666666666	0.5365853658536585	0.5142857142857143	0.5180722891566265	0.7368421052631579	0.5348837209302326	0.7160493827160493	0.75	0.6976744186046512
da	0.5151515151515151	0.5454545454545455	0.9198668168764537	0.525	1.0	0.5245283018867924	0.5652173913043479	0.5107816711590296	0.525691699604743	0.5278810408921933	0.5571428571428572	0.5681818181818182	0.5740740740740741	0.55	0.5296803652968036	0.543103448275862	0.5522388059701493	0.5675675675675675	0.5384615384615384	0.5405405405405405	0.5428571428571428	0.5476190476190476	0.5235109717868338	0.5308056872037915	0.5538461538461539	0.5269461077844312	0.5645161290322581	0.5151515151515151	0.5593220338983051	0.5529411764705883	0.5454545454545455	0.5142857142857143	0.582089552238806	0.5555555555555556	0.5151515151515151	0.5436893203883495
de	0.5020242914979757	0.515748031496063	0.9084521076180025	0.5059288537549407	0.5245283018867924	1.0	0.5135135135135135	0.5621021625714547	0.5811138014527846	0.5724137931034483	0.5367647058823529	0.515625	0.5247148288973384	0.5263157894736842	0.5822454308093995	0.5573770491803278	0.5333333333333333	0.5099601593625498	0.5099601593625498	0.503968253968254	0.5060240963855421	0.5605095541401274	0.5829787234042553	0.5793650793650793	0.5296296296296297	0.5752212389380531	0.5318352059925093	0.5020242914979757	0.5263157894736842	0.5460992907801419	0.5532646048109966	0.5020080321285141	0.5394736842105263	0.5364963503649635	0.5020242914979757	0.546979865771812
el	0.7096774193548386	0.5454545454545455	0.6596858638743456	0.7317073170731707	0.5652173913043479	0.5135135135135135	1.0	0.5067934782608696	0.516260162601626	0.5132075471698113	0.7586206896551725	0.8444444444444446	0.5555555555555556	0.574468085106383	0.5164319248826291	0.7261146496815286	0.7654320987654322	0.8571428571428571	0.7317073170731707	0.7368421052631579	0.787878787878788	0.525	0.5127388535031847	0.5170731707317073	0.5454545454545455	0.7008547008547009	0.5370370370370371	0.7096774193548386	0.5510204081632653	0.5324675324675325	0.5274725274725275	0.7058823529411764	0.5576923076923077	0.7391304347826086	0.7096774193548386	0.7246376811594204
en	0.5006877579092159	0.5054495912806539	0.7906930092218689	0.5034199726402189	0.5107816711590296	0.5621021625714547	0.5067934782608696	1.0	0.5673758865248227	0.5588571428571428	0.5153538050734312	0.5061224489795918	0.5094339622641509	0.510752688172043	0.5520945355233534	0.5304010349288487	0.5140562248995983	0.5034199726402189	0.5034199726402189	0.5027397260273972	0.5020576131687242	0.5259165613147914	0.5730211817168339	0.5566009333132621	0.5127175368139224	0.5397022332506204	0.512751677852349	0.5006877579092159	0.5114401076716016	0.5204755614266843	0.5241830065359477	0.5013736263736264	0.5450236966824644	0.516	0.5006877579092159	0.5261096605744126
es	0.502127659574468	0.5165289256198348	0.8878470611622822	0.5062240663900416	0.525691699604743	0.5811138014527846	0.516260162601626	0.5673758865248227	1.0	0.571764705882353	0.5426356589147286	0.5142857142857143	0.5217391304347826	0.5254901960784314	0.5886480908152735	0.5484949832775919	0.5348837209302326	0.5104602510460251	0.5104602510460251	0.5084033613445378	0.5063291139240506	0.551948051948052	0.5800865800865801	0.5872602256106787	0.5310077519379846	0.5675675675675675	0.5354330708661417	0.502127659574468	0.5275590551181103	0.5481481481481482	0.5575539568345323	0.5042372881355932	0.550561797752809	0.5340909090909091	0.502127659574468	0.5547703180212014
fr	0.5019762845849802	0.5134099616858238	0.8075007056359209	0.5057915057915058	0.5278810408921933	0.5724137931034483	0.5132075471698113	0.5588571428571428	0.571764705882353	1.0	0.5321428571428571	0.5172413793103449	0.5241635687732342	0.5276752767527676	0.5736040609137055	0.5474683544303798	0.5268817204301075	0.5097276264591439	0.5077519379844961	0.5078125	0.5058823529411764	0.5576323987538941	0.5711340206185567	0.5796344647519582	0.5309090909090909	0.5657142857142857	0.5291970802919708	0.5019762845849802	0.5218978102189781	0.5376712328767124	0.5540540540540541	0.5039370078740157	0.5468536038839786	0.5338078291814947	0.5019762845849802	0.5478547854785478
he	0.6857142857142857	0.543859649122807	0.6594005449591281	0.7	0.5571428571428572	0.5367647058823529	0.7586206896551725	0.5153538050734312	0.5426356589147286	0.5321428571428571	1.0	0.7804878048780488	0.5588235294117647	0.5633802816901409	0.5418502202643172	0.7777777777777779	0.8	0.7567567567567568	0.717948717948718	0.7012987012987012	0.7222222222222222	0.5588235294117647	0.5272727272727272	0.5458715596330276	0.5512820512820512	0.756972111553785	0.56	0.6857142857142857	0.5797101449275363	0.5625	0.5648148148148149	0.684931506849315	0.5555555555555556	0.7768595041322315	0.6857142857142857	0.782608695652174
hi	0.7142857142857143	0.5483870967741935	0.6546961325966851	0.7368421052631579	0.5681818181818182	0.515625	0.8444444444444446	0.5061224489795918	0.5142857142857143	0.5172413793103449	0.7804878048780488	1.0	0.5581395348837209	0.5652173913043479	0.5165876777251185	0.7272727272727273	0.8108108108108107	0.875	0.7368421052631579	0.7428571428571428	0.8	0.5299145299145299	0.5128205128205129	0.5198019801980198	0.5471698113207547	0.7074235807860262	0.5384615384615384	0.7142857142857143	0.5531914893617021	0.5405405405405405	0.5402298850574713	0.7096774193548386	0.5636363636363636	0.7764705882352941	0.7142857142857143	0.7368421052631579
hu	0.5161290322580645	0.5476190476190476	0.7666004079233933	0.5405405405405405	0.5740740740740741	0.5247148288973384	0.5555555555555556	0.5094339622641509	0.5217391304347826	0.5241635687732342	0.5588235294117647	0.5581395348837209	1.0	0.5423728813559322	0.5299539170506913	0.5344827586206896	0.5538461538461539	0.5714285714285714	0.5263157894736842	0.5277777777777778	0.5454545454545455	0.5439999999999999	0.51875	0.5311004784688995	0.5645161290322581	0.5304878048780488	0.5483870967741935	0.5161290322580645	0.5818181818181818	0.5348837209302326	0.5408163265306123	0.5151515151515151	0.5441176470588236	0.5492957746478874	0.5161290322580645	0.55
id	0.5142857142857143	0.5555555555555556	0.903492290554944	0.5238095238095238	0.55	0.5263157894736842	0.574468085106383	0.510752688172043	0.5254901960784314	0.5276752767527676	0.5633802816901409	0.5652173913043479	0.5423728813559322	1.0	0.5246636771300449	0.5333333333333333	0.5671641791044776	0.5641025641025641	0.5238095238095238	0.525	0.5405405405405405	0.5384615384615384	0.5185185185185185	0.5330188679245282	0.5606060606060607	0.536144578313253	0.5454545454545455	0.5142857142857143	0.5483870967741935	0.5393258426966292	0.5445544554455445	0.5135135135135135	0.5795454545454545	0.5540540540540541	0.5142857142857143	0.5377358490566038
it	0.5024875621890548	0.5192307692307692	0.9280325611286225	0.5072463768115941	0.5296803652968036	0.5822454308093995	0.5164319248826291	0.5520945355233534	0.5886480908152735	0.5736040609137055	0.5418502202643172	0.5165876777251185	0.5299539170506913	0.5246636771300449	1.0	0.5526315789473684	0.5353982300884956	0.5121951219512195	0.5121951219512195	0.5098039215686274	0.5073891625615764	0.5718936516549105	0.5783410138248848	0.5798816568047337	0.5333333333333333	0.5714285714285714	0.536036036036036	0.5024875621890548	0.5318181818181819	0.5458333333333334	0.549800796812749	0.504950495049505	0.5570469798657718	0.5391304347826087	0.5024875621890548	0.5511811023622047
ja	0.676056338028169	0.5188679245283019	0.6622340425531914	0.6933333333333334	0.543103448275862	0.5573770491803278	0.7261146496815286	0.5304010349288487	0.5484949832775919	0.5474683544303798	0.7777777777777779	0.7272727272727273	0.5344827586206896	0.5333333333333333	0.5526315789473684	1.0	0.7727272727272727	0.7123287671232877	0.6933333333333334	0.6845637583892618	0.6944444444444444	0.5524861878453039	0.5484764542936288	0.5607843137254902	0.536	0.7906976744186047	0.532258064516129	0.676056338028169	0.5470085470085471	0.5416666666666666	0.5592105263157895	0.6758620689655173	0.5700934579439253	0.7675675675675675	0.676056338028169	0.7733333333333333
ko	0.6875	0.5370370370370371	0.6480582524271845	0.7222222222222222	0.5522388059701493	0.5333333333333333	0.7654320987654322	0.5140562248995983	0.5348837209302326	0.5268817204301075	0.8	0.8108108108108107	0.5538461538461539	0.5671641791044776	0.5353982300884956	0.7727272727272727	1.0	0.7647058823529411	0.7027027027027026	0.7042253521126761	0.7272727272727273	0.5522388059701493	0.5227963525835866	0.5441860465116278	0.5540540540540541	0.7351778656126482	0.547945205479452	0.6875	0.5671641791044776	0.5652173913043479	0.5728155339805825	0.6865671641791045	0.5797101449275363	0.7692307692307692	0.6875	0.7973856209150327
lv	0.75	0.5652173913043479	0.8368104516813002	0.7692307692307692	0.5675675675675675	0.5099601593625498	0.8571428571428571	0.5034199726402189	0.5104602510460251	0.5097276264591439	0.7567567567567568	0.875	0.5714285714285714	0.5641025641025641	0.5121951219512195	0.7123287671232877	0.7647058823529411	1.0	0.7142857142857143	0.782608695652174	0.8888888888888888	0.5225225225225225	0.50814332247557	0.5126903553299492	0.5555555555555556	0.6968325791855204	0.5454545454545455	0.75	0.5641025641025641	0.5294117647058824	0.5308641975308642	0.7368421052631579	0.5728900255754475	0.7532467532467533	0.75	0.72
mk	0.6666666666666666	0.5416666666666666	0.6575342465753424	0.7142857142857143	0.5384615384615384	0.5099601593625498	0.7317073170731707	0.5034199726402189	0.5104602510460251	0.5077519379844961	0.717948717948718	0.7368421052631579	0.5263157894736842	0.5238095238095238	0.5121951219512195	0.6933333333333334	0.7027027027027026	0.7142857142857143	1.0	0.6666666666666666	0.7272727272727273	0.5132743362831859	0.50814332247557	0.51010101010101	0.5102040816326531	0.6968325791855204	0.5333333333333333	0.6666666666666666	0.5238095238095238	0.5373134328358209	0.5180722891566265	0.6666666666666666	0.5535714285714286	0.6823529411764706	0.6666666666666666	0.6976744186046512
ml	0.7692307692307692	0.5217391304347826	0.6575342465753424	0.72	0.5405405405405405	0.503968253968254	0.7368421052631579	0.5027397260273972	0.5084033613445378	0.5078125	0.7012987012987012	0.7428571428571428	0.5277777777777778	0.525	0.5098039215686274	0.6845637583892618	0.7042253521126761	0.782608695652174	0.6666666666666666	1.0	0.823529411764706	0.5089285714285715	0.5065359477124183	0.5076142131979695	0.5217391304347826	0.6785714285714286	0.5348837209302326	0.7692307692307692	0.5384615384615384	0.5223880597014925	0.5185185185185185	0.8571428571428571	0.5737704918032787	0.717948717948718	0.7692307692307692	0.6875
mr	0.8	0.55	0.6575342465753424	0.8	0.5428571428571428	0.5060240963855421	0.787878787878788	0.5020576131687242	0.5063291139240506	0.5058823529411764	0.7222222222222222	0.8	0.5454545454545455	0.5405405405405405	0.5073891625615764	0.6944444444444444	0.7272727272727273	0.8888888888888888	0.7272727272727273	0.823529411764706	1.0	0.5137614678899083	0.5049180327868852	0.5076923076923077	0.5348837209302326	0.684931506849315	0.5365853658536585	0.8	0.5405405405405405	0.5230769230769231	0.5189873417721519	0.7692307692307692	0.5238095238095238	0.72	0.8	0.6991869918699187
nl	0.5046728971962617	0.5258620689655172	0.9261625233259482	0.5132743362831859	0.5476190476190476	0.5605095541401274	0.525	0.5259165613147914	0.551948051948052	0.5576323987538941	0.5588235294117647	0.5299145299145299	0.5439999999999999	0.5384615384615384	0.5718936516549105	0.5524861878453039	0.5522388059701493	0.5225225225225225	0.5132743362831859	0.5089285714285715	0.5137614678899083	1.0	0.546916890080429	0.5622641509433962	0.553030303030303	0.5681818181818182	0.549618320610687	0.5046728971962617	0.546875	0.5562913907284768	0.5652173913043479	0.5045871559633027	0.5315593000585614	0.55	0.5046728971962617	0.5602409638554217
pl	0.5016501650165016	0.5112540192926045	0.9434855075920815	0.5064935064935064	0.5235109717868338	0.5829787234042553	0.5127388535031847	0.5730211817168339	0.5800865800865801	0.5711340206185567	0.5272727272727272	0.5128205128205129	0.51875	0.5185185185185185	0.5783410138248848	0.5484764542936288	0.5227963525835866	0.50814332247557	0.50814332247557	0.5065359477124183	0.5049180327868852	0.546916890080429	1.0	0.5771028037383178	0.5229357798165137	0.5688775510204082	0.5246913580246914	0.5016501650165016	0.5201238390092879	0.5368731563421829	0.5415472779369628	0.5032894736842105	0.5428571428571428	0.5287009063444109	0.5016501650165016	0.5410764872521246
pt	0.5025906735751295	0.5174129353233831	0.7215034478999155	0.507537688442211	0.5308056872037915	0.5793650793650793	0.5170731707317073	0.5566009333132621	0.5872602256106787	0.5796344647519582	0.5458715596330276	0.5198019801980198	0.5311004784688995	0.5330188679245282	0.5798816568047337	0.5607843137254902	0.5441860465116278	0.5126903553299492	0.51010101010101	0.5076142131979695	0.5076923076923077	0.5622641509433962	0.5771028037383178	1.0	0.5321100917431192	0.5656565656565656	0.5341961494639048	0.5025906735751295	0.5380952380952381	0.5474137931034483	0.5606694560669456	0.5051546391752577	0.5542857142857143	0.5429864253393665	0.5025906735751295	0.5690376569037657
ro	0.5121951219512195	0.5490196078431373	0.9250904772134251	0.5319148936170213	0.5538461538461539	0.5296296296296297	0.5454545454545455	0.5127175368139224	0.5310077519379846	0.5309090909090909	0.5512820512820512	0.5471698113207547	0.5645161290322581	0.5606060606060607	0.5333333333333333	0.536	0.5540540540540541	0.5555555555555556	0.5102040816326531	0.5217391304347826	0.5348837209302326	0.553030303030303	0.5229357798165137	0.5321100917431192	1.0	0.5411764705882353	0.5652173913043479	0.5121951219512195	0.5522388059701493	0.5543478260869565	0.5523809523809524	0.5116279069767442	0.5483870967741935	0.5714285714285714	0.5121951219512195	0.5454545454545455
ru	0.6728110599078341	0.5263157894736842	0.6622340425531914	0.6844444444444444	0.5269461077844312	0.5752212389380531	0.7008547008547009	0.5397022332506204	0.5675675675675675	0.5657142857142857	0.756972111553785	0.7074235807860262	0.5304878048780488	0.536144578313253	0.5714285714285714	0.7906976744186047	0.7351778656126482	0.6968325791855204	0.6968325791855204	0.6785714285714286	0.684931506849315	0.5681818181818182	0.5688775510204082	0.5656565656565656	0.5411764705882353	1.0	0.5384615384615384	0.6728110599078341	0.536144578313253	0.5478723404255319	0.5670103092783505	0.6727272727272727	0.5549132947976879	0.7559055118110236	0.6728110599078341	0.7619047619047619
sh	0.5128205128205129	0.5625	0.7092252150518537	0.5217391304347826	0.5645161290322581	0.5318352059925093	0.5370370370370371	0.512751677852349	0.5354330708661417	0.5291970802919708	0.56	0.5384615384615384	0.5483870967741935	0.5454545454545455	0.536036036036036	0.532258064516129	0.547945205479452	0.5454545454545455	0.5333333333333333	0.5348837209302326	0.5365853658536585	0.549618320610687	0.5246913580246914	0.5341961494639048	0.5652173913043479	0.5384615384615384	1.0	0.5128205128205129	0.5625	0.6172839506172839	0.5643564356435644	0.5121951219512195	0.5573770491803278	0.5657894736842105	0.5128205128205129	0.5462962962962963
si	0.6666666666666666	0.5	0.5543478260869565	0.6666666666666666	0.5151515151515151	0.5020242914979757	0.7096774193548386	0.5006877579092159	0.502127659574468	0.5019762845849802	0.6857142857142857	0.7142857142857143	0.5161290322580645	0.5142857142857143	0.5024875621890548	0.676056338028169	0.6875	0.75	0.6666666666666666	0.7692307692307692	0.8	0.5046728971962617	0.5016501650165016	0.5025906735751295	0.5121951219512195	0.6728110599078341	0.5128205128205129	1.0	0.5142857142857143	0.5079365079365079	0.5064935064935064	0.6666666666666666	0.5116279069767442	0.684931506849315	0.6666666666666666	0.6776859504132231
simple	0.5142857142857143	0.5319148936170213	0.9366809789928786	0.5365853658536585	0.5593220338983051	0.5263157894736842	0.5510204081632653	0.5114401076716016	0.5275590551181103	0.5218978102189781	0.5797101449275363	0.5531914893617021	0.5818181818181818	0.5483870967741935	0.5318181818181819	0.5470085470085471	0.5671641791044776	0.5641025641025641	0.5238095238095238	0.5384615384615384	0.5405405405405405	0.546875	0.5201238390092879	0.5380952380952381	0.5522388059701493	0.536144578313253	0.5625	0.5142857142857143	1.0	0.5454545454545455	0.5555555555555556	0.5277777777777778	0.5777777777777777	0.5540540540540541	0.5142857142857143	0.5533980582524272
sr	0.5079365079365079	0.5492957746478874	0.6594005449591281	0.5142857142857143	0.5529411764705883	0.5460992907801419	0.5324675324675325	0.5204755614266843	0.5481481481481482	0.5376712328767124	0.5625	0.5405405405405405	0.5348837209302326	0.5393258426966292	0.5458333333333334	0.5416666666666666	0.5652173913043479	0.5294117647058824	0.5373134328358209	0.5223880597014925	0.5230769230769231	0.5562913907284768	0.5368731563421829	0.5474137931034483	0.5543478260869565	0.5478723404255319	0.6172839506172839	0.5079365079365079	0.5454545454545455	1.0	0.5855210819411297	0.5076923076923077	0.5531914893617021	0.5612244897959184	0.5079365079365079	0.5634920634920635
sv	0.5064935064935064	0.5348837209302326	0.8524302657141457	0.5180722891566265	0.5454545454545455	0.5532646048109966	0.5274725274725275	0.5241830065359477	0.5575539568345323	0.5540540540540541	0.5648148148148149	0.5402298850574713	0.5408163265306123	0.5445544554455445	0.549800796812749	0.5592105263157895	0.5728155339805825	0.5308641975308642	0.5180722891566265	0.5185185185185185	0.5189873417721519	0.5652173913043479	0.5415472779369628	0.5606694560669456	0.5523809523809524	0.5670103092783505	0.5643564356435644	0.5064935064935064	0.5555555555555556	0.5855210819411297	1.0	0.5128205128205129	0.5607476635514019	0.5688073394495413	0.5064935064935064	0.5777777777777777
te	0.8571428571428571	0.5263157894736842	0.6334310850439883	0.7368421052631579	0.5142857142857143	0.5020080321285141	0.7058823529411764	0.5013736263736264	0.5042372881355932	0.5039370078740157	0.684931506849315	0.7096774193548386	0.5151515151515151	0.5135135135135135	0.504950495049505	0.6758620689655173	0.6865671641791045	0.7368421052631579	0.6666666666666666	0.8571428571428571	0.7692307692307692	0.5045871559633027	0.5032894736842105	0.5051546391752577	0.5116279069767442	0.6727272727272727	0.5121951219512195	0.6666666666666666	0.5277777777777778	0.5076923076923077	0.5128205128205129	1.0	0.5576923076923077	0.6842105263157894	0.8571428571428571	0.6774193548387096
tr	0.5263157894736842	0.5873015873015873	-1.0	0.5348837209302326	0.582089552238806	0.5394736842105263	0.5576923076923077	0.5450236966824644	0.550561797752809	0.5468536038839786	0.5555555555555556	0.5636363636363636	0.5441176470588236	0.5795454545454545	0.5570469798657718	0.5700934579439253	0.5797101449275363	0.5728900255754475	0.5535714285714286	0.5737704918032787	0.5238095238095238	0.5315593000585614	0.5428571428571428	0.5542857142857143	0.5483870967741935	0.5549132947976879	0.5573770491803278	0.5116279069767442	0.5777777777777777	0.5531914893617021	0.5607476635514019	0.5576923076923077	1.0	0.5764705882352942	0.5238095238095238	0.5773195876288659
vi	0.684931506849315	0.5423728813559322	0.9192726280410289	0.7160493827160493	0.5555555555555556	0.5364963503649635	0.7391304347826086	0.516	0.5340909090909091	0.5338078291814947	0.7768595041322315	0.7764705882352941	0.5492957746478874	0.5540540540540541	0.5391304347826087	0.7675675675675675	0.7692307692307692	0.7532467532467533	0.6823529411764706	0.717948717948718	0.72	0.55	0.5287009063444109	0.5429864253393665	0.5714285714285714	0.7559055118110236	0.5657894736842105	0.684931506849315	0.5540540540540541	0.5612244897959184	0.5688073394495413	0.6842105263157894	0.5764705882352942	1.0	0.684931506849315	0.7619047619047619
war	1.0	0.5294117647058824	0.6577848715673371	0.75	0.5151515151515151	0.5020242914979757	0.7096774193548386	0.5006877579092159	0.502127659574468	0.5019762845849802	0.6857142857142857	0.7142857142857143	0.5161290322580645	0.5142857142857143	0.5024875621890548	0.676056338028169	0.6875	0.75	0.6666666666666666	0.7692307692307692	0.8	0.5046728971962617	0.5016501650165016	0.5025906735751295	0.5121951219512195	0.6728110599078341	0.5128205128205129	0.6666666666666666	0.5142857142857143	0.5079365079365079	0.5064935064935064	0.8571428571428571	0.5238095238095238	0.684931506849315	1.0	0.6776859504132231
zh	0.6776859504132231	0.5333333333333333	0.6924360400444939	0.6976744186046512	0.5436893203883495	0.546979865771812	0.7246376811594204	0.5261096605744126	0.5547703180212014	0.5478547854785478	0.782608695652174	0.7368421052631579	0.55	0.5377358490566038	0.5511811023622047	0.7733333333333333	0.7973856209150327	0.72	0.6976744186046512	0.6875	0.6991869918699187	0.5602409638554217	0.5410764872521246	0.5690376569037657	0.5454545454545455	0.7619047619047619	0.5462962962962963	0.6776859504132231	0.5533980582524272	0.5634920634920635	0.5777777777777777	0.6774193548387096	0.5773195876288659	0.7619047619047619	0.6776859504132231	1.0
