arz	bs	ceb	ckb	da	de	el	en	es	fr	he	hi	hu	id	it	ja	ko	lv	mk	ml	mr	nl	pl	pt	ro	ru	sh	si	simple	sr	sv	te	tr	vi	war	zh
arz	1.0	0.4695960115558277	1.0	1.0	1.0	1.0	1.0	0.7584325078215763	1.0	1.0	1.0	1.0	1.0	1.0	1.0	1.0	1.0	1.0	1.0	1.0	1.0	1.0	1.0	1.0	1.0	1.0	1.0	1.0	1.0	1.0	1.0	1.0	1.0	1.0	1.0	1.0
bs	0.4695960115558277	1.0	1.0	0.338108337541305	0.1613223082426388	0.1701908210199959	0.18743760095034903	0.13281693009824214	0.16642183494212748	0.15306117540544578	0.21559819905549416	0.22584392080185905	0.1382726165836896	0.15049488655980395	0.12410788033264229	0.22037375621319683	0.21682806146565026	0.1639511519118099	0.23137869189024626	0.21008752144059617	0.2772073423336503	0.12975086483858378	0.15174545590686772	0.1731993766200149	0.1450895223379891	0.21360806560699122	0.13401721103162764	0.4304125437933104	0.16061761710745154	0.12753388900620483	0.15248879158168974	0.31882799645976756	0.30672128430050777	0.1442016552632971	0.23769972861264385	0.2138922740887562
ceb	1.0	1.0	1.0	1.0	1.0	1.0	1.0	1.0	1.0	1.0	1.0	1.0	1.0	1.0	0.7863954451402115	1.0	1.0	1.0	1.0	1.0	1.0	1.0	0.7863954451402115	1.0	1.0	1.0	1.0	1.0	1.0	1.0	1.0	1.0	-1.0	1.0	1.0	1.0
ckb	1.0	0.338108337541305	1.0	1.0	0.5569675974578341	0.5665446450931801	1.0	0.41092124526377893	0.5505638267984209	0.6532002319725722	1.0	1.0	0.5218408689234296	0.42890679445200397	0.5505638267984209	1.0	1.0	0.6030419283415577	1.0	1.0	1.0	0.5883146765915751	0.5505638267984209	0.6167131210802119	0.5607371342276143	1.0	0.4828388506550369	1.0	0.6549329476340925	1.0	0.5311328932873985	1.0	1.0	0.5945264701686551	1.0	1.0
da	1.0	0.1613223082426388	1.0	0.5569675974578341	1.0	0.11037819738193032	0.16656366362965414	0.11208449466505004	0.1186307943196406	0.10596251467178104	0.14678973264593093	0.169406945704396	0.11162645217751763	0.11728408481124625	0.10016857784137988	0.13753093153923676	0.14172611739688623	0.13322355540506156	0.1987898254329929	0.20129759064232333	0.30214818294444146	0.10909189738416673	0.11181439845944562	0.1148996003818848	0.11710559963137387	0.1315545257627668	0.09624949494027736	0.6549329476340924	0.13933147184085418	0.09415688713018307	0.10456627210812074	0.3746004888754071	0.30261168725061416	0.12292743030127568	0.2676888927175698	0.14138919609939093
de	1.0	0.1701908210199959	1.0	0.5665446450931801	0.11037819738193032	1.0	0.13318315019639276	0.05511736979116841	0.05487615916477356	0.05396986872808537	0.16518120080903093	0.15566849782867176	0.06922264900153097	0.10597841101941333	0.06248402430866987	0.07162323182558424	0.13016972444996638	0.1285411382151895	0.24373308215964154	0.3259541096430225	0.7134542832283587	0.059129714702452804	0.06600294928163937	0.06831023812053703	0.10022871280630849	0.09156329272310769	0.06021839873651619	0.7199285383279773	0.10613990654469124	0.058514537006118646	0.084115226363767	0.47940202859853226	0.23299846704450317	0.07492413735049006	0.44271984017431193	0.07430016859282959
el	1.0	0.18743760095034903	1.0	1.0	0.16656366362965414	0.13318315019639276	1.0	0.14232342969109613	0.12781660582838408	0.11616130735978354	0.5330186143720126	1.0	0.12700843242770227	0.16189247237672486	0.12253196472032214	1.0	1.0	0.19585988907088897	1.0	1.0	1.0	0.1201892223512105	0.1188144847980187	0.19320718300176185	0.14761322075705843	1.0	0.13024411888817936	1.0	0.17039252549226855	0.12093896196798774	0.1659275092438327	1.0	0.7510341748895938	0.12783952454626188	0.5932464233149596	1.0
en	0.7584325078215763	0.13281693009824214	1.0	0.41092124526377893	0.11208449466505004	0.05511736979116841	0.14232342969109613	1.0	0.06507984207734724	0.06922045525001856	0.1342819246624359	0.14345490358837765	0.08046052145011089	0.11163935487285075	0.08444600108273198	0.1216952481487367	0.14390512087848786	0.11638369677091243	0.15903995327131523	0.1912710128448335	0.36437515180137403	0.07185934772271775	0.08700730452017161	0.07424825135907112	0.09930495838951679	0.1346032811629758	0.0742387663875758	0.49926731910886857	0.10183513591342225	0.07109015232523175	0.09002035737551498	0.22274574075110729	0.31842980666838894	0.08584112370574362	0.25801464658070566	0.12463605656830062
es	1.0	0.16642183494212748	1.0	0.5505638267984209	0.1186307943196406	0.05487615916477356	0.12781660582838408	0.06507984207734724	1.0	0.05841824129855235	0.14003598843412837	0.15385240925795637	0.07104159072492017	0.10203465920326353	0.06596087387669557	0.07804674817549351	0.11565112777277674	0.1008599116799846	0.235730898140802	0.2200332640169994	0.36706506801491734	0.06201370326888325	0.06706293340760708	0.07256022002699238	0.10157464156891033	0.09182099877285335	0.06815269930964529	0.7199285383279773	0.10615261352017846	0.06608531607377276	0.08487190207866846	0.3981079099346173	0.3150878497005384	0.07572053658652395	0.46738244144197927	0.07917669493389677
fr	1.0	0.15306117540544578	1.0	0.6532002319725722	0.10596251467178104	0.05396986872808537	0.11616130735978354	0.06922045525001856	0.05841824129855235	1.0	0.1148010723215243	0.11151731629114507	0.0717022169785923	0.09170465491969364	0.06935648870828139	0.0824285331855572	0.10683398935468624	0.10265677224542814	0.18768139575221285	0.24993814549706456	0.5355805702486163	0.06501425344977257	0.07072156089799987	0.06808776027414379	0.0962102404367226	0.08877892993262135	0.0662090016335715	0.5665446450931801	0.09934771950041454	0.06428901020076515	0.074807231082344	0.2983169155936897	0.3766056956659345	0.07411387685301685	0.3145801125378535	0.08463147648611818
he	1.0	0.21559819905549416	1.0	1.0	0.14678973264593093	0.16518120080903093	0.5330186143720126	0.1342819246624359	0.14003598843412837	0.1148010723215243	1.0	0.5709880556583432	0.12856842896703266	0.15474653140761702	0.13904862492400724	0.47988806543533696	0.5320286462024125	0.18418712323162972	0.6967033415961651	0.7002769331337122	1.0	0.13713670738759995	0.12964147780328442	0.1783206724075847	0.14325947276767004	0.42965343661044497	0.14437870653300297	1.0	0.16561467195150922	0.12770163344697022	0.15013057713735858	1.0	0.7455134344225701	0.13104121393768117	0.5515846304549782	0.461786636358842
hi	1.0	0.22584392080185905	1.0	1.0	0.169406945704396	0.15566849782867176	1.0	0.14345490358837765	0.15385240925795637	0.11151731629114507	0.5709880556583432	1.0	0.1377845383587	0.16413280121594398	0.12766139504992272	1.0	1.0	0.2157095174275549	1.0	1.0	1.0	0.14018412993291132	0.12852930884452254	0.16716098229135515	0.16380112890371043	0.6915622893805501	0.1375350101531238	1.0	0.15135879944429503	0.14342553482915038	0.1618288777295103	1.0	0.7455134344225701	0.12973838447362784	0.6383829424521855	1.0
hu	1.0	0.1382726165836896	1.0	0.5218408689234296	0.11162645217751763	0.06922264900153097	0.12700843242770227	0.08046052145011089	0.07104159072492017	0.0717022169785923	0.12856842896703266	0.1377845383587	1.0	0.09447716690245775	0.07572085353786785	0.09458664202490887	0.11064610434212496	0.11165418920885045	0.16775788586274804	0.2644760095338688	0.516297347964984	0.07310078200050242	0.07782645261190829	0.07775971503668695	0.09228791932496777	0.10058221189456631	0.07263434095804155	0.3791693388991184	0.09550705004569965	0.07342402890513315	0.0800244088119564	0.3313900955073615	0.7510341748895938	0.0835427190813301	0.39546473444263364	0.0970013662937757
id	1.0	0.15049488655980395	1.0	0.42890679445200397	0.11728408481124625	0.10597841101941333	0.16189247237672486	0.11163935487285075	0.10203465920326353	0.09170465491969364	0.15474653140761702	0.16413280121594398	0.09447716690245775	1.0	0.10232817281972645	0.1568860606231992	0.15930416973142664	0.12856841271459327	0.15082783359382912	0.1749906920580218	0.3115358120443768	0.09556425576728061	0.09832853027371571	0.11772273542008384	0.1121302317462357	0.1594517035873328	0.09941132832537967	0.4102049271518543	0.11630185780559053	0.09918987643894774	0.11267847428248792	0.2962636608823794	0.4240028426681199	0.09553305082501083	0.26927399729555607	0.15692287967227508
it	1.0	0.12410788033264229	0.7863954451402115	0.5505638267984209	0.10016857784137988	0.06248402430866987	0.12253196472032214	0.08444600108273198	0.06596087387669557	0.06935648870828139	0.13904862492400724	0.12766139504992272	0.07572085353786785	0.10232817281972645	1.0	0.11101742047089118	0.12042831494321947	0.10396204723711987	0.12778274519660168	0.22011248725863247	0.38655443346234614	0.07263922482504859	0.08473894408944493	0.07588719890125127	0.09276883391730785	0.11850182023297519	0.07549308419329014	0.5790144658109286	0.09778418899879988	0.07361644288231464	0.08828844549189163	0.30863234244064114	0.32216376941984926	0.08074943106640252	0.3104036090773167	0.11331443285863861
ja	1.0	0.22037375621319683	1.0	1.0	0.13753093153923676	0.07162323182558424	1.0	0.1216952481487367	0.07804674817549351	0.0824285331855572	0.47988806543533696	1.0	0.09458664202490887	0.1568860606231992	0.11101742047089118	1.0	1.0	0.1527428101615878	1.0	1.0	1.0	0.08400750559956592	0.11089432290610264	0.08995151430492779	0.12275757593050673	0.522271052159193	0.09038745596684436	1.0	0.13900516648689598	0.08880194645659255	0.11110999462250788	1.0	0.49343012013425164	0.1049076649392094	0.5917196795904757	0.6829196033032395
ko	1.0	0.21682806146565026	1.0	1.0	0.14172611739688623	0.13016972444996638	1.0	0.14390512087848786	0.11565112777277674	0.10683398935468624	0.5320286462024125	1.0	0.11064610434212496	0.15930416973142664	0.12042831494321947	1.0	1.0	0.1636823748932007	1.0	1.0	1.0	0.10831929029122402	0.11459600786520074	0.1436837944422795	0.13599262707746843	0.6110127792096902	0.11932848129080979	1.0	0.15119078090793392	0.10409901742415795	0.12900840587471693	1.0	0.5602241835688646	0.11604503080815044	0.5917196795904757	1.0
lv	1.0	0.1639511519118099	1.0	0.6030419283415577	0.13322355540506156	0.1285411382151895	0.19585988907088897	0.11638369677091243	0.1008599116799846	0.10265677224542814	0.18418712323162972	0.2157095174275549	0.11165418920885045	0.12856841271459327	0.10396204723711987	0.1527428101615878	0.1636823748932007	1.0	0.26547668784800416	0.31305383332141334	0.6067636116293127	0.10643339523283625	0.10062767576634267	0.13708472811278424	0.12198649498729228	0.16449650062787757	0.11582100516435943	0.3919270001679822	0.1324326516554524	0.10968905910895459	0.11784385215349412	0.3429631262864853	0.47978340244123824	0.10798993042736298	0.32970468468002695	0.15333991899056615
mk	1.0	0.23137869189024626	1.0	1.0	0.1987898254329929	0.24373308215964154	1.0	0.15903995327131523	0.235730898140802	0.18768139575221285	0.6967033415961651	1.0	0.16775788586274804	0.15082783359382912	0.12778274519660168	1.0	1.0	0.26547668784800416	1.0	1.0	1.0	0.18316708561820721	0.16753042979804494	0.24772369960411111	0.20347815399551208	1.0	0.18674282039540463	1.0	0.2125300631400367	0.15497374896674526	0.1957426845404597	1.0	0.5982311734420861	0.16427943115619442	0.6406217872018795	1.0
ml	1.0	0.21008752144059617	1.0	1.0	0.20129759064232333	0.3259541096430225	1.0	0.1912710128448335	0.2200332640169994	0.24993814549706456	0.7002769331337122	1.0	0.2644760095338688	0.1749906920580218	0.22011248725863247	1.0	1.0	0.31305383332141334	1.0	1.0	1.0	0.21183655945058358	0.20624721625061887	0.3776989162649599	0.2471318330820664	1.0	0.2469954747093296	1.0	0.21323611585320926	0.18053477361168876	0.2868197984925078	1.0	0.6128508099341461	0.23920130430873174	0.6442100898340133	1.0
mr	1.0	0.2772073423336503	1.0	1.0	0.30214818294444146	0.7134542832283587	1.0	0.36437515180137403	0.36706506801491734	0.5355805702486163	1.0	1.0	0.516297347964984	0.3115358120443768	0.38655443346234614	1.0	1.0	0.6067636116293127	1.0	1.0	1.0	0.712832939768322	0.4064004726323491	1.0	0.5811553318769718	1.0	0.5242369525965348	1.0	0.49842178678069327	0.42672342015910425	0.5483171677738146	1.0	1.0	0.4715361668525841	1.0	1.0
nl	1.0	0.12975086483858378	1.0	0.5883146765915751	0.10909189738416673	0.059129714702452804	0.1201892223512105	0.07185934772271775	0.06201370326888325	0.06501425344977257	0.13713670738759995	0.14018412993291132	0.07310078200050242	0.09556425576728061	0.07263922482504859	0.08400750559956592	0.10831929029122402	0.10643339523283625	0.18316708561820721	0.21183655945058358	0.712832939768322	1.0	0.07673590622978199	0.07238297973661587	0.09204195394381644	0.09416134309200551	0.06818683790090971	0.325987669052534	0.10018016567025415	0.06650112627075919	0.07966151963434348	0.28995107420837823	0.41971005227448405	0.07758886988942526	0.3488066148879913	0.08786687675433004
pl	1.0	0.15174545590686772	0.7863954451402115	0.5505638267984209	0.11181439845944562	0.06600294928163937	0.1188144847980187	0.08700730452017161	0.06706293340760708	0.07072156089799987	0.12964147780328442	0.12852930884452254	0.07782645261190829	0.09832853027371571	0.08473894408944493	0.11089432290610264	0.11459600786520074	0.10062767576634267	0.16753042979804494	0.20624721625061887	0.4064004726323491	0.07673590622978199	1.0	0.07737501514483315	0.09499926568565231	0.11528424557771573	0.07686647654853061	0.6073702174526664	0.10135893704805564	0.07701574351787384	0.08878518121258114	0.3100213500842614	0.4442260731983875	0.08204357486058812	0.3324501806890538	0.11168050708824795
pt	1.0	0.1731993766200149	1.0	0.6167131210802119	0.1148996003818848	0.06831023812053703	0.19320718300176185	0.07424825135907112	0.07256022002699238	0.06808776027414379	0.1783206724075847	0.16716098229135515	0.07775971503668695	0.11772273542008384	0.07588719890125127	0.08995151430492779	0.1436837944422795	0.13708472811278424	0.24772369960411111	0.3776989162649599	1.0	0.07238297973661587	0.07737501514483315	1.0	0.0872174243072652	0.07911900671251874	0.06074155711187973	1.0	0.14040367421652705	0.0593262023991686	0.07373094628450828	0.3413371505790937	0.4897870224786274	0.09187200360870605	0.5310973822009024	0.09585343543408434
ro	1.0	0.1450895223379891	1.0	0.5607371342276143	0.11710559963137387	0.10022871280630849	0.14761322075705843	0.09930495838951679	0.10157464156891033	0.0962102404367226	0.14325947276767004	0.16380112890371043	0.09228791932496777	0.1121302317462357	0.09276883391730785	0.12275757593050673	0.13599262707746843	0.12198649498729228	0.20347815399551208	0.2471318330820664	0.5811553318769718	0.09204195394381644	0.09499926568565231	0.0872174243072652	1.0	0.12306427494352165	0.08310747446594119	0.47555290542853434	0.12819679674072668	0.08022173110515766	0.0914180260881282	0.2056334531168571	0.5593450769090978	0.09622939645036058	0.3125663983425071	0.13020125665957497
ru	1.0	0.21360806560699122	1.0	1.0	0.1315545257627668	0.09156329272310769	1.0	0.1346032811629758	0.09182099877285335	0.08877892993262135	0.42965343661044497	0.6915622893805501	0.10058221189456631	0.1594517035873328	0.11850182023297519	0.522271052159193	0.6110127792096902	0.16449650062787757	1.0	1.0	1.0	0.09416134309200551	0.11528424557771573	0.07911900671251874	0.12306427494352165	1.0	0.08705632134027252	1.0	0.1598835436060315	0.0825974323118233	0.09683940440343225	1.0	0.5081153644584258	0.10680437904273704	0.5932464233149596	0.5577132120361422
sh	1.0	0.13401721103162764	1.0	0.4828388506550369	0.09624949494027736	0.06021839873651619	0.13024411888817936	0.0742387663875758	0.06815269930964529	0.0662090016335715	0.14437870653300297	0.1375350101531238	0.07263434095804155	0.09941132832537967	0.07549308419329014	0.09038745596684436	0.11932848129080979	0.11582100516435943	0.18674282039540463	0.2469954747093296	0.5242369525965348	0.06818683790090971	0.07686647654853061	0.06074155711187973	0.08310747446594119	0.08705632134027252	1.0	0.549501846951339	0.11955688495907055	0.059572246216401704	0.07180033571772394	0.27923444546952003	0.38358365323823024	0.079795957975402	0.38562482198050374	0.09195241111867446
si	1.0	0.4304125437933104	1.0	1.0	0.6549329476340924	0.7199285383279773	1.0	0.49926731910886857	0.7199285383279773	0.5665446450931801	1.0	1.0	0.3791693388991184	0.4102049271518543	0.5790144658109286	1.0	1.0	0.3919270001679822	1.0	1.0	1.0	0.325987669052534	0.6073702174526664	1.0	0.47555290542853434	1.0	0.549501846951339	1.0	1.0	0.535256047632424	0.7199285383279772	1.0	1.0	0.6549329476340925	0.7322034805959264	1.0
simple	1.0	0.16061761710745154	1.0	0.6549329476340925	0.13933147184085418	0.10613990654469124	0.17039252549226855	0.10183513591342225	0.10615261352017846	0.09934771950041454	0.16561467195150922	0.15135879944429503	0.09550705004569965	0.11630185780559053	0.09778418899879988	0.13900516648689598	0.15119078090793392	0.1324326516554524	0.2125300631400367	0.21323611585320926	0.49842178678069327	0.10018016567025415	0.10135893704805564	0.14040367421652705	0.12819679674072668	0.1598835436060315	0.11955688495907055	1.0	1.0	0.11046063683166069	0.12459098290737237	0.3447770490708785	0.46864129473958954	0.10349127242714166	0.40503830566794063	0.1306124862957591
sr	1.0	0.12753388900620483	1.0	1.0	0.09415688713018307	0.058514537006118646	0.12093896196798774	0.07109015232523175	0.06608531607377276	0.06428901020076515	0.12770163344697022	0.14342553482915038	0.07342402890513315	0.09918987643894774	0.07361644288231464	0.08880194645659255	0.10409901742415795	0.10968905910895459	0.15497374896674526	0.18053477361168876	0.42672342015910425	0.06650112627075919	0.07701574351787384	0.0593262023991686	0.08022173110515766	0.0825974323118233	0.059572246216401704	0.535256047632424	0.11046063683166069	1.0	0.06950539803549383	0.27181365151607634	0.5885841189083852	0.07813544005294405	0.3694507408343265	0.08973787535248716
sv	1.0	0.15248879158168974	1.0	0.5311328932873985	0.10456627210812074	0.084115226363767	0.1659275092438327	0.09002035737551498	0.08487190207866846	0.074807231082344	0.15013057713735858	0.1618288777295103	0.0800244088119564	0.11267847428248792	0.08828844549189163	0.11110999462250788	0.12900840587471693	0.11784385215349412	0.1957426845404597	0.2868197984925078	0.5483171677738146	0.07966151963434348	0.08878518121258114	0.07373094628450828	0.0914180260881282	0.09683940440343225	0.07180033571772394	0.7199285383279772	0.12459098290737237	0.06950539803549383	1.0	0.25574907749919	0.533827108595813	0.09268874544614583	0.42556609322338895	0.11576245733795058
te	1.0	0.31882799645976756	1.0	1.0	0.3746004888754071	0.47940202859853226	1.0	0.22274574075110729	0.3981079099346173	0.2983169155936897	1.0	1.0	0.3313900955073615	0.2962636608823794	0.30863234244064114	1.0	1.0	0.3429631262864853	1.0	1.0	1.0	0.28995107420837823	0.3100213500842614	0.3413371505790937	0.2056334531168571	1.0	0.27923444546952003	1.0	0.3447770490708785	0.27181365151607634	0.25574907749919	1.0	0.6242959540110129	0.3361114766874234	1.0	1.0
tr	1.0	0.30672128430050777	-1.0	1.0	0.30261168725061416	0.23299846704450317	0.7510341748895938	0.31842980666838894	0.3150878497005384	0.3766056956659345	0.7455134344225701	0.7455134344225701	0.7510341748895938	0.4240028426681199	0.32216376941984926	0.49343012013425164	0.5602241835688646	0.47978340244123824	0.5982311734420861	0.6128508099341461	1.0	0.41971005227448405	0.4442260731983875	0.4897870224786274	0.5593450769090978	0.5081153644584258	0.38358365323823024	1.0	0.46864129473958954	0.5885841189083852	0.533827108595813	0.6242959540110129	1.0	0.5634999709851488	1.0	0.48971009938641946
vi	1.0	0.1442016552632971	1.0	0.5945264701686551	0.12292743030127568	0.07492413735049006	0.12783952454626188	0.08584112370574362	0.07572053658652395	0.07411387685301685	0.13104121393768117	0.12973838447362784	0.0835427190813301	0.09553305082501083	0.08074943106640252	0.1049076649392094	0.11604503080815044	0.10798993042736298	0.16427943115619442	0.23920130430873174	0.4715361668525841	0.07758886988942526	0.08204357486058812	0.09187200360870605	0.09622939645036058	0.10680437904273704	0.079795957975402	0.6549329476340925	0.10349127242714166	0.07813544005294405	0.09268874544614583	0.3361114766874234	0.5634999709851488	1.0	0.37761491688822485	0.10296826350234944
war	1.0	0.23769972861264385	1.0	1.0	0.2676888927175698	0.44271984017431193	0.5932464233149596	0.25801464658070566	0.46738244144197927	0.3145801125378535	0.5515846304549782	0.6383829424521855	0.39546473444263364	0.26927399729555607	0.3104036090773167	0.5917196795904757	0.5917196795904757	0.32970468468002695	0.6406217872018795	0.6442100898340133	1.0	0.3488066148879913	0.3324501806890538	0.5310973822009024	0.3125663983425071	0.5932464233149596	0.38562482198050374	0.7322034805959264	0.40503830566794063	0.3694507408343265	0.42556609322338895	1.0	1.0	0.37761491688822485	1.0	0.5910055389828529
zh	1.0	0.2138922740887562	1.0	1.0	0.14138919609939093	0.07430016859282959	1.0	0.12463605656830062	0.07917669493389677	0.08463147648611818	0.461786636358842	1.0	0.0970013662937757	0.15692287967227508	0.11331443285863861	0.6829196033032395	1.0	0.15333991899056615	1.0	1.0	1.0	0.08786687675433004	0.11168050708824795	0.09585343543408434	0.13020125665957497	0.5577132120361422	0.09195241111867446	1.0	0.1306124862957591	0.08973787535248716	0.11576245733795058	1.0	0.48971009938641946	0.10296826350234944	0.5910055389828529	1.0
