arz	bs	ceb	ckb	da	de	el	en	es	fr	he	hi	hu	id	it	ja	ko	lv	mk	ml	mr	nl	pl	pt	ro	ru	sh	si	simple	sr	sv	te	vi	war	zh
arz	0.01725387396760375	0.03225806451612903	0.5	0.058823529411764705	0.02702702702702703	0.02	0.029411764705882353	0.0196078431372549	0.0196078431372549	0.020000399999999998	0.02127704843820733	0.027777777777777776	0.027777777777777776	0.025	0.02040816326530612	0.02040816326530612	0.02040816326530612	0.037037037037037035	0.03225806451612903	0.041666666666666664	0.05	0.02040816326530612	0.02040816326530612	0.020408579758433985	0.022727272727272728	0.02040816326530612	0.02564102564102564	0.05555555555555555	0.02564102564102564	0.021739130434782608	0.020833333333333332	0.047619047619047616	0.023810090702947845	0.07142857142857142	0.021739130434782608
bs	0.03225806451612903	0.004824180955139106	0.16666666666666666	0.019230769230769232	0.007575814967860423	0.0051813471502590676	0.007633820872909504	0.004926326797544226	0.005181427689333941	0.005154772026782868	0.006060679522497705	0.008196922870196183	0.008130213497256924	0.0064935486591330745	0.005347736566673339	0.005681850464876033	0.006211218702982138	0.010526537396121884	0.00961556952662722	0.011905328940051162	0.02173960302457467	0.005347622179644828	0.005319177229515618	0.005235739151887284	0.008264599412608428	0.0053193753112268	0.006451737773152965	0.02127659574468085	0.007353265625	0.006060679522497705	0.0055250144989469185	0.019231139053254437	0.006622691987193544	0.027777777777777776	0.005714514285714286
ceb	0.5	0.16666666666666666	0.125078140625	0.2	0.16666666666666666	0.125	0.14285714285714285	0.125	0.125	0.125	0.125	0.125	0.14285714285714285	0.125	0.14285714285714285	0.125	0.125	0.2	0.14285714285714285	0.14285714285714285	0.16666666666666666	0.14285714285714285	0.125	0.125	0.125	0.125	0.16666666666666666	0.16669444444444442	0.14285714285714285	0.125	0.14285714285714285	0.25	0.14285714285714285	0.16666666666666666	0.14285714285714285
ckb	0.058823529411764705	0.019230769230769232	0.2	0.009618713942770155	0.012987012987012988	0.01	0.013333511111111113	0.009708832123668583	0.009900990099009901	0.010101010101010102	0.010752688172043012	0.014705882352941176	0.014084705415592145	0.011494252873563218	0.01	0.010526426592797785	0.010869565217391304	0.014925373134328358	0.015873015873015872	0.017543859649122806	0.029411764705882353	0.010416666666666666	0.010309278350515464	0.01	0.012987012987012988	0.01020408163265306	0.013513513513513514	0.02702702702702703	0.012345679012345678	0.012195121951219513	0.010869565217391304	0.02631578947368421	0.011494252873563218	0.034482758620689655	0.010869565217391304
da	0.02702702702702703	0.007575814967860423	0.16666666666666666	0.012987012987012988	0.002000460175610395	0.002232162786989796	0.00444450372345679	0.0020790712393186405	0.002207520138005643	0.002188212536330076	0.002638529389241233	0.0048543689320388345	0.00392163014225298	0.0033444816053511705	0.002262504862717798	0.0024510524798154556	0.0027548664784585145	0.0059171947760932745	0.00588242214532872	0.0072464818315479945	0.014492963663095989	0.0023148148148148147	0.002352957785467128	0.0022222617283950614	0.003968269715293525	0.0023697187843938813	0.004273577324859376	0.01639344262295082	0.0035088704216682054	0.003257328990228013	0.002415540625218791	0.013333333333333334	0.0034246927190842566	0.023809523809523808	0.00256421434583169
de	0.02	0.0051813471502590676	0.125	0.01	0.002232162786989796	0.00036268975669283905	0.002512575440014141	0.00040670014078797987	0.0005543314069252362	0.0005488679045957382	0.0011441857055333586	0.0028653459331204174	0.0023866576289722657	0.0015873116654069033	0.0005797410651543789	0.0008741732496095464	0.0012820726495726493	0.004405286343612335	0.0038168230289610163	0.004807715421597633	0.010989131747373506	0.000762204997955086	0.0005787124117208933	0.0006561998406080142	0.0023256030286641425	0.0007102681314767879	0.002457044715029973	0.011904903628117915	0.002036680617717696	0.0014285938775510203	0.0009425390491960261	0.008403361344537815	0.001592376972696661	0.022222222222222223	0.0010953658365414256
el	0.029411764705882353	0.007633820872909504	0.14285714285714285	0.013333511111111113	0.00444450372345679	0.002512575440014141	0.0022434049943441826	0.002288486628719844	0.0024570386781688986	0.0024876240748991363	0.0030303489439853074	0.004762131519274377	0.004629758230452675	0.0035211515572307083	0.002590848083170018	0.0027028707158509857	0.0030769988165680476	0.005952416383219955	0.005682011912448346	0.007874201748403496	0.014084705415592145	0.0027027392330241126	0.0025974430764041153	0.002518986866238609	0.004098411045417898	0.0026811232956464853	0.004587303257301574	0.015873015873015872	0.003876044107926206	0.0035336563073580635	0.0028092254844716575	0.012345679012345678	0.0035715561224489794	0.023255813953488372	0.002898786011342154
en	0.0196078431372549	0.004926326797544226	0.125	0.009708832123668583	0.0020790712393186405	0.00040670014078797987	0.002288486628719844	0.00021375656869509409	0.0004394005178588529	0.0004339373724051752	0.0009940911232406747	0.0025446717168774156	0.002242253011321362	0.0014124712766127225	0.0004573768278763695	0.0007311683883577419	0.0011287700930972889	0.004115395688326644	0.003533818664236037	0.0043860995690981845	0.010526980720221606	0.0006592305451423087	0.00047850232503834575	0.0005212402792578323	0.002178710942135266	0.0005629201138064754	0.0022076322188597968	0.011364023760330577	0.0017699960873991689	0.0012438646351575445	0.0008238786385693814	0.008000064	0.001353262381415473	0.022222222222222223	0.0008875532233497612
es	0.0196078431372549	0.005181427689333941	0.125	0.009900990099009901	0.002207520138005643	0.0005543314069252362	0.0024570386781688986	0.0004394005178588529	0.0004245209038046716	0.0005714445717551018	0.0011160876215720662	0.002754866478458515	0.0023529688581314877	0.0015408415459602423	0.000586535720883033	0.0008665849197576655	0.0012376482697774723	0.004219427086115117	0.003676538170415225	0.00454551652892562	0.010752803792345937	0.0007734011863511596	0.0006222845059089258	0.0006250328152351562	0.0023201963813717624	0.000719465352725531	0.00236969070775589	0.011628042184964847	0.0019685388120776236	0.0013831354296394496	0.0009354843226186398	0.008333402777777778	0.0014992818433362024	0.022222222222222223	0.0010384884582081127
fr	0.020000399999999998	0.005154772026782868	0.125	0.010101010101010102	0.002188212536330076	0.0005488679045957382	0.0024876240748991363	0.0004339373724051752	0.0005714445717551018	0.0003977549674651767	0.0011325515686382644	0.0028169648879190633	0.0023810204195011332	0.001577304481087482	0.000602129974364615	0.0008795933442092119	0.0012500515640624993	0.004273613850536927	0.0036767003946799313	0.004629693930041152	0.01086991965973535	0.0007716269683070412	0.0006357489242538075	0.0006584110678840449	0.0022883923673528163	0.000743067367075745	0.0024096966236028445	0.011764982698961937	0.0019380408328826392	0.0014430430880647326	0.0009329245899707955	0.00847457627118644	0.001526778164442631	0.022222222222222223	0.0010777499581994083
he	0.02127704843820733	0.006060679522497705	0.125	0.010752688172043012	0.002638529389241233	0.0011441857055333586	0.0030303489439853074	0.0009940911232406747	0.0011160876215720662	0.0011325515686382644	0.0009842723174873142	0.003378435445580716	0.002949896015523708	0.002114187253328804	0.00116016279520459	0.001388960264274691	0.0016750783509956253	0.004807738535502959	0.0042554277953825255	0.005649749433432283	0.011764705882352941	0.0012886896887288764	0.0012048381492233994	0.0011534517626305555	0.0028248826965431386	0.0012854296545092873	0.0029070443482963762	0.012500624999999998	0.0023585684407262364	0.0019455744977213885	0.0013889351851851849	0.009259259259259259	0.0020080603538652603	0.023809523809523808	0.0015315155238280608
hi	0.027777777777777776	0.008196922870196183	0.125	0.014705882352941176	0.0048543689320388345	0.0028653459331204174	0.004762131519274377	0.0025446717168774156	0.002754866478458515	0.0028169648879190633	0.003378435445580716	0.002529301576390279	0.0050761678991986395	0.003623201533291325	0.002949948225302599	0.0030304499540863175	0.0033445263475800047	0.006578990650969529	0.006451737773152965	0.006802859919477994	0.012987350312025636	0.0030395321550983454	0.0030120481927710845	0.0028013009360764065	0.004629693930041152	0.003021266700742053	0.005025251887578596	0.014492753623188406	0.0041153618181510275	0.0038610485830563057	0.0031747140337616527	0.010869565217391304	0.0035843321642836036	0.024390243902439025	0.0031747543461829175
hu	0.027777777777777776	0.008130213497256924	0.14285714285714285	0.014084705415592145	0.00392163014225298	0.0023866576289722657	0.004629758230452675	0.002242253011321362	0.0023529688581314877	0.0023810204195011332	0.002949896015523708	0.0050761678991986395	0.002192987715814976	0.003521139158897044	0.0024876426326081035	0.0027934287553447144	0.003125078125	0.00636958907059114	0.006097821237358715	0.00775199807703864	0.014084903788930767	0.0025510594543940025	0.002445017664887226	0.00239819655067313	0.00416671875	0.002531773767024515	0.004566272617334918	0.016393980112872884	0.003984127236075618	0.003401395251978342	0.002793420937236665	0.011627906976744186	0.003546137015240682	0.024390243902439025	0.002890332127702229
id	0.025	0.0064935486591330745	0.125	0.011494252873563218	0.0033444816053511705	0.0015873116654069033	0.0035211515572307083	0.0014124712766127225	0.0015408415459602423	0.001577304481087482	0.002114187253328804	0.003623201533291325	0.003521139158897044	0.0013740848444905572	0.0016103448570043116	0.0018904234976325838	0.0022271962936691782	0.0053475935828877	0.004975198633697185	0.005848021613487911	0.012048483088982435	0.0017301187725242753	0.0016978072817730838	0.001569903072930657	0.0033557272194946175	0.001692124681846421	0.0033784126186997814	0.013157894736842105	0.0030211845455956044	0.0024154822749655764	0.0018797487138899878	0.009900990099009901	0.002403880824704142	0.023255813953488372	0.0020705134018320624
it	0.02040816326530612	0.005347736566673339	0.14285714285714285	0.01	0.002262504862717798	0.0005797410651543789	0.002590848083170018	0.0004573768278763695	0.000586535720883033	0.000602129974364615	0.00116016279520459	0.002949948225302599	0.0024876426326081035	0.0016103448570043116	0.0004421842115290091	0.0009125544656431483	0.0013004594570828977	0.004347882797731569	0.0038023681128829387	0.0046949018051973814	0.01149451710926146	0.0007943133505480157	0.0006574959136628073	0.0006515948481206155	0.002409702429960807	0.0007560081898963003	0.0024511185601691654	0.012658227848101266	0.002032607079119571	0.0014556718809943042	0.0009824456695058698	0.008695803402646503	0.0016078049311938456	0.022727272727272728	0.001084824614996876
ja	0.02040816326530612	0.005681850464876033	0.125	0.010526426592797785	0.0024510524798154556	0.0008741732496095464	0.0027028707158509857	0.0007311683883577419	0.0008665849197576655	0.0008795933442092119	0.001388960264274691	0.0030304499540863175	0.0027934287553447144	0.0018904234976325838	0.0009125544656431483	0.000719212764389922	0.0014307154610817413	0.00462971536351166	0.0040819992169929195	0.004975198633697185	0.010869801512287334	0.0010787952018377124	0.0009506019676444645	0.0009243835729036045	0.0027027903652300945	0.0010440560296590398	0.002747426344946262	0.011905187074829932	0.002150653259336339	0.0017731376722750361	0.0011864225728904134	0.008772006771314251	0.0018084032909430395	0.022222222222222223	0.001280713083302047
ko	0.02040816326530612	0.006211218702982138	0.125	0.010869565217391304	0.0027548664784585145	0.0012820726495726493	0.0030769988165680476	0.0011287700930972889	0.0012376482697774723	0.0012500515640624993	0.0016750783509956253	0.0033445263475800047	0.003125078125	0.0022271962936691782	0.0013004594570828977	0.0014307154610817413	0.00112560942126938	0.005076219433636528	0.004651335878853434	0.0054945960632773825	0.011363894628099173	0.0014326893888391718	0.0013736584538401155	0.0012788672317030887	0.0028902235290186777	0.0013851643403595731	0.002976243631306689	0.012500468749999999	0.0023867145949271187	0.002040849645980841	0.0015314615803137359	0.009708737864077669	0.0020576724457696195	0.022727789256198346	0.0016209478393124043
lv	0.037037037037037035	0.010526537396121884	0.2	0.014925373134328358	0.0059171947760932745	0.004405286343612335	0.005952416383219955	0.004115395688326644	0.004219427086115117	0.004273613850536927	0.004807738535502959	0.006578990650969529	0.00636958907059114	0.0053475935828877	0.004347882797731569	0.00462971536351166	0.005076219433636528	0.0041239320253422295	0.007692544378698225	0.008849557522123894	0.015873015873015872	0.004464285714285714	0.004366831296123262	0.0042919191733131945	0.005848055812044731	0.004504646558720883	0.0065360331496433	0.017543859649122806	0.005882387543252595	0.005347650776401956	0.0046949018051973814	0.015625	0.00510204081632653	0.025	0.004830964549931154
mk	0.03225806451612903	0.00961556952662722	0.14285714285714285	0.015873015873015872	0.00588242214532872	0.0038168230289610163	0.005682011912448346	0.003533818664236037	0.003676538170415225	0.0036767003946799313	0.0042554277953825255	0.006451737773152965	0.006097821237358715	0.004975198633697185	0.0038023681128829387	0.0040819992169929195	0.004651335878853434	0.007692544378698225	0.0034768091879745977	0.009709114902441323	0.01851920438957476	0.003984158981603467	0.00393706988963978	0.0037038957613168715	0.005347707969916211	0.003937224874449749	0.006060642791551883	0.018518861454046638	0.005376488611400162	0.004784757674961654	0.004000224016	0.016949439816144784	0.004761995464852608	0.02631578947368421	0.0042197653688155565
ml	0.041666666666666664	0.011905328940051162	0.14285714285714285	0.017543859649122806	0.0072464818315479945	0.004807715421597633	0.007874201748403496	0.0043860995690981845	0.00454551652892562	0.004629693930041152	0.005649749433432283	0.006802859919477994	0.00775199807703864	0.005848021613487911	0.0046949018051973814	0.004975198633697185	0.0054945960632773825	0.008849557522123894	0.009709114902441323	0.004361841318367871	0.016666666666666666	0.004975198633697185	0.004950544064307421	0.004695056095571866	0.006711589568037475	0.004926229731369361	0.007299483190367094	0.01818214876033058	0.006451696149843913	0.006289308176100629	0.005263296398891967	0.014084507042253521	0.005813987290427258	0.024390243902439025	0.005319403576278859
mr	0.05	0.02173960302457467	0.16666666666666666	0.029411764705882353	0.014492963663095989	0.010989131747373506	0.014084705415592145	0.010526980720221606	0.010752803792345937	0.01086991965973535	0.011764705882352941	0.012987350312025636	0.014084903788930767	0.012048483088982435	0.01149451710926146	0.010869801512287334	0.011363894628099173	0.015873015873015872	0.01851920438957476	0.016666666666666666	0.010561562413536948	0.011363765495867768	0.011363894628099173	0.011111728395061728	0.013513878743608472	0.011494913462808825	0.014925595901091559	0.029411764705882353	0.012048337930033388	0.012820677186061802	0.011494781344959702	0.02040816326530612	0.0112360813028658	0.03225806451612903	0.010989614901581934
nl	0.02040816326530612	0.005347622179644828	0.14285714285714285	0.010416666666666666	0.0023148148148148147	0.000762204997955086	0.0027027392330241126	0.0006592305451423087	0.0007734011863511596	0.0007716269683070412	0.0012886896887288764	0.0030395321550983454	0.0025510594543940025	0.0017301187725242753	0.0007943133505480157	0.0010787952018377124	0.0014326893888391718	0.004464285714285714	0.003984158981603467	0.004975198633697185	0.011363765495867768	0.0006350509273737381	0.0008474640907785118	0.0008467787692665626	0.002557577462209169	0.0009225645450089182	0.0025840060359620482	0.012345679012345678	0.0021367703995909125	0.0016077377198333346	0.0010764668190734847	0.008695652173913044	0.0017482700865567994	0.022222222222222223	0.001253194080125124
pl	0.02040816326530612	0.005319177229515618	0.125	0.010309278350515464	0.002352957785467128	0.0005787124117208933	0.0025974430764041153	0.00047850232503834575	0.0006222845059089258	0.0006357489242538075	0.0012048381492233994	0.0030120481927710845	0.002445017664887226	0.0016978072817730838	0.0006574959136628073	0.0009506019676444645	0.0013736584538401155	0.004366831296123262	0.00393706988963978	0.004950544064307421	0.011363894628099173	0.0008474640907785118	0.00045050569561295897	0.0007230992597332859	0.0024752597784530924	0.0007943278633710195	0.0025000750062499997	0.012195121951219513	0.002118657533754668	0.0014903218498537448	0.001041703561197916	0.008771929824561403	0.0016778692401243182	0.022727272727272728	0.0011481807692966758
pt	0.020408579758433985	0.005235739151887284	0.125	0.01	0.0022222617283950614	0.0006561998406080142	0.002518986866238609	0.0005212402792578323	0.0006250328152351562	0.0006584110678840449	0.0011534517626305555	0.0028013009360764065	0.00239819655067313	0.001569903072930657	0.0006515948481206155	0.0009243835729036045	0.0012788672317030887	0.0042919191733131945	0.0037038957613168715	0.004695056095571866	0.011111728395061728	0.0008467787692665626	0.0007230992597332859	0.0005126491650800555	0.0022831832165717976	0.0007881953586866547	0.0023810544217687073	0.011765121107266433	0.0019570467331237237	0.0014663229590388797	0.0009873256968423317	0.008474648089629418	0.0015361832558205377	0.022727272727272728	0.0010931530401122763
ro	0.022727272727272728	0.008264599412608428	0.125	0.012987012987012988	0.003968269715293525	0.0023256030286641425	0.004098411045417898	0.002178710942135266	0.0023201963813717624	0.0022883923673528163	0.0028248826965431386	0.004629693930041152	0.00416671875	0.0033557272194946175	0.002409702429960807	0.0027027903652300945	0.0028902235290186777	0.005848055812044731	0.005347707969916211	0.006711589568037475	0.013513878743608472	0.002557577462209169	0.0024752597784530924	0.0022831832165717976	0.0021199060213146063	0.002433172909229758	0.004329079290118252	0.015384615384615385	0.0037175135777559733	0.003125009765625	0.0026738468357688236	0.012345831428135955	0.003300351817359954	0.023809523809523808	0.002816988700654632
ru	0.02040816326530612	0.0053193753112268	0.125	0.01020408163265306	0.0023697187843938813	0.0007102681314767879	0.0026811232956464853	0.0005629201138064754	0.000719465352725531	0.000743067367075745	0.0012854296545092873	0.003021266700742053	0.002531773767024515	0.001692124681846421	0.0007560081898963003	0.0010440560296590398	0.0013851643403595731	0.004504646558720883	0.003937224874449749	0.004926229731369361	0.011494913462808825	0.0009225645450089182	0.0007943278633710195	0.0007881953586866547	0.002433172909229758	0.0005316349403964136	0.00250008125625	0.011905045351473922	0.0021646895719720388	0.0015129417125773325	0.0011027291420788198	0.008547373876835416	0.0016893261561815196	0.022222222222222223	0.001239476826851178
sh	0.02564102564102564	0.006451737773152965	0.16666666666666666	0.013513513513513514	0.004273577324859376	0.002457044715029973	0.004587303257301574	0.0022076322188597968	0.00236969070775589	0.0024096966236028445	0.0029070443482963762	0.005025251887578596	0.004566272617334918	0.0033784126186997814	0.0024511185601691654	0.002747426344946262	0.002976243631306689	0.0065360331496433	0.006060642791551883	0.007299483190367094	0.014925595901091559	0.0025840060359620482	0.0025000750062499997	0.0023810544217687073	0.004329079290118252	0.00250008125625	0.0021422864388488685	0.014925595901091559	0.0038168667327078843	0.002415534784942472	0.002710107886986729	0.012048192771084338	0.003484381259940026	0.023809523809523808	0.002907111952406706
si	0.05555555555555555	0.02127659574468085	0.16669444444444442	0.02702702702702703	0.01639344262295082	0.011904903628117915	0.015873015873015872	0.011364023760330577	0.011628042184964847	0.011764982698961937	0.012500624999999998	0.014492753623188406	0.016393980112872884	0.013157894736842105	0.012658227848101266	0.011905187074829932	0.012500468749999999	0.017543859649122806	0.018518861454046638	0.01818214876033058	0.029411764705882353	0.012345679012345678	0.012195121951219513	0.011765121107266433	0.015384615384615385	0.011905045351473922	0.014925595901091559	0.011386923378127498	0.013333688888888888	0.013157894736842105	0.012500468749999999	0.027777777777777776	0.01282084155161078	0.03571428571428571	0.011764982698961937
simple	0.02564102564102564	0.007353265625	0.14285714285714285	0.012345679012345678	0.0035088704216682054	0.002036680617717696	0.003876044107926206	0.0017699960873991689	0.0019685388120776236	0.0019380408328826392	0.0023585684407262364	0.0041153618181510275	0.003984127236075618	0.0030211845455956044	0.002032607079119571	0.002150653259336339	0.0023867145949271187	0.005882387543252595	0.005376488611400162	0.006451696149843913	0.012048337930033388	0.0021367703995909125	0.002118657533754668	0.0019570467331237237	0.0037175135777559733	0.0021646895719720388	0.0038168667327078843	0.013333688888888888	0.0017571695552722729	0.0029674030765437748	0.002242237929578314	0.01098901098901099	0.002809028216134326	0.023255813953488372	0.002267779392331384
sr	0.021739130434782608	0.006060679522497705	0.125	0.012195121951219513	0.003257328990228013	0.0014285938775510203	0.0035336563073580635	0.0012438646351575445	0.0013831354296394496	0.0014430430880647326	0.0019455744977213885	0.0038610485830563057	0.003401395251978342	0.0024154822749655764	0.0014556718809943042	0.0017731376722750361	0.002040849645980841	0.005347650776401956	0.004784757674961654	0.006289308176100629	0.012820677186061802	0.0016077377198333346	0.0014903218498537448	0.0014663229590388797	0.003125009765625	0.0015129417125773325	0.002415534784942472	0.013157894736842105	0.0029674030765437748	0.0012147291608885372	0.0017857908163265307	0.01020408163265306	0.002538096833208792	0.023255813953488372	0.0019121775131704496
sv	0.020833333333333332	0.0055250144989469185	0.14285714285714285	0.010869565217391304	0.002415540625218791	0.0009425390491960261	0.0028092254844716575	0.0008238786385693814	0.0009354843226186398	0.0009329245899707955	0.0013889351851851849	0.0031747140337616527	0.002793420937236665	0.0018797487138899878	0.0009824456695058698	0.0011864225728904134	0.0015314615803137359	0.0046949018051973814	0.004000224016	0.005263296398891967	0.011494781344959702	0.0010764668190734847	0.001041703561197916	0.0009873256968423317	0.0026738468357688236	0.0011027291420788198	0.002710107886986729	0.012500468749999999	0.002242237929578314	0.0017857908163265307	0.0008127801008865681	0.00925934499314129	0.0019194594847499083	0.022222222222222223	0.00140673290130974
te	0.047619047619047616	0.019231139053254437	0.25	0.02631578947368421	0.013333333333333334	0.008403361344537815	0.012345679012345678	0.008000064	0.008333402777777778	0.00847457627118644	0.009259259259259259	0.010869565217391304	0.011627906976744186	0.009900990099009901	0.008695803402646503	0.008772006771314251	0.009708737864077669	0.015625	0.016949439816144784	0.014084507042253521	0.02040816326530612	0.008695652173913044	0.008771929824561403	0.008474648089629418	0.012345831428135955	0.008547373876835416	0.012048192771084338	0.027777777777777776	0.01098901098901099	0.01020408163265306	0.00925934499314129	0.00800762298259892	0.009901284285854328	0.04	0.00884963583679223
vi	0.023810090702947845	0.006622691987193544	0.14285714285714285	0.011494252873563218	0.0034246927190842566	0.001592376972696661	0.0035715561224489794	0.001353262381415473	0.0014992818433362024	0.001526778164442631	0.0020080603538652603	0.0035843321642836036	0.003546137015240682	0.002403880824704142	0.0016078049311938456	0.0018084032909430395	0.0020576724457696195	0.00510204081632653	0.004761995464852608	0.005813987290427258	0.0112360813028658	0.0017482700865567994	0.0016778692401243182	0.0015361832558205377	0.003300351817359954	0.0016893261561815196	0.003484381259940026	0.01282084155161078	0.002809028216134326	0.002538096833208792	0.0019194594847499083	0.009901284285854328	0.0013527136772838505	0.022727272727272728	0.0018976772357225924
war	0.07142857142857142	0.027777777777777776	0.16666666666666666	0.034482758620689655	0.023809523809523808	0.022222222222222223	0.023255813953488372	0.022222222222222223	0.022222222222222223	0.022222222222222223	0.023809523809523808	0.024390243902439025	0.024390243902439025	0.023255813953488372	0.022727272727272728	0.022222222222222223	0.022727789256198346	0.025	0.02631578947368421	0.024390243902439025	0.03225806451612903	0.022222222222222223	0.022727272727272728	0.022727272727272728	0.023809523809523808	0.022222222222222223	0.023809523809523808	0.03571428571428571	0.023255813953488372	0.023255813953488372	0.022222222222222223	0.04	0.022727272727272728	0.022223703703703704	0.022222222222222223
zh	0.021739130434782608	0.005714514285714286	0.14285714285714285	0.010869565217391304	0.00256421434583169	0.0010953658365414256	0.002898786011342154	0.0008875532233497612	0.0010384884582081127	0.0010777499581994083	0.0015315155238280608	0.0031747543461829175	0.002890332127702229	0.0020705134018320624	0.001084824614996876	0.001280713083302047	0.0016209478393124043	0.004830964549931154	0.0042197653688155565	0.005319403576278859	0.010989614901581934	0.001253194080125124	0.0011481807692966758	0.0010931530401122763	0.002816988700654632	0.001239476826851178	0.002907111952406706	0.011764982698961937	0.002267779392331384	0.0019121775131704496	0.00140673290130974	0.00884963583679223	0.0018976772357225924	0.022222222222222223	0.0008976084783643905
