arz	bs	ceb	ckb	da	de	el	en	es	fr	he	hi	hu	id	it	ja	ko	lv	mk	ml	mr	nl	pl	pt	ro	ru	sh	si	simple	sr	sv	te	vi	war	zh
arz	1.0	0.3476289061448685	0.0	0.4364916731037085	0.24898860243170146	0.18181818181818182	0.15323569408656484	0.12718557373231607	0.2958163163244893	0.12430680790666719	0.1998913811264053	0.585786437626905	0.2834508389971603	0.1710830313140356	0.25355482027512377	0.252650308587072	0.14453125862193503	0.24227935644738877	0.4625414945524146	0.40453726661826384	0.2958163163244893	0.1942704972481534	0.24002294646713998	0.15838458091814736	0.1150999515752398	0.18305580283915487	0.44948974278317805	1.0	0.20942771453851886	0.3868594169883084	0.19636040545626823	0.0	0.240143945805639	1.0	0.18181818181818182
bs	0.3476289061448685	1.0	0.0	0.2497373861941435	0.09323088151158127	0.07505828040176898	0.09171167606464761	0.04577821560011426	0.021629055316201653	0.09769573512403054	0.10281397993383116	0.5	0.09322163444007482	0.09922290815913867	0.06653561888839434	0.06942720263099904	0.07912494018787149	0.11767593993918925	0.21060270022670255	0.3090169943749474	0.4631894527058474	0.08617349689738721	0.0623170847537321	0.04899161312612	0.08895614054047744	0.07329934753322222	0.15280905879145942	1.0	0.042606668977978865	0.10113123314266757	0.0868984145323149	0.0	0.054322909937068245	1.0	0.07060928337285595
ceb	0.0	0.0	1.0	0.0	1.0	1.0	1.0	1.0	1.0	1.0	1.0	1.0	1.0	1.0	1.0	1.0	1.0	1.0	1.0	0.0	1.0	1.0	1.0	1.0	1.0	1.0	1.0	0.0	1.0	1.0	1.0	0.0	1.0	0.0	1.0
ckb	0.4364916731037085	0.2497373861941435	0.0	1.0	0.5	0.5	0.44948974278317805	0.585786437626905	0.585786437626905	0.585786437626905	0.3240749299922019	1.0	0.5	0.3475158878581577	0.3326343745400332	0.5	0.32037724101704074	0.23427088316694192	0.49851311685382416	0.40453726661826384	0.2256567601358503	0.3380788308512194	0.5	0.585786437626905	0.19059330753951875	0.5	1.0	1.0	0.585786437626905	0.2989350844248255	0.3726822671238253	0.0	0.5	1.0	0.3475158878581577
da	0.24898860243170146	0.09323088151158127	1.0	0.5	1.0	0.05599774027905395	0.08564002903534153	0.04045119649698627	0.01182218540199118	0.05930862042178881	0.09855416681513722	0.5	0.08410609603252688	0.104758944883087	0.052909367277512276	0.07105489809736233	0.05900374017554429	0.10156356182324322	0.0856673449020821	0.4625414945524146	0.1680658713154811	0.05118153819957806	0.06063313823003506	0.047884985231756015	0.06874866642483503	0.08258007713932823	0.27831583742101224	0.3483314773547883	0.025119090395362472	0.09086776400126402	0.05739757748112274	0.0	0.058271942175272484	1.0	0.05805390856759166
de	0.18181818181818182	0.07505828040176898	1.0	0.5	0.05599774027905395	1.0	0.04741248862357032	0.018241400899405475	0.004527940365001075	0.019502201096617117	0.07694948349937922	0.585786437626905	0.04237048042263589	0.09037335351118861	0.019055461790667437	0.030958866186248615	0.042669123044734324	0.06887315860165184	0.06648662674809339	0.36602540378443865	0.14006262075690273	0.02163243220050251	0.027360222930111745	0.029845094534343808	0.028728148137658942	0.023686753180368097	0.2215192246878607	1.0	0.01599960144834875	0.06609649168790287	0.04752635144314846	0.0	0.05566477293488914	0.585786437626905	0.03259256053814677
el	0.15323569408656484	0.09171167606464761	1.0	0.44948974278317805	0.08564002903534153	0.04741248862357032	1.0	0.04428176974127514	0.008098378280523509	0.051292236392550025	0.06897076326502598	0.585786437626905	0.05571286041027024	0.10097075479705551	0.04598785686010929	0.05166741127934582	0.052986472441112493	0.11589676734462993	0.12360446130964498	0.3483314773547883	0.16240941005678985	0.047548146843147225	0.05022665031152157	0.05194207853475369	0.045642974580562656	0.04943213681826169	0.1998308771296851	1.0	0.021036377351752365	0.11336241573854483	0.05895220795195293	0.0	0.056824729675585016	1.0	0.05068068827497645
en	0.12718557373231607	0.04577821560011426	1.0	0.585786437626905	0.04045119649698627	0.018241400899405475	0.04428176974127514	1.0	0.003978104736950203	0.015388330264191192	0.07064875317245294	0.585786437626905	0.04137259387841001	0.05397731104389263	0.016789357820987724	0.02929471769019533	0.041030656047201165	0.04295433774724844	0.06589590455773302	0.4179436151143556	0.14487729748104128	0.022207877216924778	0.025428217004245163	0.024114432616319688	0.026172754925128505	0.02520285738931995	0.16162070026615277	0.44948974278317805	0.014770818183802433	0.04151105564252416	0.03484469298332123	0.0	0.05738993323280827	0.4142135623730951	0.02460631744152808
es	0.2958163163244893	0.021629055316201653	1.0	0.585786437626905	0.01182218540199118	0.004527940365001075	0.008098378280523509	0.003978104736950203	1.0	0.004624980089761455	0.011243087036878879	0.585786437626905	0.006143523292357547	0.01405785340618856	0.00437346546467164	0.005848247480325299	0.006746087012272425	0.025359230333267476	0.059689709499215614	0.3483314773547883	0.1550914208468615	0.004245758903700014	0.005003900032134463	0.00450843305315802	0.006201937215096363	0.004869691629888169	0.2402530733520421	1.0	0.05904465044958993	0.019412079610494175	0.008983562194849679	0.0	0.012624342275508384	1.0	0.004813667907553335
fr	0.12430680790666719	0.09769573512403054	1.0	0.585786437626905	0.05930862042178881	0.019502201096617117	0.051292236392550025	0.015388330264191192	0.004624980089761455	1.0	0.08146916062343665	1.0	0.029375411150682176	0.10096777509324312	0.017964323879394395	0.027606263803992073	0.03276792290779379	0.1252605709116343	0.1571192471313763	0.32235497041418404	0.17813755350109517	0.020933943799504515	0.024889339311576764	0.022406445390600594	0.026313836265294967	0.024387556309431194	0.13739514280297044	1.0	0.017801173036103044	0.08500354151257412	0.0602242167240294	0.0	0.06943481538779618	0.39564392373896007	0.025184719347077233
he	0.1998913811264053	0.10281397993383116	1.0	0.3240749299922019	0.09855416681513722	0.07694948349937922	0.06897076326502598	0.07064875317245294	0.011243087036878879	0.08146916062343665	1.0	0.5	0.09212128683639316	0.11085710966564542	0.073035159923079	0.07521416457398424	0.08142929761975422	0.11950676805689953	0.16164501141299084	0.351946909490326	0.2073075915932611	0.07839295502582867	0.07201504497477795	0.06324210373975139	0.06289503743909326	0.07037839536684408	0.18462067722600153	1.0	0.024960719387255415	0.12104947923263741	0.09058710839271791	0.0	0.09580866589227356	1.0	0.07738944537275592
hi	0.585786437626905	0.5	1.0	1.0	0.5	0.585786437626905	0.585786437626905	0.585786437626905	0.585786437626905	1.0	0.5	1.0	0.585786437626905	0.44948974278317805	0.585786437626905	0.585786437626905	0.585786437626905	0.3726822671238253	0.3726822671238253	1.0	1.0	0.585786437626905	0.585786437626905	0.585786437626905	0.40453726661826384	0.585786437626905	1.0	1.0	0.585786437626905	0.3653763043278784	0.5	0.0	0.585786437626905	1.0	0.5
hu	0.2834508389971603	0.09322163444007482	1.0	0.5	0.08410609603252688	0.04237048042263589	0.05571286041027024	0.04137259387841001	0.006143523292357547	0.029375411150682176	0.09212128683639316	0.585786437626905	1.0	0.10010007191246269	0.04046615970720467	0.049834395998796584	0.0536266500129819	0.1180558525131085	0.15052320942202893	0.36602540378443865	0.1459739932000954	0.044463667649110986	0.047604367309413836	0.0402986051190489	0.03768749976361506	0.04836717619021046	0.2211722256431405	1.0	0.021978110239967753	0.0877659326903245	0.05843630081922857	0.0	0.06978262134735028	1.0	0.049696907113439395
id	0.1710830313140356	0.09922290815913867	1.0	0.3475158878581577	0.104758944883087	0.09037335351118861	0.10097075479705551	0.05397731104389263	0.01405785340618856	0.10096777509324312	0.11085710966564542	0.44948974278317805	0.10010007191246269	1.0	0.08842212274808627	0.09355974279022596	0.08790912185877192	0.11989821032281428	0.2114334597289356	0.4074827789897859	0.17766140849902715	0.09145581985587084	0.09519411931100871	0.046137921595236935	0.07446373835418224	0.06142402839161123	0.171184132437174	0.585786437626905	0.030545705730394196	0.09843390049082332	0.0975041801809646	0.0	0.07105313358868437	1.0	0.08450728131172537
it	0.25355482027512377	0.06653561888839434	1.0	0.3326343745400332	0.052909367277512276	0.019055461790667437	0.04598785686010929	0.016789357820987724	0.00437346546467164	0.017964323879394395	0.073035159923079	0.585786437626905	0.04046615970720467	0.08842212274808627	1.0	0.030311057949421547	0.04172098113810062	0.06271795066877921	0.06371181859308594	0.33300151973035974	0.1617975413882493	0.021067134348966433	0.026168336470279108	0.022012360752565387	0.02825567501667912	0.025430831798372917	0.21130762051148863	0.2989350844248255	0.016124215707756583	0.05694002546415723	0.03740508997636693	0.0	0.07358103786531103	0.3090169943749474	0.031919131761150854
ja	0.252650308587072	0.06942720263099904	1.0	0.5	0.07105489809736233	0.030958866186248615	0.05166741127934582	0.02929471769019533	0.005848247480325299	0.027606263803992073	0.07521416457398424	0.585786437626905	0.049834395998796584	0.09355974279022596	0.030311057949421547	1.0	0.04504015166061218	0.08635894511455838	0.08567133622500905	0.3483314773547883	0.17949609023343646	0.03401732343614502	0.03305335032194227	0.03276652028694927	0.03572742418058969	0.031742664994247695	0.19158099973367235	1.0	0.018805536769485723	0.11976419889827064	0.06081573193339569	0.0	0.05238121981777046	1.0	0.034013920894317595
ko	0.14453125862193503	0.07912494018787149	1.0	0.32037724101704074	0.05900374017554429	0.042669123044734324	0.052986472441112493	0.041030656047201165	0.006746087012272425	0.03276792290779379	0.08142929761975422	0.585786437626905	0.0536266500129819	0.08790912185877192	0.04172098113810062	0.04504015166061218	1.0	0.09971303591516366	0.1265554740049306	0.33300151973035974	0.14761558589417934	0.04544814566606001	0.04648080155155459	0.04595047526188669	0.044132353809879295	0.0448264153358989	0.2460390035599644	1.0	0.018010371209398485	0.12251343809403485	0.05411900218381984	0.0	0.06481447479268773	1.0	0.04440045930921515
lv	0.24227935644738877	0.11767593993918925	1.0	0.23427088316694192	0.10156356182324322	0.06887315860165184	0.11589676734462993	0.04295433774724844	0.025359230333267476	0.1252605709116343	0.11950676805689953	0.3726822671238253	0.1180558525131085	0.11989821032281428	0.06271795066877921	0.08635894511455838	0.09971303591516366	1.0	0.2215994161462908	0.30660739616271576	0.47132113867108816	0.11302668897167806	0.08757738673218289	0.03223572120051015	0.10497777359452211	0.08481193924505863	0.15933219274737745	1.0	0.045466236047469744	0.13300223074398704	0.10239418940571432	0.0	0.06837257542680844	1.0	0.06615984094418505
mk	0.4625414945524146	0.21060270022670255	1.0	0.49851311685382416	0.0856673449020821	0.06648662674809339	0.12360446130964498	0.06589590455773302	0.059689709499215614	0.1571192471313763	0.16164501141299084	0.3726822671238253	0.15052320942202893	0.2114334597289356	0.06371181859308594	0.08567133622500905	0.1265554740049306	0.2215994161462908	1.0	0.353889367864523	0.20828928757225548	0.13031276275604348	0.08974759269455695	0.060590502388675034	0.27805322746635147	0.09361718332370558	0.4142135623730951	1.0	0.10396009274117567	0.20656243245421035	0.13209333427323286	0.0	0.13892100505654337	1.0	0.06081548157345273
ml	0.40453726661826384	0.3090169943749474	0.0	0.40453726661826384	0.4625414945524146	0.36602540378443865	0.3483314773547883	0.4179436151143556	0.3483314773547883	0.32235497041418404	0.351946909490326	1.0	0.36602540378443865	0.4074827789897859	0.33300151973035974	0.3483314773547883	0.33300151973035974	0.30660739616271576	0.353889367864523	1.0	0.24792363249163288	0.32235497041418404	0.3533135708365462	0.32037724101704074	0.29262754659337115	0.3483314773547883	0.585786437626905	1.0	0.3483314773547883	0.47769742952684474	0.3333333333333333	0.0	0.4364916731037085	1.0	0.2928060946961875
mr	0.2958163163244893	0.4631894527058474	1.0	0.2256567601358503	0.1680658713154811	0.14006262075690273	0.16240941005678985	0.14487729748104128	0.1550914208468615	0.17813755350109517	0.2073075915932611	1.0	0.1459739932000954	0.17766140849902715	0.1617975413882493	0.17949609023343646	0.14761558589417934	0.47132113867108816	0.20828928757225548	0.24792363249163288	1.0	0.15702695711865677	0.14547384974768673	0.1411406776062048	0.4289648801346391	0.1550914208468615	0.4614449130668577	1.0	0.13957875683699938	0.43170921626768255	0.18973344550281723	0.0	0.17949609023343646	1.0	0.15009651148025616
nl	0.1942704972481534	0.08617349689738721	1.0	0.3380788308512194	0.05118153819957806	0.02163243220050251	0.047548146843147225	0.022207877216924778	0.004245758903700014	0.020933943799504515	0.07839295502582867	0.585786437626905	0.044463667649110986	0.09145581985587084	0.021067134348966433	0.03401732343614502	0.04544814566606001	0.11302668897167806	0.13031276275604348	0.32235497041418404	0.15702695711865677	1.0	0.030313833664605397	0.029317327230203236	0.03191249530569645	0.029338096395361668	0.12290411872834893	0.5	0.01810928906666179	0.0789170825439202	0.038574728059597704	0.0	0.048342155416785874	0.36602540378443865	0.03545716552101908
pl	0.24002294646713998	0.0623170847537321	1.0	0.5	0.06063313823003506	0.027360222930111745	0.05022665031152157	0.025428217004245163	0.005003900032134463	0.024889339311576764	0.07201504497477795	0.585786437626905	0.047604367309413836	0.09519411931100871	0.026168336470279108	0.03305335032194227	0.04648080155155459	0.08757738673218289	0.08974759269455695	0.3533135708365462	0.14547384974768673	0.030313833664605397	1.0	0.031114376314620926	0.03330934084372662	0.02846967047135741	0.17513199121582393	0.5	0.017789145133664763	0.07316100317574996	0.05837582274263463	0.0	0.056286610256081775	0.585786437626905	0.039893301996181074
pt	0.15838458091814736	0.04899161312612	1.0	0.585786437626905	0.047884985231756015	0.029845094534343808	0.05194207853475369	0.024114432616319688	0.00450843305315802	0.022406445390600594	0.06324210373975139	0.585786437626905	0.0402986051190489	0.046137921595236935	0.022012360752565387	0.03276652028694927	0.04595047526188669	0.03223572120051015	0.060590502388675034	0.32037724101704074	0.1411406776062048	0.029317327230203236	0.031114376314620926	1.0	0.030826452704607998	0.0312461206392003	0.2928060946961875	0.44948974278317805	0.018120995401353927	0.046843528433683966	0.06307855556368615	0.0	0.041802220035857846	0.5	0.03994010019618084
ro	0.1150999515752398	0.08895614054047744	1.0	0.19059330753951875	0.06874866642483503	0.028728148137658942	0.045642974580562656	0.026172754925128505	0.006201937215096363	0.026313836265294967	0.06289503743909326	0.40453726661826384	0.03768749976361506	0.07446373835418224	0.02825567501667912	0.03572742418058969	0.044132353809879295	0.10497777359452211	0.27805322746635147	0.29262754659337115	0.4289648801346391	0.03191249530569645	0.03330934084372662	0.030826452704607998	1.0	0.031083848095113168	0.17836591941267027	1.0	0.023216313194443276	0.09123470653179883	0.0530577752633102	0.0	0.06052938996097586	1.0	0.03450548386622869
ru	0.18305580283915487	0.07329934753322222	1.0	0.5	0.08258007713932823	0.023686753180368097	0.04943213681826169	0.02520285738931995	0.004869691629888169	0.024387556309431194	0.07037839536684408	0.585786437626905	0.04836717619021046	0.06142402839161123	0.025430831798372917	0.031742664994247695	0.0448264153358989	0.08481193924505863	0.09361718332370558	0.3483314773547883	0.1550914208468615	0.029338096395361668	0.02846967047135741	0.0312461206392003	0.031083848095113168	1.0	0.19819090639412712	1.0	0.01791637704077786	0.06637514857744162	0.05687952024145053	0.0	0.05411686808447008	1.0	0.029221059065333756
sh	0.44948974278317805	0.15280905879145942	1.0	1.0	0.27831583742101224	0.2215192246878607	0.1998308771296851	0.16162070026615277	0.2402530733520421	0.13739514280297044	0.18462067722600153	1.0	0.2211722256431405	0.171184132437174	0.21130762051148863	0.19158099973367235	0.2460390035599644	0.15933219274737745	0.4142135623730951	0.585786437626905	0.4614449130668577	0.12290411872834893	0.17513199121582393	0.2928060946961875	0.17836591941267027	0.19819090639412712	1.0	0.585786437626905	0.44948974278317805	0.11624267106117253	0.29477147709458806	0.0	0.5	0.4364916731037085	0.20484368082958232
si	1.0	1.0	0.0	1.0	0.3483314773547883	1.0	1.0	0.44948974278317805	1.0	1.0	1.0	1.0	1.0	0.585786437626905	0.2989350844248255	1.0	1.0	1.0	1.0	1.0	1.0	0.5	0.5	0.44948974278317805	1.0	1.0	0.585786437626905	1.0	1.0	1.0	0.585786437626905	1.0	1.0	1.0	1.0
simple	0.20942771453851886	0.042606668977978865	1.0	0.585786437626905	0.025119090395362472	0.01599960144834875	0.021036377351752365	0.014770818183802433	0.05904465044958993	0.017801173036103044	0.024960719387255415	0.585786437626905	0.021978110239967753	0.030545705730394196	0.016124215707756583	0.018805536769485723	0.018010371209398485	0.045466236047469744	0.10396009274117567	0.3483314773547883	0.13957875683699938	0.01810928906666179	0.017789145133664763	0.018120995401353927	0.023216313194443276	0.01791637704077786	0.44948974278317805	1.0	1.0	0.03791304798634582	0.021116222414292514	0.0	0.039669272400672535	1.0	0.017899916094472085
sr	0.3868594169883084	0.10113123314266757	1.0	0.2989350844248255	0.09086776400126402	0.06609649168790287	0.11336241573854483	0.04151105564252416	0.019412079610494175	0.08500354151257412	0.12104947923263741	0.3653763043278784	0.0877659326903245	0.09843390049082332	0.05694002546415723	0.11976419889827064	0.12251343809403485	0.13300223074398704	0.20656243245421035	0.47769742952684474	0.43170921626768255	0.0789170825439202	0.07316100317574996	0.046843528433683966	0.09123470653179883	0.06637514857744162	0.11624267106117253	1.0	0.03791304798634582	1.0	0.12799429125373973	0.0	0.0649279532480712	1.0	0.06028651284854691
sv	0.19636040545626823	0.0868984145323149	1.0	0.3726822671238253	0.05739757748112274	0.04752635144314846	0.05895220795195293	0.03484469298332123	0.008983562194849679	0.0602242167240294	0.09058710839271791	0.5	0.05843630081922857	0.0975041801809646	0.03740508997636693	0.06081573193339569	0.05411900218381984	0.10239418940571432	0.13209333427323286	0.3333333333333333	0.18973344550281723	0.038574728059597704	0.05837582274263463	0.06307855556368615	0.0530577752633102	0.05687952024145053	0.29477147709458806	0.585786437626905	0.021116222414292514	0.12799429125373973	1.0	0.0	0.0696337735563995	1.0	0.04568271053105027
te	0.0	0.0	0.0	0.0	0.0	0.0	0.0	0.0	0.0	0.0	0.0	0.0	0.0	0.0	0.0	0.0	0.0	0.0	0.0	0.0	0.0	0.0	0.0	0.0	0.0	0.0	0.0	1.0	0.0	0.0	0.0	0.0	0.0	1.0	0.0
vi	0.240143945805639	0.054322909937068245	1.0	0.5	0.058271942175272484	0.05566477293488914	0.056824729675585016	0.05738993323280827	0.012624342275508384	0.06943481538779618	0.09580866589227356	0.585786437626905	0.06978262134735028	0.07105313358868437	0.07358103786531103	0.05238121981777046	0.06481447479268773	0.06837257542680844	0.13892100505654337	0.4364916731037085	0.17949609023343646	0.048342155416785874	0.056286610256081775	0.041802220035857846	0.06052938996097586	0.05411686808447008	0.5	1.0	0.039669272400672535	0.0649279532480712	0.0696337735563995	0.0	1.0	1.0	0.05534192175790584
war	1.0	1.0	0.0	1.0	1.0	0.585786437626905	1.0	0.4142135623730951	1.0	0.39564392373896007	1.0	1.0	1.0	1.0	0.3090169943749474	1.0	1.0	1.0	1.0	1.0	1.0	0.36602540378443865	0.585786437626905	0.5	1.0	1.0	0.4364916731037085	1.0	1.0	1.0	1.0	1.0	1.0	1.0	1.0
zh	0.18181818181818182	0.07060928337285595	1.0	0.3475158878581577	0.05805390856759166	0.03259256053814677	0.05068068827497645	0.02460631744152808	0.004813667907553335	0.025184719347077233	0.07738944537275592	0.5	0.049696907113439395	0.08450728131172537	0.031919131761150854	0.034013920894317595	0.04440045930921515	0.06615984094418505	0.06081548157345273	0.2928060946961875	0.15009651148025616	0.03545716552101908	0.039893301996181074	0.03994010019618084	0.03450548386622869	0.029221059065333756	0.20484368082958232	1.0	0.017899916094472085	0.06028651284854691	0.04568271053105027	0.0	0.05534192175790584	1.0	1.0
