arz	bs	ceb	ckb	da	de	el	en	es	fr	he	hi	hu	id	it	ja	ko	lv	mk	ml	mr	nl	pl	pt	ro	ru	sh	si	simple	sr	sv	te	vi	war	zh
arz	1.0	0.6983438190355967	0.6996186120897997	0.8356339363276537	0.586324469431678	0.40420805282223843	0.5708772726444495	0.36382327879258913	0.5184769473899827	0.5462760781589875	0.3939292549648525	0.707781362269077	0.41880975741543447	0.4392291148841246	0.4060841671958721	0.6211297370463879	0.5151551783399766	0.6415215838021581	0.49558464981531414	0.5135761151318587	0.4228896257864502	0.6130238755499744	0.5708772726444495	0.31190520751555123	0.5390951784909322	0.4087902795433784	0.4476116210722065	1.0	0.37418745533451536	0.4842509063926195	0.44867399374661854	0.749506019670501	0.43697277035269666	0.5763874811163737	0.5418245637093396
bs	0.6983438190355967	1.0	0.6521463304314836	0.7690990303325336	0.48217154972504844	0.4995342000602049	0.6223041007404059	0.3224595164742514	0.6223041007404059	0.5766410230257472	0.33641544193942013	0.6099956570806153	0.3002939133357935	0.42091293439216604	0.3518825978738921	0.6298962331140651	0.42616075006267895	0.5908401614357066	0.7510341748895938	0.49671829916319893	0.6049049300192548	0.629896233114065	0.3475703647567299	0.30271899907936817	0.5835494093716163	0.3069201969344496	0.7124413509063391	1.0	0.4906721711486601	0.3471066133058929	0.5385730885028378	0.7690990303325336	0.39780477697834576	1.0	0.33588841431885774
ceb	0.6996186120897997	0.6521463304314836	1.0	0.7361412429601099	0.41665611668762603	0.26972506556774856	0.6479514331212829	0.43692017138299777	0.5291136443810218	0.31619622214592463	0.39061522065268206	0.523539821025136	0.34415568457750795	0.5114790384281708	0.3069764030375025	0.5466849604109645	0.41462018806410506	0.5678281599647297	0.4900120087001715	0.3650505181613243	0.43197703256294934	0.41174858173042284	0.5395716942938744	0.36302278366153334	0.5516103258917093	0.3440118000912156	0.4568012812798424	0.8216064286890065	0.3601553878294757	0.4130011221832698	0.6093190374928363	0.8216064286890065	0.33541077030398986	0.6775915738325127	0.42124499011695204
ckb	0.8356339363276537	0.7690990303325336	0.7361412429601099	1.0	0.5832378531759511	0.4080781499846386	0.7584325078215763	0.6916971610510572	0.7510341748895937	0.6994017365373274	0.34814365168652284	0.6522286392428236	0.4901771439574561	0.43989281044895423	0.3945558641198416	0.7510341748895937	0.6624525348502385	0.8695669956030054	0.8806414284346811	0.5376081366069181	0.6294308061263079	0.6624525348502384	0.7510341748895937	0.34325539336990973	0.3639608836165678	0.34241447670020575	0.7584325078215763	1.0	0.4611272477433396	0.7099392957547322	0.7510341748895937	0.7690990303325336	0.42488134659564974	0.7863954451402115	0.5926077718675978
da	0.586324469431678	0.48217154972504844	0.41665611668762603	0.5832378531759511	1.0	0.17752743466870974	0.37108654469384383	0.23347389826966877	0.2533380387909431	0.17627865615335347	0.266510256059801	0.3720839389345858	0.25558786403727635	0.25202157413411747	0.2169496467365208	0.250231039023466	0.21981661765807822	0.39017614420400154	0.3519504093530206	0.3482071463500488	0.4382157791757721	0.238291054078828	0.2521310263908875	0.24053099665774746	0.24953728298273042	0.24710366488162439	0.39682682482753484	0.6339966385470788	0.2583415235624337	0.2862574620841672	0.22765396662955079	0.5921567071625392	0.3009996585444537	0.60533405653365	0.2460270767116633
de	0.40420805282223843	0.4995342000602049	0.26972506556774856	0.4080781499846386	0.17752743466870974	1.0	0.3414967927825198	0.18766705905868664	0.21899710929753788	0.16539545128369565	0.2223177577001647	0.22230481424650783	0.23067414671417674	0.16159728341188093	0.16812241089175992	0.1913311826751613	0.2042413912371919	0.2829621452541244	0.3042475920016002	0.26175841533996286	0.34740964870463636	0.2201180764639319	0.1952282620919524	0.1806353037155276	0.17496501806834147	0.16885999162963675	0.38074739406804986	0.7444100438440479	0.2626793561661282	0.2265431907451261	0.1691666502751704	0.3880611531194789	0.1772777007604704	0.4161882176243302	0.21444380485820297
el	0.5708772726444495	0.6223041007404059	0.6479514331212829	0.7584325078215763	0.37108654469384383	0.3414967927825198	1.0	0.23139227026476583	0.5434800591293854	0.387739432401581	0.250588576546544	0.483596155545781	0.34089313733187715	0.4079978590628725	0.25944772446372705	0.38562792406781843	0.29474646285073586	0.6070269561668532	0.44046056852245574	0.39963133638786735	0.32643294165523024	0.5843389279443433	0.41362396309509375	0.22863015797100936	0.4089414963502849	0.2563931222117569	0.49667150677678873	1.0	0.3674286402099782	0.32852527567968737	0.36419176383959556	0.5762031669666152	0.3701920421814938	0.7411828468492556	0.3590150434425238
en	0.36382327879258913	0.3224595164742514	0.43692017138299777	0.6916971610510572	0.23347389826966877	0.18766705905868664	0.23139227026476583	1.0	0.1967201351392065	0.1579967208303233	0.20730426265127222	0.25646949071751407	0.2628552387130787	0.19182374348919384	0.14788014992544438	0.18004245010789655	0.18766340760696493	0.3166967467021469	0.25246567060789316	0.2650276173674166	0.3181898880252216	0.17918210751150165	0.18841995376330922	0.17288235132835947	0.195716456033772	0.1849680008940802	0.2798311409951947	0.4955539268743917	0.23920761155940307	0.22278700467207435	0.16716036281479663	0.3404072683761462	0.20168018757513792	0.2886774865054298	0.20858714930608588
es	0.5184769473899827	0.6223041007404059	0.5291136443810218	0.7510341748895937	0.2533380387909431	0.21899710929753788	0.5434800591293854	0.1967201351392065	1.0	0.18499554687959632	0.281869120397411	0.36660174063239764	0.2824013152837325	0.2654610336601331	0.1680414915840226	0.24084411415586057	0.2906162577294785	0.445897259908617	0.40619381834543283	0.34251100323997763	0.40181177259786455	0.21323676096790017	0.21816593552437816	0.21730413218568875	0.2587125091686129	0.20378193791539145	0.3882029394169036	1.0	0.2835194035788076	0.29508951954558027	0.25244567564963394	0.576467385057977	0.2747608308755104	0.7124413509063391	0.2730579982552813
fr	0.5462760781589875	0.5766410230257472	0.31619622214592463	0.6994017365373274	0.17627865615335347	0.16539545128369565	0.387739432401581	0.1579967208303233	0.18499554687959632	1.0	0.20790949261596464	0.2134691770342253	0.2524256451880593	0.19432775689282492	0.16003861639458145	0.19308465098165067	0.16403069870166065	0.439947927201172	0.2035709129798736	0.2962865080949145	0.33541057792053813	0.20980424812247814	0.17385609615375008	0.16035313702285486	0.19115792539117601	0.16209422001603674	0.35610861808354843	0.7347168825662657	0.2752560063162382	0.24402734834832207	0.20083862091733357	0.43206677236178387	0.16573930355398855	0.4672395458330284	0.17105737874085794
he	0.3939292549648525	0.33641544193942013	0.39061522065268206	0.34814365168652284	0.266510256059801	0.2223177577001647	0.250588576546544	0.20730426265127222	0.281869120397411	0.20790949261596464	1.0	0.29497097315510656	0.24685767811082346	0.2246171041440422	0.21427425406353554	0.2663539621227953	0.21944553616929582	0.3143638400752573	0.3068071715980445	0.2826912725865178	0.3553084385076121	0.2546557136959383	0.23862753472072468	0.2058906686587852	0.2379848153632709	0.21028787023256706	0.28674551913251245	0.5336553428758752	0.27063208497383834	0.243466198310536	0.23343503364962395	0.3411446967015643	0.26737722839817324	0.325567924637347	0.22389890459513864
hi	0.707781362269077	0.6099956570806153	0.523539821025136	0.6522286392428236	0.3720839389345858	0.22230481424650783	0.483596155545781	0.25646949071751407	0.36660174063239764	0.2134691770342253	0.29497097315510656	1.0	0.29680164991974256	0.3216174344732832	0.2749633832833953	0.37277559316367564	0.30760411088580125	0.5009013986425745	0.4506323943678951	0.32065892921991057	0.3845572596111344	0.3465856414142592	0.31990388537602865	0.2607709622125651	0.4003474743679587	0.2893933239934271	0.46682879364610536	1.0	0.309704614055303	0.3603605655052858	0.348071899184106	0.38660401051325094	0.32805159812735324	0.6444151565043333	0.3248574140089391
hu	0.41880975741543447	0.3002939133357935	0.34415568457750795	0.4901771439574561	0.25558786403727635	0.23067414671417674	0.34089313733187715	0.2628552387130787	0.2824013152837325	0.2524256451880593	0.24685767811082346	0.29680164991974256	1.0	0.2785922517800208	0.27071616556800443	0.29145188125655447	0.2717633477047036	0.29786196034216134	0.27996751166969497	0.34253857861198567	0.31987362525168495	0.2783504871865176	0.2974373386311613	0.209339872713177	0.2825678432530335	0.250630156579765	0.29784943156330773	0.3191616154762917	0.27648153435201556	0.27484188101223306	0.29588974703632326	0.4308507195827609	0.29082196710294317	0.42202237985231844	0.3096796754082026
id	0.4392291148841246	0.42091293439216604	0.5114790384281708	0.43989281044895423	0.25202157413411747	0.16159728341188093	0.4079978590628725	0.19182374348919384	0.2654610336601331	0.19432775689282492	0.2246171041440422	0.3216174344732832	0.2785922517800208	1.0	0.18566652119374644	0.23929620087713166	0.23088144110922665	0.4717384664693287	0.3434735648754777	0.2842618266192178	0.3341369948362634	0.2861725372337356	0.19461512203589582	0.20444326793781178	0.226879397444722	0.16025047912519175	0.361896966144865	0.6994017365373274	0.24256159953005496	0.2746206181747007	0.2973350055657452	0.45703673523349947	0.26021326143941925	0.42309921527783345	0.2453034179702522
it	0.4060841671958721	0.3518825978738921	0.3069764030375025	0.3945558641198416	0.2169496467365208	0.16812241089175992	0.25944772446372705	0.14788014992544438	0.1680414915840226	0.16003861639458145	0.21427425406353554	0.2749633832833953	0.27071616556800443	0.18566652119374644	1.0	0.17778802918156394	0.2066103861976278	0.3132603489806934	0.29294784619703873	0.2937611646038655	0.2942116515870995	0.17096387737377208	0.15542888119569756	0.18965709507085496	0.20529037019088997	0.16388178918625454	0.27645976340410605	0.6518155124769264	0.3043175399796611	0.22453000846002652	0.16774194099851075	0.325960733289437	0.25667771925354177	0.36969173526936394	0.24111142806538968
ja	0.6211297370463879	0.6298962331140651	0.5466849604109645	0.7510341748895937	0.250231039023466	0.1913311826751613	0.38562792406781843	0.18004245010789655	0.24084411415586057	0.19308465098165067	0.2663539621227953	0.37277559316367564	0.29145188125655447	0.23929620087713166	0.17778802918156394	1.0	0.22211100156911137	0.521822537735789	0.3359599909904319	0.31638336658223287	0.45915995727471615	0.2113869032125016	0.17261985540592825	0.20275664932422005	0.25036943666765	0.17658169456294007	0.3918332432197254	0.5302133882866489	0.26545952022682434	0.27332055472832606	0.20419807746740246	0.5895022463857882	0.21331012732071097	0.6562661056221564	0.2524321867428133
ko	0.5151551783399766	0.42616075006267895	0.41462018806410506	0.6624525348502385	0.21981661765807822	0.2042413912371919	0.29474646285073586	0.18766340760696493	0.2906162577294785	0.16403069870166065	0.21944553616929582	0.30760411088580125	0.2717633477047036	0.23088144110922665	0.2066103861976278	0.22211100156911137	1.0	0.3819497666120395	0.4104065085606547	0.3610404014305144	0.38842213597849684	0.2239107981740595	0.25136764572007075	0.19628695214098277	0.24029459815308166	0.1946830877696244	0.34013408816878693	0.5805862010883639	0.25595538053266464	0.33470295503164293	0.24919409345356067	0.5823970704040644	0.21982986347214517	0.5676798562313621	0.277055470150025
lv	0.6415215838021581	0.5908401614357066	0.5678281599647297	0.8695669956030054	0.39017614420400154	0.2829621452541244	0.6070269561668532	0.3166967467021469	0.445897259908617	0.439947927201172	0.3143638400752573	0.5009013986425745	0.29786196034216134	0.4717384664693287	0.3132603489806934	0.521822537735789	0.3819497666120395	1.0	0.4868872594765249	0.4215207420541484	0.39064196932160083	0.35579129147586275	0.4101156569840072	0.2909184014483141	0.3654021565257982	0.36601846215565376	0.4635279502610481	1.0	0.36883241546330603	0.3601070348781388	0.3802752033594955	0.7584325078215763	0.33373151003512497	0.7510341748895938	0.38283912316827
mk	0.49558464981531414	0.7510341748895938	0.4900120087001715	0.8806414284346811	0.3519504093530206	0.3042475920016002	0.44046056852245574	0.25246567060789316	0.40619381834543283	0.2035709129798736	0.3068071715980445	0.4506323943678951	0.27996751166969497	0.3434735648754777	0.29294784619703873	0.3359599909904319	0.4104065085606547	0.4868872594765249	1.0	0.5119828093562172	0.49331525764622824	0.26758884740239564	0.311674323374223	0.2577903922620553	0.31405415203127185	0.25588067534896963	0.4081815706599859	0.7584325078215763	0.34096217919564936	0.29099605833077613	0.32509891231219046	0.6698766910334878	0.3057814392354816	0.4743689694089831	0.26171032133533195
ml	0.5135761151318587	0.49671829916319893	0.3650505181613243	0.5376081366069181	0.3482071463500488	0.26175841533996286	0.39963133638786735	0.2650276173674166	0.34251100323997763	0.2962865080949145	0.2826912725865178	0.32065892921991057	0.34253857861198567	0.2842618266192178	0.2937611646038655	0.31638336658223287	0.3610404014305144	0.4215207420541484	0.5119828093562172	1.0	0.312647621508186	0.3932255919970677	0.3144890686643903	0.26696508059140617	0.3527788452665384	0.218406769662988	0.4913962507820604	0.3968176250713266	0.27934281848039544	0.3710809167296832	0.3709427833272771	0.3515041121062389	0.3132826704560314	0.6268596003474738	0.29815946602362664
mr	0.4228896257864502	0.6049049300192548	0.43197703256294934	0.6294308061263079	0.4382157791757721	0.34740964870463636	0.32643294165523024	0.3181898880252216	0.40181177259786455	0.33541057792053813	0.3553084385076121	0.3845572596111344	0.31987362525168495	0.3341369948362634	0.2942116515870995	0.45915995727471615	0.38842213597849684	0.39064196932160083	0.49331525764622824	0.312647621508186	1.0	0.5050340897785299	0.39452527762592415	0.23906530172598697	0.4743940902424982	0.33682054338136463	0.5099629757173473	0.5702783075122463	0.29949018439819125	0.3393676144472282	0.4685624331378899	0.33440975641582416	0.3785499743218913	0.4489612677534161	0.37171644261269765
nl	0.6130238755499744	0.629896233114065	0.41174858173042284	0.6624525348502384	0.238291054078828	0.2201180764639319	0.5843389279443433	0.17918210751150165	0.21323676096790017	0.20980424812247814	0.2546557136959383	0.3465856414142592	0.2783504871865176	0.2861725372337356	0.17096387737377208	0.2113869032125016	0.2239107981740595	0.35579129147586275	0.26758884740239564	0.3932255919970677	0.5050340897785299	1.0	0.1959777179454991	0.2368909703373118	0.2587531305296007	0.19390930215466676	0.3408946783186175	0.5670149300033969	0.33951875374944224	0.2981678166890599	0.21681826770439822	0.6395657813917609	0.25703390957322314	0.682221159422926	0.25617760753026364
pl	0.5708772726444495	0.3475703647567299	0.5395716942938744	0.7510341748895937	0.2521310263908875	0.1952282620919524	0.41362396309509375	0.18841995376330922	0.21816593552437816	0.17385609615375008	0.23862753472072468	0.31990388537602865	0.2974373386311613	0.19461512203589582	0.15542888119569756	0.17261985540592825	0.25136764572007075	0.4101156569840072	0.311674323374223	0.3144890686643903	0.39452527762592415	0.1959777179454991	1.0	0.17975108334785062	0.2501943092663064	0.17737675155219326	0.37062418525111396	0.3694147662947158	0.22438118814110322	0.2848656119407751	0.2211511395012959	0.3773160047770702	0.2794729617656202	0.5989696784020514	0.26452658156551917
pt	0.31190520751555123	0.30271899907936817	0.36302278366153334	0.34325539336990973	0.24053099665774746	0.1806353037155276	0.22863015797100936	0.17288235132835947	0.21730413218568875	0.16035313702285486	0.2058906686587852	0.2607709622125651	0.209339872713177	0.20444326793781178	0.18965709507085496	0.20275664932422005	0.19628695214098277	0.2909184014483141	0.2577903922620553	0.26696508059140617	0.23906530172598697	0.2368909703373118	0.17975108334785062	1.0	0.188848497692923	0.18121871454339053	0.29550655162396716	0.4113496741649557	0.2516950424886239	0.21417797625399515	0.2105678270139187	0.2978610392764614	0.20703803840269858	0.3230928051693254	0.2107038830366115
ro	0.5390951784909322	0.5835494093716163	0.5516103258917093	0.3639608836165678	0.24953728298273042	0.17496501806834147	0.4089414963502849	0.195716456033772	0.2587125091686129	0.19115792539117601	0.2379848153632709	0.4003474743679587	0.2825678432530335	0.226879397444722	0.20529037019088997	0.25036943666765	0.24029459815308166	0.3654021565257982	0.31405415203127185	0.3527788452665384	0.4743940902424982	0.2587531305296007	0.2501943092663064	0.188848497692923	1.0	0.22213588528974376	0.3447282401821473	1.0	0.23288879809345503	0.2913192305270898	0.24707825181249052	0.6524007805500077	0.2510652615247815	0.5619266248221375	0.24828374479281917
ru	0.4087902795433784	0.3069201969344496	0.3440118000912156	0.34241447670020575	0.24710366488162439	0.16885999162963675	0.2563931222117569	0.1849680008940802	0.20378193791539145	0.16209422001603674	0.21028787023256706	0.2893933239934271	0.250630156579765	0.16025047912519175	0.16388178918625454	0.17658169456294007	0.1946830877696244	0.36601846215565376	0.25588067534896963	0.218406769662988	0.33682054338136463	0.19390930215466676	0.17737675155219326	0.18121871454339053	0.22213588528974376	1.0	0.23683408267682726	0.42527098099430355	0.2778147114545793	0.27314279291907195	0.19667250309314321	0.46449280389141373	0.2269915563025305	0.38643119205678533	0.19604859028744345
sh	0.4476116210722065	0.7124413509063391	0.4568012812798424	0.7584325078215763	0.39682682482753484	0.38074739406804986	0.49667150677678873	0.2798311409951947	0.3882029394169036	0.35610861808354843	0.28674551913251245	0.46682879364610536	0.29784943156330773	0.361896966144865	0.27645976340410605	0.3918332432197254	0.34013408816878693	0.4635279502610481	0.4081815706599859	0.4913962507820604	0.5099629757173473	0.3408946783186175	0.37062418525111396	0.29550655162396716	0.3447282401821473	0.23683408267682726	1.0	0.7455134344225701	0.29594973260017615	0.2557684958681257	0.4214583884465822	0.7690990303325336	0.29495915481129104	0.6236857269851578	0.27026932779053126
si	1.0	1.0	0.8216064286890065	1.0	0.6339966385470788	0.7444100438440479	1.0	0.4955539268743917	1.0	0.7347168825662657	0.5336553428758752	1.0	0.3191616154762917	0.6994017365373274	0.6518155124769264	0.5302133882866489	0.5805862010883639	1.0	0.7584325078215763	0.3968176250713266	0.5702783075122463	0.5670149300033969	0.3694147662947158	0.4113496741649557	1.0	0.42527098099430355	0.7455134344225701	1.0	0.33294842190371876	0.7106922308883379	0.6841174893561722	0.7690990303325336	0.38220721659817514	1.0	0.5812108075718346
simple	0.37418745533451536	0.4906721711486601	0.3601553878294757	0.4611272477433396	0.2583415235624337	0.2626793561661282	0.3674286402099782	0.23920761155940307	0.2835194035788076	0.2752560063162382	0.27063208497383834	0.309704614055303	0.27648153435201556	0.24256159953005496	0.3043175399796611	0.26545952022682434	0.25595538053266464	0.36883241546330603	0.34096217919564936	0.27934281848039544	0.29949018439819125	0.33951875374944224	0.22438118814110322	0.2516950424886239	0.23288879809345503	0.2778147114545793	0.29594973260017615	0.33294842190371876	1.0	0.28647824761019147	0.32385829893446594	0.3059016569957135	0.31508957398159887	0.3584748605739054	0.25815376615086566
sr	0.4842509063926195	0.3471066133058929	0.4130011221832698	0.7099392957547322	0.2862574620841672	0.2265431907451261	0.32852527567968737	0.22278700467207435	0.29508951954558027	0.24402734834832207	0.243466198310536	0.3603605655052858	0.27484188101223306	0.2746206181747007	0.22453000846002652	0.27332055472832606	0.33470295503164293	0.3601070348781388	0.29099605833077613	0.3710809167296832	0.3393676144472282	0.2981678166890599	0.2848656119407751	0.21417797625399515	0.2913192305270898	0.27314279291907195	0.2557684958681257	0.7106922308883379	0.28647824761019147	1.0	0.3010719503780187	0.537281173030909	0.2862936104122929	0.5296997726442797	0.2321010447204669
sv	0.44867399374661854	0.5385730885028378	0.6093190374928363	0.7510341748895937	0.22765396662955079	0.1691666502751704	0.36419176383959556	0.16716036281479663	0.25244567564963394	0.20083862091733357	0.23343503364962395	0.348071899184106	0.29588974703632326	0.2973350055657452	0.16774194099851075	0.20419807746740246	0.24919409345356067	0.3802752033594955	0.32509891231219046	0.3709427833272771	0.4685624331378899	0.21681826770439822	0.2211511395012959	0.2105678270139187	0.24707825181249052	0.19667250309314321	0.4214583884465822	0.6841174893561722	0.32385829893446594	0.3010719503780187	1.0	0.5033039617685755	0.24628465760437632	0.6572846022672738	0.25160394700177646
te	0.749506019670501	0.7690990303325336	0.8216064286890065	0.7690990303325336	0.5921567071625392	0.3880611531194789	0.5762031669666152	0.3404072683761462	0.576467385057977	0.43206677236178387	0.3411446967015643	0.38660401051325094	0.4308507195827609	0.45703673523349947	0.325960733289437	0.5895022463857882	0.5823970704040644	0.7584325078215763	0.6698766910334878	0.3515041121062389	0.33440975641582416	0.6395657813917609	0.3773160047770702	0.2978610392764614	0.6524007805500077	0.46449280389141373	0.7690990303325336	0.7690990303325336	0.3059016569957135	0.537281173030909	0.5033039617685755	1.0	0.4195719298829873	0.7690990303325336	0.6570288144220279
vi	0.43697277035269666	0.39780477697834576	0.33541077030398986	0.42488134659564974	0.3009996585444537	0.1772777007604704	0.3701920421814938	0.20168018757513792	0.2747608308755104	0.16573930355398855	0.26737722839817324	0.32805159812735324	0.29082196710294317	0.26021326143941925	0.25667771925354177	0.21331012732071097	0.21982986347214517	0.33373151003512497	0.3057814392354816	0.3132826704560314	0.3785499743218913	0.25703390957322314	0.2794729617656202	0.20703803840269858	0.2510652615247815	0.2269915563025305	0.29495915481129104	0.38220721659817514	0.31508957398159887	0.2862936104122929	0.24628465760437632	0.4195719298829873	1.0	0.41772355484135404	0.2478849039544747
war	0.5763874811163737	1.0	0.6775915738325127	0.7863954451402115	0.60533405653365	0.4161882176243302	0.7411828468492556	0.2886774865054298	0.7124413509063391	0.4672395458330284	0.325567924637347	0.6444151565043333	0.42202237985231844	0.42309921527783345	0.36969173526936394	0.6562661056221564	0.5676798562313621	0.7510341748895938	0.4743689694089831	0.6268596003474738	0.4489612677534161	0.682221159422926	0.5989696784020514	0.3230928051693254	0.5619266248221375	0.38643119205678533	0.6236857269851578	1.0	0.3584748605739054	0.5296997726442797	0.6572846022672738	0.7690990303325336	0.41772355484135404	1.0	0.6212416053338727
zh	0.5418245637093396	0.33588841431885774	0.42124499011695204	0.5926077718675978	0.2460270767116633	0.21444380485820297	0.3590150434425238	0.20858714930608588	0.2730579982552813	0.17105737874085794	0.22389890459513864	0.3248574140089391	0.3096796754082026	0.2453034179702522	0.24111142806538968	0.2524321867428133	0.277055470150025	0.38283912316827	0.26171032133533195	0.29815946602362664	0.37171644261269765	0.25617760753026364	0.26452658156551917	0.2107038830366115	0.24828374479281917	0.19604859028744345	0.27026932779053126	0.5812108075718346	0.25815376615086566	0.2321010447204669	0.25160394700177646	0.6570288144220279	0.2478849039544747	0.6212416053338727	1.0
