arz	bs	ceb	ckb	da	de	el	en	es	fr	he	hi	hu	id	it	ja	ko	lv	mk	ml	mr	nl	pl	pt	ro	ru	sh	si	simple	sr	sv	te	vi	war	zh
arz	1.0	1.0	0.0	1.0	1.0	1.0	1.0	1.0	1.0	1.0	1.0	1.0	1.0	1.0	0.7863954451402115	1.0	1.0	1.0	1.0	1.0	1.0	1.0	1.0	1.0	0.7863954451402115	1.0	1.0	1.0	0.7863954451402115	1.0	1.0	1.0	1.0	1.0	1.0
bs	1.0	1.0	1.0	0.40759402730776334	0.22820693015721322	0.2620634571634591	0.31079039211270976	0.26603045256785507	0.252139505855853	0.25561357435445764	0.2858882613790655	0.33080955783129823	0.31557431617290427	0.25843724341219054	0.2320325513786594	0.2808770629763964	0.26205822729495803	0.3152142761173809	0.35711436697144583	0.31980771590722246	0.7455134344225701	0.2652160604046004	0.2638832756543981	0.2506479669871919	0.2710041011062812	0.27125445280839605	0.2686835596581985	1.0	0.3157145654892116	0.30997047686058843	0.28850255365776006	0.597762499271665	0.2660715845588778	0.6629719267647417	0.28588826137906553
ceb	0.0	1.0	1.0	1.0	1.0	1.0	1.0	1.0	1.0	1.0	1.0	1.0	1.0	1.0	1.0	1.0	1.0	1.0	1.0	1.0	1.0	1.0	1.0	1.0	1.0	1.0	1.0	1.0	1.0	1.0	1.0	1.0	1.0	1.0	1.0
ckb	1.0	0.40759402730776334	1.0	1.0	0.7376607345031152	0.7411828468492556	1.0	1.0	0.41055547717987523	1.0	0.7376607345031153	1.0	0.6391906500312812	0.6585785515191102	0.5596445693007545	1.0	1.0	1.0	1.0	1.0	1.0	0.7376607345031152	0.7376607345031153	0.7376607345031152	0.5862835858285895	1.0	0.6309313336027379	1.0	0.6204120806044474	0.4155838944722242	1.0	1.0	0.7942219112853846	0.8137822343553781	1.0
da	1.0	0.22820693015721322	1.0	0.7376607345031152	1.0	0.23092603326616495	0.5335541319064105	0.24419773837890604	0.2621237366149552	0.20702049063199976	0.26160818834121397	0.4939155090621621	0.48371570291524163	0.24189856977860152	0.22834816177965878	0.2728857668211948	0.27925965483707677	0.276367671788964	0.5753932445026375	0.5307277267855465	0.576467385057977	0.25347686597614283	0.20052101683482998	0.24706826922314415	0.22667739947849141	0.21944554318760207	0.26921995263751364	0.7584325078215763	0.2967409602545447	0.29767564195387064	0.24930627103543126	0.7510341748895938	0.3335867030877491	0.8055567530094857	0.27666281627185635
de	1.0	0.2620634571634591	1.0	0.7411828468492556	0.23092603326616495	1.0	0.5247990897001101	0.1310960573410937	0.19654829872311258	0.13261442264467702	0.46469383824947347	0.5823157937033148	0.5557278778881223	0.16986032615718333	0.148299176627252	0.18809087642419536	0.24677600971834385	0.44828268179558656	0.7221793916855703	0.38255811498770237	0.7347168825662656	0.21164005052344018	0.16349814322659037	0.15444743154863072	0.2237607534222005	0.1687608293607614	0.2014031398668259	0.7510341748895937	0.3741678009072609	0.20343918253810914	0.16952101067513986	1.0	0.2617226556047114	0.6887722645793194	0.1781074635989972
el	1.0	0.31079039211270976	1.0	1.0	0.5335541319064105	0.5247990897001101	1.0	0.5677162923123092	0.37112154476243153	0.6011455215697225	0.7210092110599264	1.0	0.5909784681460023	0.4734389928887951	0.31484044853580634	0.7155258672934655	1.0	1.0	1.0	1.0	1.0	0.5457403244051618	0.3563969632239856	0.6475250169846578	0.35572671316607213	1.0	0.40379555436058384	1.0	0.480959244434028	0.34873337520002434	0.5773372087697156	1.0	0.6394300733289616	0.8055567530094857	1.0
en	1.0	0.26603045256785507	1.0	1.0	0.24419773837890604	0.1310960573410937	0.5677162923123092	1.0	0.15665251813695483	0.12717202750506346	0.47974639851853346	1.0	0.445858401098167	0.1963717339009372	0.13891915591310683	0.22949935876538977	0.4236420938508698	0.49068527430325504	1.0	1.0	1.0	0.20593429810534847	0.18414559461582894	0.19085267624303595	0.2492566397658876	0.29887322093418206	0.17182296299975863	1.0	0.2554852661346323	0.15903578593304635	0.23484000971186575	1.0	0.22347353808313855	0.8055567530094857	0.269965150205502
es	1.0	0.252139505855853	1.0	0.41055547717987523	0.2621237366149552	0.19654829872311258	0.37112154476243153	0.15665251813695483	1.0	0.1709456037529282	0.4527974382689255	0.5581246735150436	0.3566116581853614	0.2173335254878988	0.16483314267845492	0.24144164397928586	0.4620494416339971	0.47561818108941434	0.611247971396453	0.5247407833222423	1.0	0.2108453549703185	0.20128887344632243	0.21446134256727534	0.2415113281821991	0.2683490481467771	0.2178210522726497	1.0	0.24958536141358612	0.2623542512058817	0.2329100241686178	1.0	0.2496916413833922	0.8055567530094857	0.2874459288944333
fr	1.0	0.25561357435445764	1.0	1.0	0.20702049063199976	0.13261442264467702	0.6011455215697225	0.12717202750506346	0.1709456037529282	1.0	0.4598723654181554	0.6067636116293127	0.46083096698818227	0.22640891968539842	0.17161148417123373	0.21443088049190914	0.471771897911409	0.4876220769765525	1.0	0.7199285383279774	1.0	0.2139170254433339	0.18525659266915157	0.22803170821345617	0.22372052512200327	0.2784486697487964	0.21689214866863113	1.0	0.27861686699207017	0.19295910300913074	0.22506323168971254	1.0	0.2901019040598566	0.8055567530094857	0.28843431951530907
he	1.0	0.2858882613790655	1.0	0.7376607345031153	0.26160818834121397	0.46469383824947347	0.7210092110599264	0.47974639851853346	0.4527974382689255	0.4598723654181554	1.0	0.7171176902274347	0.5243322487970811	0.3141380779488007	0.3362575300327113	0.5932464233149596	0.6406217872018795	0.49068527430325504	1.0	0.7221793916855703	1.0	0.38330718138899134	0.31244348057277094	0.406564070039706	0.24756401832260386	0.6377047307628824	0.2765297691720935	1.0	0.3121671214981949	0.3286963028776973	0.47799501152802837	1.0	0.3938501429988308	0.6842521738550549	0.6383829424521854
hi	1.0	0.33080955783129823	1.0	1.0	0.4939155090621621	0.5823157937033148	1.0	1.0	0.5581246735150436	0.6067636116293127	0.7171176902274347	1.0	0.5288971101299547	0.2757120071369249	0.45357205466458206	1.0	1.0	0.5238044050299856	1.0	1.0	1.0	0.557659385235973	0.5886246368546664	0.5743801667867757	0.36931145702453394	1.0	0.29074072893775166	1.0	0.3824777845003323	0.35192315373932426	0.6122131884607099	1.0	0.4220263933374678	0.8137822343553781	1.0
hu	1.0	0.31557431617290427	1.0	0.6391906500312812	0.48371570291524163	0.5557278778881223	0.5909784681460023	0.445858401098167	0.3566116581853614	0.46083096698818227	0.5243322487970811	0.5288971101299547	1.0	0.4416177937379364	0.3585824476871232	0.49754251887997636	0.565831862863355	0.4510190487841665	0.5690555149823487	0.5703997118042634	0.7510341748895938	0.4489705268290639	0.31734058924058367	0.3968775613961324	0.3316582310695903	0.5008209387322636	0.39008030251015746	1.0	0.4626644335164664	0.39848575628354344	0.46938083215224946	0.6395657813917608	0.4597861661257329	0.8137822343553781	0.48543450769854707
id	1.0	0.25843724341219054	1.0	0.6585785515191102	0.24189856977860152	0.16986032615718333	0.4734389928887951	0.1963717339009372	0.2173335254878988	0.22640891968539842	0.3141380779488007	0.2757120071369249	0.4416177937379364	1.0	0.23111317329548617	0.22818241683935644	0.3458434005627375	0.42446891355900884	0.5104668659643252	0.5960453110861883	0.6786291688147437	0.2120108602175567	0.22817222715481614	0.25669768255551306	0.22175553885201663	0.23489710790507606	0.25862411407609076	0.6964586824468322	0.21348463261565048	0.19122802452138832	0.3147796612958803	1.0	0.20114424372411033	0.8055567530094857	0.23253316953706532
it	0.7863954451402115	0.2320325513786594	1.0	0.5596445693007545	0.22834816177965878	0.148299176627252	0.31484044853580634	0.13891915591310683	0.16483314267845492	0.17161148417123373	0.3362575300327113	0.45357205466458206	0.3585824476871232	0.23111317329548617	1.0	0.19045616828207096	0.33710493131176733	0.409723671976391	0.5199420962709768	0.47001059673202755	0.5571372272407987	0.18099070167463874	0.1767879419658211	0.16915773597337663	0.20473720463092596	0.2259446786086225	0.20318829732504926	1.0	0.19678171467079253	0.1606585636282445	0.24733706462981941	0.6524007805500077	0.27414898988099645	0.6421005943535795	0.18606613634669783
ja	1.0	0.2808770629763964	1.0	1.0	0.2728857668211948	0.18809087642419536	0.7155258672934655	0.22949935876538977	0.24144164397928586	0.21443088049190914	0.5932464233149596	1.0	0.49754251887997636	0.22818241683935644	0.19045616828207096	1.0	1.0	0.49068527430325504	1.0	1.0	1.0	0.26008115946988625	0.24147745643011992	0.322139840655079	0.2277734962740741	0.7002769331337118	0.21500215409355272	1.0	0.277849289292265	0.20722182288255228	0.28458095217731616	1.0	0.33863127334105947	0.8055567530094857	0.7004695573767593
ko	1.0	0.26205822729495803	1.0	1.0	0.27925965483707677	0.24677600971834385	1.0	0.4236420938508698	0.4620494416339971	0.471771897911409	0.6406217872018795	1.0	0.565831862863355	0.3458434005627375	0.33710493131176733	1.0	1.0	0.4876220769765525	1.0	1.0	1.0	0.39286592024219963	0.27822989191924574	0.42525954430939095	0.25786919215065507	1.0	0.23638435276846112	1.0	0.28596930271910276	0.25575168259134023	0.5460481452419158	1.0	0.3891591426059194	0.8055567530094857	1.0
lv	1.0	0.3152142761173809	1.0	1.0	0.276367671788964	0.44828268179558656	1.0	0.49068527430325504	0.47561818108941434	0.4876220769765525	0.49068527430325504	0.5238044050299856	0.4510190487841665	0.42446891355900884	0.409723671976391	0.49068527430325504	0.4876220769765525	1.0	0.6667969795412325	0.5343528227450525	0.7376607345031153	0.5013410502380461	0.41567330893801246	0.48983226335821595	0.525104684382183	0.49068527430325504	0.24900885999708508	1.0	0.39726472781430633	0.44162147949883546	0.5702571482879352	0.7510341748895938	0.46481514592584966	0.8252244849082945	0.4876220769765525
mk	1.0	0.35711436697144583	1.0	1.0	0.5753932445026375	0.7221793916855703	1.0	1.0	0.611247971396453	1.0	1.0	1.0	0.5690555149823487	0.5104668659643252	0.5199420962709768	1.0	1.0	0.6667969795412325	1.0	1.0	1.0	0.5675129397995646	0.5747129628734963	0.6897980180502761	0.6599340711522412	1.0	0.27198980826481367	1.0	0.534975715303365	0.527137472355161	1.0	1.0	0.5999428809637918	0.8428085291297184	1.0
ml	1.0	0.31980771590722246	1.0	1.0	0.5307277267855465	0.38255811498770237	1.0	1.0	0.5247407833222423	0.7199285383279774	0.7221793916855703	1.0	0.5703997118042634	0.5960453110861883	0.47001059673202755	1.0	1.0	0.5343528227450525	1.0	1.0	1.0	0.5560096977836567	0.3811011655440128	0.6167131210802118	0.3717299871039426	1.0	0.3873468050044129	1.0	0.5006709455234211	0.5199637753162771	0.7234532828151787	1.0	0.4545813635693329	0.8137822343553781	1.0
mr	1.0	0.7455134344225701	1.0	1.0	0.576467385057977	0.7347168825662656	1.0	1.0	1.0	1.0	1.0	1.0	0.7510341748895938	0.6786291688147437	0.5571372272407987	1.0	1.0	0.7376607345031153	1.0	1.0	1.0	0.7376607345031153	0.7347168825662657	0.7376607345031153	0.629896233114065	1.0	0.41188226753420765	1.0	0.6067253066550435	0.6786291688147437	1.0	1.0	0.6786291688147437	1.0	1.0
nl	1.0	0.2652160604046004	1.0	0.7376607345031152	0.25347686597614283	0.21164005052344018	0.5457403244051618	0.20593429810534847	0.2108453549703185	0.2139170254433339	0.38330718138899134	0.557659385235973	0.4489705268290639	0.2120108602175567	0.18099070167463874	0.26008115946988625	0.39286592024219963	0.5013410502380461	0.5675129397995646	0.5560096977836567	0.7376607345031153	1.0	0.2406033347641539	0.2605558248606422	0.26192858361301546	0.26876043828843177	0.21301734293856794	1.0	0.27821792514863736	0.22839753237089427	0.24518027107838847	0.7510341748895938	0.31983453807933854	0.6814638360986219	0.3166595962620232
pl	1.0	0.2638832756543981	1.0	0.7376607345031153	0.20052101683482998	0.16349814322659037	0.3563969632239856	0.18414559461582894	0.20128887344632243	0.18525659266915157	0.31244348057277094	0.5886246368546664	0.31734058924058367	0.22817222715481614	0.1767879419658211	0.24147745643011992	0.27822989191924574	0.41567330893801246	0.5747129628734963	0.3811011655440128	0.7347168825662657	0.2406033347641539	1.0	0.19897152836913426	0.2332537138634083	0.2558766827050412	0.20522256995396995	1.0	0.25440618763733625	0.1869835233589886	0.2412468329920152	0.7455134344225701	0.26963889029567156	0.42363539393826866	0.24367377810371427
pt	1.0	0.2506479669871919	1.0	0.7376607345031152	0.24706826922314415	0.15444743154863072	0.6475250169846578	0.19085267624303595	0.21446134256727534	0.22803170821345617	0.406564070039706	0.5743801667867757	0.3968775613961324	0.25669768255551306	0.16915773597337663	0.322139840655079	0.42525954430939095	0.48983226335821595	0.6897980180502761	0.6167131210802118	0.7376607345031153	0.2605558248606422	0.19897152836913426	1.0	0.25000831102116594	0.324542335772653	0.22171862302569068	1.0	0.19723770219084724	0.24302727473363286	0.26169792440342127	1.0	0.3224079395114345	0.8055567530094857	0.32799727619564284
ro	0.7863954451402115	0.2710041011062812	1.0	0.5862835858285895	0.22667739947849141	0.2237607534222005	0.35572671316607213	0.2492566397658876	0.2415113281821991	0.22372052512200327	0.24756401832260386	0.36931145702453394	0.3316582310695903	0.22175553885201663	0.20473720463092596	0.2277734962740741	0.25786919215065507	0.525104684382183	0.6599340711522412	0.3717299871039426	0.629896233114065	0.26192858361301546	0.2332537138634083	0.25000831102116594	1.0	0.24359779410120785	0.2646249686532498	0.7690990303325336	0.22468264309787558	0.2319777040209972	0.2998505838232764	0.7510341748895938	0.2602705005493	0.8055567530094857	0.2783547310436407
ru	1.0	0.27125445280839605	1.0	1.0	0.21944554318760207	0.1687608293607614	1.0	0.29887322093418206	0.2683490481467771	0.2784486697487964	0.6377047307628824	1.0	0.5008209387322636	0.23489710790507606	0.2259446786086225	0.7002769331337118	1.0	0.49068527430325504	1.0	1.0	1.0	0.26876043828843177	0.2558766827050412	0.324542335772653	0.24359779410120785	1.0	0.24165230032366028	1.0	0.26558205509320987	0.257799134589696	0.3052141412195181	1.0	0.37588705739795353	0.8055567530094857	1.0
sh	1.0	0.2686835596581985	1.0	0.6309313336027379	0.26921995263751364	0.2014031398668259	0.40379555436058384	0.17182296299975863	0.2178210522726497	0.21689214866863113	0.2765297691720935	0.29074072893775166	0.39008030251015746	0.25862411407609076	0.20318829732504926	0.21500215409355272	0.23638435276846112	0.24900885999708508	0.27198980826481367	0.3873468050044129	0.41188226753420765	0.21301734293856794	0.20522256995396995	0.22171862302569068	0.2646249686532498	0.24165230032366028	1.0	1.0	0.23753209486348345	0.1456188491557522	0.2312796494819528	0.7510341748895937	0.21957724014897811	0.7153892138567045	0.2206764886625725
si	1.0	1.0	1.0	1.0	0.7584325078215763	0.7510341748895937	1.0	1.0	1.0	1.0	1.0	1.0	1.0	0.6964586824468322	1.0	1.0	1.0	1.0	1.0	1.0	1.0	1.0	1.0	1.0	0.7690990303325336	1.0	1.0	1.0	0.7510341748895939	1.0	1.0	1.0	1.0	1.0	1.0
simple	0.7863954451402115	0.3157145654892116	1.0	0.6204120806044474	0.2967409602545447	0.3741678009072609	0.480959244434028	0.2554852661346323	0.24958536141358612	0.27861686699207017	0.3121671214981949	0.3824777845003323	0.4626644335164664	0.21348463261565048	0.19678171467079253	0.277849289292265	0.28596930271910276	0.39726472781430633	0.534975715303365	0.5006709455234211	0.6067253066550435	0.27821792514863736	0.25440618763733625	0.19723770219084724	0.22468264309787558	0.26558205509320987	0.23753209486348345	0.7510341748895939	1.0	0.29763626923576775	0.3298183509513659	0.7106922308883379	0.2704165741835693	0.5996167913408704	0.2817649250341236
sr	1.0	0.30997047686058843	1.0	0.4155838944722242	0.29767564195387064	0.20343918253810914	0.34873337520002434	0.15903578593304635	0.2623542512058817	0.19295910300913074	0.3286963028776973	0.35192315373932426	0.39848575628354344	0.19122802452138832	0.1606585636282445	0.20722182288255228	0.25575168259134023	0.44162147949883546	0.527137472355161	0.5199637753162771	0.6786291688147437	0.22839753237089427	0.1869835233589886	0.24302727473363286	0.2319777040209972	0.257799134589696	0.1456188491557522	1.0	0.29763626923576775	1.0	0.2654685027070583	0.7106922308883379	0.2170702905385649	0.4166211411930129	0.2199389625959574
sv	1.0	0.28850255365776006	1.0	1.0	0.24930627103543126	0.16952101067513986	0.5773372087697156	0.23484000971186575	0.2329100241686178	0.22506323168971254	0.47799501152802837	0.6122131884607099	0.46938083215224946	0.3147796612958803	0.24733706462981941	0.28458095217731616	0.5460481452419158	0.5702571482879352	1.0	0.7234532828151787	1.0	0.24518027107838847	0.2412468329920152	0.26169792440342127	0.2998505838232764	0.3052141412195181	0.2312796494819528	1.0	0.3298183509513659	0.2654685027070583	1.0	1.0	0.3151859213429306	0.8055567530094857	0.2974387212460935
te	1.0	0.597762499271665	1.0	1.0	0.7510341748895938	1.0	1.0	1.0	1.0	1.0	1.0	1.0	0.6395657813917608	1.0	0.6524007805500077	1.0	1.0	0.7510341748895938	1.0	1.0	1.0	0.7510341748895938	0.7455134344225701	1.0	0.7510341748895938	1.0	0.7510341748895937	1.0	0.7106922308883379	0.7106922308883379	1.0	1.0	0.6524007805500078	0.7690990303325336	1.0
vi	1.0	0.2660715845588778	1.0	0.7942219112853846	0.3335867030877491	0.2617226556047114	0.6394300733289616	0.22347353808313855	0.2496916413833922	0.2901019040598566	0.3938501429988308	0.4220263933374678	0.4597861661257329	0.20114424372411033	0.27414898988099645	0.33863127334105947	0.3891591426059194	0.46481514592584966	0.5999428809637918	0.4545813635693329	0.6786291688147437	0.31983453807933854	0.26963889029567156	0.3224079395114345	0.2602705005493	0.37588705739795353	0.21957724014897811	1.0	0.2704165741835693	0.2170702905385649	0.3151859213429306	0.6524007805500078	1.0	0.8055567530094857	0.33541171491666544
war	1.0	0.6629719267647417	1.0	0.8137822343553781	0.8055567530094857	0.6887722645793194	0.8055567530094857	0.8055567530094857	0.8055567530094857	0.8055567530094857	0.6842521738550549	0.8137822343553781	0.8137822343553781	0.8055567530094857	0.6421005943535795	0.8055567530094857	0.8055567530094857	0.8252244849082945	0.8428085291297184	0.8137822343553781	1.0	0.6814638360986219	0.42363539393826866	0.8055567530094857	0.8055567530094857	0.8055567530094857	0.7153892138567045	1.0	0.5996167913408704	0.4166211411930129	0.8055567530094857	0.7690990303325336	0.8055567530094857	1.0	0.8055567530094857
zh	1.0	0.28588826137906553	1.0	1.0	0.27666281627185635	0.1781074635989972	1.0	0.269965150205502	0.2874459288944333	0.28843431951530907	0.6383829424521854	1.0	0.48543450769854707	0.23253316953706532	0.18606613634669783	0.7004695573767593	1.0	0.4876220769765525	1.0	1.0	1.0	0.3166595962620232	0.24367377810371427	0.32799727619564284	0.2783547310436407	1.0	0.2206764886625725	1.0	0.2817649250341236	0.2199389625959574	0.2974387212460935	1.0	0.33541171491666544	0.8055567530094857	1.0
