arz	bs	ceb	ckb	da	de	el	en	es	fr	he	hi	hu	id	it	ja	ko	lv	mk	ml	mr	nl	pl	pt	ro	ru	sh	si	simple	sr	sv	te	vi	war	zh
arz	1.0	0.6743202287441529	0.8216064286890065	0.5020797777427737	0.3617485795234599	0.5216061813276438	0.315845257483712	0.32619976016688734	0.31536630839863417	0.32619976016688734	0.33762003250600375	0.711217193216166	0.29691682303954076	0.2941976825283257	0.6073687829044919	0.5242584288967229	0.3323855725563523	0.6530383168374823	0.5426991415686013	0.5479270173084174	0.5586331074924605	0.3230715965036746	0.2935908822431841	0.3507154137374628	0.32619976016688734	0.3006269071098234	0.6064601235970369	1.0	0.37326111518295474	0.3442497297059868	0.6095724698387661	0.7863954451402115	0.3619372119876893	0.4972487470963585	0.31956319517519294
bs	0.6743202287441529	1.0	0.6482978289911543	0.4695960115558277	0.563034833662243	0.37253379288181565	0.6149006977912083	0.48784822203005296	0.6841174893561723	0.5844791505421784	0.4496053885602913	0.5655686445790714	0.49399962249131635	0.4133100508089892	0.6575660918451187	0.7411828468492555	0.49262634935803257	0.6450562649209711	0.6640237664404941	0.7288267369698331	0.37383316617324364	0.6908587525207897	0.36165209147429883	0.5666865973781696	0.6328915654280997	0.637176720385566	0.7249168679245883	0.7690990303325336	0.6012787226061053	0.5314960166837118	0.5335081552959875	0.7690990303325336	0.35330511179303326	1.0	0.48366772393918883
ceb	0.8216064286890065	0.6482978289911543	1.0	0.7863954451402115	0.38894748859518485	0.40172080655965253	0.7455053672747668	0.38484118252997285	0.5506856314180516	0.3302622660329468	0.4922746178031188	0.6302576622679178	0.48816068199815593	0.3524404799592105	0.550524447377884	0.6213579002774491	0.326265982694124	0.60032019034817	0.5388025364320161	0.41228753034574533	0.6319424566835462	0.506227420004485	0.5145377488040825	0.25360654829581697	0.5137079760307938	0.43041439006563786	0.64041946175002	0.8216064286890065	0.38890574133069705	0.3424048733168822	0.3059591251249562	1.0	0.5855131857448248	0.7495060196705011	0.4665609243382543
ckb	0.5020797777427737	0.4695960115558277	0.7863954451402115	1.0	0.6016371524477826	0.527301530915582	0.7502477598910113	0.6028639774577367	0.7362033637659952	0.6028639774577367	0.6519733776016475	0.7525766335827326	0.4192455589577537	0.4014883768627368	0.6891238433328019	0.7362033637659952	0.35578487346529936	0.7362033637659952	0.44930756545688116	0.6974604772755966	0.6101408618004387	0.7362033637659952	0.5679662391391914	0.5702222475992753	0.48305038823106056	0.6752064633424695	0.43166400025303375	1.0	0.5740309445307118	0.41615305555168386	0.7362033637659952	0.6574918396081487	0.7362033637659952	0.5020797777427737	0.6917855166788113
da	0.3617485795234599	0.563034833662243	0.38894748859518485	0.6016371524477826	1.0	0.2535954135421185	0.3147960192531491	0.19965882198371965	0.2614507103526926	0.22891943290225297	0.26156245591328614	0.30001640099875865	0.19750880405625815	0.2507748747371905	0.24814289516871188	0.27700783357980363	0.2596819441962182	0.3625885280641336	0.372950764534215	0.36734761757580264	0.35092370179735116	0.26275583494652877	0.2211327006303878	0.23476744418192463	0.24935816094489965	0.2428407082448339	0.4410314024483879	0.6494766319917661	0.21879731265873156	0.2786936538905228	0.1922245160977129	0.7106922308883379	0.2295413820007311	0.7364248481899383	0.2563450169031489
de	0.5216061813276438	0.37253379288181565	0.40172080655965253	0.527301530915582	0.2535954135421185	1.0	0.24932688107592374	0.1845239072875679	0.23797813651226846	0.17264350971709627	0.21240836277456812	0.25779461197960246	0.1876447961180923	0.20269483837566316	0.16910252255283076	0.20860086909295397	0.20279239686964948	0.2853286250191683	0.35806968247540605	0.31684883475027087	0.24294800370116382	0.22344842121232505	0.19700456727642407	0.1795473046311903	0.22557873640701326	0.17866993601509779	0.27669465973888446	0.4324378043115312	0.19938531225169542	0.2507328561823436	0.17263616888939315	0.5782427366736896	0.2011650130546211	0.5795128134499821	0.2446454505022916
el	0.315845257483712	0.6149006977912083	0.7455053672747668	0.7502477598910113	0.3147960192531491	0.24932688107592374	1.0	0.3173151088532069	0.46023069380266685	0.25462120457499154	0.41078759191569514	0.4000959289017572	0.26566355100971434	0.3333256747957382	0.40254039432144384	0.41369852148957087	0.36758540386748506	0.8173160371762792	0.6486257948400274	0.3525300763640884	0.3960717897379857	0.2975960024159847	0.3361981798841388	0.3371289664995101	0.37016652891837926	0.2819030316090657	0.7350920944131153	1.0	0.37361794667668996	0.34357166466566075	0.4081486596551385	0.5106157745435195	0.3371243802820575	0.7411828468492555	0.34346691376783456
en	0.32619976016688734	0.48784822203005296	0.38484118252997285	0.6028639774577367	0.19965882198371965	0.1845239072875679	0.3173151088532069	1.0	0.1837710486865781	0.16202925169603424	0.2278470973297589	0.2036580958735762	0.2048899992772543	0.17585771970046224	0.15652794022209401	0.17479122910074207	0.17778756994784012	0.4216277591140052	0.45402891886609026	0.3351860360111315	0.27024434832211147	0.21411828246200493	0.18974374576936204	0.17980819009337692	0.21165684743624527	0.15407613983777424	0.32345352308886166	0.49587444676263853	0.2286391591377868	0.24134373234937415	0.15766979381335317	0.2569480340643958	0.1685754997046375	0.6575660918451188	0.23744166633417133
es	0.31536630839863417	0.6841174893561723	0.5506856314180516	0.7362033637659952	0.2614507103526926	0.23797813651226846	0.46023069380266685	0.1837710486865781	1.0	0.16856676582594946	0.3274319043738891	0.33024866765517463	0.2089561719835274	0.23453292776091533	0.195601803568341	0.24915060088680815	0.2320492849005733	0.5623843274722314	0.5235548323717948	0.37807881435541935	0.4089156758288584	0.2531843477663267	0.2262289872978175	0.2083829409716293	0.2859578079741312	0.17964931367592932	0.41315592274665053	0.6223041007404059	0.266273624043427	0.32410027824823034	0.1832068127689036	0.36962203226560153	0.18743379741428443	0.6575660918451188	0.24761619161103102
fr	0.32619976016688734	0.5844791505421784	0.3302622660329468	0.6028639774577367	0.22891943290225297	0.17264350971709627	0.25462120457499154	0.16202925169603424	0.16856676582594946	1.0	0.22296073980017483	0.22938987990152707	0.1888697992012716	0.17344094847040778	0.16375675820730912	0.18151660487722537	0.18123733210707185	0.36870958778734547	0.35364466283827084	0.29473814175107454	0.273346562080699	0.22220476159037653	0.22076698977722742	0.19329783766000158	0.21291520386478321	0.15413106838882792	0.3011449171196936	0.5272097839316496	0.2040235753893033	0.2796450988129682	0.1587047680279551	0.34163205179049827	0.18161360829244738	0.404318940363031	0.19234920011827006
he	0.33762003250600375	0.4496053885602913	0.4922746178031188	0.6519733776016475	0.26156245591328614	0.21240836277456812	0.41078759191569514	0.2278470973297589	0.3274319043738891	0.22296073980017483	1.0	0.26399045291219947	0.24363189675829905	0.23228028024249348	0.19655116139229065	0.3044865232912457	0.2509509957577013	0.35654330463834577	0.3648164191989443	0.3714416580927566	0.38960217139637743	0.20728754392743343	0.2540545424101398	0.21533267657090294	0.22250888897675788	0.2547293628890624	0.2644217745002424	0.5675037222267157	0.27562269384801247	0.3217509243201576	0.19198112905606315	0.5515609970007013	0.22197485644516474	0.59060524733909	0.280613725005461
hi	0.711217193216166	0.5655686445790714	0.6302576622679178	0.7525766335827326	0.30001640099875865	0.25779461197960246	0.4000959289017572	0.2036580958735762	0.33024866765517463	0.22938987990152707	0.26399045291219947	1.0	0.25732300038336503	0.21616765473144486	0.31731539902209477	0.3171623170465925	0.3201031570555002	0.532010891465984	0.48408545063548347	0.4280541437113151	0.28785421343574974	0.34252781048472897	0.2936029594960845	0.23204643829214877	0.30634324976329014	0.26247219920828246	0.288849297557435	0.44005733593226093	0.3011849434462628	0.3016667854344433	0.30055088564752525	0.27761894534992737	0.36608643115199974	0.7106922308883379	0.2383928525964167
hu	0.29691682303954076	0.49399962249131635	0.48816068199815593	0.4192455589577537	0.19750880405625815	0.1876447961180923	0.26566355100971434	0.2048899992772543	0.2089561719835274	0.1888697992012716	0.24363189675829905	0.25732300038336503	1.0	0.28764263418891933	0.24161850064551613	0.19841108381421602	0.24458460070048996	0.29038659150284013	0.2859319728630206	0.2715798538786762	0.2867406284484349	0.2293110604993779	0.24124395377570937	0.25142765941171696	0.22169657305908047	0.18482566532013323	0.33175991427565427	0.5890063285446017	0.2607028855470602	0.2594318640846718	0.17988266937955052	0.6722221621197193	0.1795785954865331	0.52443784874111	0.2030942090402472
id	0.2941976825283257	0.4133100508089892	0.3524404799592105	0.4014883768627368	0.2507748747371905	0.20269483837566316	0.3333256747957382	0.17585771970046224	0.23453292776091533	0.17344094847040778	0.23228028024249348	0.21616765473144486	0.28764263418891933	1.0	0.2200940382431416	0.2341918233240593	0.231341217451984	0.48104771979506034	0.35161171278730746	0.3237947809628207	0.2573503962237732	0.27269351706000955	0.2129031986534088	0.17376278417516475	0.2421804249088555	0.16769076461844065	0.31654083654309473	0.5811824348635611	0.23384722045884457	0.22985640993980555	0.20282834463823543	0.28396820283386315	0.17709436648497948	0.42168175288031995	0.2250680804446507
it	0.6073687829044919	0.6575660918451187	0.550524447377884	0.6891238433328019	0.24814289516871188	0.16910252255283076	0.40254039432144384	0.15652794022209401	0.195601803568341	0.16375675820730912	0.19655116139229065	0.31731539902209477	0.24161850064551613	0.2200940382431416	1.0	0.18677732762827032	0.2352057702017267	0.48305920214968306	0.4277356578059012	0.32286683738744315	0.34093207157491123	0.2324094491418675	0.22449542368341213	0.1679287154240723	0.1961426704198009	0.1600247275236018	0.37581707717548873	0.503389747967765	0.29190198770433	0.2785285522306755	0.15843171434675976	0.6257093889973905	0.244150839687336	0.6813557556905478	0.23066437984595975
ja	0.5242584288967229	0.7411828468492555	0.6213579002774491	0.7362033637659952	0.27700783357980363	0.20860086909295397	0.41369852148957087	0.17479122910074207	0.24915060088680815	0.18151660487722537	0.3044865232912457	0.3171623170465925	0.19841108381421602	0.2341918233240593	0.18677732762827032	1.0	0.20367792590509715	0.6184939602148656	0.41127482256882825	0.30123599175556487	0.4689595669737638	0.24724666527299555	0.18433742145139287	0.2045987014736243	0.2542763253906871	0.19498695209244402	0.4942170766958444	0.6223041007404059	0.2883155974131173	0.29422405868741475	0.17182584234604772	0.479443735168222	0.18865101913281399	0.6562661056221563	0.2514935022819967
ko	0.3323855725563523	0.49262634935803257	0.326265982694124	0.35578487346529936	0.2596819441962182	0.20279239686964948	0.36758540386748506	0.17778756994784012	0.2320492849005733	0.18123733210707185	0.2509509957577013	0.3201031570555002	0.24458460070048996	0.231341217451984	0.2352057702017267	0.20367792590509715	1.0	0.42291094020825226	0.4266365692352522	0.3144886132797053	0.3728262244914589	0.2866198809108612	0.2486409629033936	0.22342945331883443	0.29890776882136044	0.21773605798936313	0.2745988727837029	0.612327391080295	0.27945052762962075	0.35100235944601127	0.2542550759382049	0.5118143257363927	0.16782078136496253	0.6171958725056237	0.21926415326805498
lv	0.6530383168374823	0.6450562649209711	0.60032019034817	0.7362033637659952	0.3625885280641336	0.2853286250191683	0.8173160371762792	0.4216277591140052	0.5623843274722314	0.36870958778734547	0.35654330463834577	0.532010891465984	0.29038659150284013	0.48104771979506034	0.48305920214968306	0.6184939602148656	0.42291094020825226	1.0	0.5141341745130399	0.5229178050967296	0.3200326862507619	0.458425084096262	0.39998752340874977	0.3758352588064098	0.35355062454399283	0.4219670936136834	0.32026605519471923	1.0	0.2783488316328485	0.2759445057629901	0.4871930074992674	0.6645255677228384	0.37945905104281236	0.7510341748895938	0.318176424433603
mk	0.5426991415686013	0.6640237664404941	0.5388025364320161	0.44930756545688116	0.372950764534215	0.35806968247540605	0.6486257948400274	0.45402891886609026	0.5235548323717948	0.35364466283827084	0.3648164191989443	0.48408545063548347	0.2859319728630206	0.35161171278730746	0.4277356578059012	0.41127482256882825	0.4266365692352522	0.5141341745130399	1.0	0.3832163759281434	0.3879747159699557	0.4727701310086953	0.37752760770894017	0.39604794729533616	0.4159523320769069	0.29527998824859725	0.33018391130696195	0.7584325078215763	0.4136821719625347	0.26348829993548084	0.4558792748416834	0.7690990303325336	0.40236155080742314	0.7411828468492555	0.3407645312175535
ml	0.5479270173084174	0.7288267369698331	0.41228753034574533	0.6974604772755966	0.36734761757580264	0.31684883475027087	0.3525300763640884	0.3351860360111315	0.37807881435541935	0.29473814175107454	0.3714416580927566	0.4280541437113151	0.2715798538786762	0.3237947809628207	0.32286683738744315	0.30123599175556487	0.3144886132797053	0.5229178050967296	0.3832163759281434	1.0	0.3295240777372994	0.46119066432071554	0.28133056135307816	0.3540576993577903	0.2663169743317073	0.3147654107166428	0.5959507022761383	0.43313205215962286	0.37853106859831254	0.46247771244564867	0.2844122298173471	0.4765760293690614	0.43903143499383684	0.6600137463761376	0.33037028450978345
mr	0.5586331074924605	0.37383316617324364	0.6319424566835462	0.6101408618004387	0.35092370179735116	0.24294800370116382	0.3960717897379857	0.27024434832211147	0.4089156758288584	0.273346562080699	0.38960217139637743	0.28785421343574974	0.2867406284484349	0.2573503962237732	0.34093207157491123	0.4689595669737638	0.3728262244914589	0.3200326862507619	0.3879747159699557	0.3295240777372994	1.0	0.32417773984273257	0.286675275541951	0.3283023720669973	0.3060455373311808	0.3483964102477118	0.3050338531653063	0.6317897517153145	0.25375361614210323	0.34865879709647046	0.3690737629732507	0.34222809807980104	0.2777429454489567	0.7105872722972745	0.3383083489336436
nl	0.3230715965036746	0.6908587525207897	0.506227420004485	0.7362033637659952	0.26275583494652877	0.22344842121232505	0.2975960024159847	0.21411828246200493	0.2531843477663267	0.22220476159037653	0.20728754392743343	0.34252781048472897	0.2293110604993779	0.27269351706000955	0.2324094491418675	0.24724666527299555	0.2866198809108612	0.458425084096262	0.4727701310086953	0.46119066432071554	0.32417773984273257	1.0	0.2543439706024818	0.2061518512682383	0.26943082159469783	0.17306970837379665	0.391372994200361	0.629896233114065	0.25128348426563174	0.30937228870142625	0.24279067931497886	0.8602847163987822	0.18847674710094126	0.6575660918451187	0.2521575720471817
pl	0.2935908822431841	0.36165209147429883	0.5145377488040825	0.5679662391391914	0.2211327006303878	0.19700456727642407	0.3361981798841388	0.18974374576936204	0.2262289872978175	0.22076698977722742	0.2540545424101398	0.2936029594960845	0.24124395377570937	0.2129031986534088	0.22449542368341213	0.18433742145139287	0.2486409629033936	0.39998752340874977	0.37752760770894017	0.28133056135307816	0.286675275541951	0.2543439706024818	1.0	0.19833657871859475	0.23067327245431682	0.20440292521083156	0.3752942778152334	0.5272988611644213	0.1958654007963136	0.2958660638012131	0.18454965065814552	0.6136772121750642	0.19042233599080946	0.5196790651219063	0.23229356027142725
pt	0.3507154137374628	0.5666865973781696	0.25360654829581697	0.5702222475992753	0.23476744418192463	0.1795473046311903	0.3371289664995101	0.17980819009337692	0.2083829409716293	0.19329783766000158	0.21533267657090294	0.23204643829214877	0.25142765941171696	0.17376278417516475	0.1679287154240723	0.2045987014736243	0.22342945331883443	0.3758352588064098	0.39604794729533616	0.3540576993577903	0.3283023720669973	0.2061518512682383	0.19833657871859475	1.0	0.19614290770171633	0.18646362727025864	0.3636448911804895	0.4440382410061942	0.22029369763630186	0.2636878795405929	0.1710485285251018	0.6401568872229112	0.2483436309831718	0.5896994393283829	0.21948193318701573
ro	0.32619976016688734	0.6328915654280997	0.5137079760307938	0.48305038823106056	0.24935816094489965	0.22557873640701326	0.37016652891837926	0.21165684743624527	0.2859578079741312	0.21291520386478321	0.22250888897675788	0.30634324976329014	0.22169657305908047	0.2421804249088555	0.1961426704198009	0.2542763253906871	0.29890776882136044	0.35355062454399283	0.4159523320769069	0.2663169743317073	0.3060455373311808	0.26943082159469783	0.23067327245431682	0.19614290770171633	1.0	0.22311525579770744	0.45045917786455475	0.6616855201419991	0.3121128775896698	0.31946084418223525	0.18493628915881705	0.3987283934306332	0.25416249382866374	0.575783891745346	0.26419544234093423
ru	0.3006269071098234	0.637176720385566	0.43041439006563786	0.6752064633424695	0.2428407082448339	0.17866993601509779	0.2819030316090657	0.15407613983777424	0.17964931367592932	0.15413106838882792	0.2547293628890624	0.26247219920828246	0.18482566532013323	0.16769076461844065	0.1600247275236018	0.19498695209244402	0.21773605798936313	0.4219670936136834	0.29527998824859725	0.3147654107166428	0.3483964102477118	0.17306970837379665	0.20440292521083156	0.18646362727025864	0.22311525579770744	1.0	0.37053166470720694	0.5904448127742231	0.22039813196071956	0.29083243371376466	0.1673552907135581	0.5644671375650502	0.16791665709641024	0.7230154404877006	0.224393323329461
sh	0.6064601235970369	0.7249168679245883	0.64041946175002	0.43166400025303375	0.4410314024483879	0.27669465973888446	0.7350920944131153	0.32345352308886166	0.41315592274665053	0.3011449171196936	0.2644217745002424	0.288849297557435	0.33175991427565427	0.31654083654309473	0.37581707717548873	0.4942170766958444	0.2745988727837029	0.32026605519471923	0.33018391130696195	0.5959507022761383	0.3050338531653063	0.391372994200361	0.3752942778152334	0.3636448911804895	0.45045917786455475	0.37053166470720694	1.0	0.5825734869277464	0.3255079552510833	0.35730080010445636	0.4574320161611295	0.8943504275997424	0.24059078118987182	0.6993664772250634	0.26930351368033173
si	1.0	0.7690990303325336	0.8216064286890065	1.0	0.6494766319917661	0.4324378043115312	1.0	0.49587444676263853	0.6223041007404059	0.5272097839316496	0.5675037222267157	0.44005733593226093	0.5890063285446017	0.5811824348635611	0.503389747967765	0.6223041007404059	0.612327391080295	1.0	0.7584325078215763	0.43313205215962286	0.6317897517153145	0.629896233114065	0.5272988611644213	0.4440382410061942	0.6616855201419991	0.5904448127742231	0.5825734869277464	1.0	0.34456026432550846	0.7510341748895938	0.45480352866382917	1.0	0.528575712780278	1.0	0.3829677330435767
simple	0.37326111518295474	0.6012787226061053	0.38890574133069705	0.5740309445307118	0.21879731265873156	0.19938531225169542	0.37361794667668996	0.2286391591377868	0.266273624043427	0.2040235753893033	0.27562269384801247	0.3011849434462628	0.2607028855470602	0.23384722045884457	0.29190198770433	0.2883155974131173	0.27945052762962075	0.2783488316328485	0.4136821719625347	0.37853106859831254	0.25375361614210323	0.25128348426563174	0.1958654007963136	0.22029369763630186	0.3121128775896698	0.22039813196071956	0.3255079552510833	0.34456026432550846	1.0	0.2954302866951323	0.18881882819824672	0.5266776368629941	0.19404920598682648	0.5706601483773379	0.26369138975407985
sr	0.3442497297059868	0.5314960166837118	0.3424048733168822	0.41615305555168386	0.2786936538905228	0.2507328561823436	0.34357166466566075	0.24134373234937415	0.32410027824823034	0.2796450988129682	0.3217509243201576	0.3016667854344433	0.2594318640846718	0.22985640993980555	0.2785285522306755	0.29422405868741475	0.35100235944601127	0.2759445057629901	0.26348829993548084	0.46247771244564867	0.34865879709647046	0.30937228870142625	0.2958660638012131	0.2636878795405929	0.31946084418223525	0.29083243371376466	0.35730080010445636	0.7510341748895938	0.2954302866951323	1.0	0.2871353920069246	0.3530681757456055	0.25344324429031423	0.37234229439832595	0.251614053382159
sv	0.6095724698387661	0.5335081552959875	0.3059591251249562	0.7362033637659952	0.1922245160977129	0.17263616888939315	0.4081486596551385	0.15766979381335317	0.1832068127689036	0.1587047680279551	0.19198112905606315	0.30055088564752525	0.17988266937955052	0.20282834463823543	0.15843171434675976	0.17182584234604772	0.2542550759382049	0.4871930074992674	0.4558792748416834	0.2844122298173471	0.3690737629732507	0.24279067931497886	0.18454965065814552	0.1710485285251018	0.18493628915881705	0.1673552907135581	0.4574320161611295	0.45480352866382917	0.18881882819824672	0.2871353920069246	1.0	0.6615537785923374	0.2345963301240705	0.7455134344225701	0.2293453433419398
te	0.7863954451402115	0.7690990303325336	1.0	0.6574918396081487	0.7106922308883379	0.5782427366736896	0.5106157745435195	0.2569480340643958	0.36962203226560153	0.34163205179049827	0.5515609970007013	0.27761894534992737	0.6722221621197193	0.28396820283386315	0.6257093889973905	0.479443735168222	0.5118143257363927	0.6645255677228384	0.7690990303325336	0.4765760293690614	0.34222809807980104	0.8602847163987822	0.6136772121750642	0.6401568872229112	0.3987283934306332	0.5644671375650502	0.8943504275997424	1.0	0.5266776368629941	0.3530681757456055	0.6615537785923374	1.0	0.7106922308883379	0.7690990303325336	0.40382120170779323
vi	0.3619372119876893	0.35330511179303326	0.5855131857448248	0.7362033637659952	0.2295413820007311	0.2011650130546211	0.3371243802820575	0.1685754997046375	0.18743379741428443	0.18161360829244738	0.22197485644516474	0.36608643115199974	0.1795785954865331	0.17709436648497948	0.244150839687336	0.18865101913281399	0.16782078136496253	0.37945905104281236	0.40236155080742314	0.43903143499383684	0.2777429454489567	0.18847674710094126	0.19042233599080946	0.2483436309831718	0.25416249382866374	0.16791665709641024	0.24059078118987182	0.528575712780278	0.19404920598682648	0.25344324429031423	0.2345963301240705	0.7106922308883379	1.0	0.6085040222105044	0.17193316543714837
war	0.4972487470963585	1.0	0.7495060196705011	0.5020797777427737	0.7364248481899383	0.5795128134499821	0.7411828468492555	0.6575660918451188	0.6575660918451188	0.404318940363031	0.59060524733909	0.7106922308883379	0.52443784874111	0.42168175288031995	0.6813557556905478	0.6562661056221563	0.6171958725056237	0.7510341748895938	0.7411828468492555	0.6600137463761376	0.7105872722972745	0.6575660918451187	0.5196790651219063	0.5896994393283829	0.575783891745346	0.7230154404877006	0.6993664772250634	1.0	0.5706601483773379	0.37234229439832595	0.7455134344225701	0.7690990303325336	0.6085040222105044	1.0	0.3400282156621399
zh	0.31956319517519294	0.48366772393918883	0.4665609243382543	0.6917855166788113	0.2563450169031489	0.2446454505022916	0.34346691376783456	0.23744166633417133	0.24761619161103102	0.19234920011827006	0.280613725005461	0.2383928525964167	0.2030942090402472	0.2250680804446507	0.23066437984595975	0.2514935022819967	0.21926415326805498	0.318176424433603	0.3407645312175535	0.33037028450978345	0.3383083489336436	0.2521575720471817	0.23229356027142725	0.21948193318701573	0.26419544234093423	0.224393323329461	0.26930351368033173	0.3829677330435767	0.26369138975407985	0.251614053382159	0.2293453433419398	0.40382120170779323	0.17193316543714837	0.3400282156621399	1.0
