arz	bs	ceb	ckb	da	de	el	en	es	fr	he	hi	hu	id	it	ja	ko	lv	mk	ml	mr	nl	pl	pt	ro	ru	sh	si	simple	sr	sv	te	vi	war	zh
arz	1.0	0.7376607345031153	0.0	1.0	0.7234532828151788	1.0	1.0	0.32334183801190536	0.651610424238932	0.7189258117174853	1.0	1.0	1.0	0.7171176902274348	0.3990878671603629	1.0	1.0	1.0	1.0	1.0	1.0	0.5019742857473475	0.6549329476340925	0.6084370696808219	1.0	1.0	0.6193113617177751	1.0	1.0	1.0	0.7221793916855703	1.0	1.0	1.0	1.0
bs	0.7376607345031153	1.0	0.0	0.6908587525207897	0.2626844474610048	0.19549856722054046	0.2095657321675964	0.16559716437899527	0.17865139061239133	0.17785662486347922	0.19707321790874918	0.4134939230489704	0.38841934153347063	0.1924757206987444	0.15212327261010714	0.24583429196953405	0.20146859869367012	0.3888553603886831	0.24980851009022254	0.7248485669756152	0.5944614612750622	0.18838561840692594	0.22500943532331247	0.16780072428536122	0.29759507484785724	0.18319196143324892	0.17125988399286038	0.7455134344225701	0.26583133361498273	0.18909276833597335	0.2825796966420888	1.0	0.2563582859507569	0.6436895599575894	0.24022380798087759
ceb	0.0	0.0	1.0	0.0	1.0	1.0	1.0	1.0	1.0	1.0	1.0	1.0	1.0	1.0	1.0	1.0	1.0	1.0	1.0	0.0	1.0	1.0	1.0	1.0	1.0	1.0	1.0	0.0	1.0	1.0	1.0	0.0	1.0	0.0	1.0
ckb	1.0	0.6908587525207897	0.0	1.0	1.0	0.7347168825662657	1.0	0.7347168825662656	1.0	1.0	1.0	1.0	1.0	1.0	0.7347168825662657	1.0	1.0	1.0	1.0	1.0	1.0	1.0	1.0	0.7347168825662656	0.7411828468492556	1.0	0.6786291688147437	1.0	1.0	1.0	0.6248466930879271	1.0	1.0	1.0	1.0
da	0.7234532828151788	0.2626844474610048	1.0	1.0	1.0	0.12667837561108863	0.17986000663608076	0.10007838598208874	0.12467952685324558	0.12040856226484024	0.14995228991779902	0.27541883196999717	0.19454407829117804	0.12501448457782502	0.1138264061759821	0.1426251087902902	0.14014042584372868	0.2136722185146375	0.21377060953286434	0.21053180947314468	0.4065779562816709	0.11211505596269385	0.12744314685372857	0.1204613636670871	0.16111453384316765	0.14360454065574085	0.14215393918705144	0.3270521163689034	0.18216323839568896	0.14967430764160422	0.12068484970648445	1.0	0.16040409024193075	0.6221982196391784	0.13782839492368448
de	1.0	0.19549856722054046	1.0	0.7347168825662657	0.12667837561108863	1.0	0.2486827615055651	0.08001049690328925	0.08841679988700192	0.07741441306003016	0.20147478946845176	0.39258125697819046	0.2349966167199701	0.10100171630560614	0.08896335854100468	0.17433798928565006	0.17081771543548036	0.41960912090759267	0.41669492371342665	0.5276902467441386	0.6243115775552806	0.0991583098844747	0.08193574649094713	0.0815891572492076	0.21023793563240475	0.09837321136553914	0.13067375852091026	1.0	0.19986925607958367	0.16506066745596565	0.10847058287606279	1.0	0.2379557618235878	1.0	0.17603567141047313
el	1.0	0.2095657321675964	1.0	1.0	0.17986000663608076	0.2486827615055651	1.0	0.13343165448843697	0.2109824289613284	0.18168306079556706	1.0	1.0	1.0	0.20748520314848815	0.13206512866460415	1.0	1.0	0.7026445955663438	1.0	1.0	1.0	0.1400550003934571	0.21562351677256267	0.19499557326514833	0.44999550125400006	1.0	0.1915917073968646	1.0	0.34430624020894807	0.5320286462024124	0.2147994270228519	1.0	1.0	1.0	1.0
en	0.32334183801190536	0.16559716437899527	1.0	0.7347168825662656	0.10007838598208874	0.08001049690328925	0.13343165448843697	1.0	0.06915902952159007	0.06403634696761834	0.12009243916768997	0.1671281327847866	0.14332672563463358	0.07240334331693579	0.08493154825536553	0.11995999093058436	0.11555266345603757	0.17868868943902397	0.14972349986086908	0.19964258120003828	0.27911259026617	0.08444672273365186	0.07748725198654398	0.07173313289420917	0.1317951261450746	0.10637284868717123	0.09107708660414432	0.5138317986624015	0.1575330512803659	0.11463780017850954	0.08482079814146763	0.3865966302102591	0.1270459490961607	0.658925744020971	0.1216969779159502
es	0.651610424238932	0.17865139061239133	1.0	1.0	0.12467952685324558	0.08841679988700192	0.2109824289613284	0.06915902952159007	1.0	0.06774391566884418	0.17083019664791385	0.3307318119418543	0.23959833951164572	0.08138482092322699	0.08443677648836953	0.1596350309613527	0.14640844989363888	0.4311547766745628	0.3763386370323471	0.48997082483189625	0.43209889955718433	0.08977820864957291	0.09085220484078588	0.07285341950395126	0.19785234141597266	0.0918041347405377	0.10225311800326443	1.0	0.2147971277435466	0.11970635367711871	0.09183243178648805	0.728099120889861	0.21037054160625368	0.7234532828151788	0.1440430626790309
fr	0.7189258117174853	0.17785662486347922	1.0	1.0	0.12040856226484024	0.07741441306003016	0.18168306079556706	0.06403634696761834	0.06774391566884418	1.0	0.1324333770508621	0.4021970274232106	0.18537026673183166	0.07388025339696831	0.07304566431193445	0.12402868884762108	0.11854330322650529	0.2842251281319909	0.2609956287413128	0.5297181062713354	0.4227213080205473	0.08390343718018392	0.08053780403919517	0.06977511550526437	0.16844035467659454	0.08155423753050288	0.10091566606515635	0.3866516195742559	0.18201839015600674	0.11461017007134298	0.08525688919435688	1.0	0.14914961979054808	0.3871046741624734	0.10784084975673372
he	1.0	0.19707321790874918	1.0	1.0	0.14995228991779902	0.20147478946845176	1.0	0.12009243916768997	0.17083019664791385	0.1324333770508621	1.0	1.0	1.0	0.15017245687502695	0.14052053410880389	1.0	1.0	0.5784924135590312	1.0	1.0	1.0	0.11471830138985954	0.18119184786223902	0.13971193083891084	0.485546982064995	1.0	0.19122349813408038	1.0	0.24008754003858956	0.6127758606846898	0.15877723712477784	1.0	1.0	1.0	1.0
hi	1.0	0.4134939230489704	1.0	1.0	0.27541883196999717	0.39258125697819046	1.0	0.1671281327847866	0.3307318119418543	0.4021970274232106	1.0	1.0	1.0	0.34772099902212844	0.17796647370622126	1.0	1.0	0.7106212328351247	1.0	1.0	1.0	0.23688786063109377	0.35415106963481935	0.3401010045848981	0.6331916763644952	1.0	0.2753533062898093	1.0	0.35346934654824963	1.0	0.3745315793044635	1.0	1.0	1.0	1.0
hu	1.0	0.38841934153347063	1.0	1.0	0.19454407829117804	0.2349966167199701	1.0	0.14332672563463358	0.23959833951164572	0.18537026673183166	1.0	1.0	1.0	0.1787379177969739	0.13171701642919856	0.6170691224431427	0.6936610229131303	0.6280783374972719	1.0	1.0	1.0	0.15160816231627916	0.20971866293540342	0.19092289744492585	0.5393904523231267	0.6131849866518172	0.18119680208095945	1.0	0.29840823783002823	0.5042717624545672	0.19384512155695563	1.0	0.6967033415961644	1.0	0.6935746784206747
id	0.7171176902274348	0.1924757206987444	1.0	1.0	0.12501448457782502	0.10100171630560614	0.20748520314848815	0.07240334331693579	0.08138482092322699	0.07388025339696831	0.15017245687502695	0.34772099902212844	0.1787379177969739	1.0	0.08408030961635767	0.13146271974930776	0.12505125188382613	0.30762544962839233	0.30038959691555145	0.4657840335256104	0.5341700335076341	0.09844440080034073	0.10174400893038438	0.07562272529077527	0.18510025987643555	0.09362199501285144	0.11132020018564442	1.0	0.20693595752682334	0.12717554273426207	0.10599563130954265	1.0	0.19379610181036586	1.0	0.12034347426821165
it	0.3990878671603629	0.15212327261010714	1.0	0.7347168825662657	0.1138264061759821	0.08896335854100468	0.13206512866460415	0.08493154825536553	0.08443677648836953	0.07304566431193445	0.14052053410880389	0.17796647370622126	0.13171701642919856	0.08408030961635767	1.0	0.127331675480828	0.12630767035874105	0.17626821759010816	0.1740401144300885	0.23673774339602166	0.18060307201159334	0.08796953731139723	0.08693647736334503	0.08244039709753709	0.14134590741172748	0.12094321317676984	0.10169809824741695	0.524323792511318	0.1565913088197495	0.12470457465056642	0.09244666208785986	0.6291008052842829	0.13494160744703534	0.6638546162332061	0.12784531163807838
ja	1.0	0.24583429196953405	1.0	1.0	0.1426251087902902	0.17433798928565006	1.0	0.11995999093058436	0.1596350309613527	0.12402868884762108	1.0	1.0	0.6170691224431427	0.13146271974930776	0.127331675480828	1.0	1.0	0.578788446969893	1.0	1.0	1.0	0.12643883089927166	0.13781040241196713	0.11615845027086077	0.4039625162156995	1.0	0.13675048076922164	1.0	0.27950104662778	0.500877257668302	0.14076815533279713	1.0	1.0	1.0	1.0
ko	1.0	0.20146859869367012	1.0	1.0	0.14014042584372868	0.17081771543548036	1.0	0.11555266345603757	0.14640844989363888	0.11854330322650529	1.0	1.0	0.6936610229131303	0.12505125188382613	0.12630767035874105	1.0	1.0	0.5790916044961201	1.0	1.0	1.0	0.13031409229016122	0.14132051247092356	0.12148970065267878	0.4410662056447782	1.0	0.14104373477718996	1.0	0.23191398539665187	0.5009478046110883	0.144542515245948	1.0	1.0	1.0	1.0
lv	1.0	0.3888553603886831	1.0	1.0	0.2136722185146375	0.41960912090759267	0.7026445955663438	0.17868868943902397	0.4311547766745628	0.2842251281319909	0.5784924135590312	0.7106212328351247	0.6280783374972719	0.30762544962839233	0.17626821759010816	0.578788446969893	0.5790916044961201	1.0	1.0	1.0	1.0	0.24812494234568705	0.2650999131052743	0.3104089237175762	0.4909461967530138	0.5321778818061639	0.3321171722445951	1.0	0.39351846068888696	0.5406458305056003	0.321305841918853	1.0	0.7019395434758633	1.0	0.5357364608784483
mk	1.0	0.24980851009022254	1.0	1.0	0.21377060953286434	0.41669492371342665	1.0	0.14972349986086908	0.3763386370323471	0.2609956287413128	1.0	1.0	1.0	0.30038959691555145	0.1740401144300885	1.0	1.0	1.0	1.0	1.0	1.0	0.238307356825282	0.3016074761925415	0.26732232460426886	0.5797204875684808	1.0	0.24691994153781333	1.0	0.48834618908041516	0.6197907398271953	0.3298484236074012	1.0	1.0	1.0	1.0
ml	1.0	0.7248485669756152	0.0	1.0	0.21053180947314468	0.5276902467441386	1.0	0.19964258120003828	0.48997082483189625	0.5297181062713354	1.0	1.0	1.0	0.4657840335256104	0.23673774339602166	1.0	1.0	1.0	1.0	1.0	1.0	0.3521764069621061	0.4238954294361909	0.3246464227848973	0.5932464233149597	1.0	0.47507222190286075	1.0	0.7116768074483948	1.0	0.3611937686984724	1.0	1.0	1.0	1.0
mr	1.0	0.5944614612750622	1.0	1.0	0.4065779562816709	0.6243115775552806	1.0	0.27911259026617	0.43209889955718433	0.4227213080205473	1.0	1.0	1.0	0.5341700335076341	0.18060307201159334	1.0	1.0	1.0	1.0	1.0	1.0	0.33566824919733607	0.5624020363072972	0.42652370730039574	1.0	1.0	0.5252922457263964	1.0	0.7111374370280844	1.0	0.4386138948975994	1.0	1.0	1.0	1.0
nl	0.5019742857473475	0.18838561840692594	1.0	1.0	0.11211505596269385	0.0991583098844747	0.1400550003934571	0.08444672273365186	0.08977820864957291	0.08390343718018392	0.11471830138985954	0.23688786063109377	0.15160816231627916	0.09844440080034073	0.08796953731139723	0.12643883089927166	0.13031409229016122	0.24812494234568705	0.238307356825282	0.3521764069621061	0.33566824919733607	1.0	0.09220699037067234	0.08755793450888204	0.13625373139836547	0.11512227452374335	0.10205451526019077	0.39181425842879575	0.1818637995421051	0.1150087152829107	0.10582441769282179	0.6342990224003421	0.15782537393142784	0.38665161957425587	0.12893943731232183
pl	0.6549329476340925	0.22500943532331247	1.0	1.0	0.12744314685372857	0.08193574649094713	0.21562351677256267	0.07748725198654398	0.09085220484078588	0.08053780403919517	0.18119184786223902	0.35415106963481935	0.20971866293540342	0.10174400893038438	0.08693647736334503	0.13781040241196713	0.14132051247092356	0.2650999131052743	0.3016074761925415	0.4238954294361909	0.5624020363072972	0.09220699037067234	1.0	0.08267369745777318	0.18961159365270538	0.10279767537070267	0.11410610481689613	1.0	0.2089836093708519	0.14801767751160483	0.1080531742744651	0.7347168825662656	0.22106574315544564	0.5944614612750622	0.1486729815013785
pt	0.6084370696808219	0.16780072428536122	1.0	0.7347168825662656	0.1204613636670871	0.0815891572492076	0.19499557326514833	0.07173313289420917	0.07285341950395126	0.06977511550526437	0.13971193083891084	0.3401010045848981	0.19092289744492585	0.07562272529077527	0.08244039709753709	0.11615845027086077	0.12148970065267878	0.3104089237175762	0.26732232460426886	0.3246464227848973	0.42652370730039574	0.08755793450888204	0.08267369745777318	1.0	0.17281349351498257	0.0893966552605251	0.09536153674977565	0.7263875964832449	0.19371945501246624	0.10951337532262037	0.0924486621576856	0.6740515375688697	0.146860001631663	0.6589257440209709	0.11924720204246694
ro	1.0	0.29759507484785724	1.0	0.7411828468492556	0.16111453384316765	0.21023793563240475	0.44999550125400006	0.1317951261450746	0.19785234141597266	0.16844035467659454	0.485546982064995	0.6331916763644952	0.5393904523231267	0.18510025987643555	0.14134590741172748	0.4039625162156995	0.4410662056447782	0.4909461967530138	0.5797204875684808	0.5932464233149597	1.0	0.13625373139836547	0.18961159365270538	0.17281349351498257	1.0	0.3882169634494058	0.17828530779139865	1.0	0.2469371273535007	0.379434247406857	0.21668619080275722	1.0	0.4359234670356958	0.7248485669756152	0.4374050873330587
ru	1.0	0.18319196143324892	1.0	1.0	0.14360454065574085	0.09837321136553914	1.0	0.10637284868717123	0.0918041347405377	0.08155423753050288	1.0	1.0	0.6131849866518172	0.09362199501285144	0.12094321317676984	1.0	1.0	0.5321778818061639	1.0	1.0	1.0	0.11512227452374335	0.10279767537070267	0.0893966552605251	0.3882169634494058	1.0	0.12158609024645607	1.0	0.22949306234107916	0.3434709465592087	0.11046676056456538	1.0	1.0	1.0	1.0
sh	0.6193113617177751	0.17125988399286038	1.0	0.6786291688147437	0.14215393918705144	0.13067375852091026	0.1915917073968646	0.09107708660414432	0.10225311800326443	0.10091566606515635	0.19122349813408038	0.2753533062898093	0.18119680208095945	0.11132020018564442	0.10169809824741695	0.13675048076922164	0.14104373477718996	0.3321171722445951	0.24691994153781333	0.47507222190286075	0.5252922457263964	0.10205451526019077	0.11410610481689613	0.09536153674977565	0.17828530779139865	0.12158609024645607	1.0	1.0	0.2199701733698182	0.11889223447986982	0.11965400806586265	1.0	0.17819879493713425	0.5876277661521778	0.1377919752555736
si	1.0	0.7455134344225701	0.0	1.0	0.3270521163689034	1.0	1.0	0.5138317986624015	1.0	0.3866516195742559	1.0	1.0	1.0	1.0	0.524323792511318	1.0	1.0	1.0	1.0	1.0	1.0	0.39181425842879575	1.0	0.7263875964832449	1.0	1.0	1.0	1.0	1.0	1.0	1.0	1.0	1.0	1.0	1.0
simple	1.0	0.26583133361498273	1.0	1.0	0.18216323839568896	0.19986925607958367	0.34430624020894807	0.1575330512803659	0.2147971277435466	0.18201839015600674	0.24008754003858956	0.35346934654824963	0.29840823783002823	0.20693595752682334	0.1565913088197495	0.27950104662778	0.23191398539665187	0.39351846068888696	0.48834618908041516	0.7116768074483948	0.7111374370280844	0.1818637995421051	0.2089836093708519	0.19371945501246624	0.2469371273535007	0.22949306234107916	0.2199701733698182	1.0	1.0	0.24089364250541062	0.1859637695447145	1.0	0.294526146462828	0.728099120889861	0.23512950350869252
sr	1.0	0.18909276833597335	1.0	1.0	0.14967430764160422	0.16506066745596565	0.5320286462024124	0.11463780017850954	0.11970635367711871	0.11461017007134298	0.6127758606846898	1.0	0.5042717624545672	0.12717554273426207	0.12470457465056642	0.500877257668302	0.5009478046110883	0.5406458305056003	0.6197907398271953	1.0	1.0	0.1150087152829107	0.14801767751160483	0.10951337532262037	0.379434247406857	0.3434709465592087	0.11889223447986982	1.0	0.24089364250541062	1.0	0.14395228883523065	1.0	0.6926102492068327	1.0	0.5007379240484668
sv	0.7221793916855703	0.2825796966420888	1.0	0.6248466930879271	0.12068484970648445	0.10847058287606279	0.2147994270228519	0.08482079814146763	0.09183243178648805	0.08525688919435688	0.15877723712477784	0.3745315793044635	0.19384512155695563	0.10599563130954265	0.09244666208785986	0.14076815533279713	0.144542515245948	0.321305841918853	0.3298484236074012	0.3611937686984724	0.4386138948975994	0.10582441769282179	0.1080531742744651	0.0924486621576856	0.21668619080275722	0.11046676056456538	0.11965400806586265	1.0	0.1859637695447145	0.14395228883523065	1.0	1.0	0.19892740099688683	0.6589257440209709	0.1495147042950958
te	1.0	1.0	0.0	1.0	1.0	1.0	1.0	0.3865966302102591	0.728099120889861	1.0	1.0	1.0	1.0	1.0	0.6291008052842829	1.0	1.0	1.0	1.0	1.0	1.0	0.6342990224003421	0.7347168825662656	0.6740515375688697	1.0	1.0	1.0	1.0	1.0	1.0	1.0	1.0	1.0	1.0	1.0
vi	1.0	0.2563582859507569	1.0	1.0	0.16040409024193075	0.2379557618235878	1.0	0.1270459490961607	0.21037054160625368	0.14914961979054808	1.0	1.0	0.6967033415961644	0.19379610181036586	0.13494160744703534	1.0	1.0	0.7019395434758633	1.0	1.0	1.0	0.15782537393142784	0.22106574315544564	0.146860001631663	0.4359234670356958	1.0	0.17819879493713425	1.0	0.294526146462828	0.6926102492068327	0.19892740099688683	1.0	1.0	1.0	1.0
war	1.0	0.6436895599575894	0.0	1.0	0.6221982196391784	1.0	1.0	0.658925744020971	0.7234532828151788	0.3871046741624734	1.0	1.0	1.0	1.0	0.6638546162332061	1.0	1.0	1.0	1.0	1.0	1.0	0.38665161957425587	0.5944614612750622	0.6589257440209709	0.7248485669756152	1.0	0.5876277661521778	1.0	0.728099120889861	1.0	0.6589257440209709	1.0	1.0	1.0	1.0
zh	1.0	0.24022380798087759	1.0	1.0	0.13782839492368448	0.17603567141047313	1.0	0.1216969779159502	0.1440430626790309	0.10784084975673372	1.0	1.0	0.6935746784206747	0.12034347426821165	0.12784531163807838	1.0	1.0	0.5357364608784483	1.0	1.0	1.0	0.12893943731232183	0.1486729815013785	0.11924720204246694	0.4374050873330587	1.0	0.1377919752555736	1.0	0.23512950350869252	0.5007379240484668	0.1495147042950958	1.0	1.0	1.0	1.0
