arz	bs	ceb	ckb	da	de	el	en	es	fr	he	hi	hu	id	it	ja	ko	lv	mk	ml	mr	nl	pl	pt	ro	ru	sh	si	simple	sr	sv	te	tr	vi	war	zh
arz	1.0	0.5036071768333202	0.5828763145002701	1.0	0.2707604149645533	0.0	0.0	0.0	0.0	0.0	1.0	1.0	0.35456758868386806	0.38758542660094647	0.0	0.0	0.0	0.5688932654643785	1.0	1.0	1.0	0.0	0.0	0.0	0.2246135924880341	0.0	0.3947735089358958	1.0	0.3365085945300105	1.0	0.0	1.0	1.0	1.0	0.7248485669756152	0.0
bs	0.5036071768333202	1.0	0.45168208183245534	0.5411644256050814	0.2325201329025449	0.0	0.0	0.0	0.0	0.0	0.310732116841906	0.30769260920885805	0.22559802039695837	0.2885276028158444	0.0	0.0	0.0	0.2869891538858166	0.31739760879554063	0.3212076418800083	0.3065648195509458	0.0	0.0	0.0	0.22165026645563718	0.0	0.2267617549969711	0.5501070004276065	0.2748906177530701	0.32065515284592694	0.0	0.6331263065965963	0.40735842100414466	0.29630909699719704	0.42147933077316124	0.0
ceb	0.5828763145002701	0.45168208183245534	1.0	0.6549329476340925	0.23191531744390653	0.0	0.0	0.0	0.0	0.0	0.4737210484796971	0.4574556836518798	0.30899858451190715	0.35961673260884847	0.0	0.0	0.0	0.4096253498978133	0.47551735434389675	0.5241200588180983	0.49980989851244767	0.0	0.0	0.0	0.31788866463623866	0.0	0.35794497359241806	0.7300208629885035	0.41791141653554353	0.4834154922264954	0.0	0.7322034805959264	-1.0	0.4600034184748413	0.4951587322920464	0.0
ckb	1.0	0.5411644256050814	0.6549329476340925	1.0	0.2811108714564172	0.0	0.0	0.0	0.0	0.0	1.0	1.0	0.28895232018069394	0.3306354829894728	0.0	0.0	0.0	0.5629256031880995	1.0	1.0	1.0	0.0	0.0	0.0	0.2566067249245596	0.0	0.322447684397355	1.0	0.37699746862189387	1.0	0.0	1.0	1.0	0.7111374370280844	0.724848566975615	0.0
da	0.2707604149645533	0.2325201329025449	0.23191531744390653	0.2811108714564172	1.0	0.0	0.0	0.0	0.0	0.0	0.21747925460185008	0.19193519764245162	0.16142246265035787	0.13669355300727445	0.0	0.0	0.0	0.14414282285342236	0.1833916949084341	0.19057947805039988	0.22255070752661135	0.0	0.0	0.0	0.1377075624624829	0.0	0.14884319612360625	0.6094839682520681	0.14550505529965804	0.19726485741221322	0.0	0.6147275119114748	0.4339325005339067	0.16221196681364664	0.4007948832633219	0.0
de	0.0	0.0	0.0	0.0	0.0	1.0	1.0	1.0	1.0	1.0	0.0	0.0	0.0	0.0	1.0	1.0	1.0	0.0	0.0	0.0	0.0	0.0	0.0	1.0	0.0	1.0	0.0	0.0	0.0	0.0	1.0	0.0	0.3207025185890807	0.0	0.0	1.0
el	0.0	0.0	0.0	0.0	0.0	1.0	1.0	1.0	1.0	0.0	0.0	0.0	0.0	0.0	0.0	1.0	1.0	0.0	0.0	0.0	0.0	0.0	0.0	0.0	0.0	1.0	0.0	0.0	0.0	0.0	0.0	0.0	1.0	0.0	0.0	1.0
en	0.0	0.0	0.0	0.0	0.0	1.0	1.0	1.0	1.0	1.0	0.0	0.0	0.0	0.0	1.0	1.0	1.0	0.0	0.0	0.0	0.0	0.0	0.0	1.0	0.0	1.0	0.0	0.0	0.0	0.0	1.0	0.0	0.36983923003716873	0.0	0.0	1.0
es	0.0	0.0	0.0	0.0	0.0	1.0	1.0	1.0	1.0	1.0	0.0	0.0	0.0	0.0	1.0	1.0	1.0	0.0	0.0	0.0	0.0	0.0	0.0	1.0	0.0	1.0	0.0	0.0	0.0	0.0	1.0	0.0	0.3019129075261384	0.0	0.0	1.0
fr	0.0	0.0	0.0	0.0	0.0	1.0	0.0	1.0	1.0	1.0	0.0	0.0	0.0	0.0	1.0	0.0	0.0	0.0	0.0	0.0	0.0	0.0	0.0	1.0	0.0	0.0	0.0	0.0	0.0	0.0	1.0	0.0	0.3634647968469361	0.0	0.0	1.0
he	1.0	0.310732116841906	0.4737210484796971	1.0	0.21747925460185008	0.0	0.0	0.0	0.0	0.0	1.0	1.0	0.24030140108270712	0.1847673613883625	0.0	0.0	0.0	0.21688543523925485	1.0	1.0	1.0	0.0	0.0	0.0	0.19713413464001345	0.0	0.23650833070152918	1.0	0.2112083742222671	0.7000881940917197	0.0	1.0	0.6994017365373274	0.46222351969977604	0.6532002319725722	0.0
hi	1.0	0.30769260920885805	0.4574556836518798	1.0	0.19193519764245162	0.0	0.0	0.0	0.0	0.0	1.0	1.0	0.2562957590443255	0.21040706891251504	0.0	0.0	0.0	0.32506070057456543	1.0	1.0	1.0	0.0	0.0	0.0	0.2510403533700926	0.0	0.2483221166714743	1.0	0.23887546675944413	1.0	0.0	1.0	0.74551343442257	0.4648339127992075	0.6532002319725722	0.0
hu	0.35456758868386806	0.22559802039695837	0.30899858451190715	0.28895232018069394	0.16142246265035787	0.0	0.0	0.0	0.0	0.0	0.24030140108270712	0.2562957590443255	1.0	0.15440316208140611	0.0	0.0	0.0	0.16454768449749496	0.26251114440878104	0.23375327198695597	0.2693385582797474	0.0	0.0	0.0	0.1548877674618965	0.0	0.16317230970465002	0.41213151390294805	0.16328434179247955	0.25005385201622393	0.0	0.4478977310667702	0.6524007805500077	0.25279715616919013	0.30755979246312715	0.0
id	0.38758542660094647	0.2885276028158444	0.35961673260884847	0.3306354829894728	0.13669355300727445	0.0	0.0	0.0	0.0	0.0	0.1847673613883625	0.21040706891251504	0.15440316208140611	1.0	0.0	0.0	0.0	0.13338600734533831	0.16437497448557023	0.2146044570844807	0.27359109520813607	0.0	0.0	0.0	0.134570868900441	0.0	0.15465924709854906	0.5332850699554361	0.1253081874100024	0.2086800373171188	0.0	0.6204410001869006	0.394236087633954	0.1452214170299898	0.4455170093241883	0.0
it	0.0	0.0	0.0	0.0	0.0	1.0	0.0	1.0	1.0	1.0	0.0	0.0	0.0	0.0	1.0	0.0	0.0	0.0	0.0	0.0	0.0	0.0	0.0	1.0	0.0	0.0	0.0	0.0	0.0	0.0	1.0	0.0	0.2801608607864138	0.0	0.0	1.0
ja	0.0	0.0	0.0	0.0	0.0	1.0	1.0	1.0	1.0	0.0	0.0	0.0	0.0	0.0	0.0	1.0	1.0	0.0	0.0	0.0	0.0	0.0	0.0	0.0	0.0	1.0	0.0	0.0	0.0	0.0	0.0	0.0	0.5104784238784806	0.0	0.0	1.0
ko	0.0	0.0	0.0	0.0	0.0	1.0	1.0	1.0	1.0	0.0	0.0	0.0	0.0	0.0	0.0	1.0	1.0	0.0	0.0	0.0	0.0	0.0	0.0	0.0	0.0	1.0	0.0	0.0	0.0	0.0	0.0	0.0	0.5895598144787592	0.0	0.0	1.0
lv	0.5688932654643785	0.2869891538858166	0.4096253498978133	0.5629256031880995	0.14414282285342236	0.0	0.0	0.0	0.0	0.0	0.21688543523925485	0.32506070057456543	0.16454768449749496	0.13338600734533831	0.0	0.0	0.0	1.0	0.20257194690560196	0.2766144643012413	0.3253166476482376	0.0	0.0	0.0	0.15452215489416615	0.0	0.1636132604131138	0.6081387406547981	0.152485264471101	0.25297351901745313	0.0	0.6589257440209708	0.7027262689161649	0.20107025686018273	0.6194345528189675	0.0
mk	1.0	0.31739760879554063	0.47551735434389675	1.0	0.1833916949084341	0.0	0.0	0.0	0.0	0.0	1.0	1.0	0.26251114440878104	0.16437497448557023	0.0	0.0	0.0	0.20257194690560196	1.0	1.0	1.0	0.0	0.0	0.0	0.19729053656960988	0.0	0.21426205248524294	1.0	0.1935069862229278	0.6217828714482421	0.0	1.0	0.7510341748895937	0.3612669643990124	0.7210092110599264	0.0
ml	1.0	0.3212076418800083	0.5241200588180983	1.0	0.19057947805039988	0.0	0.0	0.0	0.0	0.0	1.0	1.0	0.23375327198695597	0.2146044570844807	0.0	0.0	0.0	0.2766144643012413	1.0	1.0	1.0	0.0	0.0	0.0	0.19974449009681783	0.0	0.2841195086198804	1.0	0.2759037026030067	0.7019395434758627	0.0	1.0	0.6585785515191102	0.4565122705145492	0.6549329476340924	0.0
mr	1.0	0.3065648195509458	0.49980989851244767	1.0	0.22255070752661135	0.0	0.0	0.0	0.0	0.0	1.0	1.0	0.2693385582797474	0.27359109520813607	0.0	0.0	0.0	0.3253166476482376	1.0	1.0	1.0	0.0	0.0	0.0	0.21264114508411247	0.0	0.289450792330746	1.0	0.24883194630925673	1.0	0.0	1.0	1.0	0.5254990811839204	0.6549329476340924	0.0
nl	0.0	0.0	0.0	0.0	0.0	0.0	0.0	0.0	0.0	0.0	0.0	0.0	0.0	0.0	0.0	0.0	0.0	0.0	0.0	0.0	0.0	1.0	0.0	0.0	0.0	0.0	0.0	0.0	0.0	0.0	0.0	0.0	0.33552369102377155	0.0	0.0	0.0
pl	0.0	0.0	0.0	0.0	0.0	0.0	0.0	0.0	0.0	0.0	0.0	0.0	0.0	0.0	0.0	0.0	0.0	0.0	0.0	0.0	0.0	0.0	0.0	0.0	0.0	0.0	0.0	0.0	0.0	0.0	0.0	0.0	0.4656553534910359	0.0	0.0	0.0
pt	0.0	0.0	0.0	0.0	0.0	1.0	0.0	1.0	1.0	1.0	0.0	0.0	0.0	0.0	1.0	0.0	0.0	0.0	0.0	0.0	0.0	0.0	0.0	1.0	0.0	0.0	0.0	0.0	0.0	0.0	1.0	0.0	0.32251182354080954	0.0	0.0	1.0
ro	0.2246135924880341	0.22165026645563718	0.31788866463623866	0.2566067249245596	0.1377075624624829	0.0	0.0	0.0	0.0	0.0	0.19713413464001345	0.2510403533700926	0.1548877674618965	0.134570868900441	0.0	0.0	0.0	0.15452215489416615	0.19729053656960988	0.19974449009681783	0.21264114508411247	0.0	0.0	0.0	1.0	0.0	0.15120954410396995	0.3839955276972693	0.1502556531344825	0.20223494593129554	0.0	0.38929042990270823	0.6824465047655925	0.1856897064656612	0.3633600833758606	0.0
ru	0.0	0.0	0.0	0.0	0.0	1.0	1.0	1.0	1.0	0.0	0.0	0.0	0.0	0.0	0.0	1.0	1.0	0.0	0.0	0.0	0.0	0.0	0.0	0.0	0.0	1.0	0.0	0.0	0.0	0.0	0.0	0.0	0.4784397590665958	0.0	0.0	1.0
sh	0.3947735089358958	0.2267617549969711	0.35794497359241806	0.322447684397355	0.14884319612360625	0.0	0.0	0.0	0.0	0.0	0.23650833070152918	0.2483221166714743	0.16317230970465002	0.15465924709854906	0.0	0.0	0.0	0.1636132604131138	0.21426205248524294	0.2841195086198804	0.289450792330746	0.0	0.0	0.0	0.15120954410396995	0.0	1.0	0.6638546162332061	0.17299710068800672	0.2166318638943569	0.0	0.6028625059156408	0.7292679407387131	0.16186259715815965	0.48496751792492837	0.0
si	1.0	0.5501070004276065	0.7300208629885035	1.0	0.6094839682520681	0.0	0.0	0.0	0.0	0.0	1.0	1.0	0.41213151390294805	0.5332850699554361	0.0	0.0	0.0	0.6081387406547981	1.0	1.0	1.0	0.0	0.0	0.0	0.3839955276972693	0.0	0.6638546162332061	1.0	0.5559812592833627	1.0	0.0	1.0	1.0	0.7199285383279772	1.0	0.0
simple	0.3365085945300105	0.2748906177530701	0.41791141653554353	0.37699746862189387	0.14550505529965804	0.0	0.0	0.0	0.0	0.0	0.2112083742222671	0.23887546675944413	0.16328434179247955	0.1253081874100024	0.0	0.0	0.0	0.152485264471101	0.1935069862229278	0.2759037026030067	0.24883194630925673	0.0	0.0	0.0	0.1502556531344825	0.0	0.17299710068800672	0.5559812592833627	1.0	0.2370466375550442	0.0	0.5359200319590611	0.34397968425832604	0.17357071001494911	0.3649109510338263	0.0
sr	1.0	0.32065515284592694	0.4834154922264954	1.0	0.19726485741221322	0.0	0.0	0.0	0.0	0.0	0.7000881940917197	1.0	0.25005385201622393	0.2086800373171188	0.0	0.0	0.0	0.25297351901745313	0.6217828714482421	0.7019395434758627	1.0	0.0	0.0	0.0	0.20223494593129554	0.0	0.2166318638943569	1.0	0.2370466375550442	1.0	0.0	1.0	0.7347168825662657	0.4461078723958688	0.5453111577010742	0.0
sv	0.0	0.0	0.0	0.0	0.0	1.0	0.0	1.0	1.0	1.0	0.0	0.0	0.0	0.0	1.0	0.0	0.0	0.0	0.0	0.0	0.0	0.0	0.0	1.0	0.0	0.0	0.0	0.0	0.0	0.0	1.0	0.0	0.6080814280605195	0.0	0.0	1.0
te	1.0	0.6331263065965963	0.7322034805959264	1.0	0.6147275119114748	0.0	0.0	0.0	0.0	0.0	1.0	1.0	0.4478977310667702	0.6204410001869006	0.0	0.0	0.0	0.6589257440209708	1.0	1.0	1.0	0.0	0.0	0.0	0.38929042990270823	0.0	0.6028625059156408	1.0	0.5359200319590611	1.0	0.0	1.0	0.7510341748895938	1.0	0.7322034805959264	0.0
tr	1.0	0.40735842100414466	-1.0	1.0	0.4339325005339067	0.3207025185890807	1.0	0.36983923003716873	0.3019129075261384	0.3634647968469361	0.6994017365373274	0.74551343442257	0.6524007805500077	0.394236087633954	0.2801608607864138	0.5104784238784806	0.5895598144787592	0.7027262689161649	0.7510341748895937	0.6585785515191102	1.0	0.33552369102377155	0.4656553534910359	0.32251182354080954	0.6824465047655925	0.4784397590665958	0.7292679407387131	1.0	0.34397968425832604	0.7347168825662657	0.6080814280605195	0.7510341748895938	1.0	0.5822174469110636	1.0	0.5871603677856654
vi	1.0	0.29630909699719704	0.4600034184748413	0.7111374370280844	0.16221196681364664	0.0	0.0	0.0	0.0	0.0	0.46222351969977604	0.4648339127992075	0.25279715616919013	0.1452214170299898	0.0	0.0	0.0	0.20107025686018273	0.3612669643990124	0.4565122705145492	0.5254990811839204	0.0	0.0	0.0	0.1856897064656612	0.0	0.16186259715815965	0.7199285383279772	0.17357071001494911	0.4461078723958688	0.0	1.0	0.5822174469110636	1.0	0.5430185105327114	0.0
war	0.7248485669756152	0.42147933077316124	0.4951587322920464	0.724848566975615	0.4007948832633219	0.0	0.0	0.0	0.0	0.0	0.6532002319725722	0.6532002319725722	0.30755979246312715	0.4455170093241883	0.0	0.0	0.0	0.6194345528189675	0.7210092110599264	0.6549329476340924	0.6549329476340924	0.0	0.0	0.0	0.3633600833758606	0.0	0.48496751792492837	1.0	0.3649109510338263	0.5453111577010742	0.0	0.7322034805959264	1.0	0.5430185105327114	1.0	0.0
zh	0.0	0.0	0.0	0.0	0.0	1.0	1.0	1.0	1.0	1.0	0.0	0.0	0.0	0.0	1.0	1.0	1.0	0.0	0.0	0.0	0.0	0.0	0.0	1.0	0.0	1.0	0.0	0.0	0.0	0.0	1.0	0.0	0.5871603677856654	0.0	0.0	1.0
