arz	bs	ceb	ckb	da	de	el	en	es	fr	he	hi	hu	id	it	ja	ko	lv	mk	ml	mr	nl	pl	pt	ro	ru	sh	si	simple	sr	sv	te	tr	union	vi	war	zh
arz	1.0	1.0	0.009376599261957492	1.0	0.27429188517743175	0.11149901960407381	1.0	0.0316529506504292	0.4142135623730951	0.07637443457795405	1.0	1.0	0.38742588672279304	0.28436465220442186	0.0860996019587502	1.0	1.0	1.0	1.0	1.0	1.0	0.08337846487518946	0.44948974278317805	1.0	0.5	1.0	0.25	1.0	0.3430703308172536	1.0	0.23166247903554	1.0	0.3660254037844386	0.0277475147266305	1.0	0.3203772410170407	1.0
bs	1.0	1.0	0.021632486894868533	1.0	0.27429188517743175	0.11149901960407381	1.0	0.0316529506504292	0.4142135623730951	0.07637443457795405	1.0	1.0	0.38742588672279304	0.28436465220442186	0.0860996019587502	1.0	1.0	1.0	1.0	1.0	1.0	0.08337846487518946	0.44948974278317805	1.0	0.5	1.0	0.25	0.012149932884061715	0.3430703308172536	1.0	0.23166247903554	1.0	0.3660254037844386	0.0277475147266305	1.0	0.012154020152136926	1.0
ceb	0.009376599261957492	0.021632486894868533	1.0	0.009376599261957492	0.021642995958559782	0.022628662988805753	0.009376599261957492	0.015042372513703103	0.015841941930913143	0.012310316987668152	0.009376599261957492	0.009376599261957492	0.01096739907609036	0.020868472453742484	0.025451506031103178	0.009376599261957492	0.009376599261957492	0.01306801847412457	0.009376599261957492	0.009376599261957492	0.009376599261957492	0.024706001943438447	0.023238585259926572	0.01010310571508167	0.023902978120552438	0.009376599261957492	0.021425423375855963	0.009376599261957492	0.02828890637307792	0.009376599261957492	0.015538577438473781	0.009376599261957492	0.017381945838814736	0.011778651787976489	0.0211655194506988	0.009378411644452604	0.009574619624781816
ckb	1.0	1.0	0.009376599261957492	1.0	0.27429188517743175	0.11149901960407381	1.0	0.0316529506504292	0.4142135623730951	0.07637443457795405	1.0	1.0	0.38742588672279304	0.28436465220442186	0.0860996019587502	1.0	1.0	1.0	1.0	1.0	1.0	0.08337846487518946	0.44948974278317805	1.0	0.5	1.0	0.25	1.0	0.3430703308172536	1.0	0.23166247903554	1.0	0.3660254037844386	0.0277475147266305	1.0	0.3203772410170407	1.0
da	0.27429188517743175	0.27429188517743175	0.021642995958559782	0.27429188517743175	1.0	0.1109730822293067	0.27429188517743175	0.03180688480184372	0.25	0.07703942257511164	0.27429188517743175	0.27429188517743175	0.2449655295864104	0.2357863671696944	0.08682853158684564	0.27429188517743175	0.27429188517743175	0.27429188517743175	0.27429188517743175	0.27429188517743175	0.27429188517743175	0.08526624417117491	0.2553967929896867	0.27429188517743175	0.2612038749637414	0.27429188517743175	0.2	0.01214947899870108	0.26317966836398954	0.27429188517743175	0.23166247903554	0.27429188517743175	0.2402530733520421	0.027853203866298696	0.27429188517743175	0.01215356580669511	0.27429188517743175
de	0.11149901960407381	0.11149901960407381	0.022628662988805753	0.11149901960407381	0.1109730822293067	1.0	0.11149901960407381	1.0	0.11288001993883945	0.08522878934607263	0.11149901960407381	0.11149901960407381	0.11046479493927581	0.11121118588425596	0.08493296418013781	1.0	0.11149901960407381	0.11149901960407381	0.11149901960407381	0.11149901960407381	0.11149901960407381	0.09434600365763396	0.11133635536335278	0.11149901960407381	0.11172673605772028	0.11149901960407381	0.10709183505011519	0.009014732724554955	0.11411882024677694	0.11149901960407381	0.11666504510325629	0.11149901960407381	0.11019029587209396	1.0	1.0	0.009017144649717559	0.11149901960407381
el	1.0	1.0	0.009376599261957492	1.0	0.27429188517743175	0.11149901960407381	1.0	0.0316529506504292	0.4142135623730951	0.07637443457795405	1.0	1.0	0.38742588672279304	0.28436465220442186	0.0860996019587502	1.0	1.0	1.0	1.0	1.0	1.0	0.08337846487518946	0.44948974278317805	1.0	0.5	1.0	0.25	1.0	0.3430703308172536	1.0	0.23166247903554	1.0	0.3660254037844386	0.0277475147266305	1.0	0.3203772410170407	1.0
en	0.0316529506504292	0.0316529506504292	0.015042372513703103	0.0316529506504292	0.03180688480184372	1.0	0.0316529506504292	1.0	0.0317086692409414	0.03410427169374072	0.0316529506504292	0.0316529506504292	0.03163411020261669	0.031797731291624984	0.03425299085262733	1.0	0.0316529506504292	0.0316529506504292	0.0316529506504292	0.0316529506504292	0.0316529506504292	0.03444189466545985	0.031694711710908374	0.0316529506504292	0.03168077279680705	0.0316529506504292	0.0318757517743451	0.008160729825157654	0.03173876804612297	0.0316529506504292	0.03187153096689734	0.0316529506504292	0.03173664031555537	1.0	1.0	0.00816251749140882	0.0316529506504292
es	0.4142135623730951	0.4142135623730951	0.015841941930913143	0.4142135623730951	0.25	0.11288001993883945	0.4142135623730951	0.0317086692409414	1.0	0.07685380117316334	0.4142135623730951	0.4142135623730951	0.34833147735478825	0.2717910461396254	0.08585311300211242	0.4142135623730951	0.4142135623730951	0.4142135623730951	0.4142135623730951	0.4142135623730951	0.4142135623730951	0.08316095804758808	0.34833147735478825	0.4142135623730951	0.3660254037844386	0.4142135623730951	0.23166247903554	0.008640865357482085	0.38550813451285737	0.4142135623730951	0.2256567601358503	0.4142135623730951	0.3090169943749474	0.027785122269384305	0.4142135623730951	0.00864157046625502	0.4142135623730951
fr	0.07637443457795405	0.07637443457795405	0.012310316987668152	0.07637443457795405	0.07703942257511164	0.08522878934607263	0.07637443457795405	0.03410427169374072	0.07685380117316334	1.0	0.07637443457795405	0.07637443457795405	0.07609216692220036	0.07666333591743447	0.07410955767011687	0.07637443457795405	0.07637443457795405	0.07637443457795405	0.07637443457795405	0.07637443457795405	0.07637443457795405	0.07406837864182061	0.07601530344901682	0.07637443457795405	0.07613443486845536	0.07637443457795405	0.07636986757679158	0.010373252233834134	0.07686054012249625	0.07637443457795405	0.07865798399186517	0.07637443457795405	0.07566132696708679	0.03000939979466582	0.07637443457795405	0.010375226637054343	0.07637443457795405
he	1.0	1.0	0.009376599261957492	1.0	0.27429188517743175	0.11149901960407381	1.0	0.0316529506504292	0.4142135623730951	0.07637443457795405	1.0	1.0	0.38742588672279304	0.28436465220442186	0.0860996019587502	1.0	1.0	1.0	1.0	1.0	1.0	0.08337846487518946	0.44948974278317805	1.0	0.5	1.0	0.25	1.0	0.3430703308172536	1.0	0.23166247903554	1.0	0.3660254037844386	0.0277475147266305	1.0	0.3203772410170407	1.0
hi	1.0	1.0	0.009376599261957492	1.0	0.27429188517743175	0.11149901960407381	1.0	0.0316529506504292	0.4142135623730951	0.07637443457795405	1.0	1.0	0.38742588672279304	0.28436465220442186	0.0860996019587502	1.0	1.0	1.0	1.0	1.0	1.0	0.08337846487518946	0.44948974278317805	1.0	0.5	1.0	0.25	1.0	0.3430703308172536	1.0	0.23166247903554	1.0	0.3660254037844386	0.0277475147266305	1.0	0.3203772410170407	1.0
hu	0.38742588672279304	0.38742588672279304	0.01096739907609036	0.38742588672279304	0.2449655295864104	0.11046479493927581	0.38742588672279304	0.03163411020261669	0.34833147735478825	0.07609216692220036	0.38742588672279304	0.38742588672279304	1.0	0.2517564787261065	0.08524005858105253	0.38742588672279304	0.38742588672279304	0.38742588672279304	0.38742588672279304	0.38742588672279304	0.38742588672279304	0.08259939585814603	0.33333333333333326	0.38742588672279304	0.34833147735478825	0.38742588672279304	0.22772999919644132	0.014366627588771223	0.30183727125867177	0.38742588672279304	0.21393876913398135	0.38742588672279304	0.29893508442482547	0.027794548300417502	0.38742588672279304	0.01436538559565789	0.38742588672279304
id	0.28436465220442186	0.28436465220442186	0.020868472453742484	0.28436465220442186	0.2357863671696944	0.11121118588425596	0.28436465220442186	0.031797731291624984	0.2717910461396254	0.07666333591743447	0.28436465220442186	0.28436465220442186	0.2517564787261065	1.0	0.08702656012635826	0.28436465220442186	0.28436465220442186	0.28436465220442186	0.28436465220442186	0.28436465220442186	0.28436465220442186	0.0832882181338505	0.2632403810669918	0.28436465220442186	0.28688760861855495	0.28436465220442186	0.20342651452257512	0.00809075103864859	0.26968623182294527	0.28436465220442186	0.21653897757070267	0.28436465220442186	0.2466060555964672	0.027845192447694043	0.28436465220442186	0.008092803778518797	0.28436465220442186
it	0.0860996019587502	0.0860996019587502	0.025451506031103178	0.0860996019587502	0.08682853158684564	0.08493296418013781	0.0860996019587502	0.03425299085262733	0.08585311300211242	0.07410955767011687	0.0860996019587502	0.0860996019587502	0.08524005858105253	0.08702656012635826	1.0	0.0860996019587502	0.0860996019587502	0.0860996019587502	0.0860996019587502	0.0860996019587502	0.0860996019587502	0.08133101776707283	0.0860267127389171	0.0860996019587502	0.08575257746579572	0.0860996019587502	0.08736509180765022	0.011696108796345486	0.08586133893457251	0.0860996019587502	0.08924082156367491	0.0860996019587502	0.0850713128191958	0.029396772143368662	0.0860996019587502	0.011699753145301778	0.0860996019587502
ja	1.0	1.0	0.009376599261957492	1.0	0.27429188517743175	1.0	1.0	1.0	0.4142135623730951	0.07637443457795405	1.0	1.0	0.38742588672279304	0.28436465220442186	0.0860996019587502	1.0	1.0	1.0	1.0	1.0	1.0	0.08337846487518946	0.44948974278317805	1.0	0.5	1.0	0.25	1.0	0.3430703308172536	1.0	0.23166247903554	1.0	0.3660254037844386	1.0	1.0	0.3203772410170407	1.0
ko	1.0	1.0	0.009376599261957492	1.0	0.27429188517743175	0.11149901960407381	1.0	0.0316529506504292	0.4142135623730951	0.07637443457795405	1.0	1.0	0.38742588672279304	0.28436465220442186	0.0860996019587502	1.0	1.0	1.0	1.0	1.0	1.0	0.08337846487518946	0.44948974278317805	1.0	0.5	1.0	0.25	1.0	0.3430703308172536	1.0	0.23166247903554	1.0	0.3660254037844386	0.0277475147266305	1.0	0.3203772410170407	1.0
lv	1.0	1.0	0.01306801847412457	1.0	0.27429188517743175	0.11149901960407381	1.0	0.0316529506504292	0.4142135623730951	0.07637443457795405	1.0	1.0	0.38742588672279304	0.28436465220442186	0.0860996019587502	1.0	1.0	1.0	1.0	1.0	1.0	0.08337846487518946	0.44948974278317805	1.0	0.5	1.0	0.25	0.01549583837285147	0.3430703308172536	1.0	0.23166247903554	1.0	0.3660254037844386	0.0277475147266305	1.0	0.015487341658725562	1.0
mk	1.0	1.0	0.009376599261957492	1.0	0.27429188517743175	0.11149901960407381	1.0	0.0316529506504292	0.4142135623730951	0.07637443457795405	1.0	1.0	0.38742588672279304	0.28436465220442186	0.0860996019587502	1.0	1.0	1.0	1.0	1.0	1.0	0.08337846487518946	0.44948974278317805	1.0	0.5	1.0	0.25	1.0	0.3430703308172536	1.0	0.23166247903554	1.0	0.3660254037844386	0.0277475147266305	1.0	0.3203772410170407	1.0
ml	1.0	1.0	0.009376599261957492	1.0	0.27429188517743175	0.11149901960407381	1.0	0.0316529506504292	0.4142135623730951	0.07637443457795405	1.0	1.0	0.38742588672279304	0.28436465220442186	0.0860996019587502	1.0	1.0	1.0	1.0	1.0	1.0	0.08337846487518946	0.44948974278317805	1.0	0.5	1.0	0.25	1.0	0.3430703308172536	1.0	0.23166247903554	1.0	0.3660254037844386	0.0277475147266305	1.0	0.3203772410170407	1.0
mr	1.0	1.0	0.009376599261957492	1.0	0.27429188517743175	0.11149901960407381	1.0	0.0316529506504292	0.4142135623730951	0.07637443457795405	1.0	1.0	0.38742588672279304	0.28436465220442186	0.0860996019587502	1.0	1.0	1.0	1.0	1.0	1.0	0.08337846487518946	0.44948974278317805	1.0	0.5	1.0	0.25	1.0	0.3430703308172536	1.0	0.23166247903554	1.0	0.3660254037844386	0.0277475147266305	1.0	0.3203772410170407	1.0
nl	0.08337846487518946	0.08337846487518946	0.024706001943438447	0.08337846487518946	0.08526624417117491	0.09434600365763396	0.08337846487518946	0.03444189466545985	0.08316095804758808	0.07406837864182061	0.08337846487518946	0.08337846487518946	0.08259939585814603	0.0832882181338505	0.08133101776707283	0.08337846487518946	0.08337846487518946	0.08337846487518946	0.08337846487518946	0.08337846487518946	0.08337846487518946	1.0	0.08290831559814668	0.08337846487518946	0.08347644094801931	0.08337846487518946	0.08155253341507561	0.01033725412492037	0.08317593608094587	0.08337846487518946	0.08634072425250544	0.08337846487518946	0.08244626373749916	0.029244283009561833	0.08337846487518946	0.010340544092219156	0.08337846487518946
pl	0.44948974278317805	0.44948974278317805	0.023238585259926572	0.44948974278317805	0.2553967929896867	0.11133635536335278	0.44948974278317805	0.031694711710908374	0.34833147735478825	0.07601530344901682	0.44948974278317805	0.44948974278317805	0.33333333333333326	0.2632403810669918	0.0860267127389171	0.44948974278317805	0.44948974278317805	0.44948974278317805	0.44948974278317805	0.44948974278317805	0.44948974278317805	0.08290831559814668	1.0	0.44948974278317805	0.38742588672279304	0.44948974278317805	0.23582845781094	0.011654242829711689	0.30552726787943424	0.44948974278317805	0.22947018234477365	0.44948974278317805	0.3203772410170407	0.02777570591307058	0.44948974278317805	0.011654643240494743	0.44948974278317805
pt	1.0	1.0	0.01010310571508167	1.0	0.27429188517743175	0.11149901960407381	1.0	0.0316529506504292	0.4142135623730951	0.07637443457795405	1.0	1.0	0.38742588672279304	0.28436465220442186	0.0860996019587502	1.0	1.0	1.0	1.0	1.0	1.0	0.08337846487518946	0.44948974278317805	1.0	0.5	1.0	0.25	0.024639432200369713	0.3430703308172536	1.0	0.23166247903554	1.0	0.3660254037844386	0.0277475147266305	1.0	0.024631492532618874	1.0
ro	0.5	0.5	0.023902978120552438	0.5	0.2612038749637414	0.11172673605772028	0.5	0.03168077279680705	0.3660254037844386	0.07613443486845536	0.5	0.5	0.34833147735478825	0.28688760861855495	0.08575257746579572	0.5	0.5	0.5	0.5	0.5	0.5	0.08347644094801931	0.38742588672279304	0.5	1.0	0.5	0.2402530733520421	0.01027713948938347	0.3164309725825328	0.5	0.2240092377397959	0.5	0.33333333333333326	0.02776629921487479	0.5	0.010280372178544878	0.5
ru	1.0	1.0	0.009376599261957492	1.0	0.27429188517743175	0.11149901960407381	1.0	0.0316529506504292	0.4142135623730951	0.07637443457795405	1.0	1.0	0.38742588672279304	0.28436465220442186	0.0860996019587502	1.0	1.0	1.0	1.0	1.0	1.0	0.08337846487518946	0.44948974278317805	1.0	0.5	1.0	0.25	1.0	0.3430703308172536	1.0	0.23166247903554	1.0	0.3660254037844386	0.0277475147266305	1.0	0.3203772410170407	1.0
sh	0.25	0.25	0.021425423375855963	0.25	0.2	0.10709183505011519	0.25	0.0318757517743451	0.23166247903554	0.07636986757679158	0.25	0.25	0.22772999919644132	0.20342651452257512	0.08736509180765022	0.25	0.25	0.25	0.25	0.25	0.25	0.08155253341507561	0.23582845781094	0.25	0.2402530733520421	0.25	1.0	0.011626634638465595	0.2193450929151803	0.25	0.1827439976315568	0.25	0.2240092377397959	0.02789784431313858	0.25	0.011631842162757996	0.25
si	1.0	0.012149932884061715	0.009376599261957492	1.0	0.01214947899870108	0.009014732724554955	1.0	0.008160729825157654	0.008640865357482085	0.010373252233834134	1.0	1.0	0.014366627588771223	0.00809075103864859	0.011696108796345486	1.0	1.0	0.01549583837285147	1.0	1.0	1.0	0.01033725412492037	0.011654242829711689	0.024639432200369713	0.01027713948938347	1.0	0.011626634638465595	1.0	0.010144672812246907	1.0	0.008458661687398509	1.0	0.01183536795330656	0.008037510189914205	0.010099839037980615	0.3203772410170407	0.040303466076998785
simple	0.3430703308172536	0.3430703308172536	0.02828890637307792	0.3430703308172536	0.26317966836398954	0.11411882024677694	0.3430703308172536	0.03173876804612297	0.38550813451285737	0.07686054012249625	0.3430703308172536	0.3430703308172536	0.30183727125867177	0.26968623182294527	0.08586133893457251	0.3430703308172536	0.3430703308172536	0.3430703308172536	0.3430703308172536	0.3430703308172536	0.3430703308172536	0.08317593608094587	0.30552726787943424	0.3430703308172536	0.3164309725825328	0.3430703308172536	0.2193450929151803	0.010144672812246907	1.0	0.3430703308172536	0.2251910263192362	0.3430703308172536	0.2791745113185196	0.02780544549498669	0.3430703308172536	0.010147781648886522	0.3430703308172536
sr	1.0	1.0	0.009376599261957492	1.0	0.27429188517743175	0.11149901960407381	1.0	0.0316529506504292	0.4142135623730951	0.07637443457795405	1.0	1.0	0.38742588672279304	0.28436465220442186	0.0860996019587502	1.0	1.0	1.0	1.0	1.0	1.0	0.08337846487518946	0.44948974278317805	1.0	0.5	1.0	0.25	1.0	0.3430703308172536	1.0	0.23166247903554	1.0	0.3660254037844386	0.0277475147266305	1.0	0.3203772410170407	1.0
sv	0.23166247903554	0.23166247903554	0.015538577438473781	0.23166247903554	0.23166247903554	0.11666504510325629	0.23166247903554	0.03187153096689734	0.2256567601358503	0.07865798399186517	0.23166247903554	0.23166247903554	0.21393876913398135	0.21653897757070267	0.08924082156367491	0.23166247903554	0.23166247903554	0.23166247903554	0.23166247903554	0.23166247903554	0.23166247903554	0.08634072425250544	0.22947018234477365	0.23166247903554	0.2240092377397959	0.23166247903554	0.1827439976315568	0.008458661687398509	0.2251910263192362	0.23166247903554	1.0	0.23166247903554	0.21089672205953397	0.02790742087356551	0.23166247903554	0.008460279013643176	0.23166247903554
te	1.0	1.0	0.009376599261957492	1.0	0.27429188517743175	0.11149901960407381	1.0	0.0316529506504292	0.4142135623730951	0.07637443457795405	1.0	1.0	0.38742588672279304	0.28436465220442186	0.0860996019587502	1.0	1.0	1.0	1.0	1.0	1.0	0.08337846487518946	0.44948974278317805	1.0	0.5	1.0	0.25	1.0	0.3430703308172536	1.0	0.23166247903554	1.0	0.3660254037844386	0.0277475147266305	1.0	0.3203772410170407	1.0
tr	0.3660254037844386	0.3660254037844386	0.017381945838814736	0.3660254037844386	0.2402530733520421	0.11019029587209396	0.3660254037844386	0.03173664031555537	0.3090169943749474	0.07566132696708679	0.3660254037844386	0.3660254037844386	0.29893508442482547	0.2466060555964672	0.0850713128191958	0.3660254037844386	0.3660254037844386	0.3660254037844386	0.3660254037844386	0.3660254037844386	0.3660254037844386	0.08244626373749916	0.3203772410170407	0.3660254037844386	0.33333333333333326	0.3660254037844386	0.2240092377397959	0.01183536795330656	0.2791745113185196	0.3660254037844386	0.21089672205953397	0.3660254037844386	1.0	0.027803984022811763	0.3660254037844386	0.011835467612142972	0.3660254037844386
union	0.0277475147266305	0.0277475147266305	0.011778651787976489	0.0277475147266305	0.027853203866298696	1.0	0.0277475147266305	1.0	0.027785122269384305	0.03000939979466582	0.0277475147266305	0.0277475147266305	0.027794548300417502	0.027845192447694043	0.029396772143368662	1.0	0.0277475147266305	0.0277475147266305	0.0277475147266305	0.0277475147266305	0.0277475147266305	0.029244283009561833	0.02777570591307058	0.0277475147266305	0.02776629921487479	0.0277475147266305	0.02789784431313858	0.008037510189914205	0.02780544549498669	0.0277475147266305	0.02790742087356551	0.0277475147266305	0.027803984022811763	1.0	1.0	0.008039052777820112	0.0277475147266305
vi	1.0	1.0	0.0211655194506988	1.0	0.27429188517743175	1.0	1.0	1.0	0.4142135623730951	0.07637443457795405	1.0	1.0	0.38742588672279304	0.28436465220442186	0.0860996019587502	1.0	1.0	1.0	1.0	1.0	1.0	0.08337846487518946	0.44948974278317805	1.0	0.5	1.0	0.25	0.010099839037980615	0.3430703308172536	1.0	0.23166247903554	1.0	0.3660254037844386	1.0	1.0	0.010100046666004366	1.0
war	0.3203772410170407	0.012154020152136926	0.009378411644452604	0.3203772410170407	0.01215356580669511	0.009017144649717559	0.3203772410170407	0.00816251749140882	0.00864157046625502	0.010375226637054343	0.3203772410170407	0.3203772410170407	0.01436538559565789	0.008092803778518797	0.011699753145301778	0.3203772410170407	0.3203772410170407	0.015487341658725562	0.3203772410170407	0.3203772410170407	0.3203772410170407	0.010340544092219156	0.011654643240494743	0.024631492532618874	0.010280372178544878	0.3203772410170407	0.011631842162757996	0.3203772410170407	0.010147781648886522	0.3203772410170407	0.008460279013643176	0.3203772410170407	0.011835467612142972	0.008039052777820112	0.010100046666004366	1.0	0.04015086095664126
zh	1.0	1.0	0.009574619624781816	1.0	0.27429188517743175	0.11149901960407381	1.0	0.0316529506504292	0.4142135623730951	0.07637443457795405	1.0	1.0	0.38742588672279304	0.28436465220442186	0.0860996019587502	1.0	1.0	1.0	1.0	1.0	1.0	0.08337846487518946	0.44948974278317805	1.0	0.5	1.0	0.25	0.040303466076998785	0.3430703308172536	1.0	0.23166247903554	1.0	0.3660254037844386	0.0277475147266305	1.0	0.04015086095664126	1.0
