arz	bs	ceb	ckb	da	de	el	en	es	fr	he	hi	hu	id	it	ja	ko	lv	mk	ml	mr	nl	pl	pt	ro	ru	sh	si	simple	sr	sv	te	tr	vi	war	zh
arz	1.0	0.0	0.0	0.0	1.0	1.0	1.0	1.0	1.0	1.0	1.0	0.0	1.0	1.0	1.0	1.0	1.0	1.0	1.0	0.0	1.0	1.0	1.0	1.0	1.0	1.0	0.0	1.0	1.0	1.0	1.0	0.0	1.0	1.0	1.0	1.0
bs	0.0	1.0	0.0	0.0	1.0	1.0	1.0	1.0	1.0	1.0	1.0	1.0	1.0	0.0	1.0	1.0	1.0	0.0	0.0	0.0	0.0	1.0	1.0	1.0	1.0	1.0	1.0	0.0	0.0	1.0	1.0	0.0	0.0	1.0	0.7047315208962244	1.0
ceb	0.0	0.0	1.0	0.0	0.0	1.0	0.0	0.5660160774121898	1.0	1.0	0.0	0.0	0.0	0.0	0.0	1.0	0.0	0.0	0.0	0.0	0.0	1.0	1.0	1.0	0.0	0.0	0.0	0.0	0.0	0.0	1.0	0.0	0.0	0.0	1.0	0.0
ckb	0.0	0.0	0.0	1.0	1.0	1.0	0.0	1.0	1.0	1.0	1.0	0.0	1.0	0.0	1.0	1.0	1.0	0.0	0.0	0.0	0.0	1.0	1.0	1.0	0.0	1.0	1.0	0.0	1.0	0.0	1.0	0.0	1.0	1.0	0.7106922308883379	1.0
da	1.0	1.0	0.0	1.0	1.0	0.5034710416645194	0.5660160774121898	0.45780379047650044	0.4493075654568811	0.4493075654568811	1.0	1.0	1.0	0.35575059169709	0.40655386878655647	0.4695960115558277	1.0	1.0	1.0	1.0	1.0	0.4493075654568811	0.4695960115558277	0.4695960115558277	1.0	0.5020797777427737	0.7690990303325336	1.0	1.0	0.0	0.4010555046174902	0.0	1.0	1.0	0.6476819302366406	0.5020797777427737
de	1.0	1.0	1.0	1.0	0.5034710416645194	1.0	0.7863954451402115	0.1542087601479119	0.38748272509441994	0.6549329476340925	1.0	0.0	1.0	0.26700926118338414	0.3781113765079332	0.7347168825662658	1.0	1.0	1.0	1.0	1.0	0.6589257440209709	0.7322034805959264	0.74551343442257	1.0	0.7584325078215765	0.6571702826516209	1.0	1.0	1.0	0.32774094314667873	0.0	1.0	1.0	0.44812886592377893	0.7690990303325336
el	1.0	1.0	0.0	0.0	0.5660160774121898	0.7863954451402115	1.0	0.5020797777427737	1.0	1.0	1.0	0.0	1.0	0.5660160774121898	1.0	1.0	1.0	1.0	1.0	1.0	1.0	1.0	1.0	1.0	1.0	1.0	0.0	1.0	1.0	0.0	1.0	0.0	1.0	0.0	0.6994017365373274	1.0
en	1.0	1.0	0.5660160774121898	1.0	0.45780379047650044	0.1542087601479119	0.5020797777427737	1.0	0.2444916616115517	0.29989890705553474	1.0	0.4130061351254454	1.0	0.20929030828196415	0.2607095305345679	0.3694705583053608	0.4596911478511005	0.4044267028502897	1.0	0.6246871476117831	1.0	0.36091334493736343	0.27381042216345985	0.30237701352659824	1.0	0.3889305872613408	0.3205698050051569	0.903854958182951	0.5020797777427737	1.0	0.2137285513581355	1.0	1.0	1.0	0.38814596126030526	0.3423836371185269
es	1.0	1.0	1.0	1.0	0.4493075654568811	0.38748272509441994	1.0	0.2444916616115517	1.0	0.41055547717987523	1.0	1.0	0.4695960115558277	0.29279551789640834	0.3945871015501228	1.0	1.0	1.0	1.0	1.0	1.0	0.4493075654568811	0.41691170415342604	1.0	1.0	1.0	1.0	1.0	1.0	0.0	0.39740733051235566	0.0	1.0	1.0	0.6959377576615894	1.0
fr	1.0	1.0	1.0	1.0	0.4493075654568811	0.6549329476340925	1.0	0.29989890705553474	0.41055547717987523	1.0	1.0	1.0	1.0	0.39157088354930186	0.5531121332767216	1.0	1.0	1.0	1.0	1.0	1.0	0.7376607345031153	1.0	1.0	1.0	1.0	1.0	1.0	1.0	1.0	1.0	1.0	1.0	1.0	0.6060267349564308	1.0
he	1.0	1.0	0.0	1.0	1.0	1.0	1.0	1.0	1.0	1.0	1.0	0.0	0.0	1.0	1.0	1.0	1.0	1.0	1.0	1.0	1.0	1.0	1.0	1.0	0.0	1.0	1.0	1.0	1.0	0.0	1.0	0.0	1.0	0.0	0.6994017365373274	1.0
hi	0.0	1.0	0.0	0.0	1.0	0.0	0.0	0.4130061351254454	1.0	1.0	0.0	1.0	0.0	1.0	0.0	1.0	0.0	0.0	0.0	1.0	1.0	1.0	0.0	0.0	0.0	1.0	1.0	0.0	1.0	1.0	1.0	1.0	0.0	0.0	0.7106922308883379	0.0
hu	1.0	1.0	0.0	1.0	1.0	1.0	1.0	1.0	0.4695960115558277	1.0	0.0	0.0	1.0	0.4695960115558277	0.4759947003899991	1.0	1.0	0.5660160774121898	1.0	1.0	1.0	1.0	1.0	1.0	1.0	1.0	1.0	1.0	0.0	0.0	1.0	0.0	1.0	1.0	0.3657975746621377	1.0
id	1.0	0.0	0.0	0.0	0.35575059169709	0.26700926118338414	0.5660160774121898	0.20929030828196415	0.29279551789640834	0.39157088354930186	1.0	1.0	0.4695960115558277	1.0	0.3330400437171456	0.34762991987415626	0.5020797777427737	1.0	1.0	1.0	1.0	0.42489828324440826	0.3596441553755609	0.3889305872613408	1.0	0.4695960115558277	1.0	1.0	1.0	0.0	0.26886424568204703	0.0	1.0	1.0	0.35905969735217536	0.3674395640192747
it	1.0	1.0	0.0	1.0	0.40655386878655647	0.3781113765079332	1.0	0.2607095305345679	0.3945871015501228	0.5531121332767216	1.0	0.0	0.4759947003899991	0.3330400437171456	1.0	0.7455134344225701	1.0	1.0	1.0	1.0	1.0	0.6141689458002977	0.5628798199967044	0.3781906762812304	1.0	1.0	0.7510341748895938	1.0	1.0	0.0	0.5728323288986008	0.0	1.0	1.0	0.35811006923234434	1.0
ja	1.0	1.0	1.0	1.0	0.4695960115558277	0.7347168825662658	1.0	0.3694705583053608	1.0	1.0	1.0	1.0	1.0	0.34762991987415626	0.7455134344225701	1.0	1.0	1.0	1.0	1.0	1.0	0.7455134344225701	1.0	1.0	1.0	1.0	1.0	1.0	1.0	0.0	1.0	0.0	1.0	1.0	0.6994017365373274	1.0
ko	1.0	1.0	0.0	1.0	1.0	1.0	1.0	0.4596911478511005	1.0	1.0	1.0	0.0	1.0	0.5020797777427737	1.0	1.0	1.0	1.0	1.0	1.0	1.0	1.0	1.0	1.0	0.0	1.0	1.0	1.0	1.0	0.0	1.0	0.0	1.0	1.0	0.6994017365373274	1.0
lv	1.0	0.0	0.0	0.0	1.0	1.0	1.0	0.4044267028502897	1.0	1.0	1.0	0.0	0.5660160774121898	1.0	1.0	1.0	1.0	1.0	1.0	0.0	1.0	1.0	1.0	1.0	1.0	1.0	0.0	1.0	1.0	1.0	1.0	0.0	1.0	1.0	0.7265334708466399	1.0
mk	1.0	0.0	0.0	0.0	1.0	1.0	1.0	1.0	1.0	1.0	1.0	0.0	1.0	1.0	1.0	1.0	1.0	1.0	1.0	0.0	1.0	1.0	1.0	1.0	1.0	1.0	0.0	1.0	1.0	1.0	1.0	0.0	1.0	1.0	0.7690990303325336	1.0
ml	0.0	0.0	0.0	0.0	1.0	1.0	1.0	0.6246871476117831	1.0	1.0	1.0	1.0	1.0	1.0	1.0	1.0	1.0	0.0	0.0	1.0	1.0	1.0	1.0	1.0	1.0	1.0	1.0	0.0	1.0	0.0	1.0	1.0	1.0	1.0	0.7106922308883378	1.0
mr	1.0	0.0	0.0	0.0	1.0	1.0	1.0	1.0	1.0	1.0	1.0	1.0	1.0	1.0	1.0	1.0	1.0	1.0	1.0	1.0	1.0	1.0	1.0	1.0	1.0	1.0	0.0	1.0	1.0	1.0	1.0	0.0	1.0	1.0	0.7690990303325336	1.0
nl	1.0	1.0	1.0	1.0	0.4493075654568811	0.6589257440209709	1.0	0.36091334493736343	0.4493075654568811	0.7376607345031153	1.0	1.0	1.0	0.42489828324440826	0.6141689458002977	0.7455134344225701	1.0	1.0	1.0	1.0	1.0	1.0	1.0	0.7584325078215763	1.0	1.0	0.7584325078215763	1.0	1.0	1.0	0.7263875964832449	1.0	1.0	1.0	0.614024174278103	1.0
pl	1.0	1.0	1.0	1.0	0.4695960115558277	0.7322034805959264	1.0	0.27381042216345985	0.41691170415342604	1.0	1.0	0.0	1.0	0.3596441553755609	0.5628798199967044	1.0	1.0	1.0	1.0	1.0	1.0	1.0	1.0	1.0	1.0	1.0	1.0	1.0	1.0	0.0	1.0	0.0	1.0	1.0	0.4361598719473621	1.0
pt	1.0	1.0	1.0	1.0	0.4695960115558277	0.74551343442257	1.0	0.30237701352659824	1.0	1.0	1.0	0.0	1.0	0.3889305872613408	0.3781906762812304	1.0	1.0	1.0	1.0	1.0	1.0	0.7584325078215763	1.0	1.0	1.0	1.0	1.0	1.0	1.0	0.0	1.0	0.0	1.0	1.0	0.7509438213743352	1.0
ro	1.0	1.0	0.0	0.0	1.0	1.0	1.0	1.0	1.0	1.0	0.0	0.0	1.0	1.0	1.0	1.0	0.0	1.0	1.0	1.0	1.0	1.0	1.0	1.0	1.0	1.0	0.0	1.0	0.0	0.0	1.0	0.0	1.0	0.0	0.5725583817037745	1.0
ru	1.0	1.0	0.0	1.0	0.5020797777427737	0.7584325078215765	1.0	0.3889305872613408	1.0	1.0	1.0	1.0	1.0	0.4695960115558277	1.0	1.0	1.0	1.0	1.0	1.0	1.0	1.0	1.0	1.0	1.0	1.0	1.0	1.0	1.0	0.0	1.0	1.0	1.0	1.0	0.6994017365373274	1.0
sh	0.0	1.0	0.0	1.0	0.7690990303325336	0.6571702826516209	0.0	0.3205698050051569	1.0	1.0	1.0	1.0	1.0	1.0	0.7510341748895938	1.0	1.0	0.0	0.0	1.0	0.0	0.7584325078215763	1.0	1.0	0.0	1.0	1.0	0.0	1.0	1.0	1.0	0.0	1.0	1.0	0.3380123516557239	1.0
si	1.0	0.0	0.0	0.0	1.0	1.0	1.0	0.903854958182951	1.0	1.0	1.0	0.0	1.0	1.0	1.0	1.0	1.0	1.0	1.0	0.0	1.0	1.0	1.0	1.0	1.0	1.0	0.0	1.0	1.0	1.0	1.0	0.0	1.0	1.0	1.0	1.0
simple	1.0	0.0	0.0	1.0	1.0	1.0	1.0	0.5020797777427737	1.0	1.0	1.0	1.0	0.0	1.0	1.0	1.0	1.0	1.0	1.0	1.0	1.0	1.0	1.0	1.0	0.0	1.0	1.0	1.0	1.0	0.0	1.0	0.0	1.0	0.0	0.43793450295742137	1.0
sr	1.0	1.0	0.0	0.0	0.0	1.0	0.0	1.0	0.0	1.0	0.0	1.0	0.0	0.0	0.0	0.0	0.0	1.0	1.0	0.0	1.0	1.0	0.0	0.0	0.0	0.0	1.0	1.0	0.0	1.0	1.0	0.0	1.0	0.0	0.6994017365373274	0.0
sv	1.0	1.0	1.0	1.0	0.4010555046174902	0.32774094314667873	1.0	0.2137285513581355	0.39740733051235566	1.0	1.0	1.0	1.0	0.26886424568204703	0.5728323288986008	1.0	1.0	1.0	1.0	1.0	1.0	0.7263875964832449	1.0	1.0	1.0	1.0	1.0	1.0	1.0	1.0	1.0	0.0	1.0	1.0	0.5475188112807635	1.0
te	0.0	0.0	0.0	0.0	0.0	0.0	0.0	1.0	0.0	1.0	0.0	1.0	0.0	0.0	0.0	0.0	0.0	0.0	0.0	1.0	0.0	1.0	0.0	0.0	0.0	1.0	0.0	0.0	0.0	0.0	0.0	1.0	0.0	0.0	0.7584325078215763	0.0
tr	1.0	0.0	0.0	1.0	1.0	1.0	1.0	1.0	1.0	1.0	1.0	0.0	1.0	1.0	1.0	1.0	1.0	1.0	1.0	1.0	1.0	1.0	1.0	1.0	1.0	1.0	1.0	1.0	1.0	1.0	1.0	0.0	1.0	1.0	0.5925058614138982	1.0
vi	1.0	1.0	0.0	1.0	1.0	1.0	0.0	1.0	1.0	1.0	0.0	0.0	1.0	1.0	1.0	1.0	1.0	1.0	1.0	1.0	1.0	1.0	1.0	1.0	0.0	1.0	1.0	1.0	0.0	0.0	1.0	0.0	1.0	1.0	0.6185915674468426	1.0
war	1.0	0.7047315208962244	1.0	0.7106922308883379	0.6476819302366406	0.44812886592377893	0.6994017365373274	0.38814596126030526	0.6959377576615894	0.6060267349564308	0.6994017365373274	0.7106922308883379	0.3657975746621377	0.35905969735217536	0.35811006923234434	0.6994017365373274	0.6994017365373274	0.7265334708466399	0.7690990303325336	0.7106922308883378	0.7690990303325336	0.614024174278103	0.4361598719473621	0.7509438213743352	0.5725583817037745	0.6994017365373274	0.3380123516557239	1.0	0.43793450295742137	0.6994017365373274	0.5475188112807635	0.7584325078215763	0.5925058614138982	0.6185915674468426	1.0	0.6994017365373274
zh	1.0	1.0	0.0	1.0	0.5020797777427737	0.7690990303325336	1.0	0.3423836371185269	1.0	1.0	1.0	0.0	1.0	0.3674395640192747	1.0	1.0	1.0	1.0	1.0	1.0	1.0	1.0	1.0	1.0	1.0	1.0	1.0	1.0	1.0	0.0	1.0	0.0	1.0	1.0	0.6994017365373274	1.0
