arz	bs	ceb	ckb	da	de	el	en	es	fr	he	hi	hu	id	it	ja	ko	lv	mk	ml	mr	nl	pl	pt	ro	ru	sh	si	simple	sr	sv	te	tr	vi	war	zh
arz	1.0225000000000009	0.0	0.0	0.0	1.0	1.0	1.0	1.0225000000000009	1.0225000000000009	1.0	1.0225000000000009	0.0	1.0	1.0	1.0	1.0	1.0	1.0	1.0	0.0	1.0	1.0	1.0	1.0	1.0	1.0	0.0	1.0	1.0	1.0	1.0	0.0	1.0	1.0	1.0225000000000009	1.0
bs	0.0	1.0675000000000008	0.0	0.0	1.0	1.0	1.0	1.0675000000000008	1.0450000000000004	1.0225000000000009	1.0	1.0	1.0	0.0	1.0	1.0225000000000009	1.0	0.0	0.0	0.0	0.0	1.0225000000000009	1.0	1.0	1.0	1.0225000000000009	1.0	0.0	0.0	1.0	1.0225000000000009	0.0	0.0	1.0	1.2523627487084046	1.0
ceb	0.0	0.0	1.0450000000000004	0.0	0.0	1.0	0.0	1.0391304347826091	1.0	1.0	0.0	0.0	0.0	0.0	0.0	1.0	0.0	0.0	0.0	0.0	0.0	1.0	1.0	1.0	0.0	0.0	0.0	0.0	0.0	0.0	1.0450000000000004	0.0	0.0	0.0	1.0	0.0
ckb	0.0	0.0	0.0	1.0	1.0	1.0	0.0	1.0	1.0	1.0	1.0	0.0	1.0	0.0	1.0	1.0	1.0	0.0	0.0	0.0	0.0	1.0	1.0	1.0	0.0	1.0	1.0	0.0	1.0	0.0	1.0	0.0	1.0	1.0	1.1075324675324656	1.0
da	1.0	1.0	0.0	1.0	3.029409514108069	1.436356837606839	1.0391304347826091	2.0296619897959194	1.1378125000000017	1.1378125000000017	1.0	1.0	1.0225000000000009	0.9097485351562506	1.027652705627705	1.1070689655172417	1.0	1.0225000000000009	1.0	1.0225000000000009	1.0	1.1378125000000017	1.1070689655172417	1.1070689655172417	1.0	1.0744230769230771	1.0635567010309284	1.0	1.0	0.0	1.3015	0.0	1.0	1.0	1.2460763717353331	1.0744230769230771
de	1.0	1.0	1.0	1.0	1.436356837606839	10.971818937563901	1.0400324675324677	3.7928752342365213	1.3046586153733202	1.3805583756345206	1.0	0.0	1.0450000000000004	1.6491521549515153	1.447584070857042	1.200737327188942	1.0225000000000009	1.0900000000000025	1.0225000000000009	1.0225000000000009	1.0	1.3353389830508475	1.2233860759493673	1.1325636942675146	1.0	1.0867307692307713	1.0842910447761211	1.0	1.0	1.0	2.1319797966499943	0.0	1.0	1.0	1.2626845904922623	1.0635567010309277
el	1.0	1.0	0.0	0.0	1.0391304347826091	1.0400324675324677	1.0450000000000004	1.0744230769230771	1.0225000000000009	1.0225000000000009	1.0	0.0	1.0	1.0391304347826091	1.0225000000000009	1.0225000000000009	1.0	1.0	1.0225000000000009	1.0225000000000009	1.0	1.0225000000000009	1.0450000000000004	1.0225000000000009	1.0	1.0225000000000009	0.0	1.0	1.0	0.0	1.0225000000000009	0.0	1.0675000000000008	0.0	1.1306034482758602	1.0225000000000009
en	1.0225000000000009	1.0675000000000008	1.0391304347826091	1.0	2.0296619897959194	3.7928752342365213	1.0744230769230771	8.187951957022229	1.472429768595475	1.7354808499508718	1.0	1.1315852390852377	1.0900000000000025	2.988709450918373	1.8600419772318848	1.4492828124227128	1.1004382219989968	1.2409183673469404	1.0225000000000009	1.2034908159660915	1.0450000000000004	1.423485147598806	1.6034596626701894	1.4899466554236638	1.0225000000000009	1.2694230769230757	1.4484210526315784	1.0635567010309281	1.0744230769230771	1.0	3.2312342036352817	1.0675000000000008	1.0	1.0225000000000009	1.4297956711373807	1.3265852390852384
es	1.0225000000000009	1.0450000000000004	1.0	1.0	1.1378125000000017	1.3046586153733202	1.0225000000000009	1.472429768595475	2.8446807118777615	1.2495454545454538	1.0	1.0225000000000009	1.1070689655172417	1.3117253731343286	1.411158670639008	1.1349999999999978	1.0675000000000008	1.0900000000000025	1.0225000000000009	1.0675000000000008	1.0	1.1378125000000017	1.2228048780487795	1.1574999999999984	1.0	1.0900000000000025	1.1349999999999978	1.0450000000000004	1.0	0.0	1.3268867924528296	0.0	1.0	1.0225000000000009	1.1585966173701927	1.0675000000000008
fr	1.0	1.0225000000000009	1.0	1.0	1.1378125000000017	1.3805583756345206	1.0225000000000009	1.7354808499508718	1.2495454545454538	1.5624999999999984	1.0	1.0450000000000004	1.0675000000000008	1.3767796610169492	1.1787581168831163	1.1799999999999986	1.0225000000000009	1.0675000000000008	1.0225000000000009	1.0675000000000008	1.0225000000000009	1.1780583756345167	1.1574999999999984	1.1124999999999978	1.0	1.0675000000000008	1.1124999999999978	1.0	1.0450000000000004	1.0	1.3375000000000004	1.0	1.0	1.0225000000000009	1.111614471302761	1.0675000000000008
he	1.0225000000000009	1.0	0.0	1.0	1.0	1.0	1.0	1.0	1.0	1.0	1.0	0.0	0.0	1.0	1.0	1.0	1.0	1.0450000000000004	1.0	1.0450000000000004	1.0	1.0	1.0	1.0	0.0	1.0	1.0450000000000004	1.0	1.0	0.0	1.0	0.0	1.0	0.0	1.1306034482758602	1.0
hi	0.0	1.0	0.0	0.0	1.0	0.0	0.0	1.1315852390852377	1.0225000000000009	1.0450000000000004	0.0	1.1124999999999978	0.0	1.0	0.0	1.0	0.0	0.0	0.0	1.0450000000000004	1.0225000000000009	1.0225000000000009	0.0	0.0	0.0	1.0450000000000004	1.0	0.0	1.0	1.0	1.0	1.0	0.0	0.0	1.1075324675324656	0.0
hu	1.0	1.0	0.0	1.0	1.0225000000000009	1.0450000000000004	1.0	1.0900000000000025	1.1070689655172417	1.0675000000000008	0.0	0.0	1.0900000000000025	1.1070689655172417	1.073792596944771	1.0675000000000008	1.0	1.0391304347826091	1.0	1.0	1.0	1.0675000000000008	1.0675000000000008	1.0450000000000004	1.0	1.0450000000000004	1.0225000000000009	1.0	0.0	0.0	1.0900000000000025	0.0	1.0	1.0225000000000009	1.0311031570331837	1.0225000000000009
id	1.0	0.0	0.0	0.0	0.9097485351562506	1.6491521549515153	1.0391304347826091	2.988709450918373	1.3117253731343286	1.3767796610169492	1.0	1.0	1.1070689655172417	4.379455419558361	1.5077392311710147	1.4038805970149255	1.0744230769230771	1.0225000000000009	1.0	1.0450000000000004	1.0225000000000009	1.1953947368421036	1.3513934426229501	1.2694230769230757	1.0	1.1070689655172417	1.0	1.0	1.0225000000000009	0.0	1.7345506886430355	0.0	1.0900000000000025	1.0225000000000009	1.3093339420886418	1.3245689655172406
it	1.0	1.0	0.0	1.0	1.027652705627705	1.447584070857042	1.0225000000000009	1.8600419772318848	1.411158670639008	1.1787581168831163	1.0	0.0	1.073792596944771	1.5077392311710147	2.70083352517799	1.132563694267514	1.0450000000000004	1.0450000000000004	1.0	1.0225000000000009	1.0	1.1307738902888145	1.1764696637491086	1.1695789473684202	1.0225000000000009	1.0900000000000025	1.1097080291970787	1.0	1.0	0.0	1.3109637322939465	0.0	1.0	1.0225000000000009	1.3265537207507787	1.0450000000000004
ja	1.0	1.0225000000000009	1.0	1.0	1.1070689655172417	1.200737327188942	1.0225000000000009	1.4492828124227128	1.1349999999999978	1.1799999999999986	1.0	1.0	1.0675000000000008	1.4038805970149255	1.132563694267514	1.405000000000002	1.0675000000000008	1.0225000000000009	1.0	1.0225000000000009	1.0	1.132563694267514	1.1124999999999978	1.1349999999999978	1.0225000000000009	1.0900000000000025	1.0900000000000025	1.0	1.0225000000000009	0.0	1.3375000000000004	0.0	1.0	1.0225000000000009	1.1306034482758602	1.1124999999999978
ko	1.0	1.0	0.0	1.0	1.0	1.0225000000000009	1.0	1.1004382219989968	1.0675000000000008	1.0225000000000009	1.0	0.0	1.0	1.0744230769230771	1.0450000000000004	1.0675000000000008	1.0900000000000025	1.0225000000000009	1.0	1.0225000000000009	1.0	1.0	1.0450000000000004	1.0675000000000008	0.0	1.0450000000000004	1.0	1.0	1.0	0.0	1.0675000000000008	0.0	1.0	1.0	1.1306034482758602	1.0225000000000009
lv	1.0	0.0	0.0	0.0	1.0225000000000009	1.0900000000000025	1.0	1.2409183673469404	1.0900000000000025	1.0675000000000008	1.0450000000000004	0.0	1.0391304347826091	1.0225000000000009	1.0450000000000004	1.0225000000000009	1.0225000000000009	1.1124999999999978	1.0	0.0	1.0	1.0225000000000009	1.0675000000000008	1.0225000000000009	1.0	1.1124999999999978	0.0	1.0	1.0225000000000009	1.0	1.0675000000000008	0.0	1.0450000000000004	1.0	1.0842910447761214	1.0
mk	1.0	0.0	0.0	0.0	1.0	1.0225000000000009	1.0225000000000009	1.0225000000000009	1.0225000000000009	1.0225000000000009	1.0	0.0	1.0	1.0	1.0	1.0	1.0	1.0	1.0225000000000009	0.0	1.0	1.0	1.0	1.0	1.0	1.0	0.0	1.0	1.0	1.0	1.0	0.0	1.0225000000000009	1.0	1.0635567010309281	1.0
ml	0.0	0.0	0.0	0.0	1.0225000000000009	1.0225000000000009	1.0225000000000009	1.2034908159660915	1.0675000000000008	1.0675000000000008	1.0450000000000004	1.0450000000000004	1.0	1.0450000000000004	1.0225000000000009	1.0225000000000009	1.0225000000000009	0.0	0.0	1.2025000000000023	1.0225000000000009	1.0450000000000004	1.0225000000000009	1.0225000000000009	1.0	1.0900000000000025	1.0	0.0	1.0225000000000009	0.0	1.0225000000000009	1.0	1.0225000000000009	1.0225000000000009	1.107532467532466	1.0450000000000004
mr	1.0	0.0	0.0	0.0	1.0	1.0	1.0	1.0450000000000004	1.0	1.0225000000000009	1.0	1.0225000000000009	1.0	1.0225000000000009	1.0	1.0	1.0	1.0	1.0	1.0225000000000009	1.0450000000000004	1.0	1.0	1.0	1.0	1.0225000000000009	0.0	1.0	1.0225000000000009	1.0	1.0	0.0	1.0	1.0	1.0635567010309286	1.0
nl	1.0	1.0225000000000009	1.0	1.0	1.1378125000000017	1.3353389830508475	1.0225000000000009	1.423485147598806	1.1378125000000017	1.1780583756345167	1.0	1.0225000000000009	1.0675000000000008	1.1953947368421036	1.1307738902888145	1.132563694267514	1.0	1.0225000000000009	1.0	1.0450000000000004	1.0	1.492136132042372	1.0900000000000025	1.0867307692307715	1.0	1.0450000000000004	1.0867307692307713	1.0	1.0225000000000009	1.0	1.291212121212122	1.0	1.0	1.0	1.2126858027178955	1.0450000000000004
pl	1.0	1.0	1.0	1.0	1.1070689655172417	1.2233860759493673	1.0450000000000004	1.6034596626701894	1.2228048780487795	1.1574999999999984	1.0	0.0	1.0675000000000008	1.3513934426229501	1.1764696637491086	1.1124999999999978	1.0450000000000004	1.0675000000000008	1.0	1.0225000000000009	1.0	1.0900000000000025	1.4275000000000002	1.1124999999999978	1.0	1.0675000000000008	1.0225000000000009	1.0	1.0	0.0	1.2250000000000003	0.0	1.0	1.0225000000000009	1.2869091637326384	1.0675000000000008
pt	1.0	1.0	1.0	1.0	1.1070689655172417	1.1325636942675146	1.0225000000000009	1.4899466554236638	1.1574999999999984	1.1124999999999978	1.0	0.0	1.0450000000000004	1.2694230769230757	1.1695789473684202	1.1349999999999978	1.0675000000000008	1.0225000000000009	1.0	1.0225000000000009	1.0	1.0867307692307715	1.1124999999999978	1.2250000000000003	1.0	1.0900000000000025	1.0450000000000004	1.0	1.0225000000000009	0.0	1.2250000000000003	0.0	1.0	1.0225000000000009	1.1912860522366189	1.0675000000000008
ro	1.0	1.0	0.0	0.0	1.0	1.0	1.0	1.0225000000000009	1.0	1.0	0.0	0.0	1.0	1.0	1.0225000000000009	1.0225000000000009	0.0	1.0	1.0	1.0	1.0	1.0	1.0	1.0	1.0225000000000009	1.0	0.0	1.0	0.0	0.0	1.0225000000000009	0.0	1.0	0.0	1.148088891391829	1.0
ru	1.0	1.0225000000000009	0.0	1.0	1.0744230769230771	1.0867307692307713	1.0225000000000009	1.2694230769230757	1.0900000000000025	1.0675000000000008	1.0	1.0450000000000004	1.0450000000000004	1.1070689655172417	1.0900000000000025	1.0900000000000025	1.0450000000000004	1.1124999999999978	1.0	1.0900000000000025	1.0225000000000009	1.0450000000000004	1.0675000000000008	1.0900000000000025	1.0	1.2279209358741088	1.1124999999999978	1.0225000000000009	1.0	0.0	1.0900000000000025	1.0	1.0	1.0225000000000009	1.1306034482758602	1.0450000000000004
sh	0.0	1.0	0.0	1.0	1.0635567010309284	1.0842910447761211	0.0	1.4484210526315784	1.1349999999999978	1.1124999999999978	1.0450000000000004	1.0	1.0225000000000009	1.0	1.1097080291970787	1.0900000000000025	1.0	0.0	0.0	1.0	0.0	1.0867307692307713	1.0225000000000009	1.0450000000000004	0.0	1.1124999999999978	1.2250000000000003	0.0	1.0225000000000009	1.0450000000000004	1.0675000000000008	0.0	1.0450000000000004	1.0225000000000009	1.259382267134397	1.0450000000000004
si	1.0	0.0	0.0	0.0	1.0	1.0	1.0	1.0635567010309281	1.0450000000000004	1.0	1.0	0.0	1.0	1.0	1.0	1.0	1.0	1.0	1.0	0.0	1.0	1.0	1.0	1.0	1.0	1.0225000000000009	0.0	1.0675000000000008	1.0	1.0	1.0	0.0	1.0	1.0	1.0450000000000004	1.0
simple	1.0	0.0	0.0	1.0	1.0	1.0	1.0	1.0744230769230771	1.0	1.0450000000000004	1.0	1.0	0.0	1.0225000000000009	1.0	1.0225000000000009	1.0	1.0225000000000009	1.0	1.0225000000000009	1.0225000000000009	1.0225000000000009	1.0	1.0225000000000009	0.0	1.0	1.0225000000000009	1.0	1.0450000000000004	0.0	1.0225000000000009	0.0	1.0	0.0	1.322509724181493	1.0
sr	1.0	1.0	0.0	0.0	0.0	1.0	0.0	1.0	0.0	1.0	0.0	1.0	0.0	0.0	0.0	0.0	0.0	1.0	1.0	0.0	1.0	1.0	0.0	0.0	0.0	0.0	1.0450000000000004	1.0	0.0	1.0	1.0	0.0	1.0	0.0	1.1306034482758602	0.0
sv	1.0	1.0225000000000009	1.0450000000000004	1.0	1.3015	2.1319797966499943	1.0225000000000009	3.2312342036352817	1.3268867924528296	1.3375000000000004	1.0	1.0	1.0900000000000025	1.7345506886430355	1.3109637322939465	1.3375000000000004	1.0675000000000008	1.0675000000000008	1.0	1.0225000000000009	1.0	1.291212121212122	1.2250000000000003	1.2250000000000003	1.0225000000000009	1.0900000000000025	1.0675000000000008	1.0	1.0225000000000009	1.0	51.532770194193354	0.0	1.0	1.0225000000000009	1.2148502619261918	1.1799999999999986
te	0.0	0.0	0.0	0.0	0.0	0.0	0.0	1.0675000000000008	0.0	1.0	0.0	1.0	0.0	0.0	0.0	0.0	0.0	0.0	0.0	1.0	0.0	1.0	0.0	0.0	0.0	1.0	0.0	0.0	0.0	0.0	0.0	1.0675000000000008	0.0	0.0	1.0867307692307715	0.0
tr	1.0	0.0	0.0	1.0	1.0	1.0	1.0675000000000008	1.0	1.0	1.0	1.0	0.0	1.0	1.0900000000000025	1.0	1.0	1.0	1.0450000000000004	1.0225000000000009	1.0225000000000009	1.0	1.0	1.0	1.0	1.0	1.0	1.0450000000000004	1.0	1.0	1.0	1.0	0.0	1.0	1.0	1.1941885704270667	1.0
vi	1.0	1.0	0.0	1.0	1.0	1.0	0.0	1.0225000000000009	1.0225000000000009	1.0225000000000009	0.0	0.0	1.0225000000000009	1.0225000000000009	1.0225000000000009	1.0225000000000009	1.0	1.0	1.0	1.0225000000000009	1.0	1.0	1.0225000000000009	1.0225000000000009	0.0	1.0225000000000009	1.0225000000000009	1.0	0.0	0.0	1.0225000000000009	0.0	1.0	1.0225000000000009	1.1854833673991296	1.0
war	1.0225000000000009	1.2523627487084046	1.0	1.1075324675324656	1.2460763717353331	1.2626845904922623	1.1306034482758602	1.4297956711373807	1.1585966173701927	1.111614471302761	1.1306034482758602	1.1075324675324656	1.0311031570331837	1.3093339420886418	1.3265537207507787	1.1306034482758602	1.1306034482758602	1.0842910447761214	1.0635567010309281	1.107532467532466	1.0635567010309286	1.2126858027178955	1.2869091637326384	1.1912860522366189	1.148088891391829	1.1306034482758602	1.259382267134397	1.0450000000000004	1.322509724181493	1.1306034482758602	1.2148502619261918	1.0867307692307715	1.1941885704270667	1.1854833673991296	1.2432876445038958	1.1306034482758602
zh	1.0	1.0	0.0	1.0	1.0744230769230771	1.0635567010309277	1.0225000000000009	1.3265852390852384	1.0675000000000008	1.0675000000000008	1.0	0.0	1.0225000000000009	1.3245689655172406	1.0450000000000004	1.1124999999999978	1.0225000000000009	1.0	1.0	1.0450000000000004	1.0	1.0450000000000004	1.0675000000000008	1.0675000000000008	1.0	1.0450000000000004	1.0450000000000004	1.0	1.0	0.0	1.1799999999999986	0.0	1.0	1.0	1.1306034482758602	1.2025000000000023
