arz	bs	ceb	ckb	da	de	el	en	es	fr	he	hi	hu	id	it	ja	ko	lv	mk	ml	mr	nl	pl	pt	ro	ru	sh	si	simple	sr	sv	te	tr	vi	war	zh
arz	1.0	0.9427142271269598	0.8243641213575563	1.0	0.8410893773219742	0.8551945812581004	1.0	0.8039371863958004	0.8260764096275588	0.6893458802401227	1.0	1.0	0.6221640538365194	0.8745568279750837	0.8765765634561254	1.0	1.0	0.5870275918894037	1.0	1.0	1.0	0.8873787276154533	0.9055883721709437	0.32986797744252827	0.8902452850412413	1.0	0.5047910048995213	1.0	0.9317773997816335	1.0	0.8700464246205268	1.0	1.0	0.7754781530399258	1.0	0.626740723042953
bs	0.9427142271269598	1.0	0.7615191416247781	0.8410061830915607	0.7640762177666757	0.7312028967688361	0.8410061830915607	0.6409745136348834	0.6691489132904264	0.6376704404104016	0.8410061830915607	0.8425923603628874	0.4282694313586413	0.7286291513909362	0.8076917080935796	0.8410061830915607	0.8410061830915608	0.5620521875503313	0.8410061830915608	0.8410061830915607	0.8410061830915607	0.7971003695058138	0.7589039254518928	0.3380242495140375	0.7661766996579517	0.8410061830915607	0.3268915072746628	0.8979911021389533	0.7984832441307864	0.8410061830915607	0.6935161593775917	0.8551069046222015	0.38348901031773097	0.6768025522317621	0.4365867044892904	0.24105853745683467
ceb	0.8243641213575563	0.7615191416247781	1.0	0.7954746078102779	0.7394713795428832	0.7097705520812915	0.79309451947631	0.62221549234552	0.6498262024907157	0.6241579115596454	0.7953338864371583	0.7983554190711152	0.4251194472657296	0.6993179439535898	0.7756415604778765	0.79309451947631	0.79309451947631	0.5633757765961109	0.7954746078102779	0.7954746078102779	0.7954746078102779	0.7638157667618924	0.7308730636524035	0.338230256963994	0.7373170188591447	0.79309451947631	0.3262262914800954	0.8534513579906593	0.7647942389212742	0.7953338864371583	0.6692332882598363	0.8010139140187801	-1.0	0.6639072898411196	0.43343492937016703	0.24098724060443263
ckb	1.0	0.8410061830915607	0.7954746078102779	1.0	0.8064020242574559	0.7621799972446606	1.0	0.6550802964886651	0.686291106500171	0.6510386112691346	1.0	1.0	0.4307784702254112	0.7564964862134378	0.8727649730473407	1.0	1.0	0.571576097210737	1.0	1.0	1.0	0.8534456011427326	0.79397990677814	0.3391409481892858	0.8049828912032093	1.0	0.3279531394041184	1.0	0.857145547586449	1.0	0.7136859253728668	1.0	1.0	0.6943770757623153	0.4389410670401364	0.241597025016419
da	0.8410893773219742	0.7640762177666757	0.7394713795428832	0.8064020242574559	1.0	0.7132980446654366	0.8055865268291996	0.6332591778884094	0.6595744566751885	0.6271562801378716	0.8055865268291996	0.8078837515764987	0.4264089132824993	0.7123559404805455	0.7772926312169233	0.8055865268291996	0.8055865268291994	0.5584764603742458	0.8064020242574559	0.8064020242574559	0.8064020242574559	0.7695383209695399	0.7389665110927275	0.33797619544728785	0.7428908763180563	0.8055865268291994	0.32691879576227634	0.8488478031826246	0.7723870132460336	0.8055865268291994	0.6786871365260473	0.8223748468594907	0.3551283070667673	0.6690549809262304	0.43556604551332834	0.24110719254157106
de	0.8551945812581004	0.7312028967688361	0.7097705520812915	0.7621799972446606	0.7132980446654366	1.0	0.7556727192209507	0.6119217820445986	0.6314588193054679	0.6143258226346873	0.7611722168364239	0.7633266711775216	0.41645128002786314	0.680683685902439	0.744377161118319	0.7574345391390053	0.7547248405253001	0.5546018132353404	0.7621799972446606	0.7621799972446606	0.7621799972446603	0.7383900659081779	0.7086995394337984	0.33339278467230027	0.7165056556769899	0.7572749780308434	0.32623888850926797	0.8455655593641376	0.7384086638215591	0.7611722168364239	0.655311430589256	0.7729155458627361	0.3092539652076905	0.6476288060432743	0.43214183278591634	0.2393767331975372
el	1.0	0.8410061830915607	0.79309451947631	1.0	0.8055865268291996	0.7556727192209507	1.0	0.645115706077871	0.6737044305102972	0.6469501128883881	1.0	1.0	0.4250357628567854	0.7489467449487924	0.8719218019619287	1.0	1.0	0.571576097210737	1.0	1.0	1.0	0.8533528563690849	0.7919057755681599	0.33691651268552264	0.8055881028093932	1.0	0.3279531394041184	1.0	0.8565687705050246	1.0	0.7056166067800151	1.0	0.7510341748895939	0.6938096337439603	0.4389410670401364	0.24018412253083163
en	0.8039371863958004	0.6409745136348834	0.62221549234552	0.6550802964886651	0.6332591778884094	0.6119217820445986	0.645115706077871	1.0	0.5732883357223152	0.5458200076887679	0.651129836036432	0.6582060056135031	0.40446300302013366	0.6028558125828217	0.6417917454602037	0.6458824017694962	0.6358875529114929	0.5221245992919455	0.6550802964886651	0.6550802964886651	0.6550802964886651	0.6419502019639518	0.6244384047956786	0.3298593310237759	0.6280951949129496	0.6462551321490748	0.32335246982069266	0.7540377088295882	0.6393621453855047	0.6511298360364322	0.5812785614881169	0.6773620494098435	0.22982129722192723	0.5893489423627924	0.42056635756969246	0.2333906530680362
es	0.8260764096275588	0.6691489132904264	0.6498262024907157	0.686291106500171	0.6595744566751885	0.6314588193054679	0.6737044305102972	0.5732883357223152	1.0	0.57540930733208	0.6841596931843177	0.6875502432996026	0.4108843238202823	0.6301658227935907	0.6720490864193268	0.6793819895310591	0.6720738645862793	0.5339937636724428	0.686291106500171	0.686291106500171	0.6862911065001709	0.6711297806651735	0.6528297672843482	0.333076239713481	0.6512981794729793	0.6776558912634407	0.3239881869938476	0.7468891815844025	0.6688272932865676	0.6841596931843177	0.6072187911333371	0.6976560512617268	0.3289138746409212	0.6120019393616171	0.4206827538951943	0.23695611702622082
fr	0.6893458802401227	0.6376704404104016	0.6241579115596454	0.6510386112691346	0.6271562801378716	0.6143258226346873	0.6469501128883881	0.5458200076887679	0.57540930733208	1.0	0.648896788105396	0.6526739564962901	0.40574295868448185	0.6089631354442405	0.638242804717064	0.6476416705183221	0.6366838120954899	0.5214682746784108	0.6510386112691346	0.6510386112691346	0.6510386112691346	0.63990607808795	0.6210208051896013	0.32467298643089	0.6303050342713434	0.6476808701735657	0.3193661747882771	0.7535367761101852	0.6356555146358374	0.648896788105396	0.5798914247668499	0.6709437100373404	0.34579113133156303	0.592116586042807	0.41529051135337475	0.23436694972725886
he	1.0	0.8410061830915607	0.7953338864371583	1.0	0.8055865268291996	0.7611722168364239	1.0	0.651129836036432	0.6841596931843177	0.648896788105396	1.0	1.0	0.42889826194542985	0.7560471254539115	0.8719218019619289	1.0	1.0	0.571576097210737	1.0	1.0	1.0	0.8534456011427326	0.7934855782173704	0.33887019953864833	0.8056871899767352	1.0	0.32795313940411847	1.0	0.8567384088751057	1.0	0.7112507132503857	1.0	0.7270358926025849	0.6937787345041189	0.4389410670401364	0.2417486013500223
hi	1.0	0.8425923603628874	0.7983554190711152	1.0	0.8078837515764987	0.7633266711775216	1.0	0.6582060056135031	0.6875502432996026	0.6526739564962901	1.0	1.0	0.43268784970514956	0.7597874444191752	0.8755398136204816	1.0	1.0	0.573677083096581	1.0	1.0	1.0	0.8542563023011918	0.794796832369316	0.3424979330538584	0.8074327194667282	1.0	0.32967149289616937	1.0	0.858001166663838	1.0	0.716370860992389	1.0	0.8055567530094857	0.6956876909907929	0.4529305982854387	0.24376410707341922
hu	0.6221640538365194	0.4282694313586413	0.4251194472657296	0.4307784702254112	0.4264089132824993	0.41645128002786314	0.4250357628567854	0.40446300302013366	0.4108843238202823	0.40574295868448185	0.42889826194542985	0.43268784970514956	1.0	0.4179260355916515	0.42659519510869165	0.4263375290903675	0.4237762274805121	0.3994149226299192	0.4307784702254112	0.4307784702254112	0.4307784702254112	0.42814584937183303	0.4212148232505906	0.2976737863464568	0.422503797525102	0.42526527485672866	0.2941371761898017	0.49195861191629137	0.4268483016200121	0.42889826194542985	0.4103496023284094	0.4524304688009603	0.8137822343553779	0.413867927901845	0.35358042371412296	0.2308339239492956
id	0.8745568279750837	0.7286291513909362	0.6993179439535898	0.7564964862134378	0.7123559404805455	0.680683685902439	0.7489467449487924	0.6028558125828217	0.6301658227935907	0.6089631354442405	0.7560471254539115	0.7597874444191752	0.4179260355916515	1.0	0.7344675838750336	0.7493798039954866	0.7461801871652718	0.5483568641645612	0.7564964862134378	0.7564964862134378	0.7564964862134378	0.727301355069502	0.7011969047904343	0.332637500163972	0.7117669948133032	0.7498293852895732	0.326506885764508	0.8335419623111656	0.734322426178106	0.7560471254539115	0.6461124041623476	0.7714120115196452	0.3903432074105023	0.6442800200358588	0.4315619934089675	0.23628047455653578
it	0.8765765634561254	0.8076917080935796	0.7756415604778765	0.8727649730473407	0.7772926312169233	0.744377161118319	0.8719218019619287	0.6417917454602037	0.6720490864193268	0.638242804717064	0.8719218019619289	0.8755398136204816	0.42659519510869165	0.7344675838750336	1.0	0.8721045393217695	0.8721045393217695	0.56896426467072	0.8727649730473407	0.8727649730473408	0.8727649730473408	0.819550067746469	0.7712893753739823	0.3382493677790154	0.7779108723164663	0.8719218019619289	0.3276693711154649	0.9159135778734582	0.8193954453286509	0.8719218019619289	0.7003576486305397	0.8811593251363866	0.24547357091468905	0.682922255790004	0.4390771678615556	0.23929909378896175
ja	1.0	0.8410061830915607	0.79309451947631	1.0	0.8055865268291996	0.7574345391390053	1.0	0.6458824017694962	0.6793819895310591	0.6476416705183221	1.0	1.0	0.4263375290903675	0.7493798039954866	0.8721045393217695	1.0	1.0	0.571576097210737	1.0	1.0	1.0	0.853352856369085	0.7919057755681599	0.33691651268552264	0.8054447264042739	1.0	0.3279531394041184	1.0	0.8565687705050246	1.0	0.7079110346742525	1.0	0.4949291878859522	0.6938096337439605	0.4389410670401364	0.2363654282340854
ko	1.0	0.8410061830915608	0.79309451947631	1.0	0.8055865268291994	0.7547248405253001	1.0	0.6358875529114929	0.6720738645862793	0.6366838120954899	1.0	1.0	0.4237762274805121	0.7461801871652718	0.8721045393217695	1.0	1.0	0.571576097210737	1.0	1.0	1.0	0.853352856369085	0.7919057755681599	0.33730870941668023	0.8055881028093932	1.0	0.3279531394041184	1.0	0.8565687705050247	1.0	0.6988594103424977	1.0	0.5312886433465891	0.6938096337439605	0.4389410670401364	0.2378343726049023
lv	0.5870275918894037	0.5620521875503313	0.5633757765961109	0.571576097210737	0.5584764603742458	0.5546018132353404	0.571576097210737	0.5221245992919455	0.5339937636724428	0.5214682746784108	0.571576097210737	0.573677083096581	0.3994149226299192	0.5483568641645612	0.56896426467072	0.571576097210737	0.571576097210737	1.0	0.571576097210737	0.571576097210737	0.571576097210737	0.566148315381366	0.5600027450275473	0.32392742540654695	0.5595876713941657	0.571576097210737	0.31442580108903245	0.665806185106953	0.5658177403060177	0.571576097210737	0.5388126551026845	0.5896348313638708	0.559367858846775	0.5366643356168974	0.40006517819284276	0.23780018155622468
mk	1.0	0.8410061830915608	0.7954746078102779	1.0	0.8064020242574559	0.7621799972446606	1.0	0.6550802964886651	0.686291106500171	0.6510386112691346	1.0	1.0	0.4307784702254112	0.7564964862134378	0.8727649730473407	1.0	1.0	0.571576097210737	1.0	1.0	1.0	0.8534456011427326	0.79397990677814	0.3391409481892858	0.8049828912032093	1.0	0.3279531394041184	1.0	0.857145547586449	1.0	0.7136859253728668	1.0	0.7510341748895938	0.6943770757623153	0.4389410670401364	0.241597025016419
ml	1.0	0.8410061830915607	0.7954746078102779	1.0	0.8064020242574559	0.7621799972446606	1.0	0.6550802964886651	0.686291106500171	0.6510386112691346	1.0	1.0	0.4307784702254112	0.7564964862134378	0.8727649730473408	1.0	1.0	0.571576097210737	1.0	1.0	1.0	0.8534456011427325	0.79397990677814	0.3391409481892858	0.8049828912032095	1.0	0.3279531394041184	1.0	0.857145547586449	1.0	0.7136859253728667	1.0	0.7376607345031153	0.6943770757623153	0.4389410670401364	0.241597025016419
mr	1.0	0.8410061830915607	0.7954746078102779	1.0	0.8064020242574559	0.7621799972446603	1.0	0.6550802964886651	0.6862911065001709	0.6510386112691346	1.0	1.0	0.4307784702254112	0.7564964862134378	0.8727649730473408	1.0	1.0	0.571576097210737	1.0	1.0	1.0	0.8534456011427325	0.79397990677814	0.3391409481892858	0.8049828912032095	1.0	0.3279531394041184	1.0	0.857145547586449	1.0	0.7136859253728667	1.0	1.0	0.6943770757623154	0.4389410670401364	0.241597025016419
nl	0.8873787276154533	0.7971003695058138	0.7638157667618924	0.8534456011427326	0.7695383209695399	0.7383900659081779	0.8533528563690849	0.6419502019639518	0.6711297806651735	0.63990607808795	0.8534456011427326	0.8542563023011918	0.42814584937183303	0.727301355069502	0.819550067746469	0.853352856369085	0.853352856369085	0.566148315381366	0.8534456011427326	0.8534456011427325	0.8534456011427325	1.0	0.7609309490141395	0.33830543592210116	0.7683965570781424	0.853352856369085	0.32655742400985793	0.8931951844216212	0.8079509233028557	0.8534456011427326	0.6983428474144829	0.8639241268816298	0.3525653855958478	0.6778315386673394	0.43719528306200117	0.24054406513943427
pl	0.9055883721709437	0.7589039254518928	0.7308730636524035	0.79397990677814	0.7389665110927275	0.7086995394337984	0.7919057755681599	0.6244384047956786	0.6528297672843482	0.6210208051896013	0.7934855782173704	0.794796832369316	0.4212148232505906	0.7011969047904343	0.7712893753739823	0.7919057755681599	0.7919057755681599	0.5600027450275473	0.79397990677814	0.79397990677814	0.79397990677814	0.7609309490141395	1.0	0.3367064572420495	0.7431574409494767	0.7919057755681599	0.3277144456675746	0.8495252526585462	0.7642583985652837	0.7934855782173704	0.6701984710151637	0.8097379266819233	0.3697472630812044	0.6661944811649249	0.43461003509591917	0.2397433639143831
pt	0.32986797744252827	0.3380242495140375	0.338230256963994	0.3391409481892858	0.33797619544728785	0.33339278467230027	0.33691651268552264	0.3298593310237759	0.333076239713481	0.32467298643089	0.33887019953864833	0.3424979330538584	0.2976737863464568	0.332637500163972	0.3382493677790154	0.33691651268552264	0.33730870941668023	0.32392742540654695	0.3391409481892858	0.3391409481892858	0.3391409481892858	0.33830543592210116	0.3367064572420495	1.0	0.33731466833032325	0.33691651268552264	0.2596965288858732	0.344959771243395	0.3364032135583078	0.33887019953864833	0.333002691576584	0.3448894310402267	0.340406860217579	0.33197766166480913	0.3023223031575985	0.21171349814363036
ro	0.8902452850412413	0.7661766996579517	0.7373170188591447	0.8049828912032093	0.7428908763180563	0.7165056556769899	0.8055881028093932	0.6280951949129496	0.6512981794729793	0.6303050342713434	0.8056871899767352	0.8074327194667282	0.422503797525102	0.7117669948133032	0.7779108723164663	0.8054447264042739	0.8055881028093932	0.5595876713941657	0.8049828912032093	0.8049828912032095	0.8049828912032095	0.7683965570781424	0.7431574409494767	0.33731466833032325	1.0	0.8055881028093933	0.32659677745752774	0.8714465825694642	0.7733832475568723	0.8056871899767352	0.6778187426781908	0.8223219097673659	0.6906902938560182	0.6705258439127655	0.43548191260172187	0.24115379670158762
ru	1.0	0.8410061830915607	0.79309451947631	1.0	0.8055865268291994	0.7572749780308434	1.0	0.6462551321490748	0.6776558912634407	0.6476808701735657	1.0	1.0	0.42526527485672866	0.7498293852895732	0.8719218019619289	1.0	1.0	0.571576097210737	1.0	1.0	1.0	0.853352856369085	0.7919057755681599	0.33691651268552264	0.8055881028093933	1.0	0.3279531394041184	1.0	0.8565687705050247	1.0	0.7063494759032404	1.0	0.377097515586346	0.6938096337439605	0.4389410670401364	0.24018412253083163
sh	0.5047910048995213	0.3268915072746628	0.3262262914800954	0.3279531394041184	0.32691879576227634	0.32623888850926797	0.3279531394041184	0.32335246982069266	0.3239881869938476	0.3193661747882771	0.32795313940411847	0.32967149289616937	0.2941371761898017	0.326506885764508	0.3276693711154649	0.3279531394041184	0.3279531394041184	0.31442580108903245	0.3279531394041184	0.3279531394041184	0.3279531394041184	0.32655742400985793	0.3277144456675746	0.2596965288858732	0.32659677745752774	0.3279531394041184	1.0	0.3966440607699516	0.3272469673275028	0.3279531394041184	0.32421495871960054	0.33821652064406416	0.4240417373106684	0.3230147170153002	0.2954068350875657	0.20794352001813207
si	1.0	0.8979911021389533	0.8534513579906593	1.0	0.8488478031826246	0.8455655593641376	1.0	0.7540377088295882	0.7468891815844025	0.7535367761101852	1.0	1.0	0.49195861191629137	0.8335419623111656	0.9159135778734582	1.0	1.0	0.665806185106953	1.0	1.0	1.0	0.8931951844216212	0.8495252526585462	0.344959771243395	0.8714465825694642	1.0	0.3966440607699516	1.0	0.9220688371431007	1.0	0.8100281927992797	1.0	1.0	0.7314709475109672	0.6398385892358057	0.31131843471085097
simple	0.9317773997816335	0.7984832441307864	0.7647942389212742	0.857145547586449	0.7723870132460336	0.7384086638215591	0.8565687705050246	0.6393621453855047	0.6688272932865676	0.6356555146358374	0.8567384088751057	0.858001166663838	0.4268483016200121	0.734322426178106	0.8193954453286509	0.8565687705050246	0.8565687705050247	0.5658177403060177	0.857145547586449	0.857145547586449	0.857145547586449	0.8079509233028557	0.7642583985652837	0.3364032135583078	0.7733832475568723	0.8565687705050247	0.3272469673275028	0.9220688371431007	1.0	0.8567384088751057	0.6934089620144176	0.8632254687796743	0.520778446533592	0.6787391092904071	0.43713587623301675	0.2413577454615274
sr	1.0	0.8410061830915607	0.7953338864371583	1.0	0.8055865268291994	0.7611722168364239	1.0	0.6511298360364322	0.6841596931843177	0.648896788105396	1.0	1.0	0.42889826194542985	0.7560471254539115	0.8719218019619289	1.0	1.0	0.571576097210737	1.0	1.0	1.0	0.8534456011427326	0.7934855782173704	0.33887019953864833	0.8056871899767352	1.0	0.3279531394041184	1.0	0.8567384088751057	1.0	0.7112507132503857	1.0	0.6561091431115303	0.6937787345041189	0.4389410670401364	0.2417486013500223
sv	0.8700464246205268	0.6935161593775917	0.6692332882598363	0.7136859253728668	0.6786871365260473	0.655311430589256	0.7056166067800151	0.5812785614881169	0.6072187911333371	0.5798914247668499	0.7112507132503857	0.716370860992389	0.4103496023284094	0.6461124041623476	0.7003576486305397	0.7079110346742525	0.6988594103424977	0.5388126551026845	0.7136859253728668	0.7136859253728667	0.7136859253728667	0.6983428474144829	0.6701984710151637	0.333002691576584	0.6778187426781908	0.7063494759032404	0.32421495871960054	0.8100281927992797	0.6934089620144176	0.7112507132503857	1.0	0.7282360099626736	0.5228772556859077	0.6184548307167536	0.42888042340397736	0.2363983348568157
te	1.0	0.8551069046222015	0.8010139140187801	1.0	0.8223748468594907	0.7729155458627361	1.0	0.6773620494098435	0.6976560512617268	0.6709437100373404	1.0	1.0	0.4524304688009603	0.7714120115196452	0.8811593251363866	1.0	1.0	0.5896348313638708	1.0	1.0	1.0	0.8639241268816298	0.8097379266819233	0.3448894310402267	0.8223219097673659	1.0	0.33821652064406416	1.0	0.8632254687796743	1.0	0.7282360099626736	1.0	0.6467936504043927	0.7073297603858044	0.538577223286372	0.244460008499793
tr	1.0	0.38348901031773097	-1.0	1.0	0.3551283070667673	0.3092539652076905	0.7510341748895939	0.22982129722192723	0.3289138746409212	0.34579113133156303	0.7270358926025849	0.8055567530094857	0.8137822343553779	0.3903432074105023	0.24547357091468905	0.4949291878859522	0.5312886433465891	0.559367858846775	0.7510341748895938	0.7376607345031153	1.0	0.3525653855958478	0.3697472630812044	0.340406860217579	0.6906902938560182	0.377097515586346	0.4240417373106684	1.0	0.520778446533592	0.6561091431115303	0.5228772556859077	0.6467936504043927	1.0	0.42277023157503546	1.0	0.3823381565742644
vi	0.7754781530399258	0.6768025522317621	0.6639072898411196	0.6943770757623153	0.6690549809262304	0.6476288060432743	0.6938096337439603	0.5893489423627924	0.6120019393616171	0.592116586042807	0.6937787345041189	0.6956876909907929	0.413867927901845	0.6442800200358588	0.682922255790004	0.6938096337439605	0.6938096337439605	0.5366643356168974	0.6943770757623153	0.6943770757623153	0.6943770757623154	0.6778315386673394	0.6661944811649249	0.33197766166480913	0.6705258439127655	0.6938096337439605	0.3230147170153002	0.7314709475109672	0.6787391092904071	0.6937787345041189	0.6184548307167536	0.7073297603858044	0.42277023157503546	1.0	0.4227961330862304	0.2379019950279027
war	1.0	0.4365867044892904	0.43343492937016703	0.4389410670401364	0.43556604551332834	0.43214183278591634	0.4389410670401364	0.42056635756969246	0.4206827538951943	0.41529051135337475	0.4389410670401364	0.4529305982854387	0.35358042371412296	0.4315619934089675	0.4390771678615556	0.4389410670401364	0.4389410670401364	0.40006517819284276	0.4389410670401364	0.4389410670401364	0.4389410670401364	0.43719528306200117	0.43461003509591917	0.3023223031575985	0.43548191260172187	0.4389410670401364	0.2954068350875657	0.6398385892358057	0.43713587623301675	0.4389410670401364	0.42888042340397736	0.538577223286372	1.0	0.4227961330862304	1.0	0.2293225812593913
zh	0.626740723042953	0.24105853745683467	0.24098724060443263	0.241597025016419	0.24110719254157106	0.2393767331975372	0.24018412253083163	0.2333906530680362	0.23695611702622082	0.23436694972725886	0.2417486013500223	0.24376410707341922	0.2308339239492956	0.23628047455653578	0.23929909378896175	0.2363654282340854	0.2378343726049023	0.23780018155622468	0.241597025016419	0.241597025016419	0.241597025016419	0.24054406513943427	0.2397433639143831	0.21171349814363036	0.24115379670158762	0.24018412253083163	0.20794352001813207	0.31131843471085097	0.2413577454615274	0.2417486013500223	0.2363983348568157	0.244460008499793	0.3823381565742644	0.2379019950279027	0.2293225812593913	1.0
