arz	bs	ceb	ckb	da	de	el	en	es	fr	he	hi	hu	id	it	ja	ko	lv	mk	ml	mr	nl	pl	pt	ro	ru	sh	si	simple	sr	sv	te	tr	vi	war	zh
arz	1.0	0.126516536980057	0.14578395831246946	1.0	0.12973190755680383	0.12931586373476808	1.0	0.13460579770236292	0.13507810593582123	0.1370210657559585	1.0	1.0	0.17826035697019474	0.12931586373476808	0.12809248424016279	1.0	1.0	0.1243359412482223	1.0	1.0	1.0	0.12729683913915313	0.12809248424016279	0.24257131419419417	0.12849622184722817	1.0	0.28172904669025317	1.0	0.126516536980057	1.0	0.12973190755680383	1.0	1.0	0.13231996486433337	1.0	0.2989350844248255
bs	0.126516536980057	1.0	0.09919390724552624	0.010425816176436307	0.09978807077221123	0.08586114151392452	0.010425816176436307	0.06271852376617722	0.06755713543019712	0.0637210734373962	0.010425816176436307	0.010695135640460573	0.04192973065175397	0.08586114151392452	0.12269284193386856	0.010425816176436307	0.010425816176436307	0.051611830925634504	0.010425816176436307	0.010425816176436307	0.010425816176436307	0.11736039861846961	0.09735814490240756	0.06357178556311556	0.09944273723614226	0.010425816176436307	0.05972595267196861	0.038964458251780305	0.11757046431517766	0.010425816176436307	0.07361500514391246	0.013344157369640444	0.11076160521885783	0.07192783022927153	0.010429191758449882	0.07923258681438754
ceb	0.14578395831246946	0.09919390724552624	1.0	0.010782344299732427	0.09087432754463845	0.0777382406005674	0.010166187525804903	0.05903639904937164	0.0633918143223035	0.059984664147053814	0.010598366346343438	0.011067901245087015	0.04166820757435258	0.07744858867555748	0.10442786537497913	0.010166187525804903	0.010166187525804903	0.05278288056531348	0.010782344299732427	0.010782344299732427	0.010782344299732427	0.10184045861447946	0.0864009597156395	0.06289425655729496	0.08960412267420172	0.010166187525804903	0.06019924956817393	0.04055598173968736	0.10133988991388394	0.010598366346343438	0.06778524758643152	0.013612575532790602	-1.0	0.06803506001799825	0.010785650637234277	0.053278230145049836
ckb	1.0	0.010425816176436307	0.010782344299732427	1.0	0.010488409069328594	0.010611224110708632	1.0	0.01106356238832722	0.010913760907880944	0.0110285827834535	1.0	1.0	0.012647969185146065	0.010608407461885287	0.010379178839896815	1.0	1.0	0.011590968452405525	1.0	1.0	1.0	0.01040128153111594	0.010509069953303536	0.011612032820909255	0.010490158546419484	1.0	0.011702590004609404	1.0	0.010397493251470283	1.0	0.01079355549062687	1.0	1.0	0.010822485193118497	0.3203772410170407	0.011007844106165876
da	0.12973190755680383	0.09978807077221123	0.09087432754463845	0.010488409069328594	1.0	0.08026276891027372	0.010401471054189806	0.060905379443746493	0.0654842631381601	0.06183476383316121	0.010401471054189806	0.010759606951606137	0.041857314154995384	0.08084802545327265	0.10664447465115345	0.010401471054189806	0.010401471054189806	0.05154976515557227	0.010488409069328594	0.010488409069328594	0.010488409069328594	0.10413822711758139	0.08933422312115623	0.06274757968614993	0.09106377496834153	0.010401471054189806	0.05948115755230828	0.03927598171642262	0.1033896753960696	0.010401471054189806	0.07046162584975814	0.013285544607526466	0.20942771453851886	0.06915463105449021	0.010491846052175352	0.053245108549530254
de	0.12931586373476808	0.08586114151392452	0.0777382406005674	0.010611224110708632	0.08026276891027372	1.0	0.009632485194041382	0.05376926883985206	0.057620679464042625	0.054576677372881854	0.010434415851910305	0.010884961483404456	0.03884511009398973	0.06876185582434001	0.0886484722025268	0.010018401003948576	0.009487533829804128	0.05096929321757454	0.010611224110708632	0.010611224110708632	0.010611224110708632	0.08709591401704185	0.0764189197019152	0.06078797434918109	0.07903828899504306	0.009860396291461678	0.05898107202552362	0.03963836668800586	0.08652235226947341	0.010434415851910305	0.06005702068423407	0.013303007149454111	0.15351149366945147	0.06333744356434831	0.010614783733374617	0.051994934593847665
el	1.0	0.010425816176436307	0.010166187525804903	1.0	0.010401471054189806	0.009632485194041382	1.0	0.010050208529164653	0.009919668623254023	0.010010285259839777	1.0	1.0	0.011676461373133877	0.009711357249180687	0.010207482551647842	1.0	1.0	0.011590968452405525	1.0	1.0	1.0	0.010314263909441327	0.010001515497114892	0.011124138650332818	0.01014520021986159	1.0	0.011702590004609404	1.0	0.01014151009884431	1.0	0.009805032018854158	1.0	0.585786437626905	0.010299144982397026	0.3203772410170407	0.011151418986302971
en	0.13460579770236292	0.06271852376617722	0.05903639904937164	0.01106356238832722	0.060905379443746493	0.05376926883985206	0.010050208529164653	1.0	0.04964709669301086	0.04168981178944988	0.01088452688660417	0.01135079450145872	0.04027064631871063	0.053319392088401196	0.06179157194487439	0.010286474515448793	0.009016026691548983	0.049500476665645325	0.01106356238832722	0.01106356238832722	0.01106356238832722	0.06259844717094047	0.05845743406051084	0.057352230749239196	0.0596268451583455	0.010289958802195309	0.05742673272256734	0.04130662166281267	0.06134357080989295	0.01088452688660417	0.04715625516353782	0.013882101593798246	0.09818508068469184	0.054269574119547984	0.01106736713002041	0.05101827967588614
es	0.13507810593582123	0.06755713543019712	0.0633918143223035	0.010913760907880944	0.0654842631381601	0.057620679464042625	0.009919668623254023	0.04964709669301086	1.0	0.05064530730176345	0.010736179299360032	0.011200497811090735	0.040249259008720166	0.05739563449547839	0.06784264640250952	0.010309831943279132	0.009767958296615864	0.05046241937453342	0.010913760907880944	0.010913760907880944	0.010913760907880944	0.06808342603314958	0.06269595559361917	0.05868943129047688	0.06354795187330288	0.010149422454292336	0.0583210498892494	0.04080156539578358	0.0668683597277628	0.010736179299360032	0.05343423843673295	0.013684751173084729	0.13432490162364444	0.05647789247022956	0.010917190113729236	0.0515567340566511
fr	0.1370210657559585	0.0637210734373962	0.059984664147053814	0.0110285827834535	0.06183476383316121	0.054576677372881854	0.010010285259839777	0.04168981178944988	0.05064530730176345	1.0	0.010846270765679948	0.011315947735003088	0.039928746873159934	0.05404864753137483	0.06329869477433761	0.010248199045587943	0.009110941445609142	0.04996687246733035	0.0110285827834535	0.0110285827834535	0.0110285827834535	0.06382405522438765	0.05911158067302122	0.05769134718350957	0.06059819377769889	0.010248924101239995	0.05718340466703167	0.04102770380992227	0.06255359986675547	0.010846270765679948	0.0473781252505726	0.01381165596348863	0.1409427381208385	0.054914192111366014	0.0110321218128538	0.05099928396353706
he	1.0	0.010425816176436307	0.010598366346343438	1.0	0.010401471054189806	0.010434415851910305	1.0	0.01088452688660417	0.010736179299360032	0.010846270765679948	1.0	1.0	0.012439785747397587	0.010432502967480032	0.010207482551647842	1.0	1.0	0.011590968452405525	1.0	1.0	1.0	0.01040128153111594	0.010334650727423034	0.01141274980570879	0.010314818308580975	1.0	0.011702590004609404	1.0	0.010225618577007907	1.0	0.010616259445918621	1.0	0.36602540378443865	0.010641341477884493	0.3203772410170407	0.011648961287402977
hi	1.0	0.010695135640460573	0.011067901245087015	1.0	0.010759606951606137	0.010884961483404456	1.0	0.01135079450145872	0.011200497811090735	0.011315947735003088	1.0	1.0	0.012978145143926369	0.010880834922028952	0.010647233223472925	1.0	1.0	0.011888573768744836	1.0	1.0	1.0	0.010671922434378485	0.010782133104713678	0.011917160775531677	0.010761496218990554	1.0	0.012014040898834651	1.0	0.010666807230501323	1.0	0.011072702789963333	1.0	0.5	0.011105335821629697	0.3333333333333333	0.011304484714749529
hu	0.17826035697019474	0.04192973065175397	0.04166820757435258	0.012647969185146065	0.041857314154995384	0.03884511009398973	0.011676461373133877	0.04027064631871063	0.040249259008720166	0.039928746873159934	0.012439785747397587	0.012978145143926369	1.0	0.03942840592731976	0.04109333307378333	0.012142525812801532	0.011411183794333533	0.046770885171443545	0.012647969185146065	0.012647969185146065	0.012647969185146065	0.041502988522502254	0.04089000769724759	0.05205957469779781	0.04080466836447334	0.011950559492074127	0.05331920967765106	0.041553908077856104	0.04083305456970743	0.012439785747397587	0.039214860886689906	0.01582648919921545	0.5	0.042069045881279514	0.01265192921992796	0.05040567760247582
id	0.12931586373476808	0.08586114151392452	0.07744858867555748	0.010608407461885287	0.08084802545327265	0.06876185582434001	0.009711357249180687	0.053319392088401196	0.05739563449547839	0.05404864753137483	0.010432502967480032	0.010880834922028952	0.03942840592731976	1.0	0.08774486815794093	0.009942422014728877	0.009423103366944173	0.05097727457520039	0.010608407461885287	0.010608407461885287	0.010608407461885287	0.08749188836618389	0.07646040646833117	0.060797597636682355	0.07947118627592026	0.009863302324367013	0.05949065755466166	0.03971424576429956	0.08621985502104258	0.010432502967480032	0.059332546846128834	0.0132942672382166	0.15357649936671472	0.06289237819426473	0.010611964239613393	0.05200400070715433
it	0.12809248424016279	0.12269284193386856	0.10442786537497913	0.010379178839896815	0.10664447465115345	0.0886484722025268	0.010207482551647842	0.06179157194487439	0.06784264640250952	0.06329869477433761	0.010207482551647842	0.010647233223472925	0.04109333307378333	0.08774486815794093	1.0	0.010123469260183796	0.010123469260183794	0.05181198603280565	0.010379178839896815	0.010379178839896815	0.010379178839896815	0.13118021358068413	0.10310888964696055	0.0634516420792269	0.10538682700152018	0.010207482551647842	0.060251773649536676	0.038801354223604395	0.12986395985411608	0.010207482551647842	0.07362732247977032	0.013009262719993479	0.12071533890147787	0.07268521028208662	0.010382509153179864	0.053392179118034615
ja	1.0	0.010425816176436307	0.010166187525804903	1.0	0.010401471054189806	0.010018401003948576	1.0	0.010286474515448793	0.010309831943279132	0.010248199045587943	1.0	1.0	0.012142525812801532	0.009942422014728877	0.010123469260183796	1.0	1.0	0.011590968452405525	1.0	1.0	1.0	0.010314263909441328	0.01000151549711489	0.011124138650332818	0.01022886093561955	1.0	0.011702590004609404	1.0	0.01014151009884431	1.0	0.010112133861740806	1.0	0.2187841884486319	0.010299144982397026	0.3203772410170407	0.010952165260877764
ko	1.0	0.010425816176436307	0.010166187525804903	1.0	0.010401471054189806	0.009487533829804128	1.0	0.009016026691548983	0.009767958296615864	0.009110941445609142	1.0	1.0	0.011411183794333533	0.009423103366944173	0.010123469260183794	1.0	1.0	0.011590968452405525	1.0	1.0	1.0	0.010314263909441328	0.01000151549711489	0.011027622153542055	0.010145200219861589	1.0	0.011702590004609404	1.0	0.01014151009884431	1.0	0.00904812252890564	1.0	0.2857142857142857	0.010299144982397026	0.3203772410170407	0.01104798480696921
lv	0.1243359412482223	0.051611830925634504	0.05278288056531348	0.011590968452405525	0.05154976515557227	0.05096929321757454	0.011590968452405525	0.049500476665645325	0.05046241937453342	0.04996687246733035	0.011590968452405525	0.011888573768744836	0.046770885171443545	0.05097727457520039	0.05181198603280565	0.011590968452405525	0.011590968452405525	1.0	0.011590968452405525	0.011590968452405525	0.011590968452405525	0.05166580629368021	0.05169077622343953	0.0564580130178744	0.05128342346719678	0.011590968452405525	0.055865019182059376	0.043435362697407526	0.05181618118133618	0.011590968452405525	0.05053999722462565	0.01483783413026932	0.26427884169111276	0.05040833069304326	0.011594012826658931	0.05503014737580571
mk	1.0	0.010425816176436307	0.010782344299732427	1.0	0.010488409069328594	0.010611224110708632	1.0	0.01106356238832722	0.010913760907880944	0.0110285827834535	1.0	1.0	0.012647969185146065	0.010608407461885287	0.010379178839896815	1.0	1.0	0.011590968452405525	1.0	1.0	1.0	0.01040128153111594	0.010509069953303536	0.011612032820909255	0.010490158546419484	1.0	0.011702590004609404	1.0	0.010397493251470283	1.0	0.01079355549062687	1.0	0.585786437626905	0.010822485193118497	0.3203772410170407	0.011007844106165876
ml	1.0	0.010425816176436307	0.010782344299732427	1.0	0.010488409069328594	0.010611224110708632	1.0	0.01106356238832722	0.010913760907880944	0.0110285827834535	1.0	1.0	0.012647969185146065	0.010608407461885287	0.010379178839896815	1.0	1.0	0.011590968452405525	1.0	1.0	1.0	0.01040128153111594	0.010509069953303536	0.011612032820909255	0.010490158546419484	1.0	0.011702590004609404	1.0	0.010397493251470283	1.0	0.010793555490626872	1.0	0.585786437626905	0.010822485193118497	0.3203772410170407	0.011007844106165876
mr	1.0	0.010425816176436307	0.010782344299732427	1.0	0.010488409069328594	0.010611224110708632	1.0	0.01106356238832722	0.010913760907880944	0.0110285827834535	1.0	1.0	0.012647969185146065	0.010608407461885287	0.010379178839896815	1.0	1.0	0.011590968452405525	1.0	1.0	1.0	0.01040128153111594	0.010509069953303536	0.011612032820909255	0.010490158546419484	1.0	0.011702590004609404	1.0	0.010397493251470283	1.0	0.010793555490626872	1.0	1.0	0.010822485193118497	0.3203772410170407	0.011007844106165876
nl	0.12729683913915313	0.11736039861846961	0.10184045861447946	0.01040128153111594	0.10413822711758139	0.08709591401704185	0.010314263909441327	0.06259844717094047	0.06808342603314958	0.06382405522438765	0.01040128153111594	0.010671922434378485	0.041502988522502254	0.08749188836618389	0.13118021358068413	0.010314263909441328	0.010314263909441328	0.05166580629368021	0.01040128153111594	0.01040128153111594	0.01040128153111594	1.0	0.09997801414466816	0.06361322646641189	0.10283046567608232	0.010314263909441328	0.05989755840834241	0.03893371743906547	0.12466812386989587	0.01040128153111594	0.07352896109918886	0.013319740627515318	0.06903969602823287	0.07198522992070416	0.010404440779148866	0.07996861525480982
pl	0.12809248424016279	0.09735814490240756	0.0864009597156395	0.010509069953303536	0.08933422312115623	0.0764189197019152	0.010001515497114892	0.05845743406051084	0.06269595559361917	0.05911158067302122	0.010334650727423034	0.010782133104713678	0.04089000769724759	0.07646040646833117	0.10310888964696055	0.01000151549711489	0.01000151549711489	0.05169077622343953	0.010509069953303536	0.010509069953303536	0.010509069953303536	0.09997801414466816	1.0	0.06204439478312173	0.08812862112174882	0.01000151549711489	0.059461536558029854	0.03922353493794955	0.09963063921356384	0.010334650727423034	0.06666771200957333	0.013169066290654254	0.14480643376220767	0.06656807909867325	0.010512527366460245	0.05265791190686597
pt	0.24257131419419417	0.06357178556311556	0.06289425655729496	0.011612032820909255	0.06274757968614993	0.06078797434918109	0.011124138650332818	0.057352230749239196	0.05868943129047688	0.05769134718350957	0.01141274980570879	0.011917160775531677	0.05205957469779781	0.060797597636682355	0.0634516420792269	0.011124138650332818	0.011027622153542055	0.0564580130178744	0.011612032820909255	0.011612032820909255	0.011612032820909255	0.06361322646641189	0.06204439478312173	1.0	0.06245881900284893	0.011124138650332818	0.06960399210676614	0.041227212676891944	0.06276584682681878	0.01141274980570879	0.059377376139307124	0.014682536749392844	0.14518338349164056	0.05932085891078277	0.011615668938331155	0.06299101699154627
ro	0.12849622184722817	0.09944273723614226	0.08960412267420172	0.010490158546419484	0.09106377496834153	0.07903828899504306	0.01014520021986159	0.0596268451583455	0.06354795187330288	0.06059819377769889	0.010314818308580975	0.010761496218990554	0.04080466836447334	0.07947118627592026	0.10538682700152018	0.01022886093561955	0.010145200219861589	0.05128342346719678	0.010490158546419484	0.010490158546419484	0.010490158546419484	0.10283046567608232	0.08812862112174882	0.06245881900284893	1.0	0.010145200219861589	0.05964288417190331	0.03914006125101822	0.10303906355454964	0.010314818308580975	0.068841866054063	0.013138700318217386	0.44948974278317805	0.06855318127244986	0.010493399790704211	0.05320564280443396
ru	1.0	0.010425816176436307	0.010166187525804903	1.0	0.010401471054189806	0.009860396291461678	1.0	0.010289958802195309	0.010149422454292336	0.010248924101239995	1.0	1.0	0.011950559492074127	0.009863302324367013	0.010207482551647842	1.0	1.0	0.011590968452405525	1.0	1.0	1.0	0.010314263909441328	0.01000151549711489	0.011124138650332818	0.010145200219861589	1.0	0.011702590004609404	1.0	0.01014151009884431	1.0	0.010036904308083601	1.0	0.15366717774838984	0.010299144982397026	0.3203772410170407	0.011151418986302971
sh	0.28172904669025317	0.05972595267196861	0.06019924956817393	0.011702590004609404	0.05948115755230828	0.05898107202552362	0.011702590004609404	0.05742673272256734	0.0583210498892494	0.05718340466703167	0.011702590004609404	0.012014040898834651	0.05331920967765106	0.05949065755466166	0.060251773649536676	0.011702590004609404	0.011702590004609404	0.055865019182059376	0.011702590004609404	0.011702590004609404	0.011702590004609404	0.05989755840834241	0.059461536558029854	0.06960399210676614	0.05964288417190331	0.011702590004609404	1.0	0.04024108091486648	0.06007375914872962	0.011702590004609404	0.058120833129539834	0.015137847952087044	0.324884655563302	0.05857062248706942	0.011705947434747113	0.06560351272843716
si	1.0	0.038964458251780305	0.04055598173968736	1.0	0.03927598171642262	0.03963836668800586	1.0	0.04130662166281267	0.04080156539578358	0.04102770380992227	1.0	1.0	0.041553908077856104	0.03971424576429956	0.038801354223604395	1.0	1.0	0.043435362697407526	1.0	1.0	1.0	0.03893371743906547	0.03922353493794955	0.041227212676891944	0.03914006125101822	1.0	0.04024108091486648	1.0	0.03881148747089104	1.0	0.04024674015859053	1.0	1.0	0.040567574388219126	0.5	0.0505236036642875
simple	0.126516536980057	0.11757046431517766	0.10133988991388394	0.010397493251470283	0.1033896753960696	0.08652235226947341	0.01014151009884431	0.06134357080989295	0.0668683597277628	0.06255359986675547	0.010225618577007907	0.010666807230501323	0.04083305456970743	0.08621985502104258	0.12986395985411608	0.01014151009884431	0.01014151009884431	0.05181618118133618	0.010397493251470283	0.010397493251470283	0.010397493251470283	0.12466812386989587	0.09963063921356384	0.06276584682681878	0.10303906355454964	0.01014151009884431	0.06007375914872962	0.03881148747089104	1.0	0.010225618577007907	0.07276824687869274	0.013040606201099678	0.23427088316694192	0.07128327296103218	0.010400841292942789	0.05335179950387128
sr	1.0	0.010425816176436307	0.010598366346343438	1.0	0.010401471054189806	0.010434415851910305	1.0	0.01088452688660417	0.010736179299360032	0.010846270765679948	1.0	1.0	0.012439785747397587	0.010432502967480032	0.010207482551647842	1.0	1.0	0.011590968452405525	1.0	1.0	1.0	0.01040128153111594	0.010334650727423034	0.01141274980570879	0.010314818308580975	1.0	0.011702590004609404	1.0	0.010225618577007907	1.0	0.010616259445918621	1.0	0.44948974278317805	0.010641341477884493	0.3203772410170407	0.011648961287402977
sv	0.12973190755680383	0.07361500514391246	0.06778524758643152	0.01079355549062687	0.07046162584975814	0.06005702068423407	0.009805032018854158	0.04715625516353782	0.05343423843673295	0.0473781252505726	0.010616259445918621	0.011072702789963333	0.039214860886689906	0.059332546846128834	0.07362732247977032	0.010112133861740806	0.00904812252890564	0.05053999722462565	0.01079355549062687	0.010793555490626872	0.010793555490626872	0.07352896109918886	0.06666771200957333	0.059377376139307124	0.068841866054063	0.010036904308083601	0.058120833129539834	0.04024674015859053	0.07276824687869274	0.010616259445918621	1.0	0.013523530996117946	0.23725176324649733	0.05835457219722556	0.010797087357429225	0.05174754134507522
te	1.0	0.013344157369640444	0.013612575532790602	1.0	0.013285544607526466	0.013303007149454111	1.0	0.013882101593798246	0.013684751173084729	0.01381165596348863	1.0	1.0	0.01582648919921545	0.0132942672382166	0.013009262719993479	1.0	1.0	0.01483783413026932	1.0	1.0	1.0	0.013319740627515318	0.013169066290654254	0.014682536749392844	0.013138700318217386	1.0	0.015137847952087044	1.0	0.013040606201099678	1.0	0.013523530996117946	1.0	0.5	0.013549513435566004	0.4142135623730951	0.013986360822712473
tr	1.0	0.11076160521885783	-1.0	1.0	0.20942771453851886	0.15351149366945147	0.585786437626905	0.09818508068469184	0.13432490162364444	0.1409427381208385	0.36602540378443865	0.5	0.5	0.15357649936671472	0.12071533890147787	0.2187841884486319	0.2857142857142857	0.26427884169111276	0.585786437626905	0.585786437626905	1.0	0.06903969602823287	0.14480643376220767	0.14518338349164056	0.44948974278317805	0.15366717774838984	0.324884655563302	1.0	0.23427088316694192	0.44948974278317805	0.23725176324649733	0.5	1.0	0.24794514361227074	1.0	0.193373824568466
vi	0.13231996486433337	0.07192783022927153	0.06803506001799825	0.010822485193118497	0.06915463105449021	0.06333744356434831	0.010299144982397026	0.054269574119547984	0.05647789247022956	0.054914192111366014	0.010641341477884493	0.011105335821629697	0.042069045881279514	0.06289237819426473	0.07268521028208662	0.010299144982397026	0.010299144982397026	0.05040833069304326	0.010822485193118497	0.010822485193118497	0.010822485193118497	0.07198522992070416	0.06656807909867325	0.05932085891078277	0.06855318127244986	0.010299144982397026	0.05857062248706942	0.040567574388219126	0.07128327296103218	0.010641341477884493	0.05835457219722556	0.013549513435566004	0.24794514361227074	1.0	0.010825611849017867	0.0518810079310407
war	1.0	0.010429191758449882	0.010785650637234277	0.3203772410170407	0.010491846052175352	0.010614783733374617	0.3203772410170407	0.01106736713002041	0.010917190113729236	0.0110321218128538	0.3203772410170407	0.3333333333333333	0.01265192921992796	0.010611964239613393	0.010382509153179864	0.3203772410170407	0.3203772410170407	0.011594012826658931	0.3203772410170407	0.3203772410170407	0.3203772410170407	0.010404440779148866	0.010512527366460245	0.011615668938331155	0.010493399790704211	0.3203772410170407	0.011705947434747113	0.5	0.010400841292942789	0.3203772410170407	0.010797087357429225	0.4142135623730951	1.0	0.010825611849017867	1.0	0.011011610864943717
zh	0.2989350844248255	0.07923258681438754	0.053278230145049836	0.011007844106165876	0.053245108549530254	0.051994934593847665	0.011151418986302971	0.05101827967588614	0.0515567340566511	0.05099928396353706	0.011648961287402977	0.011304484714749529	0.05040567760247582	0.05200400070715433	0.053392179118034615	0.010952165260877764	0.01104798480696921	0.05503014737580571	0.011007844106165876	0.011007844106165876	0.011007844106165876	0.07996861525480982	0.05265791190686597	0.06299101699154627	0.05320564280443396	0.011151418986302971	0.06560351272843716	0.0505236036642875	0.05335179950387128	0.011648961287402977	0.05174754134507522	0.013986360822712473	0.193373824568466	0.0518810079310407	0.011011610864943717	1.0
