arz	bs	ceb	ckb	da	de	el	en	es	fr	he	hi	hu	id	it	ja	ko	lv	mk	ml	mr	nl	pl	pt	ro	ru	sh	si	simple	sr	sv	te	vi	war	zh
arz	1.0	0.0004342162396873643	0.0	0.0	0.0	8e-05	0.0004581901489117984	3.90335298021e-05	0.0	2.044320876604792e-05	0.0003455425017277125	0.0	0.0001335113484646195	0.0007595898214963919	0.0	0.0003198976327575176	0.0	0.0005184033177812338	0.009615384615384616	0.0	0.0	3.124023742580444e-05	0.0	0.00011516756881262236	5.455090963641819e-05	0.00012431626056688214	0.025	0.0	0.0	0.0	0.0	0.0	0.0	0.0	0.0
bs	0.0004342162396873643	1.0	0.0	0.0	0.03910131777921797	0.00881870385561936	0.03468208092485549	0.002589555459646094	0.0026801667659321023	0.008354844430432128	0.056615384615384616	0.0004385964912280702	0.0223410950283197	0.08399822695035461	0.007508105340993118	0.018064361765761455	0.01645291933850827	0.160521208760743	0.010269576379974325	0.0	0.005588993981083405	0.005664142748136409	0.014052583862194016	0.007273731700580057	0.019408067050811943	0.015677381187142576	0.0017444395987788923	0.0	0.0021168501270110076	0.10763968072976055	0.024477080551846907	0.0	0.0074503311258278145	0.0	0.013909818013214326
ceb	0.0	0.0	0.0	0.0	0.0	0.0	0.0	0.0	0.0	0.0	0.0	0.0	0.0	0.0	0.0	0.0	0.0	0.0	0.0	0.0	0.0	0.0	0.0	0.0	0.0	0.0	0.0	0.0	0.0	0.0	0.0	0.0	0.0	0.0	0.0
ckb	0.0	0.0	0.0	1.0	0.0	0.0	0.0	0.0	0.0	0.0	0.0	0.0	0.0	0.0	0.0	0.00016051364365971107	0.0	0.0	0.0	0.0	0.0	3.126270047206678e-05	0.0	0.0	2.7291831554815644e-05	0.00012467273407305821	0.0	0.0	0.0	0.0	0.0	0.0	0.0	0.0	0.0
da	0.0	0.03910131777921797	0.0	0.0	1.0	0.005763688760806916	0.020187026866557815	0.0031385976175190814	0.0027723870252287217	0.007582882671055726	0.026415811478525276	0.0	0.01595528455284553	0.02902321857485989	0.006951062279275744	0.01178101178101178	0.01076771329935887	0.04278326281147156	0.001918649270913277	0.00039478878799842083	0.001934984520123839	0.006209188432835821	0.009623874271587498	0.004668701741784881	0.008833831255794787	0.010535389330523896	0.00039277297721916735	0.0	0.0015308075009567547	0.02901470884545638	0.022139694329381517	0.0	0.008792345487457979	0.0	0.011239743733842868
de	8e-05	0.00881870385561936	0.0	0.0	0.005763688760806916	1.0	0.01093881476138959	0.012418231133329788	0.001994533500775652	0.029283509995974774	0.009338419045113771	0.0	0.019892610585528	0.00781510921114154	0.018352975517203635	0.01635336303379333	0.011458712259003273	0.006015247954116248	0.0004780114722753346	8.012820512820513e-05	0.0003191828917969997	0.01981651376146789	0.0171733028875886	0.011920720030639601	0.026306441839570406	0.016261774913237482	0.0	0.0	0.00047778308647873863	0.008035355564483728	0.00748114985862394	0.0	0.0023161551823972205	0.0	0.014349967873206254
el	0.0004581901489117984	0.03468208092485549	0.0	0.0	0.020187026866557815	0.01093881476138959	1.0	0.005575521445605079	0.004625346901017576	0.015005052527216916	0.031455533314269375	0.0	0.020126112118856353	0.024002356059490502	0.01114633398097965	0.020264402200135097	0.018551938208330326	0.03563142194232682	0.002492635395422615	0.0	0.0011371389583807142	0.009896036026018792	0.018215356237030206	0.010020195743358707	0.02344862030216007	0.01736196823829507	0.00022941041523285156	0.0	0.00045167118337850043	0.02382009172954579	0.015396807426695348	0.0	0.006517526862779637	0.0	0.014832895230942547
en	3.90335298021e-05	0.002589555459646094	0.0	0.0	0.0031385976175190814	0.012418231133329788	0.005575521445605079	1.0	0.0013134193935755028	0.023341118285478774	0.0033483716340053575	0.0	0.008356461008264968	0.0034507292778370685	0.013261878889657215	0.0072156465599088546	0.007320685922634308	0.0028807934945119062	0.00027269185820023373	0.0	7.79635910030016e-05	0.014964571509147954	0.008742178819952049	0.006345475910693302	0.015302044079022496	0.008247855557555035	0.0	0.0	0.00011682242990654206	0.004170230966638152	0.005422668751455471	0.0	0.001969235342201085	0.0	0.007161928694832731
es	0.0	0.0026801667659321023	0.0	0.0	0.0027723870252287217	0.001994533500775652	0.004625346901017576	0.0013134193935755028	1.0	0.0022258316789989774	0.0030410542321338066	0.0	0.002343566908835247	0.002168021680216802	0.0023055454435141364	0.003703703703703704	0.0009221689413500553	0.0030160857908847183	0.0	0.0	0.0	0.0012108736453351092	0.00180469219971927	0.0017471736896197327	0.002151565861821659	0.0035257822829440283	0.0	0.0	0.0	0.0016402405686167304	0.001753463089601964	0.0	0.0008143322475570033	0.0	0.0027877339705296694
fr	2.044320876604792e-05	0.008354844430432128	0.0	0.0	0.007582882671055726	0.029283509995974774	0.015005052527216916	0.023341118285478774	0.0022258316789989774	1.0	0.01226118074975067	0.0	0.027791961485155735	0.009011832928453882	0.033963962515872886	0.021609800396612117	0.01859730156800778	0.00851697438951757	0.000367677097802108	4.090397791185193e-05	0.00020432348494135917	0.03462832435751474	0.02464189476669976	0.01681949082171693	0.06500815559124924	0.023964592853801592	0.00010223903486351089	0.0	0.000245057997059304	0.00753645884310463	0.010497894756716954	0.0	0.002373117957922026	0.0	0.016227329466186945
he	0.0003455425017277125	0.056615384615384616	0.0	0.0	0.026415811478525276	0.009338419045113771	0.031455533314269375	0.0033483716340053575	0.0030410542321338066	0.01226118074975067	1.0	0.00034831069313827936	0.01952662721893491	0.045983590917763786	0.00898517171049005	0.021551240318778763	0.02026317913942036	0.07857304131858207	0.003740224413464808	0.0003479471120389701	0.0023947998631542937	0.0076896392229417205	0.013686838254282517	0.008924665325050311	0.020270095798796704	0.01822941011498551	0.0010398613518197574	0.0	0.0006765899864682003	0.05092592592592592	0.01806083650190114	0.0	0.005213270142180095	0.0	0.015551930396954867
hi	0.0	0.0004385964912280702	0.0	0.0	0.0	0.0	0.0	0.0	0.0	0.0	0.00034831069313827936	1.0	0.00013392259274139549	0.0	0.0	0.0	0.0	0.0005246589716684155	0.012345679012345678	0.0	0.0	0.0	0.0	0.0	2.7291831554815644e-05	0.0	0.0	0.0	0.0	0.00038804811796662784	0.0	0.0	0.0	0.0	0.0
hu	0.0001335113484646195	0.0223410950283197	0.0	0.0	0.01595528455284553	0.019892610585528	0.020126112118856353	0.008356461008264968	0.002343566908835247	0.027791961485155735	0.01952662721893491	0.00013392259274139549	1.0	0.0227318855287193	0.020317234004633755	0.02269842455013813	0.016035844829619148	0.02269503546099291	0.0007955449482895784	0.00013386880856760375	0.0007978723404255319	0.017616259575455883	0.021717423864203694	0.01453195772521389	0.03832391713747646	0.02183809460975127	0.0	0.0	0.0003972983710766786	0.019591919602070854	0.014088050314465408	0.0	0.005918506715228773	0.0	0.014340831331440635
id	0.0007595898214963919	0.08399822695035461	0.0	0.0	0.02902321857485989	0.00781510921114154	0.024002356059490502	0.0034507292778370685	0.002168021680216802	0.009011832928453882	0.045983590917763786	0.0	0.0227318855287193	1.0	0.007032034825315325	0.021254476146471062	0.0211186272892262	0.10440097799511003	0.0037285607755406414	0.0	0.004136893569010906	0.005434308796605737	0.01275173687450532	0.007148601554820838	0.016022571376802217	0.013536701620591039	0.001524390243902439	0.0	0.002601263470828688	0.05704971475142624	0.020014094432699085	0.0	0.007846114907618324	0.0	0.015322670842187676
it	0.0	0.007508105340993118	0.0	0.0	0.006951062279275744	0.018352975517203635	0.01114633398097965	0.013261878889657215	0.0023055454435141364	0.033963962515872886	0.00898517171049005	0.0	0.020317234004633755	0.007032034825315325	1.0	0.015135895032802249	0.010101010101010102	0.00632617527568195	6.44620640752917e-05	0.0	0.0001936858415649816	0.01744373162829618	0.019734361251937824	0.012481089258698942	0.026898047722342732	0.01735056823110957	6.472910868017347e-05	0.0	0.00019333634078752337	0.006820214669051878	0.006674696376593395	0.0	0.0027449576321756774	0.0	0.013607331296861983
ja	0.0003198976327575176	0.018064361765761455	0.0	0.00016051364365971107	0.01178101178101178	0.01635336303379333	0.020264402200135097	0.0072156465599088546	0.003703703703703704	0.021609800396612117	0.021551240318778763	0.0	0.02269842455013813	0.021254476146471062	0.015135895032802249	1.0	0.020607375271149676	0.01840030041306797	0.0003170074496750674	0.00016043638697256537	0.0004772510340439071	0.012585448571882783	0.017068745380014783	0.013338777732407785	0.02505798244984817	0.021577060931899643	0.0003202562049639712	0.0	0.0011093502377179081	0.012066191680073547	0.014389833675948422	0.0	0.0038298996302165876	0.0	0.01779559118236473
ko	0.0	0.01645291933850827	0.0	0.0	0.01076771329935887	0.011458712259003273	0.018551938208330326	0.007320685922634308	0.0009221689413500553	0.01859730156800778	0.02026317913942036	0.0	0.016035844829619148	0.0211186272892262	0.010101010101010102	0.020607375271149676	1.0	0.01840865468504624	0.0004063388866314506	0.0	0.00030540568054565815	0.009574931089511098	0.015003261578604044	0.008924660534384581	0.02092087027300526	0.015876641918903485	0.0	0.0	0.0005076657528683116	0.014630938681571592	0.011739069309714608	0.0	0.0031523011798612987	0.0	0.014688418026126632
lv	0.0005184033177812338	0.160521208760743	0.0	0.0	0.04278326281147156	0.006015247954116248	0.03563142194232682	0.0028807934945119062	0.0030160857908847183	0.00851697438951757	0.07857304131858207	0.0005246589716684155	0.02269503546099291	0.10440097799511003	0.00632617527568195	0.01840030041306797	0.01840865468504624	1.0	0.016368286445012786	0.0010482180293501049	0.01184346035015448	0.0056374803429961725	0.013214620431115277	0.006285714285714286	0.01833408184291866	0.016069600818833164	0.0026068821689259644	0.0	0.0025150905432595573	0.1381061183041381	0.023503603885929175	0.0	0.007687576875768758	0.0	0.013680387409200969
mk	0.009615384615384616	0.010269576379974325	0.0	0.0	0.001918649270913277	0.0004780114722753346	0.002492635395422615	0.00027269185820023373	0.0	0.000367677097802108	0.003740224413464808	0.012345679012345678	0.0007955449482895784	0.0037285607755406414	6.44620640752917e-05	0.0003170074496750674	0.0004063388866314506	0.016368286445012786	1.0	0.011904761904761904	0.037037037037037035	0.0002495321272613849	0.0006681514476614699	0.00011441647597254005	0.0009267335368512865	0.0006175126590095097	0.020833333333333332	0.0	0.005988023952095809	0.006818181818181818	0.0008505209440782479	0.0	0.001379310344827586	0.0	0.0004583651642475172
ml	0.0	0.0	0.0	0.0	0.00039478878799842083	8.012820512820513e-05	0.0	0.0	0.0	4.090397791185193e-05	0.0003479471120389701	0.0	0.00013386880856760375	0.0	0.0	0.00016043638697256537	0.0	0.0010482180293501049	0.011904761904761904	1.0	0.03278688524590164	0.0	0.0	0.0	0.0	0.0	0.0	0.0	0.011111111111111112	0.0	0.0	0.0	0.0	0.0	0.0001545595054095827
mr	0.0	0.005588993981083405	0.0	0.0	0.001934984520123839	0.0003191828917969997	0.0011371389583807142	7.79635910030016e-05	0.0	0.00020432348494135917	0.0023947998631542937	0.0	0.0007978723404255319	0.004136893569010906	0.0001936858415649816	0.0004772510340439071	0.00030540568054565815	0.01184346035015448	0.037037037037037035	0.03278688524590164	1.0	0.00018726591760299626	0.00033478406427854036	0.0003441945846718678	0.0004088864658579801	0.0003714250340472948	0.013333333333333334	0.0	0.006896551724137931	0.00764525993883792	0.00042707666026051675	0.0	0.0014005602240896359	0.0	0.0006133088009812941
nl	3.124023742580444e-05	0.005664142748136409	0.0	3.126270047206678e-05	0.006209188432835821	0.01981651376146789	0.009896036026018792	0.014964571509147954	0.0012108736453351092	0.03462832435751474	0.0076896392229417205	0.0	0.017616259575455883	0.005434308796605737	0.01744373162829618	0.012585448571882783	0.009574931089511098	0.0056374803429961725	0.0002495321272613849	0.0	0.00018726591760299626	1.0	0.015143240156893898	0.014146706586826348	0.03041950692171406	0.01602458287832999	3.1247070587132453e-05	0.0	0.00018710240738430833	0.005527433525338919	0.011073677234066055	0.0	0.002765586484699092	0.0	0.012960328749802434
pl	0.0	0.014052583862194016	0.0	0.0	0.009623874271587498	0.0171733028875886	0.018215356237030206	0.008742178819952049	0.00180469219971927	0.02464189476669976	0.013686838254282517	0.0	0.021717423864203694	0.01275173687450532	0.019734361251937824	0.017068745380014783	0.015003261578604044	0.013214620431115277	0.0006681514476614699	0.0	0.00033478406427854036	0.015143240156893898	1.0	0.012100259291270527	0.024219118936787423	0.02253367969552347	0.0	0.0	0.0007790762381747357	0.012879322512350036	0.01143668709822096	0.0	0.0025365853658536586	0.0	0.013315754779169414
pt	0.00011516756881262236	0.007273731700580057	0.0	0.0	0.004668701741784881	0.011920720030639601	0.010020195743358707	0.006345475910693302	0.0017471736896197327	0.01681949082171693	0.008924665325050311	0.0	0.01453195772521389	0.007148601554820838	0.012481089258698942	0.013338777732407785	0.008924660534384581	0.006285714285714286	0.00011441647597254005	0.0	0.0003441945846718678	0.014146706586826348	0.012100259291270527	1.0	0.018503529834974594	0.010602205258693808	0.0	0.0	0.00034309240622140897	0.005638088419545374	0.005753217259651779	0.0	0.0010978043912175648	0.0	0.008937504168612019
ro	5.455090963641819e-05	0.019408067050811943	0.0	2.7291831554815644e-05	0.008833831255794787	0.026306441839570406	0.02344862030216007	0.015302044079022496	0.002151565861821659	0.06500815559124924	0.020270095798796704	2.7291831554815644e-05	0.03832391713747646	0.016022571376802217	0.026898047722342732	0.02505798244984817	0.02092087027300526	0.01833408184291866	0.0009267335368512865	0.0	0.0004088864658579801	0.03041950692171406	0.024219118936787423	0.018503529834974594	1.0	0.027846819478965296	8.184422316191516e-05	0.0	0.0005175842436459724	0.013149396781110337	0.011570045348694692	0.0	0.003272804054054054	0.0	0.01992144986513983
ru	0.00012431626056688214	0.015677381187142576	0.0	0.00012467273407305821	0.010535389330523896	0.016261774913237482	0.01736196823829507	0.008247855557555035	0.0035257822829440283	0.023964592853801592	0.01822941011498551	0.0	0.02183809460975127	0.013536701620591039	0.01735056823110957	0.021577060931899643	0.015876641918903485	0.016069600818833164	0.0006175126590095097	0.0	0.0003714250340472948	0.01602458287832999	0.02253367969552347	0.010602205258693808	0.027846819478965296	1.0	0.0	0.0	0.0003701418877236274	0.009910425004764627	0.010385875209714788	0.0	0.004062433183664742	0.0	0.016202567159991584
sh	0.025	0.0017444395987788923	0.0	0.0	0.00039277297721916735	0.0	0.00022941041523285156	0.0	0.0	0.00010223903486351089	0.0010398613518197574	0.0	0.0	0.001524390243902439	6.472910868017347e-05	0.0003202562049639712	0.0	0.0026068821689259644	0.020833333333333332	0.0	0.013333333333333334	3.1247070587132453e-05	0.0	0.0	8.184422316191516e-05	0.0	1.0	0.0	0.0	0.00231839258114374	0.0	0.0	0.0	0.0	0.0
si	0.0	0.0	0.0	0.0	0.0	0.0	0.0	0.0	0.0	0.0	0.0	0.0	0.0	0.0	0.0	0.0	0.0	0.0	0.0	0.0	0.0	0.0	0.0	0.0	0.0	0.0	0.0	0.0	0.0	0.0	0.0	0.0	0.0	0.0	0.0
simple	0.0	0.0021168501270110076	0.0	0.0	0.0015308075009567547	0.00047778308647873863	0.00045167118337850043	0.00011682242990654206	0.0	0.000245057997059304	0.0006765899864682003	0.0	0.0003972983710766786	0.002601263470828688	0.00019333634078752337	0.0011093502377179081	0.0005076657528683116	0.0025150905432595573	0.005988023952095809	0.011111111111111112	0.006896551724137931	0.00018710240738430833	0.0007790762381747357	0.00034309240622140897	0.0005175842436459724	0.0003701418877236274	0.0	0.0	1.0	0.0007513148009015778	0.0014874628134296643	0.0	0.0	0.0	0.00015260186174271325
sr	0.0	0.10763968072976055	0.0	0.0	0.02901470884545638	0.008035355564483728	0.02382009172954579	0.004170230966638152	0.0016402405686167304	0.00753645884310463	0.05092592592592592	0.00038804811796662784	0.019591919602070854	0.05704971475142624	0.006820214669051878	0.012066191680073547	0.014630938681571592	0.1381061183041381	0.006818181818181818	0.0	0.00764525993883792	0.005527433525338919	0.012879322512350036	0.005638088419545374	0.013149396781110337	0.009910425004764627	0.00231839258114374	0.0	0.0007513148009015778	1.0	0.015508247568024814	0.0	0.004580152671755725	0.0	0.010615711252653927
sv	0.0	0.024477080551846907	0.0	0.0	0.022139694329381517	0.00748114985862394	0.015396807426695348	0.005422668751455471	0.001753463089601964	0.010497894756716954	0.01806083650190114	0.0	0.014088050314465408	0.020014094432699085	0.006674696376593395	0.014389833675948422	0.011739069309714608	0.023503603885929175	0.0008505209440782479	0.0	0.00042707666026051675	0.011073677234066055	0.01143668709822096	0.005753217259651779	0.011570045348694692	0.010385875209714788	0.0	0.0	0.0014874628134296643	0.015508247568024814	1.0	0.0	0.007899159663865547	0.0	0.010475496447440336
te	0.0	0.0	0.0	0.0	0.0	0.0	0.0	0.0	0.0	0.0	0.0	0.0	0.0	0.0	0.0	0.0	0.0	0.0	0.0	0.0	0.0	0.0	0.0	0.0	0.0	0.0	0.0	0.0	0.0	0.0	0.0	0.0	0.0	0.0	0.0
vi	0.0	0.0074503311258278145	0.0	0.0	0.008792345487457979	0.0023161551823972205	0.006517526862779637	0.001969235342201085	0.0008143322475570033	0.002373117957922026	0.005213270142180095	0.0	0.005918506715228773	0.007846114907618324	0.0027449576321756774	0.0038298996302165876	0.0031523011798612987	0.007687576875768758	0.001379310344827586	0.0	0.0014005602240896359	0.002765586484699092	0.0025365853658536586	0.0010978043912175648	0.003272804054054054	0.004062433183664742	0.0	0.0	0.0	0.004580152671755725	0.007899159663865547	0.0	1.0	0.0	0.0037136637213471637
war	0.0	0.0	0.0	0.0	0.0	0.0	0.0	0.0	0.0	0.0	0.0	0.0	0.0	0.0	0.0	0.0	0.0	0.0	0.0	0.0	0.0	0.0	0.0	0.0	0.0	0.0	0.0	0.0	0.0	0.0	0.0	0.0	0.0	0.0	0.0
zh	0.0	0.013909818013214326	0.0	0.0	0.011239743733842868	0.014349967873206254	0.014832895230942547	0.007161928694832731	0.0027877339705296694	0.016227329466186945	0.015551930396954867	0.0	0.014340831331440635	0.015322670842187676	0.013607331296861983	0.01779559118236473	0.014688418026126632	0.013680387409200969	0.0004583651642475172	0.0001545595054095827	0.0006133088009812941	0.012960328749802434	0.013315754779169414	0.008937504168612019	0.01992144986513983	0.016202567159991584	0.0	0.0	0.00015260186174271325	0.010615711252653927	0.010475496447440336	0.0	0.0037136637213471637	0.0	1.0
