arz	bs	ceb	ckb	da	de	el	en	es	fr	he	hi	hu	id	it	ja	ko	lv	mk	ml	mr	nl	pl	pt	ro	ru	sh	si	simple	sr	sv	te	tr	vi	war	zh
arz	1.0	0.5660160774121898	0.0	1.0	1.0	1.0	1.0	1.0	1.0	1.0	1.0	1.0	1.0	0.8216064286890065	1.0	1.0	1.0	1.0	1.0	1.0	1.0	1.0	1.0	1.0	1.0	1.0	1.0	1.0	1.0	1.0	1.0	1.0	1.0	1.0	1.0	1.0
bs	0.5660160774121898	1.0	1.0	1.0	0.6889987612685822	0.10975976913834964	0.30554029409146405	0.22389663781046967	0.14774479929630757	0.16151740762394595	0.29442746710724077	1.0	0.3087854484295285	0.2979534815917034	0.17006910295898106	0.20988584130273055	0.2880465103404091	1.0	0.17243969182492108	1.0	0.5020797777427737	0.11559446356261327	0.05563500534980817	0.05809039511366071	0.3022853909442607	0.05525733138647255	0.11207399132326712	1.0	0.49712416541182725	0.08680400406361034	0.1937311146480213	0.5660160774121898	0.6514240595831888	0.20767407644607008	0.44702438380064136	0.07575076668591925
ceb	0.0	1.0	1.0	0.0	1.0	1.0	0.0	1.0	1.0	1.0	1.0	1.0	1.0	1.0	1.0	1.0	1.0	1.0	1.0	1.0	0.0	1.0	1.0	1.0	1.0	1.0	1.0	1.0	1.0	1.0	1.0	0.0	-1.0	1.0	1.0	1.0
ckb	1.0	1.0	0.0	1.0	0.0	1.0	1.0	1.0	0.0	1.0	0.0	0.0	0.0	0.0	0.0	1.0	0.0	0.0	1.0	0.0	1.0	1.0	1.0	1.0	0.0	1.0	1.0	1.0	0.0	1.0	1.0	1.0	1.0	0.0	0.7690990303325336	1.0
da	1.0	0.6889987612685822	1.0	0.0	1.0	0.7690990303325336	0.5660160774121898	0.3930994298413704	1.0	0.6662797713280293	1.0	1.0	0.5333058520532318	0.8216064286890065	1.0	1.0	0.4638282285667792	1.0	1.0	1.0	1.0	0.8428085291297184	1.0	1.0	0.9266366529626969	1.0	1.0	1.0	1.0	1.0	1.0	1.0	1.0	0.7690990303325336	0.7690990303325336	1.0
de	1.0	0.10975976913834964	1.0	1.0	0.7690990303325336	1.0	0.20332254328480462	0.12117607854608525	0.11656782468925854	0.12410987585643933	0.4625364423452702	1.0	0.1758398914214262	0.2008287846857199	0.1193817007058724	0.1507387997865458	0.171816214833618	1.0	0.11944753993697152	1.0	1.0	0.10671616099655548	0.08014004465446492	0.08265900032537288	0.13990084510220774	0.0812921006693027	0.10567074826961813	1.0	1.0	0.0894381096643032	0.15165296010683263	1.0	0.5579434330026994	0.11956699124845738	0.8943504275997423	0.09167164072185338
el	1.0	0.30554029409146405	0.0	1.0	0.5660160774121898	0.20332254328480462	1.0	0.37369854674107256	0.32674356569278307	0.3788272214454986	0.44919029946018313	1.0	0.39926015992456954	0.4166192843793428	0.37733170401692623	0.27256889411195767	0.3920732804185507	1.0	0.5112886165219653	1.0	1.0	0.2390409351876522	0.3778575900223494	0.36091271148438314	0.48571238298525654	0.3930554862301905	0.20209115956460996	1.0	1.0	0.18346145735981387	0.29700027947747104	1.0	1.0	0.24856371629307458	0.7690990303325336	0.2865052199544433
en	1.0	0.22389663781046967	1.0	1.0	0.3930994298413704	0.12117607854608525	0.37369854674107256	1.0	0.15766385108835415	0.25969826466489193	0.4486288695494693	1.0	0.3571890827309276	0.36395716710537146	0.1827324086308629	0.2040605643880051	0.32167047761535683	1.0	0.32833967616207266	1.0	1.0	0.1933424116360061	0.13744399021005924	0.1646463069090345	0.35794901506450005	0.12407277211986695	0.17236135514101392	1.0	0.672370045633007	0.11872440393704001	0.21061329427184033	1.0	0.5082912736686422	0.21326128334814418	0.7690990303325336	0.12798098151878443
es	1.0	0.14774479929630757	1.0	0.0	1.0	0.11656782468925854	0.32674356569278307	0.15766385108835415	1.0	0.14849734308299473	0.728099120889861	1.0	0.28715526571842415	0.359353656922298	0.23397477143828566	0.20804427585480184	0.2797567516141722	1.0	0.16021082584984686	1.0	1.0	0.13880955488362673	0.1283961477202184	0.1412808101836435	0.22541581911317646	0.14805721480025916	0.12946207415407457	1.0	0.7690990303325336	0.10755506188133872	0.22521595123794558	1.0	0.5768664503763399	0.15829173818300174	0.7690990303325336	0.12313441862897326
fr	1.0	0.16151740762394595	1.0	1.0	0.6662797713280293	0.12410987585643933	0.3788272214454986	0.25969826466489193	0.14849734308299473	1.0	0.45333162947860184	1.0	0.3382953199848291	0.33811432503509886	0.19741343038308218	0.21050770192884982	0.3160533922876559	1.0	0.23973541162070583	1.0	1.0	0.14210533575870787	0.06938130255245781	0.07689176691516224	0.3486693299366016	0.06466533322284801	0.1278643486509141	1.0	0.38839635582916193	0.09998377640763077	0.21294719641766072	1.0	0.5745924200575423	0.21889543458964586	0.7690990303325336	0.07687741825947472
he	1.0	0.29442746710724077	1.0	0.0	1.0	0.4625364423452702	0.44919029946018313	0.4486288695494693	0.728099120889861	0.45333162947860184	1.0	1.0	0.4772923784904009	0.8216064286890065	0.5071898752757513	0.6067454105236015	0.6194002630862215	1.0	1.0	1.0	1.0	0.4640195739584463	0.5478431983094014	0.5490750514062668	0.7899018737256683	0.5478431983094014	0.7942219112853846	1.0	1.0	0.6667969795412325	0.7510341748895938	1.0	0.7347168825662656	0.6395657813917609	0.7690990303325336	0.5998186767392314
hi	1.0	1.0	1.0	0.0	1.0	1.0	1.0	1.0	1.0	1.0	1.0	1.0	1.0	1.0	1.0	1.0	1.0	1.0	1.0	1.0	1.0	1.0	1.0	1.0	1.0	1.0	0.0	1.0	1.0	1.0	1.0	1.0	1.0	1.0	0.7690990303325336	1.0
hu	1.0	0.3087854484295285	1.0	0.0	0.5333058520532318	0.1758398914214262	0.39926015992456954	0.3571890827309276	0.28715526571842415	0.3382953199848291	0.4772923784904009	1.0	1.0	0.41218720432151523	0.3481675845913121	0.36641946126591174	0.3532443212467469	1.0	0.48033110636456144	1.0	1.0	0.23890203736208968	0.3183533534193204	0.38177393738057985	0.43598204260923257	0.3684342916377871	0.16289948157320638	1.0	0.5455381281950756	0.22378210402075277	0.3806506378959817	1.0	0.6562661056221563	0.24027741077199782	0.7690990303325336	0.3049419722297647
id	0.8216064286890065	0.2979534815917034	1.0	0.0	0.8216064286890065	0.2008287846857199	0.4166192843793428	0.36395716710537146	0.359353656922298	0.33811432503509886	0.8216064286890065	1.0	0.41218720432151523	1.0	0.4248539556948395	0.37209713437062725	0.37050559106240927	1.0	0.4433881794617664	1.0	0.7863954451402115	0.23261547783495035	0.3481512115439053	0.4275410727759202	0.4125642598471244	0.4071981498752682	0.22207287361104877	1.0	0.7863954451402115	0.26460217063154867	0.3482200343267402	0.8216064286890065	0.5243895682862479	0.22838491883531087	0.6743202287441529	0.3446279847302238
it	1.0	0.17006910295898106	1.0	0.0	1.0	0.1193817007058724	0.37733170401692623	0.1827324086308629	0.23397477143828566	0.19741343038308218	0.5071898752757513	1.0	0.3481675845913121	0.4248539556948395	1.0	0.2248491610843995	0.3437598685240594	1.0	0.18448393762120402	1.0	1.0	0.17081091301932955	0.16134634450989654	0.16475589447989655	0.3632635440486375	0.1706764752392329	0.16683382092316815	1.0	1.0	0.1598343117313166	0.2669997318854797	1.0	0.44748053290568135	0.2510765042108734	0.7690990303325336	0.18569607114396486
ja	1.0	0.20988584130273055	1.0	1.0	1.0	0.1507387997865458	0.27256889411195767	0.2040605643880051	0.20804427585480184	0.21050770192884982	0.6067454105236015	1.0	0.36641946126591174	0.37209713437062725	0.2248491610843995	1.0	0.3610150290228943	1.0	0.24211370967013107	1.0	1.0	0.18586127311467748	0.20948274945070466	0.20757458520442643	0.32128210472392116	0.19511699209461872	0.16838214356066974	1.0	1.0	0.18812010663560166	0.20856563028485067	1.0	0.5780965534243107	0.20573340832648204	0.7690990303325336	0.20034169620428585
ko	1.0	0.2880465103404091	1.0	0.0	0.4638282285667792	0.171816214833618	0.3920732804185507	0.32167047761535683	0.2797567516141722	0.3160533922876559	0.6194002630862215	1.0	0.3532443212467469	0.37050559106240927	0.3437598685240594	0.3610150290228943	1.0	1.0	0.42162025482851	1.0	1.0	0.2496672868199091	0.31835405082992585	0.323176801506628	0.3953334324768666	0.3231610885380595	0.1682677479143666	1.0	0.5660160774121898	0.22211751957245118	0.3623944411043912	1.0	0.7280991208898608	0.23102003169160595	0.7690990303325336	0.27218958493121465
lv	1.0	1.0	1.0	0.0	1.0	1.0	1.0	1.0	1.0	1.0	1.0	1.0	1.0	1.0	1.0	1.0	1.0	1.0	1.0	1.0	1.0	1.0	1.0	1.0	1.0	1.0	0.0	1.0	1.0	1.0	1.0	1.0	1.0	1.0	0.7690990303325336	1.0
mk	1.0	0.17243969182492108	1.0	1.0	1.0	0.11944753993697152	0.5112886165219653	0.32833967616207266	0.16021082584984686	0.23973541162070583	1.0	1.0	0.48033110636456144	0.4433881794617664	0.18448393762120402	0.24211370967013107	0.42162025482851	1.0	1.0	1.0	1.0	0.1443835680187045	0.05747314998864479	0.060856828562109375	0.5949135801403441	0.05713924785006439	0.13296763844677653	1.0	1.0	0.09668530186578754	0.2075129477043973	1.0	1.0	0.23995287526435333	0.7690990303325336	0.07952811589970953
ml	1.0	1.0	1.0	0.0	1.0	1.0	1.0	1.0	1.0	1.0	1.0	1.0	1.0	1.0	1.0	1.0	1.0	1.0	1.0	1.0	1.0	1.0	1.0	1.0	1.0	1.0	0.0	1.0	1.0	1.0	1.0	1.0	1.0	1.0	0.7690990303325336	1.0
mr	1.0	0.5020797777427737	0.0	1.0	1.0	1.0	1.0	1.0	1.0	1.0	1.0	1.0	1.0	0.7863954451402115	1.0	1.0	1.0	1.0	1.0	1.0	1.0	1.0	1.0	1.0	1.0	1.0	0.7863954451402115	1.0	1.0	1.0	1.0	1.0	1.0	1.0	1.0	1.0
nl	1.0	0.11559446356261327	1.0	1.0	0.8428085291297184	0.10671616099655548	0.2390409351876522	0.1933424116360061	0.13880955488362673	0.14210533575870787	0.4640195739584463	1.0	0.23890203736208968	0.23261547783495035	0.17081091301932955	0.18586127311467748	0.2496672868199091	1.0	0.1443835680187045	1.0	1.0	1.0	0.054742891956579484	0.05734226750306445	0.24121041692610867	0.05435412008733041	0.10503597082337719	1.0	0.7690990303325336	0.08325976465427996	0.18431903182792803	1.0	0.5680826202633873	0.1890428845830154	0.7690990303325336	0.07485056205059128
pl	1.0	0.05563500534980817	1.0	1.0	1.0	0.08014004465446492	0.3778575900223494	0.13744399021005924	0.1283961477202184	0.06938130255245781	0.5478431983094014	1.0	0.3183533534193204	0.3481512115439053	0.16134634450989654	0.20948274945070466	0.31835405082992585	1.0	0.05747314998864479	1.0	1.0	0.054742891956579484	1.0	0.04398808367923506	0.2797166442075166	0.043197281297955796	0.06192290263310331	1.0	1.0	0.05170682148320852	0.200909592478143	1.0	0.6740515375688696	0.17996005641282767	0.7690990303325336	0.060882714261943006
pt	1.0	0.05809039511366071	1.0	1.0	1.0	0.08265900032537288	0.36091271148438314	0.1646463069090345	0.1412808101836435	0.07689176691516224	0.5490750514062668	1.0	0.38177393738057985	0.4275410727759202	0.16475589447989655	0.20757458520442643	0.323176801506628	1.0	0.060856828562109375	1.0	1.0	0.05734226750306445	0.04398808367923506	1.0	0.34097265905598456	0.044112816455654034	0.0641206278693901	1.0	1.0	0.05342918096414547	0.20022764205043211	1.0	0.45905417441966107	0.20925807956854853	0.7690990303325336	0.06437617897798911
ro	1.0	0.3022853909442607	1.0	0.0	0.9266366529626969	0.13990084510220774	0.48571238298525654	0.35794901506450005	0.22541581911317646	0.3486693299366016	0.7899018737256683	1.0	0.43598204260923257	0.4125642598471244	0.3632635440486375	0.32128210472392116	0.3953334324768666	1.0	0.5949135801403441	1.0	1.0	0.24121041692610867	0.2797166442075166	0.34097265905598456	1.0	0.29368235214352845	0.17229250698526255	0.7863954451402115	0.5095403808370806	0.16008878522486464	0.3317160872634174	1.0	0.6127099857971968	0.23938012895362984	0.8943504275997424	0.21070343787724974
ru	1.0	0.05525733138647255	1.0	1.0	1.0	0.0812921006693027	0.3930554862301905	0.12407277211986695	0.14805721480025916	0.06466533322284801	0.5478431983094014	1.0	0.3684342916377871	0.4071981498752682	0.1706764752392329	0.19511699209461872	0.3231610885380595	1.0	0.05713924785006439	1.0	1.0	0.05435412008733041	0.043197281297955796	0.044112816455654034	0.29368235214352845	1.0	0.057261256940233415	1.0	1.0	0.051235307966408836	0.20543359827371424	1.0	0.5649879395951223	0.18532542718010453	0.7690990303325336	0.06068727866237906
sh	1.0	0.11207399132326712	1.0	1.0	1.0	0.10567074826961813	0.20209115956460996	0.17236135514101392	0.12946207415407457	0.1278643486509141	0.7942219112853846	0.0	0.16289948157320638	0.22207287361104877	0.16683382092316815	0.16838214356066974	0.1682677479143666	0.0	0.13296763844677653	0.0	0.7863954451402115	0.10503597082337719	0.06192290263310331	0.0641206278693901	0.17229250698526255	0.057261256940233415	1.0	1.0	1.0	0.08351526624383805	0.17339415854299994	1.0	0.5179029315605113	0.16703632327608672	0.6723191802055581	0.07323731518614615
si	1.0	1.0	1.0	1.0	1.0	1.0	1.0	1.0	1.0	1.0	1.0	1.0	1.0	1.0	1.0	1.0	1.0	1.0	1.0	1.0	1.0	1.0	1.0	1.0	0.7863954451402115	1.0	1.0	1.0	1.0	1.0	1.0	1.0	1.0	1.0	1.0	1.0
simple	1.0	0.49712416541182725	1.0	0.0	1.0	1.0	1.0	0.672370045633007	0.7690990303325336	0.38839635582916193	1.0	1.0	0.5455381281950756	0.7863954451402115	1.0	1.0	0.5660160774121898	1.0	1.0	1.0	1.0	0.7690990303325336	1.0	1.0	0.5095403808370806	1.0	1.0	1.0	1.0	0.7690990303325336	1.0	1.0	0.6841174893561722	0.45627762828753365	0.8943504275997423	1.0
sr	1.0	0.08680400406361034	1.0	1.0	1.0	0.0894381096643032	0.18346145735981387	0.11872440393704001	0.10755506188133872	0.09998377640763077	0.6667969795412325	1.0	0.22378210402075277	0.26460217063154867	0.1598343117313166	0.18812010663560166	0.22211751957245118	1.0	0.09668530186578754	1.0	1.0	0.08325976465427996	0.05170682148320852	0.05342918096414547	0.16008878522486464	0.051235307966408836	0.08351526624383805	1.0	0.7690990303325336	1.0	0.17182170152338722	1.0	1.0	0.13097899200321156	0.7690990303325336	0.06812448721446548
sv	1.0	0.1937311146480213	1.0	1.0	1.0	0.15165296010683263	0.29700027947747104	0.21061329427184033	0.22521595123794558	0.21294719641766072	0.7510341748895938	1.0	0.3806506378959817	0.3482200343267402	0.2669997318854797	0.20856563028485067	0.3623944411043912	1.0	0.2075129477043973	1.0	1.0	0.18431903182792803	0.200909592478143	0.20022764205043211	0.3317160872634174	0.20543359827371424	0.17339415854299994	1.0	1.0	0.17182170152338722	1.0	1.0	0.6332460537063271	0.17382058898748542	0.674320228744153	0.21932142468905846
te	1.0	0.5660160774121898	0.0	1.0	1.0	1.0	1.0	1.0	1.0	1.0	1.0	1.0	1.0	0.8216064286890065	1.0	1.0	1.0	1.0	1.0	1.0	1.0	1.0	1.0	1.0	1.0	1.0	1.0	1.0	1.0	1.0	1.0	1.0	1.0	1.0	1.0	1.0
tr	1.0	0.6514240595831888	-1.0	1.0	1.0	0.5579434330026994	1.0	0.5082912736686422	0.5768664503763399	0.5745924200575423	0.7347168825662656	1.0	0.6562661056221563	0.5243895682862479	0.44748053290568135	0.5780965534243107	0.7280991208898608	1.0	1.0	1.0	1.0	0.5680826202633873	0.6740515375688696	0.45905417441966107	0.6127099857971968	0.5649879395951223	0.5179029315605113	1.0	0.6841174893561722	1.0	0.6332460537063271	1.0	1.0	1.0	0.7690990303325336	0.5607371342276144
vi	1.0	0.20767407644607008	1.0	0.0	0.7690990303325336	0.11956699124845738	0.24856371629307458	0.21326128334814418	0.15829173818300174	0.21889543458964586	0.6395657813917609	1.0	0.24027741077199782	0.22838491883531087	0.2510765042108734	0.20573340832648204	0.23102003169160595	1.0	0.23995287526435333	1.0	1.0	0.1890428845830154	0.17996005641282767	0.20925807956854853	0.23938012895362984	0.18532542718010453	0.16703632327608672	1.0	0.45627762828753365	0.13097899200321156	0.17382058898748542	1.0	1.0	1.0	0.7690990303325336	0.17141713129925062
war	1.0	0.44702438380064136	1.0	0.7690990303325336	0.7690990303325336	0.8943504275997423	0.7690990303325336	0.7690990303325336	0.7690990303325336	0.7690990303325336	0.7690990303325336	0.7690990303325336	0.7690990303325336	0.6743202287441529	0.7690990303325336	0.7690990303325336	0.7690990303325336	0.7690990303325336	0.7690990303325336	0.7690990303325336	1.0	0.7690990303325336	0.7690990303325336	0.7690990303325336	0.8943504275997424	0.7690990303325336	0.6723191802055581	1.0	0.8943504275997423	0.7690990303325336	0.674320228744153	1.0	0.7690990303325336	0.7690990303325336	1.0	0.7690990303325336
zh	1.0	0.07575076668591925	1.0	1.0	1.0	0.09167164072185338	0.2865052199544433	0.12798098151878443	0.12313441862897326	0.07687741825947472	0.5998186767392314	1.0	0.3049419722297647	0.3446279847302238	0.18569607114396486	0.20034169620428585	0.27218958493121465	1.0	0.07952811589970953	1.0	1.0	0.07485056205059128	0.060882714261943006	0.06437617897798911	0.21070343787724974	0.06068727866237906	0.07323731518614615	1.0	1.0	0.06812448721446548	0.21932142468905846	1.0	0.5607371342276144	0.17141713129925062	0.7690990303325336	1.0
