arz	bs	ceb	ckb	da	de	el	en	es	fr	he	hi	hu	id	it	ja	ko	lv	mk	ml	mr	nl	pl	pt	ro	ru	sh	si	simple	sr	sv	te	tr	vi	war	zh
arz	1.0	0.7690990303325336	1.0	1.0	1.0	1.0	1.0	1.0	1.0	0.6571702826516209	1.0	1.0	1.0	0.7584325078215763	0.7502477598910112	1.0	1.0	1.0	1.0	1.0	1.0	1.0	1.0	1.0	1.0	1.0	1.0	1.0	0.7690990303325336	0.7584325078215763	1.0	1.0	1.0	1.0	1.0	1.0
bs	0.7690990303325336	1.0	0.7863954451402115	0.465539958290175	0.1648136967558016	0.16922658210603553	0.19642160906326936	0.13946008140541252	0.1685839452690936	0.1720899073834539	0.21434695936194517	0.19151219220988897	0.15124307087099773	0.13569265747971532	0.13259983739483233	0.21317578710935073	0.19651384019163753	0.1696108976993985	0.2099636166870256	0.2324672978056763	0.4500662146628795	0.1392904618831003	0.12724843790858423	0.15712159969984782	0.13853199727575927	0.1998844874833331	0.1441968159360566	0.4523419475453217	0.14887475433937236	0.1383034432634378	0.14325245635602601	0.34219209428489633	0.5014478058223087	0.1539226139462065	0.2400864030932332	0.21239173389601615
ceb	1.0	0.7863954451402115	1.0	1.0	1.0	1.0	1.0	1.0	0.7863954451402115	1.0	1.0	1.0	1.0	1.0	0.5020797777427737	1.0	1.0	1.0	1.0	1.0	1.0	0.7863954451402115	1.0	1.0	1.0	1.0	1.0	1.0	0.7863954451402115	1.0	1.0	1.0	-1.0	1.0	1.0	1.0
ckb	1.0	0.465539958290175	1.0	1.0	0.6568318202362041	0.6532002319725722	1.0	0.5408494503781254	0.6532002319725722	0.36843822221352673	1.0	1.0	0.37759489583213074	0.516578917708325	0.4688878288327166	1.0	1.0	1.0	1.0	1.0	1.0	0.5665446450931801	0.6802458882942041	0.6549329476340924	0.7234532828151788	1.0	0.5124671806588085	1.0	0.3816647385156377	0.7221793916855704	0.565296331867085	1.0	0.7863954451402115	0.6845485002822447	1.0	1.0
da	1.0	0.1648136967558016	1.0	0.6568318202362041	1.0	0.11974047151513657	0.1621529100367205	0.11132069982370038	0.12318972824977867	0.1064579254540645	0.16167476054189156	0.20923436780203236	0.11816829168081885	0.13011296326393249	0.11302834199039877	0.1455121885907332	0.17301542717222676	0.16003502547544568	0.23317648319649076	0.2781953095190956	0.5051212493249073	0.09778668791180799	0.10687608377089672	0.108902366014594	0.10854435447772211	0.14225555190533987	0.09664565417025617	0.6071771488579947	0.1312634057052466	0.10263398357095553	0.10760335614405112	0.2880689368273506	0.2823897359355056	0.10785460321387423	0.3737709885552971	0.1474700168709214
de	1.0	0.16922658210603553	1.0	0.6532002319725722	0.11974047151513657	1.0	0.13979185380376513	0.05609545645113416	0.05673893591748741	0.05477103511129583	0.14826023263371899	0.158577512871596	0.07156454335433382	0.10309851810718218	0.06519918842259269	0.07114474514451476	0.1318332133078627	0.11489432399977718	0.27350804968838055	0.3470958646394636	0.5456665695995394	0.05782505454330334	0.06576561557623646	0.0669270695622032	0.0945388603780266	0.09376580128329617	0.06116160879924991	0.7199285383279772	0.09202579557420454	0.06028357654838234	0.07835019926269263	0.3746475363362056	0.29300696747819827	0.07645108334447434	0.42624961631118663	0.07377487002495355
el	1.0	0.19642160906326936	1.0	1.0	0.1621529100367205	0.13979185380376513	1.0	0.145524910325011	0.1389618800428362	0.11662793683335484	0.4753236604094749	1.0	0.12115580252089853	0.15648072831013682	0.12343609021533762	1.0	1.0	0.18123116043362456	1.0	1.0	1.0	0.11278484098541162	0.11971273410679638	0.1536291949840536	0.12854321523552817	0.6910619635498714	0.12126852088058478	1.0	0.15819437711669795	0.12420009928553603	0.1386191286418415	1.0	0.7510341748895938	0.13517728733421105	0.5932464233149597	1.0
en	1.0	0.13946008140541252	1.0	0.5408494503781254	0.11132069982370038	0.05609545645113416	0.145524910325011	1.0	0.0645068069240073	0.06874306885543985	0.13964596204060037	0.1494709735434638	0.07965588377692305	0.11482192673958186	0.08566248333938806	0.12232701435036623	0.14539141992747034	0.11061471016079978	0.17601652403024784	0.1830960968579672	0.2575748643193563	0.06999596223117932	0.08700609939789815	0.07521166623931755	0.09686349241971709	0.133189051669541	0.07433927019609451	0.50093884473075	0.09486552801654878	0.07184762536103431	0.08483297117489597	0.18717388843970914	0.2526717744759012	0.08667653726770602	0.2904361857730205	0.1260775376969747
es	1.0	0.1685839452690936	0.7863954451402115	0.6532002319725722	0.12318972824977867	0.05673893591748741	0.1389618800428362	0.0645068069240073	1.0	0.059496126612390204	0.15362006467218986	0.1477365217280105	0.07383050048781221	0.09518469063762852	0.06526795553096018	0.0710399132401219	0.12326726612574272	0.11642355426365615	0.22328161429148222	0.2966061535928236	0.5128760020035895	0.06227324707883797	0.06952758558285208	0.07180392561243387	0.09807757435197294	0.09455468487795876	0.06660952831047591	0.4985335355017715	0.09569973432827887	0.06545509346946542	0.08229766356075413	0.4033495164298892	0.3275669123328283	0.0750100313562625	0.3596184869080898	0.07781430496815779
fr	0.6571702826516209	0.1720899073834539	1.0	0.36843822221352673	0.1064579254540645	0.05477103511129583	0.11662793683335484	0.06874306885543985	0.059496126612390204	1.0	0.13024517604046024	0.12236185599981848	0.07012784963924905	0.0931662808320768	0.06905592801017481	0.08216020191626237	0.10887345306733891	0.10687975641291278	0.19576466642724485	0.24978743901545764	0.3642214004777062	0.062217926773394654	0.07025508582932333	0.066924405256803	0.09567697638216992	0.08578374073667153	0.06608644594710193	0.45959982422568985	0.09247351620447	0.06382582253275014	0.07694355228642918	0.25025228914494274	0.3102321535091451	0.07534346491006849	0.3127359655088174	0.08430952848588184
he	1.0	0.21434695936194517	1.0	1.0	0.16167476054189156	0.14826023263371899	0.4753236604094749	0.13964596204060037	0.15362006467218986	0.13024517604046024	1.0	0.5534526110373736	0.12264692417233199	0.15039030395488082	0.12947111451530302	0.4916143903015477	0.5189816039599267	0.21124457371513533	0.5251599070507652	1.0	1.0	0.13682785003067477	0.12537225284310946	0.15831923671196244	0.12673207376792686	0.49292122536117405	0.1355078035944503	1.0	0.16235528396376842	0.14180766834222533	0.14620705873047737	1.0	0.7455134344225701	0.12839842871328558	0.6364353709769035	0.49190329446081693
hi	1.0	0.19151219220988897	1.0	1.0	0.20923436780203236	0.158577512871596	1.0	0.1494709735434638	0.1477365217280105	0.12236185599981848	0.5534526110373736	1.0	0.1431145920103759	0.16666573173104537	0.13073607855906882	0.6893239646520147	1.0	0.22830760152902538	1.0	1.0	1.0	0.1152129061697867	0.12104121308848557	0.18849639554021258	0.1375714965535938	0.6915622893805501	0.12851158272161767	1.0	0.12658685046480783	0.13127457203596435	0.14221852818266423	1.0	0.7455134344225701	0.12840555784022067	0.5949224416307971	1.0
hu	1.0	0.15124307087099773	1.0	0.37759489583213074	0.11816829168081885	0.07156454335433382	0.12115580252089853	0.07965588377692305	0.07383050048781221	0.07012784963924905	0.12264692417233199	0.1431145920103759	1.0	0.09823058994990495	0.0781955175266878	0.09507687494825066	0.10651775208583131	0.11221522793879465	0.2003441891050209	0.16611293334476326	0.5529390606691029	0.07190569320808013	0.07738616989619719	0.08335582535183027	0.09249887691332234	0.10422804145828457	0.07489960687431267	0.25022469951953685	0.09808382570619283	0.07440192475501069	0.08482328649822325	0.3066569690940767	0.6964586824468322	0.08385545132140851	0.33291539619585103	0.09572420063399309
id	0.7584325078215763	0.13569265747971532	1.0	0.516578917708325	0.13011296326393249	0.10309851810718218	0.15648072831013682	0.11482192673958186	0.09518469063762852	0.0931662808320768	0.15039030395488082	0.16666573173104537	0.09823058994990495	1.0	0.10227159968457576	0.15550137626893107	0.15424096445570298	0.1269096321901939	0.19009529807828904	0.22502355336324514	0.38610126813658024	0.09689194918484176	0.1001971540189903	0.10893156973146521	0.10430101478360115	0.1505836503458304	0.09772593709693542	0.432935558774009	0.11131410773935038	0.10104415359481946	0.10039675897851513	0.23487513184996095	0.473680219996496	0.10109877082579652	0.26170591086496503	0.15505084928552793
it	0.7502477598910112	0.13259983739483233	0.5020797777427737	0.4688878288327166	0.11302834199039877	0.06519918842259269	0.12343609021533762	0.08566248333938806	0.06526795553096018	0.06905592801017481	0.12947111451530302	0.13073607855906882	0.0781955175266878	0.10227159968457576	1.0	0.11196036039218003	0.12205336982295806	0.10238927940104943	0.17937214529842335	0.21122277326255257	0.36588089470325097	0.07123451313238814	0.08412261684146573	0.07291361303594854	0.09231149958960413	0.1118305861289519	0.07599108277909472	0.3794036496489998	0.09708958668077484	0.07349521571359101	0.0861144272114283	0.24561991914692066	0.29486428242315244	0.08214162276986763	0.35560467104564025	0.11214522198277484
ja	1.0	0.21317578710935073	1.0	1.0	0.1455121885907332	0.07114474514451476	1.0	0.12232701435036623	0.0710399132401219	0.08216020191626237	0.4916143903015477	0.6893239646520147	0.09507687494825066	0.15550137626893107	0.11196036039218003	1.0	1.0	0.14542275385614023	1.0	1.0	1.0	0.0841805113012424	0.10920394041536127	0.08941920690014662	0.11917400857489513	0.6064980370634369	0.09228443166831089	1.0	0.12469773979683672	0.08754528502518179	0.10709369691369985	1.0	0.4088831488876839	0.10986933873575502	0.5917196795904756	0.6829196033032406
ko	1.0	0.19651384019163753	1.0	1.0	0.17301542717222676	0.1318332133078627	1.0	0.14539141992747034	0.12326726612574272	0.10887345306733891	0.5189816039599267	1.0	0.10651775208583131	0.15424096445570298	0.12205336982295806	1.0	1.0	0.17296636248284733	1.0	1.0	1.0	0.11212155761557781	0.11194396794403602	0.14969564002134964	0.12247145579457266	0.6890092940382581	0.11649213208071992	1.0	0.1676605664842837	0.11554045833247752	0.11775125037212489	1.0	0.6740515375688697	0.12917005995835967	0.5917196795904756	1.0
lv	1.0	0.1696108976993985	1.0	1.0	0.16003502547544568	0.11489432399977718	0.18123116043362456	0.11061471016079978	0.11642355426365615	0.10687975641291278	0.21124457371513533	0.22830760152902538	0.11221522793879465	0.1269096321901939	0.10238927940104943	0.14542275385614023	0.17296636248284733	1.0	0.2496365931819908	0.3402062656983224	0.6028877247745955	0.09984308709731361	0.10366958727292959	0.13186948884904964	0.1182035243812868	0.16719742889699857	0.12243871093027738	1.0	0.14677357020086623	0.12008945776059204	0.12444950084252143	0.5043897690147757	0.5014026150270604	0.11470628162977527	0.3675241080778308	0.14436879148765358
mk	1.0	0.2099636166870256	1.0	1.0	0.23317648319649076	0.27350804968838055	1.0	0.17601652403024784	0.22328161429148222	0.19576466642724485	0.5251599070507652	1.0	0.2003441891050209	0.19009529807828904	0.17937214529842335	1.0	1.0	0.2496365931819908	1.0	1.0	1.0	0.1744596659827965	0.13878061421063465	0.2375644648606764	0.1783555899406257	1.0	0.17337178354450475	1.0	0.19846210670392728	0.16629807328586185	0.201058315079678	1.0	0.6467936504043927	0.1735361828954984	0.6406217872018795	1.0
ml	1.0	0.2324672978056763	1.0	1.0	0.2781953095190956	0.3470958646394636	1.0	0.1830960968579672	0.2966061535928236	0.24978743901545764	1.0	1.0	0.16611293334476326	0.22502355336324514	0.21122277326255257	1.0	1.0	0.3402062656983224	1.0	1.0	1.0	0.22910984380595995	0.23081100924069087	0.3116887129821667	0.24438963493475263	1.0	0.25712003934873723	1.0	0.2595739516718391	0.2549252783145339	0.29138567061891074	1.0	0.5325010024648668	0.2051486905708496	0.6442100898340133	1.0
mr	1.0	0.4500662146628795	1.0	1.0	0.5051212493249073	0.5456665695995394	1.0	0.2575748643193563	0.5128760020035895	0.3642214004777062	1.0	1.0	0.5529390606691029	0.38610126813658024	0.36588089470325097	1.0	1.0	0.6028877247745955	1.0	1.0	1.0	0.5047922412038852	0.41303303947655357	0.7155258672934657	0.5569458829978285	1.0	0.501014219566489	1.0	0.3691820573479259	0.5454992004423117	0.6037638397743439	1.0	1.0	0.43726369403243576	1.0	1.0
nl	1.0	0.1392904618831003	0.7863954451402115	0.5665446450931801	0.09778668791180799	0.05782505454330334	0.11278484098541162	0.06999596223117932	0.06227324707883797	0.062217926773394654	0.13682785003067477	0.1152129061697867	0.07190569320808013	0.09689194918484176	0.07123451313238814	0.0841805113012424	0.11212155761557781	0.09984308709731361	0.1744596659827965	0.22910984380595995	0.5047922412038852	1.0	0.07301769086808055	0.0747557408003236	0.08921846556830569	0.0896005729814861	0.06684600967025513	0.7199285383279772	0.0974998239232164	0.06553488404385752	0.0779254958548132	0.18832641243197482	0.288842899846046	0.07735063143673741	0.33384131332231026	0.0834790218029477
pl	1.0	0.12724843790858423	1.0	0.6802458882942041	0.10687608377089672	0.06576561557623646	0.11971273410679638	0.08700609939789815	0.06952758558285208	0.07025508582932333	0.12537225284310946	0.12104121308848557	0.07738616989619719	0.1001971540189903	0.08412261684146573	0.10920394041536127	0.11194396794403602	0.10366958727292959	0.13878061421063465	0.23081100924069087	0.41303303947655357	0.07301769086808055	1.0	0.07850038597361253	0.09141616573462337	0.11235679271696832	0.07619348499103826	0.7199285383279772	0.09740262346450851	0.07304951476751684	0.0840231447750878	0.2750198255961153	0.3294697017722763	0.08460344152697608	0.31842134897898755	0.11126715473789038
pt	1.0	0.15712159969984782	1.0	0.6549329476340924	0.108902366014594	0.0669270695622032	0.1536291949840536	0.07521166623931755	0.07180392561243387	0.066924405256803	0.15831923671196244	0.18849639554021258	0.08335582535183027	0.10893156973146521	0.07291361303594854	0.08941920690014662	0.14969564002134964	0.13186948884904964	0.2375644648606764	0.3116887129821667	0.7155258672934657	0.0747557408003236	0.07850038597361253	1.0	0.09370858223618282	0.08267775130077776	0.05974134195606894	0.6532002319725722	0.12318262289163667	0.058566854165295765	0.07302553167485647	0.2512453174973473	0.3420208763914884	0.09443927183667034	0.4667139012970712	0.10076714220085199
ro	1.0	0.13853199727575927	1.0	0.7234532828151788	0.10854435447772211	0.0945388603780266	0.12854321523552817	0.09686349241971709	0.09807757435197294	0.09567697638216992	0.12673207376792686	0.1375714965535938	0.09249887691332234	0.10430101478360115	0.09231149958960413	0.11917400857489513	0.12247145579457266	0.1182035243812868	0.1783555899406257	0.24438963493475263	0.5569458829978285	0.08921846556830569	0.09141616573462337	0.09370858223618282	1.0	0.12454414165246085	0.08305836592275428	0.7210092110599264	0.11189913408802513	0.08128088137713643	0.08884362781538468	0.27711733398476357	0.5922437587359987	0.09082557282277812	0.42767384595355173	0.12143034250702339
ru	1.0	0.1998844874833331	1.0	1.0	0.14225555190533987	0.09376580128329617	0.6910619635498714	0.133189051669541	0.09455468487795876	0.08578374073667153	0.49292122536117405	0.6915622893805501	0.10422804145828457	0.1505836503458304	0.1118305861289519	0.6064980370634369	0.6890092940382581	0.16719742889699857	1.0	1.0	1.0	0.0896005729814861	0.11235679271696832	0.08267775130077776	0.12454414165246085	1.0	0.08905369796841654	1.0	0.13206705989836331	0.08273511388092618	0.09323247110345445	1.0	0.3767963280851643	0.11178602530834382	0.5932464233149596	0.6066006929990053
sh	1.0	0.1441968159360566	1.0	0.5124671806588085	0.09664565417025617	0.06116160879924991	0.12126852088058478	0.07433927019609451	0.06660952831047591	0.06608644594710193	0.1355078035944503	0.12851158272161767	0.07489960687431267	0.09772593709693542	0.07599108277909472	0.09228443166831089	0.11649213208071992	0.12243871093027738	0.17337178354450475	0.25712003934873723	0.501014219566489	0.06684600967025513	0.07619348499103826	0.05974134195606894	0.08305836592275428	0.08905369796841654	1.0	0.537497527644796	0.11111513381641842	0.059843105502057965	0.06897050076840987	0.30606517421737456	0.5304240239420944	0.08066833808092908	0.3811771989643128	0.09027993325672642
si	1.0	0.4523419475453217	1.0	1.0	0.6071771488579947	0.7199285383279772	1.0	0.50093884473075	0.4985335355017715	0.45959982422568985	1.0	1.0	0.25022469951953685	0.432935558774009	0.3794036496489998	1.0	1.0	1.0	1.0	1.0	1.0	0.7199285383279772	0.7199285383279772	0.6532002319725722	0.7210092110599264	1.0	0.537497527644796	1.0	0.3802578063308078	0.6122131884607098	0.6532002319725722	1.0	1.0	0.553597750767838	1.0	1.0
simple	0.7690990303325336	0.14887475433937236	0.7863954451402115	0.3816647385156377	0.1312634057052466	0.09202579557420454	0.15819437711669795	0.09486552801654878	0.09569973432827887	0.09247351620447	0.16235528396376842	0.12658685046480783	0.09808382570619283	0.11131410773935038	0.09708958668077484	0.12469773979683672	0.1676605664842837	0.14677357020086623	0.19846210670392728	0.2595739516718391	0.3691820573479259	0.0974998239232164	0.09740262346450851	0.12318262289163667	0.11189913408802513	0.13206705989836331	0.11111513381641842	0.3802578063308078	1.0	0.10986659985575006	0.12059035400686516	0.2518872459353937	0.4080649643544379	0.09681191673009107	0.24018618267949382	0.12199053061451834
sr	0.7584325078215763	0.1383034432634378	1.0	0.7221793916855704	0.10263398357095553	0.06028357654838234	0.12420009928553603	0.07184762536103431	0.06545509346946542	0.06382582253275014	0.14180766834222533	0.13127457203596435	0.07440192475501069	0.10104415359481946	0.07349521571359101	0.08754528502518179	0.11554045833247752	0.12008945776059204	0.16629807328586185	0.2549252783145339	0.5454992004423117	0.06553488404385752	0.07304951476751684	0.058566854165295765	0.08128088137713643	0.08273511388092618	0.059843105502057965	0.6122131884607098	0.10986659985575006	1.0	0.06674067382256844	0.31953679098521154	0.6518155124769265	0.07997493907728569	0.41031309522456133	0.08703061458715469
sv	1.0	0.14325245635602601	1.0	0.565296331867085	0.10760335614405112	0.07835019926269263	0.1386191286418415	0.08483297117489597	0.08229766356075413	0.07694355228642918	0.14620705873047737	0.14221852818266423	0.08482328649822325	0.10039675897851513	0.0861144272114283	0.10709369691369985	0.11775125037212489	0.12444950084252143	0.201058315079678	0.29138567061891074	0.6037638397743439	0.0779254958548132	0.0840231447750878	0.07302553167485647	0.08884362781538468	0.09323247110345445	0.06897050076840987	0.6532002319725722	0.12059035400686516	0.06674067382256844	1.0	0.27771306698595916	0.6056469048251054	0.09129678579756625	0.43706090237496037	0.10393598665604491
te	1.0	0.34219209428489633	1.0	1.0	0.2880689368273506	0.3746475363362056	1.0	0.18717388843970914	0.4033495164298892	0.25025228914494274	1.0	1.0	0.3066569690940767	0.23487513184996095	0.24561991914692066	1.0	1.0	0.5043897690147757	1.0	1.0	1.0	0.18832641243197482	0.2750198255961153	0.2512453174973473	0.27711733398476357	1.0	0.30606517421737456	1.0	0.2518872459353937	0.31953679098521154	0.27771306698595916	1.0	0.7510341748895938	0.3278927340388173	1.0	1.0
tr	1.0	0.5014478058223087	-1.0	0.7863954451402115	0.2823897359355056	0.29300696747819827	0.7510341748895938	0.2526717744759012	0.3275669123328283	0.3102321535091451	0.7455134344225701	0.7455134344225701	0.6964586824468322	0.473680219996496	0.29486428242315244	0.4088831488876839	0.6740515375688697	0.5014026150270604	0.6467936504043927	0.5325010024648668	1.0	0.288842899846046	0.3294697017722763	0.3420208763914884	0.5922437587359987	0.3767963280851643	0.5304240239420944	1.0	0.4080649643544379	0.6518155124769265	0.6056469048251054	0.7510341748895938	1.0	0.46657839654983047	1.0	0.4101375420791346
vi	1.0	0.1539226139462065	1.0	0.6845485002822447	0.10785460321387423	0.07645108334447434	0.13517728733421105	0.08667653726770602	0.0750100313562625	0.07534346491006849	0.12839842871328558	0.12840555784022067	0.08385545132140851	0.10109877082579652	0.08214162276986763	0.10986933873575502	0.12917005995835967	0.11470628162977527	0.1735361828954984	0.2051486905708496	0.43726369403243576	0.07735063143673741	0.08460344152697608	0.09443927183667034	0.09082557282277812	0.11178602530834382	0.08066833808092908	0.553597750767838	0.09681191673009107	0.07997493907728569	0.09129678579756625	0.3278927340388173	0.46657839654983047	1.0	0.31819623511379286	0.10941337306872258
war	1.0	0.2400864030932332	1.0	1.0	0.3737709885552971	0.42624961631118663	0.5932464233149597	0.2904361857730205	0.3596184869080898	0.3127359655088174	0.6364353709769035	0.5949224416307971	0.33291539619585103	0.26170591086496503	0.35560467104564025	0.5917196795904756	0.5917196795904756	0.3675241080778308	0.6406217872018795	0.6442100898340133	1.0	0.33384131332231026	0.31842134897898755	0.4667139012970712	0.42767384595355173	0.5932464233149596	0.3811771989643128	1.0	0.24018618267949382	0.41031309522456133	0.43706090237496037	1.0	1.0	0.31819623511379286	1.0	0.5910055389828529
zh	1.0	0.21239173389601615	1.0	1.0	0.1474700168709214	0.07377487002495355	1.0	0.1260775376969747	0.07781430496815779	0.08430952848588184	0.49190329446081693	1.0	0.09572420063399309	0.15505084928552793	0.11214522198277484	0.6829196033032406	1.0	0.14436879148765358	1.0	1.0	1.0	0.0834790218029477	0.11126715473789038	0.10076714220085199	0.12143034250702339	0.6066006929990053	0.09027993325672642	1.0	0.12199053061451834	0.08703061458715469	0.10393598665604491	1.0	0.4101375420791346	0.10941337306872258	0.5910055389828529	1.0
