arz	bs	ceb	ckb	da	de	el	en	es	fr	he	hi	hu	id	it	ja	ko	lv	mk	ml	mr	nl	pl	pt	ro	ru	sh	si	simple	sr	sv	te	tr	vi	war	zh
arz	1.0	1.0	0.0	1.0	1.0	1.0	1.0	1.0	1.0	1.0	1.0	1.0	1.0	1.0	1.0	1.0	1.0	1.0	1.0	1.0	1.0	1.0	1.0	1.0	1.0	1.0	0.585786437626905	1.0	1.0	1.0	1.0	1.0	1.0	1.0	1.0	1.0
bs	1.0	1.0	1.0	0.5	0.5	0.4142135623730951	0.585786437626905	0.44948974278317805	0.44948974278317805	0.44948974278317805	0.5	0.5	0.44948974278317805	0.3380788308512194	0.38742588672279304	0.44948974278317805	0.44948974278317805	0.585786437626905	0.585786437626905	0.585786437626905	1.0	0.3660254037844386	0.44948974278317805	0.44948974278317805	0.5	0.44948974278317805	0.33773018484522777	0.585786437626905	0.3797958971132712	0.5	0.44948974278317805	1.0	0.5	0.44948974278317805	0.585786437626905	0.44948974278317805
ceb	0.0	1.0	1.0	0.0	1.0	1.0	0.0	1.0	1.0	1.0	1.0	1.0	1.0	1.0	1.0	1.0	1.0	1.0	1.0	1.0	0.0	1.0	1.0	1.0	1.0	1.0	1.0	1.0	1.0	1.0	1.0	0.0	-1.0	1.0	1.0	1.0
ckb	1.0	0.5	0.0	1.0	1.0	0.585786437626905	1.0	0.585786437626905	1.0	1.0	1.0	1.0	0.585786437626905	0.5	0.585786437626905	1.0	1.0	1.0	1.0	1.0	1.0	0.44948974278317805	0.585786437626905	1.0	1.0	1.0	0.30216947925196225	1.0	0.39564392373896007	1.0	1.0	1.0	0.585786437626905	1.0	0.585786437626905	1.0
da	1.0	0.5	1.0	1.0	1.0	0.3380788308512194	1.0	0.3126480851423008	0.3380788308512194	0.3380788308512194	0.44948974278317805	1.0	0.44948974278317805	0.585786437626905	0.3653763043278784	0.3797958971132712	0.3797958971132712	1.0	1.0	1.0	1.0	0.3430703308172536	0.3597752501562547	0.353889367864523	1.0	0.353889367864523	0.3333333333333333	1.0	0.44948974278317805	0.3597752501562547	0.3797958971132712	1.0	1.0	1.0	0.585786437626905	0.3797958971132712
de	1.0	0.4142135623730951	1.0	0.585786437626905	0.3380788308512194	1.0	0.39564392373896007	0.10631119820974634	0.1886378647726465	0.16831269865300488	0.28436465220442186	1.0	0.353889367864523	0.2989350844248255	0.12395365461969046	0.17411239489546831	0.2240092377397959	1.0	1.0	1.0	1.0	0.11784158671010125	0.2012628451930092	0.1987625491245426	0.37218975135070936	0.17331935664757372	0.30216947925196225	1.0	0.3380788308512194	0.34833147735478825	0.22772999919644132	1.0	0.27429188517743175	0.39564392373896	0.585786437626905	0.19292728076790167
el	1.0	0.585786437626905	0.0	1.0	1.0	0.39564392373896007	1.0	1.0	1.0	0.585786437626905	1.0	1.0	0.585786437626905	0.5	1.0	1.0	1.0	1.0	1.0	1.0	1.0	0.5	1.0	1.0	1.0	1.0	0.5	1.0	0.5	1.0	0.5	1.0	0.585786437626905	1.0	0.585786437626905	1.0
en	1.0	0.44948974278317805	1.0	0.585786437626905	0.3126480851423008	0.10631119820974634	1.0	1.0	0.1921904042583698	0.125845968142326	0.3164309725825328	0.5	0.34833147735478825	0.2989350844248255	0.09026170301859376	0.19636040545626823	0.24660605559646726	1.0	1.0	1.0	1.0	0.10416771810708333	0.2056677898504543	0.21089672205953397	0.44948974278317805	0.1876127897984334	0.30216947925196225	1.0	0.353889367864523	0.4142135623730951	0.22584440001865322	1.0	0.24913693443350773	0.5	0.585786437626905	0.28436465220442186
es	1.0	0.44948974278317805	1.0	1.0	0.3380788308512194	0.1886378647726465	1.0	0.1921904042583698	1.0	0.2187841884486319	0.30216947925196225	1.0	0.44948974278317805	0.3950325357559503	0.1585482616943639	0.28989794855663564	0.2857142857142857	1.0	1.0	1.0	1.0	0.17529689292589715	0.2791745113185196	0.26968623182294527	0.5	0.2958163163244893	0.3333333333333333	1.0	0.4364916731037085	0.5	0.3660254037844386	1.0	0.3333333333333333	1.0	0.585786437626905	0.30216947925196225
fr	1.0	0.44948974278317805	1.0	1.0	0.3380788308512194	0.16831269865300488	0.585786437626905	0.125845968142326	0.2187841884486319	1.0	0.44948974278317805	1.0	0.44948974278317805	0.2989350844248255	0.12466658121359801	0.252650308587072	0.3660254037844386	1.0	1.0	1.0	1.0	0.15035075428247557	0.2674788903885893	0.22646721143623746	0.44948974278317805	0.2708131845707603	0.30216947925196225	1.0	0.3726822671238253	0.44948974278317805	0.22901628833426058	1.0	0.28133685361327354	0.585786437626905	0.585786437626905	0.28172904669025317
he	1.0	0.5	1.0	1.0	0.44948974278317805	0.28436465220442186	1.0	0.3164309725825328	0.30216947925196225	0.44948974278317805	1.0	1.0	0.585786437626905	0.36602540378443865	0.44948974278317805	1.0	1.0	1.0	1.0	1.0	1.0	0.2661832955178855	0.3430703308172536	0.44948974278317805	0.585786437626905	1.0	0.5	1.0	0.585786437626905	0.5	0.5	1.0	0.585786437626905	1.0	0.585786437626905	1.0
hi	1.0	0.5	1.0	1.0	1.0	1.0	1.0	0.5	1.0	1.0	1.0	1.0	0.585786437626905	0.5	0.44948974278317805	1.0	1.0	1.0	1.0	1.0	1.0	0.36602540378443865	0.585786437626905	1.0	1.0	1.0	0.30216947925196225	1.0	0.5	0.585786437626905	1.0	1.0	0.5	1.0	0.585786437626905	1.0
hu	1.0	0.44948974278317805	1.0	0.585786437626905	0.44948974278317805	0.353889367864523	0.585786437626905	0.34833147735478825	0.44948974278317805	0.44948974278317805	0.585786437626905	0.585786437626905	1.0	0.2989350844248255	0.4142135623730951	0.585786437626905	0.585786437626905	0.585786437626905	0.585786437626905	0.585786437626905	1.0	0.28989794855663564	0.44948974278317805	0.44948974278317805	0.5	0.5	0.44948974278317805	0.585786437626905	0.44948974278317805	0.44948974278317805	0.4142135623730951	1.0	0.44948974278317805	0.5	0.585786437626905	0.585786437626905
id	1.0	0.3380788308512194	1.0	0.5	0.585786437626905	0.2989350844248255	0.5	0.2989350844248255	0.3950325357559503	0.2989350844248255	0.36602540378443865	0.5	0.2989350844248255	1.0	0.28989794855663564	0.3090169943749474	0.3090169943749474	0.5	0.5	0.585786437626905	1.0	0.28172904669025317	0.3090169943749474	0.2989350844248255	0.5	0.3090169943749474	0.28436465220442186	0.585786437626905	0.31934532730535314	0.5	0.31451985913875646	1.0	0.4142135623730951	0.3266316347104093	0.585786437626905	0.3090169943749474
it	1.0	0.38742588672279304	1.0	0.585786437626905	0.3653763043278784	0.12395365461969046	1.0	0.09026170301859376	0.1585482616943639	0.12466658121359801	0.44948974278317805	0.44948974278317805	0.4142135623730951	0.28989794855663564	1.0	0.18368518446174903	0.23166247903554	1.0	1.0	1.0	1.0	0.12523586533936376	0.2012628451930092	0.16879264089884097	0.5	0.16952084719853724	0.2928060946961875	1.0	0.5	0.4142135623730951	0.22646721143623746	1.0	0.252650308587072	0.44948974278317805	0.585786437626905	0.19636040545626823
ja	1.0	0.44948974278317805	1.0	1.0	0.3797958971132712	0.17411239489546831	1.0	0.19636040545626823	0.28989794855663564	0.252650308587072	1.0	1.0	0.585786437626905	0.3090169943749474	0.18368518446174903	1.0	1.0	1.0	1.0	1.0	1.0	0.13507810593582123	0.28172904669025317	0.38742588672279304	0.5	1.0	0.30216947925196225	1.0	0.39564392373896007	0.5	0.4142135623730951	1.0	0.27792629762666365	1.0	0.585786437626905	1.0
ko	1.0	0.44948974278317805	1.0	1.0	0.3797958971132712	0.2240092377397959	1.0	0.24660605559646726	0.2857142857142857	0.3660254037844386	1.0	1.0	0.585786437626905	0.3090169943749474	0.23166247903554	1.0	1.0	1.0	1.0	1.0	1.0	0.14535417555112065	0.29429805508554946	0.44948974278317805	0.5	1.0	0.30216947925196225	1.0	0.39564392373896007	0.5	0.585786437626905	1.0	0.353889367864523	1.0	0.585786437626905	1.0
lv	1.0	0.585786437626905	1.0	1.0	1.0	1.0	1.0	1.0	1.0	1.0	1.0	1.0	0.585786437626905	0.5	1.0	1.0	1.0	1.0	1.0	1.0	1.0	0.585786437626905	1.0	1.0	1.0	1.0	0.5	1.0	0.5	0.585786437626905	1.0	1.0	0.5	1.0	0.585786437626905	1.0
mk	1.0	0.585786437626905	1.0	1.0	1.0	1.0	1.0	1.0	1.0	1.0	1.0	1.0	0.585786437626905	0.5	1.0	1.0	1.0	1.0	1.0	1.0	1.0	0.585786437626905	1.0	0.585786437626905	1.0	1.0	0.5	1.0	0.5	0.585786437626905	1.0	1.0	0.44948974278317805	1.0	0.585786437626905	1.0
ml	1.0	0.585786437626905	1.0	1.0	1.0	1.0	1.0	1.0	1.0	1.0	1.0	1.0	0.585786437626905	0.585786437626905	1.0	1.0	1.0	1.0	1.0	1.0	1.0	0.585786437626905	1.0	1.0	1.0	1.0	0.5	1.0	0.585786437626905	1.0	1.0	1.0	1.0	1.0	0.585786437626905	1.0
mr	1.0	1.0	0.0	1.0	1.0	1.0	1.0	1.0	1.0	1.0	1.0	1.0	1.0	1.0	1.0	1.0	1.0	1.0	1.0	1.0	1.0	0.585786437626905	1.0	1.0	1.0	1.0	0.585786437626905	1.0	1.0	1.0	1.0	1.0	1.0	1.0	1.0	1.0
nl	1.0	0.3660254037844386	1.0	0.44948974278317805	0.3430703308172536	0.11784158671010125	0.5	0.10416771810708333	0.17529689292589715	0.15035075428247557	0.2661832955178855	0.36602540378443865	0.28989794855663564	0.28172904669025317	0.12523586533936376	0.13507810593582123	0.14535417555112065	0.585786437626905	0.585786437626905	0.585786437626905	0.585786437626905	1.0	0.17278011880841862	0.15285735328145023	0.38742588672279304	0.1575324921321875	0.2766967754673749	1.0	0.26533119314590375	0.2989350844248255	0.21551468935838852	1.0	0.2742918851774318	0.38742588672279304	0.5	0.15309887413431528
pl	1.0	0.44948974278317805	1.0	0.585786437626905	0.3597752501562547	0.2012628451930092	1.0	0.2056677898504543	0.2791745113185196	0.2674788903885893	0.3430703308172536	0.585786437626905	0.44948974278317805	0.3090169943749474	0.2012628451930092	0.28172904669025317	0.29429805508554946	1.0	1.0	1.0	1.0	0.17278011880841862	1.0	0.38742588672279304	0.585786437626905	0.29429805508554946	0.30216947925196225	1.0	0.44948974278317805	0.585786437626905	0.3660254037844386	1.0	0.5	0.585786437626905	0.585786437626905	0.4142135623730951
pt	1.0	0.44948974278317805	1.0	1.0	0.353889367864523	0.1987625491245426	1.0	0.21089672205953397	0.26968623182294527	0.22646721143623746	0.44948974278317805	1.0	0.44948974278317805	0.2989350844248255	0.16879264089884097	0.38742588672279304	0.44948974278317805	1.0	0.585786437626905	1.0	1.0	0.15285735328145023	0.38742588672279304	1.0	0.4142135623730951	0.3660254037844386	0.30216947925196225	1.0	0.39564392373896007	0.4142135623730951	0.28172904669025317	1.0	0.2708131845707603	0.585786437626905	0.585786437626905	0.5
ro	1.0	0.5	1.0	1.0	1.0	0.37218975135070936	1.0	0.44948974278317805	0.5	0.44948974278317805	0.585786437626905	1.0	0.5	0.5	0.5	0.5	0.5	1.0	1.0	1.0	1.0	0.38742588672279304	0.585786437626905	0.4142135623730951	1.0	0.585786437626905	0.30216947925196225	1.0	0.39564392373896007	0.5	0.5	1.0	0.5	1.0	0.585786437626905	0.5
ru	1.0	0.44948974278317805	1.0	1.0	0.353889367864523	0.17331935664757372	1.0	0.1876127897984334	0.2958163163244893	0.2708131845707603	1.0	1.0	0.5	0.3090169943749474	0.16952084719853724	1.0	1.0	1.0	1.0	1.0	1.0	0.1575324921321875	0.29429805508554946	0.3660254037844386	0.585786437626905	1.0	0.30216947925196225	1.0	0.5	0.5	0.32449979983983984	1.0	0.27792629762666365	1.0	0.585786437626905	1.0
sh	0.585786437626905	0.33773018484522777	1.0	0.30216947925196225	0.3333333333333333	0.30216947925196225	0.5	0.30216947925196225	0.3333333333333333	0.30216947925196225	0.5	0.30216947925196225	0.44948974278317805	0.28436465220442186	0.2928060946961875	0.30216947925196225	0.30216947925196225	0.5	0.5	0.5	0.585786437626905	0.2766967754673749	0.30216947925196225	0.30216947925196225	0.30216947925196225	0.30216947925196225	1.0	0.585786437626905	0.353889367864523	0.30216947925196225	0.30216947925196225	0.585786437626905	0.2928060946961875	0.30216947925196225	0.44948974278317805	0.30216947925196225
si	1.0	0.585786437626905	1.0	1.0	1.0	1.0	1.0	1.0	1.0	1.0	1.0	1.0	0.585786437626905	0.585786437626905	1.0	1.0	1.0	1.0	1.0	1.0	1.0	1.0	1.0	1.0	1.0	1.0	0.585786437626905	1.0	1.0	1.0	1.0	1.0	1.0	1.0	0.585786437626905	1.0
simple	1.0	0.3797958971132712	1.0	0.39564392373896007	0.44948974278317805	0.3380788308512194	0.5	0.353889367864523	0.4364916731037085	0.3726822671238253	0.585786437626905	0.5	0.44948974278317805	0.31934532730535314	0.5	0.39564392373896007	0.39564392373896007	0.5	0.5	0.585786437626905	1.0	0.26533119314590375	0.44948974278317805	0.39564392373896007	0.39564392373896007	0.5	0.353889367864523	1.0	1.0	0.44948974278317805	0.3726822671238253	1.0	0.35388936786452296	0.39564392373896007	0.585786437626905	0.39564392373896007
sr	1.0	0.5	1.0	1.0	0.3597752501562547	0.34833147735478825	1.0	0.4142135623730951	0.5	0.44948974278317805	0.5	0.585786437626905	0.44948974278317805	0.5	0.4142135623730951	0.5	0.5	0.585786437626905	0.585786437626905	1.0	1.0	0.2989350844248255	0.585786437626905	0.4142135623730951	0.5	0.5	0.30216947925196225	1.0	0.44948974278317805	1.0	0.44948974278317805	1.0	0.4142135623730951	0.585786437626905	0.585786437626905	0.5
sv	1.0	0.44948974278317805	1.0	1.0	0.3797958971132712	0.22772999919644132	0.5	0.22584440001865322	0.3660254037844386	0.22901628833426058	0.5	1.0	0.4142135623730951	0.31451985913875646	0.22646721143623746	0.4142135623730951	0.585786437626905	1.0	1.0	1.0	1.0	0.21551468935838852	0.3660254037844386	0.28172904669025317	0.5	0.32449979983983984	0.30216947925196225	1.0	0.3726822671238253	0.44948974278317805	1.0	1.0	0.28989794855663564	1.0	0.585786437626905	0.44948974278317805
te	1.0	1.0	0.0	1.0	1.0	1.0	1.0	1.0	1.0	1.0	1.0	1.0	1.0	1.0	1.0	1.0	1.0	1.0	1.0	1.0	1.0	1.0	1.0	1.0	1.0	1.0	0.585786437626905	1.0	1.0	1.0	1.0	1.0	1.0	1.0	1.0	1.0
tr	1.0	0.5	-1.0	0.585786437626905	1.0	0.27429188517743175	0.585786437626905	0.24913693443350773	0.3333333333333333	0.28133685361327354	0.585786437626905	0.5	0.44948974278317805	0.4142135623730951	0.252650308587072	0.27792629762666365	0.353889367864523	0.5	0.44948974278317805	1.0	1.0	0.2742918851774318	0.5	0.2708131845707603	0.5	0.27792629762666365	0.2928060946961875	1.0	0.35388936786452296	0.4142135623730951	0.28989794855663564	1.0	1.0	0.5	0.585786437626905	0.27792629762666365
vi	1.0	0.44948974278317805	1.0	1.0	1.0	0.39564392373896	1.0	0.5	1.0	0.585786437626905	1.0	1.0	0.5	0.3266316347104093	0.44948974278317805	1.0	1.0	1.0	1.0	1.0	1.0	0.38742588672279304	0.585786437626905	0.585786437626905	1.0	1.0	0.30216947925196225	1.0	0.39564392373896007	0.585786437626905	1.0	1.0	0.5	1.0	0.585786437626905	1.0
war	1.0	0.585786437626905	1.0	0.585786437626905	0.585786437626905	0.585786437626905	0.585786437626905	0.585786437626905	0.585786437626905	0.585786437626905	0.585786437626905	0.585786437626905	0.585786437626905	0.585786437626905	0.585786437626905	0.585786437626905	0.585786437626905	0.585786437626905	0.585786437626905	0.585786437626905	1.0	0.5	0.585786437626905	0.585786437626905	0.585786437626905	0.585786437626905	0.44948974278317805	0.585786437626905	0.585786437626905	0.585786437626905	0.585786437626905	1.0	0.585786437626905	0.585786437626905	1.0	0.585786437626905
zh	1.0	0.44948974278317805	1.0	1.0	0.3797958971132712	0.19292728076790167	1.0	0.28436465220442186	0.30216947925196225	0.28172904669025317	1.0	1.0	0.585786437626905	0.3090169943749474	0.19636040545626823	1.0	1.0	1.0	1.0	1.0	1.0	0.15309887413431528	0.4142135623730951	0.5	0.5	1.0	0.30216947925196225	1.0	0.39564392373896007	0.5	0.44948974278317805	1.0	0.27792629762666365	1.0	0.585786437626905	1.0
