arz	bs	ceb	ckb	da	de	el	en	es	fr	he	hi	hu	id	it	ja	ko	lv	mk	ml	mr	nl	pl	pt	ro	ru	sh	si	simple	sr	sv	te	vi	war	zh
arz	1.0	0.0	0.0	0.0	1.0	1.0	0.0	0.7690990303325336	1.0	1.0	1.0	0.0	1.0	1.0	1.0	1.0	1.0	0.0	1.0	0.0	0.0	1.0	1.0	0.5455381281950756	1.0	1.0	0.0	0.0	1.0	0.0	1.0	0.0	1.0	0.0	1.0
bs	0.0	1.0	0.0	1.0	1.0	1.0	1.0	0.6571702826516209	1.0	1.0	1.0	1.0	1.0	1.0	0.7863954451402115	1.0	1.0	1.0	1.0	1.0	0.0	1.0	1.0	0.8216064286890065	0.0	1.0	1.0	0.0	1.0	1.0	1.0	0.0	1.0	0.0	1.0
ceb	0.0	0.0	1.0	0.0	1.0	1.0	0.0	0.5020797777427737	1.0	1.0	1.0	0.0	0.0	1.0	1.0	1.0	1.0	1.0	1.0	1.0	0.0	1.0	1.0	1.0	1.0	1.0	0.0	0.0	1.0	1.0	1.0	0.0	1.0	0.0	1.0
ckb	0.0	1.0	0.0	1.0	1.0	1.0	1.0	0.41360553468474	1.0	1.0	1.0	1.0	1.0	1.0	1.0	1.0	1.0	1.0	1.0	1.0	0.0	1.0	1.0	1.0	0.0	1.0	0.0	0.0	1.0	1.0	0.7863954451402115	0.0	1.0	0.0	1.0
da	1.0	1.0	1.0	1.0	1.0	0.28821267152796953	1.0	0.19018011861878928	0.5497429308601349	0.42341642117227996	0.7376607345031153	0.7690990303325336	1.0	0.3979663607806402	0.2652725071114212	0.5945264701686552	0.728099120889861	1.0	0.658925744020971	1.0	0.0	0.27094132257437487	0.4546317327957484	0.31295402168630565	1.0	0.5582681216144211	1.0	0.0	0.6524007805500078	1.0	0.37742993997011953	0.0	1.0	1.0	0.6193113617177751
de	1.0	1.0	1.0	1.0	0.28821267152796953	1.0	0.5958243804128454	0.09709189755992378	0.1735252370987807	0.10698825560461113	0.5751238670581347	1.0	0.2922122710692013	0.24309777530435134	0.1865578665952716	0.24275352794839583	0.40368750197958436	1.0	0.4941082709760521	1.0	0.0	0.11077084880266755	0.1567686450300439	0.15969239209321054	0.5973524767815628	0.12685628086136133	0.2380257481897646	0.0	0.465883071040928	0.3214692143674877	0.1876922621704346	0.0	0.6084370696808219	1.0	0.31471532886708964
el	0.0	1.0	0.0	1.0	1.0	0.5958243804128454	1.0	0.15680656831564996	0.6313914578726699	0.37268490415906486	1.0	1.0	0.5912384651224017	0.5182351013181499	0.3233226638696273	1.0	1.0	1.0	1.0	1.0	0.0	0.48761775658433637	0.4413165891778544	0.3476738239864232	0.7510341748895938	1.0	1.0	0.0	0.7455134344225701	1.0	0.4814261719184016	0.0	1.0	1.0	1.0
en	0.7690990303325336	0.6571702826516209	0.5020797777427737	0.41360553468474	0.19018011861878928	0.09709189755992378	0.15680656831564996	1.0	0.13044632038843565	0.09663962275192559	0.18705595352271295	0.37023076771167296	0.19946712267017572	0.15286937997951983	0.15130250350189892	0.1678009286164644	0.20756701460780946	0.6579574172457174	0.16284255019703048	0.33598344088168747	1.0	0.104166090757612	0.1170010968376044	0.11601162907606405	0.3630957500530575	0.15329159023589303	0.19437269330120382	1.0	0.2333601813549841	0.2346709984657032	0.12475738633496801	0.0	0.3140348094207018	1.0	0.16245745277428042
es	1.0	1.0	1.0	1.0	0.5497429308601349	0.1735252370987807	0.6313914578726699	0.13044632038843565	1.0	0.12140314590492554	1.0	1.0	0.4021250981882313	0.30900760822431006	0.24641278315970613	0.2744970336481067	0.5166318764782584	1.0	0.6406217872018793	1.0	0.0	0.14770455351778086	0.19186905069106638	0.1928678945682582	0.6568318202362041	0.27411376973096246	0.3017466556129133	0.0	0.5561180222155424	0.7234532828151787	0.20132209677164747	0.0	0.7147973711694583	1.0	0.4067973384953704
fr	1.0	1.0	1.0	1.0	0.42341642117227996	0.10698825560461113	0.37268490415906486	0.09663962275192559	0.12140314590492554	1.0	0.5226400527951337	0.6740515375688696	0.277348626666727	0.19464178450974823	0.1335402211155789	0.16095569330553125	0.2450497615073812	1.0	0.3682160124178804	1.0	0.0	0.11096370635212063	0.1264548194361217	0.1279571961572514	0.4378174934559248	0.11686887148406466	0.3108389325783097	1.0	0.3971819895535032	0.5199637753162771	0.2108000154737225	1.0	0.4832409288978801	1.0	0.2040974451274653
he	1.0	1.0	1.0	1.0	0.7376607345031153	0.5751238670581347	1.0	0.18705595352271295	1.0	0.5226400527951337	1.0	1.0	1.0	0.4452719258375644	0.2673787246212678	1.0	1.0	1.0	1.0	1.0	0.0	0.6501445840862393	0.49637204974114607	0.2688016264151591	1.0	1.0	1.0	0.0	0.6395657813917609	1.0	0.5461801650210423	0.0	1.0	1.0	1.0
hi	0.0	1.0	0.0	1.0	0.7690990303325336	1.0	1.0	0.37023076771167296	1.0	0.6740515375688696	1.0	1.0	1.0	0.7584325078215765	0.5698855578646026	1.0	1.0	1.0	1.0	1.0	1.0	1.0	0.7376607345031153	0.7347168825662656	1.0	1.0	1.0	0.0	1.0	1.0	0.6841174893561723	1.0	1.0	1.0	1.0
hu	1.0	1.0	0.0	1.0	1.0	0.2922122710692013	0.5912384651224017	0.19946712267017572	0.4021250981882313	0.277348626666727	1.0	1.0	1.0	0.6562661056221565	0.26363881510894266	0.5155151346618042	0.6254303192325079	1.0	0.6254303192325079	1.0	0.0	0.3001989415386179	0.45642950863985204	0.4065050989339712	1.0	0.3554042602732793	0.6841174893561722	0.0	0.7887593393029094	1.0	0.5049323979909546	0.0	0.7411828468492556	1.0	0.4956382562751718
id	1.0	1.0	1.0	1.0	0.3979663607806402	0.24309777530435134	0.5182351013181499	0.15286937997951983	0.30900760822431006	0.19464178450974823	0.4452719258375644	0.7584325078215765	0.6562661056221565	1.0	0.2707636855164209	0.2816078585259269	0.3335982483101142	1.0	0.6102153148733277	1.0	0.0	0.25905322087853055	0.2912545250317408	0.22520399820557102	0.6380732827477678	0.24765134255476368	0.4744945062340446	1.0	0.49072149063402654	0.6713981115618337	0.3665380441692979	0.0	0.423915692883715	1.0	0.26410992506353365
it	1.0	0.7863954451402115	1.0	1.0	0.2652725071114212	0.1865578665952716	0.3233226638696273	0.15130250350189892	0.24641278315970613	0.1335402211155789	0.2673787246212678	0.5698855578646026	0.26363881510894266	0.2707636855164209	1.0	0.28204248585641467	0.3186510711115535	0.42558497988459026	0.21529743748793653	0.7584325078215763	0.0	0.17232618813561099	0.16593877337614105	0.1642715710737623	0.4126359366256444	0.2664786227056111	0.257738972229341	1.0	0.2076971363743917	0.4340253998739247	0.18656090557744323	0.0	0.5104353838126707	1.0	0.30269956145242377
ja	1.0	1.0	1.0	1.0	0.5945264701686552	0.24275352794839583	1.0	0.1678009286164644	0.2744970336481067	0.16095569330553125	1.0	1.0	0.5155151346618042	0.2816078585259269	0.28204248585641467	1.0	1.0	1.0	1.0	1.0	0.0	0.20315505539563877	0.2209136463129508	0.20592200335190014	1.0	1.0	0.2990424417225737	0.0	0.5515150937032818	1.0	0.25320552636294	1.0	1.0	1.0	0.6970944785904615
ko	1.0	1.0	1.0	1.0	0.728099120889861	0.40368750197958436	1.0	0.20756701460780946	0.5166318764782584	0.2450497615073812	1.0	1.0	0.6254303192325079	0.3335982483101142	0.3186510711115535	1.0	1.0	1.0	1.0	1.0	0.0	0.25775265058354635	0.31217617358361294	0.3334087217578227	1.0	1.0	0.40537003198728544	0.0	0.692868951878042	1.0	0.401880434131552	0.0	1.0	1.0	1.0
lv	0.0	1.0	1.0	1.0	1.0	1.0	1.0	0.6579574172457174	1.0	1.0	1.0	1.0	1.0	1.0	0.42558497988459026	1.0	1.0	1.0	1.0	1.0	0.0	0.6841174893561723	0.6248466930879271	0.6128508099341461	1.0	1.0	1.0	0.0	1.0	1.0	0.7376607345031153	0.0	1.0	1.0	1.0
mk	1.0	1.0	1.0	1.0	0.658925744020971	0.4941082709760521	1.0	0.16284255019703048	0.6406217872018793	0.3682160124178804	1.0	1.0	0.6254303192325079	0.6102153148733277	0.21529743748793653	1.0	1.0	1.0	1.0	1.0	0.0	0.4762361038972516	0.591349353371869	0.4300859598445849	1.0	1.0	0.7300208629885035	0.0	0.7510341748895938	1.0	0.43459860362965325	0.0	1.0	1.0	1.0
ml	0.0	1.0	1.0	1.0	1.0	1.0	1.0	0.33598344088168747	1.0	1.0	1.0	1.0	1.0	1.0	0.7584325078215763	1.0	1.0	1.0	1.0	1.0	0.0	0.7584325078215763	0.5771429048722339	1.0	1.0	1.0	1.0	0.0	1.0	1.0	0.7502477598910112	0.0	1.0	1.0	1.0
mr	0.0	0.0	0.0	0.0	0.0	0.0	0.0	1.0	0.0	0.0	0.0	1.0	0.0	0.0	0.0	0.0	0.0	0.0	0.0	0.0	1.0	0.0	0.0	0.0	0.0	0.0	0.0	0.0	0.0	0.0	0.0	0.0	0.0	0.0	0.0
nl	1.0	1.0	1.0	1.0	0.27094132257437487	0.11077084880266755	0.48761775658433637	0.104166090757612	0.14770455351778086	0.11096370635212063	0.6501445840862393	1.0	0.3001989415386179	0.25905322087853055	0.17232618813561099	0.20315505539563877	0.25775265058354635	0.6841174893561723	0.4762361038972516	0.7584325078215763	0.0	1.0	0.15541762826473604	0.19644698105285432	0.5017861720558736	0.16007818365981172	0.2611351660481487	0.0	0.3742050717209531	0.6589257440209708	0.21599251037366518	0.0	0.5788148614446593	1.0	0.20736630110103965
pl	1.0	1.0	1.0	1.0	0.4546317327957484	0.1567686450300439	0.4413165891778544	0.1170010968376044	0.19186905069106638	0.1264548194361217	0.49637204974114607	0.7376607345031153	0.45642950863985204	0.2912545250317408	0.16593877337614105	0.2209136463129508	0.31217617358361294	0.6248466930879271	0.591349353371869	0.5771429048722339	0.0	0.15541762826473604	1.0	0.16099019910847642	0.6194349000369027	0.14168673320498987	0.2934936228786781	0.0	0.4485136906521622	0.3844266976198335	0.24398946565835178	1.0	0.5473998284969692	1.0	0.27787711226980605
pt	0.5455381281950756	0.8216064286890065	1.0	1.0	0.31295402168630565	0.15969239209321054	0.3476738239864232	0.11601162907606405	0.1928678945682582	0.1279571961572514	0.2688016264151591	0.7347168825662656	0.4065050989339712	0.22520399820557102	0.1642715710737623	0.20592200335190014	0.3334087217578227	0.6128508099341461	0.4300859598445849	1.0	0.0	0.19644698105285432	0.16099019910847642	1.0	0.5232167766182579	0.18003888177732177	0.35415721727610844	0.0	0.48693081794021625	0.5062033044829208	0.17835474128827725	0.0	0.5254124593809597	1.0	0.23662732371422832
ro	1.0	0.0	1.0	0.0	1.0	0.5973524767815628	0.7510341748895938	0.3630957500530575	0.6568318202362041	0.4378174934559248	1.0	1.0	1.0	0.6380732827477678	0.4126359366256444	1.0	1.0	1.0	1.0	1.0	0.0	0.5017861720558736	0.6194349000369027	0.5232167766182579	1.0	0.5607273711510525	0.7510341748895939	0.0	1.0	1.0	0.38266884520461686	0.0	1.0	1.0	1.0
ru	1.0	1.0	1.0	1.0	0.5582681216144211	0.12685628086136133	1.0	0.15329159023589303	0.27411376973096246	0.11686887148406466	1.0	1.0	0.3554042602732793	0.24765134255476368	0.2664786227056111	1.0	1.0	1.0	1.0	1.0	0.0	0.16007818365981172	0.14168673320498987	0.18003888177732177	0.5607273711510525	1.0	0.2866461178625271	1.0	0.5373617747489023	1.0	0.20534187515553415	1.0	1.0	1.0	1.0
sh	0.0	1.0	0.0	0.0	1.0	0.2380257481897646	1.0	0.19437269330120382	0.3017466556129133	0.3108389325783097	1.0	1.0	0.6841174893561722	0.4744945062340446	0.257738972229341	0.2990424417225737	0.40537003198728544	1.0	0.7300208629885035	1.0	0.0	0.2611351660481487	0.2934936228786781	0.35415721727610844	0.7510341748895939	0.2866461178625271	1.0	0.0	0.36974730920595134	0.5387938515017464	0.4793958077629635	0.0	1.0	1.0	0.5434255848661727
si	0.0	0.0	0.0	0.0	0.0	0.0	0.0	1.0	0.0	1.0	0.0	0.0	0.0	1.0	1.0	0.0	0.0	0.0	0.0	0.0	0.0	0.0	0.0	0.0	0.0	1.0	0.0	1.0	0.0	0.0	1.0	0.0	0.0	0.0	0.0
simple	1.0	1.0	1.0	1.0	0.6524007805500078	0.465883071040928	0.7455134344225701	0.2333601813549841	0.5561180222155424	0.3971819895535032	0.6395657813917609	1.0	0.7887593393029094	0.49072149063402654	0.2076971363743917	0.5515150937032818	0.692868951878042	1.0	0.7510341748895938	1.0	0.0	0.3742050717209531	0.4485136906521622	0.48693081794021625	1.0	0.5373617747489023	0.36974730920595134	0.0	1.0	1.0	0.49341333649633623	0.0	0.6110569957520271	0.0	0.6459202550797714
sr	0.0	1.0	1.0	1.0	1.0	0.3214692143674877	1.0	0.2346709984657032	0.7234532828151787	0.5199637753162771	1.0	1.0	1.0	0.6713981115618337	0.4340253998739247	1.0	1.0	1.0	1.0	1.0	0.0	0.6589257440209708	0.3844266976198335	0.5062033044829208	1.0	1.0	0.5387938515017464	0.0	1.0	1.0	0.35605684655605274	0.0	1.0	1.0	1.0
sv	1.0	1.0	1.0	0.7863954451402115	0.37742993997011953	0.1876922621704346	0.4814261719184016	0.12475738633496801	0.20132209677164747	0.2108000154737225	0.5461801650210423	0.6841174893561723	0.5049323979909546	0.3665380441692979	0.18656090557744323	0.25320552636294	0.401880434131552	0.7376607345031153	0.43459860362965325	0.7502477598910112	0.0	0.21599251037366518	0.24398946565835178	0.17835474128827725	0.38266884520461686	0.20534187515553415	0.4793958077629635	1.0	0.49341333649633623	0.35605684655605274	1.0	0.0	0.3865966302102591	1.0	0.327989029408287
te	0.0	0.0	0.0	0.0	0.0	0.0	0.0	0.0	0.0	1.0	0.0	1.0	0.0	0.0	0.0	1.0	0.0	0.0	0.0	0.0	0.0	0.0	1.0	0.0	0.0	1.0	0.0	0.0	0.0	0.0	0.0	1.0	0.0	0.0	0.0
vi	1.0	1.0	1.0	1.0	1.0	0.6084370696808219	1.0	0.3140348094207018	0.7147973711694583	0.4832409288978801	1.0	1.0	0.7411828468492556	0.423915692883715	0.5104353838126707	1.0	1.0	1.0	1.0	1.0	0.0	0.5788148614446593	0.5473998284969692	0.5254124593809597	1.0	1.0	1.0	0.0	0.6110569957520271	1.0	0.3865966302102591	0.0	1.0	1.0	1.0
war	0.0	0.0	0.0	0.0	1.0	1.0	1.0	1.0	1.0	1.0	1.0	1.0	1.0	1.0	1.0	1.0	1.0	1.0	1.0	1.0	0.0	1.0	1.0	1.0	1.0	1.0	1.0	0.0	0.0	1.0	1.0	0.0	1.0	1.0	1.0
zh	1.0	1.0	1.0	1.0	0.6193113617177751	0.31471532886708964	1.0	0.16245745277428042	0.4067973384953704	0.2040974451274653	1.0	1.0	0.4956382562751718	0.26410992506353365	0.30269956145242377	0.6970944785904615	1.0	1.0	1.0	1.0	0.0	0.20736630110103965	0.27787711226980605	0.23662732371422832	1.0	1.0	0.5434255848661727	0.0	0.6459202550797714	1.0	0.327989029408287	0.0	1.0	1.0	1.0
