arz	bs	ceb	ckb	da	de	el	en	es	fr	he	hi	hu	id	it	ja	ko	lv	mk	ml	mr	nl	pl	pt	ro	ru	sh	si	simple	sr	sv	te	tr	vi	war	zh
arz	1.0	1.0	0.14342762372277806	1.0	1.0	1.0	1.0	1.0	1.0	1.0	1.0	1.0	1.0	1.0	1.0	1.0	1.0	1.0	1.0	1.0	1.0	1.0	1.0	1.0	1.0	1.0	1.0	1.0	1.0	1.0	1.0	0.0	1.0	1.0	1.0	1.0
bs	1.0	1.0	0.10036130035817116	1.0	1.0	1.0	1.0	1.0	1.0	1.0	1.0	1.0	1.0	1.0	1.0	1.0	1.0	1.0	1.0	1.0	1.0	1.0	1.0	1.0	1.0	1.0	0.585786437626905	0.039005561038795114	1.0	1.0	1.0	0.0	0.10840466767271979	1.0	0.010429029656187997	1.0
ceb	0.14342762372277806	0.10036130035817116	1.0	0.01077706815785679	0.09127837397295054	0.07810504866532536	0.010164595680134897	0.059313507676080304	0.06357932120401573	0.06082299687808565	0.010593556763725632	0.011065160318547356	0.04151792611354347	0.0774485886755575	0.10538682700152018	0.010164595680134897	0.010164595680134895	0.0526193985590441	0.01077706815785679	0.01077706815785679	0.01077706815785679	0.10262317748494576	0.08619980470379295	0.06193523279857918	0.09012857202405641	0.010164595680134895	0.0607356243379147	0.04064900619138829	0.10110889708495623	0.010593556763725632	0.06797715993300175	0.013587075186084338	-1.0	0.06741575731803057	0.010780757533404128	0.05389194258167978
ckb	1.0	1.0	0.01077706815785679	1.0	1.0	1.0	1.0	0.39564392373896007	1.0	1.0	1.0	0.0	1.0	1.0	0.585786437626905	1.0	1.0	1.0	1.0	0.0	1.0	1.0	1.0	1.0	1.0	1.0	1.0	1.0	1.0	1.0	1.0	0.0	1.0	1.0	0.2843646522044218	1.0
da	1.0	1.0	0.09127837397295054	1.0	1.0	0.26533119314590375	0.39564392373896007	0.19946054058539808	0.2958163163244893	0.27195617308673004	0.5	1.0	0.44948974278317805	0.3797958971132712	0.2928060946961875	0.353889367864523	0.5	0.585786437626905	0.44948974278317805	1.0	1.0	0.18714053924271526	0.3430703308172536	0.39564392373896007	0.4142135623730951	0.2958163163244893	0.44948974278317805	0.03910889759152739	0.44948974278317805	0.585786437626905	0.35388936786452296	0.0	0.2553693564432008	0.585786437626905	0.010491614252278703	0.353889367864523
de	1.0	1.0	0.07810504866532536	1.0	0.26533119314590375	1.0	0.4142135623730951	0.030223737281519857	0.12931586373476808	0.0990807450992866	0.5	0.44948974278317805	0.28708594921778513	0.18400240527946554	0.0963903488039136	0.19219040425836986	0.38742588672279304	0.585786437626905	0.21331887166009167	0.5	1.0	0.07857778819844585	0.20658711810431302	0.22901628833426058	0.3660254037844386	0.11200403626338666	0.4142135623730951	0.03984535841731528	0.29861489767424576	0.5	0.18560583186338148	0.0	0.16449072740645634	1.0	0.010608907309333861	0.16502618927924417
el	1.0	1.0	0.010164595680134897	1.0	0.39564392373896007	0.4142135623730951	1.0	0.13254305909220607	1.0	0.36602540378443865	1.0	1.0	0.4364916731037085	0.585786437626905	0.27429188517743175	1.0	1.0	1.0	1.0	1.0	1.0	0.26427884169111276	1.0	1.0	0.5	1.0	0.4142135623730951	1.0	0.44948974278317805	1.0	0.3430703308172536	0.0	0.585786437626905	1.0	0.2843646522044218	1.0
en	1.0	1.0	0.059313507676080304	0.39564392373896007	0.19946054058539808	0.030223737281519857	0.13254305909220607	1.0	0.03634396400992386	0.028175624236796704	0.27429188517743175	0.25824569976124334	0.09927174627239489	0.05300989359172994	0.03317199660913554	0.027817823142939457	0.05494856570554597	0.3483314773547883	0.03945106548927433	0.585786437626905	0.585786437626905	0.06094316569255192	0.043877009554398445	0.041416109754173286	0.19404996501286384	0.023452371957231603	0.10292116539233165	0.04123330457466408	0.16128447243158348	0.2857142857142857	0.06639342541779937	1.0	0.13557474496739003	0.14049108317932438	0.011087407498145602	0.03080159186057333
es	1.0	1.0	0.06357932120401573	1.0	0.2958163163244893	0.12931586373476808	1.0	0.03634396400992386	1.0	0.2043134457775982	1.0	1.0	0.3726822671238253	0.3288130902060995	0.14201473202245876	0.4142135623730951	0.585786437626905	1.0	1.0	1.0	1.0	0.07204106297339621	0.44948974278317805	0.585786437626905	0.5	0.4142135623730951	0.2240092377397959	0.04086070761565637	0.34833147735478825	0.5	0.2449655295864104	0.0	0.16413682272157978	0.585786437626905	0.010925351337211819	0.5
fr	1.0	1.0	0.06082299687808565	1.0	0.27195617308673004	0.0990807450992866	0.36602540378443865	0.028175624236796704	0.2043134457775982	1.0	0.585786437626905	0.5	0.2402530733520421	0.2240092377397959	0.058706315288242376	0.11326927733478917	0.3333333333333333	0.5	0.14257458343761814	0.585786437626905	1.0	0.05281382329117079	0.19382373427098679	0.1725377965142145	0.38742588672279304	0.08230123612798773	0.1948102957023263	0.041039711726781364	0.3333333333333333	1.0	0.1856154626682773	0.0	0.12974753855324497	1.0	0.01101429134947259	0.17192062304130262
he	1.0	1.0	0.010593556763725632	1.0	0.5	0.5	1.0	0.27429188517743175	1.0	0.585786437626905	1.0	1.0	1.0	0.585786437626905	0.585786437626905	1.0	1.0	1.0	1.0	1.0	1.0	0.585786437626905	1.0	1.0	0.585786437626905	1.0	1.0	1.0	0.5	1.0	0.585786437626905	0.0	0.44948974278317805	1.0	0.2843646522044218	1.0
hi	1.0	1.0	0.011065160318547356	0.0	1.0	0.44948974278317805	1.0	0.25824569976124334	1.0	0.5	1.0	1.0	1.0	0.585786437626905	1.0	1.0	1.0	1.0	1.0	1.0	1.0	1.0	0.585786437626905	1.0	1.0	1.0	1.0	1.0	1.0	1.0	1.0	1.0	0.44948974278317805	1.0	0.2843646522044218	1.0
hu	1.0	1.0	0.04151792611354347	1.0	0.44948974278317805	0.28708594921778513	0.4364916731037085	0.09927174627239489	0.3726822671238253	0.2402530733520421	1.0	1.0	1.0	0.44948974278317805	0.3078040733867505	0.3333333333333333	1.0	1.0	0.39564392373896007	1.0	1.0	0.2474401533514073	0.585786437626905	0.39564392373896	0.5	0.3333333333333333	0.585786437626905	0.041488559557570796	0.4142135623730951	0.585786437626905	0.38742588672279304	0.0	0.44948974278317805	1.0	0.012663180061055691	0.36602540378443865
id	1.0	1.0	0.0774485886755575	1.0	0.3797958971132712	0.18400240527946554	0.585786437626905	0.05300989359172994	0.3288130902060995	0.2240092377397959	0.585786437626905	0.585786437626905	0.44948974278317805	1.0	0.2113939262657986	0.3090169943749474	0.5	1.0	0.38742588672279304	1.0	1.0	0.2204812092115424	0.3164309725825327	0.44948974278317805	0.44948974278317805	0.27429188517743175	0.4142135623730951	0.03984535841731528	0.3380788308512194	0.585786437626905	0.5	1.0	0.1609744684218075	0.585786437626905	0.010613001452944625	0.2958163163244893
it	1.0	1.0	0.10538682700152018	0.585786437626905	0.2928060946961875	0.0963903488039136	0.27429188517743175	0.03317199660913554	0.14201473202245876	0.058706315288242376	0.585786437626905	1.0	0.3078040733867505	0.2113939262657986	1.0	0.11636218529287666	0.30216947925196225	0.585786437626905	0.17507960357339145	1.0	1.0	0.07107565726850623	0.1975496259559987	0.12910941082283192	0.34833147735478825	0.0597434253759751	0.1876127897984334	0.038882646210846805	0.3660254037844386	0.5	0.20894541729001367	0.0	0.15777124204064802	0.44948974278317805	0.010382882372244802	0.08674726371686652
ja	1.0	1.0	0.010164595680134897	1.0	0.353889367864523	0.19219040425836986	1.0	0.027817823142939457	0.4142135623730951	0.11326927733478917	1.0	1.0	0.3333333333333333	0.3090169943749474	0.11636218529287666	1.0	1.0	1.0	1.0	1.0	1.0	0.062409057469340744	0.5	1.0	0.5	1.0	0.22584440001865322	1.0	0.38742588672279304	1.0	0.2402530733520421	1.0	0.2187841884486319	1.0	0.2843646522044218	1.0
ko	1.0	1.0	0.010164595680134895	1.0	0.5	0.38742588672279304	1.0	0.05494856570554597	0.585786437626905	0.3333333333333333	1.0	1.0	1.0	0.5	0.30216947925196225	1.0	1.0	1.0	1.0	1.0	1.0	0.1469205365318915	0.44948974278317805	1.0	0.585786437626905	1.0	0.585786437626905	1.0	0.5	1.0	1.0	0.0	0.3090169943749474	1.0	0.2843646522044218	1.0
lv	1.0	1.0	0.0526193985590441	1.0	0.585786437626905	0.585786437626905	1.0	0.3483314773547883	1.0	0.5	1.0	1.0	1.0	1.0	0.585786437626905	1.0	1.0	1.0	1.0	1.0	1.0	0.4364916731037085	1.0	1.0	0.585786437626905	1.0	0.585786437626905	0.04309675469750918	0.585786437626905	1.0	1.0	0.0	0.2426689561075185	1.0	0.011596088413992822	1.0
mk	1.0	1.0	0.01077706815785679	1.0	0.44948974278317805	0.21331887166009167	1.0	0.03945106548927433	1.0	0.14257458343761814	1.0	1.0	0.39564392373896007	0.38742588672279304	0.17507960357339145	1.0	1.0	1.0	1.0	1.0	1.0	0.11212857630359255	0.5	1.0	0.585786437626905	1.0	0.28436465220442186	1.0	0.5	1.0	0.36602540378443865	0.0	0.5	1.0	0.2843646522044218	1.0
ml	1.0	1.0	0.01077706815785679	0.0	1.0	0.5	1.0	0.585786437626905	1.0	0.585786437626905	1.0	1.0	1.0	1.0	1.0	1.0	1.0	1.0	1.0	1.0	0.0	1.0	1.0	1.0	1.0	1.0	1.0	1.0	1.0	1.0	1.0	0.0	0.585786437626905	1.0	0.2843646522044218	1.0
mr	1.0	1.0	0.01077706815785679	1.0	1.0	1.0	1.0	0.585786437626905	1.0	1.0	1.0	1.0	1.0	1.0	1.0	1.0	1.0	1.0	1.0	0.0	1.0	1.0	1.0	1.0	1.0	1.0	1.0	1.0	1.0	1.0	1.0	1.0	1.0	0.0	0.2843646522044218	1.0
nl	1.0	1.0	0.10262317748494576	1.0	0.18714053924271526	0.07857778819844585	0.26427884169111276	0.06094316569255192	0.07204106297339621	0.05281382329117079	0.585786437626905	1.0	0.2474401533514073	0.2204812092115424	0.07107565726850623	0.062409057469340744	0.1469205365318915	0.4364916731037085	0.11212857630359255	1.0	1.0	1.0	0.14118784806383944	0.11242086176442405	0.38742588672279304	0.05242990605877457	0.22105656221702155	0.03886227467587237	0.2063099139372659	0.3266316347104093	0.12572401269226846	0.0	0.06626725647816337	0.3797958971132712	0.010404661989804904	0.11078195304396529
pl	1.0	1.0	0.08619980470379295	1.0	0.3430703308172536	0.20658711810431302	1.0	0.043877009554398445	0.44948974278317805	0.19382373427098679	1.0	0.585786437626905	0.585786437626905	0.3164309725825327	0.1975496259559987	0.5	0.44948974278317805	1.0	0.5	1.0	1.0	0.14118784806383944	1.0	0.585786437626905	0.5	0.44948974278317805	0.32449979983983984	0.0392970202196847	0.44948974278317805	1.0	0.4142135623730951	0.0	0.17312715134170162	1.0	0.0105082545379437	0.44948974278317805
pt	1.0	1.0	0.06193523279857918	1.0	0.39564392373896007	0.22901628833426058	1.0	0.041416109754173286	0.585786437626905	0.1725377965142145	1.0	1.0	0.39564392373896	0.44948974278317805	0.12910941082283192	1.0	1.0	1.0	1.0	1.0	1.0	0.11242086176442405	0.585786437626905	1.0	0.5	1.0	0.25355482027512377	0.03865532021197049	0.4142135623730951	1.0	0.32449979983983984	0.0	0.16922835859105764	1.0	0.011618901107381136	1.0
ro	1.0	1.0	0.09012857202405641	1.0	0.4142135623730951	0.3660254037844386	0.5	0.19404996501286384	0.5	0.38742588672279304	0.585786437626905	1.0	0.5	0.44948974278317805	0.34833147735478825	0.5	0.585786437626905	0.585786437626905	0.585786437626905	1.0	1.0	0.38742588672279304	0.5	0.5	1.0	0.5	0.585786437626905	0.039339200240520414	0.38742588672279304	1.0	0.3660254037844386	0.0	0.4142135623730951	0.585786437626905	0.010489930758913149	0.5
ru	1.0	1.0	0.010164595680134895	1.0	0.2958163163244893	0.11200403626338666	1.0	0.023452371957231603	0.4142135623730951	0.08230123612798773	1.0	1.0	0.3333333333333333	0.27429188517743175	0.0597434253759751	1.0	1.0	1.0	1.0	1.0	1.0	0.05242990605877457	0.44948974278317805	1.0	0.5	1.0	0.23800671553691075	1.0	0.38742588672279304	1.0	0.23371479611805132	1.0	0.17706699104120874	1.0	0.2843646522044218	1.0
sh	1.0	0.585786437626905	0.0607356243379147	1.0	0.44948974278317805	0.4142135623730951	0.4142135623730951	0.10292116539233165	0.2240092377397959	0.1948102957023263	1.0	1.0	0.585786437626905	0.4142135623730951	0.1876127897984334	0.22584440001865322	0.585786437626905	0.585786437626905	0.28436465220442186	1.0	1.0	0.22105656221702155	0.32449979983983984	0.25355482027512377	0.585786437626905	0.23800671553691075	1.0	0.04241903597175764	0.5	0.5	0.30216947925196225	0.0	0.3090169943749474	0.585786437626905	0.01170634999191043	0.22584440001865322
si	1.0	0.039005561038795114	0.04064900619138829	1.0	0.03910889759152739	0.03984535841731528	1.0	0.04123330457466408	0.04086070761565637	0.041039711726781364	1.0	1.0	0.041488559557570796	0.03984535841731528	0.038882646210846805	1.0	1.0	0.04309675469750918	1.0	1.0	1.0	0.03886227467587237	0.0392970202196847	0.03865532021197049	0.039339200240520414	1.0	0.04241903597175764	1.0	0.03892348687663248	1.0	0.04025806591289946	1.0	1.0	0.04030346607699879	0.585786437626905	0.0435369668645362
simple	1.0	1.0	0.10110889708495623	1.0	0.44948974278317805	0.29861489767424576	0.44948974278317805	0.16128447243158348	0.34833147735478825	0.3333333333333333	0.5	1.0	0.4142135623730951	0.3380788308512194	0.3660254037844386	0.38742588672279304	0.5	0.585786437626905	0.5	1.0	1.0	0.2063099139372659	0.44948974278317805	0.4142135623730951	0.38742588672279304	0.38742588672279304	0.5	0.03892348687663248	1.0	1.0	0.4142135623730951	0.0	0.20168959288722538	0.585786437626905	0.010399354373837738	0.38742588672279304
sr	1.0	1.0	0.010593556763725632	1.0	0.585786437626905	0.5	1.0	0.2857142857142857	0.5	1.0	1.0	1.0	0.585786437626905	0.585786437626905	0.5	1.0	1.0	1.0	1.0	1.0	1.0	0.3266316347104093	1.0	1.0	1.0	1.0	0.5	1.0	1.0	1.0	0.585786437626905	0.0	0.30216947925196225	1.0	0.2843646522044218	1.0
sv	1.0	1.0	0.06797715993300175	1.0	0.35388936786452296	0.18560583186338148	0.3430703308172536	0.06639342541779937	0.2449655295864104	0.1856154626682773	0.585786437626905	1.0	0.38742588672279304	0.5	0.20894541729001367	0.2402530733520421	1.0	1.0	0.36602540378443865	1.0	1.0	0.12572401269226846	0.4142135623730951	0.32449979983983984	0.3660254037844386	0.23371479611805132	0.30216947925196225	0.04025806591289946	0.4142135623730951	0.585786437626905	1.0	1.0	0.30528189970704067	1.0	0.010812813943587721	0.2402530733520421
te	0.0	0.0	0.013587075186084338	0.0	0.0	0.0	0.0	1.0	0.0	0.0	0.0	1.0	0.0	1.0	0.0	1.0	0.0	0.0	0.0	0.0	1.0	0.0	0.0	0.0	0.0	1.0	0.0	1.0	0.0	0.0	1.0	1.0	0.585786437626905	0.0	0.3660254037844386	0.0
tr	1.0	0.10840466767271979	-1.0	1.0	0.2553693564432008	0.16449072740645634	0.585786437626905	0.13557474496739003	0.16413682272157978	0.12974753855324497	0.44948974278317805	0.44948974278317805	0.44948974278317805	0.1609744684218075	0.15777124204064802	0.2187841884486319	0.3090169943749474	0.2426689561075185	0.5	0.585786437626905	1.0	0.06626725647816337	0.17312715134170162	0.16922835859105764	0.4142135623730951	0.17706699104120874	0.3090169943749474	1.0	0.20168959288722538	0.30216947925196225	0.30528189970704067	0.585786437626905	1.0	0.2857142857142857	1.0	0.2097188436578299
vi	1.0	1.0	0.06741575731803057	1.0	0.585786437626905	1.0	1.0	0.14049108317932438	0.585786437626905	1.0	1.0	1.0	1.0	0.585786437626905	0.44948974278317805	1.0	1.0	1.0	1.0	1.0	0.0	0.3797958971132712	1.0	1.0	0.585786437626905	1.0	0.585786437626905	0.04030346607699879	0.585786437626905	1.0	1.0	0.0	0.2857142857142857	1.0	0.010825152757937618	1.0
war	1.0	0.010429029656187997	0.010780757533404128	0.2843646522044218	0.010491614252278703	0.010608907309333861	0.2843646522044218	0.011087407498145602	0.010925351337211819	0.01101429134947259	0.2843646522044218	0.2843646522044218	0.012663180061055691	0.010613001452944625	0.010382882372244802	0.2843646522044218	0.2843646522044218	0.011596088413992822	0.2843646522044218	0.2843646522044218	0.2843646522044218	0.010404661989804904	0.0105082545379437	0.011618901107381136	0.010489930758913149	0.2843646522044218	0.01170634999191043	0.585786437626905	0.010399354373837738	0.2843646522044218	0.010812813943587721	0.3660254037844386	1.0	0.010825152757937618	1.0	0.010973885145328684
zh	1.0	1.0	0.05389194258167978	1.0	0.353889367864523	0.16502618927924417	1.0	0.03080159186057333	0.5	0.17192062304130262	1.0	1.0	0.36602540378443865	0.2958163163244893	0.08674726371686652	1.0	1.0	1.0	1.0	1.0	1.0	0.11078195304396529	0.44948974278317805	1.0	0.5	1.0	0.22584440001865322	0.0435369668645362	0.38742588672279304	1.0	0.2402530733520421	0.0	0.2097188436578299	1.0	0.010973885145328684	1.0
