arz	bs	ceb	ckb	da	de	el	en	es	fr	he	hi	hu	id	it	ja	ko	lv	mk	ml	mr	nl	pl	pt	ro	ru	sh	si	simple	sr	sv	te	vi	war	zh
arz	1.0	0.5113636363636364	0.6666666666666666	0.5333333333333333	0.5107692307692308	0.5059588299024919	0.514876851364475	0.5048309178743962	0.5044483985765125	0.506467343704569	0.5147058823529412	0.525	0.5077519379844961	0.5166301986526441	0.504863813229572	0.507908611599297	0.5098039215686274	0.5183873737889604	0.5333333333333333	0.5453005927180355	0.5419776119402986	0.5040871934604905	0.5064377682403434	0.5084284217984261	0.5088282504012841	0.5073746312684366	0.5333333333333333	0.7017543859649122	0.5242718446601942	0.5098039215686274	0.5095062020008424	0.5	0.5115606936416185	0.7289719626168224	0.5088235294117647
bs	0.5113636363636364	1.0	0.5	0.5166732974592932	0.5892507127583749	0.5384333155919099	0.5762904924767789	0.5212853937117067	0.5288076412688609	0.5329844344954867	0.6041830541144008	0.5102040816326531	0.5615079661686224	0.628537316776019	0.5348595019746678	0.5534037993721872	0.5542799222962554	0.6644942287739654	0.548543209388316	0.5133333333333333	0.5238135553874431	0.5308510210726605	0.5470219805866581	0.5317663593037871	0.5511821353924676	0.5500933661777616	0.5279711775663967	0.528	0.5517911259616132	0.6420125941908104	0.5693482998850784	0.5	0.5425109418058033	0.546218487394958	0.5488229357415368
ceb	0.6666666666666666	0.5	1.0	0.6666666666666666	0.501577287066246	0.5010162601626017	0.671875	0.5006802721088436	0.500965250965251	0.5009487666034156	0.6706231454005934	0.6724890829694323	0.5029940119760479	0.501358695652174	0.5009784735812133	0.6695652173913044	0.6696935300794551	0.5029940119760479	0.6707692307692308	0.6666666666666666	0.6832298136645962	0.5015673981191223	0.5013020833333334	0.5011961722488038	0.5029761904761905	0.6680919294494923	0.5020661157024793	0.6666666666666666	0.5053763440860215	0.5007923930269413	0.5018587360594796	0.6666666666666666	0.6711864406779662	0.6666666666666666	0.6697459584295612
ckb	0.5333333333333333	0.5166732974592932	0.6666666666666666	1.0	0.5082508250825083	0.5033185840707964	0.5076530612244897	0.5018270401948843	0.5027173913043478	0.5032894736842105	0.5100507253615708	0.5625	0.5050846632272935	0.5113122171945702	0.5029761904761905	0.5045537340619308	0.5050505050505051	0.5222668869991459	0.5384615384615384	0.6111111111111112	0.5985037406483791	0.5027777777777778	0.504424778761062	0.5034168564920273	0.5049668874172185	0.5045592705167173	0.5263157894736842	0.72	0.5133689839572192	0.5139664804469274	0.5065502183406114	0.5	0.5076923076923077	0.787878787878788	0.5045317220543807
da	0.5107692307692308	0.5892507127583749	0.501577287066246	0.5082508250825083	1.0	0.5565996275410853	0.5879769063396177	0.5418529434429644	0.548521924241043	0.5555173729367657	0.5944501355608992	0.5050167224080268	0.5806220862026203	0.5962694357078042	0.5583047152760108	0.5683906453805369	0.5692947626160515	0.5837927449198463	0.5253247552500521	0.5066225165562913	0.5131903810833325	0.5552968225797842	0.5635429401954368	0.5468078775624821	0.5544373146347374	0.5641638786592386	0.5110410094637224	0.5194029850746269	0.5642242308619093	0.5813756515943538	0.6004182645476152	0.5	0.5586283459314733	0.5242424242424242	0.5691076422595684
de	0.5059588299024919	0.5384333155919099	0.5010162601626017	0.5033185840707964	0.5565996275410853	1.0	0.5782472443341522	0.6072009640900765	0.6146940373160997	0.6267221325227587	0.5583979180315397	0.5016648168701443	0.6006944593844525	0.548771262534059	0.6228698927934133	0.6068512851566302	0.5811596551727412	0.5282540383972397	0.5108875517014244	0.5027685492801772	0.5050115206918261	0.6148516356680253	0.6095266281858771	0.5958259982813451	0.5976574533839483	0.6149633606726945	0.5071399709588141	0.5064805583250249	0.5412812306945645	0.5401606258705464	0.5721417407780536	0.5	0.5448719707633918	0.5075075075075075	0.6089695900954271
el	0.514876851364475	0.5762904924767789	0.671875	0.5076530612244897	0.5879769063396177	0.5782472443341522	1.0	0.5528828890670113	0.5671624982931887	0.5779136401102709	0.6080610819875407	0.5038560411311054	0.5925501285282111	0.5869721555400245	0.5763704697350724	0.5994804937081623	0.5893733082439462	0.5682213102119889	0.5248879765136967	0.5064528599647303	0.5116321677977349	0.5662213055954088	0.5904704322954213	0.5691053295686554	0.5900018667863595	0.5958552003694964	0.5111710343210468	0.6964618249534451	0.5640321262880569	0.5719282716845916	0.5836854643485403	0.5	0.5521915767591338	0.6992481203007519	0.5893668858859229
en	0.5048309178743962	0.5212853937117067	0.5006802721088436	0.5018270401948843	0.5418529434429644	0.6072009640900765	0.5528828890670113	1.0	0.6180637851956589	0.6110597392026175	0.5351551969230203	0.50091519219036	0.5669640179931832	0.531359074300592	0.6185475014834979	0.5722563950660335	0.557623696826459	0.5159841236860513	0.5063890273502731	0.5015234613040829	0.5027617966130794	0.6087381555710106	0.5852624964319765	0.5836343778377044	0.5671125115587384	0.5837154789091918	0.5039370078740157	0.5057239057239057	0.5257995179769072	0.5255079224753626	0.5605970573128711	0.5	0.5449826736246038	0.5053908355795148	0.5846530917900408
es	0.5044483985765125	0.5288076412688609	0.500965250965251	0.5027173913043478	0.548521924241043	0.6146940373160997	0.5671624982931887	0.6180637851956589	1.0	0.6166552459758227	0.5498626698407401	0.5013623978201636	0.5848253013263516	0.5395809580072751	0.6285941863916208	0.5905946855790101	0.5704590232984933	0.5232089001376998	0.5093666369313113	0.5022665457842249	0.5036036036036037	0.6011331608422098	0.6006748432002355	0.6025287544019396	0.5815560675606267	0.6060033223536182	0.5053859964093357	0.506641366223909	0.5338345864661654	0.5325214500648989	0.559252192383032	0.5	0.5375854214123007	0.5076190476190476	0.5977606368935486
fr	0.506467343704569	0.5329844344954867	0.5009487666034156	0.5032894736842105	0.5555173729367657	0.6267221325227587	0.5779136401102709	0.6110597392026175	0.6166552459758227	1.0	0.5600640006478944	0.5016501650165016	0.6045975518051028	0.5467945464930366	0.6335019581709731	0.6059373186301197	0.5828636179300201	0.5281531113644452	0.5102891395333523	0.5027442371020856	0.5044092682608309	0.609379045437671	0.6095148620851427	0.605007639542394	0.6121406069446953	0.613564198179604	0.5048804994850946	0.5074766355140187	0.5377063914547429	0.5357575892408054	0.5663836327955618	0.5	0.5426695780687423	0.5074906367041199	0.5978898008655155
he	0.5147058823529412	0.6041830541144008	0.6706231454005934	0.5100507253615708	0.5944501355608992	0.5583979180315397	0.6080610819875407	0.5351551969230203	0.5498626698407401	0.5600640006478944	1.0	0.5060728744939271	0.5789852530991261	0.6055892321511096	0.5545575839841611	0.5843234629683239	0.5815125009401698	0.6109597470726406	0.5344921238457361	0.5081795862468267	0.5164429583972054	0.5488089599832419	0.5743272052262058	0.5556343017911338	0.5736459108963036	0.5809240943894983	0.5153353626535111	0.6915351506456241	0.5769859262748792	0.6026369194246257	0.5798743102902199	0.5	0.5468267814389319	0.6956521739130435	0.5751903133795501
hi	0.525	0.5102040816326531	0.6724890829694323	0.5625	0.5050167224080268	0.5016648168701443	0.5038560411311054	0.50091519219036	0.5013623978201636	0.5016501650165016	0.5060728744939271	1.0	0.5030549898167006	0.5070108383007408	0.5014925373134328	0.5018315018315018	0.5025380710659899	0.5138999167496764	0.5319148936170213	0.5714285714285714	0.5416666666666666	0.5013927576601671	0.5022222222222222	0.5017142857142858	0.502502731416604	0.5022900763358779	0.5151515151515151	0.7131782945736435	0.5081967213114754	0.5085714285714286	0.5032967032967033	0.5	0.5046728971962617	0.7193675889328064	0.5022761760242792
hu	0.5077519379844961	0.5615079661686224	0.5029940119760479	0.5050846632272935	0.5806220862026203	0.6006944593844525	0.5925501285282111	0.5669640179931832	0.5848253013263516	0.6045975518051028	0.5789852530991261	0.5030549898167006	1.0	0.5766944478589919	0.5992256657760501	0.6030297007272906	0.5753959275245883	0.5551904518875866	0.5197816871764257	0.5051051411448527	0.5092246833335553	0.5863823072154452	0.601616447909951	0.5918806208529979	0.6106075200451068	0.6000955186837182	0.5068762278978389	0.5154929577464789	0.5504074877038148	0.5595832248614514	0.5806339305498192	0.5	0.55898617316246	0.5170454545454546	0.5840276842491389
id	0.5166301986526441	0.628537316776019	0.501358695652174	0.5113122171945702	0.5962694357078042	0.548771262534059	0.5869721555400245	0.531359074300592	0.5395809580072751	0.5467945464930366	0.6055892321511096	0.5070108383007408	0.5766944478589919	1.0	0.5451038816288436	0.5769590533024922	0.5759097049035617	0.6262125112532309	0.5340095309417302	0.5092892069917715	0.51830209152539	0.5406638253628466	0.558801338953198	0.5457807653474263	0.5608529753554709	0.5658225276384522	0.5170940170940171	0.5092838196286472	0.5654162757200333	0.6074208074524742	0.5702655229115825	0.5	0.5610280595598267	0.5106666666666667	0.5678064839789893
it	0.504863813229572	0.5348595019746678	0.5009784735812133	0.5029761904761905	0.5583047152760108	0.6228698927934133	0.5763704697350724	0.6185475014834979	0.6285941863916208	0.6335019581709731	0.5545575839841611	0.5014925373134328	0.5992256657760501	0.5451038816288436	1.0	0.6020379782989171	0.5772854014134762	0.5266608959052302	0.5102606845328066	0.5024826216484608	0.5039775613059088	0.6085945359437546	0.6148776570128326	0.6022885220132078	0.5921341470278844	0.6123679557524401	0.5063913470993117	0.5057581573896353	0.5377988704741483	0.5360614796857989	0.568275158645133	0.5	0.5461991852301291	0.5067437379576109	0.6037109112223636
ja	0.507908611599297	0.5534037993721872	0.6695652173913044	0.5045537340619308	0.5683906453805369	0.6068512851566302	0.5994804937081623	0.5722563950660335	0.5905946855790101	0.6059373186301197	0.5843234629683239	0.5018315018315018	0.6030297007272906	0.5769590533024922	0.6020379782989171	1.0	0.5997847006177945	0.5453611088353802	0.5143702540747709	0.5036496350364964	0.5063063063063064	0.5841033792904077	0.6010774313668774	0.5896247577169592	0.5979446183658108	0.6176555528290846	0.5080627072821193	0.6850477200424179	0.55487245245557	0.5518577220788795	0.581191373850098	0.5	0.5598812550105178	0.688034188034188	0.6106316749550788
ko	0.5098039215686274	0.5542799222962554	0.6696935300794551	0.5050505050505051	0.5692947626160515	0.5811596551727412	0.5893733082439462	0.557623696826459	0.5704590232984933	0.5828636179300201	0.5815125009401698	0.5025380710659899	0.5753959275245883	0.5759097049035617	0.5772854014134762	0.5997847006177945	1.0	0.544617997197938	0.5156325079814502	0.5042418721470014	0.5076173945434814	0.5638560701440494	0.5805891059290237	0.5727587965844922	0.5753471763149156	0.5885754699238691	0.5074135090609555	0.6873614190687362	0.5550383194141136	0.5518587609013612	0.5709055970161777	0.5	0.5460617589752531	0.6905027932960894	0.5899849055730654
lv	0.5183873737889604	0.6644942287739654	0.5029940119760479	0.5222668869991459	0.5837927449198463	0.5282540383972397	0.5682213102119889	0.5159841236860513	0.5232089001376998	0.5281531113644452	0.6109597470726406	0.5138999167496764	0.5551904518875866	0.6262125112532309	0.5266608959052302	0.5453611088353802	0.544617997197938	1.0	0.5557896856772038	0.518138107799667	0.5381385219285091	0.5240083574596155	0.5387822678446014	0.5288121042371401	0.543362627873113	0.5407751027446435	0.5323348345246457	0.5294117647058824	0.5578218643450756	0.6534115157596938	0.5548852689419739	0.5	0.5371084508740951	0.5384615384615384	0.5396989500097447
mk	0.5333333333333333	0.548543209388316	0.6707692307692308	0.5384615384615384	0.5253247552500521	0.5108875517014244	0.5248879765136967	0.5063890273502731	0.5093666369313113	0.5102891395333523	0.5344921238457361	0.5319148936170213	0.5197816871764257	0.5340095309417302	0.5102606845328066	0.5143702540747709	0.5156325079814502	0.5557896856772038	1.0	0.54	0.5561072492552135	0.5096120483510809	0.5152555946363246	0.512394343843913	0.5171265887223416	0.5141956123614296	0.5373134328358209	0.6888888888888889	0.5324881141045958	0.5443808526858352	0.519000072025545	0.5	0.5156695156695157	0.7089337175792507	0.5163055966823795
ml	0.5453005927180355	0.5133333333333333	0.6666666666666666	0.6111111111111112	0.5066225165562913	0.5027685492801772	0.5064528599647303	0.5015234613040829	0.5022665457842249	0.5027442371020856	0.5081795862468267	0.5714285714285714	0.5051051411448527	0.5092892069917715	0.5024826216484608	0.5036496350364964	0.5042418721470014	0.518138107799667	0.54	1.0	0.6116504854368933	0.5023169601482854	0.5036927621861153	0.5028506271379704	0.5041459369817579	0.5038051750380518	0.5277777777777778	0.7042253521126761	0.5135135135135135	0.5113372390475631	0.5044767220828668	0.5	0.5061728395061729	0.7184466019417476	0.5037821482602118
mr	0.5419776119402986	0.5238135553874431	0.6832298136645962	0.5985037406483791	0.5131903810833325	0.5050115206918261	0.5116321677977349	0.5027617966130794	0.5036036036036037	0.5044092682608309	0.5164429583972054	0.5416666666666666	0.5092246833335553	0.51830209152539	0.5039775613059088	0.5063063063063064	0.5076173945434814	0.5381385219285091	0.5561072492552135	0.6116504854368933	1.0	0.5041871247807739	0.5066458446319009	0.5051255249283912	0.5075786333310014	0.506119186176575	0.5409252669039146	0.7	0.5235602094240838	0.5229812843065934	0.5075818681543175	0.5	0.5107563810204138	0.7150259067357513	0.5069040719385774
nl	0.5040871934604905	0.5308510210726605	0.5015673981191223	0.5027777777777778	0.5552968225797842	0.6148516356680253	0.5662213055954088	0.6087381555710106	0.6011331608422098	0.609379045437671	0.5488089599832419	0.5013927576601671	0.5863823072154452	0.5406638253628466	0.6085945359437546	0.5841033792904077	0.5638560701440494	0.5240083574596155	0.5096120483510809	0.5023169601482854	0.5041871247807739	1.0	0.5974419027518711	0.6094768188945663	0.5827056584141372	0.5978448539547728	0.5045946655741252	0.510670731707317	0.5318683467026415	0.5320940210423698	0.5786615855404073	0.5	0.5520172843856347	0.5122699386503067	0.5944690466546013
pl	0.5064377682403434	0.5470219805866581	0.5013020833333334	0.504424778761062	0.5635429401954368	0.6095266281858771	0.5904704322954213	0.5852624964319765	0.6006748432002355	0.6095148620851427	0.5743272052262058	0.5022222222222222	0.601616447909951	0.558801338953198	0.6148776570128326	0.6010774313668774	0.5805891059290237	0.5387822678446014	0.5152555946363246	0.5036927621861153	0.5066458446319009	0.5974419027518711	1.0	0.5915107039551344	0.5940062033008977	0.6173582099683437	0.5087209302325582	0.5082592121982211	0.5477246060209511	0.5536388464156787	0.5742163672787324	0.5	0.5458781723959897	0.510230179028133	0.5986360469289942
pt	0.5084284217984261	0.5317663593037871	0.5011961722488038	0.5034168564920273	0.5468078775624821	0.5958259982813451	0.5691053295686554	0.5836343778377044	0.6025287544019396	0.605007639542394	0.5556343017911338	0.5017142857142858	0.5918806208529979	0.5457807653474263	0.6022885220132078	0.5896247577169592	0.5727587965844922	0.5288121042371401	0.512394343843913	0.5028506271379704	0.5051255249283912	0.6094768188945663	0.5915107039551344	1.0	0.5904750080414766	0.5893661120149309	0.5050505050505051	0.5081967213114754	0.5378323108384458	0.5342738931174225	0.5592579286682152	0.5	0.5374351791912834	0.5094117647058823	0.5836111459409633
ro	0.5088282504012841	0.5511821353924676	0.5029761904761905	0.5049668874172185	0.5544373146347374	0.5976574533839483	0.5900018667863595	0.5671125115587384	0.5815560675606267	0.6121406069446953	0.5736459108963036	0.502502731416604	0.6106075200451068	0.5608529753554709	0.5921341470278844	0.5979446183658108	0.5753471763149156	0.543362627873113	0.5171265887223416	0.5041459369817579	0.5075786333310014	0.5827056584141372	0.5940062033008977	0.5904750080414766	1.0	0.6057203085620788	0.5065004834596073	0.5168539325842697	0.5441687957154492	0.5467276717976289	0.5651112300244967	0.5	0.5448786434689161	0.5213675213675213	0.5948948335320225
ru	0.5073746312684366	0.5500933661777616	0.6680919294494923	0.5045592705167173	0.5641638786592386	0.6149633606726945	0.5958552003694964	0.5837154789091918	0.6060033223536182	0.613564198179604	0.5809240943894983	0.5022900763358779	0.6000955186837182	0.5658225276384522	0.6123679557524401	0.6176555528290846	0.5885754699238691	0.5407751027446435	0.5141956123614296	0.5038051750380518	0.506119186176575	0.5978448539547728	0.6173582099683437	0.5893661120149309	0.6057203085620788	1.0	0.5074947262085153	0.6786850477200425	0.5503766072710659	0.5476284062977613	0.5768954541724646	0.5	0.5534660215443884	0.6779840848806366	0.6130753579493861
sh	0.5333333333333333	0.5279711775663967	0.5020661157024793	0.5263157894736842	0.5110410094637224	0.5071399709588141	0.5111710343210468	0.5039370078740157	0.5053859964093357	0.5048804994850946	0.5153353626535111	0.5151515151515151	0.5068762278978389	0.5170940170940171	0.5063913470993117	0.5080627072821193	0.5074135090609555	0.5323348345246457	0.5373134328358209	0.5277777777777778	0.5409252669039146	0.5045946655741252	0.5087209302325582	0.5050505050505051	0.5065004834596073	0.5074947262085153	1.0	0.5139442231075697	0.5123152709359606	0.5322423118275157	0.5085302675725702	0.5	0.5058479532163742	0.5150300601202404	0.5074581097761629
si	0.7017543859649122	0.528	0.6666666666666666	0.72	0.5194029850746269	0.5064805583250249	0.6964618249534451	0.5057239057239057	0.506641366223909	0.5074766355140187	0.6915351506456241	0.7131782945736435	0.5154929577464789	0.5092838196286472	0.5057581573896353	0.6850477200424179	0.6873614190687362	0.5294117647058824	0.6888888888888889	0.7042253521126761	0.7	0.510670731707317	0.5082592121982211	0.5081967213114754	0.5168539325842697	0.6786850477200425	0.5139442231075697	1.0	0.529126213592233	0.5100154083204931	0.512589928057554	0.6947368421052631	0.6972176759410802	0.7586206896551725	0.6877113866967305
simple	0.5242718446601942	0.5517911259616132	0.5053763440860215	0.5133689839572192	0.5642242308619093	0.5412812306945645	0.5640321262880569	0.5257995179769072	0.5338345864661654	0.5377063914547429	0.5769859262748792	0.5081967213114754	0.5504074877038148	0.5654162757200333	0.5377988704741483	0.55487245245557	0.5550383194141136	0.5578218643450756	0.5324881141045958	0.5135135135135135	0.5235602094240838	0.5318683467026415	0.5477246060209511	0.5378323108384458	0.5441687957154492	0.5503766072710659	0.5123152709359606	0.529126213592233	1.0	0.5534591194968553	0.5545164194509002	0.5	0.5403303224193282	0.5320197044334976	0.5500923255352592
sr	0.5098039215686274	0.6420125941908104	0.5007923930269413	0.5139664804469274	0.5813756515943538	0.5401606258705464	0.5719282716845916	0.5255079224753626	0.5325214500648989	0.5357575892408054	0.6026369194246257	0.5085714285714286	0.5595832248614514	0.6074208074524742	0.5360614796857989	0.5518577220788795	0.5518587609013612	0.6534115157596938	0.5443808526858352	0.5113372390475631	0.5229812843065934	0.5320940210423698	0.5536388464156787	0.5342738931174225	0.5467276717976289	0.5476284062977613	0.5322423118275157	0.5100154083204931	0.5534591194968553	1.0	0.5595553507230182	0.5	0.5371992395703339	0.5108359133126935	0.5490640493777194
sv	0.5095062020008424	0.5693482998850784	0.5018587360594796	0.5065502183406114	0.6004182645476152	0.5721417407780536	0.5836854643485403	0.5605970573128711	0.559252192383032	0.5663836327955618	0.5798743102902199	0.5032967032967033	0.5806339305498192	0.5702655229115825	0.568275158645133	0.581191373850098	0.5709055970161777	0.5548852689419739	0.519000072025545	0.5044767220828668	0.5075818681543175	0.5786615855404073	0.5742163672787324	0.5592579286682152	0.5651112300244967	0.5768954541724646	0.5085302675725702	0.512589928057554	0.5545164194509002	0.5595553507230182	1.0	0.5	0.5753350822966307	0.5144927536231884	0.5763887514604281
te	0.5	0.5	0.6666666666666666	0.5	0.5	0.5	0.5	0.5	0.5	0.5	0.5	0.5	0.5	0.5	0.5	0.5	0.5	0.5	0.5	0.5	0.5	0.5	0.5	0.5	0.5	0.5	0.5	0.6947368421052631	0.5	0.5	0.5	1.0	0.5	0.6956521739130435	0.5
vi	0.5115606936416185	0.5425109418058033	0.6711864406779662	0.5076923076923077	0.5586283459314733	0.5448719707633918	0.5521915767591338	0.5449826736246038	0.5375854214123007	0.5426695780687423	0.5468267814389319	0.5046728971962617	0.55898617316246	0.5610280595598267	0.5461991852301291	0.5598812550105178	0.5460617589752531	0.5371084508740951	0.5156695156695157	0.5061728395061729	0.5107563810204138	0.5520172843856347	0.5458781723959897	0.5374351791912834	0.5448786434689161	0.5534660215443884	0.5058479532163742	0.6972176759410802	0.5403303224193282	0.5371992395703339	0.5753350822966307	0.5	1.0	0.7019867549668874	0.5568444819002851
war	0.7289719626168224	0.546218487394958	0.6666666666666666	0.787878787878788	0.5242424242424242	0.5075075075075075	0.6992481203007519	0.5053908355795148	0.5076190476190476	0.5074906367041199	0.6956521739130435	0.7193675889328064	0.5170454545454546	0.5106666666666667	0.5067437379576109	0.688034188034188	0.6905027932960894	0.5384615384615384	0.7089337175792507	0.7184466019417476	0.7150259067357513	0.5122699386503067	0.510230179028133	0.5094117647058823	0.5213675213675213	0.6779840848806366	0.5150300601202404	0.7586206896551725	0.5320197044334976	0.5108359133126935	0.5144927536231884	0.6956521739130435	0.7019867549668874	1.0	0.6909090909090909
zh	0.5088235294117647	0.5488229357415368	0.6697459584295612	0.5045317220543807	0.5691076422595684	0.6089695900954271	0.5893668858859229	0.5846530917900408	0.5977606368935486	0.5978898008655155	0.5751903133795501	0.5022761760242792	0.5840276842491389	0.5678064839789893	0.6037109112223636	0.6106316749550788	0.5899849055730654	0.5396989500097447	0.5163055966823795	0.5037821482602118	0.5069040719385774	0.5944690466546013	0.5986360469289942	0.5836111459409633	0.5948948335320225	0.6130753579493861	0.5074581097761629	0.6877113866967305	0.5500923255352592	0.5490640493777194	0.5763887514604281	0.5	0.5568444819002851	0.6909090909090909	1.0
