arz	bs	ceb	ckb	da	de	el	en	es	fr	he	hi	hu	id	it	ja	ko	lv	mk	ml	mr	nl	pl	pt	ro	ru	sh	si	simple	sr	sv	te	vi	war	zh
arz	0.14302065336775566	0.25	0.5	0.3333333333333333	0.16669444444444442	0.16666666666666666	0.14285714285714285	0.14289795918367348	0.14287755102040817	0.14287755102040817	0.16669444444444442	0.25	0.14287755102040817	0.14285714285714285	0.16666666666666666	0.16666666666666666	0.14285714285714285	0.2	0.16669444444444445	0.20003999999999997	0.25	0.14285714285714285	0.14285714285714285	0.14285714285714285	0.14285714285714285	0.14287755102040817	0.16669444444444442	1.0	0.16666666666666666	0.14285714285714285	0.16669444444444442	0.3333333333333333	0.14285714285714285	0.16666666666666666	0.14285714285714285
bs	0.25	0.10001999999999998	0.25006249999999997	0.25	0.1111111111111111	0.125	0.1111111111111111	0.1	0.1111111111111111	0.1111111111111111	0.1	0.125	0.125	0.1111111111111111	0.125	0.125	0.1111111111111111	0.125	0.16669444444444442	0.16666666666666666	0.16666666666666666	0.125	0.11112345679012345	0.1111111111111111	0.125	0.1111111111111111	0.125	0.25	0.125	0.125	0.1	0.25	0.1111111111111111	0.25006249999999997	0.1111111111111111
ceb	0.5	0.25006249999999997	0.07735140876436675	0.3333333333333333	0.08336806944444444	0.07695268047928994	0.16666666666666666	0.0769704201183432	0.07694674556213017	0.07695266863905326	0.08337502084027777	0.1111111111111111	0.08338893753475002	0.09092561983471074	0.08333333333333333	0.09091735537190083	0.10000999999999999	0.11112345679012345	0.14287755102040817	0.20003999999999997	0.20003999999999997	0.08335418056249999	0.07695267455621302	0.08334722222222221	0.09095869421487603	0.07693491124260354	0.125015625	0.5	0.10006004005004004	0.125046890625	0.07694082840236686	0.5	0.1	0.3333333333333333	0.09095042975206613
ckb	0.3333333333333333	0.25	0.3333333333333333	0.14289795918367346	0.16666666666666666	0.14285714285714285	0.2	0.14285714285714285	0.16666666666666666	0.14285714285714285	0.16666666666666666	0.16666666666666666	0.16666666666666666	0.16666666666666666	0.16666666666666666	0.16666666666666666	0.16666666666666666	0.16666666666666666	0.2	0.2	0.2	0.16666666666666666	0.16666666666666666	0.16666666666666666	0.16666666666666666	0.16666666666666666	0.2	0.5	0.2	0.16669444444444442	0.16666666666666666	0.25	0.16666666666666666	0.3333333333333333	0.16669444444444442
da	0.16669444444444442	0.1111111111111111	0.08336806944444444	0.16666666666666666	0.02638591182604349	0.033341111111111106	0.05263157894736842	0.026321330332409968	0.02941349480968858	0.028573062040816322	0.034489894173602854	0.05263434903047091	0.03704526748971194	0.03333666666666667	0.031251953124999995	0.03448394768133174	0.034485136741973836	0.058823529411764705	0.07142857142857142	0.08334027777777778	0.09092561983471073	0.033335555555555556	0.03030762167125803	0.031251953124999995	0.03704252537722908	0.029411764705882353	0.058830449826989616	0.14285714285714285	0.037049388207135804	0.0500075050025025	0.030305785123966943	0.16666666666666666	0.040003199999999996	0.14285714285714285	0.030316811756659318
de	0.16666666666666666	0.125	0.07695268047928994	0.14285714285714285	0.033341111111111106	0.017600053791130013	0.043478260869565216	0.017862565051020407	0.020000399999999998	0.018184133223471073	0.029414359861591695	0.043478260869565216	0.03449346373365041	0.026318559556786702	0.021742439508506618	0.022727789256198346	0.027778549382716046	0.06666666666666667	0.0625	0.06250390624999999	0.06668	0.024390838786436643	0.025001875	0.023259058950784207	0.031253906250000005	0.02083376736111111	0.05555864197530863	0.125	0.03031497153443526	0.04167534722222222	0.02325851865873445	0.1	0.03571811224489796	0.125	0.022730888429752065
el	0.14285714285714285	0.1111111111111111	0.16666666666666666	0.2	0.05263157894736842	0.043478260869565216	0.03572321683673469	0.03571428571428571	0.041666666666666664	0.04166840277777777	0.05	0.05555555555555555	0.058823529411764705	0.047619047619047616	0.041666666666666664	0.041666666666666664	0.05	0.08333333333333333	0.09090909090909091	0.07142857142857142	0.07692307692307693	0.05	0.05	0.04166840277777777	0.05555555555555555	0.04	0.07692307692307693	0.2	0.05263434903047091	0.05555555555555555	0.04166840277777777	0.1	0.05263157894736842	0.125	0.04348015122873346
en	0.14289795918367348	0.1	0.0769704201183432	0.14285714285714285	0.026321330332409968	0.017862565051020407	0.03571428571428571	0.0064759699786632475	0.013514061358655951	0.011766505467128027	0.022730888429752065	0.029412629757785465	0.030313134068870522	0.016669723055555554	0.013700319384499905	0.01587402368354749	0.019232618343195264	0.05882698961937716	0.058823529411764705	0.052637119113573404	0.04546901033057851	0.019231878698224854	0.020003200399999997	0.01786065114795918	0.026320638504155124	0.012822321334648256	0.04545867768595041	0.08333333333333333	0.024399170733491966	0.03334222333333333	0.014288775918367346	0.0625	0.027780093364969904	0.125	0.01613657934573413
es	0.14287755102040817	0.1111111111111111	0.07694674556213017	0.16666666666666666	0.02941349480968858	0.020000399999999998	0.041666666666666664	0.013514061358655951	0.012997143373429087	0.015151744719926538	0.026316481994459833	0.04	0.030306704315886137	0.023256895619253648	0.018868636525453897	0.02083376736111111	0.02325635478637101	0.0625	0.06666666666666667	0.06250390624999999	0.0625	0.020833333333333332	0.023255813953488372	0.02	0.03125	0.016667778055555558	0.05263157894736842	0.1111111111111111	0.027780092592592592	0.038461538461538464	0.021739130434782608	0.1	0.03125	0.125	0.019232988165680472
fr	0.14287755102040817	0.1111111111111111	0.07695266863905326	0.14285714285714285	0.028573062040816322	0.018184133223471073	0.04166840277777777	0.011766505467128027	0.015151744719926538	0.011401206877308603	0.024393218917311124	0.03703840877914952	0.030306703397612485	0.020834635416666667	0.018518861454046638	0.019608227604767395	0.02040941274468971	0.0625	0.05882698961937716	0.05555555555555555	0.05000249999999999	0.020834201388888886	0.022223704197530864	0.020409829237817576	0.029414360726643596	0.01639532383767804	0.05000249999999999	0.1	0.027780864197530862	0.038468936390532546	0.02174007561436673	0.08333333333333333	0.0312509765625	0.125	0.017547246537703908
he	0.16669444444444442	0.1	0.08337502084027777	0.16666666666666666	0.034489894173602854	0.029414359861591695	0.05	0.022730888429752065	0.026316481994459833	0.024393218917311124	0.022322436228770507	0.05263435180332687	0.038474859470414194	0.028577961632653064	0.029414359861591695	0.031250976562500005	0.03333666666666667	0.06250390624999999	0.07143367346938775	0.08335417361111111	0.09091735537190083	0.030304866850321393	0.03333777777777778	0.025003750624999998	0.037043897119341564	0.02500375	0.05555555555555555	0.14287755102040817	0.03572449490051276	0.04763038548752834	0.033335555555555556	0.16669444444444442	0.03571683673469388	0.14285714285714285	0.02778781250154398
hi	0.25	0.125	0.1111111111111111	0.16666666666666666	0.05263434903047091	0.043478260869565216	0.05555555555555555	0.029412629757785465	0.04	0.03703840877914952	0.05263435180332687	0.029439475810590865	0.05555864197530863	0.038463017751479284	0.043480151228733464	0.04	0.047619047619047616	0.07143367346938775	0.08333333333333333	0.0625078125	0.047625850340136056	0.05263157894736842	0.047619047619047616	0.047621315192743756	0.05555864197530863	0.038463017751479284	0.07692307692307693	0.14285714285714285	0.0500075	0.06250390624999999	0.0400016	0.0625	0.05555555555555555	0.16666666666666666	0.045456611570247926
hu	0.14287755102040817	0.125	0.08338893753475002	0.16666666666666666	0.03704526748971194	0.03449346373365041	0.058823529411764705	0.030313134068870522	0.030306704315886137	0.030306703397612485	0.038474859470414194	0.05555864197530863	0.030413639795799106	0.03846745562130177	0.03571428571428571	0.03571683673469388	0.037039780521262	0.06666666666666667	0.07143877551020407	0.08334722917361806	0.08335416666666667	0.034482758620689655	0.03449346373365041	0.034485136741973836	0.038468936390532546	0.03031129935812672	0.05555864197530863	0.14285714285714285	0.038477816568047336	0.050004999999999994	0.034485136741973836	0.2	0.04545867768595041	0.125	0.03226743184287305
id	0.14285714285714285	0.1111111111111111	0.09092561983471074	0.16666666666666666	0.03333666666666667	0.026318559556786702	0.047619047619047616	0.016669723055555554	0.023256895619253648	0.020834635416666667	0.028577961632653064	0.038463017751479284	0.03846745562130177	0.0167212894763789	0.025642340565417487	0.025003125625625625	0.027027757487216943	0.0625	0.06666666666666667	0.06667555555555556	0.06251171875	0.029413495674740477	0.029416091697233564	0.026318559556786702	0.03333666666666667	0.02127976505205976	0.058823529411764705	0.14285714285714285	0.03448989298454221	0.045460743801652895	0.028574694693877554	0.09090909090909091	0.0312529296875	0.125	0.022732441635850725
it	0.16666666666666666	0.125	0.08333333333333333	0.16666666666666666	0.031251953124999995	0.021742439508506618	0.041666666666666664	0.013700319384499905	0.018868636525453897	0.018518861454046638	0.029414359861591695	0.043480151228733464	0.03571428571428571	0.025642340565417487	0.012217174378785058	0.019230769230769232	0.02564102564102564	0.0625	0.0625	0.0625	0.06666666666666667	0.023810090702947845	0.023810090702947845	0.022727789256198346	0.028572244897959183	0.0181834717358681	0.05263434903047091	0.1	0.0312509765625	0.038463017751479284	0.016949439816144784	0.1	0.030304866850321393	0.125	0.022223703703703704
ja	0.16666666666666666	0.125	0.09091735537190083	0.16666666666666666	0.03448394768133174	0.022727789256198346	0.041666666666666664	0.01587402368354749	0.02083376736111111	0.019608227604767395	0.031250976562500005	0.04	0.03571683673469388	0.025003125625625625	0.019230769230769232	0.015645783497148312	0.023809523809523808	0.06666666666666667	0.06250390624999999	0.0625	0.0625078125	0.026317174515235454	0.027027757487216943	0.02702848794740686	0.03225806451612903	0.02174007561436673	0.05555555555555555	0.1111111111111111	0.02941695588235294	0.04167361284722222	0.02127704843820733	0.09090909090909091	0.029412629757785465	0.125	0.022226173333827655
ko	0.14285714285714285	0.1111111111111111	0.10000999999999999	0.16666666666666666	0.034485136741973836	0.027778549382716046	0.05	0.019232618343195264	0.02325635478637101	0.02040941274468971	0.03333666666666667	0.047619047619047616	0.037039780521262	0.027027757487216943	0.02564102564102564	0.023809523809523808	0.017585818027952387	0.0625	0.0625	0.08334028472917361	0.07693491124260354	0.031250976562500005	0.0312519541015625	0.029414360726643596	0.038463017751479284	0.024391434265318264	0.05555555555555555	0.1111111111111111	0.03226118626430802	0.0500025025025025	0.027777777777777776	0.14285714285714285	0.033334444444444444	0.125	0.021281122679945676
lv	0.2	0.125	0.11112345679012345	0.16666666666666666	0.058823529411764705	0.06666666666666667	0.08333333333333333	0.05882698961937716	0.0625	0.0625	0.06250390624999999	0.07143367346938775	0.06666666666666667	0.0625	0.0625	0.06666666666666667	0.0625	0.05884775432525951	0.08334027777777778	0.1111111111111111	0.1111111111111111	0.0625	0.058823529411764705	0.05882698961937716	0.058823529411764705	0.058823529411764705	0.07142857142857142	0.2	0.06668	0.0625	0.058823529411764705	0.2	0.0625	0.16666666666666666	0.06250390624999999
mk	0.16669444444444445	0.16669444444444442	0.14287755102040817	0.2	0.07142857142857142	0.0625	0.09090909090909091	0.058823529411764705	0.06666666666666667	0.05882698961937716	0.07143367346938775	0.08333333333333333	0.07143877551020407	0.06666666666666667	0.0625	0.06250390624999999	0.0625	0.08334027777777778	0.05562044145075329	0.125	0.14285714285714285	0.058823529411764705	0.0625078125	0.06666666666666667	0.0625	0.06250390624999999	0.07692307692307693	0.2	0.07143367346938775	0.06667111111111111	0.06667111111111111	0.25	0.06666666666666667	0.125015625	0.0625
ml	0.20003999999999997	0.16666666666666666	0.20003999999999997	0.2	0.08334027777777778	0.06250390624999999	0.07142857142857142	0.052637119113573404	0.06250390624999999	0.05555555555555555	0.08335417361111111	0.0625078125	0.08334722917361806	0.06667555555555556	0.0625	0.0625	0.08334028472917361	0.1111111111111111	0.125	0.052764884495140774	0.07145919388776532	0.07142857142857142	0.06666666666666667	0.07143367346938775	0.07692307692307693	0.05556481790123456	0.125	0.2	0.07692899408284024	0.09092563638018183	0.06667111111111111	0.08334027777777778	0.09090909090909091	0.16666666666666666	0.07694674556213017
mr	0.25	0.16666666666666666	0.20003999999999997	0.2	0.09092561983471073	0.06668	0.07692307692307693	0.04546901033057851	0.0625	0.05000249999999999	0.09091735537190083	0.047625850340136056	0.08335416666666667	0.06251171875	0.06666666666666667	0.0625078125	0.07693491124260354	0.1111111111111111	0.14285714285714285	0.07145919388776532	0.04567665965550687	0.07692307692307693	0.07143877551020407	0.07693491124260354	0.08333333333333333	0.0500075	0.11112345679012345	0.16666666666666666	0.0833819861667571	0.10001999999999998	0.06251172265624999	0.07693491716568639	0.1	0.2	0.07693491124260354
nl	0.14285714285714285	0.125	0.08335418056249999	0.16666666666666666	0.033335555555555556	0.024390838786436643	0.05	0.019231878698224854	0.020833333333333332	0.020834201388888886	0.030304866850321393	0.05263157894736842	0.034482758620689655	0.029413495674740477	0.023810090702947845	0.026317174515235454	0.031250976562500005	0.0625	0.058823529411764705	0.07142857142857142	0.07692307692307693	0.018890025680035016	0.027778549382716046	0.02631578947368421	0.03225910509885536	0.022223209876543207	0.047621315192743756	0.125	0.033335555555555556	0.04167013888888889	0.02564102564102564	0.14285714285714285	0.03571683673469388	0.125	0.026318560249307475
pl	0.14285714285714285	0.11112345679012345	0.07695267455621302	0.16666666666666666	0.03030762167125803	0.025001875	0.05	0.020003200399999997	0.023255813953488372	0.022223704197530864	0.03333777777777778	0.047619047619047616	0.03449346373365041	0.029416091697233564	0.023810090702947845	0.027027757487216943	0.0312519541015625	0.058823529411764705	0.0625078125	0.06666666666666667	0.07143877551020407	0.027778549382716046	0.019277468038540125	0.027779320987654316	0.031251953124999995	0.022222716049382713	0.05263157894736842	0.125015625	0.03226326742976067	0.04166840277777777	0.02564497107166338	0.125	0.03703840877914952	0.125015625	0.027780864197530862
pt	0.14285714285714285	0.1111111111111111	0.08334722222222221	0.16666666666666666	0.031251953124999995	0.023259058950784207	0.04166840277777777	0.01786065114795918	0.02	0.020409829237817576	0.025003750624999998	0.047621315192743756	0.034485136741973836	0.026318559556786702	0.022727789256198346	0.02702848794740686	0.029414360726643596	0.05882698961937716	0.06666666666666667	0.07143367346938775	0.07693491124260354	0.02631578947368421	0.027779320987654316	0.0172848911814005	0.030305786962352615	0.019232988535502957	0.05000249999999999	0.125	0.029417820934256052	0.03846449704142012	0.025642340565417487	0.125	0.035715561224489795	0.125	0.023260141698756082
ro	0.14285714285714285	0.125	0.09095869421487603	0.16666666666666666	0.03704252537722908	0.031253906250000005	0.05555555555555555	0.026320638504155124	0.03125	0.029414360726643596	0.037043897119341564	0.05555864197530863	0.038468936390532546	0.03333666666666667	0.028572244897959183	0.03225806451612903	0.038463017751479284	0.058823529411764705	0.0625	0.07692307692307693	0.08333333333333333	0.03225910509885536	0.031251953124999995	0.030305786962352615	0.02635949250436325	0.027780092592592592	0.05555555555555555	0.16666666666666666	0.04167708854688021	0.041671875	0.030306703397612485	0.16666666666666666	0.0400016	0.125	0.034487514863258024
ru	0.14287755102040817	0.1111111111111111	0.07693491124260354	0.16666666666666666	0.029411764705882353	0.02083376736111111	0.04	0.012822321334648256	0.016667778055555558	0.01639532383767804	0.02500375	0.038463017751479284	0.03031129935812672	0.02127976505205976	0.0181834717358681	0.02174007561436673	0.024391434265318264	0.058823529411764705	0.06250390624999999	0.05556481790123456	0.0500075	0.022223209876543207	0.022222716049382713	0.019232988535502957	0.027780092592592592	0.012090726013820633	0.05	0.1	0.02631994459833795	0.03703840877914952	0.019231139053254437	0.08333333333333333	0.030303948576675847	0.125	0.020004802002000402
sh	0.16669444444444442	0.125	0.125015625	0.2	0.058830449826989616	0.05555864197530863	0.07692307692307693	0.04545867768595041	0.05263157894736842	0.05000249999999999	0.05555555555555555	0.07692307692307693	0.05555864197530863	0.058823529411764705	0.05263434903047091	0.05555555555555555	0.05555555555555555	0.07142857142857142	0.07692307692307693	0.125	0.11112345679012345	0.047621315192743756	0.05263157894736842	0.05000249999999999	0.05555555555555555	0.05	0.045493828531006204	0.14285714285714285	0.058833910034602074	0.050004999999999994	0.05555864197530863	0.25	0.058823529411764705	0.14285714285714285	0.050004999999999994
si	1.0	0.25	0.5	0.5	0.14285714285714285	0.125	0.2	0.08333333333333333	0.1111111111111111	0.1	0.14287755102040817	0.14285714285714285	0.14285714285714285	0.14285714285714285	0.1	0.1111111111111111	0.1111111111111111	0.2	0.2	0.2	0.16666666666666666	0.125	0.125015625	0.125	0.16666666666666666	0.1	0.14285714285714285	0.08334722222222221	0.14285714285714285	0.16666666666666666	0.1111111111111111	0.25	0.16666666666666666	0.5	0.1
simple	0.16666666666666666	0.125	0.10006004005004004	0.2	0.037049388207135804	0.03031497153443526	0.05263434903047091	0.024399170733491966	0.027780092592592592	0.027780864197530862	0.03572449490051276	0.0500075	0.038477816568047336	0.03448989298454221	0.0312509765625	0.02941695588235294	0.03226118626430802	0.06668	0.07143367346938775	0.07692899408284024	0.0833819861667571	0.033335555555555556	0.03226326742976067	0.029417820934256052	0.04167708854688021	0.02631994459833795	0.058833910034602074	0.14285714285714285	0.024556773001214498	0.04547315083471901	0.03226430905306973	0.125	0.040003199999999996	0.14285714285714285	0.027799398930564052
sr	0.14285714285714285	0.125	0.125046890625	0.16669444444444442	0.0500075050025025	0.04167534722222222	0.05555555555555555	0.03334222333333333	0.038461538461538464	0.038468936390532546	0.04763038548752834	0.06250390624999999	0.050004999999999994	0.045460743801652895	0.038463017751479284	0.04167361284722222	0.0500025025025025	0.0625	0.06667111111111111	0.09092563638018183	0.10001999999999998	0.04167013888888889	0.04166840277777777	0.03846449704142012	0.041671875	0.03703840877914952	0.050004999999999994	0.16666666666666666	0.04547315083471901	0.03343919755811957	0.04546280991735537	0.14285714285714285	0.05000249999999999	0.125	0.04002081601441281
sv	0.16669444444444442	0.1	0.07694082840236686	0.16666666666666666	0.030305785123966943	0.02325851865873445	0.04166840277777777	0.014288775918367346	0.021739130434782608	0.02174007561436673	0.033335555555555556	0.0400016	0.034485136741973836	0.028574694693877554	0.016949439816144784	0.02127704843820733	0.027777777777777776	0.058823529411764705	0.06667111111111111	0.06667111111111111	0.06251172265624999	0.02564102564102564	0.02564497107166338	0.025642340565417487	0.030306703397612485	0.019231139053254437	0.05555864197530863	0.1111111111111111	0.03226430905306973	0.04546280991735537	0.012529443603365654	0.1	0.03333333333333333	0.14285714285714285	0.025002499999999997
te	0.3333333333333333	0.25	0.5	0.25	0.16666666666666666	0.1	0.1	0.0625	0.1	0.08333333333333333	0.16669444444444442	0.0625	0.2	0.09090909090909091	0.1	0.09090909090909091	0.14285714285714285	0.2	0.25	0.08334027777777778	0.07693491716568639	0.14285714285714285	0.125	0.125	0.16666666666666666	0.08333333333333333	0.25	0.25	0.125	0.14285714285714285	0.1	0.06254689063672658	0.16666666666666666	0.25	0.125
vi	0.14285714285714285	0.1111111111111111	0.1	0.16666666666666666	0.040003199999999996	0.03571811224489796	0.05263157894736842	0.027780093364969904	0.03125	0.0312509765625	0.03571683673469388	0.05555555555555555	0.04545867768595041	0.0312529296875	0.030304866850321393	0.029412629757785465	0.033334444444444444	0.0625	0.06666666666666667	0.09090909090909091	0.1	0.03571683673469388	0.03703840877914952	0.035715561224489795	0.0400016	0.030303948576675847	0.058823529411764705	0.16666666666666666	0.040003199999999996	0.05000249999999999	0.03333333333333333	0.16666666666666666	0.02781100004943292	0.125	0.0312558603515625
war	0.16666666666666666	0.25006249999999997	0.3333333333333333	0.3333333333333333	0.14285714285714285	0.125	0.125	0.125	0.125	0.125	0.14285714285714285	0.16666666666666666	0.125	0.125	0.125	0.125	0.125	0.16666666666666666	0.125015625	0.16666666666666666	0.2	0.125	0.125015625	0.125	0.125	0.125	0.14285714285714285	0.5	0.14285714285714285	0.125	0.14285714285714285	0.25	0.125	0.125015625	0.125
zh	0.14285714285714285	0.1111111111111111	0.09095042975206613	0.16669444444444442	0.030316811756659318	0.022730888429752065	0.04348015122873346	0.01613657934573413	0.019232988165680472	0.017547246537703908	0.02778781250154398	0.045456611570247926	0.03226743184287305	0.022732441635850725	0.022223703703703704	0.022226173333827655	0.021281122679945676	0.06250390624999999	0.0625	0.07694674556213017	0.07693491124260354	0.026318560249307475	0.027780864197530862	0.023260141698756082	0.034487514863258024	0.020004802002000402	0.050004999999999994	0.1	0.027799398930564052	0.04002081601441281	0.025002499999999997	0.125	0.0312558603515625	0.125	0.015272770202186928
