arz	bs	ceb	ckb	da	de	el	en	es	fr	he	hi	hu	id	it	ja	ko	lv	mk	ml	mr	nl	pl	pt	ro	ru	sh	si	simple	sr	sv	te	vi	war	zh
arz	1.0	1.0	0.0	1.0	1.0	1.0	1.0	0.5660160774121898	1.0	1.0	1.0	1.0	0.8216064286890065	1.0	0.5660160774121898	1.0	1.0	1.0	0.0	1.0	0.0	1.0	0.8216064286890065	1.0	1.0	1.0	1.0	0.0	1.0	1.0	1.0	0.0	1.0	1.0	1.0
bs	1.0	1.0	1.0	1.0	0.6562661056221564	0.6499913553099703	1.0	0.38977036902078066	0.6499913553099703	0.5654720542655769	0.7347168825662656	1.0	0.7106922308883378	0.6518155124769264	0.6771531391320528	0.7322034805959263	0.7322034805959263	0.7455134344225701	1.0	0.7510341748895938	1.0	0.7347168825662656	0.6766997960567247	0.49917842034272325	0.7411828468492556	0.6529251858459502	0.4327213905818804	0.0	1.0	0.5086585569296893	0.6093096912777515	1.0	0.7411828468492556	1.0	0.7322034805959264
ceb	0.0	1.0	1.0	1.0	1.0	1.0	1.0	1.0	1.0	1.0	1.0	1.0	1.0	1.0	1.0	1.0	1.0	1.0	0.0	1.0	0.0	1.0	1.0	1.0	1.0	0.0	1.0	0.0	1.0	1.0	1.0	1.0	1.0	0.0	1.0
ckb	1.0	1.0	1.0	1.0	1.0	0.7322034805959263	1.0	0.4083507087694812	1.0	1.0	1.0	1.0	0.7376607345031153	0.7376607345031153	0.5973329889831545	1.0	1.0	1.0	1.0	1.0	1.0	0.7322034805959264	1.0	0.6420572522553128	1.0	1.0	0.47452434408981714	1.0	1.0	0.7347168825662656	0.7322034805959264	1.0	1.0	1.0	1.0
da	1.0	0.6562661056221564	1.0	1.0	1.0	0.295798569820554	0.7248485669756152	0.23492726476460665	0.3475139621944743	0.2774605794089561	0.4692717633390821	0.5112555752262968	0.533415315322074	0.40127632111089195	0.3088095600727583	0.4692717633390821	0.4748128763789001	0.6049963408257748	0.7510341748895937	0.7300208629885034	1.0	0.3654527578395633	0.3762548605430947	0.25153673898796336	0.5955163253953426	0.4504867041706393	0.41200500290023884	1.0	0.49475638659838866	0.31703142122481553	0.27488564538054766	0.7411828468492555	0.49610090792752215	1.0	0.48516994872703395
de	1.0	0.6499913553099703	1.0	0.7322034805959263	0.295798569820554	1.0	0.3761939400304635	0.16269829066640099	0.1807028491099266	0.15766526700559408	0.287814608652569	0.5855860097405516	0.4778153230594856	0.27397958869456185	0.16558009586320474	0.2892552043390156	0.33430376330958944	0.567375102917507	1.0	0.7263875964832449	1.0	0.20949697953719976	0.19828836908849862	0.19647717590184632	0.33554823823326113	0.26640152538409423	0.28437728165285825	1.0	0.434038886910777	0.22817444063929215	0.18547066394575903	1.0	0.34921485027877125	1.0	0.29153521661106685
el	1.0	1.0	1.0	1.0	0.7248485669756152	0.3761939400304635	1.0	0.35084886140455673	0.4966499118660631	0.5570988795109544	1.0	1.0	0.5538763478705514	0.5689913289739429	0.35281906577670696	1.0	1.0	0.7322034805959264	1.0	1.0	1.0	0.5034037399559433	0.5548300489307172	0.3833261087481815	0.7221793916855702	1.0	0.4162739935840991	1.0	0.7248485669756152	0.46673418724808685	0.3660910309667956	1.0	1.0	1.0	1.0
en	0.5660160774121898	0.38977036902078066	1.0	0.4083507087694812	0.23492726476460665	0.16269829066640099	0.35084886140455673	1.0	0.1478555051117667	0.13713955861517768	0.22952269976690817	0.3079507403120947	0.32052676104957656	0.24984164795173247	0.14559733827276197	0.21398234724664075	0.25425345510148595	0.3740526314729842	0.6274475463127992	0.3823955993922039	1.0	0.17183506210633503	0.17637794853286384	0.16668653891289495	0.3105683934636794	0.19182609041275867	0.24725689990588273	1.0	0.3344628859220572	0.19151417534130605	0.16695980806186833	0.6271831574029976	0.2632326565336499	0.517346181619858	0.21739612645146356
es	1.0	0.6499913553099703	1.0	1.0	0.3475139621944743	0.1807028491099266	0.4966499118660631	0.1478555051117667	1.0	0.1718598729388838	0.3238529047985267	0.5784261990869722	0.4280015467499467	0.30722988427231035	0.16008716615767526	0.28817539264827274	0.3213931005153068	0.5242518374070105	1.0	0.6589257440209708	1.0	0.23098674036189287	0.19439390484250893	0.19545205830552606	0.34259980530280276	0.26561908386381994	0.3153819719413501	1.0	0.38583743964117373	0.23459680856602572	0.1474941396070302	0.7322034805959263	0.42926221562644834	1.0	0.24743000316067662
fr	1.0	0.5654720542655769	1.0	1.0	0.2774605794089561	0.15766526700559408	0.5570988795109544	0.13713955861517768	0.1718598729388838	1.0	0.3139627002426145	0.37010295768552365	0.4966680413677238	0.2519822913108404	0.14138070919318996	0.2353128065453183	0.3345601851705256	0.51694065729838	0.6740515375688697	0.553325027876	0.7510341748895938	0.19190672335987452	0.17670334621653813	0.16418922663824687	0.32762088045281584	0.2145366134261374	0.3204162614320514	1.0	0.28482540602197626	0.23754816040290744	0.14548954820343019	1.0	0.2815824369794138	1.0	0.2575193550092181
he	1.0	0.7347168825662656	1.0	1.0	0.4692717633390821	0.287814608652569	1.0	0.22952269976690817	0.3238529047985267	0.3139627002426145	1.0	1.0	0.5342272163454398	0.4643997144505776	0.281627967252398	1.0	1.0	0.6221982196391783	1.0	1.0	1.0	0.3495557036379373	0.36210973418221	0.26683286043483273	0.6452450558286367	0.7057511910252482	0.46370244936898436	1.0	0.447169650030384	0.29142344984090984	0.21729435175796138	1.0	1.0	1.0	1.0
hi	1.0	1.0	1.0	1.0	0.5112555752262968	0.5855860097405516	1.0	0.3079507403120947	0.5784261990869722	0.37010295768552365	1.0	1.0	0.6292952595182395	0.6149072423960226	0.34228855757926807	1.0	1.0	1.0	1.0	1.0	1.0	0.5793644673207642	0.6394300733289616	0.4561412702141177	0.6667969795412325	1.0	0.506332212662529	1.0	1.0	0.58014286847431	0.28580402032083163	1.0	1.0	1.0	1.0
hu	0.8216064286890065	0.7106922308883378	1.0	0.7376607345031153	0.533415315322074	0.4778153230594856	0.5538763478705514	0.32052676104957656	0.4280015467499467	0.4966680413677238	0.5342272163454398	0.6292952595182395	1.0	0.5199713046322453	0.35417993299056133	0.5255261099268385	0.5302642349461257	0.5644781390515258	0.74551343442257	0.6908587525207898	1.0	0.5558506463058029	0.5087613939792874	0.254229754292332	0.6143084420116746	0.5040312629785495	0.42528663048966775	1.0	0.6187498656830154	0.45413647530265494	0.2817556791772377	1.0	0.6442859897394785	1.0	0.5511688965876906
id	1.0	0.6518155124769264	1.0	0.7376607345031153	0.40127632111089195	0.27397958869456185	0.5689913289739429	0.24984164795173247	0.30722988427231035	0.2519822913108404	0.4643997144505776	0.6149072423960226	0.5199713046322453	1.0	0.2107504227247221	0.42123325919133037	0.4922248045703634	0.5834038347379165	1.0	0.5998186767392314	1.0	0.31489490024217015	0.30514755987461745	0.23780257215589037	0.4053475882625346	0.3736821246234885	0.4272026081110202	1.0	0.4972138581482248	0.23158888038764613	0.23443942432421916	0.7376607345031153	0.5871000891860513	1.0	0.4448492276815525
it	0.5660160774121898	0.6771531391320528	1.0	0.5973329889831545	0.3088095600727583	0.16558009586320474	0.35281906577670696	0.14559733827276197	0.16008716615767526	0.14138070919318996	0.281627967252398	0.34228855757926807	0.35417993299056133	0.2107504227247221	1.0	0.25682717653584547	0.2522214384731325	0.5003006879848515	0.6110569957520272	0.5118971491010961	0.7510341748895938	0.18084900949335916	0.17311095729896292	0.16789274740345514	0.3272372427175768	0.22410558081114587	0.24919641375589083	1.0	0.3010589403232967	0.20359854976332348	0.17744629040039073	0.5669908361277162	0.26630827873461477	1.0	0.2243555967017942
ja	1.0	0.7322034805959263	1.0	1.0	0.4692717633390821	0.2892552043390156	1.0	0.21398234724664075	0.28817539264827274	0.2353128065453183	1.0	1.0	0.5255261099268385	0.42123325919133037	0.25682717653584547	1.0	1.0	0.6254303192325079	1.0	1.0	1.0	0.35922320916514466	0.3430605172495028	0.28164837741161275	0.5324485386717346	0.552942845408669	0.4810710132497557	1.0	0.507485543292547	0.2720497925879253	0.2029797625964767	1.0	0.7128329397683223	1.0	1.0
ko	1.0	0.7322034805959263	1.0	1.0	0.4748128763789001	0.33430376330958944	1.0	0.25425345510148595	0.3213931005153068	0.3345601851705256	1.0	1.0	0.5302642349461257	0.4922248045703634	0.2522214384731325	1.0	1.0	0.6290808149140177	1.0	1.0	1.0	0.38571864053147403	0.3593056034295087	0.3106804344915297	0.6475250169846578	0.6341911409180053	0.4838514172522971	1.0	0.5060912440663524	0.30971193357686766	0.23140466110196317	1.0	0.7128329397683222	1.0	1.0
lv	1.0	0.7455134344225701	1.0	1.0	0.6049963408257748	0.567375102917507	0.7322034805959264	0.3740526314729842	0.5242518374070105	0.51694065729838	0.6221982196391783	1.0	0.5644781390515258	0.5834038347379165	0.5003006879848515	0.6254303192325079	0.6290808149140177	1.0	1.0	0.6786291688147438	1.0	0.5000332212452955	0.6221982196391784	0.4380910866278784	0.6638546162332061	0.6589257440209708	0.4833648245384792	1.0	0.6683842755972618	0.47701025208017633	0.5535154914649315	1.0	0.7322034805959264	1.0	0.6254303192325079
mk	0.0	1.0	0.0	1.0	0.7510341748895937	1.0	1.0	0.6274475463127992	1.0	0.6740515375688697	1.0	1.0	0.74551343442257	1.0	0.6110569957520272	1.0	1.0	1.0	1.0	1.0	1.0	0.6740515375688696	1.0	0.2804025187667941	1.0	1.0	0.6641599840786245	1.0	1.0	0.51609388640148	0.7322034805959263	1.0	1.0	1.0	1.0
ml	1.0	0.7510341748895938	1.0	1.0	0.7300208629885034	0.7263875964832449	1.0	0.3823955993922039	0.6589257440209708	0.553325027876	1.0	1.0	0.6908587525207898	0.5998186767392314	0.5118971491010961	1.0	1.0	0.6786291688147438	1.0	1.0	1.0	0.5780965534243105	1.0	0.5092672869367268	0.7248485669756152	0.7280991208898611	0.4392986538476905	1.0	0.6542352973188035	0.6070429174104848	0.5558460033559874	1.0	1.0	1.0	1.0
mr	0.0	1.0	0.0	1.0	1.0	1.0	1.0	1.0	1.0	0.7510341748895938	1.0	1.0	1.0	1.0	0.7510341748895938	1.0	1.0	1.0	1.0	1.0	1.0	0.7002078323832267	0.7510341748895938	0.608985530491209	1.0	1.0	0.663794627285542	1.0	0.7510341748895937	0.7510341748895938	1.0	1.0	1.0	1.0	1.0
nl	1.0	0.7347168825662656	1.0	0.7322034805959264	0.3654527578395633	0.20949697953719976	0.5034037399559433	0.17183506210633503	0.23098674036189287	0.19190672335987452	0.3495557036379373	0.5793644673207642	0.5558506463058029	0.31489490024217015	0.18084900949335916	0.35922320916514466	0.38571864053147403	0.5000332212452955	0.6740515375688696	0.5780965534243105	0.7002078323832267	1.0	0.23833783932761568	0.22543428512827032	0.42369614350325685	0.3040321744125847	0.3515177805887531	1.0	0.3983457324297496	0.25294907495746966	0.20703740730659403	0.6786291688147437	0.4437145217908465	0.7863954451402115	0.3746553870504116
pl	0.8216064286890065	0.6766997960567247	1.0	1.0	0.3762548605430947	0.19828836908849862	0.5548300489307172	0.17637794853286384	0.19439390484250893	0.17670334621653813	0.36210973418221	0.6394300733289616	0.5087613939792874	0.30514755987461745	0.17311095729896292	0.3430605172495028	0.3593056034295087	0.6221982196391784	1.0	1.0	0.7510341748895938	0.23833783932761568	1.0	0.20807816685980435	0.3794103707527048	0.3151133334822392	0.3571362019920223	1.0	0.34764610567167087	0.26590699699459397	0.2253226582090806	1.0	0.5950208324371148	1.0	0.32723167357707617
pt	1.0	0.49917842034272325	1.0	0.6420572522553128	0.25153673898796336	0.19647717590184632	0.3833261087481815	0.16668653891289495	0.19545205830552606	0.16418922663824687	0.26683286043483273	0.4561412702141177	0.254229754292332	0.23780257215589037	0.16789274740345514	0.28164837741161275	0.3106804344915297	0.4380910866278784	0.2804025187667941	0.5092672869367268	0.608985530491209	0.22543428512827032	0.20807816685980435	1.0	0.27952389992004256	0.25675665288432853	0.23719066951880843	1.0	0.2852622178234498	0.19575234618493473	0.15245947918378133	0.39276153199459	0.2760041754488499	1.0	0.28002265063821913
ro	1.0	0.7411828468492556	1.0	1.0	0.5955163253953426	0.33554823823326113	0.7221793916855702	0.3105683934636794	0.34259980530280276	0.32762088045281584	0.6452450558286367	0.6667969795412325	0.6143084420116746	0.4053475882625346	0.3272372427175768	0.5324485386717346	0.6475250169846578	0.6638546162332061	1.0	0.7248485669756152	1.0	0.42369614350325685	0.3794103707527048	0.27952389992004256	1.0	0.5347969330449204	0.4913999668921758	1.0	0.5906388212506533	0.45012754595743387	0.29216142806453205	1.0	0.7199285383279772	1.0	0.6011455215697226
ru	1.0	0.6529251858459502	0.0	1.0	0.4504867041706393	0.26640152538409423	1.0	0.19182609041275867	0.26561908386381994	0.2145366134261374	0.7057511910252482	1.0	0.5040312629785495	0.3736821246234885	0.22410558081114587	0.552942845408669	0.6341911409180053	0.6589257440209708	1.0	0.7280991208898611	1.0	0.3040321744125847	0.3151133334822392	0.25675665288432853	0.5347969330449204	1.0	0.44814936505174013	1.0	0.4349143196796852	0.2789720426006274	0.22514465417771273	1.0	0.6328903638342454	1.0	0.5878432714913014
sh	1.0	0.4327213905818804	1.0	0.47452434408981714	0.41200500290023884	0.28437728165285825	0.4162739935840991	0.24725689990588273	0.3153819719413501	0.3204162614320514	0.46370244936898436	0.506332212662529	0.42528663048966775	0.4272026081110202	0.24919641375589083	0.4810710132497557	0.4838514172522971	0.4833648245384792	0.6641599840786245	0.4392986538476905	0.663794627285542	0.3515177805887531	0.3571362019920223	0.23719066951880843	0.4913999668921758	0.44814936505174013	1.0	1.0	0.3990492671944138	0.26174181227137533	0.2347841791282299	0.5469222847727202	0.43794700750873955	0.749506019670501	0.47203225694716827
si	0.0	0.0	0.0	1.0	1.0	1.0	1.0	1.0	1.0	1.0	1.0	1.0	1.0	1.0	1.0	1.0	1.0	1.0	1.0	1.0	1.0	1.0	1.0	1.0	1.0	1.0	1.0	1.0	1.0	1.0	1.0	1.0	1.0	1.0	1.0
simple	1.0	1.0	1.0	1.0	0.49475638659838866	0.434038886910777	0.7248485669756152	0.3344628859220572	0.38583743964117373	0.28482540602197626	0.447169650030384	1.0	0.6187498656830154	0.4972138581482248	0.3010589403232967	0.507485543292547	0.5060912440663524	0.6683842755972618	1.0	0.6542352973188035	0.7510341748895937	0.3983457324297496	0.34764610567167087	0.2852622178234498	0.5906388212506533	0.4349143196796852	0.3990492671944138	1.0	1.0	0.3260744596191355	0.3950848286373579	1.0	0.43984657352120327	1.0	0.5011023340514372
sr	1.0	0.5086585569296893	1.0	0.7347168825662656	0.31703142122481553	0.22817444063929215	0.46673418724808685	0.19151417534130605	0.23459680856602572	0.23754816040290744	0.29142344984090984	0.58014286847431	0.45413647530265494	0.23158888038764613	0.20359854976332348	0.2720497925879253	0.30971193357686766	0.47701025208017633	0.51609388640148	0.6070429174104848	0.7510341748895938	0.25294907495746966	0.26590699699459397	0.19575234618493473	0.45012754595743387	0.2789720426006274	0.26174181227137533	1.0	0.3260744596191355	1.0	0.2049232104179573	0.6786291688147437	0.3920787164945683	1.0	0.310876771599431
sv	1.0	0.6093096912777515	1.0	0.7322034805959264	0.27488564538054766	0.18547066394575903	0.3660910309667956	0.16695980806186833	0.1474941396070302	0.14548954820343019	0.21729435175796138	0.28580402032083163	0.2817556791772377	0.23443942432421916	0.17744629040039073	0.2029797625964767	0.23140466110196317	0.5535154914649315	0.7322034805959263	0.5558460033559874	1.0	0.20703740730659403	0.2253226582090806	0.15245947918378133	0.29216142806453205	0.22514465417771273	0.2347841791282299	1.0	0.3950848286373579	0.2049232104179573	1.0	1.0	0.3543703082732196	1.0	0.19711177324919546
te	0.0	1.0	1.0	1.0	0.7411828468492555	1.0	1.0	0.6271831574029976	0.7322034805959263	1.0	1.0	1.0	1.0	0.7376607345031153	0.5669908361277162	1.0	1.0	1.0	1.0	1.0	1.0	0.6786291688147437	1.0	0.39276153199459	1.0	1.0	0.5469222847727202	1.0	1.0	0.6786291688147437	1.0	1.0	1.0	1.0	1.0
vi	1.0	0.7411828468492556	1.0	1.0	0.49610090792752215	0.34921485027877125	1.0	0.2632326565336499	0.42926221562644834	0.2815824369794138	1.0	1.0	0.6442859897394785	0.5871000891860513	0.26630827873461477	0.7128329397683223	0.7128329397683222	0.7322034805959264	1.0	1.0	1.0	0.4437145217908465	0.5950208324371148	0.2760041754488499	0.7199285383279772	0.6328903638342454	0.43794700750873955	1.0	0.43984657352120327	0.3920787164945683	0.3543703082732196	1.0	1.0	1.0	0.7111374370280845
war	1.0	1.0	0.0	1.0	1.0	1.0	1.0	0.517346181619858	1.0	1.0	1.0	1.0	1.0	1.0	1.0	1.0	1.0	1.0	1.0	1.0	1.0	0.7863954451402115	1.0	1.0	1.0	1.0	0.749506019670501	1.0	1.0	1.0	1.0	1.0	1.0	1.0	1.0
zh	1.0	0.7322034805959264	1.0	1.0	0.48516994872703395	0.29153521661106685	1.0	0.21739612645146356	0.24743000316067662	0.2575193550092181	1.0	1.0	0.5511688965876906	0.4448492276815525	0.2243555967017942	1.0	1.0	0.6254303192325079	1.0	1.0	1.0	0.3746553870504116	0.32723167357707617	0.28002265063821913	0.6011455215697226	0.5878432714913014	0.47203225694716827	1.0	0.5011023340514372	0.310876771599431	0.19711177324919546	1.0	0.7111374370280845	1.0	1.0
