arz	bs	ceb	ckb	da	de	el	en	es	fr	he	hi	hu	id	it	ja	ko	lv	mk	ml	mr	nl	pl	pt	ro	ru	sh	si	simple	sr	sv	te	vi	war	zh
arz	1.0	1.0	0.0	0.0	1.0	1.0	1.0	0.585786437626905	1.0	0.0	1.0	0.0	1.0	1.0	1.0	1.0	1.0	1.0	1.0	0.0	0.0	0.585786437626905	1.0	1.0	1.0	1.0	1.0	0.0	1.0	1.0	1.0	0.0	1.0	0.0	0.585786437626905
bs	1.0	1.0	0.4364916731037085	1.0	0.3164309725825328	0.3430703308172536	1.0	0.32881309020609956	0.3430703308172536	0.36602540378443865	0.36602540378443865	0.4364916731037085	0.36602540378443865	0.32881309020609956	0.32881309020609956	0.3430703308172536	0.3430703308172536	0.4364916731037085	0.39564392373896	1.0	1.0	0.3430703308172536	0.3430703308172536	0.3430703308172536	0.3430703308172536	0.3430703308172536	0.4142135623730951	1.0	0.39564392373896007	0.3430703308172536	0.3430703308172536	1.0	0.32881309020609956	1.0	0.3430703308172536
ceb	0.0	0.4364916731037085	1.0	0.4364916731037085	0.49851311685382416	0.4364916731037085	1.0	0.4364916731037085	0.4364916731037085	0.4364916731037085	1.0	1.0	0.4364916731037085	0.49851311685382416	0.4364916731037085	0.4364916731037085	0.4364916731037085	0.4364916731037085	0.4364916731037085	1.0	1.0	0.4364916731037085	0.4364916731037085	0.4364916731037085	0.4364916731037085	0.4364916731037085	0.4364916731037085	0.0	0.4364916731037085	0.4364916731037085	0.4364916731037085	1.0	0.4364916731037085	1.0	0.4364916731037085
ckb	0.0	1.0	0.4364916731037085	1.0	0.585786437626905	1.0	1.0	1.0	1.0	1.0	1.0	1.0	1.0	0.585786437626905	1.0	1.0	1.0	1.0	1.0	1.0	1.0	1.0	1.0	1.0	1.0	1.0	1.0	0.0	1.0	1.0	1.0	1.0	1.0	1.0	1.0
da	1.0	0.3164309725825328	0.49851311685382416	0.585786437626905	1.0	0.3660254037844386	0.585786437626905	0.2402530733520421	0.32449979983983984	0.3164309725825327	0.44948974278317805	0.5	0.4142135623730951	0.25511479956321215	0.25728427444747215	0.32449979983983984	0.4142135623730951	0.585786437626905	0.585786437626905	0.585786437626905	1.0	0.31264808514230086	0.3288130902060995	0.30216947925196225	0.38742588672279304	0.32449979983983984	0.44948974278317805	1.0	0.5	0.4142135623730951	0.3427032721697021	0.585786437626905	0.38742588672279304	1.0	0.32449979983983984
de	1.0	0.3430703308172536	0.4364916731037085	1.0	0.3660254037844386	1.0	1.0	0.10434837871690805	0.26533119314590375	0.1827439976315568	0.39564392373896007	0.4364916731037085	0.585786437626905	0.2685749256719011	0.1907435698305462	0.3430703308172536	0.39564392373896007	1.0	1.0	1.0	1.0	0.2928060946961875	0.21712927295533244	0.33333333333333326	0.3797958971132712	0.32449979983983984	0.3660254037844386	1.0	0.4142135623730951	0.3333333333333333	0.2402530733520421	1.0	0.3164309725825327	1.0	0.39564392373896007
el	1.0	1.0	1.0	1.0	0.585786437626905	1.0	1.0	1.0	1.0	1.0	1.0	1.0	1.0	1.0	0.585786437626905	1.0	1.0	1.0	1.0	1.0	1.0	1.0	0.585786437626905	1.0	1.0	1.0	1.0	0.0	1.0	1.0	1.0	1.0	0.585786437626905	1.0	1.0
en	0.585786437626905	0.32881309020609956	0.4364916731037085	1.0	0.2402530733520421	0.10434837871690805	1.0	1.0	0.07832428143118245	0.06943671716523826	0.24660605559646726	0.585786437626905	0.27429188517743175	0.20942771453851886	0.09430344393479863	0.08908494624578091	0.25	1.0	1.0	0.4364916731037085	1.0	0.14135200611128068	0.15620789749830466	0.12010924668250575	0.3333333333333333	0.14285714285714288	0.14285714285714285	1.0	0.4142135623730951	0.13980186802977923	0.13772226013087463	1.0	0.0757192844766981	1.0	0.1390551394732742
es	1.0	0.3430703308172536	0.4364916731037085	1.0	0.32449979983983984	0.26533119314590375	1.0	0.07832428143118245	1.0	0.20799159651347807	1.0	1.0	0.5	0.2402530733520421	0.22646721143623746	0.4142135623730951	1.0	1.0	1.0	1.0	1.0	0.3660254037844386	0.24336073281110826	0.2612038749637414	0.5	0.5	0.44948974278317805	1.0	0.4142135623730951	0.353889367864523	0.28172904669025317	1.0	0.26533119314590375	1.0	0.5
fr	0.0	0.36602540378443865	0.4364916731037085	1.0	0.3164309725825327	0.1827439976315568	1.0	0.06943671716523826	0.20799159651347807	1.0	0.585786437626905	1.0	0.4142135623730951	0.22105656221702152	0.16952084719853724	0.2958163163244893	0.5	1.0	1.0	1.0	1.0	0.2572842744474721	0.21498516621900873	0.25539679298968665	0.5	0.3090169943749474	0.3203772410170407	1.0	0.3660254037844386	0.2989350844248255	0.21767634479507444	1.0	0.28172904669025317	1.0	0.2958163163244893
he	1.0	0.36602540378443865	1.0	1.0	0.44948974278317805	0.39564392373896007	1.0	0.24660605559646726	1.0	0.585786437626905	1.0	1.0	1.0	0.4364916731037085	0.36602540378443865	1.0	1.0	1.0	1.0	1.0	1.0	1.0	0.36602540378443865	0.585786437626905	0.585786437626905	1.0	0.585786437626905	1.0	0.585786437626905	1.0	0.4364916731037085	1.0	0.5	1.0	1.0
hi	0.0	0.4364916731037085	1.0	1.0	0.5	0.4364916731037085	1.0	0.585786437626905	1.0	1.0	1.0	1.0	1.0	0.39564392373896007	0.4364916731037085	1.0	1.0	1.0	1.0	1.0	1.0	1.0	0.585786437626905	1.0	0.585786437626905	1.0	1.0	1.0	1.0	1.0	1.0	1.0	1.0	1.0	1.0
hu	1.0	0.36602540378443865	0.4364916731037085	1.0	0.4142135623730951	0.585786437626905	1.0	0.27429188517743175	0.5	0.4142135623730951	1.0	1.0	1.0	0.44948974278317805	0.30216947925196225	1.0	1.0	1.0	1.0	1.0	1.0	0.5	0.39564392373896007	0.5	0.5	1.0	0.5	1.0	0.44948974278317805	0.585786437626905	0.3266316347104093	1.0	0.585786437626905	1.0	1.0
id	1.0	0.32881309020609956	0.49851311685382416	0.585786437626905	0.25511479956321215	0.2685749256719011	1.0	0.20942771453851886	0.2402530733520421	0.22105656221702152	0.4364916731037085	0.39564392373896007	0.44948974278317805	1.0	0.2056677898504543	0.2708131845707603	0.3430703308172536	0.585786437626905	0.585786437626905	1.0	1.0	0.2553967929896867	0.25175647872610657	0.22966848451216434	0.3483314773547883	0.2612038749637415	0.4142135623730951	1.0	0.5	0.5	0.2674788903885893	1.0	0.4142135623730951	1.0	0.2449655295864104
it	1.0	0.32881309020609956	0.4364916731037085	1.0	0.25728427444747215	0.1907435698305462	0.585786437626905	0.09430344393479863	0.22646721143623746	0.16952084719853724	0.36602540378443865	0.4364916731037085	0.30216947925196225	0.2056677898504543	1.0	0.2402530733520421	0.2958163163244893	0.4364916731037085	0.585786437626905	0.4364916731037085	1.0	0.2466060555964672	0.20342651452257512	0.20521309615767264	0.3944245849395553	0.23441237831492112	0.24828371682826425	1.0	0.30552726787943424	0.2612038749637414	0.19367338768973055	1.0	0.2674788903885893	1.0	0.25728427444747215
ja	1.0	0.3430703308172536	0.4364916731037085	1.0	0.32449979983983984	0.3430703308172536	1.0	0.08908494624578091	0.4142135623730951	0.2958163163244893	1.0	1.0	1.0	0.2708131845707603	0.2402530733520421	1.0	1.0	1.0	1.0	1.0	1.0	0.5	0.30216947925196225	0.32449979983983984	0.5	1.0	0.44948974278317805	1.0	0.44948974278317805	0.5	0.2708131845707603	1.0	0.3090169943749474	1.0	1.0
ko	1.0	0.3430703308172536	0.4364916731037085	1.0	0.4142135623730951	0.39564392373896007	1.0	0.25	1.0	0.5	1.0	1.0	1.0	0.3430703308172536	0.2958163163244893	1.0	1.0	1.0	1.0	1.0	1.0	0.585786437626905	0.3430703308172536	0.44948974278317805	0.5	1.0	0.5	1.0	0.5	1.0	0.39564392373896007	1.0	0.44948974278317805	1.0	1.0
lv	1.0	0.4364916731037085	0.4364916731037085	1.0	0.585786437626905	1.0	1.0	1.0	1.0	1.0	1.0	1.0	1.0	0.585786437626905	0.4364916731037085	1.0	1.0	1.0	1.0	1.0	1.0	1.0	0.585786437626905	1.0	0.585786437626905	1.0	1.0	1.0	0.585786437626905	1.0	1.0	1.0	1.0	1.0	1.0
mk	1.0	0.39564392373896	0.4364916731037085	1.0	0.585786437626905	1.0	1.0	1.0	1.0	1.0	1.0	1.0	1.0	0.585786437626905	0.585786437626905	1.0	1.0	1.0	1.0	1.0	1.0	1.0	1.0	1.0	1.0	1.0	1.0	0.0	1.0	1.0	1.0	1.0	0.585786437626905	1.0	1.0
ml	0.0	1.0	1.0	1.0	0.585786437626905	1.0	1.0	0.4364916731037085	1.0	1.0	1.0	1.0	1.0	1.0	0.4364916731037085	1.0	1.0	1.0	1.0	1.0	1.0	1.0	0.4364916731037085	1.0	0.585786437626905	1.0	1.0	1.0	1.0	1.0	1.0	1.0	0.585786437626905	1.0	1.0
mr	0.0	1.0	1.0	1.0	1.0	1.0	1.0	1.0	1.0	1.0	1.0	1.0	1.0	1.0	1.0	1.0	1.0	1.0	1.0	1.0	1.0	1.0	1.0	1.0	1.0	1.0	1.0	0.0	1.0	1.0	1.0	1.0	1.0	1.0	1.0
nl	0.585786437626905	0.3430703308172536	0.4364916731037085	1.0	0.31264808514230086	0.2928060946961875	1.0	0.14135200611128068	0.3660254037844386	0.2572842744474721	1.0	1.0	0.5	0.2553967929896867	0.2466060555964672	0.5	0.585786437626905	1.0	1.0	1.0	1.0	1.0	0.2843646522044218	0.34833147735478825	0.5	0.5	0.5	1.0	0.4142135623730951	0.4364916731037085	0.2857142857142857	1.0	0.4142135623730951	1.0	0.5
pl	1.0	0.3430703308172536	0.4364916731037085	1.0	0.3288130902060995	0.21712927295533244	0.585786437626905	0.15620789749830466	0.24336073281110826	0.21498516621900873	0.36602540378443865	0.585786437626905	0.39564392373896007	0.25175647872610657	0.20342651452257512	0.30216947925196225	0.3430703308172536	0.585786437626905	1.0	0.4364916731037085	1.0	0.2843646522044218	1.0	0.24336073281110826	0.3797958971132712	0.2791745113185196	0.35388936786452296	1.0	0.3660254037844386	0.3164309725825328	0.21991074322003976	1.0	0.32037724101704074	1.0	0.26533119314590375
pt	1.0	0.3430703308172536	0.4364916731037085	1.0	0.30216947925196225	0.33333333333333326	1.0	0.12010924668250575	0.2612038749637414	0.25539679298968665	0.585786437626905	1.0	0.5	0.22966848451216434	0.20521309615767264	0.32449979983983984	0.44948974278317805	1.0	1.0	1.0	1.0	0.34833147735478825	0.24336073281110826	1.0	0.5	0.4142135623730951	0.3203772410170407	1.0	0.5	0.2989350844248255	0.26427884169111276	1.0	0.3660254037844386	1.0	0.34833147735478825
ro	1.0	0.3430703308172536	0.4364916731037085	1.0	0.38742588672279304	0.3797958971132712	1.0	0.3333333333333333	0.5	0.5	0.585786437626905	0.585786437626905	0.5	0.3483314773547883	0.3944245849395553	0.5	0.5	0.585786437626905	1.0	0.585786437626905	1.0	0.5	0.3797958971132712	0.5	1.0	0.5	0.44948974278317805	1.0	0.44948974278317805	0.585786437626905	0.4142135623730951	1.0	0.44948974278317805	1.0	0.5
ru	1.0	0.3430703308172536	0.4364916731037085	1.0	0.32449979983983984	0.32449979983983984	1.0	0.14285714285714288	0.5	0.3090169943749474	1.0	1.0	1.0	0.2612038749637415	0.23441237831492112	1.0	1.0	1.0	1.0	1.0	1.0	0.5	0.2791745113185196	0.4142135623730951	0.5	1.0	0.5	1.0	0.44948974278317805	0.3333333333333333	0.29429805508554946	1.0	0.3430703308172536	1.0	1.0
sh	1.0	0.4142135623730951	0.4364916731037085	1.0	0.44948974278317805	0.3660254037844386	1.0	0.14285714285714285	0.44948974278317805	0.3203772410170407	0.585786437626905	1.0	0.5	0.4142135623730951	0.24828371682826425	0.44948974278317805	0.5	1.0	1.0	1.0	1.0	0.5	0.35388936786452296	0.3203772410170407	0.44948974278317805	0.5	1.0	1.0	0.585786437626905	0.1918253663634734	0.44948974278317805	1.0	0.30552726787943424	1.0	0.5
si	0.0	1.0	0.0	0.0	1.0	1.0	0.0	1.0	1.0	1.0	1.0	1.0	1.0	1.0	1.0	1.0	1.0	1.0	0.0	1.0	0.0	1.0	1.0	1.0	1.0	1.0	1.0	1.0	0.0	1.0	1.0	0.0	1.0	1.0	1.0
simple	1.0	0.39564392373896007	0.4364916731037085	1.0	0.5	0.4142135623730951	1.0	0.4142135623730951	0.4142135623730951	0.3660254037844386	0.585786437626905	1.0	0.44948974278317805	0.5	0.30552726787943424	0.44948974278317805	0.5	0.585786437626905	1.0	1.0	1.0	0.4142135623730951	0.3660254037844386	0.5	0.44948974278317805	0.44948974278317805	0.585786437626905	0.0	1.0	0.585786437626905	0.44948974278317805	1.0	0.38742588672279304	1.0	0.44948974278317805
sr	1.0	0.3430703308172536	0.4364916731037085	1.0	0.4142135623730951	0.3333333333333333	1.0	0.13980186802977923	0.353889367864523	0.2989350844248255	1.0	1.0	0.585786437626905	0.5	0.2612038749637414	0.5	1.0	1.0	1.0	1.0	1.0	0.4364916731037085	0.3164309725825328	0.2989350844248255	0.585786437626905	0.3333333333333333	0.1918253663634734	1.0	0.585786437626905	1.0	0.4142135623730951	1.0	0.24415874992246042	1.0	0.39564392373896007
sv	1.0	0.3430703308172536	0.4364916731037085	1.0	0.3427032721697021	0.2402530733520421	1.0	0.13772226013087463	0.28172904669025317	0.21767634479507444	0.4364916731037085	1.0	0.3266316347104093	0.2674788903885893	0.19367338768973055	0.2708131845707603	0.39564392373896007	1.0	1.0	1.0	1.0	0.2857142857142857	0.21991074322003976	0.26427884169111276	0.4142135623730951	0.29429805508554946	0.44948974278317805	1.0	0.44948974278317805	0.4142135623730951	1.0	1.0	0.2989350844248255	1.0	0.29429805508554946
te	0.0	1.0	1.0	1.0	0.585786437626905	1.0	1.0	1.0	1.0	1.0	1.0	1.0	1.0	1.0	1.0	1.0	1.0	1.0	1.0	1.0	1.0	1.0	1.0	1.0	1.0	1.0	1.0	0.0	1.0	1.0	1.0	1.0	1.0	1.0	1.0
vi	1.0	0.32881309020609956	0.4364916731037085	1.0	0.38742588672279304	0.3164309725825327	0.585786437626905	0.0757192844766981	0.26533119314590375	0.28172904669025317	0.5	1.0	0.585786437626905	0.4142135623730951	0.2674788903885893	0.3090169943749474	0.44948974278317805	1.0	0.585786437626905	0.585786437626905	1.0	0.4142135623730951	0.32037724101704074	0.3660254037844386	0.44948974278317805	0.3430703308172536	0.30552726787943424	1.0	0.38742588672279304	0.24415874992246042	0.2989350844248255	1.0	1.0	1.0	0.36602540378443865
war	0.0	1.0	1.0	1.0	1.0	1.0	1.0	1.0	1.0	1.0	1.0	1.0	1.0	1.0	1.0	1.0	1.0	1.0	1.0	1.0	1.0	1.0	1.0	1.0	1.0	1.0	1.0	1.0	1.0	1.0	1.0	1.0	1.0	1.0	1.0
zh	0.585786437626905	0.3430703308172536	0.4364916731037085	1.0	0.32449979983983984	0.39564392373896007	1.0	0.1390551394732742	0.5	0.2958163163244893	1.0	1.0	1.0	0.2449655295864104	0.25728427444747215	1.0	1.0	1.0	1.0	1.0	1.0	0.5	0.26533119314590375	0.34833147735478825	0.5	1.0	0.5	1.0	0.44948974278317805	0.39564392373896007	0.29429805508554946	1.0	0.36602540378443865	1.0	1.0
