arz	bs	ceb	ckb	da	de	el	en	es	fr	he	hi	hu	id	it	ja	ko	lv	mk	ml	mr	nl	pl	pt	ro	ru	sh	si	simple	sr	sv	te	tr	vi	war	zh
arz	1.0	1.0	0.125	1.0	1.0	1.0	1.0	1.0	1.0	1.0	1.0	1.0	1.0	1.0	1.0	1.0	1.0	1.0	0.0	1.0	1.0	1.0	1.0	1.0	1.0	1.0	1.0	0.0	1.0	1.0	1.0	1.0	0.5	1.0	1.0	1.0
bs	1.0	0.125046890625	0.009684095996033681	0.5	0.25	0.125	0.3333333333333333	0.125	0.125	0.14285714285714285	0.2	0.3333333333333333	0.25	0.2	0.125	0.25	0.25	0.3333333333333333	0.5	1.0	0.5	0.16666666666666666	0.14285714285714285	0.14285714285714285	0.2	0.125	0.16669444444444442	0.0	0.3333333333333333	0.14285714285714285	0.16666666666666666	1.0	0.09090909090909091	0.2	1.0	0.16666666666666666
ceb	0.125	0.009684095996033681	0.00924188474057611	0.008695652173913044	0.009583944425294288	0.009116819387491015	0.00819672131147541	0.008944406640534294	0.008990391981088204	0.008954174169468669	0.008547008547008548	0.008928571428571428	0.008638186419355588	0.009112178714247911	0.009558666477108997	0.00819672131147541	0.00819672131147541	0.009268901772390448	0.008695652173913044	0.008695652173913044	0.008695652173913044	0.009620368157383038	0.009224134101450013	0.008480086802953776	0.009439934927130262	0.00819672131147541	0.008832287101327716	0.03333333333333333	0.009478754115878622	0.008547008547008548	0.009036542731690848	0.01098901098901099	-1.0	0.009098668390500641	0.008696332778827975	0.008262274498230101
ckb	1.0	0.5	0.008695652173913044	0.2	0.5	0.3333333333333333	0.5	0.2	0.3333333333333333	0.3333333333333333	0.5	0.5	0.3333333333333333	0.5	0.3333333333333333	0.3333333333333333	0.3333333333333333	0.5	1.0	1.0	0.5	0.3333333333333333	0.25	0.3333333333333333	0.3333333333333333	0.3333333333333333	0.5	0.0	0.3333333333333333	0.5	0.3333333333333333	1.0	0.3333333333333333	0.3333333333333333	1.0	0.3333333333333333
da	1.0	0.25	0.009583944425294288	0.5	0.0625078125	0.07692307692307693	0.16666666666666666	0.0625	0.07692307692307693	0.06666666666666667	0.125	0.16666666666666666	0.125	0.16666666666666666	0.07692307692307693	0.1	0.14285714285714285	0.2	0.3333333333333333	0.3333333333333333	0.3333333333333333	0.08333333333333333	0.06666666666666667	0.07692307692307693	0.14285714285714285	0.1111111111111111	0.125	1.0	0.14285714285714285	0.1111111111111111	0.1111111111111111	1.0	0.09090909090909091	0.125	1.0	0.1111111111111111
de	1.0	0.125	0.009116819387491015	0.3333333333333333	0.07692307692307693	0.008133718620794896	0.14285714285714285	0.009345794392523364	0.014925373134328358	0.015873015873015872	0.05	0.125	0.07692307692307693	0.07142857142857142	0.015873015873015872	0.02857142857142857	0.05555555555555555	0.2	0.2	0.5	0.3333333333333333	0.02631578947368421	0.01282051282051282	0.016666666666666666	0.0625	0.0196078431372549	0.058823529411764705	1.0	0.07142857142857142	0.038463017751479284	0.03225806451612903	1.0	0.05555864197530863	0.05	1.0	0.03571428571428571
el	1.0	0.3333333333333333	0.00819672131147541	0.5	0.16666666666666666	0.14285714285714285	0.1	0.1	0.125	0.14285714285714285	0.16666666666666666	0.16666666666666666	0.2	0.14285714285714285	0.14285714285714285	0.14285714285714285	0.16666666666666666	0.2	0.5	0.5	0.3333333333333333	0.16666666666666666	0.125	0.14285714285714285	0.2	0.16666666666666666	0.25	1.0	0.2	0.2	0.2	1.0	0.16666666666666666	0.2	1.0	0.16666666666666666
en	1.0	0.125	0.008944406640534294	0.2	0.0625	0.009345794392523364	0.1	0.0027639276709472585	0.008772083718067097	0.009708737864077669	0.043478260869565216	0.1111111111111111	0.07143367346938775	0.0625	0.011494252873563218	0.02127659574468085	0.047619047619047616	0.2	0.2	0.25	0.3333333333333333	0.024390243902439025	0.007633587786259542	0.010752688172043012	0.05263157894736842	0.015625	0.05263157894736842	1.0	0.058823529411764705	0.03225806451612903	0.02702702702702703	0.5	0.05263434903047091	0.041666666666666664	1.0	0.025
es	1.0	0.125	0.008990391981088204	0.3333333333333333	0.07692307692307693	0.014925373134328358	0.125	0.008772083718067097	0.008551028125356198	0.01639344262295082	0.045454545454545456	0.14285714285714285	0.09090909090909091	0.07692307692307693	0.015873015873015872	0.034482758620689655	0.05555555555555555	0.2	0.2	0.25	0.3333333333333333	0.03125	0.013513513513513514	0.016129032258064516	0.0625	0.022222222222222223	0.05555555555555555	1.0	0.07142857142857142	0.038461538461538464	0.03125	0.5	0.055561728395061724	0.05555555555555555	1.0	0.03225806451612903
fr	1.0	0.14285714285714285	0.008954174169468669	0.3333333333333333	0.06666666666666667	0.015873015873015872	0.14285714285714285	0.009708737864077669	0.01639344262295082	0.007938965104749368	0.05555555555555555	0.1111111111111111	0.07692307692307693	0.06666666666666667	0.017241379310344827	0.03333333333333333	0.06666666666666667	0.2	0.25	0.25	0.3333333333333333	0.02702702702702703	0.014492963663095989	0.01639344262295082	0.058823529411764705	0.021739130434782608	0.0625	1.0	0.08333333333333333	0.045454545454545456	0.03125	0.5	0.05263434903047091	0.05263157894736842	1.0	0.034482758620689655
he	1.0	0.2	0.008547008547008548	0.5	0.125	0.05	0.16666666666666666	0.043478260869565216	0.045454545454545456	0.05555555555555555	0.043478260869565216	0.14285714285714285	0.125	0.1111111111111111	0.05263157894736842	0.06666666666666667	0.09090909090909091	0.2	0.3333333333333333	0.5	0.3333333333333333	0.0625	0.05555555555555555	0.05	0.125	0.058823529411764705	0.1111111111111111	1.0	0.09090909090909091	0.08333333333333333	0.07142857142857142	1.0	0.14285714285714285	0.1	1.0	0.07142857142857142
hi	1.0	0.3333333333333333	0.008928571428571428	0.5	0.16666666666666666	0.125	0.16666666666666666	0.1111111111111111	0.14285714285714285	0.1111111111111111	0.14285714285714285	0.1111111111111111	0.2	0.16666666666666666	0.14285714285714285	0.14285714285714285	0.125	0.2	0.5	0.5	0.3333333333333333	0.14285714285714285	0.125	0.125	0.2	0.14285714285714285	0.25	1.0	0.2	0.16666666666666666	0.14285714285714285	1.0	0.14285714285714285	0.14285714285714285	1.0	0.14285714285714285
hu	1.0	0.25	0.008638186419355588	0.3333333333333333	0.125	0.07692307692307693	0.2	0.07143367346938775	0.09090909090909091	0.07692307692307693	0.125	0.2	0.06667111111111111	0.2	0.07692307692307693	0.125	0.14285714285714285	0.2	0.5	0.5	0.3333333333333333	0.09090909090909091	0.08333333333333333	0.07692307692307693	0.125	0.1	0.16666666666666666	1.0	0.1111111111111111	0.16666666666666666	0.125	1.0	0.16666666666666666	0.14285714285714285	1.0	0.1
id	1.0	0.2	0.009112178714247911	0.5	0.16666666666666666	0.07142857142857142	0.14285714285714285	0.0625	0.07692307692307693	0.06666666666666667	0.1111111111111111	0.16666666666666666	0.2	0.05882698961937716	0.09090909090909091	0.125	0.1111111111111111	0.2	0.5	0.5	0.3333333333333333	0.1	0.08333333333333333	0.07142857142857142	0.125	0.08333333333333333	0.16666666666666666	1.0	0.16666666666666666	0.14285714285714285	0.1111111111111111	1.0	0.07142857142857142	0.125	1.0	0.125
it	1.0	0.125	0.009558666477108997	0.3333333333333333	0.07692307692307693	0.015873015873015872	0.14285714285714285	0.011494252873563218	0.015873015873015872	0.017241379310344827	0.05263157894736842	0.14285714285714285	0.07692307692307693	0.09090909090909091	0.010003701300499998	0.03571428571428571	0.0625	0.2	0.2	0.25	0.3333333333333333	0.027777777777777776	0.014705882352941176	0.018518861454046638	0.06666666666666667	0.023255813953488372	0.0625	1.0	0.07142857142857142	0.045454545454545456	0.04	0.5	0.05882698961937716	0.05555555555555555	1.0	0.038461538461538464
ja	1.0	0.25	0.00819672131147541	0.3333333333333333	0.1	0.02857142857142857	0.14285714285714285	0.02127659574468085	0.034482758620689655	0.03333333333333333	0.06666666666666667	0.14285714285714285	0.125	0.125	0.03571428571428571	0.02127659574468085	0.07142857142857142	0.2	0.3333333333333333	0.5	0.3333333333333333	0.05263157894736842	0.02857142857142857	0.03225806451612903	0.1111111111111111	0.03571428571428571	0.125	1.0	0.09090909090909091	0.08333333333333333	0.05555555555555555	1.0	0.06666666666666667	0.07142857142857142	1.0	0.05555555555555555
ko	1.0	0.25	0.00819672131147541	0.3333333333333333	0.14285714285714285	0.05555555555555555	0.16666666666666666	0.047619047619047616	0.05555555555555555	0.06666666666666667	0.09090909090909091	0.125	0.14285714285714285	0.1111111111111111	0.0625	0.07142857142857142	0.047619047619047616	0.2	0.5	0.5	0.3333333333333333	0.07142857142857142	0.06666666666666667	0.05263157894736842	0.125	0.07692307692307693	0.14285714285714285	1.0	0.1111111111111111	0.08333333333333333	0.06666666666666667	1.0	0.09090909090909091	0.1111111111111111	1.0	0.06666666666666667
lv	1.0	0.3333333333333333	0.009268901772390448	0.5	0.2	0.2	0.2	0.2	0.2	0.2	0.2	0.2	0.2	0.2	0.2	0.2	0.2	0.2	1.0	0.5	0.3333333333333333	0.2	0.2	0.2	0.2	0.2	0.25	1.0	0.2	0.25	0.2	1.0	0.14289795918367348	0.2	1.0	0.2
mk	0.0	0.5	0.008695652173913044	1.0	0.3333333333333333	0.2	0.5	0.2	0.2	0.25	0.3333333333333333	0.5	0.5	0.5	0.2	0.3333333333333333	0.5	1.0	0.2	0.0	1.0	0.3333333333333333	0.2	0.25	1.0	0.2	0.3333333333333333	0.0	0.5	0.2	0.3333333333333333	0.0	0.16666666666666666	1.0	0.0	0.3333333333333333
ml	1.0	1.0	0.008695652173913044	1.0	0.3333333333333333	0.5	0.5	0.25	0.25	0.25	0.5	0.5	0.5	0.5	0.25	0.5	0.5	0.5	0.0	0.25	0.5	0.5	0.25	0.3333333333333333	0.5	0.5	0.3333333333333333	1.0	0.3333333333333333	0.3333333333333333	0.3333333333333333	0.5	0.1111111111111111	0.3333333333333333	1.0	0.5
mr	1.0	0.5	0.008695652173913044	0.5	0.3333333333333333	0.3333333333333333	0.3333333333333333	0.3333333333333333	0.3333333333333333	0.3333333333333333	0.3333333333333333	0.3333333333333333	0.3333333333333333	0.3333333333333333	0.3333333333333333	0.3333333333333333	0.3333333333333333	0.3333333333333333	1.0	0.5	0.3333333333333333	0.3333333333333333	0.3333333333333333	0.3333333333333333	0.3333333333333333	0.3333333333333333	0.3333333333333333	1.0	0.3333333333333333	0.3333333333333333	0.3333333333333333	1.0	0.5	0.3333333333333333	1.0	0.3333333333333333
nl	1.0	0.16666666666666666	0.009620368157383038	0.3333333333333333	0.08333333333333333	0.02631578947368421	0.16666666666666666	0.024390243902439025	0.03125	0.02702702702702703	0.0625	0.14285714285714285	0.09090909090909091	0.1	0.027777777777777776	0.05263157894736842	0.07142857142857142	0.2	0.3333333333333333	0.5	0.3333333333333333	0.018876828766466357	0.02857142857142857	0.030303030303030304	0.07142857142857142	0.03333333333333333	0.07692307692307693	1.0	0.08333333333333333	0.058823529411764705	0.047619047619047616	1.0	0.052637119113573404	0.07142857142857142	1.0	0.05
pl	1.0	0.14285714285714285	0.009224134101450013	0.25	0.06666666666666667	0.01282051282051282	0.125	0.007633587786259542	0.013513513513513514	0.014492963663095989	0.05555555555555555	0.125	0.08333333333333333	0.08333333333333333	0.014705882352941176	0.02857142857142857	0.06666666666666667	0.2	0.2	0.25	0.3333333333333333	0.02857142857142857	0.006625236656506293	0.015151515151515152	0.06666666666666667	0.018518518518518517	0.0625	1.0	0.07692307692307693	0.04	0.034482758620689655	0.5	0.05555555555555555	0.05263157894736842	1.0	0.034482758620689655
pt	1.0	0.14285714285714285	0.008480086802953776	0.3333333333333333	0.07692307692307693	0.016666666666666666	0.14285714285714285	0.010752688172043012	0.016129032258064516	0.01639344262295082	0.05	0.125	0.07692307692307693	0.07142857142857142	0.018518861454046638	0.03225806451612903	0.05263157894736842	0.2	0.25	0.3333333333333333	0.3333333333333333	0.030303030303030304	0.015151515151515152	0.010428507503166144	0.07142857142857142	0.02564102564102564	0.07142857142857142	1.0	0.0625	0.045454545454545456	0.034482758620689655	0.5	0.05263157894736842	0.05263157894736842	1.0	0.030303030303030304
ro	1.0	0.2	0.009439934927130262	0.3333333333333333	0.14285714285714285	0.0625	0.2	0.05263157894736842	0.0625	0.058823529411764705	0.125	0.2	0.125	0.125	0.06666666666666667	0.1111111111111111	0.125	0.2	1.0	0.5	0.3333333333333333	0.07142857142857142	0.06666666666666667	0.07142857142857142	0.05000249999999999	0.07142857142857142	0.1111111111111111	1.0	0.14285714285714285	0.1	0.09090909090909091	1.0	0.16666666666666666	0.09090909090909091	1.0	0.1
ru	1.0	0.125	0.00819672131147541	0.3333333333333333	0.1111111111111111	0.0196078431372549	0.16666666666666666	0.015625	0.022222222222222223	0.021739130434782608	0.058823529411764705	0.14285714285714285	0.1	0.08333333333333333	0.023255813953488372	0.03571428571428571	0.07692307692307693	0.2	0.2	0.5	0.3333333333333333	0.03333333333333333	0.018518518518518517	0.02564102564102564	0.07142857142857142	0.013888888888888888	0.07692307692307693	1.0	0.08333333333333333	0.05555555555555555	0.038461538461538464	1.0	0.05263157894736842	0.058823529411764705	1.0	0.047619047619047616
sh	1.0	0.16669444444444442	0.008832287101327716	0.5	0.125	0.058823529411764705	0.25	0.05263157894736842	0.05555555555555555	0.0625	0.1111111111111111	0.25	0.16666666666666666	0.16666666666666666	0.0625	0.125	0.14285714285714285	0.25	0.3333333333333333	0.3333333333333333	0.3333333333333333	0.07692307692307693	0.0625	0.07142857142857142	0.1111111111111111	0.07692307692307693	0.05277046078639691	1.0	0.125015625	0.05263157894736842	0.07692307692307693	1.0	0.14285714285714285	0.1	1.0	0.1
si	0.0	0.0	0.03333333333333333	0.0	1.0	1.0	1.0	1.0	1.0	1.0	1.0	1.0	1.0	1.0	1.0	1.0	1.0	1.0	0.0	1.0	1.0	1.0	1.0	1.0	1.0	1.0	1.0	1.0	1.0	1.0	1.0	0.0	1.0	1.0	0.0	1.0
simple	1.0	0.3333333333333333	0.009478754115878622	0.3333333333333333	0.14285714285714285	0.07142857142857142	0.2	0.058823529411764705	0.07142857142857142	0.08333333333333333	0.09090909090909091	0.2	0.1111111111111111	0.16666666666666666	0.07142857142857142	0.09090909090909091	0.1111111111111111	0.2	0.5	0.3333333333333333	0.3333333333333333	0.08333333333333333	0.07692307692307693	0.0625	0.14285714285714285	0.08333333333333333	0.125015625	1.0	0.058830449826989616	0.125	0.09090909090909091	0.5	0.07142857142857142	0.125	1.0	0.09090909090909091
sr	1.0	0.14285714285714285	0.008547008547008548	0.5	0.1111111111111111	0.038463017751479284	0.2	0.03225806451612903	0.038461538461538464	0.045454545454545456	0.08333333333333333	0.16666666666666666	0.16666666666666666	0.14285714285714285	0.045454545454545456	0.08333333333333333	0.08333333333333333	0.25	0.2	0.3333333333333333	0.3333333333333333	0.058823529411764705	0.04	0.045454545454545456	0.1	0.05555555555555555	0.05263157894736842	1.0	0.125	0.032277844958380854	0.05555555555555555	1.0	0.1	0.08333333333333333	1.0	0.0625
sv	1.0	0.16666666666666666	0.009036542731690848	0.3333333333333333	0.1111111111111111	0.03225806451612903	0.2	0.02702702702702703	0.03125	0.03125	0.07142857142857142	0.14285714285714285	0.125	0.1111111111111111	0.04	0.05555555555555555	0.06666666666666667	0.2	0.3333333333333333	0.3333333333333333	0.3333333333333333	0.047619047619047616	0.034482758620689655	0.034482758620689655	0.09090909090909091	0.038461538461538464	0.07692307692307693	1.0	0.09090909090909091	0.05555555555555555	0.026324792936288092	0.5	0.07692307692307693	0.06666666666666667	1.0	0.047619047619047616
te	1.0	1.0	0.01098901098901099	1.0	1.0	1.0	1.0	0.5	0.5	0.5	1.0	1.0	1.0	1.0	0.5	1.0	1.0	1.0	0.0	0.5	1.0	1.0	0.5	0.5	1.0	1.0	1.0	0.0	0.5	1.0	0.5	0.5	0.16666666666666666	1.0	1.0	1.0
tr	0.5	0.09090909090909091	-1.0	0.3333333333333333	0.09090909090909091	0.05555864197530863	0.16666666666666666	0.05263434903047091	0.055561728395061724	0.05263434903047091	0.14285714285714285	0.14285714285714285	0.16666666666666666	0.07142857142857142	0.05882698961937716	0.06666666666666667	0.09090909090909091	0.14289795918367348	0.16666666666666666	0.1111111111111111	0.5	0.052637119113573404	0.05555555555555555	0.05263157894736842	0.16666666666666666	0.05263157894736842	0.14285714285714285	1.0	0.07142857142857142	0.1	0.07692307692307693	0.16666666666666666	0.05004002253254005	0.07692307692307693	0.5	0.06666666666666667
vi	1.0	0.2	0.009098668390500641	0.3333333333333333	0.125	0.05	0.2	0.041666666666666664	0.05555555555555555	0.05263157894736842	0.1	0.14285714285714285	0.14285714285714285	0.125	0.05555555555555555	0.07142857142857142	0.1111111111111111	0.2	1.0	0.3333333333333333	0.3333333333333333	0.07142857142857142	0.05263157894736842	0.05263157894736842	0.09090909090909091	0.058823529411764705	0.1	1.0	0.125	0.08333333333333333	0.06666666666666667	1.0	0.07692307692307693	0.041666666666666664	1.0	0.08333333333333333
war	1.0	1.0	0.008696332778827975	1.0	1.0	1.0	1.0	1.0	1.0	1.0	1.0	1.0	1.0	1.0	1.0	1.0	1.0	1.0	0.0	1.0	1.0	1.0	1.0	1.0	1.0	1.0	1.0	0.0	1.0	1.0	1.0	1.0	0.5	1.0	1.0	1.0
zh	1.0	0.16666666666666666	0.008262274498230101	0.3333333333333333	0.1111111111111111	0.03571428571428571	0.16666666666666666	0.025	0.03225806451612903	0.034482758620689655	0.07142857142857142	0.14285714285714285	0.1	0.125	0.038461538461538464	0.05555555555555555	0.06666666666666667	0.2	0.3333333333333333	0.5	0.3333333333333333	0.05	0.034482758620689655	0.030303030303030304	0.1	0.047619047619047616	0.1	1.0	0.09090909090909091	0.0625	0.047619047619047616	1.0	0.06666666666666667	0.08333333333333333	1.0	0.025
