arz	bs	ceb	ckb	da	de	el	en	es	fr	he	hi	hu	id	it	ja	ko	lv	mk	ml	mr	nl	pl	pt	ro	ru	sh	si	simple	sr	sv	te	vi	war	zh
arz	1.0	0.0	0.0	0.0	1.0	1.0	1.0	1.0	1.0	1.0	1.0	1.0	1.0	1.0	1.0	1.0	1.0	1.0	0.0	1.0	0.0	1.0	1.0	1.0	1.0	1.0	1.0	0.0	1.0	1.0	1.0	0.0	1.0	0.0	1.0
bs	0.0	1.0	1.0	1.0	1.0	1.0	1.0	0.594461461275062	0.5969819612641136	0.5969819612641136	1.0	1.0	1.0	1.0	0.7263875964832448	1.0	1.0	1.0	1.0	1.0	1.0	1.0	1.0	0.6030419283415577	1.0	0.594461461275062	1.0	1.0	0.7411828468492555	1.0	1.0	0.0	1.0	1.0	1.0
ceb	0.0	1.0	1.0	0.0	0.0	1.0	1.0	1.0	1.0	1.0	1.0	0.0	0.0	1.0	1.0	1.0	1.0	0.0	0.0	0.0	0.0	1.0	1.0	1.0	1.0	1.0	0.0	0.0	0.0	1.0	1.0	0.0	1.0	0.0	1.0
ckb	0.0	1.0	0.0	1.0	1.0	1.0	1.0	1.0	1.0	1.0	1.0	1.0	1.0	1.0	1.0	1.0	1.0	1.0	1.0	1.0	1.0	1.0	1.0	1.0	1.0	1.0	1.0	1.0	1.0	1.0	1.0	0.0	1.0	1.0	1.0
da	1.0	1.0	0.0	1.0	1.0	0.5867381289245956	1.0	0.5159661330255296	0.5837075435067187	0.6364353709769035	0.7171176902274347	1.0	0.6402464701444692	0.6463474082678703	0.6314395498907664	1.0	0.7141080454298697	1.0	1.0	1.0	1.0	0.6377047307628824	0.5949224416307971	0.7101264857596847	0.7210092110599263	0.6377047307628824	0.7234532828151787	1.0	1.0	0.7199285383279772	0.6293456853513546	0.0	0.7199285383279772	1.0	0.6442100898340134
de	1.0	1.0	1.0	1.0	0.5867381289245956	1.0	1.0	0.23069373210550223	0.37057710506010294	0.33804056208064637	0.5814403037423782	1.0	0.6390933240567507	0.48868305688894353	0.34852238302554744	0.4550858271997662	0.5304119813645268	1.0	1.0	1.0	1.0	0.39356871272419	0.46643924086815053	0.3879833303694954	0.632387956502984	0.3878222106741634	0.5496489756728927	1.0	1.0	0.5466236119039494	0.40663564009581254	1.0	1.0	0.7690990303325336	0.44845457337089784
el	1.0	1.0	1.0	1.0	1.0	1.0	1.0	0.7075325319701226	0.6406217872018793	1.0	1.0	1.0	1.0	0.7179915061657696	1.0	1.0	1.0	1.0	1.0	1.0	1.0	0.7141080454298698	1.0	1.0	0.7248485669756152	1.0	1.0	1.0	1.0	1.0	0.7171176902274347	0.0	1.0	0.7690990303325336	1.0
en	1.0	0.594461461275062	1.0	1.0	0.5159661330255296	0.23069373210550223	0.7075325319701226	1.0	0.27159404839932	0.2530418075529811	0.5442348768883051	1.0	0.580683566118553	0.3700650783245171	0.2687332363636131	0.36718766291842525	0.49114357399114844	1.0	1.0	1.0	1.0	0.3306616236715593	0.34389570521655116	0.2790008358702837	0.7071524664833438	0.4226565034207211	0.6529914181009934	1.0	0.7533226188229759	1.0	0.34330666911614244	1.0	0.7031439803509411	0.7690990303325336	0.4950027663252613
es	1.0	0.5969819612641136	1.0	1.0	0.5837075435067187	0.37057710506010294	0.6406217872018793	0.27159404839932	1.0	0.4065135605009907	1.0	1.0	0.6364353709769035	0.4187227010585499	0.4002468922827477	0.6977891583206234	1.0	1.0	0.7322034805959263	1.0	1.0	0.4848082954766273	0.536409170508051	0.3561966642973864	0.6313252570397846	0.5361192263272464	0.6014795719577611	1.0	0.7324268608047684	0.7083336130853418	0.44206951317447296	1.0	0.7079259635809064	0.7690990303325336	0.6980834559209268
fr	1.0	0.5969819612641136	1.0	1.0	0.6364353709769035	0.33804056208064637	1.0	0.2530418075529811	0.4065135605009907	1.0	0.7031439803509412	1.0	0.6383829424521856	0.4162123971562515	0.3584268671912295	0.6219681194265673	0.6257411679540748	1.0	1.0	1.0	1.0	0.4235836574329535	0.4847532404248603	0.4532269600099725	0.7101264857596848	0.5706912346301565	0.6334134137277926	1.0	0.7558701509750564	0.7101264857596847	0.48729706687962143	1.0	1.0	0.7690990303325336	0.6977891583206232
he	1.0	1.0	1.0	1.0	0.7171176902274347	0.5814403037423782	1.0	0.5442348768883051	1.0	0.7031439803509412	1.0	1.0	0.7171176902274348	0.7101264857596848	0.7071524664833438	1.0	1.0	1.0	1.0	1.0	1.0	0.7067849872559717	0.6347195024507913	1.0	1.0	1.0	1.0	1.0	0.7199285383279772	1.0	0.6347195024507913	0.0	1.0	1.0	1.0
hi	1.0	1.0	0.0	1.0	1.0	1.0	1.0	1.0	1.0	1.0	1.0	1.0	0.7347168825662657	1.0	0.7221793916855703	1.0	1.0	1.0	1.0	1.0	1.0	1.0	1.0	1.0	1.0	1.0	1.0	1.0	1.0	1.0	0.7263875964832448	0.0	1.0	1.0	1.0
hu	1.0	1.0	0.0	1.0	0.6402464701444692	0.6390933240567507	1.0	0.580683566118553	0.6364353709769035	0.6383829424521856	0.7171176902274348	0.7347168825662657	1.0	0.636400415174357	0.6314395498907667	1.0	0.7134542832283586	1.0	1.0	1.0	1.0	0.7111374370280844	0.5879521041989048	0.5863912357609073	0.7171176902274348	0.7111374370280845	0.7221793916855703	1.0	0.728099120889861	0.7210092110599264	0.5858104530884551	0.0	1.0	0.7690990303325336	0.7116768074483948
id	1.0	1.0	1.0	1.0	0.6463474082678703	0.48868305688894353	0.7179915061657696	0.3700650783245171	0.4187227010585499	0.4162123971562515	0.7101264857596848	1.0	0.636400415174357	1.0	0.45570824135353516	0.5667348910386509	0.7067849872559714	1.0	1.0	1.0	1.0	0.4891929863820168	0.705113224982586	0.4829619738888929	0.5904900034753398	0.5105500037650469	0.5719873437214256	1.0	0.764516372081215	0.7122412578101113	0.5449338997030555	0.0	0.6432357517002909	0.7690990303325336	0.5154375274720767
it	1.0	0.7263875964832448	1.0	1.0	0.6314395498907664	0.34852238302554744	1.0	0.2687332363636131	0.4002468922827477	0.3584268671912295	0.7071524664833438	0.7221793916855703	0.6314395498907667	0.45570824135353516	1.0	0.5451988153818977	0.6280783374972718	1.0	1.0	1.0	1.0	0.43888697563996293	0.44316219698458575	0.40600944179114756	0.6328903638342454	0.47415466754780566	0.6577088225723157	1.0	0.6013683465474025	0.7111374370280844	0.46978008806156474	1.0	1.0	0.7690990303325336	0.5797204875684809
ja	1.0	1.0	1.0	1.0	1.0	0.4550858271997662	1.0	0.36718766291842525	0.6977891583206234	0.6219681194265673	1.0	1.0	1.0	0.5667348910386509	0.5451988153818977	1.0	1.0	1.0	1.0	1.0	1.0	1.0	0.6268516359385987	0.6249738127342558	1.0	1.0	0.7179915061657696	1.0	0.7162976956558118	1.0	0.5807252029124176	1.0	1.0	0.7690990303325336	1.0
ko	1.0	1.0	1.0	1.0	0.7141080454298697	0.5304119813645268	1.0	0.49114357399114844	1.0	0.6257411679540748	1.0	1.0	0.7134542832283586	0.7067849872559714	0.6280783374972718	1.0	1.0	1.0	1.0	1.0	1.0	0.7039424865283899	0.6290879827974322	0.7026445955663436	1.0	1.0	1.0	1.0	0.7189258117174849	1.0	0.7064293785686269	1.0	1.0	0.7690990303325336	1.0
lv	1.0	1.0	0.0	1.0	1.0	1.0	1.0	1.0	1.0	1.0	1.0	1.0	1.0	1.0	1.0	1.0	1.0	1.0	1.0	1.0	1.0	1.0	1.0	1.0	1.0	1.0	1.0	1.0	1.0	1.0	1.0	0.0	1.0	0.7690990303325336	1.0
mk	0.0	1.0	0.0	1.0	1.0	1.0	1.0	1.0	0.7322034805959263	1.0	1.0	1.0	1.0	1.0	1.0	1.0	1.0	1.0	1.0	1.0	1.0	1.0	1.0	1.0	0.7347168825662657	1.0	1.0	1.0	1.0	1.0	1.0	0.0	1.0	1.0	1.0
ml	1.0	1.0	0.0	1.0	1.0	1.0	1.0	1.0	1.0	1.0	1.0	1.0	1.0	1.0	1.0	1.0	1.0	1.0	1.0	1.0	1.0	1.0	1.0	1.0	1.0	1.0	1.0	1.0	1.0	1.0	1.0	0.0	1.0	1.0	1.0
mr	0.0	1.0	0.0	1.0	1.0	1.0	1.0	1.0	1.0	1.0	1.0	1.0	1.0	1.0	1.0	1.0	1.0	1.0	1.0	1.0	1.0	1.0	1.0	1.0	1.0	1.0	1.0	1.0	1.0	1.0	1.0	0.0	1.0	1.0	1.0
nl	1.0	1.0	1.0	1.0	0.6377047307628824	0.39356871272419	0.7141080454298698	0.3306616236715593	0.4848082954766273	0.4235836574329535	0.7067849872559717	1.0	0.7111374370280844	0.4891929863820168	0.43888697563996293	1.0	0.7039424865283899	1.0	1.0	1.0	1.0	1.0	0.5377706860289765	0.5105738045052807	1.0	0.57412444692054	0.7605527737255402	1.0	0.6345279152703018	1.0	0.4915112675516843	0.0	1.0	0.7690990303325336	0.7017153257436491
pl	1.0	1.0	1.0	1.0	0.5949224416307971	0.46643924086815053	1.0	0.34389570521655116	0.536409170508051	0.4847532404248603	0.6347195024507913	1.0	0.5879521041989048	0.705113224982586	0.44316219698458575	0.6268516359385987	0.6290879827974322	1.0	1.0	1.0	1.0	0.5377706860289765	1.0	0.4607216755906314	0.6319047773571784	0.5741244469205399	0.7572985516788969	1.0	1.0	1.0	0.6265638846001169	1.0	1.0	0.7690990303325336	0.6271466284307811
pt	1.0	0.6030419283415577	1.0	1.0	0.7101264857596847	0.3879833303694954	1.0	0.2790008358702837	0.3561966642973864	0.4532269600099725	1.0	1.0	0.5863912357609073	0.4829619738888929	0.40600944179114756	0.6249738127342558	0.7026445955663436	1.0	1.0	1.0	1.0	0.5105738045052807	0.4607216755906314	1.0	0.7122412578101112	0.5724411160630986	1.0	1.0	0.7614667272561387	1.0	0.5520618349738926	1.0	1.0	0.7690990303325336	0.6260089247738756
ro	1.0	1.0	1.0	1.0	0.7210092110599263	0.632387956502984	0.7248485669756152	0.7071524664833438	0.6313252570397846	0.7101264857596848	1.0	1.0	0.7171176902274348	0.5904900034753398	0.6328903638342454	1.0	1.0	1.0	0.7347168825662657	1.0	1.0	1.0	0.6319047773571784	0.7122412578101112	1.0	0.7096516635440988	0.718925811717485	1.0	1.0	1.0	0.6432357517002909	1.0	1.0	0.7690990303325336	1.0
ru	1.0	0.594461461275062	1.0	1.0	0.6377047307628824	0.3878222106741634	1.0	0.4226565034207211	0.5361192263272464	0.5706912346301565	1.0	1.0	0.7111374370280845	0.5105500037650469	0.47415466754780566	1.0	1.0	1.0	1.0	1.0	1.0	0.57412444692054	0.5741244469205399	0.5724411160630986	0.7096516635440988	1.0	0.7580584444916529	1.0	0.7596824782023823	1.0	0.43893167450740694	1.0	1.0	0.7690990303325336	1.0
sh	1.0	1.0	0.0	1.0	0.7234532828151787	0.5496489756728927	1.0	0.6529914181009934	0.6014795719577611	0.6334134137277926	1.0	1.0	0.7221793916855703	0.5719873437214256	0.6577088225723157	0.7179915061657696	1.0	1.0	1.0	1.0	1.0	0.7605527737255402	0.7572985516788969	1.0	0.718925811717485	0.7580584444916529	1.0	1.0	1.0	1.0	0.635123090729018	0.0	1.0	0.7690990303325336	1.0
si	0.0	1.0	0.0	1.0	1.0	1.0	1.0	1.0	1.0	1.0	1.0	1.0	1.0	1.0	1.0	1.0	1.0	1.0	1.0	1.0	1.0	1.0	1.0	1.0	1.0	1.0	1.0	1.0	1.0	1.0	1.0	0.0	1.0	1.0	1.0
simple	1.0	0.7411828468492555	0.0	1.0	1.0	1.0	1.0	0.7533226188229759	0.7324268608047684	0.7558701509750564	0.7199285383279772	1.0	0.728099120889861	0.764516372081215	0.6013683465474025	0.7162976956558118	0.7189258117174849	1.0	1.0	1.0	1.0	0.6345279152703018	1.0	0.7614667272561387	1.0	0.7596824782023823	1.0	1.0	1.0	1.0	1.0	0.0	1.0	1.0	0.7179915061657696
sr	1.0	1.0	1.0	1.0	0.7199285383279772	0.5466236119039494	1.0	1.0	0.7083336130853418	0.7101264857596847	1.0	1.0	0.7210092110599264	0.7122412578101113	0.7111374370280844	1.0	1.0	1.0	1.0	1.0	1.0	1.0	1.0	1.0	1.0	1.0	1.0	1.0	1.0	1.0	0.6398385892358057	1.0	1.0	0.7690990303325336	1.0
sv	1.0	1.0	1.0	1.0	0.6293456853513546	0.40663564009581254	0.7171176902274347	0.34330666911614244	0.44206951317447296	0.48729706687962143	0.6347195024507913	0.7263875964832448	0.5858104530884551	0.5449338997030555	0.46978008806156474	0.5807252029124176	0.7064293785686269	1.0	1.0	1.0	1.0	0.4915112675516843	0.6265638846001169	0.5520618349738926	0.6432357517002909	0.43893167450740694	0.635123090729018	1.0	1.0	0.6398385892358057	1.0	1.0	0.7134542832283589	0.7690990303325336	0.5513451653393852
te	0.0	0.0	0.0	0.0	0.0	1.0	0.0	1.0	1.0	1.0	0.0	0.0	0.0	0.0	1.0	1.0	1.0	0.0	0.0	0.0	0.0	0.0	1.0	1.0	1.0	1.0	0.0	0.0	0.0	1.0	1.0	1.0	0.0	0.0	1.0
vi	1.0	1.0	1.0	1.0	0.7199285383279772	1.0	1.0	0.7031439803509411	0.7079259635809064	1.0	1.0	1.0	1.0	0.6432357517002909	1.0	1.0	1.0	1.0	1.0	1.0	1.0	1.0	1.0	1.0	1.0	1.0	1.0	1.0	1.0	1.0	0.7134542832283589	0.0	1.0	0.7690990303325336	1.0
war	0.0	1.0	0.0	1.0	1.0	0.7690990303325336	0.7690990303325336	0.7690990303325336	0.7690990303325336	0.7690990303325336	1.0	1.0	0.7690990303325336	0.7690990303325336	0.7690990303325336	0.7690990303325336	0.7690990303325336	0.7690990303325336	1.0	1.0	1.0	0.7690990303325336	0.7690990303325336	0.7690990303325336	0.7690990303325336	0.7690990303325336	0.7690990303325336	1.0	1.0	0.7690990303325336	0.7690990303325336	0.0	0.7690990303325336	1.0	0.7690990303325336
zh	1.0	1.0	1.0	1.0	0.6442100898340134	0.44845457337089784	1.0	0.4950027663252613	0.6980834559209268	0.6977891583206232	1.0	1.0	0.7116768074483948	0.5154375274720767	0.5797204875684809	1.0	1.0	1.0	1.0	1.0	1.0	0.7017153257436491	0.6271466284307811	0.6260089247738756	1.0	1.0	1.0	1.0	0.7179915061657696	1.0	0.5513451653393852	1.0	1.0	0.7690990303325336	1.0
