arz	bs	ceb	ckb	da	de	el	en	es	fr	he	hi	hu	id	it	ja	ko	lv	mk	ml	mr	nl	pl	pt	ro	ru	sh	si	simple	sr	sv	te	vi	war	zh
arz	0.20004004004004003	1.0	0.0	0.0	1.0	0.5	0.3333333333333333	0.2	0.25	0.0	0.5	0.0	1.0	1.0	0.25	0.25	0.3333333333333333	1.0	1.0	0.0	0.0	0.25	0.25	0.3333333333333333	0.3333333333333333	0.25	0.5	0.0	1.0	0.5	1.0	0.0	0.3333333333333333	0.0	0.2
bs	1.0	0.07172577082985719	0.0	1.0	0.3333333333333333	0.3333333333333333	0.25	0.07142857142857142	0.07692307692307693	0.0	0.25	1.0	0.5	0.25	0.09090909090909091	0.25	0.3333333333333333	0.3333333333333333	0.25	0.5	1.0	0.3333333333333333	0.14285714285714285	0.16666666666666666	0.25	0.14285714285714285	0.3333333333333333	1.0	0.25	0.25	0.3333333333333333	1.0	0.5	0.3333333333333333	0.2
ceb	0.0	0.0	1.0	0.0	1.0	1.0	1.0	1.0	1.0	0.0	1.0	0.0	0.0	0.0	1.0	1.0	1.0	1.0	0.0	0.0	0.0	1.0	1.0	1.0	1.0	1.0	1.0	0.0	0.0	0.0	1.0	0.0	1.0	0.0	1.0
ckb	0.0	1.0	0.0	0.25	1.0	0.25	0.3333333333333333	0.25	0.25	0.0	0.3333333333333333	1.0	0.5	0.5	0.3333333333333333	0.5	1.0	0.5	1.0	0.5	1.0	0.3333333333333333	0.5	0.3333333333333333	0.5	0.25	1.0	1.0	0.5	0.5	0.5	1.0	0.3333333333333333	1.0	0.3333333333333333
da	1.0	0.3333333333333333	1.0	1.0	0.005414654724546756	0.018518518518518517	0.03571428571428571	0.00775199807703864	0.012048192771084338	0.0	0.02702702702702703	0.3333333333333333	0.045454545454545456	0.07143367346938775	0.014084507042253521	0.020833333333333332	0.037037037037037035	0.037037037037037035	0.09090909090909091	0.07142857142857142	0.5	0.013158067867036011	0.01818181818181818	0.022222222222222223	0.03571428571428571	0.011764705882352941	0.03333333333333333	0.3333333333333333	0.0625	0.07692307692307693	0.010638297872340425	0.3333333333333333	0.038461538461538464	0.2	0.025
de	0.5	0.3333333333333333	1.0	0.25	0.018518518518518517	0.001038270781462112	0.011494252873563218	0.0018315085402997489	0.0028089887640449437	0.0	0.010101010101010102	0.125	0.022222222222222223	0.03333333333333333	0.002583986005114543	0.007633587786259542	0.025	0.015384615384615385	0.05	0.02127659574468085	0.5	0.004405286343612335	0.0033112582781456954	0.005347622179644828	0.013333333333333334	0.0030120572652053996	0.014492753623188406	0.3333333333333333	0.03225806451612903	0.03333333333333333	0.008064516129032258	0.3333333333333333	0.022222716049382713	0.14285714285714285	0.008772006771314251
el	0.3333333333333333	0.25	1.0	0.3333333333333333	0.03571428571428571	0.011494252873563218	0.0034108390403221264	0.005154718886172814	0.0072992700729927005	0.0	0.018867924528301886	0.25	0.045454545454545456	0.034482758620689655	0.0072993233523363	0.016666666666666666	0.037037037037037035	0.02702702702702703	0.07142857142857142	0.043478260869565216	1.0	0.011363765495867768	0.008	0.011764705882352941	0.02631578947368421	0.00819672131147541	0.027777777777777776	0.5	0.05555555555555555	0.06666666666666667	0.019231139053254437	0.3333333333333333	0.03125	0.2	0.01639344262295082
en	0.2	0.07142857142857142	1.0	0.25	0.00775199807703864	0.0018315085402997489	0.005154718886172814	0.0001811179767271654	0.0006093867497301217	0.05263157894736842	0.005025150880028282	0.05263157894736842	0.011494252873563218	0.009009333657982305	0.000495553890603989	0.0038610187683546754	0.014492753623188406	0.007352941176470588	0.02631578947368421	0.0030770461633230863	0.5	0.001305500071580009	0.001029880966143814	0.0016611544022692908	0.0043482797731569	0.000898492777910974	0.008130147399034966	0.125	0.01282051282051282	0.02127659574468085	0.0031949494227765923	0.3333333333333333	0.013513513513513514	0.125	0.004484365259707615
es	0.25	0.07692307692307693	1.0	0.25	0.012048192771084338	0.0028089887640449437	0.0072992700729927005	0.0006093867497301217	0.0003722952685661294	0.16666666666666666	0.006802721088435374	0.1	0.01639344262295082	0.015873015873015872	0.0008340283569641367	0.004975124378109453	0.016666666666666666	0.010101010101010102	0.037037037037037035	0.008130081300813009	0.5	0.0022471910112359553	0.0012787723785166241	0.002304147465437788	0.007575814967860423	0.0015360983102918587	0.00980392156862745	0.16666666666666666	0.01818181818181818	0.02564102564102564	0.004784688995215311	0.3333333333333333	0.016129032258064516	0.125	0.005494505494505495
fr	0.0	0.0	0.0	0.0	0.0	0.0	0.0	0.05263157894736842	0.16666666666666666	0.002032697972437041	0.0	0.0	0.0	0.0	0.07142857142857142	0.0	0.0	0.0	0.0	0.0	0.0	0.16666666666666666	0.5	0.5	0.0	0.2	0.0	0.0	0.0	0.0	0.0	0.0	0.0	0.0	0.5
he	0.5	0.25	1.0	0.3333333333333333	0.02702702702702703	0.010101010101010102	0.018867924528301886	0.005025150880028282	0.006802721088435374	0.0	0.004019858441803426	0.25	0.038461538461538464	0.04	0.0064516129032258064	0.014705882352941176	0.02702702702702703	0.021739130434782608	0.06666666666666667	0.05263157894736842	0.5	0.009345794392523364	0.007751937984496124	0.00909090909090909	0.02127750158488049	0.006666666666666667	0.01694915254237288	0.3333333333333333	0.041666666666666664	0.038461538461538464	0.014285714285714285	0.3333333333333333	0.029411764705882353	0.2	0.011494384991412341
hi	0.0	1.0	0.0	1.0	0.3333333333333333	0.125	0.25	0.05263157894736842	0.1	0.0	0.25	0.050010005002499996	0.25	0.25	0.09090909090909091	0.2	0.25	0.25	0.5	0.5	1.0	0.25	0.25	0.1111111111111111	0.3333333333333333	0.09090909090909091	0.3333333333333333	0.5	0.5	0.5	0.3333333333333333	1.0	0.5	1.0	0.2
hu	1.0	0.5	0.0	0.5	0.045454545454545456	0.022222222222222223	0.045454545454545456	0.011494252873563218	0.01639344262295082	0.0	0.038461538461538464	0.25	0.009180291728222201	0.125	0.01694915254237288	0.03333333333333333	0.07142857142857142	0.0625	0.16666666666666666	0.058823529411764705	0.5	0.019230769230769232	0.016666666666666666	0.02564102564102564	0.041666666666666664	0.01694915254237288	0.05555555555555555	0.3333333333333333	0.06666666666666667	0.125	0.02702702702702703	0.3333333333333333	0.0625	0.3333333333333333	0.035715561224489795
id	1.0	0.25	0.0	0.5	0.07143367346938775	0.03333333333333333	0.034482758620689655	0.009009333657982305	0.015873015873015872	0.0	0.04	0.25	0.125	0.008817326883836433	0.014084705614164054	0.02564168310322156	0.07692307692307693	0.05263157894736842	0.14285714285714285	0.047619047619047616	1.0	0.023255813953488372	0.018868280526877893	0.020000399999999998	0.058823529411764705	0.013889274691358023	0.058823529411764705	0.2	0.05555555555555555	0.08334027777777778	0.04	0.5	0.05	0.25	0.027028488678598247
it	0.25	0.09090909090909091	1.0	0.3333333333333333	0.014084507042253521	0.002583986005114543	0.0072993233523363	0.000495553890603989	0.0008340283569641367	0.07142857142857142	0.0064516129032258064	0.09090909090909091	0.01694915254237288	0.014084705614164054	0.00019397266295256884	0.004807738535502959	0.017857142857142856	0.011235955056179775	0.037037037037037035	0.0054945356840961235	0.5	0.0020491887261488845	0.0013175300001215106	0.00234192037470726	0.0074628536422365775	0.0013736452421205167	0.009708737864077669	0.25	0.021739130434782608	0.024390243902439025	0.0051813471502590676	0.3333333333333333	0.01639344262295082	0.14285714285714285	0.005988059844418982
ja	0.25	0.25	1.0	0.5	0.020833333333333332	0.007633587786259542	0.016666666666666666	0.0038610187683546754	0.004975124378109453	0.0	0.014705882352941176	0.2	0.03333333333333333	0.02564168310322156	0.004807738535502959	0.003121546225083033	0.022727272727272728	0.019230769230769232	0.05555555555555555	0.023255813953488372	0.5	0.007194348118627401	0.006172839506172839	0.007092248880841004	0.017857780612244897	0.005181427689333942	0.02040816326530612	0.3333333333333333	0.029411764705882353	0.041666666666666664	0.010869801512287334	0.3333333333333333	0.020408579758433985	0.16666666666666666	0.009523990929705215
ko	0.3333333333333333	0.3333333333333333	1.0	1.0	0.037037037037037035	0.025	0.037037037037037035	0.014492753623188406	0.016666666666666666	0.0	0.02702702702702703	0.25	0.07142857142857142	0.07692307692307693	0.017857142857142856	0.022727272727272728	0.0123467460752934	0.05555555555555555	0.1	0.08333333333333333	1.0	0.024390243902439025	0.022222222222222223	0.022727272727272728	0.037037037037037035	0.015873015873015872	0.030303030303030304	0.3333333333333333	0.058823529411764705	0.06666666666666667	0.027777777777777776	0.3333333333333333	0.04	0.2	0.025
lv	1.0	0.3333333333333333	1.0	0.5	0.037037037037037035	0.015384615384615385	0.02702702702702703	0.007352941176470588	0.010101010101010102	0.0	0.021739130434782608	0.25	0.0625	0.05263157894736842	0.011235955056179775	0.019230769230769232	0.05555555555555555	0.007093506664805643	0.07692307692307693	0.07692307692307693	0.5	0.014285714285714285	0.011627906976744186	0.017543859649122806	0.03125	0.010638297872340425	0.030303030303030304	0.3333333333333333	0.05	0.07692307692307693	0.017543859649122806	0.5	0.05263157894736842	0.25	0.02040816326530612
mk	1.0	0.25	0.0	1.0	0.09090909090909091	0.05	0.07142857142857142	0.02631578947368421	0.037037037037037035	0.0	0.06666666666666667	0.5	0.16666666666666666	0.14285714285714285	0.037037037037037035	0.05555555555555555	0.1	0.07692307692307693	0.02631786703601108	0.2	1.0	0.043478260869565216	0.047619047619047616	0.0625	0.09090909090909091	0.038461538461538464	0.07692307692307693	1.0	0.1	0.08333333333333333	0.058823529411764705	1.0	0.1111111111111111	0.3333333333333333	0.058823529411764705
ml	0.0	0.5	0.0	0.5	0.07142857142857142	0.02127659574468085	0.043478260869565216	0.0030770461633230863	0.008130081300813009	0.0	0.05263157894736842	0.5	0.058823529411764705	0.047619047619047616	0.0054945356840961235	0.023255813953488372	0.08333333333333333	0.07692307692307693	0.2	0.003051283504452257	1.0	0.013513513513513514	0.013333333333333334	0.014285714285714285	0.033335555555555556	0.008264736083600847	0.07142857142857142	0.25	0.058823529411764705	0.1111111111111111	0.0400016	0.5	0.0625	0.25	0.02325635478637101
mr	0.0	1.0	0.0	1.0	0.5	0.5	1.0	0.5	0.5	0.0	0.5	1.0	0.5	1.0	0.5	0.5	1.0	0.5	1.0	1.0	0.5	0.5	0.5	0.5	0.5	0.5	1.0	1.0	0.5	1.0	0.5	1.0	0.5	1.0	0.5
nl	0.25	0.3333333333333333	1.0	0.3333333333333333	0.013158067867036011	0.004405286343612335	0.011363765495867768	0.001305500071580009	0.0022471910112359553	0.16666666666666666	0.009345794392523364	0.25	0.019230769230769232	0.023255813953488372	0.0020491887261488845	0.007194348118627401	0.024390243902439025	0.014285714285714285	0.043478260869565216	0.013513513513513514	0.5	0.0006739462460879632	0.0028011204481792717	0.004878048780487805	0.010753035032951786	0.00264551664287114	0.015151515151515152	0.3333333333333333	0.02702702702702703	0.034482758620689655	0.0059171947760932745	0.3333333333333333	0.019608227604767395	0.14285714285714285	0.007874077748155496
pl	0.25	0.14285714285714285	1.0	0.5	0.01818181818181818	0.0033112582781456954	0.008	0.001029880966143814	0.0012787723785166241	0.5	0.007751937984496124	0.25	0.016666666666666666	0.018868280526877893	0.0013175300001215106	0.006172839506172839	0.022222222222222223	0.011627906976744186	0.047619047619047616	0.013333333333333334	0.5	0.0028011204481792717	0.00046863102472023753	0.003663003663003663	0.009345881736396193	0.0018587395143792927	0.011627906976744186	0.25	0.02564102564102564	0.029411764705882353	0.006250039062500001	0.3333333333333333	0.019230769230769232	0.16666666666666666	0.007936507936507936
pt	0.3333333333333333	0.16666666666666666	1.0	0.3333333333333333	0.022222222222222223	0.005347622179644828	0.011764705882352941	0.0016611544022692908	0.002304147465437788	0.5	0.00909090909090909	0.1111111111111111	0.02564102564102564	0.020000399999999998	0.00234192037470726	0.007092248880841004	0.022727272727272728	0.017543859649122806	0.0625	0.014285714285714285	0.5	0.004878048780487805	0.003663003663003663	0.0008903030843914755	0.011904903628117915	0.0030864483310470967	0.013333333333333334	0.3333333333333333	0.027777777777777776	0.03225806451612903	0.01	0.3333333333333333	0.019230769230769232	0.2	0.007633587786259542
ro	0.3333333333333333	0.25	1.0	0.5	0.03571428571428571	0.013333333333333334	0.02631578947368421	0.0043482797731569	0.007575814967860423	0.0	0.02127750158488049	0.3333333333333333	0.041666666666666664	0.058823529411764705	0.0074628536422365775	0.017857780612244897	0.037037037037037035	0.03125	0.09090909090909091	0.033335555555555556	0.5	0.010753035032951786	0.009345881736396193	0.011904903628117915	0.003636840345854883	0.007752238447208701	0.030303948576675847	0.3333333333333333	0.05555555555555555	0.052637119113573404	0.020833333333333332	0.3333333333333333	0.03703840877914952	0.3333333333333333	0.017545706371191135
ru	0.25	0.14285714285714285	1.0	0.25	0.011764705882352941	0.0030120572652053996	0.00819672131147541	0.000898492777910974	0.0015360983102918587	0.2	0.006666666666666667	0.09090909090909091	0.01694915254237288	0.013889274691358023	0.0013736452421205167	0.005181427689333942	0.015873015873015872	0.010638297872340425	0.038461538461538464	0.008264736083600847	0.5	0.00264551664287114	0.0018587395143792927	0.0030864483310470967	0.007752238447208701	0.00042473844821847993	0.010416666666666666	0.14285714285714285	0.022222222222222223	0.025000625	0.005102092877967514	0.3333333333333333	0.01639344262295082	0.14285714285714285	0.006369507890786645
sh	0.5	0.3333333333333333	1.0	1.0	0.03333333333333333	0.014492753623188406	0.027777777777777776	0.008130147399034966	0.00980392156862745	0.0	0.01694915254237288	0.3333333333333333	0.05555555555555555	0.058823529411764705	0.009708737864077669	0.02040816326530612	0.030303030303030304	0.030303030303030304	0.07692307692307693	0.07142857142857142	1.0	0.015151515151515152	0.011627906976744186	0.013333333333333334	0.030303948576675847	0.010416666666666666	0.00781488122595233	0.3333333333333333	0.05263157894736842	0.045454545454545456	0.020833333333333332	0.3333333333333333	0.04	0.2	0.018867924528301886
si	0.0	1.0	0.0	1.0	0.3333333333333333	0.3333333333333333	0.5	0.125	0.16666666666666666	0.0	0.3333333333333333	0.5	0.3333333333333333	0.2	0.25	0.3333333333333333	0.3333333333333333	0.3333333333333333	1.0	0.25	1.0	0.3333333333333333	0.25	0.3333333333333333	0.3333333333333333	0.14285714285714285	0.3333333333333333	0.125	0.5	0.3333333333333333	0.3333333333333333	0.5	0.3333333333333333	0.5	0.2
simple	1.0	0.25	0.0	0.5	0.0625	0.03225806451612903	0.05555555555555555	0.01282051282051282	0.01818181818181818	0.0	0.041666666666666664	0.5	0.06666666666666667	0.05555555555555555	0.021739130434782608	0.029411764705882353	0.058823529411764705	0.05	0.1	0.058823529411764705	0.5	0.02702702702702703	0.02564102564102564	0.027777777777777776	0.05555555555555555	0.022222222222222223	0.05263157894736842	0.5	0.010419379774305555	0.09090909090909091	0.034482758620689655	0.5	0.0625	0.16666666666666666	0.029411764705882353
sr	0.5	0.25	0.0	0.5	0.07692307692307693	0.03333333333333333	0.06666666666666667	0.02127659574468085	0.02564102564102564	0.0	0.038461538461538464	0.5	0.125	0.08334027777777778	0.024390243902439025	0.041666666666666664	0.06666666666666667	0.07692307692307693	0.08333333333333333	0.1111111111111111	1.0	0.034482758620689655	0.029411764705882353	0.03225806451612903	0.052637119113573404	0.025000625	0.045454545454545456	0.3333333333333333	0.09090909090909091	0.018203991768644703	0.05555555555555555	0.5	0.07142857142857142	0.2	0.034482758620689655
sv	1.0	0.3333333333333333	1.0	0.5	0.010638297872340425	0.008064516129032258	0.019231139053254437	0.0031949494227765923	0.004784688995215311	0.0	0.014285714285714285	0.3333333333333333	0.02702702702702703	0.04	0.0051813471502590676	0.010869801512287334	0.027777777777777776	0.017543859649122806	0.058823529411764705	0.0400016	0.5	0.0059171947760932745	0.006250039062500001	0.01	0.020833333333333332	0.005102092877967514	0.020833333333333332	0.3333333333333333	0.034482758620689655	0.05555555555555555	0.002069051622053022	0.3333333333333333	0.03125	0.16666666666666666	0.013513513513513514
te	0.0	1.0	0.0	1.0	0.3333333333333333	0.3333333333333333	0.3333333333333333	0.3333333333333333	0.3333333333333333	0.0	0.3333333333333333	1.0	0.3333333333333333	0.5	0.3333333333333333	0.3333333333333333	0.3333333333333333	0.5	1.0	0.5	1.0	0.3333333333333333	0.3333333333333333	0.3333333333333333	0.3333333333333333	0.3333333333333333	0.3333333333333333	0.5	0.5	0.5	0.3333333333333333	0.3333333333333333	0.3333333333333333	0.5	0.3333333333333333
vi	0.3333333333333333	0.5	1.0	0.3333333333333333	0.038461538461538464	0.022222716049382713	0.03125	0.013513513513513514	0.016129032258064516	0.0	0.029411764705882353	0.5	0.0625	0.05	0.01639344262295082	0.020408579758433985	0.04	0.05263157894736842	0.1111111111111111	0.0625	0.5	0.019608227604767395	0.019230769230769232	0.019230769230769232	0.03703840877914952	0.01639344262295082	0.04	0.3333333333333333	0.0625	0.07142857142857142	0.03125	0.3333333333333333	0.011917533895724822	0.2	0.020000399999999998
war	0.0	0.3333333333333333	0.0	1.0	0.2	0.14285714285714285	0.2	0.125	0.125	0.0	0.2	1.0	0.3333333333333333	0.25	0.14285714285714285	0.16666666666666666	0.2	0.25	0.3333333333333333	0.25	1.0	0.14285714285714285	0.16666666666666666	0.2	0.3333333333333333	0.14285714285714285	0.2	0.5	0.16666666666666666	0.2	0.16666666666666666	0.5	0.2	0.125	0.2
zh	0.2	0.2	1.0	0.3333333333333333	0.025	0.008772006771314251	0.01639344262295082	0.004484365259707615	0.005494505494505495	0.5	0.011494384991412341	0.2	0.035715561224489795	0.027028488678598247	0.005988059844418982	0.009523990929705215	0.025	0.02040816326530612	0.058823529411764705	0.02325635478637101	0.5	0.007874077748155496	0.007936507936507936	0.007633587786259542	0.017545706371191135	0.006369507890786645	0.018867924528301886	0.2	0.029411764705882353	0.034482758620689655	0.013513513513513514	0.3333333333333333	0.020000399999999998	0.2	0.0035697964461799325
