arz	bs	ceb	ckb	da	de	el	en	es	fr	he	hi	hu	id	it	ja	ko	lv	mk	ml	mr	nl	pl	pt	ro	ru	sh	si	simple	sr	sv	te	vi	war	zh
arz	1.0	0.0004342162396873643	0.0	0.0	0.0	0.00016001280102408193	0.0004581901489117984	3.90335298021e-05	0.0	4.088725339875294e-05	0.0	0.0	0.0	0.00037965072133637056	0.00012940795858945326	0.0	0.0	0.001037344398340249	0.0	0.0	0.024691358024691357	3.124023742580444e-05	0.00011200716845878136	0.0	0.00016367058566791237	0.0002486634340420241	0.0	0.0	0.0	0.0003846153846153846	0.0	0.0	0.0007173601147776184	0.0	0.00015408320493066256
bs	0.0004342162396873643	1.0	0.0	0.0	0.04135094176228621	0.008542919628212138	0.03581482639974976	0.0031668346048654094	0.0020833333333333333	0.008017176850648072	0.055965559655596554	0.0004385964912280702	0.022984886649874057	0.08279831746734559	0.008081497922713562	0.017577424369245486	0.017139479905437353	0.1653674832962138	0.0076824583866837385	0.0	0.005156854318865492	0.005988902915186566	0.013317630005435767	0.005237526417348158	0.01828789702265711	0.014177414590922517	0.0008714596949891067	0.0	0.003816793893129771	0.11042524005486969	0.025237529691211402	0.0	0.006894649751792609	0.0	0.014615473842941654
ceb	0.0	0.0	0.0	0.0	0.0	0.0	0.0	0.0	0.0	0.0	0.0	0.0	0.0	0.0	0.0	0.0	0.0	0.0	0.0	0.0	0.0	0.0	0.0	0.0	0.0	0.0	0.0	0.0	0.0	0.0	0.0	0.0	0.0	0.0	0.0
ckb	0.0	0.0	0.0	1.0	0.0	0.0	0.0	0.0	0.0	0.0	0.0	0.0	0.0	0.0	0.0	0.0	0.0	0.0005246589716684155	0.0	0.0	0.01694915254237288	0.0	0.0	0.0	0.0	0.0	0.0	0.0	0.0	0.00038804811796662784	0.0	0.0	0.0	0.0	0.0
da	0.0	0.04135094176228621	0.0	0.0	1.0	0.006640729809498256	0.018222222222222223	0.0035323081314446786	0.0019390581717451524	0.007168458781362007	0.02700133105153071	0.0	0.014511873350923483	0.027583449930041973	0.007120430589818345	0.009914687572054416	0.013015899167971003	0.04278326281147156	0.0011503067484662577	0.0	0.001160092807424594	0.00609187361548327	0.008288510713340975	0.003497444175410277	0.009379751075836834	0.007447722715554283	0.0	0.0	0.0011476664116296864	0.029844726759427304	0.019809035200228017	0.0	0.004118404118404118	0.0	0.010104412260020209
de	0.00016001280102408193	0.008542919628212138	0.0	0.0	0.006640729809498256	1.0	0.012460121591524709	0.011960768678733753	0.0022906968151924926	0.02949070656914715	0.010867417506421655	8.014747134727899e-05	0.01926713343895334	0.006806352595756039	0.01783304766419897	0.014974770766643155	0.011964878758928165	0.006648936170212766	0.00015928639694170118	8.012820512820513e-05	0.0003191828917969997	0.019769735333241594	0.015434297383292966	0.011242943259018276	0.026907235893040077	0.017068571995633622	0.0	0.0	0.0003184713375796178	0.006956521739130435	0.008312698974177574	0.0	0.0016636528028933092	0.0	0.01511092058728968
el	0.0004581901489117984	0.03581482639974976	0.0	0.0	0.018222222222222223	0.012460121591524709	1.0	0.005237887385421213	0.002399852316780506	0.01479222264582539	0.03322830134631911	0.0	0.020655085990839168	0.028089887640449437	0.012181390111577439	0.018397225968021576	0.018478417785477118	0.03803986710963455	0.0022655188038060714	0.0	0.0009095043201455207	0.00978375674023014	0.01704283740211884	0.009236262030425334	0.023525298436641525	0.016609110343693473	0.00022941041523285156	0.0	0.00135623869801085	0.02564102564102564	0.015626769335296116	0.0	0.00421792618629174	0.0	0.015977443609022556
en	3.90335298021e-05	0.0031668346048654094	0.0	0.0	0.0035323081314446786	0.011960768678733753	0.005237887385421213	1.0	0.0013509963598153638	0.023003817947098087	0.0037375268855117942	0.0	0.009279892548612594	0.003307960446752508	0.013211833851928681	0.007343166424004558	0.005487631504122832	0.0024786760953561275	7.789678675754625e-05	0.0	0.0001559393395968968	0.016003246524101913	0.007975926142339605	0.00628635215322249	0.01599817163752714	0.008792461889329013	0.0	0.0	0.00011682242990654206	0.0037051551533720476	0.005422668751455471	0.0	0.0020064652770036785	0.0	0.0076050406963954625
es	0.0	0.0020833333333333333	0.0	0.0	0.0019390581717451524	0.0022906968151924926	0.002399852316780506	0.0013509963598153638	1.0	0.0027486307003992535	0.0012648621300278269	0.0	0.0022261277094317517	0.0027114967462039045	0.0023055454435141364	0.002191480619093275	0.0008298755186721991	0.0030160857908847183	0.0	0.0	0.0	0.0014837244511733535	0.0022066198595787363	0.002056132414927521	0.00196526265469804	0.00275239458328746	0.0	0.0	0.0	0.0019141372709871479	0.001929147667485093	0.0	0.000407000407000407	0.0	0.00252156602521566
fr	4.088725339875294e-05	0.008017176850648072	0.0	0.0	0.007168458781362007	0.02949070656914715	0.01479222264582539	0.023003817947098087	0.0027486307003992535	1.0	0.012875200563534615	0.0	0.027716994894237783	0.008162546244641494	0.03265266807936814	0.020947547784857017	0.018668055917339586	0.008597069451614184	0.000367677097802108	6.135722174499939e-05	0.0001225840722428799	0.03534351438190453	0.023136428811669114	0.01689135466544163	0.06475626151471393	0.02499729856283543	2.044613465824286e-05	0.0	0.00032677068866922634	0.007812652973311664	0.009906781899837718	0.0	0.002073365231259968	0.0	0.015276835329286408
he	0.0	0.055965559655596554	0.0	0.0	0.02700133105153071	0.010867417506421655	0.03322830134631911	0.0037375268855117942	0.0012648621300278269	0.012875200563534615	1.0	0.0	0.019627182167866655	0.03963588090271193	0.010768126346015794	0.01960564642617074	0.019933822936001936	0.07372443245673185	0.002717391304347826	0.0	0.0017094017094017094	0.008418433766308908	0.016837924186167	0.009719789842381787	0.02085001937734143	0.020901677757990438	0.0	0.0	0.003051881993896236	0.04930662557781202	0.02055540430166077	0.0	0.005213270142180095	0.0	0.014558887440243373
hi	0.0	0.0004385964912280702	0.0	0.0	0.0	8.014747134727899e-05	0.0	0.0	0.0	0.0	0.0	1.0	0.0	0.0	0.0	0.0	0.0	0.0005246589716684155	0.0	0.0	0.0	3.126270047206678e-05	0.0	0.0	2.7291831554815644e-05	0.00012467273407305821	0.0	0.0	0.0	0.0	0.0	0.0	0.0	0.0	0.0
hu	0.0	0.022984886649874057	0.0	0.0	0.014511873350923483	0.01926713343895334	0.020655085990839168	0.009279892548612594	0.0022261277094317517	0.027716994894237783	0.019627182167866655	0.0	1.0	0.02014373924486284	0.019454213595690693	0.02163049153427314	0.01609574907139909	0.02291825821237586	0.0010610079575596816	0.0	0.0007978723404255319	0.016934299043740494	0.020253006792546893	0.015874015748031496	0.037639973652018446	0.018880336819946057	0.0	0.0	0.0006623393826996954	0.0169079680064797	0.01638930912758447	0.0	0.004318181818181818	0.0	0.014045557091914709
id	0.00037965072133637056	0.08279831746734559	0.0	0.0	0.027583449930041973	0.006806352595756039	0.028089887640449437	0.003307960446752508	0.0027114967462039045	0.008162546244641494	0.03963588090271193	0.0	0.02014373924486284	1.0	0.008382698111098692	0.01925293982015218	0.01859776168531929	0.09449963653985946	0.004477611940298508	0.0	0.0033821871476888386	0.006282357047292188	0.01275173687450532	0.0065190212537953205	0.016864848060931064	0.01411674933231591	0.00038066235249333843	0.0	0.0011131725417439704	0.05147952979327118	0.019439357656007888	0.0	0.0075910931174089065	0.0	0.01373534338358459
it	0.00012940795858945326	0.008081497922713562	0.0	0.0	0.007120430589818345	0.01783304766419897	0.012181390111577439	0.013211833851928681	0.0023055454435141364	0.03265266807936814	0.010768126346015794	0.0	0.019454213595690693	0.008382698111098692	1.0	0.015135895032802249	0.013146785671209745	0.00574245939675174	0.0002578981302385558	6.47836227001814e-05	0.0001291155584247902	0.01851454100262039	0.018113365404727043	0.012140816669467317	0.026311121622420622	0.01774788457366023	6.472910868017347e-05	0.0	0.0002577984016499098	0.007101716714197842	0.009257861635220126	0.0	0.0024458629123665213	0.0	0.014217570508961238
ja	0.0	0.017577424369245486	0.0	0.0	0.009914687572054416	0.014974770766643155	0.018397225968021576	0.007343166424004558	0.002191480619093275	0.020947547784857017	0.01960564642617074	0.0	0.02163049153427314	0.01925293982015218	0.015135895032802249	1.0	0.01716792776753354	0.016618767962014246	0.0014281180577594415	0.0	0.00015903307888040714	0.01314917420004772	0.017478991596638654	0.011136764905609126	0.02515602955594347	0.02121103547115729	0.0001601024655779699	0.0	0.0004751346214760849	0.012415220140246005	0.013253686764980399	0.0	0.003962488442742042	0.0	0.01763244369640138
ko	0.0	0.017139479905437353	0.0	0.0	0.013015899167971003	0.011964878758928165	0.018478417785477118	0.005487631504122832	0.0008298755186721991	0.018668055917339586	0.019933822936001936	0.0	0.01609574907139909	0.01859776168531929	0.013146785671209745	0.01716792776753354	1.0	0.016546198728555256	0.0010164667615368977	0.00010235414534288638	0.0005091131249363609	0.009379683798288449	0.01291092546381686	0.009477374821956831	0.02074122951721104	0.014254761090204128	0.00020445716622367614	0.0	0.0006092607636068237	0.013131976362442548	0.011383599184878083	0.0	0.0030619596541786743	0.0	0.014625
lv	0.001037344398340249	0.1653674832962138	0.0	0.0005246589716684155	0.04278326281147156	0.006648936170212766	0.03803986710963455	0.0024786760953561275	0.0030160857908847183	0.008597069451614184	0.07372443245673185	0.0005246589716684155	0.02291825821237586	0.09449963653985946	0.00574245939675174	0.016618767962014246	0.016546198728555256	1.0	0.010681586978636826	0.0	0.011322696860524962	0.006354107901065946	0.011792232101076276	0.007437070938215103	0.018683932346723043	0.014615699100572362	0.0005202913631633715	0.0	0.004030226700251889	0.1381061183041381	0.022862511744440966	0.0	0.005831798649478207	0.0	0.013803123864874683
mk	0.0	0.0076824583866837385	0.0	0.0	0.0011503067484662577	0.00015928639694170118	0.0022655188038060714	7.789678675754625e-05	0.0	0.000367677097802108	0.002717391304347826	0.0	0.0010610079575596816	0.004477611940298508	0.0002578981302385558	0.0014281180577594415	0.0010164667615368977	0.010681586978636826	1.0	0.0	0.007194244604316547	0.000124750499001996	0.00044533511467379205	0.0003433279926756695	0.0009540164090822362	0.0008647313156269302	0.0	0.0	0.0	0.00415564790328674	0.0006377551020408163	0.0	0.0	0.0	0.0009171507184347294
ml	0.0	0.0	0.0	0.0	0.0	8.012820512820513e-05	0.0	0.0	0.0	6.135722174499939e-05	0.0	0.0	0.0	0.0	6.47836227001814e-05	0.0	0.00010235414534288638	0.0	0.0	1.0	0.03278688524590164	0.0	0.0	0.0	0.0	0.0001246261216350947	0.0	0.0	0.0	0.0	0.0	0.0	0.0	0.0	0.0
mr	0.024691358024691357	0.005156854318865492	0.0	0.01694915254237288	0.001160092807424594	0.0003191828917969997	0.0009095043201455207	0.0001559393395968968	0.0	0.0001225840722428799	0.0017094017094017094	0.0	0.0007978723404255319	0.0033821871476888386	0.0001291155584247902	0.00015903307888040714	0.0005091131249363609	0.011322696860524962	0.007194244604316547	0.03278688524590164	1.0	0.00018726591760299626	0.0006697923643670462	0.0	0.0005452562704471102	0.0003714250340472948	0.013333333333333334	0.0	0.0	0.006875477463712758	0.0	0.0	0.0006997900629811056	0.0	0.00030656039239730225
nl	3.124023742580444e-05	0.005988902915186566	0.0	0.0	0.00609187361548327	0.019769735333241594	0.00978375674023014	0.016003246524101913	0.0014837244511733535	0.03534351438190453	0.008418433766308908	3.126270047206678e-05	0.016934299043740494	0.006282357047292188	0.01851454100262039	0.01314917420004772	0.009379683798288449	0.006354107901065946	0.000124750499001996	0.0	0.00018726591760299626	1.0	0.015546615010182287	0.014627692768527994	0.030698065601345668	0.015611910745563933	3.1247070587132453e-05	0.0	9.354245268310935e-05	0.0065230052417006405	0.011157447043552707	0.0	0.0029163284326989567	0.0	0.012027265310419243
pl	0.00011200716845878136	0.013317630005435767	0.0	0.0	0.008288510713340975	0.015434297383292966	0.01704283740211884	0.007975926142339605	0.0022066198595787363	0.023136428811669114	0.016837924186167	0.0	0.020253006792546893	0.01275173687450532	0.018113365404727043	0.017478991596638654	0.01291092546381686	0.011792232101076276	0.00044533511467379205	0.0	0.0006697923643670462	0.015546615010182287	1.0	0.01087707182320442	0.02557982436388201	0.02142296783537505	0.0	0.0	0.0005563591854901524	0.013058055408505381	0.010907732536421367	0.0	0.00273224043715847	0.0	0.013850415512465374
pt	0.0	0.005237526417348158	0.0	0.0	0.003497444175410277	0.011242943259018276	0.009236262030425334	0.00628635215322249	0.002056132414927521	0.01689135466544163	0.009719789842381787	0.0	0.015874015748031496	0.0065190212537953205	0.012140816669467317	0.011136764905609126	0.009477374821956831	0.007437070938215103	0.0003433279926756695	0.0	0.0	0.014627692768527994	0.01087707182320442	1.0	0.01852642939047148	0.010173802458668928	0.0	0.0	0.0004575088642342445	0.00617836676217765	0.006972866454448992	0.0	0.001197724323784809	0.0	0.008668400346736015
ro	0.00016367058566791237	0.01828789702265711	0.0	0.0	0.009379751075836834	0.026907235893040077	0.023525298436641525	0.01599817163752714	0.00196526265469804	0.06475626151471393	0.02085001937734143	2.7291831554815644e-05	0.037639973652018446	0.016864848060931064	0.026311121622420622	0.02515602955594347	0.02074122951721104	0.018683932346723043	0.0009540164090822362	0.0	0.0005452562704471102	0.030698065601345668	0.02557982436388201	0.01852642939047148	1.0	0.029007211483077208	5.456132693147097e-05	0.0	0.00043582479843103073	0.014669736876148094	0.011619640624616968	0.0	0.0031139494379057372	0.0	0.019969714177550633
ru	0.0002486634340420241	0.014177414590922517	0.0	0.0	0.007447722715554283	0.017068571995633622	0.016609110343693473	0.008792461889329013	0.00275239458328746	0.02499729856283543	0.020901677757990438	0.00012467273407305821	0.018880336819946057	0.01411674933231591	0.01774788457366023	0.02121103547115729	0.014254761090204128	0.014615699100572362	0.0008647313156269302	0.0001246261216350947	0.0003714250340472948	0.015611910745563933	0.02142296783537505	0.010173802458668928	0.029007211483077208	1.0	0.000373366521468575	0.0	0.0006170554115759595	0.01077730090605627	0.009095986595388175	0.0	0.003847798204360838	0.0	0.015703869882220976
sh	0.0	0.0008714596949891067	0.0	0.0	0.0	0.0	0.00022941041523285156	0.0	0.0	2.044613465824286e-05	0.0	0.0	0.0	0.00038066235249333843	6.472910868017347e-05	0.0001601024655779699	0.00020445716622367614	0.0005202913631633715	0.0	0.0	0.013333333333333334	3.1247070587132453e-05	0.0	0.0	5.456132693147097e-05	0.000373366521468575	1.0	0.0	0.0	0.0003856536829926726	0.0	0.0	0.0	0.0	0.00015424957581366652
si	0.0	0.0	0.0	0.0	0.0	0.0	0.0	0.0	0.0	0.0	0.0	0.0	0.0	0.0	0.0	0.0	0.0	0.0	0.0	0.0	0.0	0.0	0.0	0.0	0.0	0.0	0.0	0.0	0.0	0.0	0.0	0.0	0.0	0.0	0.0
simple	0.0	0.003816793893129771	0.0	0.0	0.0011476664116296864	0.0003184713375796178	0.00135623869801085	0.00011682242990654206	0.0	0.00032677068866922634	0.003051881993896236	0.0	0.0006623393826996954	0.0011131725417439704	0.0002577984016499098	0.0004751346214760849	0.0006092607636068237	0.004030226700251889	0.0	0.0	0.0	9.354245268310935e-05	0.0005563591854901524	0.0004575088642342445	0.00043582479843103073	0.0006170554115759595	0.0	0.0	1.0	0.0026345502446368085	0.00212630236019562	0.0	0.0013736263736263737	0.0	0.00045794535185467866
sr	0.0003846153846153846	0.11042524005486969	0.0	0.00038804811796662784	0.029844726759427304	0.006956521739130435	0.02564102564102564	0.0037051551533720476	0.0019141372709871479	0.007812652973311664	0.04930662557781202	0.0	0.0169079680064797	0.05147952979327118	0.007101716714197842	0.012415220140246005	0.013131976362442548	0.1381061183041381	0.00415564790328674	0.0	0.006875477463712758	0.0065230052417006405	0.013058055408505381	0.00617836676217765	0.014669736876148094	0.01077730090605627	0.0003856536829926726	0.0	0.0026345502446368085	1.0	0.019244375265317675	0.0	0.003048780487804878	0.0	0.011746280344557557
sv	0.0	0.025237529691211402	0.0	0.0	0.019809035200228017	0.008312698974177574	0.015626769335296116	0.005422668751455471	0.001929147667485093	0.009906781899837718	0.02055540430166077	0.0	0.01638930912758447	0.019439357656007888	0.009257861635220126	0.013253686764980399	0.011383599184878083	0.022862511744440966	0.0006377551020408163	0.0	0.0	0.011157447043552707	0.010907732536421367	0.006972866454448992	0.011619640624616968	0.009095986595388175	0.0	0.0	0.00212630236019562	0.019244375265317675	1.0	0.0	0.008577194752774974	0.0	0.010107448552176289
te	0.0	0.0	0.0	0.0	0.0	0.0	0.0	0.0	0.0	0.0	0.0	0.0	0.0	0.0	0.0	0.0	0.0	0.0	0.0	0.0	0.0	0.0	0.0	0.0	0.0	0.0	0.0	0.0	0.0	0.0	0.0	0.0	0.0	0.0	0.0
vi	0.0007173601147776184	0.006894649751792609	0.0	0.0	0.004118404118404118	0.0016636528028933092	0.00421792618629174	0.0020064652770036785	0.000407000407000407	0.002073365231259968	0.005213270142180095	0.0	0.004318181818181818	0.0075910931174089065	0.0024458629123665213	0.003962488442742042	0.0030619596541786743	0.005831798649478207	0.0	0.0	0.0006997900629811056	0.0029163284326989567	0.00273224043715847	0.001197724323784809	0.0031139494379057372	0.003847798204360838	0.0	0.0	0.0013736263736263737	0.003048780487804878	0.008577194752774974	0.0	1.0	0.0	0.00345666367942645
war	0.0	0.0	0.0	0.0	0.0	0.0	0.0	0.0	0.0	0.0	0.0	0.0	0.0	0.0	0.0	0.0	0.0	0.0	0.0	0.0	0.0	0.0	0.0	0.0	0.0	0.0	0.0	0.0	0.0	0.0	0.0	0.0	0.0	0.0	0.0
zh	0.00015408320493066256	0.014615473842941654	0.0	0.0	0.010104412260020209	0.01511092058728968	0.015977443609022556	0.0076050406963954625	0.00252156602521566	0.015276835329286408	0.014558887440243373	0.0	0.014045557091914709	0.01373534338358459	0.014217570508961238	0.01763244369640138	0.014625	0.013803123864874683	0.0009171507184347294	0.0	0.00030656039239730225	0.012027265310419243	0.013850415512465374	0.008668400346736015	0.019969714177550633	0.015703869882220976	0.00015424957581366652	0.0	0.00045794535185467866	0.011746280344557557	0.010107448552176289	0.0	0.00345666367942645	0.0	1.0
