arz	bs	ceb	ckb	da	de	el	en	es	fr	he	hi	hu	id	it	ja	ko	lv	mk	ml	mr	nl	pl	pt	ro	ru	sh	si	simple	sr	sv	te	vi	war	zh
arz	1.0	0.5114771566842783	0.6666666666666666	0.5333333333333333	0.5107692307692308	0.5059997890355518	0.5147554702443734	0.5048408655433084	0.5044483985765125	0.506462099995542	0.5147058823529412	0.525	0.5077519379844961	0.5166301986526441	0.504896795583393	0.507908611599297	0.5098039215686274	0.5185266471914874	0.5333333333333333	0.5348837209302326	0.5455399061032864	0.5040951316036327	0.5064664941627302	0.5083986562150056	0.5088706223224793	0.5074386366111692	0.5333333333333333	0.7017543859649122	0.5242718446601942	0.509903864278982	0.5093945720250522	0.5	0.511748356970982	0.7289719626168224	0.5088634187478787
bs	0.5114771566842783	1.0	0.5	0.5165562913907285	0.5893951208644314	0.5384529619301618	0.5775468519806152	0.5213243890897262	0.5286415885741591	0.5330899284873835	0.6048925587417578	0.5103182273768614	0.5613786059309013	0.6295891187223674	0.534811054714287	0.5540523380373549	0.5538467219968821	0.6639672311709933	0.5487982195845698	0.5133333333333333	0.5236962748369234	0.5307770177547005	0.5471825461012458	0.5317405127117817	0.5509870644624016	0.5501521245573573	0.52784984996219	0.528	0.5521772939346812	0.6441412063325788	0.5690668079479575	0.5	0.542995051512939	0.546218487394958	0.5492709616386322
ceb	0.6666666666666666	0.5	1.0	0.6666666666666666	0.501577287066246	0.5010162601626017	0.671875	0.5006802721088436	0.500965250965251	0.5009487666034156	0.6706231454005934	0.6724890829694323	0.5029940119760479	0.501358695652174	0.5009784735812133	0.6695652173913044	0.6696935300794551	0.5029940119760479	0.6707692307692308	0.6666666666666666	0.6832298136645962	0.5015673981191223	0.5013020833333334	0.5011961722488038	0.5029761904761905	0.6680919294494923	0.5020661157024793	0.6666666666666666	0.5053763440860215	0.5007923930269413	0.5018587360594796	0.6666666666666666	0.6711864406779662	0.6666666666666666	0.6697459584295612
ckb	0.5333333333333333	0.5165562913907285	0.6666666666666666	1.0	0.5082508250825083	0.5033185840707964	0.5076530612244897	0.5018270401948843	0.5027173913043478	0.5032894736842105	0.5099601593625498	0.5625	0.5050505050505051	0.5113122171945702	0.5029761904761905	0.5045537340619308	0.5050505050505051	0.5222668869991459	0.5384615384615384	0.6111111111111112	0.5985037406483791	0.5027777777777778	0.504424778761062	0.5034168564920273	0.5049668874172185	0.5045592705167173	0.5263157894736842	0.72	0.5133689839572192	0.5140689685068384	0.5065502183406114	0.5	0.5076923076923077	0.787878787878788	0.5045317220543807
da	0.5107692307692308	0.5893951208644314	0.501577287066246	0.5082508250825083	1.0	0.5563520108379354	0.5870227435987605	0.5419051429908553	0.5481063196887007	0.5555953994551986	0.5948429566787313	0.5050167224080268	0.5795449739111711	0.5955786647403966	0.5583220683820298	0.5678379847664392	0.5700865344587088	0.5830254635048381	0.5250078655964724	0.5066225165562913	0.5132921256107752	0.5551717829825114	0.563431871352977	0.546834599051891	0.5546964084739554	0.5639527960530767	0.5110410094637224	0.5194029850746269	0.564345903629741	0.5817730222658632	0.599613303610436	0.5	0.5574309731712312	0.5242424242424242	0.5692156599261767
de	0.5059997890355518	0.5384529619301618	0.5010162601626017	0.5033185840707964	0.5563520108379354	1.0	0.5783267724821932	0.6073753233439882	0.6146383288944134	0.6271896961118181	0.5587841869007926	0.5016849865853968	0.6010927550084605	0.5481930450702326	0.6223976293280514	0.6053588186436839	0.5803711732375062	0.5280407076596431	0.5108875517014244	0.5027888029775626	0.5050318658506144	0.615140846987336	0.6094397631208932	0.5962966465877414	0.5977301839307008	0.6145945899102176	0.5071193866374589	0.5064805583250249	0.5412579122650139	0.5402381641686403	0.5713390015265698	0.5	0.5448076617459865	0.5075075075075075	0.609204590350708
el	0.5147554702443734	0.5775468519806152	0.671875	0.5076530612244897	0.5870227435987605	0.5783267724821932	1.0	0.5528420517764159	0.5667481211362815	0.5780328641025946	0.6070888343058717	0.5038560411311054	0.5920154647589304	0.58846228053251	0.5770600234683079	0.5990050103570986	0.5887584986335698	0.5694640624565888	0.5250125573359681	0.5063938618925832	0.511572709130275	0.5663625383114598	0.5903125690174243	0.5691053295686554	0.5901462935395488	0.5955108087044273	0.5111710343210468	0.6964618249534451	0.5641757891638863	0.5716920239741817	0.58311624290522	0.5	0.5521382190283403	0.6992481203007519	0.5894954442926748
en	0.5048408655433084	0.5213243890897262	0.5006802721088436	0.5018270401948843	0.5419051429908553	0.6073753233439882	0.5528420517764159	1.0	0.6179492757121959	0.6109344463931144	0.5351551969230203	0.50091519219036	0.567236372987257	0.5313190386792852	0.6184356200900537	0.5722358165701171	0.5574127464729167	0.5160422146445071	0.5063490834908053	0.5015234613040829	0.5027716494440192	0.6088089517716665	0.584935049747348	0.5837537258325385	0.5671745296711823	0.583664806008314	0.5039370078740157	0.5057239057239057	0.5257995179769072	0.5256844220995998	0.5605762607142241	0.5	0.5448835684614196	0.5053908355795148	0.5848877248926072
es	0.5044483985765125	0.5286415885741591	0.500965250965251	0.5027173913043478	0.5481063196887007	0.6146383288944134	0.5667481211362815	0.6179492757121959	1.0	0.6168988082880225	0.5494809883307978	0.5013623978201636	0.5847053748017996	0.5398172547445362	0.6285224396207559	0.5906900411616627	0.5702492272122259	0.5233918893089302	0.5093666369313113	0.5022665457842249	0.5036036036036037	0.6011987230037846	0.6003861027453705	0.602454270761569	0.5814843615049387	0.6061243083037471	0.5053859964093357	0.506641366223909	0.5338345864661654	0.532366702964119	0.5593617055145371	0.5	0.5377030216179439	0.5076190476190476	0.5979025759819598
fr	0.506462099995542	0.5330899284873835	0.5009487666034156	0.5032894736842105	0.5555953994551986	0.6271896961118181	0.5780328641025946	0.6109344463931144	0.6168988082880225	1.0	0.5605977579856595	0.5016501650165016	0.6049285073235874	0.5466262513054332	0.6331153812084368	0.6057841603062879	0.5829968531169641	0.5283563626706439	0.5102997737650858	0.5027597447752148	0.5043884790613177	0.6091541556859661	0.609662735116251	0.6050776070909643	0.6122457666693077	0.614352341828612	0.5048700762973499	0.5074766355140187	0.5377181976822518	0.5358803062157725	0.5666174935198098	0.5	0.5426812960629315	0.5074906367041199	0.5974381362740623
he	0.5147058823529412	0.6048925587417578	0.6706231454005934	0.5099601593625498	0.5948429566787313	0.5587841869007926	0.6070888343058717	0.5351551969230203	0.5494809883307978	0.5605977579856595	1.0	0.5060728744939271	0.5782404058020449	0.6053886027353397	0.5550789192089791	0.5844360329122756	0.5811114206004978	0.6097899006727584	0.5341053012484168	0.508	0.5160791011715727	0.5489385984111302	0.5743552171000716	0.5559825802497416	0.5740376104663937	0.5819483542207218	0.5151515151515151	0.6915351506456241	0.5770984948041479	0.60250362613197	0.5800088970285658	0.5	0.5471794598723495	0.6956521739130435	0.5750486289070422
hi	0.525	0.5103182273768614	0.6724890829694323	0.5625	0.5050167224080268	0.5016849865853968	0.5038560411311054	0.50091519219036	0.5013623978201636	0.5016501650165016	0.5060728744939271	1.0	0.5030549898167006	0.5069124423963134	0.5014925373134328	0.5018315018315018	0.5025380710659899	0.5138999167496764	0.5319148936170213	0.5714285714285714	0.5416666666666666	0.5014006168147863	0.5022222222222222	0.5017142857142858	0.502502731416604	0.5023215287316659	0.5151515151515151	0.7131782945736435	0.5081967213114754	0.5085714285714286	0.5032967032967033	0.5	0.5046728971962617	0.7193675889328064	0.5022761760242792
hu	0.5077519379844961	0.5613786059309013	0.5029940119760479	0.5050505050505051	0.5795449739111711	0.6010927550084605	0.5920154647589304	0.567236372987257	0.5847053748017996	0.6049285073235874	0.5782404058020449	0.5030549898167006	1.0	0.5753446046754237	0.5994609577355516	0.602976606939917	0.575722698119342	0.5537472482027161	0.519817483626964	0.5050709939148074	0.5092246833335553	0.586338735123856	0.6007334498053514	0.5921414086185335	0.6105906146664459	0.5997237299205224	0.5068762278978389	0.5154929577464789	0.5504475949950345	0.5588359960708899	0.580661810476168	0.5	0.558738799226927	0.5170454545454546	0.5842235807583704
id	0.5166301986526441	0.6295891187223674	0.501358695652174	0.5113122171945702	0.5955786647403966	0.5481930450702326	0.58846228053251	0.5313190386792852	0.5398172547445362	0.5466262513054332	0.6053886027353397	0.5069124423963134	0.5753446046754237	1.0	0.5453180422783884	0.5772227380883292	0.575588340956314	0.626994819866519	0.5343275130939998	0.509090909090909	0.5186041067986792	0.5407314255526919	0.5590454826035914	0.5454638064400553	0.5613422410854321	0.566033393055712	0.5171957822556117	0.5092838196286472	0.5648244281947821	0.6077766055986996	0.5715265167352481	0.5	0.5611861917548102	0.5106666666666667	0.5678064839789893
it	0.504896795583393	0.534811054714287	0.5009784735812133	0.5029761904761905	0.5583220683820298	0.6223976293280514	0.5770600234683079	0.6184356200900537	0.6285224396207559	0.6331153812084368	0.5550789192089791	0.5014925373134328	0.5994609577355516	0.5453180422783884	1.0	0.6019543335198052	0.577894372020151	0.5261973916603643	0.5103110374384314	0.5024989782594584	0.5039775613059088	0.6087507917031734	0.6149398006144113	0.6026651649296715	0.591938949603345	0.6127839393993868	0.5064079451964995	0.5057581573896353	0.5378361446585681	0.5361412699918823	0.5687101735676563	0.5	0.5461814320848547	0.5067437379576109	0.6040606024329251
ja	0.507908611599297	0.5540523380373549	0.6695652173913044	0.5045537340619308	0.5678379847664392	0.6053588186436839	0.5990050103570986	0.5722358165701171	0.5906900411616627	0.6057841603062879	0.5844360329122756	0.5018315018315018	0.602976606939917	0.5772227380883292	0.6019543335198052	1.0	0.5994924981066678	0.5457269129582567	0.5144121806036944	0.5036496350364964	0.5063470706114471	0.5844428159522176	0.6012445778369987	0.590045328301738	0.5981031175439709	0.6176287840515914	0.5080627072821193	0.6850477200424179	0.5546775654515719	0.5520998890040231	0.5816273092636164	0.5	0.5596751297546007	0.688034188034188	0.610837312214083
ko	0.5098039215686274	0.5538467219968821	0.6696935300794551	0.5050505050505051	0.5700865344587088	0.5803711732375062	0.5887584986335698	0.5574127464729167	0.5702492272122259	0.5829968531169641	0.5811114206004978	0.5025380710659899	0.575722698119342	0.575588340956314	0.577894372020151	0.5994924981066678	1.0	0.5444401865693057	0.5157675336246764	0.5042418721470014	0.5076436197349741	0.5636657731858278	0.5806613265032315	0.5733825740283467	0.5751974240633873	0.5886339006875373	0.5074661450334373	0.6873614190687362	0.5551008528511894	0.5514642950523023	0.5713361814288336	0.5	0.5460349885652767	0.6905027932960894	0.5901135829562799
lv	0.5185266471914874	0.6639672311709933	0.5029940119760479	0.5222668869991459	0.5830254635048381	0.5280407076596431	0.5694640624565888	0.5160422146445071	0.5233918893089302	0.5283563626706439	0.6097899006727584	0.5138999167496764	0.5537472482027161	0.626994819866519	0.5261973916603643	0.5457269129582567	0.5444401865693057	1.0	0.5547035811462199	0.5178571428571429	0.537108866559067	0.5243163961281878	0.5384334306414771	0.5289974328117254	0.5435925040124797	0.5410108760595117	0.5318931102955443	0.5294117647058824	0.5576657789639903	0.6521757787234399	0.5549324097594011	0.5	0.5370204318895787	0.5384615384615384	0.5398033324145156
mk	0.5333333333333333	0.5487982195845698	0.6707692307692308	0.5384615384615384	0.5250078655964724	0.5108875517014244	0.5250125573359681	0.5063490834908053	0.5093666369313113	0.5102997737650858	0.5341053012484168	0.5319148936170213	0.519817483626964	0.5343275130939998	0.5103110374384314	0.5144121806036944	0.5157675336246764	0.5547035811462199	1.0	0.54	0.5539070227497527	0.5096039499254613	0.5152260516688614	0.512394343843913	0.5171630026893633	0.5142608877729581	0.5373134328358209	0.6888888888888889	0.5308056872037915	0.543935242556191	0.519000072025545	0.5	0.5156695156695157	0.7089337175792507	0.5164684895178395
ml	0.5348837209302326	0.5133333333333333	0.6666666666666666	0.6111111111111112	0.5066225165562913	0.5027888029775626	0.5063938618925832	0.5015234613040829	0.5022665457842249	0.5027597447752148	0.508	0.5714285714285714	0.5050709939148074	0.509090909090909	0.5024989782594584	0.5036496350364964	0.5042418721470014	0.5178571428571429	0.54	1.0	0.6116504854368933	0.5023169601482854	0.5036927621861153	0.5028506271379704	0.5041459369817579	0.5038368056411741	0.5277777777777778	0.7042253521126761	0.5135135135135135	0.5112359550561798	0.5043668122270742	0.5	0.5061728395061729	0.7184466019417476	0.5037821482602118
mr	0.5455399061032864	0.5236962748369234	0.6832298136645962	0.5985037406483791	0.5132921256107752	0.5050318658506144	0.511572709130275	0.5027716494440192	0.5036036036036037	0.5043884790613177	0.5160791011715727	0.5416666666666666	0.5092246833335553	0.5186041067986792	0.5039775613059088	0.5063470706114471	0.5076436197349741	0.537108866559067	0.5539070227497527	0.6116504854368933	1.0	0.5041950573981463	0.5067604131537876	0.5050962627406569	0.5075294976933529	0.506119186176575	0.5371024734982331	0.7	0.5235602094240838	0.5236045818711514	0.50752688172043	0.5	0.5107563810204138	0.7150259067357513	0.5068253370850284
nl	0.5040951316036327	0.5307770177547005	0.5015673981191223	0.5027777777777778	0.5551717829825114	0.615140846987336	0.5663625383114598	0.6088089517716665	0.6011987230037846	0.6091541556859661	0.5489385984111302	0.5014006168147863	0.586338735123856	0.5407314255526919	0.6087507917031734	0.5844428159522176	0.5636657731858278	0.5243163961281878	0.5096039499254613	0.5023169601482854	0.5041950573981463	1.0	0.5972761021637867	0.6096596483398286	0.5825374875761635	0.5977555305524873	0.5045867099510106	0.510670731707317	0.5318330701327427	0.5324956976732914	0.5786524400473192	0.5	0.5519533472636535	0.5122699386503067	0.5946161235277814
pl	0.5064664941627302	0.5471825461012458	0.5013020833333334	0.504424778761062	0.563431871352977	0.6094397631208932	0.5903125690174243	0.584935049747348	0.6003861027453705	0.609662735116251	0.5743552171000716	0.5022222222222222	0.6007334498053514	0.5590454826035914	0.6149398006144113	0.6012445778369987	0.5806613265032315	0.5384334306414771	0.5152260516688614	0.5036927621861153	0.5067604131537876	0.5972761021637867	1.0	0.591709965428626	0.5944791445531582	0.6174708179911792	0.5087209302325582	0.5082592121982211	0.5477246060209511	0.5533986925118666	0.5746797343379745	0.5	0.5459651801250822	0.510230179028133	0.5987759567149911
pt	0.5083986562150056	0.5317405127117817	0.5011961722488038	0.5034168564920273	0.546834599051891	0.5962966465877414	0.5691053295686554	0.5837537258325385	0.602454270761569	0.6050776070909643	0.5559825802497416	0.5017142857142858	0.5921414086185335	0.5454638064400553	0.6026651649296715	0.590045328301738	0.5733825740283467	0.5289974328117254	0.512394343843913	0.5028506271379704	0.5050962627406569	0.6096596483398286	0.591709965428626	1.0	0.5905365867431928	0.5891787624574342	0.5050505050505051	0.5081967213114754	0.5379646235201044	0.5344009361309635	0.5598706725285683	0.5	0.5373488098899382	0.5094117647058823	0.5839040029182498
ro	0.5088706223224793	0.5509870644624016	0.5029761904761905	0.5049668874172185	0.5546964084739554	0.5977301839307008	0.5901462935395488	0.5671745296711823	0.5814843615049387	0.6122457666693077	0.5740376104663937	0.502502731416604	0.6105906146664459	0.5613422410854321	0.591938949603345	0.5981031175439709	0.5751974240633873	0.5435925040124797	0.5171630026893633	0.5041459369817579	0.5075294976933529	0.5825374875761635	0.5944791445531582	0.5905365867431928	1.0	0.6059833018127582	0.50648648729775	0.5168539325842697	0.544184921202991	0.5473151798617819	0.5651421863039491	0.5	0.5448630229162064	0.5213675213675213	0.594468239943794
ru	0.5074386366111692	0.5501521245573573	0.6680919294494923	0.5045592705167173	0.5639527960530767	0.6145945899102176	0.5955108087044273	0.583664806008314	0.6061243083037471	0.614352341828612	0.5819483542207218	0.5023215287316659	0.5997237299205224	0.566033393055712	0.6127839393993868	0.6176287840515914	0.5886339006875373	0.5410108760595117	0.5142608877729581	0.5038368056411741	0.506119186176575	0.5977555305524873	0.6174708179911792	0.5891787624574342	0.6059833018127582	1.0	0.5075588176300599	0.6786850477200425	0.5504513373005409	0.5474303954424012	0.5761858177027275	0.5	0.5535638853011818	0.6779840848806366	0.6129975389918406
sh	0.5333333333333333	0.52784984996219	0.5020661157024793	0.5263157894736842	0.5110410094637224	0.5071193866374589	0.5111710343210468	0.5039370078740157	0.5053859964093357	0.5048700762973499	0.5151515151515151	0.5151515151515151	0.5068762278978389	0.5171957822556117	0.5064079451964995	0.5080627072821193	0.5074661450334373	0.5318931102955443	0.5373134328358209	0.5277777777777778	0.5371024734982331	0.5045867099510106	0.5087209302325582	0.5050505050505051	0.50648648729775	0.5075588176300599	1.0	0.5139442231075697	0.5123152709359606	0.5320239882519915	0.5084745762711864	0.5	0.5058479532163742	0.5150300601202404	0.5074581097761629
si	0.7017543859649122	0.528	0.6666666666666666	0.72	0.5194029850746269	0.5064805583250249	0.6964618249534451	0.5057239057239057	0.506641366223909	0.5074766355140187	0.6915351506456241	0.7131782945736435	0.5154929577464789	0.5092838196286472	0.5057581573896353	0.6850477200424179	0.6873614190687362	0.5294117647058824	0.6888888888888889	0.7042253521126761	0.7	0.510670731707317	0.5082592121982211	0.5081967213114754	0.5168539325842697	0.6786850477200425	0.5139442231075697	1.0	0.529126213592233	0.5100154083204931	0.512589928057554	0.6947368421052631	0.6972176759410802	0.7586206896551725	0.6877113866967305
simple	0.5242718446601942	0.5521772939346812	0.5053763440860215	0.5133689839572192	0.564345903629741	0.5412579122650139	0.5641757891638863	0.5257995179769072	0.5338345864661654	0.5377181976822518	0.5770984948041479	0.5081967213114754	0.5504475949950345	0.5648244281947821	0.5378361446585681	0.5546775654515719	0.5551008528511894	0.5576657789639903	0.5308056872037915	0.5135135135135135	0.5235602094240838	0.5318330701327427	0.5477246060209511	0.5379646235201044	0.544184921202991	0.5504513373005409	0.5123152709359606	0.529126213592233	1.0	0.5542651787403065	0.5550388521382651	0.5	0.5405306414150438	0.5320197044334976	0.5501384999275069
sr	0.509903864278982	0.6441412063325788	0.5007923930269413	0.5140689685068384	0.5817730222658632	0.5402381641686403	0.5716920239741817	0.5256844220995998	0.532366702964119	0.5358803062157725	0.60250362613197	0.5085714285714286	0.5588359960708899	0.6077766055986996	0.5361412699918823	0.5520998890040231	0.5514642950523023	0.6521757787234399	0.543935242556191	0.5112359550561798	0.5236045818711514	0.5324956976732914	0.5533986925118666	0.5344009361309635	0.5473151798617819	0.5474303954424012	0.5320239882519915	0.5100154083204931	0.5542651787403065	1.0	0.5600339110015632	0.5	0.5369800410371199	0.5108359133126935	0.5489307463532077
sv	0.5093945720250522	0.5690668079479575	0.5018587360594796	0.5065502183406114	0.599613303610436	0.5713390015265698	0.58311624290522	0.5605762607142241	0.5593617055145371	0.5666174935198098	0.5800088970285658	0.5032967032967033	0.580661810476168	0.5715265167352481	0.5687101735676563	0.5816273092636164	0.5713361814288336	0.5549324097594011	0.519000072025545	0.5043668122270742	0.50752688172043	0.5786524400473192	0.5746797343379745	0.5598706725285683	0.5651421863039491	0.5761858177027275	0.5084745762711864	0.512589928057554	0.5550388521382651	0.5600339110015632	1.0	0.5	0.5757217139954652	0.5144927536231884	0.576209113606878
te	0.5	0.5	0.6666666666666666	0.5	0.5	0.5	0.5	0.5	0.5	0.5	0.5	0.5	0.5	0.5	0.5	0.5	0.5	0.5	0.5	0.5	0.5	0.5	0.5	0.5	0.5	0.5	0.5	0.6947368421052631	0.5	0.5	0.5	1.0	0.5	0.6956521739130435	0.5
vi	0.511748356970982	0.542995051512939	0.6711864406779662	0.5076923076923077	0.5574309731712312	0.5448076617459865	0.5521382190283403	0.5448835684614196	0.5377030216179439	0.5426812960629315	0.5471794598723495	0.5046728971962617	0.558738799226927	0.5611861917548102	0.5461814320848547	0.5596751297546007	0.5460349885652767	0.5370204318895787	0.5156695156695157	0.5061728395061729	0.5107563810204138	0.5519533472636535	0.5459651801250822	0.5373488098899382	0.5448630229162064	0.5535638853011818	0.5058479532163742	0.6972176759410802	0.5405306414150438	0.5369800410371199	0.5757217139954652	0.5	1.0	0.7019867549668874	0.5570027691768451
war	0.7289719626168224	0.546218487394958	0.6666666666666666	0.787878787878788	0.5242424242424242	0.5075075075075075	0.6992481203007519	0.5053908355795148	0.5076190476190476	0.5074906367041199	0.6956521739130435	0.7193675889328064	0.5170454545454546	0.5106666666666667	0.5067437379576109	0.688034188034188	0.6905027932960894	0.5384615384615384	0.7089337175792507	0.7184466019417476	0.7150259067357513	0.5122699386503067	0.510230179028133	0.5094117647058823	0.5213675213675213	0.6779840848806366	0.5150300601202404	0.7586206896551725	0.5320197044334976	0.5108359133126935	0.5144927536231884	0.6956521739130435	0.7019867549668874	1.0	0.6909090909090909
zh	0.5088634187478787	0.5492709616386322	0.6697459584295612	0.5045317220543807	0.5692156599261767	0.609204590350708	0.5894954442926748	0.5848877248926072	0.5979025759819598	0.5974381362740623	0.5750486289070422	0.5022761760242792	0.5842235807583704	0.5678064839789893	0.6040606024329251	0.610837312214083	0.5901135829562799	0.5398033324145156	0.5164684895178395	0.5037821482602118	0.5068253370850284	0.5946161235277814	0.5987759567149911	0.5839040029182498	0.594468239943794	0.6129975389918406	0.5074581097761629	0.6877113866967305	0.5501384999275069	0.5489307463532077	0.576209113606878	0.5	0.5570027691768451	0.6909090909090909	1.0
