arz	bs	ceb	ckb	da	de	el	en	es	fr	he	hi	hu	id	it	ja	ko	lv	mk	ml	mr	nl	pl	pt	ro	ru	sh	si	simple	sr	sv	te	vi	war	zh
arz	1.0	0.16363126497493374	1.0	0.5	0.15548737703860027	0.11787623750608345	0.17015495982700102	0.09426588694049948	0.11482383924921312	0.09811118499728176	0.11695050286765175	0.14732056773523425	0.16308953050448227	0.1462701325049257	0.09766658396469188	0.09635487566438668	0.11305378508199	0.23441237831492112	0.1779738764024757	0.18374848752964673	0.1965963916140452	0.11385936184053944	0.12043886815418244	0.11419804257149403	0.12264039866310858	0.09409907510736581	0.14177691653497637	0.3090169943749474	0.1566130288262323	0.13219301270825162	0.11842395978025906	0.34833147735478825	0.12588212939720933	1.0	0.08432543014046597
bs	0.16363126497493374	1.0	0.36602540378443865	0.07960836885005144	0.011020203110164063	0.00733107299183711	0.011124649557028795	0.011379868619469748	0.0070699228139934935	0.00835661247576501	0.008780221264586972	0.012569336176569572	0.012254846054011044	0.009056454296936092	0.0117142988143521	0.012554244763582518	0.008728850573225134	0.019314465118099002	0.017834521598026332	0.022524177398549186	0.03702915791655734	0.007279225104090513	0.007309189076062637	0.012233164581964138	0.012364209179308023	0.014037822484449191	0.010842614029705959	0.05648682037341224	0.011900496474075725	0.008224008710499161	0.013078565713127878	0.07505637411794495	0.009456200649276329	0.13603863460387838	0.017163755577541063
ceb	1.0	0.36602540378443865	1.0	0.5	0.28989794855663564	0.28989794855663564	0.28989794855663564	0.28989794855663564	0.28989794855663564	0.28172904669025317	0.28989794855663564	0.30332513906922604	0.28989794855663564	0.28989794855663564	0.30332513906922604	0.28989794855663564	0.2989350844248255	0.36602540378443865	0.28172904669025317	0.28989794855663564	0.5	0.28989794855663564	0.28989794855663564	0.28172904669025317	0.28989794855663564	0.28989794855663564	0.28989794855663564	0.36602540378443865	0.28989794855663564	0.28989794855663564	0.28172904669025317	0.5	0.27429188517743175	0.28989794855663564	0.28989794855663564
ckb	0.5	0.07960836885005144	0.5	1.0	0.12923315790921638	0.12842666672670455	0.08312371330262043	0.03323264303184084	0.11562659600676829	0.07810087329940132	0.10703050606171045	0.11178619159401541	0.11803350620948265	0.11456414752498922	0.046418936126634176	0.02412655651979117	0.07822728503613237	0.1398429148167053	0.07597289554758412	0.08975639721207543	0.12687694415420062	0.12559973033820798	0.12371884312458155	0.03336658922547715	0.097409748607283	0.019962359504317333	0.08324142372952195	0.1214448079989512	0.08127515315239178	0.13840926619852625	0.039357022924541185	0.3090169943749474	0.07835601575295545	0.44948974278317805	0.016239850976331564
da	0.15548737703860027	0.011020203110164063	0.28989794855663564	0.12923315790921638	1.0	0.0034427646358329723	0.006372682203395074	0.004846744799083154	0.003437801807829462	0.004465076083289648	0.004953338097535987	0.007529664165574591	0.005769982451092831	0.008755507273549725	0.004830958782789193	0.004836058590585448	0.004882998876962137	0.012213935979737035	0.008191307613131377	0.011215771524623865	0.021652141415828365	0.0037928734506149577	0.003920144922869764	0.005100758472186536	0.009175178511797642	0.005167905562348186	0.006529599130074684	0.03916751257355094	0.005033560033812939	0.005615143960118802	0.004883683328445956	0.11225973956720466	0.005767509135426329	0.2553967929896867	0.005091071091409762
de	0.11787623750608345	0.00733107299183711	0.28989794855663564	0.12842666672670455	0.0034427646358329723	1.0	0.0036588106724396	0.003756963556052206	0.0035757770116773635	0.004141929033937205	0.0031844848011917805	0.003909778928094021	0.003520765489190669	0.0029366677458462147	0.003860761744893776	0.0038887938133839997	0.0033475669938040262	0.006894948529624583	0.005151379884410485	0.0066315894494158225	0.01506132708889336	0.0032126218715703117	0.003984064545226083	0.0038054016172224567	0.0034468399787215133	0.0040967005891758435	0.0032817926796672634	0.020992989674824374	0.002986756331660555	0.003067429628680167	0.0035906332625145754	0.05661977616546781	0.0029610247870711427	0.29893508442482547	0.0036923765739055505
el	0.17015495982700102	0.011124649557028795	0.28989794855663564	0.08312371330262043	0.006372682203395074	0.0036588106724396	1.0	0.015288178105464482	0.0032866376360521604	0.008276105757809432	0.006199065674926699	0.009366601121118721	0.00839031567598291	0.005013311509019614	0.013949573651009963	0.014324266443159142	0.008619901860058137	0.010325133481217835	0.01065497437909768	0.013568763156950532	0.019341427383883926	0.003744224973344825	0.0034316927034361375	0.01146059158746401	0.006205339924377084	0.01600692044838155	0.009114044958217323	0.04134816668935986	0.00820341541092234	0.005701088226163745	0.013029119624267949	0.06072517984160424	0.006353272080658344	0.28172904669025317	0.01494024659696247
en	0.09426588694049948	0.011379868619469748	0.28989794855663564	0.03323264303184084	0.004846744799083154	0.003756963556052206	0.015288178105464482	1.0	0.003838916609594515	0.004438032060021439	0.008258614240864852	0.011677647081835305	0.011156801098357474	0.005749030076207339	0.004836958769577311	0.0067931652195222176	0.009418741758946015	0.007949577528792101	0.015942305314117847	0.01263498147438833	0.014586746086603358	0.0036974287246531387	0.0038817848973321844	0.005467132284237383	0.007473564431684277	0.005543316321011413	0.015314718875909617	0.019232423621353585	0.011086394869214988	0.007038643209043438	0.009151363646752725	0.017557580489097023	0.010245619141241403	0.14314148321596146	0.008568379339767958
es	0.11482383924921312	0.0070699228139934935	0.28989794855663564	0.11562659600676829	0.003437801807829462	0.0035757770116773635	0.0032866376360521604	0.003838916609594515	1.0	0.0036430340780144203	0.0030818656959686512	0.003711948950214784	0.003195675457825554	0.0027839612710215266	0.0034432406522539073	0.0035048617799359866	0.0033513738932414694	0.006435114527309796	0.004924306304335032	0.00618477759498218	0.014284392413941005	0.002756470952557274	0.00325828503914996	0.003855080558456817	0.003190197015301644	0.003782147129848917	0.003331070026562302	0.02040840639066852	0.0029712174535575387	0.0028829794076641042	0.0034861577871605084	0.049631684717138046	0.003030280449197262	0.3333333333333333	0.0033950196333620273
fr	0.09811118499728176	0.00835661247576501	0.28172904669025317	0.07810087329940132	0.004465076083289648	0.004141929033937205	0.008276105757809432	0.004438032060021439	0.0036430340780144203	1.0	0.008427536061089268	0.0076448750320034925	0.007528336888614095	0.004971463377405278	0.004777932994815655	0.0075211188972319825	0.012008383317048043	0.007509256790162195	0.008386238315935263	0.008226564766063128	0.014851239541886932	0.003900223745478666	0.0036796256605052917	0.006001113764733663	0.006070157513288815	0.006960366883985877	0.009896824376697465	0.019927327794301862	0.007684673711547751	0.007295034083729785	0.009268992124085702	0.03997320075576078	0.008006763149847137	0.19917226553439166	0.00949905367962122
he	0.11695050286765175	0.008780221264586972	0.28989794855663564	0.10703050606171045	0.004953338097535987	0.0031844848011917805	0.006199065674926699	0.008258614240864852	0.0030818656959686512	0.008427536061089268	1.0	0.005893382312639599	0.0056534731799465394	0.0040817390817416855	0.00905618030538074	0.008331254958866415	0.00642974167545222	0.0078109649263326765	0.006520153517649723	0.008182934052635725	0.01671116962162212	0.003014159656834423	0.003191132429991971	0.009227738566692003	0.005169221387972444	0.008448377509950197	0.006288190937429082	0.021143100651974635	0.005995217933103584	0.005147052559385328	0.008912585094452455	0.05521271264735008	0.005601273514390935	0.2612038749637414	0.007705835832666274
hi	0.14732056773523425	0.012569336176569572	0.30332513906922604	0.11178619159401541	0.007529664165574591	0.003909778928094021	0.009366601121118721	0.011677647081835305	0.003711948950214784	0.0076448750320034925	0.005893382312639599	1.0	0.009539856920019749	0.005214520350547249	0.010951971158780775	0.0115748758183532	0.007873542159457935	0.012988890792612963	0.01073333973874783	0.011393144905380093	0.01817562708547134	0.004157406961077236	0.004091223977556032	0.010712618990130733	0.007068667424835963	0.01252661580477234	0.009335751697581409	0.030759637251611155	0.008645207512848746	0.006209596946519267	0.011046336984826913	0.05232471014803753	0.006278542318793721	0.20521309615767264	0.013865440288283275
hu	0.16308953050448227	0.012254846054011044	0.28989794855663564	0.11803350620948265	0.005769982451092831	0.003520765489190669	0.00839031567598291	0.011156801098357474	0.003195675457825554	0.007528336888614095	0.0056534731799465394	0.009539856920019749	1.0	0.005298688398911807	0.010353469510912754	0.010345653119869392	0.007120023386288966	0.012069465766003255	0.009144984974807382	0.012372298780646093	0.019639517151746274	0.003520966409421376	0.003613035068288797	0.01043193616668979	0.0058207683959016635	0.011660853371499597	0.008696822643973775	0.03745197780142938	0.008155065180999236	0.005771864003918927	0.009729444602040725	0.06748398888425361	0.0061335896339604476	0.23166247903554	0.010984242674408043
id	0.1462701325049257	0.009056454296936092	0.28989794855663564	0.11456414752498922	0.008755507273549725	0.0029366677458462147	0.005013311509019614	0.005749030076207339	0.0027839612710215266	0.004971463377405278	0.0040817390817416855	0.005214520350547249	0.005298688398911807	1.0	0.005407943874808105	0.00449240202784796	0.0041882590418624265	0.012520860088063128	0.006719319014945052	0.008362193107559833	0.01725205274687413	0.003030278814500658	0.0028728571867641887	0.005108684845455403	0.005870016347684122	0.004864466085851591	0.004876568572402759	0.024122216938061356	0.004664883460392631	0.0042255092159552395	0.004788842451741676	0.06702005206379393	0.004103940153626136	0.3203772410170407	0.004807871862008056
it	0.09766658396469188	0.0117142988143521	0.30332513906922604	0.046418936126634176	0.004830958782789193	0.003860761744893776	0.013949573651009963	0.004836958769577311	0.0034432406522539073	0.004777932994815655	0.00905618030538074	0.010951971158780775	0.010353469510912754	0.005407943874808105	1.0	0.009112694488382148	0.011764720602220401	0.008184760209745965	0.011828948476726518	0.010694903042309148	0.016089940399125067	0.003909987262559245	0.0034779924652456923	0.006054317551003103	0.006556602381244924	0.007304920794280173	0.012160054089222577	0.024721935625625798	0.010387016098777308	0.0071231297474044645	0.009230743456550871	0.02367044475319118	0.009067458162177019	0.16736577623297264	0.009916034219972199
ja	0.09635487566438668	0.012554244763582518	0.28989794855663564	0.02412655651979117	0.004836058590585448	0.0038887938133839997	0.014324266443159142	0.0067931652195222176	0.0035048617799359866	0.0075211188972319825	0.008331254958866415	0.0115748758183532	0.010345653119869392	0.00449240202784796	0.009112694488382148	1.0	0.013020551109886811	0.008375037740628232	0.015444680789066542	0.012524655691249676	0.01614290835581968	0.0035691971911316696	0.0037200843621150365	0.009580408148696156	0.006390204239237598	0.01136077136926679	0.014929202869083204	0.02046917921324273	0.011437256836710655	0.006367820234285169	0.011212231267657712	0.023740816456526835	0.009565096180545627	0.08479235127672252	0.01168044811107873
ko	0.11305378508199	0.008728850573225134	0.2989350844248255	0.07822728503613237	0.004882998876962137	0.0033475669938040262	0.008619901860058137	0.009418741758946015	0.0033513738932414694	0.012008383317048043	0.00642974167545222	0.007873542159457935	0.007120023386288966	0.0041882590418624265	0.011764720602220401	0.013020551109886811	1.0	0.00882130250231677	0.008059722160123448	0.008728420935005636	0.015412121947817463	0.003216685824055063	0.0031378551339802697	0.011778493345261154	0.005688131113225379	0.012251673690361722	0.007442095359199516	0.02263880549803185	0.007753499777116364	0.005576871671939713	0.012692562615117588	0.04172974355213405	0.007844473042211201	0.18163482541075254	0.009914927687080546
lv	0.23441237831492112	0.019314465118099002	0.36602540378443865	0.1398429148167053	0.012213935979737035	0.006894948529624583	0.010325133481217835	0.007949577528792101	0.006435114527309796	0.007509256790162195	0.0078109649263326765	0.012988890792612963	0.012069465766003255	0.012520860088063128	0.008184760209745965	0.008375037740628232	0.00882130250231677	1.0	0.012465007379419125	0.01519916295934886	0.023520042164296612	0.007163395076380396	0.006940046803003446	0.007983913719162995	0.014072688852708577	0.008519711132338728	0.011931930672373716	0.06424675498230514	0.011030463007927548	0.009979013877312	0.008420846006404364	0.10582188672519345	0.00891173728487979	0.24660605559646726	0.008738215946502592
mk	0.1779738764024757	0.017834521598026332	0.28172904669025317	0.07597289554758412	0.008191307613131377	0.005151379884410485	0.01065497437909768	0.015942305314117847	0.004924306304335032	0.008386238315935263	0.006520153517649723	0.01073333973874783	0.009144984974807382	0.006719319014945052	0.011828948476726518	0.015444680789066542	0.008059722160123448	0.012465007379419125	1.0	0.017589986476642634	0.031576073259338096	0.005226582831082568	0.005167295415389691	0.014664444269620346	0.007880505076239577	0.01567555126159282	0.010360547864364742	0.04743960291272187	0.008472890442335481	0.006432566408850754	0.014945896264603978	0.05646593432550012	0.006816152023780457	0.1809073112342927	0.021637174621448423
ml	0.18374848752964673	0.022524177398549186	0.28989794855663564	0.08975639721207543	0.011215771524623865	0.0066315894494158225	0.013568763156950532	0.01263498147438833	0.00618477759498218	0.008226564766063128	0.008182934052635725	0.011393144905380093	0.012372298780646093	0.008362193107559833	0.010694903042309148	0.012524655691249676	0.008728420935005636	0.01519916295934886	0.017589986476642634	1.0	0.028952630062414143	0.007046164540875876	0.006915797366373397	0.010838924127210336	0.010005092169267092	0.013606165641513826	0.012346823751608315	0.05562328906136781	0.00955868051085544	0.008969714394837135	0.01191573210482546	0.05886273989607018	0.008996363624279618	0.1463924816619788	0.015094536243850668
mr	0.1965963916140452	0.03702915791655734	0.5	0.12687694415420062	0.021652141415828365	0.01506132708889336	0.019341427383883926	0.014586746086603358	0.014284392413941005	0.014851239541886932	0.01671116962162212	0.01817562708547134	0.019639517151746274	0.01725205274687413	0.016089940399125067	0.01614290835581968	0.015412121947817463	0.023520042164296612	0.031576073259338096	0.028952630062414143	1.0	0.015350149529762843	0.015282786863567446	0.015812615855367005	0.019420172492445754	0.019005399906338965	0.020656128926092386	0.08448384920138285	0.016645462622019897	0.017199525500302335	0.01603863904198771	0.050948382887937536	0.01511849979040066	0.09867845659026538	0.023177603910433033
nl	0.11385936184053944	0.007279225104090513	0.28989794855663564	0.12559973033820798	0.0037928734506149577	0.0032126218715703117	0.003744224973344825	0.0036974287246531387	0.002756470952557274	0.003900223745478666	0.003014159656834423	0.004157406961077236	0.003520966409421376	0.003030278814500658	0.003909987262559245	0.0035691971911316696	0.003216685824055063	0.007163395076380396	0.005226582831082568	0.007046164540875876	0.015350149529762843	1.0	0.0029669991370998576	0.003974180059165433	0.0038772907389225558	0.0038762348090373155	0.003682357295584316	0.02179579339044142	0.0031777459664395886	0.0030581665724806494	0.0033160123471514605	0.057687496840402475	0.0032295820926303317	0.3203772410170407	0.0035074002691770118
pl	0.12043886815418244	0.007309189076062637	0.28989794855663564	0.12371884312458155	0.003920144922869764	0.003984064545226083	0.0034316927034361375	0.0038817848973321844	0.00325828503914996	0.0036796256605052917	0.003191132429991971	0.004091223977556032	0.003613035068288797	0.0028728571867641887	0.0034779924652456923	0.0037200843621150365	0.0031378551339802697	0.006940046803003446	0.005167295415389691	0.006915797366373397	0.015282786863567446	0.0029669991370998576	1.0	0.0036837802695580723	0.003651187924775929	0.00372181689429413	0.0033754611698673834	0.02048490010159102	0.0032914907743988907	0.0030490028668921695	0.0034790945355741756	0.05880094261758876	0.0030538597310192117	0.2612038749637414	0.0033889920720797254
pt	0.11419804257149403	0.012233164581964138	0.28172904669025317	0.03336658922547715	0.005100758472186536	0.0038054016172224567	0.01146059158746401	0.005467132284237383	0.003855080558456817	0.006001113764733663	0.009227738566692003	0.010712618990130733	0.01043193616668979	0.005108684845455403	0.006054317551003103	0.009580408148696156	0.011778493345261154	0.007983913719162995	0.014664444269620346	0.010838924127210336	0.015812615855367005	0.003974180059165433	0.0036837802695580723	1.0	0.006717572064086677	0.00749958941075043	0.012322543877372426	0.020150240880037605	0.011035693908258285	0.007666544430164647	0.009576609411357937	0.021444623660923468	0.01008928562989821	0.15823349565231337	0.010092211171973042
ro	0.12264039866310858	0.012364209179308023	0.28989794855663564	0.097409748607283	0.009175178511797642	0.0034468399787215133	0.006205339924377084	0.007473564431684277	0.003190197015301644	0.006070157513288815	0.005169221387972444	0.007068667424835963	0.0058207683959016635	0.005870016347684122	0.006556602381244924	0.006390204239237598	0.005688131113225379	0.014072688852708577	0.007880505076239577	0.010005092169267092	0.019420172492445754	0.0038772907389225558	0.003651187924775929	0.006717572064086677	1.0	0.006672499191841622	0.006531299019886383	0.03644378247870344	0.005867242839609263	0.0053866303390215295	0.0061176169466349885	0.0891056612904947	0.005629849269696146	0.24336073281110826	0.005900585288011584
ru	0.09409907510736581	0.014037822484449191	0.28989794855663564	0.019962359504317333	0.005167905562348186	0.0040967005891758435	0.01600692044838155	0.005543316321011413	0.003782147129848917	0.006960366883985877	0.008448377509950197	0.01252661580477234	0.011660853371499597	0.004864466085851591	0.007304920794280173	0.01136077136926679	0.012251673690361722	0.008519711132338728	0.01567555126159282	0.013606165641513826	0.019005399906338965	0.0038762348090373155	0.00372181689429413	0.00749958941075043	0.006672499191841622	1.0	0.014218266234085631	0.020193869351714112	0.011462323034865846	0.006800160910049354	0.010860481334356365	0.013675803324871191	0.0090863177239427	0.11462079802564168	0.0115013989917103
sh	0.14177691653497637	0.010842614029705959	0.28989794855663564	0.08324142372952195	0.006529599130074684	0.0032817926796672634	0.009114044958217323	0.015314718875909617	0.003331070026562302	0.009896824376697465	0.006288190937429082	0.009335751697581409	0.008696822643973775	0.004876568572402759	0.012160054089222577	0.014929202869083204	0.007442095359199516	0.011931930672373716	0.010360547864364742	0.012346823751608315	0.020656128926092386	0.003682357295584316	0.0033754611698673834	0.012322543877372426	0.006531299019886383	0.014218266234085631	1.0	0.044956413405859055	0.007779387161562819	0.005413671498208898	0.012114660657957329	0.06350610220585548	0.006960961570055663	0.2204812092115424	0.013462816645765182
si	0.3090169943749474	0.05648682037341224	0.36602540378443865	0.1214448079989512	0.03916751257355094	0.020992989674824374	0.04134816668935986	0.019232423621353585	0.02040840639066852	0.019927327794301862	0.021143100651974635	0.030759637251611155	0.03745197780142938	0.024122216938061356	0.024721935625625798	0.02046917921324273	0.02263880549803185	0.06424675498230514	0.04743960291272187	0.05562328906136781	0.08448384920138285	0.02179579339044142	0.02048490010159102	0.020150240880037605	0.03644378247870344	0.020193869351714112	0.044956413405859055	1.0	0.028637918135908904	0.024747018633774005	0.022685991597127073	0.12643933133274313	0.022411775401734592	0.1774053291584318	0.01968434773909566
simple	0.1566130288262323	0.011900496474075725	0.28989794855663564	0.08127515315239178	0.005033560033812939	0.002986756331660555	0.00820341541092234	0.011086394869214988	0.0029712174535575387	0.007684673711547751	0.005995217933103584	0.008645207512848746	0.008155065180999236	0.004664883460392631	0.010387016098777308	0.011437256836710655	0.007753499777116364	0.011030463007927548	0.008472890442335481	0.00955868051085544	0.016645462622019897	0.0031777459664395886	0.0032914907743988907	0.011035693908258285	0.005867242839609263	0.011462323034865846	0.007779387161562819	0.028637918135908904	1.0	0.005332109721660834	0.012395636644135219	0.058972962703687584	0.007214899245922686	0.17540586300555752	0.011005846747420393
sr	0.13219301270825162	0.008224008710499161	0.28989794855663564	0.13840926619852625	0.005615143960118802	0.003067429628680167	0.005701088226163745	0.007038643209043438	0.0028829794076641042	0.007295034083729785	0.005147052559385328	0.006209596946519267	0.005771864003918927	0.0042255092159552395	0.0071231297474044645	0.006367820234285169	0.005576871671939713	0.009979013877312	0.006432566408850754	0.008969714394837135	0.017199525500302335	0.0030581665724806494	0.0030490028668921695	0.007666544430164647	0.0053866303390215295	0.006800160910049354	0.005413671498208898	0.024747018633774005	0.005332109721660834	1.0	0.006733294676701371	0.06812788080859981	0.005316697398062844	0.3090169943749474	0.006761660429263102
sv	0.11842395978025906	0.013078565713127878	0.28172904669025317	0.039357022924541185	0.004883683328445956	0.0035906332625145754	0.013029119624267949	0.009151363646752725	0.0034861577871605084	0.009268992124085702	0.008912585094452455	0.011046336984826913	0.009729444602040725	0.004788842451741676	0.009230743456550871	0.011212231267657712	0.012692562615117588	0.008420846006404364	0.014945896264603978	0.01191573210482546	0.01603863904198771	0.0033160123471514605	0.0034790945355741756	0.009576609411357937	0.0061176169466349885	0.010860481334356365	0.012114660657957329	0.022685991597127073	0.012395636644135219	0.006733294676701371	1.0	0.024856953237792027	0.008738367624902798	0.15776505912784203	0.011921434333158582
te	0.34833147735478825	0.07505637411794495	0.5	0.3090169943749474	0.11225973956720466	0.05661977616546781	0.06072517984160424	0.017557580489097023	0.049631684717138046	0.03997320075576078	0.05521271264735008	0.05232471014803753	0.06748398888425361	0.06702005206379393	0.02367044475319118	0.023740816456526835	0.04172974355213405	0.10582188672519345	0.05646593432550012	0.05886273989607018	0.050948382887937536	0.057687496840402475	0.05880094261758876	0.021444623660923468	0.0891056612904947	0.013675803324871191	0.06350610220585548	0.12643933133274313	0.058972962703687584	0.06812788080859981	0.024856953237792027	1.0	0.05960730414721702	0.28989794855663564	0.012375409304830677
vi	0.12588212939720933	0.009456200649276329	0.27429188517743175	0.07835601575295545	0.005767509135426329	0.0029610247870711427	0.006353272080658344	0.010245619141241403	0.003030280449197262	0.008006763149847137	0.005601273514390935	0.006278542318793721	0.0061335896339604476	0.004103940153626136	0.009067458162177019	0.009565096180545627	0.007844473042211201	0.00891173728487979	0.006816152023780457	0.008996363624279618	0.01511849979040066	0.0032295820926303317	0.0030538597310192117	0.01008928562989821	0.005629849269696146	0.0090863177239427	0.006960961570055663	0.022411775401734592	0.007214899245922686	0.005316697398062844	0.008738367624902798	0.05960730414721702	1.0	0.22584440001865322	0.008417386428644681
war	1.0	0.13603863460387838	0.28989794855663564	0.44948974278317805	0.2553967929896867	0.29893508442482547	0.28172904669025317	0.14314148321596146	0.3333333333333333	0.19917226553439166	0.2612038749637414	0.20521309615767264	0.23166247903554	0.3203772410170407	0.16736577623297264	0.08479235127672252	0.18163482541075254	0.24660605559646726	0.1809073112342927	0.1463924816619788	0.09867845659026538	0.3203772410170407	0.2612038749637414	0.15823349565231337	0.24336073281110826	0.11462079802564168	0.2204812092115424	0.1774053291584318	0.17540586300555752	0.3090169943749474	0.15776505912784203	0.28989794855663564	0.22584440001865322	1.0	0.11181241293549436
zh	0.08432543014046597	0.017163755577541063	0.28989794855663564	0.016239850976331564	0.005091071091409762	0.0036923765739055505	0.01494024659696247	0.008568379339767958	0.0033950196333620273	0.00949905367962122	0.007705835832666274	0.013865440288283275	0.010984242674408043	0.004807871862008056	0.009916034219972199	0.01168044811107873	0.009914927687080546	0.008738215946502592	0.021637174621448423	0.015094536243850668	0.023177603910433033	0.0035074002691770118	0.0033889920720797254	0.010092211171973042	0.005900585288011584	0.0115013989917103	0.013462816645765182	0.01968434773909566	0.011005846747420393	0.006761660429263102	0.011921434333158582	0.012375409304830677	0.008417386428644681	0.11181241293549436	1.0
