arz	bs	ceb	ckb	da	de	el	en	es	fr	he	hi	hu	id	it	ja	ko	lv	mk	ml	mr	nl	pl	pt	ro	ru	sh	si	simple	sr	sv	te	vi	war	zh
arz	1.0	0.06595744680851064	0.015625	0.05862068965517241	0.035440613026819924	0.00897021887334051	0.036016949152542374	0.005130784708249497	0.010723296888141295	0.009720062208398134	0.02283175498870497	0.04295942720763723	0.0375	0.026737967914438502	0.01051953628166595	0.017186980736714264	0.027327980136206582	0.04927007299270073	0.0490506329113924	0.045454545454545456	0.07518796992481203	0.015399120050282841	0.010922871154703521	0.012213359920239282	0.045174537987679675	0.01259222613152375	0.039959016393442626	0.0703125	0.03299492385786802	0.027413587604290822	0.01904761904761905	0.06481481481481481	0.02766798418972332	0.07865168539325842	0.01998430863299081
bs	0.06595744680851064	1.0	0.014285714285714285	0.1	0.11520756822842346	0.03460487129051211	0.12560792845056806	0.02045177415155326	0.04047528901733353	0.03767547871561927	0.07768770447024545	0.12650730643941802	0.11362867219832419	0.09821428571428571	0.03999931612156042	0.06084870511409548	0.08579903518923544	0.13424529689769948	0.13255475607825948	0.12037417160283855	0.08998101834135917	0.058452636739380594	0.041737011358320905	0.04751371845148742	0.10853822684852836	0.04807748248028653	0.14863872448838958	0.09437751004016064	0.10614407873229986	0.09482758620689655	0.07111485257021724	0.09312982670026486	0.09471185156074556	0.08294930875576037	0.07464272709031591
ceb	0.015625	0.014285714285714285	1.0	0.02336448598130841	0.005964214711729622	0.0014393666786613889	0.0077951002227171495	0.0008059641345960105	0.001687051876845213	0.0015600624024961	0.003913894324853229	0.010380817055880029	0.007625272331154684	0.005479452054794521	0.0015165174186350763	0.0028208744710860366	0.004469273743016759	0.01016260162601626	0.01206896551724138	0.015151515151515152	0.030927835051546393	0.0022109917877447885	0.0017905102954341987	0.00200300450676014	0.008456659619450317	0.0020639834881320948	0.006369426751592357	0.03333333333333333	0.006108202443280977	0.0048367593712212815	0.002797761790567546	0.015503875968992248	0.004704301075268817	0.06382978723404255	0.0030621172353455816
ckb	0.05862068965517241	0.1	0.02336448598130841	1.0	0.07291666666666667	0.017966223499820338	0.07861635220125786	0.010376453349851777	0.02127211457455771	0.019268197742312185	0.04509708356085378	0.07852193995381063	0.07230142566191446	0.05823293172690763	0.021514629948364887	0.03328661527680449	0.050716648291069456	0.11964285714285715	0.09545454545454546	0.10288808664259928	0.10303030303030303	0.03018867924528302	0.021642124051762607	0.02498750624687656	0.077	0.02521452663426457	0.07414829659318638	0.12168042010502625	0.0680672268907563	0.048292108362779744	0.03645007923930269	0.09947643979057591	0.057369117237538285	0.12083333333333333	0.03987923195135513
da	0.035440613026819924	0.11520756822842346	0.005964214711729622	0.07291666666666667	1.0	0.07916144742141573	0.15568418233030196	0.04830082740119937	0.09369428029552512	0.08769346819935835	0.16606761051010702	0.14920796412691933	0.18142908492438842	0.16055666783008024	0.09298006325826744	0.1351841675127681	0.17628640672311008	0.14726383581411506	0.13850352660512394	0.11662733691957529	0.06546489563567362	0.13106693552545456	0.09208884589149799	0.10996865088668549	0.17514206370612348	0.10469684739920952	0.15926841478417927	0.05815155027867547	0.18133581955541392	0.15064998937929128	0.15501689302496355	0.06805807622504537	0.15367017715053904	0.041666666666666664	0.15578148177111284
de	0.00897021887334051	0.03460487129051211	0.0014393666786613889	0.017966223499820338	0.07916144742141573	1.0	0.07046753453453691	0.2330768461321323	0.2699250750374384	0.2593616129667976	0.14962306269933434	0.06174752803916241	0.07444846425927307	0.10955846632730083	0.2561422716291865	0.18793412402394233	0.1350608925271074	0.040630615369397445	0.04677188416919069	0.037173922813787376	0.016349263384836506	0.21544431443663234	0.2633602470082905	0.23489009768203772	0.07623038764212155	0.21331187744061997	0.07171294407375367	0.015091627739849083	0.08592006044275277	0.12051862352675079	0.17912593667491608	0.021364452423698384	0.10865684006519342	0.008096437567470314	0.15229517800884732
el	0.036016949152542374	0.12560792845056806	0.0077951002227171495	0.07861635220125786	0.15568418233030196	0.07046753453453691	1.0	0.043963269937653475	0.0844548082298012	0.07718417268725576	0.1452815703463962	0.16561199625877737	0.15687492961783767	0.1590594061872518	0.08116431306039602	0.12396489222864934	0.160533234637711	0.16079294849110423	0.15796741231703948	0.11541240110654943	0.07540679618065879	0.11165481323286457	0.08404719638708422	0.09712969110260211	0.1810581000172692	0.09283349039045646	0.15638608750842342	0.06659619450317125	0.1697770584194753	0.14305675662993056	0.13304907573494573	0.08231707317073171	0.1540947096753855	0.04777777777777778	0.13905176230995364
en	0.005130784708249497	0.02045177415155326	0.0008059641345960105	0.010376453349851777	0.04830082740119937	0.2330768461321323	0.043963269937653475	1.0	0.2252667656596072	0.22141903738083274	0.101148128725128	0.039582052856033424	0.044869455470759316	0.07105659342783506	0.21549206414848812	0.13692429848509388	0.0892225380772905	0.024488171023386365	0.02849752280907777	0.022972983754673538	0.009577839352998907	0.15101616476261168	0.2048954585410399	0.19109384294175327	0.04614183144044178	0.17423346311988164	0.045531136896246896	0.00886736011894269	0.05690536144283429	0.08068294091214083	0.12179738484119271	0.012594944617137876	0.07446724199266534	0.004533548257102559	0.11372948067731095
es	0.010723296888141295	0.04047528901733353	0.001687051876845213	0.02127211457455771	0.09369428029552512	0.2699250750374384	0.0844548082298012	0.2252667656596072	1.0	0.2752081887665754	0.1797422483813832	0.07555583464354158	0.08845180742129781	0.1324259657208923	0.28614935775302247	0.21958079990865398	0.16463420750415653	0.04994701812688319	0.057070620400410776	0.04623005303353446	0.019595448798988623	0.2434855250077983	0.2683829654126818	0.28972278839138604	0.0893678603086735	0.23869669819147168	0.0873757848996377	0.018120522545301308	0.10450338227209821	0.14616493574240053	0.20998612078364534	0.025252525252525252	0.1364721874386383	0.009489666807254323	0.18944740297338955
fr	0.009720062208398134	0.03767547871561927	0.0015600624024961	0.019268197742312185	0.08769346819935835	0.2593616129667976	0.07718417268725576	0.22141903738083274	0.2752081887665754	1.0	0.16371291894341827	0.0681994040112366	0.08087101008667283	0.11927845601609788	0.25870539084438215	0.2007423011243958	0.1507513879176483	0.04549205269619183	0.05280981192865602	0.041971960413908646	0.017949629374238062	0.2277532517271348	0.2443830209143649	0.25069689390854594	0.08406777730839138	0.21421471372528894	0.07938377232432764	0.01657626462659242	0.09865329873896017	0.12859624450918036	0.1963420079011305	0.022948269155970438	0.1236782228207317	0.008775351014040561	0.16786976477566015
he	0.02283175498870497	0.07768770447024545	0.003913894324853229	0.04509708356085378	0.16606761051010702	0.14962306269933434	0.1452815703463962	0.101148128725128	0.1797422483813832	0.16371291894341827	1.0	0.1321820567515504	0.14886573743328294	0.1851522167552965	0.1741936296990158	0.2100322960846281	0.22673169622883863	0.09854476701846554	0.10940350099645137	0.08269567762036734	0.041339998825463936	0.2125912871394358	0.17138399179825395	0.20185141390046835	0.15567547744931964	0.17871349842282838	0.1502603593887053	0.038915596617601	0.18153297949216315	0.1929693448966161	0.2324850991960057	0.0519730510105871	0.19693714974198817	0.02048780487804878	0.2166866241192631
hi	0.04295942720763723	0.12650730643941802	0.010380817055880029	0.07852193995381063	0.14920796412691933	0.06174752803916241	0.16561199625877737	0.039582052856033424	0.07555583464354158	0.0681994040112366	0.1321820567515504	1.0	0.15038475386637865	0.16267855772116036	0.07141146125060935	0.11136787249419909	0.15110152226593823	0.15620390538423326	0.14644920914587503	0.15354676296921133	0.09302749459375965	0.09986449259176532	0.0723625294712425	0.0877747996421079	0.16616889690646872	0.0826786373697319	0.14956603729385307	0.08348456868738326	0.16790700473401268	0.13428941524796448	0.11847821669124362	0.10726213231390039	0.16257925321536057	0.05112219451371571	0.12904883442155168
hu	0.0375	0.11362867219832419	0.007625272331154684	0.07230142566191446	0.18142908492438842	0.07444846425927307	0.15687492961783767	0.044869455470759316	0.08845180742129781	0.08087101008667283	0.14886573743328294	0.15038475386637865	1.0	0.15766940775395766	0.08476130624520975	0.11825647128724659	0.15541290489341028	0.14509828333723926	0.14094774657517906	0.11574984547957522	0.07386724857046152	0.11898566964048615	0.08966731467803635	0.10252345238104665	0.17411881688895126	0.09885321532076936	0.15537462303859118	0.06334552405104016	0.16151214272615336	0.1489421270182729	0.13286980567705017	0.08699125821976239	0.1542993263249272	0.044372294372294376	0.13834305805733021
id	0.026737967914438502	0.09821428571428571	0.005479452054794521	0.05823293172690763	0.16055666783008024	0.10955846632730083	0.1590594061872518	0.07105659342783506	0.1324259657208923	0.11927845601609788	0.1851522167552965	0.16267855772116036	0.15766940775395766	1.0	0.1279950705434447	0.16355687355065465	0.19135451563654804	0.11895674300254452	0.12327500033770548	0.10836501901140684	0.05592991913746631	0.16692814559146532	0.12415142337976984	0.15254674490934209	0.16520906579608238	0.1424244507550586	0.16457288121914807	0.05141937896327688	0.170929129145131	0.18135190471013118	0.18397580531564112	0.06697612732095491	0.19686686338217196	0.029594301848674044	0.17419774367108737
it	0.01051953628166595	0.03999931612156042	0.0015165174186350763	0.021514629948364887	0.09298006325826744	0.2561422716291865	0.08116431306039602	0.21549206414848812	0.28614935775302247	0.25870539084438215	0.1741936296990158	0.07141146125060935	0.08476130624520975	0.1279950705434447	1.0	0.20844874610352485	0.1576028814643796	0.04935207412035358	0.05616978763685895	0.045588127097168404	0.01871107200928908	0.23854881372951225	0.25129900797238164	0.2772722867748664	0.0873418555748575	0.22661135836720797	0.08579362098685564	0.016977111442212395	0.10272811333974223	0.1397867567832305	0.2004578725281467	0.02468664168215507	0.12762378647591452	0.009478672985781991	0.18271392025925426
ja	0.017186980736714264	0.06084870511409548	0.0028208744710860366	0.03328661527680449	0.1351841675127681	0.18793412402394233	0.12396489222864934	0.13692429848509388	0.21958079990865398	0.2007423011243958	0.2100322960846281	0.11136787249419909	0.11825647128724659	0.16355687355065465	0.20844874610352485	1.0	0.21745128233231636	0.0747938633123795	0.08401379270076413	0.06959527581104397	0.03247908849163487	0.2240189980072055	0.2027380363438412	0.23321922775602424	0.12171711032667515	0.2008396451918979	0.11975278949785786	0.029571876358498905	0.1528692694375202	0.16799654467417136	0.2322108138023407	0.03988803358992302	0.172288038889061	0.015867418899858956	0.22118604272083275
ko	0.027327980136206582	0.08579903518923544	0.004469273743016759	0.050716648291069456	0.17628640672311008	0.1350608925271074	0.160533234637711	0.0892225380772905	0.16463420750415653	0.1507513879176483	0.22673169622883863	0.15110152226593823	0.15541290489341028	0.19135451563654804	0.1576028814643796	0.21745128233231636	1.0	0.10488708483727772	0.11125290688900798	0.09670522454583763	0.0489976902375453	0.1965012292040018	0.15196322802570253	0.18588485629712964	0.16940297820953878	0.17152052955216984	0.16422075590089533	0.044370632818974416	0.20053729132002387	0.19949165568730784	0.21973072672574342	0.05623591150433848	0.211615597452291	0.024553571428571428	0.21822583203405724
lv	0.04927007299270073	0.13424529689769948	0.01016260162601626	0.11964285714285715	0.14726383581411506	0.040630615369397445	0.16079294849110423	0.024488171023386365	0.04994701812688319	0.04549205269619183	0.09854476701846554	0.15620390538423326	0.14509828333723926	0.11895674300254452	0.04935207412035358	0.0747938633123795	0.10488708483727772	1.0	0.16222036301832984	0.15774444444444444	0.11454545454545455	0.070020093535988	0.05096798404738796	0.05807884836646231	0.15715959618700656	0.05669633434962074	0.1370352765445199	0.10401459854014598	0.13236911220771197	0.10600575532491832	0.083376727499876	0.1060555509216782	0.1241680865172181	0.08064516129032258	0.08805423179545462
mk	0.0490506329113924	0.13255475607825948	0.01206896551724138	0.09545454545454546	0.13850352660512394	0.04677188416919069	0.15796741231703948	0.02849752280907777	0.057070620400410776	0.05280981192865602	0.10940350099645137	0.14644920914587503	0.14094774657517906	0.12327500033770548	0.05616978763685895	0.08401379270076413	0.11125290688900798	0.16222036301832984	1.0	0.12427044347952473	0.08211299313893654	0.07758406512093828	0.056035691505314726	0.06711099625439008	0.16373863915499878	0.06449746530624327	0.13982064750963624	0.08391204967858652	0.13836216300451926	0.11560357035675935	0.09730739909172803	0.08343236992045733	0.12871474338392164	0.06418918918918919	0.09974144973501387
ml	0.045454545454545456	0.12037417160283855	0.015151515151515152	0.10288808664259928	0.11662733691957529	0.037173922813787376	0.11541240110654943	0.022972983754673538	0.04623005303353446	0.041971960413908646	0.08269567762036734	0.15354676296921133	0.11574984547957522	0.10836501901140684	0.045588127097168404	0.06959527581104397	0.09670522454583763	0.15774444444444444	0.12427044347952473	1.0	0.11463204859431275	0.06256973997402304	0.044650751547303275	0.052975429191318944	0.13522021302681717	0.0517318822932441	0.12307619240072554	0.10565325018347978	0.1199209416031654	0.0888628824352912	0.07376602598832552	0.125	0.10747732521499587	0.0876068376068376	0.07963618588225972
mr	0.07518796992481203	0.08998101834135917	0.030927835051546393	0.10303030303030303	0.06546489563567362	0.016349263384836506	0.07540679618065879	0.009577839352998907	0.019595448798988623	0.017949629374238062	0.041339998825463936	0.09302749459375965	0.07386724857046152	0.05592991913746631	0.01871107200928908	0.03247908849163487	0.0489976902375453	0.11454545454545455	0.08211299313893654	0.11463204859431275	1.0	0.027690371302706105	0.019702646115337397	0.022498953192022497	0.07489878542510121	0.02236226808499072	0.06760244636133633	0.11510202424767266	0.07152791676070193	0.046575727868110706	0.03457869634340222	0.14327485380116958	0.05941255006675567	0.14220183486238533	0.039880394787687026
nl	0.015399120050282841	0.058452636739380594	0.0022109917877447885	0.03018867924528302	0.13106693552545456	0.21544431443663234	0.11165481323286457	0.15101616476261168	0.2434855250077983	0.2277532517271348	0.2125912871394358	0.09986449259176532	0.11898566964048615	0.16692814559146532	0.23854881372951225	0.2240189980072055	0.1965012292040018	0.070020093535988	0.07758406512093828	0.06256973997402304	0.027690371302706105	1.0	0.22421789545385054	0.24676912404434964	0.11754610002995378	0.22280698044265532	0.1165484697842569	0.025487728130899938	0.13903463004956998	0.1743052577901487	0.244700640168608	0.0361180904522613	0.163420086319467	0.014222503160556258	0.20759097922903255
pl	0.010922871154703521	0.041737011358320905	0.0017905102954341987	0.021642124051762607	0.09208884589149799	0.2633602470082905	0.08404719638708422	0.2048954585410399	0.2683829654126818	0.2443830209143649	0.17138399179825395	0.0723625294712425	0.08966731467803635	0.12415142337976984	0.25129900797238164	0.2027380363438412	0.15196322802570253	0.05096798404738796	0.056035691505314726	0.044650751547303275	0.019702646115337397	0.22421789545385054	1.0	0.24329735095832813	0.08777598496317901	0.21675344945545072	0.0869646292568878	0.018338171110254358	0.10140525785442019	0.14051516533436387	0.1906611382910289	0.025389755011135856	0.12540738578831268	0.009843400447427294	0.17452854825656203
pt	0.012213359920239282	0.04751371845148742	0.00200300450676014	0.02498750624687656	0.10996865088668549	0.23489009768203772	0.09712969110260211	0.19109384294175327	0.28972278839138604	0.25069689390854594	0.20185141390046835	0.0877747996421079	0.10252345238104665	0.15254674490934209	0.2772722867748664	0.23321922775602424	0.18588485629712964	0.05807884836646231	0.06711099625439008	0.052975429191318944	0.022498953192022497	0.24676912404434964	0.24329735095832813	1.0	0.1079541207227801	0.23927255894406613	0.10277319808909029	0.02125	0.1244239218959225	0.15946652163091185	0.2280145315500469	0.029473401517134467	0.15634576691262672	0.011011011011011011	0.2071957940831088
ro	0.045174537987679675	0.10853822684852836	0.008456659619450317	0.077	0.17514206370612348	0.07623038764212155	0.1810581000172692	0.04614183144044178	0.0893678603086735	0.08406777730839138	0.15567547744931964	0.16616889690646872	0.17411881688895126	0.16520906579608238	0.0873418555748575	0.12171711032667515	0.16940297820953878	0.15715959618700656	0.16373863915499878	0.13522021302681717	0.07489878542510121	0.11754610002995378	0.08777598496317901	0.1079541207227801	1.0	0.10283579419688052	0.16330833660325442	0.06586665930181175	0.1740427891804395	0.16346332592442916	0.13893186379639674	0.07869395520149097	0.166035975652951	0.04411764705882353	0.14106137848817393
ru	0.01259222613152375	0.04807748248028653	0.0020639834881320948	0.02521452663426457	0.10469684739920952	0.21331187744061997	0.09283349039045646	0.17423346311988164	0.23869669819147168	0.21421471372528894	0.17871349842282838	0.0826786373697319	0.09885321532076936	0.1424244507550586	0.22661135836720797	0.2008396451918979	0.17152052955216984	0.05669633434962074	0.06449746530624327	0.0517318822932441	0.02236226808499072	0.22280698044265532	0.21675344945545072	0.23927255894406613	0.10283579419688052	1.0	0.09983704723307095	0.021644675262967396	0.1130351116309993	0.15739455259234136	0.19980308195316684	0.030061664953751285	0.14207345970695093	0.011609907120743035	0.17888815646590858
sh	0.039959016393442626	0.14863872448838958	0.006369426751592357	0.07414829659318638	0.15926841478417927	0.07171294407375367	0.15638608750842342	0.045531136896246896	0.0873757848996377	0.07938377232432764	0.1502603593887053	0.14956603729385307	0.15537462303859118	0.16457288121914807	0.08579362098685564	0.11975278949785786	0.16422075590089533	0.1370352765445199	0.13982064750963624	0.12307619240072554	0.06760244636133633	0.1165484697842569	0.0869646292568878	0.10277319808909029	0.16330833660325442	0.09983704723307095	1.0	0.06857672717328138	0.1686538374045742	0.23611933453575965	0.13700993180465926	0.0812133072407045	0.15580785629221552	0.04449152542372881	0.1362519554701732
si	0.0703125	0.09437751004016064	0.03333333333333333	0.12168042010502625	0.05815155027867547	0.015091627739849083	0.06659619450317125	0.00886736011894269	0.018120522545301308	0.01657626462659242	0.038915596617601	0.08348456868738326	0.06334552405104016	0.05141937896327688	0.016977111442212395	0.029571876358498905	0.044370632818974416	0.10401459854014598	0.08391204967858652	0.10565325018347978	0.11510202424767266	0.025487728130899938	0.018338171110254358	0.02125	0.06586665930181175	0.021644675262967396	0.06857672717328138	1.0	0.0644271340473872	0.045418596581222374	0.031872137721567044	0.1016949152542373	0.05179282868525897	0.13333333333333333	0.03720685923898384
simple	0.03299492385786802	0.10614407873229986	0.006108202443280977	0.0680672268907563	0.18133581955541392	0.08592006044275277	0.1697770584194753	0.05690536144283429	0.10450338227209821	0.09865329873896017	0.18153297949216315	0.16790700473401268	0.16151214272615336	0.170929129145131	0.10272811333974223	0.1528692694375202	0.20053729132002387	0.13236911220771197	0.13836216300451926	0.1199209416031654	0.07152791676070193	0.13903463004956998	0.10140525785442019	0.1244239218959225	0.1740427891804395	0.1130351116309993	0.1686538374045742	0.0644271340473872	1.0	0.15896275026328643	0.16272979155655393	0.07524801636072248	0.18613703948941693	0.037456445993031356	0.1738786619150376
sr	0.027413587604290822	0.09482758620689655	0.0048367593712212815	0.048292108362779744	0.15064998937929128	0.12051862352675079	0.14305675662993056	0.08068294091214083	0.14616493574240053	0.12859624450918036	0.1929693448966161	0.13428941524796448	0.1489421270182729	0.18135190471013118	0.1397867567832305	0.16799654467417136	0.19949165568730784	0.10600575532491832	0.11560357035675935	0.0888628824352912	0.046575727868110706	0.1743052577901487	0.14051516533436387	0.15946652163091185	0.16346332592442916	0.15739455259234136	0.23611933453575965	0.045418596581222374	0.15896275026328643	1.0	0.18504482384848886	0.05737704918032787	0.16771666073590358	0.025934861278648975	0.18134894866186896
sv	0.01904761904761905	0.07111485257021724	0.002797761790567546	0.03645007923930269	0.15501689302496355	0.17912593667491608	0.13304907573494573	0.12179738484119271	0.20998612078364534	0.1963420079011305	0.2324850991960057	0.11847821669124362	0.13286980567705017	0.18397580531564112	0.2004578725281467	0.2322108138023407	0.21973072672574342	0.083376727499876	0.09730739909172803	0.07376602598832552	0.03457869634340222	0.244700640168608	0.1906611382910289	0.2280145315500469	0.13893186379639674	0.19980308195316684	0.13700993180465926	0.031872137721567044	0.16272979155655393	0.18504482384848886	1.0	0.042670939635283435	0.17739782469223042	0.018	0.21322107009142074
te	0.06481481481481481	0.09312982670026486	0.015503875968992248	0.09947643979057591	0.06805807622504537	0.021364452423698384	0.08231707317073171	0.012594944617137876	0.025252525252525252	0.022948269155970438	0.0519730510105871	0.10726213231390039	0.08699125821976239	0.06697612732095491	0.02468664168215507	0.03988803358992302	0.05623591150433848	0.1060555509216782	0.08343236992045733	0.125	0.14327485380116958	0.0361180904522613	0.025389755011135856	0.029473401517134467	0.07869395520149097	0.030061664953751285	0.0812133072407045	0.1016949152542373	0.07524801636072248	0.05737704918032787	0.042670939635283435	1.0	0.0659703718053907	0.08620689655172414	0.04899579435665918
vi	0.02766798418972332	0.09471185156074556	0.004704301075268817	0.057369117237538285	0.15367017715053904	0.10865684006519342	0.1540947096753855	0.07446724199266534	0.1364721874386383	0.1236782228207317	0.19693714974198817	0.16257925321536057	0.1542993263249272	0.19686686338217196	0.12762378647591452	0.172288038889061	0.211615597452291	0.1241680865172181	0.12871474338392164	0.10747732521499587	0.05941255006675567	0.163420086319467	0.12540738578831268	0.15634576691262672	0.166035975652951	0.14207345970695093	0.15580785629221552	0.05179282868525897	0.18613703948941693	0.16771666073590358	0.17739782469223042	0.0659703718053907	1.0	0.02956989247311828	0.19471505903703928
war	0.07865168539325842	0.08294930875576037	0.06382978723404255	0.12083333333333333	0.041666666666666664	0.008096437567470314	0.04777777777777778	0.004533548257102559	0.009489666807254323	0.008775351014040561	0.02048780487804878	0.05112219451371571	0.044372294372294376	0.029594301848674044	0.009478672985781991	0.015867418899858956	0.024553571428571428	0.08064516129032258	0.06418918918918919	0.0876068376068376	0.14220183486238533	0.014222503160556258	0.009843400447427294	0.011011011011011011	0.04411764705882353	0.011609907120743035	0.04449152542372881	0.13333333333333333	0.037456445993031356	0.025934861278648975	0.018	0.08620689655172414	0.02956989247311828	1.0	0.019702276707530646
zh	0.01998430863299081	0.07464272709031591	0.0030621172353455816	0.03987923195135513	0.15578148177111284	0.15229517800884732	0.13905176230995364	0.11372948067731095	0.18944740297338955	0.16786976477566015	0.2166866241192631	0.12904883442155168	0.13834305805733021	0.17419774367108737	0.18271392025925426	0.22118604272083275	0.21822583203405724	0.08805423179545462	0.09974144973501387	0.07963618588225972	0.039880394787687026	0.20759097922903255	0.17452854825656203	0.2071957940831088	0.14106137848817393	0.17888815646590858	0.1362519554701732	0.03720685923898384	0.1738786619150376	0.18134894866186896	0.21322107009142074	0.04899579435665918	0.19471505903703928	0.019702276707530646	1.0
