arz	bs	ceb	ckb	da	de	el	en	es	fr	he	hi	hu	id	it	ja	ko	lv	mk	ml	mr	nl	pl	pt	ro	ru	sh	si	simple	sr	sv	te	vi	war	zh
arz	0.017253873967605533	0.03225806451612903	0.5	0.058823529411764705	0.02702702702702703	0.02	0.029411764705882353	0.0196078431372549	0.0196078431372549	0.02	0.02127704843820733	0.027777777777777776	0.027777777777777776	0.025	0.02040816326530612	0.020408579758433985	0.02040941274468971	0.037037037037037035	0.03225806451612903	0.041666666666666664	0.05	0.02040816326530612	0.02040816326530612	0.02040816326530612	0.022727272727272728	0.020408579758433985	0.02564102564102564	0.05555555555555555	0.02564102564102564	0.021739130434782608	0.020833333333333332	0.047619047619047616	0.023809523809523808	0.07142857142857142	0.021740548676748583
bs	0.03225806451612903	0.004824183096407333	0.16666666666666666	0.019230769230769232	0.007575929752066115	0.005181427689333942	0.007633879144571995	0.00492639957290883	0.005181373996617359	0.005154772026782868	0.0060607162534435256	0.008196788497715669	0.008130213497256924	0.006493506493506494	0.005347793760187594	0.005682108729338844	0.00621137301801628	0.010526537396121883	0.009615477071005917	0.01190547052154195	0.02173960302457467	0.005347650776401956	0.005319177229515618	0.005235848798004441	0.00826459941260843	0.005319375282933454	0.006451654526534859	0.02127659574468085	0.007353157439446366	0.006060606060606061	0.005525167119440798	0.019231139053254437	0.006622648129468005	0.027777777777777776	0.005714612244897959
ceb	0.5	0.16666666666666666	0.125078187515625	0.2	0.16666666666666666	0.125	0.14285714285714285	0.125	0.125	0.125	0.125	0.125015625	0.14285714285714285	0.125	0.14287755102040817	0.125	0.125	0.2	0.14285714285714285	0.14285714285714285	0.16666666666666666	0.14285714285714285	0.125	0.125	0.125	0.125	0.16666666666666666	0.16666666666666666	0.14285714285714285	0.125	0.14285714285714285	0.25	0.14285714285714285	0.16666666666666666	0.14285714285714285
ckb	0.058823529411764705	0.019230769230769232	0.2	0.009618714127218934	0.012987012987012988	0.01	0.013333333333333334	0.009708832123668583	0.009900990099009901	0.010101010101010102	0.010752803792345937	0.014705882352941176	0.014084507042253521	0.011494252873563218	0.01	0.010526315789473684	0.010869565217391304	0.014925373134328358	0.015873015873015872	0.017543859649122806	0.029411764705882353	0.010416666666666666	0.010309278350515464	0.01	0.012987012987012988	0.010204185755935027	0.013513513513513514	0.027027757487216943	0.012345679012345678	0.012195121951219513	0.010869565217391304	0.02631578947368421	0.011494384991412341	0.034482758620689655	0.01086968336483932
da	0.02702702702702703	0.007575929752066115	0.16666666666666666	0.012987012987012988	0.0020004601001213872	0.002232157804528061	0.0044444839506172845	0.0020790928462446133	0.002207515264925028	0.002188222112626826	0.002638564198244234	0.0048544160618342914	0.003921599384851981	0.003344492790908379	0.0022624946254171698	0.0024510404652056898	0.0027548892455736924	0.0059171947760932745	0.005882595155709343	0.007246429321571099	0.014492753623188406	0.002314836248285322	0.002352957785467128	0.0022222716049382714	0.003968301209372638	0.0023697243997214796	0.004273540799181825	0.016393711367911852	0.003508821188057864	0.003257360820804464	0.0024155056127330857	0.013333333333333334	0.0034246927308125355	0.023809523809523808	0.002564161742274819
de	0.02	0.005181427689333942	0.125	0.01	0.002232157804528061	0.00036268974369637995	0.0025126006919017193	0.0004067047715930445	0.0005543317142000284	0.000548874533539939	0.0011441883237593533	0.0028653377230072	0.002386663324998149	0.0015873192239858906	0.0005797377024994745	0.000874169429128563	0.0012820792241946086	0.004405305750160104	0.003816852164792262	0.004807738535502959	0.01098901098901099	0.0007622049979550861	0.0005787120761531205	0.0006562015654174497	0.00232559221200649	0.0007102716664721271	0.0024570266044467515	0.011904761904761904	0.0020366764697342383	0.0014285795918367345	0.0009425354950294073	0.008403361344537815	0.0015923769752322608	0.022222222222222223	0.0010953538375347445
el	0.029411764705882353	0.007633879144571995	0.14285714285714285	0.013333333333333334	0.0044444839506172845	0.0025126006919017193	0.0022434055234178464	0.002288434253727045	0.0024570205675856775	0.0024876735724363255	0.0030303856749311297	0.004761950113378685	0.0046296939300411516	0.0035211515572307083	0.002590787672152272	0.0027028341855368882	0.0030770745562130174	0.005952416383219955	0.005682076446280991	0.007874077748155496	0.014084705415592145	0.0027027319211102995	0.002597456569404621	0.0025190185903089285	0.0040984614350980915	0.002681123288458912	0.00458724013130208	0.015873015873015872	0.003876044107926206	0.003533631335139657	0.002809130807347557	0.012345679012345678	0.0035714923469387753	0.023255813953488372	0.0028988027809283765
en	0.0196078431372549	0.00492639957290883	0.125	0.009708832123668583	0.0020790928462446133	0.0004067047715930445	0.002288434253727045	0.0002137565837878145	0.00043939935979009213	0.00043392984091303994	0.0009941069388855724	0.002544606957636501	0.0022422831848669836	0.001412479254444763	0.0004573780798184162	0.0007311539549631718	0.0011287599032351748	0.004115294077799793	0.003533718750390191	0.0043860995690981845	0.010526759002770083	0.0006592366308620943	0.000478506448570774	0.0005212402773588819	0.0021787299329317777	0.0005629264591955222	0.00220761759961795	0.011363765495867768	0.0017700274163990912	0.0012438321483379119	0.0008238772849220655	0.008000064	0.001353260546655411	0.022222222222222223	0.0008875728961483463
es	0.0196078431372549	0.005181373996617359	0.125	0.009900990099009901	0.002207515264925028	0.0005543317142000284	0.0024570205675856775	0.00043939935979009213	0.00042452087457084235	0.0005714491435102037	0.0011160888684331152	0.0027548437037542978	0.0023529522491349476	0.0015408391717968383	0.0005865432894453948	0.0008665901761336496	0.0012376421429271638	0.004219462692944507	0.003676524653979239	0.00454547520661157	0.010752688172043012	0.00077340716775259	0.0006222860548262519	0.0006250339871093744	0.002320196381371763	0.0007194694901920183	0.00236969070775589	0.011627906976744186	0.001968531062062124	0.0013831335166022928	0.0009354869487145602	0.008333333333333333	0.0014992661113243998	0.022222222222222223	0.0010384798284178137
fr	0.02	0.005154772026782868	0.125	0.010101010101010102	0.002188222112626826	0.000548874533539939	0.0024876735724363255	0.00043392984091303994	0.0005714491435102037	0.0003977549753281134	0.0011325567014540405	0.0028169728307875412	0.002381048758503401	0.0015773144324254394	0.0006021274375043716	0.0008796173307087342	0.0012500562531249993	0.004273540799181825	0.003676632785467128	0.0046298011402606315	0.010869919896030247	0.0007716311353309324	0.000635754179011764	0.0006584132430985017	0.0022883452288067698	0.000743056326712906	0.002409714036870373	0.011764982837508788	0.0019380558560182673	0.0014430389235584036	0.0009329402593535926	0.00847457627118644	0.0015267641745819005	0.022222222222222223	0.0010777383486026205
he	0.02127704843820733	0.0060607162534435256	0.125	0.010752803792345937	0.002638564198244234	0.0011441883237593533	0.0030303856749311297	0.0009941069388855724	0.0011160888684331152	0.0011325567014540405	0.0009842725271264712	0.003378446859021183	0.0029498960155237073	0.002114182783635559	0.001160162791167144	0.0013889834162808634	0.0016750839653319638	0.004807738535502959	0.004255373472159349	0.005649877110664241	0.011764982698961937	0.0012886747396110105	0.00120483814777181	0.0011534597446576996	0.002824922595678125	0.0012854379134422844	0.002907018996755003	0.01250015625	0.0023585239409042364	0.0019455593574467438	0.0013889409760802463	0.009259259259259259	0.002008064386058289	0.023809523809523808	0.0015314897269991952
hi	0.027777777777777776	0.008196788497715669	0.125015625	0.014705882352941176	0.0048544160618342914	0.0028653377230072	0.004761950113378685	0.002544606957636501	0.0027548437037542978	0.0028169728307875412	0.003378446859021183	0.0025293023341497784	0.005076270993841635	0.0036232409157739964	0.002949991742153305	0.003030440771349862	0.0033445822753660477	0.006579033933518006	0.006451737773152965	0.006802813642463788	0.012987181649519312	0.0030395413937417434	0.003012093554942662	0.0028012302960399842	0.004629758230452675	0.0030212484369438026	0.005025201383803439	0.01449317370300357	0.0041153110128876015	0.0038610187683546754	0.0031747039556563367	0.01086968336483932	0.003584306496576354	0.024390243902439025	0.0031748249130864195
hu	0.027777777777777776	0.008130213497256924	0.14285714285714285	0.014084507042253521	0.003921599384851981	0.002386663324998149	0.0046296939300411516	0.0022422831848669836	0.0023529522491349476	0.002381048758503401	0.0029498960155237073	0.005076270993841635	0.0021929873700173787	0.0035211887522317	0.0024876859545555803	0.0027934521394463343	0.0031250878906249994	0.006369589070550529	0.006097635336109459	0.007752058169581156	0.014084705415592145	0.002551026915868388	0.0024450057089567853	0.0023982023014681776	0.00416671875	0.002531760935747476	0.004566335147307187	0.016393980112872884	0.003984127236075618	0.0034014415289925493	0.00279338971942199	0.011628177393185505	0.003546225064131583	0.024390243902439025	0.0028903655568178017
id	0.025	0.006493506493506494	0.125	0.011494252873563218	0.003344492790908379	0.0015873192239858906	0.0035211515572307083	0.001412479254444763	0.0015408391717968383	0.0015773144324254394	0.002114182783635559	0.0036232409157739964	0.0035211887522317	0.0013740848464422744	0.0016103578198376203	0.0018903984762776004	0.0022272111745477454	0.0053475935828877	0.004975198633697185	0.005847953216374269	0.012048192771084338	0.0017301187725242753	0.0016978072817730833	0.0015698956795615236	0.0033557497410026576	0.0016920989117644527	0.003378446859021184	0.013158067867036011	0.0030211936729310613	0.0024154764405236997	0.0018797416508847303	0.009900990099009901	0.002403851932322485	0.02325635478637101	0.002070479105315724
it	0.02040816326530612	0.005347793760187594	0.14287755102040817	0.01	0.0022624946254171698	0.0005797377024994745	0.002590787672152272	0.0004573780798184162	0.0005865432894453948	0.0006021274375043716	0.001160162791167144	0.002949991742153305	0.0024876859545555803	0.0016103578198376203	0.00044218369560060724	0.0009125561397858492	0.0013004797441833321	0.004347958412098299	0.0038024837716318	0.004694879763715312	0.011494649227110581	0.0007943120913063744	0.0006574972121618831	0.0006515893291260392	0.002409696617796487	0.0007560196203193813	0.0024510644944252206	0.012658548309565774	0.0020326360136162336	0.0014556443346914732	0.0009824697961303612	0.008695727788279773	0.0016077868301609777	0.022727272727272728	0.001084845792900467
ja	0.020408579758433985	0.005682108729338844	0.125	0.010526315789473684	0.0024510404652056898	0.000874169429128563	0.0027028341855368882	0.0007311539549631718	0.0008665901761336496	0.0008796173307087342	0.0013889834162808634	0.003030440771349862	0.0027934521394463343	0.0018903984762776004	0.0009125561397858492	0.000719213254798635	0.0014307420635651575	0.004629693930041152	0.004081849229487714	0.004975322393010073	0.010870274102079394	0.0010787835625237828	0.0009506028712284401	0.0009243818637065602	0.0027027392257121985	0.0010440418637089703	0.0027473659733124015	0.011905045351473922	0.002150653254711527	0.001773096813540566	0.0011864056967687273	0.008771929824561403	0.0018083869408683196	0.022222222222222223	0.00128071476047978
ko	0.02040941274468971	0.00621137301801628	0.125	0.010869565217391304	0.0027548892455736924	0.0012820792241946086	0.0030770745562130174	0.0011287599032351748	0.0012376421429271638	0.0012500562531249993	0.0016750839653319638	0.0033445822753660477	0.0031250878906249994	0.0022272111745477454	0.0013004797441833321	0.0014307420635651575	0.0011256093026515918	0.005076219433636528	0.0046512709572742025	0.0054945960632773825	0.011364023760330577	0.0014326832292017304	0.001373654676367588	0.0012788721325737004	0.002890190116609309	0.0013851662510263112	0.0029763145107178377	0.01250015625	0.0023867031971793276	0.002040870474802165	0.0015315038003419245	0.009708832123668583	0.002057672441531609	0.022727272727272728	0.0016209215527635407
lv	0.037037037037037035	0.010526537396121883	0.2	0.014925373134328358	0.0059171947760932745	0.004405305750160104	0.005952416383219955	0.004115294077799793	0.004219462692944507	0.004273540799181825	0.004807738535502959	0.006579033933518006	0.006369589070550529	0.0053475935828877	0.004347958412098299	0.004629693930041152	0.005076219433636528	0.004123932331649772	0.0076924260355029596	0.00884971422985363	0.015873015873015872	0.0044643056441326535	0.004366831296123262	0.004291900753375454	0.00584798741493109	0.004504585687058701	0.006535990431030801	0.017543859649122806	0.0058824913494809694	0.005347622179644828	0.004694989993167141	0.015625244140625	0.005102066847147022	0.025	0.004831174613199864
mk	0.03225806451612903	0.009615477071005917	0.14285714285714285	0.015873015873015872	0.005882595155709343	0.003816852164792262	0.005682076446280991	0.003533718750390191	0.003676524653979239	0.003676632785467128	0.004255373472159349	0.006451737773152965	0.006097635336109459	0.004975198633697185	0.0038024837716318	0.004081849229487714	0.0046512709572742025	0.0076924260355029596	0.0034768104107629964	0.009708926383259497	0.018518861454046638	0.003984095490547769	0.003937038874077748	0.0037038957475994515	0.005347765163430467	0.003937240389980779	0.006060789752102884	0.018518861454046638	0.005376488611400162	0.004784780568210434	0.004000223999999999	0.016949439816144784	0.004762131519274375	0.02631578947368421	0.004219925635136818
ml	0.041666666666666664	0.01190547052154195	0.14285714285714285	0.017543859649122806	0.007246429321571099	0.004807738535502959	0.007874077748155496	0.0043860995690981845	0.00454547520661157	0.0046298011402606315	0.005649877110664241	0.006802813642463788	0.007752058169581156	0.005847953216374269	0.004694879763715312	0.004975322393010073	0.0054945960632773825	0.00884971422985363	0.009708926383259497	0.004361841490767419	0.016667500278055834	0.004975198633697185	0.0049504950495049506	0.004695034054089798	0.006711544525021395	0.004926326773277682	0.007299643028397891	0.018182479338842972	0.006451654526534859	0.0062894268422926305	0.005263296398891967	0.014084507042253521	0.005813987290427258	0.024390243902439025	0.005319545043005885
mr	0.05	0.02173960302457467	0.16666666666666666	0.029411764705882353	0.014492753623188406	0.01098901098901099	0.014084705415592145	0.010526759002770083	0.010752688172043012	0.010869919896030247	0.011764982698961937	0.012987181649519312	0.014084705415592145	0.012048192771084338	0.011494649227110581	0.010870274102079394	0.011364023760330577	0.015873015873015872	0.018518861454046638	0.016667500278055834	0.010561556618785106	0.011363636363636364	0.011363894628099173	0.011111358024691357	0.013513513513513514	0.011494384991412341	0.014925595901091559	0.029412629757785465	0.012048628247931483	0.012821005917159761	0.011494252873563218	0.02040816326530612	0.011235955056179775	0.03225806451612903	0.010990218693394518
nl	0.02040816326530612	0.005347650776401956	0.14285714285714285	0.010416666666666666	0.002314836248285322	0.0007622049979550861	0.0027027319211102995	0.0006592366308620943	0.00077340716775259	0.0007716311353309324	0.0012886747396110105	0.0030395413937417434	0.002551026915868388	0.0017301187725242753	0.0007943120913063744	0.0010787835625237828	0.0014326832292017304	0.0044643056441326535	0.003984095490547769	0.004975198633697185	0.011363636363636364	0.0006350509263198807	0.0008474698362539498	0.000846780201052366	0.0025575512980684323	0.0009225432677251122	0.0025840127129112167	0.012345679012345678	0.0021367749653006065	0.001607732550325162	0.0010764645040038648	0.008695652173913044	0.001748270089613184	0.022222222222222223	0.001253179945477729
pl	0.02040816326530612	0.005319177229515618	0.125	0.010309278350515464	0.002352957785467128	0.0005787120761531205	0.002597456569404621	0.000478506448570774	0.0006222860548262519	0.000635754179011764	0.00120483814777181	0.003012093554942662	0.0024450057089567853	0.0016978072817730833	0.0006574972121618831	0.0009506028712284401	0.001373654676367588	0.004366831296123262	0.003937038874077748	0.0049504950495049506	0.011363894628099173	0.0008474698362539498	0.0004505056232085155	0.0007230971705279839	0.0024752597784530924	0.0007943398514019146	0.002500025	0.012195270672218919	0.0021186889543234697	0.0014903240708864806	0.001041702475043402	0.008771929824561403	0.0016778776856898336	0.022727272727272728	0.0011481807653435543
pt	0.02040816326530612	0.005235848798004441	0.125	0.01	0.0022222716049382714	0.0006562015654174497	0.0025190185903089285	0.0005212402773588819	0.0006250339871093744	0.0006584132430985017	0.0011534597446576996	0.0028012302960399842	0.0023982023014681776	0.0015698956795615236	0.0006515893291260392	0.0009243818637065602	0.0012788721325737004	0.004291900753375454	0.0037038957475994515	0.004695034054089798	0.011111358024691357	0.000846780201052366	0.0007230971705279839	0.0005126485366590813	0.0022831936364963194	0.0007881854174380781	0.0023810260827664396	0.011764705882352941	0.0019570505665955627	0.0014663337110103966	0.0009873325163827793	0.00847479172651537	0.0015362233784252514	0.022727272727272728	0.0010931590038663508
ro	0.022727272727272728	0.00826459941260843	0.125	0.012987012987012988	0.003968301209372638	0.00232559221200649	0.0040984614350980915	0.0021787299329317777	0.002320196381371763	0.0022883452288067698	0.002824922595678125	0.004629758230452675	0.00416671875	0.0033557497410026576	0.002409696617796487	0.0027027392257121985	0.002890190116609309	0.00584798741493109	0.005347765163430467	0.006711544525021395	0.013513513513513514	0.0025575512980684323	0.0024752597784530924	0.0022831936364963194	0.002119906084920346	0.0024331492236015647	0.004329116770675212	0.015384852071005919	0.0037175550503724384	0.0031250195312499994	0.0026738897309045153	0.012345831428135955	0.0033003409251816268	0.023809523809523808	0.002816988692719698
ru	0.020408579758433985	0.005319375282933454	0.125	0.010204185755935027	0.0023697243997214796	0.0007102716664721271	0.002681123288458912	0.0005629264591955222	0.0007194694901920183	0.000743056326712906	0.0012854379134422844	0.0030212484369438026	0.002531760935747476	0.0016920989117644527	0.0007560196203193813	0.0010440418637089703	0.0013851662510263112	0.004504585687058701	0.003937240389980779	0.004926326773277682	0.011494384991412341	0.0009225432677251122	0.0007943398514019146	0.0007881854174380781	0.0024331492236015647	0.0005316339306118116	0.0025001374999999997	0.011905045351473922	0.0021646380362062173	0.00151294627632913	0.0011027194222614986	0.008547008547008548	0.0016893204494612855	0.022222222222222223	0.0012395136898682422
sh	0.02564102564102564	0.006451654526534859	0.16666666666666666	0.013513513513513514	0.004273540799181825	0.0024570266044467515	0.00458724013130208	0.00220761759961795	0.00236969070775589	0.002409714036870373	0.002907018996755003	0.005025201383803439	0.004566335147307187	0.003378446859021184	0.0024510644944252206	0.0027473659733124015	0.0029763145107178377	0.006535990431030801	0.006060789752102884	0.007299643028397891	0.014925595901091559	0.0025840127129112167	0.002500025	0.0023810260827664396	0.004329116770675212	0.0025001374999999997	0.002142286135171352	0.014925595901091559	0.0038168667327078843	0.0024155581285502637	0.0027101372639742652	0.012048192771084338	0.0034844176935497576	0.023809523809523808	0.002907230301869261
si	0.05555555555555555	0.02127659574468085	0.16666666666666666	0.027027757487216943	0.016393711367911852	0.011904761904761904	0.015873015873015872	0.011363765495867768	0.011627906976744186	0.011764982837508788	0.01250015625	0.01449317370300357	0.016393980112872884	0.013158067867036011	0.012658548309565774	0.011905045351473922	0.01250015625	0.017543859649122806	0.018518861454046638	0.018182479338842972	0.029412629757785465	0.012345679012345678	0.012195270672218919	0.011764705882352941	0.015384852071005919	0.011905045351473922	0.014925595901091559	0.011386925452005625	0.013333688888888888	0.013158067867036011	0.012500468749999999	0.027777777777777776	0.01282051282051282	0.03571428571428571	0.011765397923875431
simple	0.02564102564102564	0.007353157439446366	0.14285714285714285	0.012345679012345678	0.003508821188057864	0.0020366764697342383	0.003876044107926206	0.0017700274163990912	0.001968531062062124	0.0019380558560182673	0.0023585239409042364	0.0041153110128876015	0.003984127236075618	0.0030211936729310613	0.0020326360136162336	0.002150653254711527	0.0023867031971793276	0.0058824913494809694	0.005376488611400162	0.006451654526534859	0.012048628247931483	0.0021367749653006065	0.0021186889543234697	0.0019570505665955627	0.0037175550503724384	0.0021646380362062173	0.0038168667327078843	0.013333688888888888	0.0017571698941822485	0.0029673942801380746	0.002242303283798186	0.010989131747373506	0.002809043996970079	0.023255813953488372	0.0022677845239380706
sr	0.021739130434782608	0.006060606060606061	0.125	0.012195121951219513	0.003257360820804464	0.0014285795918367345	0.003533631335139657	0.0012438321483379119	0.0013831335166022928	0.0014430389235584036	0.0019455593574467438	0.0038610187683546754	0.0034014415289925493	0.0024154764405236997	0.0014556443346914732	0.001773096813540566	0.002040870474802165	0.005347622179644828	0.004784780568210434	0.0062894268422926305	0.012821005917159761	0.001607732550325162	0.0014903240708864806	0.0014663337110103966	0.0031250195312499994	0.00151294627632913	0.0024155581285502637	0.013158067867036011	0.0029673942801380746	0.0012147289130595438	0.001785784445156253	0.01020408163265306	0.002538090391404056	0.023255813953488372	0.0019121629004639395
sv	0.020833333333333332	0.005525167119440798	0.14285714285714285	0.010869565217391304	0.0024155056127330857	0.0009425354950294073	0.002809130807347557	0.0008238772849220655	0.0009354869487145602	0.0009329402593535926	0.0013889409760802463	0.0031747039556563367	0.00279338971942199	0.0018797416508847303	0.0009824697961303612	0.0011864056967687273	0.0015315038003419245	0.004694989993167141	0.004000223999999999	0.005263296398891967	0.011494252873563218	0.0010764645040038648	0.001041702475043402	0.0009873325163827793	0.0026738897309045153	0.0011027194222614986	0.0027101372639742652	0.012500468749999999	0.002242303283798186	0.001785784445156253	0.000812779914786095	0.009259430727023319	0.0019194594810658665	0.022222222222222223	0.0014067962478551887
te	0.047619047619047616	0.019231139053254437	0.25	0.02631578947368421	0.013333333333333334	0.008403361344537815	0.012345679012345678	0.008000064	0.008333333333333333	0.00847457627118644	0.009259259259259259	0.01086968336483932	0.011628177393185505	0.009900990099009901	0.008695727788279773	0.008771929824561403	0.009708832123668583	0.015625244140625	0.016949439816144784	0.014084507042253521	0.02040816326530612	0.008695652173913044	0.008771929824561403	0.00847479172651537	0.012345831428135955	0.008547008547008548	0.012048192771084338	0.027777777777777776	0.010989131747373506	0.01020408163265306	0.009259430727023319	0.008007623174598405	0.009901088128614842	0.04	0.00884971415146057
vi	0.023809523809523808	0.006622648129468005	0.14285714285714285	0.011494384991412341	0.0034246927308125355	0.0015923769752322608	0.0035714923469387753	0.001353260546655411	0.0014992661113243998	0.0015267641745819005	0.002008064386058289	0.003584306496576354	0.003546225064131583	0.002403851932322485	0.0016077868301609777	0.0018083869408683196	0.002057672441531609	0.005102066847147022	0.004762131519274375	0.005813987290427258	0.011235955056179775	0.001748270089613184	0.0016778776856898336	0.0015362233784252514	0.0033003409251816268	0.0016893204494612855	0.0034844176935497576	0.01282051282051282	0.002809043996970079	0.002538090391404056	0.0019194594810658665	0.009901088128614842	0.0013527131736109027	0.022727272727272728	0.0018976880412200374
war	0.07142857142857142	0.027777777777777776	0.16666666666666666	0.034482758620689655	0.023809523809523808	0.022222222222222223	0.023255813953488372	0.022222222222222223	0.022222222222222223	0.022222222222222223	0.023809523809523808	0.024390243902439025	0.024390243902439025	0.02325635478637101	0.022727272727272728	0.022222222222222223	0.022727272727272728	0.025	0.02631578947368421	0.024390243902439025	0.03225806451612903	0.022222222222222223	0.022727272727272728	0.022727272727272728	0.023809523809523808	0.022222222222222223	0.023809523809523808	0.03571428571428571	0.023255813953488372	0.023255813953488372	0.022222222222222223	0.04	0.022727272727272728	0.022223703703703704	0.022222222222222223
zh	0.021740548676748583	0.005714612244897959	0.14285714285714285	0.01086968336483932	0.002564161742274819	0.0010953538375347445	0.0028988027809283765	0.0008875728961483463	0.0010384798284178137	0.0010777383486026205	0.0015314897269991952	0.0031748249130864195	0.0028903655568178017	0.002070479105315724	0.001084845792900467	0.00128071476047978	0.0016209215527635407	0.004831174613199864	0.004219925635136818	0.005319545043005885	0.010990218693394518	0.001253179945477729	0.0011481807653435543	0.0010931590038663508	0.002816988692719698	0.0012395136898682422	0.002907230301869261	0.011765397923875431	0.0022677845239380706	0.0019121629004639395	0.0014067962478551887	0.00884971415146057	0.0018976880412200374	0.022222222222222223	0.0008976102224680732
