arz	bs	ceb	ckb	da	de	el	en	es	fr	he	hi	hu	id	it	ja	ko	lv	mk	ml	mr	nl	pl	pt	ro	ru	sh	si	simple	sr	sv	te	tr	vi	war	zh
arz	1.0	1.0	0.0	1.0	1.0	1.0	1.0	1.0	1.0	1.0	1.0	1.0	1.0	1.0	1.0	1.0	1.0	1.0	1.0	1.0	1.0	1.0	1.0	1.0	1.0	1.0	1.0	1.0	1.0	1.0	1.0	1.0	1.0	1.0	1.0	1.0
bs	1.0	1.0	1.0	0.43200067109939777	0.45189805576751857	0.4154516050567701	0.4576444201675777	0.4257711280862393	0.4257711280862393	0.4257711280862393	0.44548890407130753	0.4470820124526802	0.44548890407130753	0.4095477306162069	0.4180728748843587	0.4257711280862393	0.4257711280862393	0.4576444201675777	0.4576444201675777	0.4576444201675777	1.0	0.4257711280862393	0.4374671019065032	0.46464870695250304	0.43200067109939777	0.4374671019065032	0.34241203545736093	0.5020797777427737	0.41108818015259274	0.4470820124526802	0.43057724615320253	1.0	0.43200067109939777	0.4257711280862393	0.6743202287441529	0.4257711280862393
ceb	0.0	1.0	1.0	0.0	1.0	1.0	0.0	1.0	1.0	1.0	1.0	1.0	1.0	1.0	1.0	1.0	1.0	1.0	1.0	1.0	0.0	1.0	1.0	1.0	1.0	1.0	1.0	1.0	1.0	1.0	1.0	0.0	-1.0	1.0	1.0	1.0
ckb	1.0	0.43200067109939777	0.0	1.0	0.6994017365373274	1.0	1.0	0.7347168825662656	1.0	1.0	1.0	1.0	1.0	0.6395657813917609	0.7455134344225701	1.0	1.0	1.0	1.0	1.0	1.0	1.0	1.0	0.7411828468492556	1.0	1.0	0.439228087728363	1.0	0.7455134344225701	0.7455134344225701	0.7411828468492556	1.0	1.0	1.0	0.7690990303325336	1.0
da	1.0	0.45189805576751857	1.0	0.6994017365373274	1.0	0.5453801773639324	1.0	0.5316772465530609	0.589710054062492	0.6958615585428487	0.6786291688147437	0.6994017365373274	0.7411828468492556	0.6640237664404941	0.5330835412134185	0.6067253066550435	0.6067253066550435	1.0	1.0	1.0	1.0	0.6504036062041291	0.6067253066550435	0.5042675070289928	0.6391906500312812	0.589710054062492	0.43990713643575047	1.0	0.7106922308883378	0.6333404237489202	0.7612383707955211	1.0	0.7510341748895938	0.6204120806044475	0.7690990303325336	0.6286737270540138
de	1.0	0.4154516050567701	1.0	1.0	0.5453801773639324	1.0	0.7347168825662656	0.27370612111211157	0.39392212505188595	0.2972955463652758	0.46700637266569894	0.728099120889861	0.503333957738127	0.5257896473648218	0.24228324196853146	0.3359227429887437	0.35085364195166474	1.0	1.0	1.0	1.0	0.3100255789037464	0.38035641600809394	0.20031913276721552	0.5463215814643784	0.32717861495566025	0.439228087728363	1.0	0.6248888371628453	0.5435004921352182	0.36699759816589367	1.0	0.5683088483482458	0.661251134120194	0.7690990303325336	0.3566569427517626
el	1.0	0.4576444201675777	0.0	1.0	1.0	0.7347168825662656	1.0	1.0	1.0	1.0	1.0	1.0	1.0	0.6380732827477678	0.3559537111769481	1.0	1.0	1.0	1.0	1.0	1.0	0.7376607345031153	1.0	0.6786291688147437	0.7411828468492556	1.0	0.38893058726134083	1.0	0.74551343442257	0.7411828468492556	0.7347168825662656	1.0	0.7411828468492555	1.0	0.7690990303325336	1.0
en	1.0	0.4257711280862393	1.0	0.7347168825662656	0.5316772465530609	0.27370612111211157	1.0	1.0	0.31476487917131313	0.31525609547594513	0.42531903997706727	0.6638546162332062	0.5883146765915751	0.5350457734771283	0.2573101197353382	0.3659812026258812	0.4585507312937248	1.0	1.0	1.0	1.0	0.2862071548445336	0.3668226029058722	0.21108987406713986	0.6667969795412325	0.3364290490553796	0.43922808772836297	1.0	0.6124514101884015	0.6589257440209709	0.3769076879608089	1.0	0.5150133402978161	0.7263875964832448	0.7690990303325336	0.35226993894749853
es	1.0	0.4257711280862393	1.0	1.0	0.589710054062492	0.39392212505188595	1.0	0.31476487917131313	1.0	0.38932355527951634	0.6487871090048528	1.0	0.594461461275062	0.65857855151911	0.25994446746083655	0.5426263583047426	0.5262529220990687	1.0	1.0	1.0	1.0	0.4171884278965015	0.5342434810610821	0.253715344113405	0.833606173141405	0.5426263583047427	0.44153910726011125	1.0	0.6504036062041291	0.6483618101972173	0.5913014301053447	1.0	0.5224945760905694	1.0	0.7690990303325336	0.5150477012571736
fr	1.0	0.4257711280862393	1.0	1.0	0.6958615585428487	0.2972955463652758	1.0	0.31525609547594513	0.38932355527951634	1.0	0.6475250169846578	1.0	0.5490750514062666	0.5860253627314145	0.31425482591204196	0.48519244680137463	0.5252922457263965	1.0	1.0	1.0	1.0	0.36638033955041244	0.4895916416819926	0.2310643745819888	0.649329626804154	0.5228880558958795	0.439228087728363	1.0	0.6187498656830154	0.6638546162332061	0.488470605229741	1.0	0.5558460033559874	0.7263875964832449	0.7690990303325336	0.5020122603501354
he	1.0	0.44548890407130753	1.0	1.0	0.6786291688147437	0.46700637266569894	1.0	0.42531903997706727	0.6487871090048528	0.6475250169846578	1.0	1.0	0.728099120889861	0.6160939749853919	0.3179001365064507	1.0	1.0	1.0	1.0	1.0	1.0	0.4811216484949978	0.5178532393161676	0.26417843893750587	0.7411828468492556	1.0	0.44930756545688116	1.0	0.6504036062041291	0.7300208629885035	1.0	1.0	0.6786291688147437	1.0	0.7690990303325336	1.0
hi	1.0	0.4470820124526802	1.0	1.0	0.6994017365373274	0.728099120889861	1.0	0.6638546162332062	1.0	1.0	1.0	1.0	1.0	0.6395657813917609	0.6347114934920837	1.0	1.0	1.0	1.0	1.0	1.0	0.5863089236503652	1.0	0.7300208629885034	1.0	1.0	0.3868185809254051	1.0	0.6908587525207898	0.7376607345031153	0.7376607345031153	1.0	1.0	1.0	0.7690990303325336	1.0
hu	1.0	0.44548890407130753	1.0	1.0	0.7411828468492556	0.503333957738127	1.0	0.5883146765915751	0.594461461275062	0.5490750514062666	0.728099120889861	1.0	1.0	0.6131109307903289	0.49645566716939216	0.594461461275062	0.5969819612641136	1.0	1.0	1.0	1.0	0.594461461275062	0.6740147761467679	0.262317525860603	0.7411828468492556	0.7248485669756153	0.38893058726134083	1.0	0.6351837315163128	0.6499913553099703	0.5571237302534613	1.0	0.7411828468492556	0.7347168825662656	0.7690990303325336	0.726387596483245
id	1.0	0.4095477306162069	1.0	0.6395657813917609	0.6640237664404941	0.5257896473648218	0.6380732827477678	0.5350457734771283	0.65857855151911	0.5860253627314145	0.6160939749853919	0.6395657813917609	0.6131109307903289	1.0	0.4247434870741436	0.5350457734771283	0.5988205997809539	0.6524007805500077	0.6524007805500077	0.7584325078215765	0.7863954451402115	0.49713142445147146	0.4909531806391005	0.2808007434780482	0.5670831087525882	0.5468235177688856	0.4010954973502325	1.0	0.5958741669522334	0.7224727212512667	0.4730914524728246	1.0	0.5536065454601721	0.6239725949460846	0.6743202287441529	0.5468235177688856
it	1.0	0.4180728748843587	1.0	0.7455134344225701	0.5330835412134185	0.24228324196853146	0.3559537111769481	0.2573101197353382	0.25994446746083655	0.31425482591204196	0.3179001365064507	0.6347114934920837	0.49645566716939216	0.4247434870741436	1.0	0.2612409107552895	0.3124182769675092	0.7455134344225701	0.5624636184794186	0.7584325078215763	0.7863954451402115	0.2762802904777803	0.2559748295581654	0.19792045093275645	0.3945063351223848	0.28617904643342934	0.40044167582215556	1.0	0.37422065556818457	0.41271242483535225	0.2831796748950113	1.0	0.3197788595447222	0.579278243222281	0.8943504275997424	0.3422097733444141
ja	1.0	0.4257711280862393	1.0	1.0	0.6067253066550435	0.3359227429887437	1.0	0.3659812026258812	0.5426263583047426	0.48519244680137463	1.0	1.0	0.594461461275062	0.5350457734771283	0.2612409107552895	1.0	1.0	1.0	1.0	1.0	1.0	0.41967118308808793	0.5112412549274633	0.2253697381336193	0.6667969795412325	1.0	0.43922808772836297	1.0	0.6187498656830154	0.6638546162332061	0.43960147740330385	1.0	0.5558460033559874	1.0	0.7690990303325336	1.0
ko	1.0	0.4257711280862393	1.0	1.0	0.6067253066550435	0.35085364195166474	1.0	0.4585507312937248	0.5262529220990687	0.5252922457263965	1.0	1.0	0.5969819612641136	0.5988205997809539	0.3124182769675092	1.0	1.0	1.0	1.0	1.0	1.0	0.5094816531295472	0.6154869901757315	0.23380464666078934	0.7300208629885034	1.0	0.43922808772836297	1.0	0.6187498656830154	0.6638546162332061	0.6549329476340924	1.0	0.6332460537063271	1.0	0.7690990303325336	1.0
lv	1.0	0.4576444201675777	1.0	1.0	1.0	1.0	1.0	1.0	1.0	1.0	1.0	1.0	1.0	0.6524007805500077	0.7455134344225701	1.0	1.0	1.0	1.0	1.0	1.0	1.0	1.0	0.7455134344225701	1.0	1.0	0.38893058726134083	1.0	0.6994017365373274	0.7455134344225701	1.0	1.0	1.0	1.0	0.7690990303325336	1.0
mk	1.0	0.4576444201675777	1.0	1.0	1.0	1.0	1.0	1.0	1.0	1.0	1.0	1.0	1.0	0.6524007805500077	0.5624636184794186	1.0	1.0	1.0	1.0	1.0	1.0	1.0	0.7455134344225701	0.7411828468492556	0.74551343442257	1.0	0.38893058726134083	1.0	0.6994017365373274	0.7411828468492556	1.0	1.0	1.0	1.0	0.7690990303325336	1.0
ml	1.0	0.4576444201675777	1.0	1.0	1.0	1.0	1.0	1.0	1.0	1.0	1.0	1.0	1.0	0.7584325078215765	0.7584325078215763	1.0	1.0	1.0	1.0	1.0	1.0	1.0	1.0	0.7584325078215763	1.0	1.0	0.44930756545688116	1.0	0.7584325078215763	1.0	1.0	1.0	1.0	1.0	0.7690990303325336	1.0
mr	1.0	1.0	0.0	1.0	1.0	1.0	1.0	1.0	1.0	1.0	1.0	1.0	1.0	0.7863954451402115	0.7863954451402115	1.0	1.0	1.0	1.0	1.0	1.0	1.0	1.0	1.0	1.0	1.0	0.5020797777427737	1.0	1.0	1.0	1.0	1.0	1.0	1.0	1.0	1.0
nl	1.0	0.4257711280862393	1.0	1.0	0.6504036062041291	0.3100255789037464	0.7376607345031153	0.2862071548445336	0.4171884278965015	0.36638033955041244	0.4811216484949978	0.5863089236503652	0.594461461275062	0.49713142445147146	0.2762802904777803	0.41967118308808793	0.5094816531295472	1.0	1.0	1.0	1.0	1.0	0.46851250074001033	0.2207609620962704	0.6701591524560107	0.4794303756093628	0.439228087728363	1.0	0.5151975147301417	0.5561737948257189	0.6127523080973738	1.0	0.5447069551666448	0.728099120889861	0.7690990303325336	0.43510735676483786
pl	1.0	0.4374671019065032	1.0	1.0	0.6067253066550435	0.38035641600809394	1.0	0.3668226029058722	0.5342434810610821	0.4895916416819926	0.5178532393161676	1.0	0.6740147761467679	0.4909531806391005	0.2559748295581654	0.5112412549274633	0.6154869901757315	1.0	0.7455134344225701	1.0	1.0	0.46851250074001033	1.0	0.22703011436756615	0.6084202937441442	0.5070613981145371	0.3868185809254051	1.0	0.6504036062041292	0.6049963408257748	0.4653669098432903	1.0	0.7084467217334424	0.780829816999373	0.7690990303325336	0.5981758150441343
pt	1.0	0.46464870695250304	1.0	0.7411828468492556	0.5042675070289928	0.20031913276721552	0.6786291688147437	0.21108987406713986	0.253715344113405	0.2310643745819888	0.26417843893750587	0.7300208629885034	0.262317525860603	0.2808007434780482	0.19792045093275645	0.2253697381336193	0.23380464666078934	0.7455134344225701	0.7411828468492556	0.7584325078215763	1.0	0.2207609620962704	0.22703011436756615	1.0	0.5699203497602632	0.22828663510758215	0.41573048785549127	0.7863954451402115	0.5312166922691545	0.5140856762788306	0.4050203559584147	1.0	0.2923704352540953	0.6290808149140177	0.7690990303325336	0.24550950630396737
ro	1.0	0.43200067109939777	1.0	1.0	0.6391906500312812	0.5463215814643784	0.7411828468492556	0.6667969795412325	0.833606173141405	0.649329626804154	0.7411828468492556	1.0	0.7411828468492556	0.5670831087525882	0.3945063351223848	0.6667969795412325	0.7300208629885034	1.0	0.74551343442257	1.0	1.0	0.6701591524560107	0.6084202937441442	0.5699203497602632	1.0	0.6701591524560107	0.43922808772836297	1.0	0.74551343442257	0.6518155124769263	0.6070269561668532	1.0	0.6786291688147437	0.7347168825662656	0.7690990303325336	0.6667969795412325
ru	1.0	0.4374671019065032	1.0	1.0	0.589710054062492	0.32717861495566025	1.0	0.3364290490553796	0.5426263583047427	0.5228880558958795	1.0	1.0	0.7248485669756153	0.5468235177688856	0.28617904643342934	1.0	1.0	1.0	1.0	1.0	1.0	0.4794303756093628	0.5070613981145371	0.22828663510758215	0.6701591524560107	1.0	0.3868185809254051	1.0	0.6262001486800971	0.6589257440209709	0.46192787624561754	1.0	0.5649879395951223	1.0	0.7690990303325336	1.0
sh	1.0	0.34241203545736093	1.0	0.439228087728363	0.43990713643575047	0.439228087728363	0.38893058726134083	0.43922808772836297	0.44153910726011125	0.439228087728363	0.44930756545688116	0.3868185809254051	0.38893058726134083	0.4010954973502325	0.40044167582215556	0.43922808772836297	0.43922808772836297	0.38893058726134083	0.38893058726134083	0.44930756545688116	0.5020797777427737	0.439228087728363	0.3868185809254051	0.41573048785549127	0.43922808772836297	0.3868185809254051	1.0	1.0	0.42174298825665785	0.40022461310598395	0.4380445579916793	1.0	0.439228087728363	0.439228087728363	0.5263825220994708	0.43922808772836297
si	1.0	0.5020797777427737	1.0	1.0	1.0	1.0	1.0	1.0	1.0	1.0	1.0	1.0	1.0	1.0	1.0	1.0	1.0	1.0	1.0	1.0	1.0	1.0	1.0	0.7863954451402115	1.0	1.0	1.0	1.0	0.7863954451402115	1.0	1.0	1.0	1.0	1.0	1.0	1.0
simple	1.0	0.41108818015259274	1.0	0.7455134344225701	0.7106922308883378	0.6248888371628453	0.74551343442257	0.6124514101884015	0.6504036062041291	0.6187498656830154	0.6504036062041291	0.6908587525207898	0.6351837315163128	0.5958741669522334	0.37422065556818457	0.6187498656830154	0.6187498656830154	0.6994017365373274	0.6994017365373274	0.7584325078215763	1.0	0.5151975147301417	0.6504036062041292	0.5312166922691545	0.74551343442257	0.6262001486800971	0.42174298825665785	0.7863954451402115	1.0	0.6647221328196982	0.6262001486800971	1.0	0.6149006977912084	0.6908587525207898	0.6698766910334878	0.6187498656830154
sr	1.0	0.4470820124526802	1.0	0.7455134344225701	0.6333404237489202	0.5435004921352182	0.7411828468492556	0.6589257440209709	0.6483618101972173	0.6638546162332061	0.7300208629885035	0.7376607345031153	0.6499913553099703	0.7224727212512667	0.41271242483535225	0.6638546162332061	0.6638546162332061	0.7455134344225701	0.7411828468492556	1.0	1.0	0.5561737948257189	0.6049963408257748	0.5140856762788306	0.6518155124769263	0.6589257440209709	0.40022461310598395	1.0	0.6647221328196982	1.0	0.6345907362378587	1.0	0.6518155124769264	0.7376607345031153	0.7690990303325336	0.6638546162332061
sv	1.0	0.43057724615320253	1.0	0.7411828468492556	0.7612383707955211	0.36699759816589367	0.7347168825662656	0.3769076879608089	0.5913014301053447	0.488470605229741	1.0	0.7376607345031153	0.5571237302534613	0.4730914524728246	0.2831796748950113	0.43960147740330385	0.6549329476340924	1.0	1.0	1.0	1.0	0.6127523080973738	0.4653669098432903	0.4050203559584147	0.6070269561668532	0.46192787624561754	0.4380445579916793	1.0	0.6262001486800971	0.6345907362378587	1.0	1.0	0.578879230785525	0.5973484481370076	0.7690990303325336	0.5430185105327114
te	1.0	1.0	0.0	1.0	1.0	1.0	1.0	1.0	1.0	1.0	1.0	1.0	1.0	1.0	1.0	1.0	1.0	1.0	1.0	1.0	1.0	1.0	1.0	1.0	1.0	1.0	1.0	1.0	1.0	1.0	1.0	1.0	1.0	1.0	1.0	1.0
tr	1.0	0.43200067109939777	-1.0	1.0	0.7510341748895938	0.5683088483482458	0.7411828468492555	0.5150133402978161	0.5224945760905694	0.5558460033559874	0.6786291688147437	1.0	0.7411828468492556	0.5536065454601721	0.3197788595447222	0.5558460033559874	0.6332460537063271	1.0	1.0	1.0	1.0	0.5447069551666448	0.7084467217334424	0.2923704352540953	0.6786291688147437	0.5649879395951223	0.439228087728363	1.0	0.6149006977912084	0.6518155124769264	0.578879230785525	1.0	1.0	1.0	0.7690990303325336	0.5507122338239765
vi	1.0	0.4257711280862393	1.0	1.0	0.6204120806044475	0.661251134120194	1.0	0.7263875964832448	1.0	0.7263875964832449	1.0	1.0	0.7347168825662656	0.6239725949460846	0.579278243222281	1.0	1.0	1.0	1.0	1.0	1.0	0.728099120889861	0.780829816999373	0.6290808149140177	0.7347168825662656	1.0	0.439228087728363	1.0	0.6908587525207898	0.7376607345031153	0.5973484481370076	1.0	1.0	1.0	0.7690990303325336	1.0
war	1.0	0.6743202287441529	1.0	0.7690990303325336	0.7690990303325336	0.7690990303325336	0.7690990303325336	0.7690990303325336	0.7690990303325336	0.7690990303325336	0.7690990303325336	0.7690990303325336	0.7690990303325336	0.6743202287441529	0.8943504275997424	0.7690990303325336	0.7690990303325336	0.7690990303325336	0.7690990303325336	0.7690990303325336	1.0	0.7690990303325336	0.7690990303325336	0.7690990303325336	0.7690990303325336	0.7690990303325336	0.5263825220994708	1.0	0.6698766910334878	0.7690990303325336	0.7690990303325336	1.0	0.7690990303325336	0.7690990303325336	1.0	0.7690990303325336
zh	1.0	0.4257711280862393	1.0	1.0	0.6286737270540138	0.3566569427517626	1.0	0.35226993894749853	0.5150477012571736	0.5020122603501354	1.0	1.0	0.726387596483245	0.5468235177688856	0.3422097733444141	1.0	1.0	1.0	1.0	1.0	1.0	0.43510735676483786	0.5981758150441343	0.24550950630396737	0.6667969795412325	1.0	0.43922808772836297	1.0	0.6187498656830154	0.6638546162332061	0.5430185105327114	1.0	0.5507122338239765	1.0	0.7690990303325336	1.0
