arz	bs	ceb	ckb	da	de	el	en	es	fr	he	hi	hu	id	it	ja	ko	lv	mk	ml	mr	nl	pl	pt	ro	ru	sh	si	simple	sr	sv	te	tr	vi	war	zh
arz	1.0	0.7690990303325336	1.0	1.0	1.0	1.0	1.0	0.6571702826516209	1.0	1.0	1.0	1.0	0.7584325078215763	1.0	1.0	1.0	1.0	1.0	1.0	1.0	1.0	1.0	1.0	1.0	1.0	1.0	1.0	1.0	1.0	1.0	0.4493075654568811	1.0	1.0	1.0	1.0	1.0
bs	0.7690990303325336	1.0	1.0	0.4571069467147502	0.15817648476509524	0.15375536117020755	0.2166134654682315	0.13351107737165102	0.17015949647545114	0.15136235540482695	0.2189877509436323	0.21087102888114548	0.15770377392930293	0.14965960789330313	0.15056002934721943	0.21455228222849732	0.21221277783893097	0.16237719760266858	0.21145639397274357	0.25906728561419173	0.3743033892785068	0.15431858294678677	0.13980055669514024	0.16642620656821547	0.1416121327125584	0.20942332988013876	0.15251863105523314	0.4640633308243587	0.18923158476642926	0.1442273800378016	0.14338859722296066	0.34736349424755275	0.3917677550832747	0.14112624277549654	0.25650363483955346	0.2088761777785715
ceb	1.0	1.0	1.0	1.0	1.0	1.0	1.0	0.5020797777427737	1.0	1.0	1.0	1.0	1.0	1.0	1.0	1.0	1.0	1.0	1.0	1.0	1.0	1.0	1.0	1.0	1.0	1.0	1.0	1.0	1.0	1.0	1.0	1.0	-1.0	1.0	1.0	1.0
ckb	1.0	0.4571069467147502	1.0	1.0	0.5922033024827085	0.7199285383279772	1.0	0.35664953224745755	0.7199285383279772	0.6532002319725722	1.0	1.0	0.3819309189048563	0.41960566456954457	0.6802458882942041	1.0	1.0	1.0	1.0	1.0	1.0	0.5883146765915751	0.4880461315217417	0.7210092110599263	0.6221982196391783	1.0	0.7221793916855703	1.0	0.3687963924678743	0.7221793916855702	1.0	1.0	1.0	0.6568318202362041	1.0	1.0
da	1.0	0.15817648476509524	1.0	0.5922033024827085	1.0	0.11156105699337182	0.1726352691503034	0.10582380212539735	0.11955367736043818	0.11358491663736096	0.1587606333767973	0.16891337983638216	0.118744802598836	0.12335446798550177	0.10570827521457074	0.14126288061627648	0.15276087871461919	0.14110241640990126	0.22947986166258488	0.27458999965624536	0.5663385877798081	0.10488485817729146	0.10806842368780671	0.10175895356995214	0.11122245656480431	0.12410285993644088	0.09490102264229203	1.0	0.1567822270922313	0.095037626145567	0.10043258759032922	0.29607119109823293	0.2534507303077255	0.10441085402224656	0.3577415045054716	0.14231798571287077
de	1.0	0.15375536117020755	1.0	0.7199285383279772	0.11156105699337182	1.0	0.13552792929132823	0.05327834448491289	0.05530799308475879	0.05283731473893403	0.15080197740694073	0.14469215945062397	0.0706400333656348	0.09817975006557791	0.06217110074323749	0.0699395837984393	0.13267060479160697	0.10904428398609302	0.22485620699053124	0.2998323172885328	0.5279189621323983	0.057810419762503916	0.06862622420864124	0.06864085802926002	0.10043483212994556	0.09121299914028329	0.059000603457362626	0.653200231972572	0.10270968752261608	0.05678940025332109	0.07890051959471123	0.34059085101898123	0.3298168220891096	0.07479157311995484	0.4530050543981239	0.07151710833069211
el	1.0	0.2166134654682315	1.0	1.0	0.1726352691503034	0.13552792929132823	1.0	0.1478048555404034	0.15104438365154074	0.12108454988363196	0.5061931805277736	1.0	0.1401826164513013	0.17736113535674833	0.12668343148282096	0.6888792142106733	1.0	0.1645847600039264	1.0	1.0	1.0	0.12332398281852092	0.13122672442279487	0.1586339356025778	0.14538494840701963	1.0	0.13255180458905	1.0	0.1721833460188918	0.12537766628448727	0.13951850153256862	1.0	1.0	0.13020787511096168	0.5932464233149598	1.0
en	0.6571702826516209	0.13351107737165102	0.5020797777427737	0.35664953224745755	0.10582380212539735	0.05327834448491289	0.1478048555404034	1.0	0.06581436953096406	0.06939881277014937	0.14060293058401105	0.1405436558630442	0.08133515042934551	0.11089726412176192	0.08536560961251587	0.1213687417134093	0.13912538270355804	0.10523371774033631	0.1518387453977845	0.1770827318331774	0.24192234246469613	0.0687475288010801	0.08653817022408178	0.07855497411773393	0.10088580739530678	0.13056974523926812	0.07553332908219372	0.5382013572983589	0.1011949231848591	0.07256334419917752	0.08511497653071069	0.2085789897559146	0.23429389251818142	0.08654925633705736	0.27179084077281224	0.12323267905701052
es	1.0	0.17015949647545114	1.0	0.7199285383279772	0.11955367736043818	0.05530799308475879	0.15104438365154074	0.06581436953096406	1.0	0.059837525163719645	0.15232476703990647	0.1305040365197449	0.07514015429373408	0.10808972499211715	0.0647777519778947	0.07561072876940692	0.12716943035031492	0.10618423106728773	0.22089453348063318	0.3004605075298578	0.5572254391741426	0.0627958867252852	0.06667787954671887	0.07410541232076188	0.10006515494397607	0.08738647342043865	0.06735802881910022	0.7199285383279772	0.10527159987544296	0.06567217214609426	0.08244154676090976	0.38472347271418644	0.2560909772924783	0.07566504437875979	0.4324817372827573	0.08080962952199541
fr	1.0	0.15136235540482695	1.0	0.6532002319725722	0.11358491663736096	0.05283731473893403	0.12108454988363196	0.06939881277014937	0.059837525163719645	1.0	0.11921002476136083	0.13004800841220496	0.0689612030845967	0.0967194803954025	0.06974068180829252	0.08213497573568229	0.11041087303111415	0.10604988812354228	0.17983338804799215	0.19443666867439344	0.5999553063370198	0.06096204387531316	0.07112341182326828	0.07106457714846595	0.09531487189101467	0.08811540051519948	0.06631426749601593	0.6532002319725722	0.10194405659728129	0.06436723202565932	0.0789299124541364	0.31232369144980326	0.3592677972232196	0.07402027496172965	0.3859103953978842	0.08279157608853306
he	1.0	0.2189877509436323	1.0	1.0	0.1587606333767973	0.15080197740694073	0.5061931805277736	0.14060293058401105	0.15232476703990647	0.11921002476136083	1.0	0.6185254943607428	0.1408012251567643	0.15623577069793804	0.11482274223330402	0.5019225838790166	0.5666812221822981	0.15880056487332378	1.0	0.6249738127342558	1.0	0.12934074455655778	0.1305329181579499	0.15303746800366538	0.14514089173335287	0.5003022999125977	0.1506181697924572	1.0	0.1806385572029832	0.12837544160108763	0.14478592188334488	1.0	1.0	0.11713027037791708	0.592465813061686	0.5293386151695836
hi	1.0	0.21087102888114548	1.0	1.0	0.16891337983638216	0.14469215945062397	1.0	0.1405436558630442	0.1305040365197449	0.13004800841220496	0.6185254943607428	1.0	0.13679727708737016	0.1779118763919754	0.1272997920147758	0.6893239646520147	1.0	0.18718307958815644	1.0	1.0	1.0	0.12553465622912344	0.1381538092457448	0.1777424036458499	0.15278105365608802	0.6915622893805501	0.15792651594593002	1.0	0.17844285350715874	0.16041253941820854	0.17233234125634037	1.0	1.0	0.11820071694719136	0.5949224416307971	1.0
hu	0.7584325078215763	0.15770377392930293	1.0	0.3819309189048563	0.118744802598836	0.0706400333656348	0.1401826164513013	0.08133515042934551	0.07514015429373408	0.0689612030845967	0.1408012251567643	0.13679727708737016	1.0	0.10404025621794084	0.08092472961676926	0.10281203319820977	0.12027851836886153	0.10737878648129581	0.21342609396921747	0.2459183054338598	0.3670650680149174	0.07202989124619504	0.08107638799357325	0.08275016348366677	0.1008457760992257	0.09572506471035798	0.07364029321111228	0.3820730138700568	0.10708922444545184	0.074543028876456	0.08152113352391502	0.3353316410107239	0.6524007805500078	0.0811916444721174	0.4414845711915716	0.1032145616988822
id	1.0	0.14965960789330313	1.0	0.41960566456954457	0.12335446798550177	0.09817975006557791	0.17736113535674833	0.11089726412176192	0.10808972499211715	0.0967194803954025	0.15623577069793804	0.1779118763919754	0.10404025621794084	1.0	0.09752083273778962	0.1558812206241783	0.16642021988327704	0.12252526686364401	0.18665414120861276	0.20153475540344784	0.41693454700391624	0.09278761754857542	0.10130402031557918	0.11191777152582126	0.11604513734096582	0.15999435886362554	0.10475416407559997	0.41029653349218664	0.12278192853419287	0.10191559236036417	0.10801327180096866	0.2063656211661921	0.3897145265370572	0.10220061130627799	0.2775623539846459	0.15532349517208544
it	1.0	0.15056002934721943	1.0	0.6802458882942041	0.10570827521457074	0.06217110074323749	0.12668343148282096	0.08536560961251587	0.0647777519778947	0.06974068180829252	0.11482274223330402	0.1272997920147758	0.08092472961676926	0.09752083273778962	1.0	0.11259196238860476	0.11995203556904818	0.10379288835073869	0.16558462078243621	0.20028823831232254	0.5341653862326065	0.0687365985557637	0.0838322187300856	0.08109342275521017	0.09450375524749216	0.1190087293839468	0.07815772724558726	0.26712796022478624	0.10090192384108092	0.0739678708581005	0.08458037210122808	0.2170245280068837	0.36268785726493863	0.08351229286075762	0.29221965726987825	0.11488515272794166
ja	1.0	0.21455228222849732	1.0	1.0	0.14126288061627648	0.0699395837984393	0.6888792142106733	0.1213687417134093	0.07561072876940692	0.08213497573568229	0.5019225838790166	0.6893239646520147	0.10281203319820977	0.1558812206241783	0.11259196238860476	1.0	1.0	0.1278743650198495	1.0	1.0	1.0	0.08182677125686022	0.10923508942182054	0.10626052648344388	0.13009191426375558	0.5222710521591934	0.09446380555152724	1.0	0.12402766143914705	0.08646026215622327	0.10413779341445877	1.0	0.5388261201899192	0.10165333089588195	0.5917196795904756	0.6829196033032379
ko	1.0	0.21221277783893097	1.0	1.0	0.15276087871461919	0.13267060479160697	1.0	0.13912538270355804	0.12716943035031492	0.11041087303111415	0.5666812221822981	1.0	0.12027851836886153	0.16642021988327704	0.11995203556904818	1.0	1.0	0.1476034201855923	1.0	1.0	1.0	0.09979330973144881	0.1166017728208787	0.14325098553686255	0.13766845294406485	0.6110127792096901	0.11649482218734958	1.0	0.16540197838295506	0.1108947563472627	0.13456723301789578	1.0	0.7322034805959264	0.12034282029944958	0.5917196795904756	1.0
lv	1.0	0.16237719760266858	1.0	1.0	0.14110241640990126	0.10904428398609302	0.1645847600039264	0.10523371774033631	0.10618423106728773	0.10604988812354228	0.15880056487332378	0.18718307958815644	0.10737878648129581	0.12252526686364401	0.10379288835073869	0.1278743650198495	0.1476034201855923	1.0	0.29806954685416226	0.21809137688309452	0.5871908302884917	0.1011627181899752	0.09789058224873742	0.11969143675778565	0.11847444515920393	0.14796295251246205	0.10771632139103442	1.0	0.13784455242464694	0.10399528113667254	0.1191982571253549	0.2911957276869257	0.684252173855055	0.1097406960408883	0.5309633536245325	0.13831312076247418
mk	1.0	0.21145639397274357	1.0	1.0	0.22947986166258488	0.22485620699053124	1.0	0.1518387453977845	0.22089453348063318	0.17983338804799215	1.0	1.0	0.21342609396921747	0.18665414120861276	0.16558462078243621	1.0	1.0	0.29806954685416226	1.0	1.0	1.0	0.18909657453213544	0.16956036201276758	0.2723808269268739	0.15230243570656898	1.0	0.229500844144841	1.0	0.2597298341624708	0.18955527678626508	0.21869989365302686	1.0	1.0	0.18045193491294118	0.5977755651747494	1.0
ml	1.0	0.25906728561419173	1.0	1.0	0.27458999965624536	0.2998323172885328	1.0	0.1770827318331774	0.3004605075298578	0.19443666867439344	0.6249738127342558	1.0	0.2459183054338598	0.20153475540344784	0.20028823831232254	1.0	1.0	0.21809137688309452	1.0	1.0	1.0	0.23753426331523878	0.21468801186479594	0.38999376110917716	0.21163281798064604	1.0	0.2656264662673401	1.0	0.2813392220098245	0.2575587944118566	0.26181752617613774	1.0	0.7376607345031153	0.18300504968072184	0.6442100898340134	1.0
mr	1.0	0.3743033892785068	1.0	1.0	0.5663385877798081	0.5279189621323983	1.0	0.24192234246469613	0.5572254391741426	0.5999553063370198	1.0	1.0	0.3670650680149174	0.41693454700391624	0.5341653862326065	1.0	1.0	0.5871908302884917	1.0	1.0	1.0	0.5999553063370197	0.36179028613010883	0.4781024694610897	0.49985435215788965	1.0	0.5207149856945882	1.0	0.6317124160853608	0.4837179042320073	0.531135833064091	1.0	1.0	0.4348598074624398	1.0	1.0
nl	1.0	0.15431858294678677	1.0	0.5883146765915751	0.10488485817729146	0.057810419762503916	0.12332398281852092	0.0687475288010801	0.0627958867252852	0.06096204387531316	0.12934074455655778	0.12553465622912344	0.07202989124619504	0.09278761754857542	0.0687365985557637	0.08182677125686022	0.09979330973144881	0.1011627181899752	0.18909657453213544	0.23753426331523878	0.5999553063370197	1.0	0.06861557014735013	0.0731392808475186	0.09002542547785851	0.09266174256014835	0.06746478154150508	0.7199285383279773	0.0933309896877743	0.06422524718074028	0.07958130024575849	0.31086715509389723	0.3582871067634334	0.07485907508261594	0.30106513320501044	0.08243875610119977
pl	1.0	0.13980055669514024	1.0	0.4880461315217417	0.10806842368780671	0.06862622420864124	0.13122672442279487	0.08653817022408178	0.06667787954671887	0.07112341182326828	0.1305329181579499	0.1381538092457448	0.08107638799357325	0.10130402031557918	0.0838322187300856	0.10923508942182054	0.1166017728208787	0.09789058224873742	0.16956036201276758	0.21468801186479594	0.36179028613010883	0.06861557014735013	1.0	0.0861737283657291	0.09748217109907246	0.11230015975196649	0.07881259705782577	0.30170103625217537	0.09502461450900099	0.07855736733158106	0.08260102600185354	0.294463901021148	0.4149086132872853	0.0826733100856918	0.3313133770618402	0.10517629159984936
pt	1.0	0.16642620656821547	1.0	0.7210092110599263	0.10175895356995214	0.06864085802926002	0.1586339356025778	0.07855497411773393	0.07410541232076188	0.07106457714846595	0.15303746800366538	0.1777424036458499	0.08275016348366677	0.11191777152582126	0.08109342275521017	0.10626052648344388	0.14325098553686255	0.11969143675778565	0.2723808269268739	0.38999376110917716	0.4781024694610897	0.0731392808475186	0.0861737283657291	1.0	0.09107058397774037	0.07735705022645346	0.061082613242381824	0.7199285383279772	0.11616442698005452	0.05978605887668218	0.0718745526528037	0.3933692741340069	0.3770155494603088	0.09394110091150039	0.46661447614793655	0.10332027861677681
ro	1.0	0.1416121327125584	1.0	0.6221982196391783	0.11122245656480431	0.10043483212994556	0.14538494840701963	0.10088580739530678	0.10006515494397607	0.09531487189101467	0.14514089173335287	0.15278105365608802	0.1008457760992257	0.11604513734096582	0.09450375524749216	0.13009191426375558	0.13766845294406485	0.11847444515920393	0.15230243570656898	0.21163281798064604	0.49985435215788965	0.09002542547785851	0.09748217109907246	0.09107058397774037	1.0	0.1254671524870091	0.08558740847815711	0.4777160678246791	0.1301233873256725	0.08359296467261879	0.0874680874326944	0.2459865760804969	0.7826308559168679	0.09673129432663241	0.3785857792613307	0.12748226663882933
ru	1.0	0.20942332988013876	1.0	1.0	0.12410285993644088	0.09121299914028329	1.0	0.13056974523926812	0.08738647342043865	0.08811540051519948	0.5003022999125977	0.6915622893805501	0.09572506471035798	0.15999435886362554	0.1190087293839468	0.5222710521591934	0.6110127792096901	0.14796295251246205	1.0	1.0	1.0	0.09266174256014835	0.11230015975196649	0.07735705022645346	0.1254671524870091	1.0	0.0893788202515465	1.0	0.1361070831253694	0.08396854491160963	0.09503194943556123	1.0	0.40457912816806146	0.10386177905447738	0.5932464233149598	0.49490268732374987
sh	1.0	0.15251863105523314	1.0	0.7221793916855703	0.09490102264229203	0.059000603457362626	0.13255180458905	0.07553332908219372	0.06735802881910022	0.06631426749601593	0.1506181697924572	0.15792651594593002	0.07364029321111228	0.10475416407559997	0.07815772724558726	0.09446380555152724	0.11649482218734958	0.10771632139103442	0.229500844144841	0.2656264662673401	0.5207149856945882	0.06746478154150508	0.07881259705782577	0.061082613242381824	0.08558740847815711	0.0893788202515465	1.0	0.551902749946352	0.10888591802538578	0.06015897016548487	0.0715349738267216	0.26278881117861586	0.40474431124518156	0.08355872473014167	0.40709185662049857	0.09389880693642039
si	1.0	0.4640633308243587	1.0	1.0	1.0	0.653200231972572	1.0	0.5382013572983589	0.7199285383279772	0.6532002319725722	1.0	1.0	0.3820730138700568	0.41029653349218664	0.26712796022478624	1.0	1.0	1.0	1.0	1.0	1.0	0.7199285383279773	0.30170103625217537	0.7199285383279772	0.4777160678246791	1.0	0.551902749946352	1.0	0.3070795477458527	0.718925811717485	0.6338208189097604	1.0	1.0	0.38262627986742587	0.7322034805959263	1.0
simple	1.0	0.18923158476642926	1.0	0.3687963924678743	0.1567822270922313	0.10270968752261608	0.1721833460188918	0.1011949231848591	0.10527159987544296	0.10194405659728129	0.1806385572029832	0.17844285350715874	0.10708922444545184	0.12278192853419287	0.10090192384108092	0.12402766143914705	0.16540197838295506	0.13784455242464694	0.2597298341624708	0.2813392220098245	0.6317124160853608	0.0933309896877743	0.09502461450900099	0.11616442698005452	0.1301233873256725	0.1361070831253694	0.10888591802538578	0.3070795477458527	1.0	0.11205692442981126	0.11742264811394472	0.36352426765625984	0.4594415660177234	0.09915008886533086	0.4153605008360644	0.12275131235697354
sr	1.0	0.1442273800378016	1.0	0.7221793916855702	0.095037626145567	0.05678940025332109	0.12537766628448727	0.07256334419917752	0.06567217214609426	0.06436723202565932	0.12837544160108763	0.16041253941820854	0.074543028876456	0.10191559236036417	0.0739678708581005	0.08646026215622327	0.1108947563472627	0.10399528113667254	0.18955527678626508	0.2575587944118566	0.4837179042320073	0.06422524718074028	0.07855736733158106	0.05978605887668218	0.08359296467261879	0.08396854491160963	0.06015897016548487	0.718925811717485	0.11205692442981126	1.0	0.0705772953591878	0.22666676896733332	0.7347168825662656	0.08378692862352442	0.4106496617448044	0.0884442381324042
sv	0.4493075654568811	0.14338859722296066	1.0	1.0	0.10043258759032922	0.07890051959471123	0.13951850153256862	0.08511497653071069	0.08244154676090976	0.0789299124541364	0.14478592188334488	0.17233234125634037	0.08152113352391502	0.10801327180096866	0.08458037210122808	0.10413779341445877	0.13456723301789578	0.1191982571253549	0.21869989365302686	0.26181752617613774	0.531135833064091	0.07958130024575849	0.08260102600185354	0.0718745526528037	0.0874680874326944	0.09503194943556123	0.0715349738267216	0.6338208189097604	0.11742264811394472	0.0705772953591878	1.0	0.24083373751090292	0.45210982431512503	0.0882956589129147	0.4490579844825415	0.10675935359346128
te	1.0	0.34736349424755275	1.0	1.0	0.29607119109823293	0.34059085101898123	1.0	0.2085789897559146	0.38472347271418644	0.31232369144980326	1.0	1.0	0.3353316410107239	0.2063656211661921	0.2170245280068837	1.0	1.0	0.2911957276869257	1.0	1.0	1.0	0.31086715509389723	0.294463901021148	0.3933692741340069	0.2459865760804969	1.0	0.26278881117861586	1.0	0.36352426765625984	0.22666676896733332	0.24083373751090292	1.0	0.7510341748895938	0.30758310385399945	1.0	1.0
tr	1.0	0.3917677550832747	-1.0	1.0	0.2534507303077255	0.3298168220891096	1.0	0.23429389251818142	0.2560909772924783	0.3592677972232196	1.0	1.0	0.6524007805500078	0.3897145265370572	0.36268785726493863	0.5388261201899192	0.7322034805959264	0.684252173855055	1.0	0.7376607345031153	1.0	0.3582871067634334	0.4149086132872853	0.3770155494603088	0.7826308559168679	0.40457912816806146	0.40474431124518156	1.0	0.4594415660177234	0.7347168825662656	0.45210982431512503	0.7510341748895938	1.0	0.5889308832557032	1.0	0.5331204179143466
vi	1.0	0.14112624277549654	1.0	0.6568318202362041	0.10441085402224656	0.07479157311995484	0.13020787511096168	0.08654925633705736	0.07566504437875979	0.07402027496172965	0.11713027037791708	0.11820071694719136	0.0811916444721174	0.10220061130627799	0.08351229286075762	0.10165333089588195	0.12034282029944958	0.1097406960408883	0.18045193491294118	0.18300504968072184	0.4348598074624398	0.07485907508261594	0.0826733100856918	0.09394110091150039	0.09673129432663241	0.10386177905447738	0.08355872473014167	0.38262627986742587	0.09915008886533086	0.08378692862352442	0.0882956589129147	0.30758310385399945	0.5889308832557032	1.0	0.2997662515754021	0.10213431710506166
war	1.0	0.25650363483955346	1.0	1.0	0.3577415045054716	0.4530050543981239	0.5932464233149598	0.27179084077281224	0.4324817372827573	0.3859103953978842	0.592465813061686	0.5949224416307971	0.4414845711915716	0.2775623539846459	0.29221965726987825	0.5917196795904756	0.5917196795904756	0.5309633536245325	0.5977755651747494	0.6442100898340134	1.0	0.30106513320501044	0.3313133770618402	0.46661447614793655	0.3785857792613307	0.5932464233149598	0.40709185662049857	0.7322034805959263	0.4153605008360644	0.4106496617448044	0.4490579844825415	1.0	1.0	0.2997662515754021	1.0	0.5910055389828528
zh	1.0	0.2088761777785715	1.0	1.0	0.14231798571287077	0.07151710833069211	1.0	0.12323267905701052	0.08080962952199541	0.08279157608853306	0.5293386151695836	1.0	0.1032145616988822	0.15532349517208544	0.11488515272794166	0.6829196033032379	1.0	0.13831312076247418	1.0	1.0	1.0	0.08243875610119977	0.10517629159984936	0.10332027861677681	0.12748226663882933	0.49490268732374987	0.09389880693642039	1.0	0.12275131235697354	0.0884442381324042	0.10675935359346128	1.0	0.5331204179143466	0.10213431710506166	0.5910055389828528	1.0
