arz	bs	ceb	ckb	da	de	el	en	es	fr	he	hi	hu	id	it	ja	ko	lv	mk	ml	mr	nl	pl	pt	ro	ru	sh	si	simple	sr	sv	te	tr	vi	war	zh
arz	0.2	0.25	1.0	0.3333333333333333	0.25	0.2	0.25	0.2	0.2	0.2	0.25	0.25	0.2	0.2	0.2	0.2	0.2	0.25	0.25	0.3333333333333333	1.0	0.25	0.25	0.2	0.25	0.2	0.2	1.0	0.25	0.2	0.2	0.5	0.5	0.25	0.3333333333333333	0.25
bs	0.25	0.008115364323218554	0.3333333333333333	0.07142857142857142	0.012195568114217726	0.00892873086734694	0.012987012987012988	0.008773084256694368	0.009434140263438947	0.009091735537190082	0.011904761904761904	0.013333333333333334	0.010101418222630342	0.01099058108924043	0.009615846893491124	0.009523809523809525	0.011494252873563218	0.0125003125	0.015625	0.02	0.07142857142857142	0.009709209256291826	0.009804306036139946	0.008695727788279773	0.010526648199445982	0.008695652173913044	0.00806477633975026	0.058823529411764705	0.013159106648199444	0.008065101456815818	0.009434496351014595	0.03571428571428571	0.09092562809917355	0.01087003792544908	0.03225910509885536	0.009433962264150943
ceb	1.0	0.3333333333333333	0.3333333333333333	0.5	0.3333333333333333	0.3333333333333333	0.5	0.3333333333333333	0.3333333333333333	0.3333333333333333	0.5	0.5	0.3333333333333333	0.3333333333333333	0.3333333333333333	0.5	0.5	0.3333333333333333	0.5	0.5	0.5	0.3333333333333333	0.3333333333333333	0.3333333333333333	0.3333333333333333	0.3333333333333333	0.3333333333333333	1.0	0.3333333333333333	0.3333333333333333	0.3333333333333333	0.5	-1.0	0.3333333333333333	0.3333333333333333	0.3333333333333333
ckb	0.3333333333333333	0.07142857142857142	0.5	0.05263157894736842	0.058823529411764705	0.05263157894736842	0.058823529411764705	0.05263157894736842	0.05263157894736842	0.05263157894736842	0.05263157894736842	0.08333333333333333	0.05555555555555555	0.05263157894736842	0.05263157894736842	0.05555555555555555	0.058823529411764705	0.07692307692307693	0.058823529411764705	0.07142857142857142	0.2	0.05263157894736842	0.05263157894736842	0.05555555555555555	0.0625	0.05555555555555555	0.058823529411764705	0.14285714285714285	0.05555555555555555	0.058823529411764705	0.05555555555555555	0.125	0.3333333333333333	0.058823529411764705	0.125	0.05555555555555555
da	0.25	0.012195568114217726	0.3333333333333333	0.058823529411764705	0.005860119063066598	0.006535947712418301	0.008928571428571428	0.006536118586868298	0.006896599286563615	0.006578947368421052	0.00847457627118644	0.010526315789473684	0.0071429081632653066	0.007874387748775497	0.006896741973840666	0.006896551724137931	0.008064516129032258	0.009615384615384616	0.012987012987012988	0.016666666666666666	0.05	0.006756939371804238	0.006757030679327976	0.006250039062500001	0.007752058169581156	0.006172839506172839	0.005988095664957511	0.05555555555555555	0.0100001	0.005988095664957511	0.006410338593030901	0.024390243902439025	0.09090909090909091	0.007936822940350276	0.027778549382716046	0.007142857142857143
de	0.2	0.00892873086734694	0.3333333333333333	0.05263157894736842	0.006535947712418301	0.0012993175038129435	0.004651162790697674	0.0013606367772687302	0.0020408371511870054	0.001636693355048336	0.005494505494505495	0.005050505050505051	0.0028902235290186773	0.004149429245364233	0.0018940183080808075	0.0018587360594795538	0.004219409282700422	0.0059524518140589575	0.009009009009009009	0.012658227848101266	0.037037037037037035	0.002016173744797086	0.0022173686461718473	0.0028169014084507044	0.004761972789115647	0.002785515320334262	0.0020243365732924646	0.05263157894736842	0.005405434623813003	0.0020120967252205382	0.0036363900826446283	0.019230769230769232	0.05555555555555555	0.0028902402352233617	0.02631578947368421	0.00199203187250996
el	0.25	0.012987012987012988	0.5	0.058823529411764705	0.008928571428571428	0.004651162790697674	0.004608294930875576	0.004651162790697674	0.005405405405405406	0.0049261083743842365	0.007751937984496124	0.00909090909090909	0.005714285714285714	0.006622516556291391	0.005076142131979695	0.005076142131979695	0.0070921985815602835	0.008849557522123894	0.01282051282051282	0.016666666666666666	0.047619047619047616	0.005050505050505051	0.005555555555555556	0.00641025641025641	0.007751937984496124	0.006493506493506494	0.005813953488372093	0.05555555555555555	0.008849557522123894	0.005813953488372093	0.00684931506849315	0.02631578947368421	0.16666666666666666	0.006329113924050633	0.02857142857142857	0.005050505050505051
en	0.2	0.008773084256694368	0.3333333333333333	0.05263157894736842	0.006536118586868298	0.0013606367772687302	0.004651162790697674	0.0012736007420047438	0.001953250888824463	0.00158501464232308	0.0054945356840961235	0.005025125628140704	0.002785717064578953	0.0040989821452566515	0.0018219482749161514	0.0017513134851138354	0.004081632653061225	0.005917369839991597	0.008771929824561403	0.012658227848101266	0.03571428571428571	0.001957188445207394	0.0021695456402002623	0.002801293089784934	0.004608783388901866	0.0026041666666666665	0.0018118535201441396	0.05263157894736842	0.005376690946930281	0.00180202908530801	0.0035337187379040815	0.018867924528301886	0.05263157894736842	0.002793545792890359	0.02631578947368421	0.0019011406844106464
es	0.2	0.009434140263438947	0.3333333333333333	0.05263157894736842	0.006896599286563615	0.0020408371511870054	0.005405405405405406	0.001953250888824463	0.001954888666564458	0.0021598878569196104	0.0056179775280898875	0.006024096385542169	0.0033113131003026184	0.004444562962962963	0.0022884080662306443	0.0023094688221709007	0.004424778761061947	0.006097598155859607	0.009345794392523364	0.012658227848101266	0.037037037037037035	0.0025907205562565438	0.0025840327437587213	0.003413004228354437	0.005050683603713907	0.003257328990228013	0.002762476725374683	0.05263157894736842	0.005780380233218618	0.002754858881831083	0.003968285462333082	0.019230769230769232	0.05555555555555555	0.0032895710807652355	0.02631578947368421	0.002570694087403599
fr	0.2	0.009091735537190082	0.3333333333333333	0.05263157894736842	0.006578947368421052	0.001636693355048336	0.0049261083743842365	0.00158501464232308	0.0021598878569196104	0.0015263052231258482	0.005649717514124294	0.005263157894736842	0.0030489013236168947	0.00427385128570385	0.002074848065632478	0.001941747572815534	0.0041841004184100415	0.006024205254753956	0.008849557522123894	0.012658227848101266	0.03571428571428571	0.0021930738352185283	0.002347539074037338	0.0030212028002665177	0.004784826354707996	0.0028735632183908046	0.002272820247933884	0.05263157894736842	0.005814021092482424	0.0022625458170389624	0.003690077749485982	0.019230769230769232	0.052637119113573404	0.0031950412885708747	0.02631578947368421	0.002145922746781116
he	0.25	0.011904761904761904	0.5	0.05263157894736842	0.00847457627118644	0.005494505494505495	0.007751937984496124	0.0054945356840961235	0.0056179775280898875	0.005649717514124294	0.005494716821639899	0.00980392156862745	0.006172839506172839	0.006993006993006993	0.005681818181818182	0.005813953488372093	0.007246376811594203	0.008849557522123894	0.011235955056179775	0.015151515151515152	0.047619047619047616	0.005952380952380952	0.0058823529411764705	0.0064516129032258064	0.008064516129032258	0.0064516129032258064	0.006289308176100629	0.05263157894736842	0.00909090909090909	0.006289347731497963	0.006666666666666667	0.027777777777777776	0.14285714285714285	0.00641025641025641	0.027777777777777776	0.005952380952380952
hi	0.25	0.013333333333333334	0.5	0.08333333333333333	0.010526315789473684	0.005050505050505051	0.00909090909090909	0.005025125628140704	0.006024096385542169	0.005263157894736842	0.00980392156862745	0.005	0.00641025641025641	0.007352941176470588	0.005405405405405406	0.0053475935828877	0.008333333333333333	0.01	0.015151515151515152	0.01694915254237288	0.05555555555555555	0.005494505494505495	0.005988023952095809	0.006896551724137931	0.007874015748031496	0.00684931506849315	0.00641025641025641	0.07142857142857142	0.008695652173913044	0.00641025641025641	0.007936507936507936	0.024390243902439025	0.14285714285714285	0.006578947368421052	0.030303030303030304	0.005235602094240838
hu	0.2	0.010101418222630342	0.3333333333333333	0.05555555555555555	0.0071429081632653066	0.0028902235290186773	0.005714285714285714	0.002785717064578953	0.0033113131003026184	0.0030489013236168947	0.006172839506172839	0.00641025641025641	0.0027878452493386675	0.004808015948594675	0.0031646971639160393	0.0032258064516129032	0.004830917874396135	0.0063694673211895005	0.009615384615384616	0.013333333333333334	0.037037037037037035	0.003257382051798958	0.0034014762367532048	0.0041494120280298205	0.0052910612804792706	0.004	0.00353364382124886	0.05263157894736842	0.006329234097099823	0.0035336812920625806	0.004545557871900826	0.020833333333333332	0.16666666666666666	0.004032420655567117	0.02631578947368421	0.0033222591362126247
id	0.2	0.01099058108924043	0.3333333333333333	0.05263157894736842	0.007874387748775497	0.004149429245364233	0.006622516556291391	0.0040989821452566515	0.004444562962962963	0.00427385128570385	0.006993006993006993	0.007352941176470588	0.004808015948594675	0.004127183023869857	0.00434812854442344	0.0044444444444444444	0.005681818181818182	0.00775199807703864	0.010416666666666666	0.013888888888888888	0.043478260869565216	0.0045250302000368545	0.004608613497844506	0.005319262109551833	0.0060979328152885185	0.005128205128205128	0.004950789138319773	0.05263157894736842	0.006896837098692033	0.00495064209391236	0.0055866858088074655	0.022222222222222223	0.07142857142857142	0.005050913172125293	0.02631578947368421	0.004329004329004329
it	0.2	0.009615846893491124	0.3333333333333333	0.05263157894736842	0.006896741973840666	0.0018940183080808075	0.005076142131979695	0.0018219482749161514	0.0022884080662306443	0.002074848065632478	0.005681818181818182	0.005405405405405406	0.0031646971639160393	0.00434812854442344	0.0018382768034817198	0.0022123893805309734	0.004366812227074236	0.006211218702982138	0.009009009009009009	0.01282051282051282	0.041666666666666664	0.002439173117192147	0.002531901958019548	0.0032574563125338193	0.00483119797428178	0.0031847133757961785	0.0026526324676878045	0.05263157894736842	0.0058142915427257975	0.0026456986226589397	0.003968411438649534	0.0196078431372549	0.05883045328719723	0.0031647472560487095	0.02631578947368421	0.0024330900243309003
ja	0.2	0.009523809523809525	0.5	0.05555555555555555	0.006896551724137931	0.0018587360594795538	0.005076142131979695	0.0017513134851138354	0.0023094688221709007	0.001941747572815534	0.005813953488372093	0.0053475935828877	0.0032258064516129032	0.0044444444444444444	0.0022123893805309734	0.0017006831644222314	0.0041841004184100415	0.006172839506172839	0.008849557522123894	0.012658227848101266	0.03571428571428571	0.0023584905660377358	0.0025	0.0033444816053511705	0.0048543689320388345	0.003134796238244514	0.0024691358024691358	0.058823529411764705	0.005917159763313609	0.0024630541871921183	0.003952569169960474	0.0196078431372549	0.06666666666666667	0.003367003367003367	0.02702702702702703	0.0022172949002217295
ko	0.2	0.011494252873563218	0.5	0.058823529411764705	0.008064516129032258	0.004219409282700422	0.0070921985815602835	0.004081632653061225	0.004424778761061947	0.0041841004184100415	0.007246376811594203	0.008333333333333333	0.004830917874396135	0.005681818181818182	0.004366812227074236	0.0041841004184100415	0.004081632653061225	0.007194244604316547	0.01	0.013333333333333334	0.037037037037037035	0.004545454545454545	0.004608294930875576	0.0053475935828877	0.006211180124223602	0.005154639175257732	0.0048543689320388345	0.0625	0.008	0.004830917874396135	0.005434782608695652	0.025	0.09090909090909091	0.005405405405405406	0.02702702702702703	0.004405286343612335
lv	0.25	0.0125003125	0.3333333333333333	0.07692307692307693	0.009615384615384616	0.0059524518140589575	0.008849557522123894	0.005917369839991597	0.006097598155859607	0.006024205254753956	0.008849557522123894	0.01	0.0063694673211895005	0.00775199807703864	0.006211218702982138	0.006172839506172839	0.007194244604316547	0.0059233630181064435	0.0136986301369863	0.015873015873015872	0.043478260869565216	0.006172839506172839	0.00606078971533517	0.0070921985815602835	0.008064646201873048	0.007194244604316547	0.006802813642463788	0.07142857142857142	0.00980392156862745	0.006802813642463788	0.0072993233523363	0.02631578947368421	0.14285714285714285	0.0068027673654495815	0.02702702702702703	0.006289308176100629
mk	0.25	0.015625	0.5	0.058823529411764705	0.012987012987012988	0.009009009009009009	0.01282051282051282	0.008771929824561403	0.009345794392523364	0.008849557522123894	0.011235955056179775	0.015151515151515152	0.009615384615384616	0.010416666666666666	0.009009009009009009	0.008849557522123894	0.01	0.0136986301369863	0.008771929824561403	0.018867924528301886	0.0625	0.009259259259259259	0.009345794392523364	0.010638297872340425	0.010416666666666666	0.01	0.00980392156862745	0.07692307692307693	0.015151515151515152	0.00980392156862745	0.010638297872340425	0.05	0.16666666666666666	0.010638297872340425	0.03333333333333333	0.009433962264150943
ml	0.3333333333333333	0.02	0.5	0.07142857142857142	0.016666666666666666	0.012658227848101266	0.016666666666666666	0.012658227848101266	0.012658227848101266	0.012658227848101266	0.015151515151515152	0.01694915254237288	0.013333333333333334	0.013888888888888888	0.01282051282051282	0.012658227848101266	0.013333333333333334	0.015873015873015872	0.018867924528301886	0.012658227848101266	0.0625	0.012987012987012988	0.01282051282051282	0.014285714285714285	0.015873015873015872	0.014285714285714285	0.014492753623188406	0.07142857142857142	0.01694915254237288	0.014492753623188406	0.014492753623188406	0.043478260869565216	0.1111111111111111	0.013888888888888888	0.038461538461538464	0.012658227848101266
mr	1.0	0.07142857142857142	0.5	0.2	0.05	0.037037037037037035	0.047619047619047616	0.03571428571428571	0.037037037037037035	0.03571428571428571	0.047619047619047616	0.05555555555555555	0.037037037037037035	0.043478260869565216	0.041666666666666664	0.03571428571428571	0.037037037037037035	0.043478260869565216	0.0625	0.0625	0.03571428571428571	0.03571428571428571	0.037037037037037035	0.041666666666666664	0.05	0.04	0.038461538461538464	0.2	0.045454545454545456	0.038461538461538464	0.04	0.125	0.5	0.037037037037037035	0.09090909090909091	0.03571428571428571
nl	0.25	0.009709209256291826	0.3333333333333333	0.05263157894736842	0.006756939371804238	0.002016173744797086	0.005050505050505051	0.001957188445207394	0.0025907205562565438	0.0021930738352185283	0.005952380952380952	0.005494505494505495	0.003257382051798958	0.0045250302000368545	0.002439173117192147	0.0023584905660377358	0.004545454545454545	0.006172839506172839	0.009259259259259259	0.012987012987012988	0.03571428571428571	0.0019498346190119586	0.0028653951937997225	0.003333377788888889	0.00490208093041138	0.003436426116838488	0.002724847611905946	0.05263157894736842	0.00602427783422848	0.0027175020675803403	0.004048681358488092	0.02	0.0526398891966759	0.0035336937656856747	0.02631578947368421	0.0024813895781637717
pl	0.25	0.009804306036139946	0.3333333333333333	0.05263157894736842	0.006757030679327976	0.0022173686461718473	0.005555555555555556	0.0021695456402002623	0.0025840327437587213	0.002347539074037338	0.0058823529411764705	0.005988023952095809	0.0034014762367532048	0.004608613497844506	0.002531901958019548	0.0025	0.004608294930875576	0.00606078971533517	0.009345794392523364	0.01282051282051282	0.037037037037037035	0.0028653951937997225	0.0021297482382250854	0.0035715561352040815	0.005025428676043534	0.003424657534246575	0.003049003578599048	0.05263157894736842	0.006211373056595039	0.003030404040404041	0.004048730515169893	0.02	0.05555555555555555	0.003448478014268727	0.02631578947368421	0.002777777777777778
pt	0.2	0.008695727788279773	0.3333333333333333	0.05555555555555555	0.006250039062500001	0.0028169014084507044	0.00641025641025641	0.002801293089784934	0.003413004228354437	0.0030212028002665177	0.0064516129032258064	0.006896551724137931	0.0041494120280298205	0.005319262109551833	0.0032574563125338193	0.0033444816053511705	0.0053475935828877	0.0070921985815602835	0.010638297872340425	0.014285714285714285	0.041666666666666664	0.003333377788888889	0.0035715561352040815	0.002009359163101402	0.004048681342097068	0.0025188916876574307	0.002070453386143367	0.05263157894736842	0.007692307692307693	0.0020704319534997364	0.003164617048549912	0.01639344262295082	0.05263157894736842	0.004651227690643591	0.027777777777777776	0.0034482758620689655
ro	0.25	0.010526648199445982	0.3333333333333333	0.0625	0.007752058169581156	0.004761972789115647	0.007751937984496124	0.004608783388901866	0.005050683603713907	0.004784826354707996	0.008064516129032258	0.007874015748031496	0.0052910612804792706	0.0060979328152885185	0.00483119797428178	0.0048543689320388345	0.006211180124223602	0.008064646201873048	0.010416666666666666	0.015873015873015872	0.05	0.00490208093041138	0.005025428676043534	0.004048681342097068	0.0037083734014196896	0.0038910505836575876	0.003731524281577189	0.05555555555555555	0.008696105860113422	0.003745542818667676	0.004587429509300564	0.0196078431372549	0.16666666666666666	0.005952593537414966	0.02857142857142857	0.004878048780487805
ru	0.2	0.008695652173913044	0.3333333333333333	0.05555555555555555	0.006172839506172839	0.002785515320334262	0.006493506493506494	0.0026041666666666665	0.003257328990228013	0.0028735632183908046	0.0064516129032258064	0.00684931506849315	0.004	0.005128205128205128	0.0031847133757961785	0.003134796238244514	0.005154639175257732	0.007194244604316547	0.01	0.014285714285714285	0.04	0.003436426116838488	0.003424657534246575	0.0025188916876574307	0.0038910505836575876	0.0018622251351566913	0.0019230769230769232	0.05	0.006993006993006993	0.0019157088122605363	0.0030864197530864196	0.015384615384615385	0.05263157894736842	0.004347826086956522	0.02857142857142857	0.0031746031746031746
sh	0.2	0.00806477633975026	0.3333333333333333	0.058823529411764705	0.005988095664957511	0.0020243365732924646	0.005813953488372093	0.0018118535201441396	0.002762476725374683	0.002272820247933884	0.006289308176100629	0.00641025641025641	0.00353364382124886	0.004950789138319773	0.0026526324676878045	0.0024691358024691358	0.0048543689320388345	0.006802813642463788	0.00980392156862745	0.014492753623188406	0.038461538461538464	0.002724847611905946	0.003049003578599048	0.002070453386143367	0.003731524281577189	0.0019230769230769232	0.0013073137974916802	0.05	0.006944492669753086	0.001298795754764715	0.0027701675171307766	0.015151515151515152	0.14285714285714285	0.0038911262850308105	0.027777777777777776	0.002638522427440633
si	1.0	0.058823529411764705	1.0	0.14285714285714285	0.05555555555555555	0.05263157894736842	0.05555555555555555	0.05263157894736842	0.05263157894736842	0.05263157894736842	0.05263157894736842	0.07142857142857142	0.05263157894736842	0.05263157894736842	0.05263157894736842	0.058823529411764705	0.0625	0.07142857142857142	0.07692307692307693	0.07142857142857142	0.2	0.05263157894736842	0.05263157894736842	0.05263157894736842	0.05555555555555555	0.05	0.05	0.05	0.058823529411764705	0.05	0.05263157894736842	0.1	1.0	0.05555555555555555	0.09090909090909091	0.05555555555555555
simple	0.25	0.013159106648199444	0.3333333333333333	0.05555555555555555	0.0100001	0.005405434623813003	0.008849557522123894	0.005376690946930281	0.005780380233218618	0.005814021092482424	0.00909090909090909	0.008695652173913044	0.006329234097099823	0.006896837098692033	0.0058142915427257975	0.005917159763313609	0.008	0.00980392156862745	0.015151515151515152	0.01694915254237288	0.045454545454545456	0.00602427783422848	0.006211373056595039	0.007692307692307693	0.008696105860113422	0.006993006993006993	0.006944492669753086	0.058823529411764705	0.005386391404346517	0.006944492669753086	0.007692426094733786	0.022727272727272728	0.07142857142857142	0.006097746876859013	0.02631578947368421	0.005813953488372093
sr	0.2	0.008065101456815818	0.3333333333333333	0.058823529411764705	0.005988095664957511	0.0020120967252205382	0.005813953488372093	0.00180202908530801	0.002754858881831083	0.0022625458170389624	0.006289347731497963	0.00641025641025641	0.0035336812920625806	0.00495064209391236	0.0026456986226589397	0.0024630541871921183	0.004830917874396135	0.006802813642463788	0.00980392156862745	0.014492753623188406	0.038461538461538464	0.0027175020675803403	0.003030404040404041	0.0020704319534997364	0.003745542818667676	0.0019157088122605363	0.001298795754764715	0.05	0.006944492669753086	0.0012959897586283602	0.002754881648946262	0.015151515151515152	0.1	0.003891201986404033	0.027777777777777776	0.0026246719160104987
sv	0.2	0.009434496351014595	0.3333333333333333	0.05555555555555555	0.006410338593030901	0.0036363900826446283	0.00684931506849315	0.0035337187379040815	0.003968285462333082	0.003690077749485982	0.006666666666666667	0.007936507936507936	0.004545557871900826	0.0055866858088074655	0.003968411438649534	0.003952569169960474	0.005434782608695652	0.0072993233523363	0.010638297872340425	0.014492753623188406	0.04	0.004048681358488092	0.004048730515169893	0.003164617048549912	0.004587429509300564	0.0030864197530864196	0.0027701675171307766	0.05263157894736842	0.007692426094733786	0.002754881648946262	0.0027423779985823217	0.018867924528301886	0.07692307692307693	0.005025327643241332	0.027777777777777776	0.004081632653061225
te	0.5	0.03571428571428571	0.5	0.125	0.024390243902439025	0.019230769230769232	0.02631578947368421	0.018867924528301886	0.019230769230769232	0.019230769230769232	0.027777777777777776	0.024390243902439025	0.020833333333333332	0.022222222222222223	0.0196078431372549	0.0196078431372549	0.025	0.02631578947368421	0.05	0.043478260869565216	0.125	0.02	0.02	0.01639344262295082	0.0196078431372549	0.015384615384615385	0.015151515151515152	0.1	0.022727272727272728	0.015151515151515152	0.018867924528301886	0.015151515151515152	0.16666666666666666	0.020833333333333332	0.0625	0.0196078431372549
tr	0.5	0.09092562809917355	-1.0	0.3333333333333333	0.09090909090909091	0.05555555555555555	0.16666666666666666	0.05263157894736842	0.05555555555555555	0.052637119113573404	0.14285714285714285	0.14285714285714285	0.16666666666666666	0.07142857142857142	0.05883045328719723	0.06666666666666667	0.09090909090909091	0.14285714285714285	0.16666666666666666	0.1111111111111111	0.5	0.0526398891966759	0.05555555555555555	0.05263157894736842	0.16666666666666666	0.05263157894736842	0.14285714285714285	1.0	0.07142857142857142	0.1	0.07692307692307693	0.16666666666666666	0.05004003501501002	0.07692307692307693	0.5	0.06666666666666667
vi	0.25	0.01087003792544908	0.3333333333333333	0.058823529411764705	0.007936822940350276	0.0028902402352233617	0.006329113924050633	0.002793545792890359	0.0032895710807652355	0.0031950412885708747	0.00641025641025641	0.006578947368421052	0.004032420655567117	0.005050913172125293	0.0031647472560487095	0.003367003367003367	0.005405405405405406	0.0068027673654495815	0.010638297872340425	0.013888888888888888	0.037037037037037035	0.0035336937656856747	0.003448478014268727	0.004651227690643591	0.005952593537414966	0.004347826086956522	0.0038911262850308105	0.05555555555555555	0.006097746876859013	0.003891201986404033	0.005025327643241332	0.020833333333333332	0.07692307692307693	0.0027985412301550485	0.02631578947368421	0.003389830508474576
war	0.3333333333333333	0.03225910509885536	0.3333333333333333	0.125	0.027778549382716046	0.02631578947368421	0.02857142857142857	0.02631578947368421	0.02631578947368421	0.02631578947368421	0.027777777777777776	0.030303030303030304	0.02631578947368421	0.02631578947368421	0.02631578947368421	0.02702702702702703	0.02702702702702703	0.02702702702702703	0.03333333333333333	0.038461538461538464	0.09090909090909091	0.02631578947368421	0.02631578947368421	0.027777777777777776	0.02857142857142857	0.02857142857142857	0.027777777777777776	0.09090909090909091	0.02631578947368421	0.027777777777777776	0.027777777777777776	0.0625	0.5	0.02631578947368421	0.02631786703601108	0.02631578947368421
zh	0.25	0.009433962264150943	0.3333333333333333	0.05555555555555555	0.007142857142857143	0.00199203187250996	0.005050505050505051	0.0019011406844106464	0.002570694087403599	0.002145922746781116	0.005952380952380952	0.005235602094240838	0.0033222591362126247	0.004329004329004329	0.0024330900243309003	0.0022172949002217295	0.004405286343612335	0.006289308176100629	0.009433962264150943	0.012658227848101266	0.03571428571428571	0.0024813895781637717	0.002777777777777778	0.0034482758620689655	0.004878048780487805	0.0031746031746031746	0.002638522427440633	0.05555555555555555	0.005813953488372093	0.0026246719160104987	0.004081632653061225	0.0196078431372549	0.06666666666666667	0.003389830508474576	0.02631578947368421	0.0018832391713747645
