arz	bs	ceb	ckb	da	de	el	en	es	fr	he	hi	hu	id	it	ja	ko	lv	mk	ml	mr	nl	pl	pt	ro	ru	sh	si	simple	sr	sv	te	tr	vi	war	zh
arz	1.0	0.46959601155582775	1.0	1.0	1.0	1.0	1.0	0.7265334708466399	1.0	1.0	1.0	1.0	1.0	0.7502477598910112	1.0	1.0	1.0	1.0	1.0	1.0	1.0	1.0	0.7690990303325336	1.0	1.0	1.0	1.0	1.0	1.0	1.0	1.0	1.0	1.0	1.0	1.0	1.0
bs	0.46959601155582775	1.0	0.517346181619858	0.3588147872353164	0.14533061611153095	0.1767739582333975	0.22041351541224594	0.14222993542455206	0.16866836950222486	0.15196617778660307	0.19904022243150962	0.20800010676498917	0.15721394859492646	0.14709563474376072	0.1426061570555655	0.2233398374955429	0.2256760658620489	0.1944975629333415	0.1894373820627876	0.20503607515296438	0.255667958458114	0.15959205949400923	0.14358901312633876	0.1671454054651166	0.14241558588385456	0.22023661032211952	0.11261060247942326	0.431657623155892	0.1688520077473431	0.1438448331069249	0.14199427315583013	0.22926042893421633	0.4017810280513334	0.14759211941275682	0.30313465326137246	0.2265730799141448
ceb	1.0	0.517346181619858	1.0	1.0	1.0	1.0	1.0	0.7863954451402115	1.0	1.0	1.0	1.0	1.0	1.0	1.0	1.0	1.0	1.0	1.0	1.0	1.0	1.0	1.0	1.0	1.0	1.0	1.0	1.0	1.0	1.0	1.0	1.0	-1.0	1.0	1.0	1.0
ckb	1.0	0.3588147872353164	1.0	1.0	0.6568318202362041	1.0	1.0	0.305362638130385	0.7199285383279771	0.6445988255293293	1.0	1.0	0.6549329476340925	0.3338085996092334	0.4940605841375679	1.0	1.0	0.6667969795412325	1.0	1.0	1.0	0.6143589292419388	0.5272523989605823	0.6549329476340925	0.4583730338486167	1.0	0.7221793916855704	1.0	0.6549329476340924	0.6568318202362041	0.6549329476340925	1.0	1.0	0.5569675974578341	1.0	1.0
da	1.0	0.14533061611153095	1.0	0.6568318202362041	1.0	0.11465395495533831	0.17606625851365257	0.10686303366654518	0.11578801858505333	0.1072666180835766	0.1659190896055234	0.1796222521316246	0.10465759717735125	0.1256000339644404	0.10673585292594895	0.14503281525068634	0.15969371901195561	0.1438532849097014	0.2619004676591827	0.3089084490585723	0.559065360234924	0.11308117553309231	0.10561413147787635	0.11346756731485338	0.11685429671975726	0.1266708019083675	0.10113363308110174	0.6167131210802118	0.15733469271654468	0.10235042176965002	0.10175983775283297	0.32759551364900696	0.5121669787486266	0.12092562265618703	0.41657398001240004	0.14536321082784162
de	1.0	0.1767739582333975	1.0	1.0	0.11465395495533831	1.0	0.13283857628746643	0.05370364208632102	0.056103128241323096	0.05410996004514204	0.13290566840192664	0.15080038450396083	0.0687973318385386	0.10441571898485792	0.05848980595286316	0.0691828269907217	0.1302113718973068	0.113221000093573	0.3005330833247581	0.3364045323174666	0.5529390606691029	0.05918107992326104	0.06629981412546211	0.0671516702509497	0.10353111925881679	0.08632065784253895	0.05832244600765652	0.6802458882942041	0.10218290029349514	0.055828478228091435	0.07600148740949793	0.46204462927386003	0.33182293346788155	0.07312639806464483	0.5271313655375204	0.07210659106440012
el	1.0	0.22041351541224594	1.0	1.0	0.17606625851365257	0.13283857628746643	1.0	0.1453072341651766	0.127681105973157	0.11430261434129506	0.4753236604094749	1.0	0.1241361448195362	0.14460119318678524	0.12970374421996422	1.0	1.0	0.2000451015007832	1.0	1.0	1.0	0.10861756581375569	0.11679874936039499	0.17579113696720877	0.14941467801148928	1.0	0.115537341441006	1.0	0.15368760035896986	0.12939899536428812	0.1459765983467729	1.0	1.0	0.1255820771281398	0.6611346385924656	1.0
en	0.7265334708466399	0.14222993542455206	0.7863954451402115	0.305362638130385	0.10686303366654518	0.05370364208632102	0.1453072341651766	1.0	0.0646171698263684	0.06877694183746665	0.1418430648950133	0.1509528094701111	0.08122495829925822	0.11432615049709137	0.08413720575831979	0.1214967429185902	0.14575428009005262	0.11190492513533587	0.1547636999118548	0.17466632546236965	0.3066683469792635	0.07197299050453901	0.08552659729332487	0.07869306678130594	0.10175273868847803	0.13449042300286845	0.07334266735775141	0.45483953830664664	0.10150419218859405	0.0701636474479148	0.08283415779201797	0.2593719701476255	0.3402913767285199	0.0874714417481295	0.2003460177677067	0.12494681925079985
es	1.0	0.16866836950222486	1.0	0.7199285383279771	0.11578801858505333	0.056103128241323096	0.127681105973157	0.0646171698263684	1.0	0.059460516079360176	0.15923713320941543	0.16535436197123274	0.0744867052273743	0.09524112287412465	0.0658543580300797	0.07201829709439322	0.11564816565265594	0.11707313947086774	0.1902060461119787	0.2628873333150647	0.5054181654080746	0.06465122209996449	0.06876497550301346	0.07629096171491377	0.10142915598076988	0.0955067537400487	0.06510078755696423	0.7199285383279772	0.10636484869601974	0.06478074392241022	0.07834719633310318	0.45141731645772665	0.38432081830217896	0.07684011644029891	0.44585819294376705	0.07945853508155494
fr	1.0	0.15196617778660307	1.0	0.6445988255293293	0.1072666180835766	0.05410996004514204	0.11430261434129506	0.06877694183746665	0.059460516079360176	1.0	0.1290843949845615	0.11032244396522278	0.06850523138356526	0.08923928845448366	0.06933478515823974	0.08061036662045136	0.09099257529560528	0.10689748638032452	0.17022708783712454	0.21719728750147188	0.4998714994539137	0.06246042319821714	0.06874881094846594	0.06792902000956312	0.08875945090630653	0.09052511371548057	0.06505417976949623	0.38245305316999767	0.08748996621202765	0.06336280336152897	0.07366950016346345	0.24371491252679414	0.25511038473778674	0.07408739007107794	0.3072559579688215	0.08466789961362554
he	1.0	0.19904022243150962	1.0	1.0	0.1659190896055234	0.13290566840192664	0.4753236604094749	0.1418430648950133	0.15923713320941543	0.1290843949845615	1.0	0.695194325776467	0.12372961856494569	0.14994230631042416	0.12131223931233538	0.4390397050852035	0.4832874479195358	0.19383764566352418	1.0	0.7002769331337115	1.0	0.13238628017403056	0.12098761977381957	0.16453783732515892	0.15451691111373347	0.4792640618174614	0.13149574585723503	1.0	0.1921614546048831	0.13186057410164984	0.1370471067422539	1.0	0.6978955566455195	0.11511697179269943	0.5991603434526481	0.4542709158440882
hi	1.0	0.20800010676498917	1.0	1.0	0.1796222521316246	0.15080038450396083	1.0	0.1509528094701111	0.16535436197123274	0.11032244396522278	0.695194325776467	1.0	0.12957666446975405	0.16820491846721392	0.11767758259096844	1.0	1.0	0.22204893794195463	1.0	1.0	1.0	0.12914061771844038	0.1258942323346157	0.18671701191290002	0.1378017713359956	0.6915622893805501	0.13236723740744014	1.0	0.18442461713550562	0.14493950659717172	0.1342410859234362	1.0	1.0	0.14789564546553802	0.6627101334088554	1.0
hu	1.0	0.15721394859492646	1.0	0.6549329476340925	0.10465759717735125	0.0687973318385386	0.1241361448195362	0.08122495829925822	0.0744867052273743	0.06850523138356526	0.12372961856494569	0.12957666446975405	1.0	0.09297558992123961	0.07900175195268853	0.09708934455465547	0.11685345533395113	0.11264279742756178	0.17208166691567475	0.2554627837283679	0.571924162052103	0.07418625611245137	0.07998917820108957	0.08658766472631425	0.09235673552013358	0.11111153862446517	0.07368547355046767	0.5936875986574859	0.10384604085401378	0.0742236768428946	0.07858565605803271	0.31028361159805534	1.0	0.08000268088626193	0.34143513420107025	0.09738725614769708
id	0.7502477598910112	0.14709563474376072	1.0	0.3338085996092334	0.1256000339644404	0.10441571898485792	0.14460119318678524	0.11432615049709137	0.09524112287412465	0.08923928845448366	0.14994230631042416	0.16820491846721392	0.09297558992123961	1.0	0.10008944839510545	0.15566311387845475	0.1546411119846109	0.12025806426623481	0.19327729865916018	0.20301301718209525	0.3323857663010097	0.09582598803123518	0.10192982797935411	0.11735950265749857	0.11316663376959579	0.1608994459706509	0.09751621169602978	0.3629733777060989	0.11273087495065945	0.09828913371515428	0.10301806205593797	0.21457918356056485	0.36259867139416474	0.09899074265533885	0.22196860484550632	0.1553357464171449
it	1.0	0.1426061570555655	1.0	0.4940605841375679	0.10673585292594895	0.05848980595286316	0.12970374421996422	0.08413720575831979	0.0658543580300797	0.06933478515823974	0.12131223931233538	0.11767758259096844	0.07900175195268853	0.10008944839510545	1.0	0.10986918913101976	0.11563669451440114	0.10854672451753708	0.17229738834834457	0.223520321093104	0.5135032269435529	0.07318652961540367	0.08225391884427599	0.07801583832885894	0.09301239461046779	0.11270673669872137	0.07272456072042792	0.6143589292419387	0.10433148535649751	0.07529256331309014	0.08262450700429402	0.27301833564676276	0.3421739663256626	0.08480228147699256	0.281017291447318	0.10960363484965395
ja	1.0	0.2233398374955429	1.0	1.0	0.14503281525068634	0.0691828269907217	1.0	0.1214967429185902	0.07201829709439322	0.08061036662045136	0.4390397050852035	1.0	0.09708934455465547	0.15566311387845475	0.10986918913101976	1.0	0.6873060046205764	0.15112093695541834	1.0	1.0	1.0	0.08698863484610968	0.10933007539170128	0.10135745657818047	0.12837888685390808	0.6059306170826917	0.08791547615897484	1.0	0.13399619199008816	0.08636255955289232	0.10010007690598219	1.0	0.5718902542010439	0.10680868499140476	0.659688593498643	0.6829196033032391
ko	1.0	0.2256760658620489	1.0	1.0	0.15969371901195561	0.1302113718973068	1.0	0.14575428009005262	0.11564816565265594	0.09099257529560528	0.4832874479195358	1.0	0.11685345533395113	0.1546411119846109	0.11563669451440114	0.6873060046205764	1.0	0.17037707057999693	1.0	1.0	1.0	0.1128007114427454	0.11941535803367327	0.15167105974957962	0.13469229731636018	0.6890092940382581	0.10491304775617326	1.0	0.16413096268313557	0.11249670468335497	0.11955359387710734	1.0	0.6271831574029976	0.12102404776699427	0.659688593498643	1.0
lv	1.0	0.1944975629333415	1.0	0.6667969795412325	0.1438532849097014	0.113221000093573	0.2000451015007832	0.11190492513533587	0.11707313947086774	0.10689748638032452	0.19383764566352418	0.22204893794195463	0.11264279742756178	0.12025806426623481	0.10854672451753708	0.15112093695541834	0.17037707057999693	1.0	0.267975017785467	0.30038422577509416	0.7162976956558117	0.1100942080173586	0.10332841528408711	0.1437643223481287	0.12395612088799736	0.17041343977057177	0.10966265031421064	0.6537179513626693	0.14856947708104049	0.1111545259583554	0.11308953855498215	0.40881548364736664	0.6070531491047936	0.11203693476002208	0.35657767636598464	0.1586577466716094
mk	1.0	0.1894373820627876	1.0	1.0	0.2619004676591827	0.3005330833247581	1.0	0.1547636999118548	0.1902060461119787	0.17022708783712454	1.0	1.0	0.17208166691567475	0.19327729865916018	0.17229738834834457	1.0	1.0	0.267975017785467	1.0	1.0	1.0	0.20954047370474793	0.16212583226256486	0.2513309134024916	0.17721274516647992	0.6954089837405416	0.17733444696055775	1.0	0.23373647161184175	0.20920065284429873	0.21542634140392206	1.0	1.0	0.19914414010922013	0.6406217872018795	1.0
ml	1.0	0.20503607515296438	1.0	1.0	0.3089084490585723	0.3364045323174666	1.0	0.17466632546236965	0.2628873333150647	0.21719728750147188	0.7002769331337115	1.0	0.2554627837283679	0.20301301718209525	0.223520321093104	1.0	1.0	0.30038422577509416	1.0	1.0	1.0	0.24760836771268285	0.18523330297521934	0.2964318712713042	0.22586849516093374	1.0	0.16158810417291347	1.0	0.24993807080824085	0.327908576777511	0.21296567568841643	1.0	0.6841174893561722	0.19789367743261427	0.7141080454298697	1.0
mr	1.0	0.255667958458114	1.0	1.0	0.559065360234924	0.5529390606691029	1.0	0.3066683469792635	0.5054181654080746	0.4998714994539137	1.0	1.0	0.571924162052103	0.3323857663010097	0.5135032269435529	1.0	1.0	0.7162976956558117	1.0	1.0	1.0	0.581342123358669	0.4471679596511418	0.6463474082678702	0.5229893613119632	1.0	0.5354795154277564	1.0	0.5604180666859991	0.6442100898340134	0.436378513977997	1.0	1.0	0.33694562321117794	1.0	1.0
nl	1.0	0.15959205949400923	1.0	0.6143589292419388	0.11308117553309231	0.05918107992326104	0.10861756581375569	0.07197299050453901	0.06465122209996449	0.06246042319821714	0.13238628017403056	0.12914061771844038	0.07418625611245137	0.09582598803123518	0.07318652961540367	0.08698863484610968	0.1128007114427454	0.1100942080173586	0.20954047370474793	0.24760836771268285	0.581342123358669	1.0	0.07286792420790586	0.07451989009330208	0.09287456089364653	0.09359387974318487	0.0662554752266009	0.6532002319725719	0.09850935002577184	0.06622082974900757	0.07469276913844175	0.33934777048597786	0.42358143514613067	0.0800508084855054	0.3962968357848927	0.08628476424015677
pl	0.7690990303325336	0.14358901312633876	1.0	0.5272523989605823	0.10561413147787635	0.06629981412546211	0.11679874936039499	0.08552659729332487	0.06876497550301346	0.06874881094846594	0.12098761977381957	0.1258942323346157	0.07998917820108957	0.10192982797935411	0.08225391884427599	0.10933007539170128	0.11941535803367327	0.10332841528408711	0.16212583226256486	0.18523330297521934	0.4471679596511418	0.07286792420790586	1.0	0.08672052613736471	0.09571004528429361	0.11571130614860133	0.07474150656789236	0.45120874919424125	0.10059462031129959	0.0736764176134945	0.08350757559728315	0.3033588141033062	0.28028073461759	0.08265188910034531	0.3560255006597859	0.10982444468703376
pt	1.0	0.1671454054651166	1.0	0.6549329476340925	0.11346756731485338	0.0671516702509497	0.17579113696720877	0.07869306678130594	0.07629096171491377	0.06792902000956312	0.16453783732515892	0.18671701191290002	0.08658766472631425	0.11735950265749857	0.07801583832885894	0.10135745657818047	0.15167105974957962	0.1437643223481287	0.2513309134024916	0.2964318712713042	0.6463474082678702	0.07451989009330208	0.08672052613736471	1.0	0.09289236606405425	0.07945079253828134	0.059364914443367583	0.3785775340069594	0.14203227273842775	0.05871377281626526	0.06898916179866597	0.2537226862588147	0.2518806095616486	0.09457236677303399	0.5409988064919473	0.1009010546061255
ro	1.0	0.14241558588385456	1.0	0.4583730338486167	0.11685429671975726	0.10353111925881679	0.14941467801148928	0.10175273868847803	0.10142915598076988	0.08875945090630653	0.15451691111373347	0.1378017713359956	0.09235673552013358	0.11316663376959579	0.09301239461046779	0.12837888685390808	0.13469229731636018	0.12395612088799736	0.17721274516647992	0.22586849516093374	0.5229893613119632	0.09287456089364653	0.09571004528429361	0.09289236606405425	1.0	0.12431805944536128	0.08374556793651908	0.6596904203019196	0.13242691966263123	0.07859564754170598	0.08347952218625963	0.22433170344432374	0.7510341748895939	0.09812857463939734	0.37116993928579795	0.1289522357517399
ru	1.0	0.22023661032211952	1.0	1.0	0.1266708019083675	0.08632065784253895	1.0	0.13449042300286845	0.0955067537400487	0.09052511371548057	0.4792640618174614	0.6915622893805501	0.11111153862446517	0.1608994459706509	0.11270673669872137	0.6059306170826917	0.6890092940382581	0.17041343977057177	0.6954089837405416	1.0	1.0	0.09359387974318487	0.11571130614860133	0.07945079253828134	0.12431805944536128	1.0	0.08583482250735172	1.0	0.16082528823023384	0.08204352226473172	0.09273824856483541	1.0	0.4913011531480581	0.11574031120653566	0.6611346385924656	0.6066006929990053
sh	1.0	0.11261060247942326	1.0	0.7221793916855704	0.10113363308110174	0.05832244600765652	0.115537341441006	0.07334266735775141	0.06510078755696423	0.06505417976949623	0.13149574585723503	0.13236723740744014	0.07368547355046767	0.09751621169602978	0.07272456072042792	0.08791547615897484	0.10491304775617326	0.10966265031421064	0.17733444696055775	0.16158810417291347	0.5354795154277564	0.0662554752266009	0.07474150656789236	0.059364914443367583	0.08374556793651908	0.08583482250735172	1.0	0.6122131884607098	0.11998580011131411	0.05921122956414907	0.06773792292715021	0.24305772630842135	0.5045884378819021	0.07813571309662044	0.43459276884852593	0.09312254545815624
si	1.0	0.431657623155892	1.0	1.0	0.6167131210802118	0.6802458882942041	1.0	0.45483953830664664	0.7199285383279772	0.38245305316999767	1.0	1.0	0.5936875986574859	0.3629733777060989	0.6143589292419387	1.0	1.0	0.6537179513626693	1.0	1.0	1.0	0.6532002319725719	0.45120874919424125	0.3785775340069594	0.6596904203019196	1.0	0.6122131884607098	1.0	0.6845485002822447	1.0	0.5106948336023593	1.0	1.0	0.5237027975180364	1.0	1.0
simple	1.0	0.1688520077473431	1.0	0.6549329476340924	0.15733469271654468	0.10218290029349514	0.15368760035896986	0.10150419218859405	0.10636484869601974	0.08748996621202765	0.1921614546048831	0.18442461713550562	0.10384604085401378	0.11273087495065945	0.10433148535649751	0.13399619199008816	0.16413096268313557	0.14856947708104049	0.23373647161184175	0.24993807080824085	0.5604180666859991	0.09850935002577184	0.10059462031129959	0.14203227273842775	0.13242691966263123	0.16082528823023384	0.11998580011131411	0.6845485002822447	1.0	0.12235777418048904	0.11857889919635085	0.35118074808846744	0.3382385223271458	0.1029797842155866	0.36524258030555895	0.1301491973219964
sr	1.0	0.1438448331069249	1.0	0.6568318202362041	0.10235042176965002	0.055828478228091435	0.12939899536428812	0.0701636474479148	0.06478074392241022	0.06336280336152897	0.13186057410164984	0.14493950659717172	0.0742236768428946	0.09828913371515428	0.07529256331309014	0.08636255955289232	0.11249670468335497	0.1111545259583554	0.20920065284429873	0.327908576777511	0.6442100898340134	0.06622082974900757	0.0736764176134945	0.05871377281626526	0.07859564754170598	0.08204352226473172	0.05921122956414907	1.0	0.12235777418048904	1.0	0.06790625493847785	0.25361120201528703	0.555785794796743	0.07753499083981694	0.5135064018796716	0.0888120459107861
sv	1.0	0.14199427315583013	1.0	0.6549329476340925	0.10175983775283297	0.07600148740949793	0.1459765983467729	0.08283415779201797	0.07834719633310318	0.07366950016346345	0.1370471067422539	0.1342410859234362	0.07858565605803271	0.10301806205593797	0.08262450700429402	0.10010007690598219	0.11955359387710734	0.11308953855498215	0.21542634140392206	0.21296567568841643	0.436378513977997	0.07469276913844175	0.08350757559728315	0.06898916179866597	0.08347952218625963	0.09273824856483541	0.06773792292715021	0.5106948336023593	0.11857889919635085	0.06790625493847785	1.0	0.19834060452296648	0.4880500576480087	0.0890090917213951	0.2738791225036977	0.10192000832794637
te	1.0	0.22926042893421633	1.0	1.0	0.32759551364900696	0.46204462927386003	1.0	0.2593719701476255	0.45141731645772665	0.24371491252679414	1.0	1.0	0.31028361159805534	0.21457918356056485	0.27301833564676276	1.0	1.0	0.40881548364736664	1.0	1.0	1.0	0.33934777048597786	0.3033588141033062	0.2537226862588147	0.22433170344432374	1.0	0.24305772630842135	1.0	0.35118074808846744	0.25361120201528703	0.19834060452296648	1.0	0.6524007805500078	0.3328813364662787	1.0	1.0
tr	1.0	0.4017810280513334	-1.0	1.0	0.5121669787486266	0.33182293346788155	1.0	0.3402913767285199	0.38432081830217896	0.25511038473778674	0.6978955566455195	1.0	1.0	0.36259867139416474	0.3421739663256626	0.5718902542010439	0.6271831574029976	0.6070531491047936	1.0	0.6841174893561722	1.0	0.42358143514613067	0.28028073461759	0.2518806095616486	0.7510341748895939	0.4913011531480581	0.5045884378819021	1.0	0.3382385223271458	0.555785794796743	0.4880500576480087	0.6524007805500078	1.0	0.6165475744763147	1.0	0.5455293228419762
vi	1.0	0.14759211941275682	1.0	0.5569675974578341	0.12092562265618703	0.07312639806464483	0.1255820771281398	0.0874714417481295	0.07684011644029891	0.07408739007107794	0.11511697179269943	0.14789564546553802	0.08000268088626193	0.09899074265533885	0.08480228147699256	0.10680868499140476	0.12102404776699427	0.11203693476002208	0.19914414010922013	0.19789367743261427	0.33694562321117794	0.0800508084855054	0.08265188910034531	0.09457236677303399	0.09812857463939734	0.11574031120653566	0.07813571309662044	0.5237027975180364	0.1029797842155866	0.07753499083981694	0.0890090917213951	0.3328813364662787	0.6165475744763147	1.0	0.3594562070441649	0.1056120120942428
war	1.0	0.30313465326137246	1.0	1.0	0.41657398001240004	0.5271313655375204	0.6611346385924656	0.2003460177677067	0.44585819294376705	0.3072559579688215	0.5991603434526481	0.6627101334088554	0.34143513420107025	0.22196860484550632	0.281017291447318	0.659688593498643	0.659688593498643	0.35657767636598464	0.6406217872018795	0.7141080454298697	1.0	0.3962968357848927	0.3560255006597859	0.5409988064919473	0.37116993928579795	0.6611346385924656	0.43459276884852593	1.0	0.36524258030555895	0.5135064018796716	0.2738791225036977	1.0	1.0	0.3594562070441649	1.0	0.6590085086689784
zh	1.0	0.2265730799141448	1.0	1.0	0.14536321082784162	0.07210659106440012	1.0	0.12494681925079985	0.07945853508155494	0.08466789961362554	0.4542709158440882	1.0	0.09738725614769708	0.1553357464171449	0.10960363484965395	0.6829196033032391	1.0	0.1586577466716094	1.0	1.0	1.0	0.08628476424015677	0.10982444468703376	0.1009010546061255	0.1289522357517399	0.6066006929990053	0.09312254545815624	1.0	0.1301491973219964	0.0888120459107861	0.10192000832794637	1.0	0.5455293228419762	0.1056120120942428	0.6590085086689784	1.0
