arz	bs	ceb	ckb	da	de	el	en	es	fr	he	hi	hu	id	it	ja	ko	lv	mk	ml	mr	nl	pl	pt	ro	ru	sh	si	simple	sr	sv	te	tr	vi	war	zh
arz	1.0	1.0	0.0	1.0	1.0	1.0	1.0	1.0	1.0	1.0	1.0	1.0	1.0	1.0	1.0	1.0	1.0	1.0	1.0	1.0	1.0	1.0	1.0	1.0	1.0	1.0	1.0	1.0	1.0	1.0	1.0	1.0	1.0	1.0	1.0	1.0
bs	1.0	1.0	1.0	0.35797534024006966	1.0	0.36089021556140793	1.0	0.3212062073800867	0.3305153455018304	0.3305153455018304	0.38220721659817514	1.0	0.38220721659817514	0.3402080398750583	0.3628082784840416	0.3305153455018304	0.3305153455018304	1.0	1.0	1.0	1.0	0.3305153455018304	0.34084976069324974	0.33132804752998984	0.34907855034147944	0.3628082784840416	0.3178248727293636	1.0	0.34697020736046585	1.0	0.3305153455018304	1.0	0.35797534024006966	0.3305153455018304	0.7690990303325336	0.3305153455018304
ceb	0.0	1.0	1.0	0.0	1.0	1.0	0.0	1.0	1.0	1.0	1.0	1.0	1.0	1.0	0.5660160774121898	1.0	1.0	1.0	1.0	1.0	0.0	1.0	1.0	1.0	1.0	1.0	1.0	1.0	1.0	1.0	1.0	0.0	-1.0	1.0	1.0	1.0
ckb	1.0	0.35797534024006966	0.0	1.0	0.7455134344225701	0.7347168825662657	1.0	0.7347168825662657	1.0	1.0	1.0	1.0	1.0	0.5691307896559942	1.0	1.0	1.0	1.0	1.0	1.0	1.0	1.0	0.6431283169108787	1.0	0.7411828468492555	1.0	0.5349976351574584	1.0	0.6994017365373274	1.0	1.0	1.0	1.0	1.0	0.7690990303325336	1.0
da	1.0	1.0	1.0	0.7455134344225701	1.0	0.5895598144787592	1.0	0.5895598144787592	0.5895598144787592	0.6044414021866646	0.598820599780954	0.7455134344225701	0.6908587525207899	0.6467936504043927	0.6044414021866646	0.6044414021866646	0.6044414021866646	1.0	1.0	1.0	1.0	0.7126095066991411	0.529833286788296	0.6044414021866646	0.6590675637199679	0.5895598144787592	0.608985530491209	1.0	1.0	0.7411828468492556	0.6841174893561722	1.0	1.0	0.6908587525207898	0.7690990303325336	0.6223041007404059
de	1.0	0.36089021556140793	1.0	0.7347168825662657	0.5895598144787592	1.0	0.7347168825662658	0.262170472903388	0.44673453970000054	0.3224117398808304	0.5294714748046218	0.728099120889861	0.5504081760027505	0.3889106709787944	0.24763468133100336	0.4117724967724177	0.4554419551889096	0.7455134344225701	0.7455134344225701	1.0	1.0	0.2961017875518975	0.4323844507759523	0.28351987093780245	0.60772229637827	0.3974368756297059	0.4898157348739414	1.0	0.46699841481182397	0.5675294694566639	0.49511945560602144	1.0	0.5075350693286298	0.7248485669756151	0.7690990303325336	0.4485348459940702
el	1.0	1.0	0.0	1.0	1.0	0.7347168825662658	1.0	0.7347168825662656	1.0	0.7376607345031153	1.0	1.0	1.0	0.4354670521374121	0.7347168825662656	1.0	1.0	1.0	1.0	1.0	1.0	1.0	0.7347168825662656	0.7347168825662657	0.7411828468492556	1.0	0.6524007805500078	1.0	0.6994017365373274	1.0	1.0	1.0	1.0	1.0	0.7690990303325336	1.0
en	1.0	0.3212062073800867	1.0	0.7347168825662657	0.5895598144787592	0.262170472903388	0.7347168825662656	1.0	0.27651563778623306	0.23340739866429036	0.5154363353201002	1.0	0.5024545883214929	0.36677468679776837	0.23608314984949583	0.357467377034557	0.3352613437990079	1.0	1.0	1.0	1.0	0.2550088293090611	0.38832550334135235	0.3353584605197674	0.7027510026438818	0.33395605899989783	0.5349976351574584	1.0	0.5849209475919652	0.6000128061209576	0.4162386479100038	1.0	0.50899062225688	0.7263875964832449	0.7690990303325336	0.3703346037158888
es	1.0	0.3305153455018304	1.0	1.0	0.5895598144787592	0.44673453970000054	1.0	0.27651563778623306	1.0	0.43409791408719506	0.5743801667867755	0.7300208629885035	0.7234532828151787	0.515376833973057	0.354302585734721	0.46808514359472303	0.5251044634173447	1.0	1.0	1.0	1.0	0.487785606247186	0.48607957797616186	0.3634699989631082	0.7322034805959263	0.473653389305693	0.5659113719196304	1.0	0.624846693087927	0.6471810937748329	0.5081348840338439	1.0	0.6037848025698382	1.0	0.7690990303325336	0.4445960574057621
fr	1.0	0.3305153455018304	1.0	1.0	0.6044414021866646	0.3224117398808304	0.7376607345031153	0.23340739866429036	0.43409791408719506	1.0	1.0	1.0	0.5217035551204531	0.47375621430695963	0.2723815591260632	0.471061625013804	0.5571658131352523	1.0	1.0	1.0	1.0	0.40118208337927946	0.5006248513089634	0.29083488882078756	0.6483618101972173	0.48766396791895694	0.5349976351574584	1.0	0.5552295811170244	0.6031722582632507	0.5070647721795226	1.0	0.6443242360956812	0.7263875964832448	0.7690990303325336	0.4949962308395442
he	1.0	0.38220721659817514	1.0	1.0	0.598820599780954	0.5294714748046218	1.0	0.5154363353201002	0.5743801667867755	1.0	1.0	1.0	0.7280991208898608	0.42032463923809105	0.37551057064571763	1.0	1.0	1.0	1.0	1.0	1.0	0.4832821704665317	0.5622861214779107	0.4411382096098566	0.7411828468492556	1.0	0.7584325078215763	1.0	0.7347168825662656	0.7300208629885034	0.6568318202362042	1.0	1.0	1.0	0.7690990303325336	1.0
hi	1.0	1.0	1.0	1.0	0.7455134344225701	0.728099120889861	1.0	1.0	0.7300208629885035	1.0	1.0	1.0	0.7411828468492555	0.5691307896559942	0.5913800870748354	1.0	1.0	1.0	1.0	1.0	1.0	0.780829816999373	0.6212746690601336	0.7300208629885034	0.7411828468492555	1.0	0.5650356802094527	1.0	0.629896233114065	0.6841174893561722	1.0	1.0	1.0	1.0	0.7690990303325336	1.0
hu	1.0	0.38220721659817514	1.0	1.0	0.6908587525207899	0.5504081760027505	1.0	0.5024545883214929	0.7234532828151787	0.5217035551204531	0.7280991208898608	0.7411828468492555	1.0	0.5266795901478536	0.5922033024827086	0.594461461275062	0.5969819612641136	1.0	1.0	1.0	1.0	0.5781615733197082	0.5551850247152037	0.5247495603541562	0.7411828468492556	0.5969819612641136	0.6524007805500078	1.0	0.5686925745036392	0.5644527096361261	1.0	1.0	1.0	1.0	0.7690990303325336	0.5998186767392313
id	1.0	0.3402080398750583	1.0	0.5691307896559942	0.6467936504043927	0.3889106709787944	0.4354670521374121	0.36677468679776837	0.515376833973057	0.47375621430695963	0.42032463923809105	0.5691307896559942	0.5266795901478536	1.0	0.38162556003090664	0.3889106709787944	0.48292425283569745	0.6524007805500077	0.6524007805500077	0.7584325078215765	1.0	0.3754194273720525	0.3819455681160628	0.36121299554766484	0.4035832879702861	0.39749535083683496	0.4543723564982816	1.0	0.5823970704040645	0.5691307896559942	0.3957149952992489	1.0	0.4077843536199443	0.5571372272407987	0.6743202287441529	0.39749535083683496
it	1.0	0.3628082784840416	0.5660160774121898	1.0	0.6044414021866646	0.24763468133100336	0.7347168825662656	0.23608314984949583	0.354302585734721	0.2723815591260632	0.37551057064571763	0.5913800870748354	0.5922033024827086	0.38162556003090664	1.0	0.28155165298349544	0.43483370320039066	1.0	0.7411828468492555	1.0	1.0	0.32039272705604266	0.30405570851629404	0.23283721064214807	0.60772229637827	0.3151807068083581	0.5650356802094527	1.0	0.5973329889831545	0.5676237689476835	0.39964048729499463	1.0	0.6161247786790319	0.7300208629885034	0.7690990303325336	0.356784412694922
ja	1.0	0.3305153455018304	1.0	1.0	0.6044414021866646	0.4117724967724177	1.0	0.357467377034557	0.46808514359472303	0.471061625013804	1.0	1.0	0.594461461275062	0.3889106709787944	0.28155165298349544	1.0	1.0	1.0	1.0	1.0	1.0	0.40525404413275135	0.5042305592134183	0.3115455551045189	0.6667969795412325	1.0	0.5349976351574584	1.0	0.5552295811170244	0.6638546162332061	0.5736329140138974	1.0	0.661251134120194	1.0	0.7690990303325336	1.0
ko	1.0	0.3305153455018304	1.0	1.0	0.6044414021866646	0.4554419551889096	1.0	0.3352613437990079	0.5251044634173447	0.5571658131352523	1.0	1.0	0.5969819612641136	0.48292425283569745	0.43483370320039066	1.0	1.0	1.0	1.0	1.0	1.0	0.41382628596061954	0.567844779184945	0.389609217550941	0.7300208629885034	1.0	0.5349976351574584	1.0	0.5552295811170244	0.6638546162332061	0.6549329476340924	1.0	0.7280991208898608	1.0	0.7690990303325336	1.0
lv	1.0	1.0	1.0	1.0	1.0	0.7455134344225701	1.0	1.0	1.0	1.0	1.0	1.0	1.0	0.6524007805500077	1.0	1.0	1.0	1.0	1.0	1.0	1.0	1.0	0.7510341748895938	0.7455134344225701	0.7510341748895938	1.0	0.6524007805500078	1.0	0.7455134344225701	0.7455134344225701	1.0	1.0	1.0	1.0	0.7690990303325336	1.0
mk	1.0	1.0	1.0	1.0	1.0	0.7455134344225701	1.0	1.0	1.0	1.0	1.0	1.0	1.0	0.6524007805500077	0.7411828468492555	1.0	1.0	1.0	1.0	1.0	1.0	1.0	0.7455134344225701	0.7411828468492556	0.7455134344225701	1.0	0.6524007805500078	1.0	0.7455134344225701	0.7411828468492556	1.0	1.0	1.0	1.0	0.7690990303325336	1.0
ml	1.0	1.0	1.0	1.0	1.0	1.0	1.0	1.0	1.0	1.0	1.0	1.0	1.0	0.7584325078215765	1.0	1.0	1.0	1.0	1.0	1.0	1.0	1.0	0.7584325078215763	1.0	0.7584325078215763	1.0	0.7584325078215763	1.0	1.0	1.0	1.0	1.0	1.0	1.0	0.7690990303325336	1.0
mr	1.0	1.0	0.0	1.0	1.0	1.0	1.0	1.0	1.0	1.0	1.0	1.0	1.0	1.0	1.0	1.0	1.0	1.0	1.0	1.0	1.0	1.0	1.0	1.0	1.0	1.0	1.0	1.0	1.0	1.0	1.0	1.0	1.0	1.0	1.0	1.0
nl	1.0	0.3305153455018304	1.0	1.0	0.7126095066991411	0.2961017875518975	1.0	0.2550088293090611	0.487785606247186	0.40118208337927946	0.4832821704665317	0.780829816999373	0.5781615733197082	0.3754194273720525	0.32039272705604266	0.40525404413275135	0.41382628596061954	1.0	1.0	1.0	1.0	1.0	0.41583488638612237	0.32095324356691257	0.6070269561668532	0.35847755642478824	0.5349976351574584	1.0	0.5147545557868153	0.6638546162332061	0.5467569981057205	1.0	0.6464097068539042	0.728099120889861	0.7690990303325336	0.47429013480775106
pl	1.0	0.34084976069324974	1.0	0.6431283169108787	0.529833286788296	0.4323844507759523	0.7347168825662656	0.38832550334135235	0.48607957797616186	0.5006248513089634	0.5622861214779107	0.6212746690601336	0.5551850247152037	0.3819455681160628	0.30405570851629404	0.5042305592134183	0.567844779184945	0.7510341748895938	0.7455134344225701	0.7584325078215763	1.0	0.41583488638612237	1.0	0.5147141875173351	0.7856182775667604	0.5397074910462355	0.5869474364049041	0.7863954451402115	0.5553243735086257	0.620861878053774	0.6127523080973738	1.0	0.7051349230068009	0.6012708166039227	0.7690990303325336	0.621866619132781
pt	1.0	0.33132804752998984	1.0	1.0	0.6044414021866646	0.28351987093780245	0.7347168825662657	0.3353584605197674	0.3634699989631082	0.29083488882078756	0.4411382096098566	0.7300208629885034	0.5247495603541562	0.36121299554766484	0.23283721064214807	0.3115455551045189	0.389609217550941	0.7455134344225701	0.7411828468492556	1.0	1.0	0.32095324356691257	0.5147141875173351	1.0	0.570409563568041	0.41068044588838715	0.5349976351574584	1.0	0.49463924808354653	0.5680826202633872	0.40995649068477674	1.0	0.5019504557290212	0.7263875964832448	0.7690990303325336	0.35722902558672326
ro	1.0	0.34907855034147944	1.0	0.7411828468492555	0.6590675637199679	0.60772229637827	0.7411828468492556	0.7027510026438818	0.7322034805959263	0.6483618101972173	0.7411828468492556	0.7411828468492555	0.7411828468492556	0.4035832879702861	0.60772229637827	0.6667969795412325	0.7300208629885034	0.7510341748895938	0.7455134344225701	0.7584325078215763	1.0	0.6070269561668532	0.7856182775667604	0.570409563568041	1.0	0.7300208629885034	0.5782392114010286	0.7863954451402115	0.6226323039572873	0.7347168825662656	0.6701591524560107	1.0	0.6786291688147437	0.7347168825662656	0.7690990303325336	0.6667969795412325
ru	1.0	0.3628082784840416	1.0	1.0	0.5895598144787592	0.3974368756297059	1.0	0.33395605899989783	0.473653389305693	0.48766396791895694	1.0	1.0	0.5969819612641136	0.39749535083683496	0.3151807068083581	1.0	1.0	1.0	1.0	1.0	1.0	0.35847755642478824	0.5397074910462355	0.41068044588838715	0.7300208629885034	1.0	0.5650356802094527	1.0	0.5973329889831545	0.658925744020971	0.5681228148577719	1.0	0.6463864166156963	1.0	0.7690990303325336	1.0
sh	1.0	0.3178248727293636	1.0	0.5349976351574584	0.608985530491209	0.4898157348739414	0.6524007805500078	0.5349976351574584	0.5659113719196304	0.5349976351574584	0.7584325078215763	0.5650356802094527	0.6524007805500078	0.4543723564982816	0.5650356802094527	0.5349976351574584	0.5349976351574584	0.6524007805500078	0.6524007805500078	0.7584325078215763	1.0	0.5349976351574584	0.5869474364049041	0.5349976351574584	0.5782392114010286	0.5650356802094527	1.0	0.7863954451402115	0.5766166703360404	0.5650356802094527	0.5349976351574584	1.0	0.5349976351574584	0.5349976351574584	0.7690990303325336	0.5349976351574584
si	1.0	1.0	1.0	1.0	1.0	1.0	1.0	1.0	1.0	1.0	1.0	1.0	1.0	1.0	1.0	1.0	1.0	1.0	1.0	1.0	1.0	1.0	0.7863954451402115	1.0	0.7863954451402115	1.0	0.7863954451402115	1.0	1.0	1.0	1.0	1.0	1.0	1.0	0.8216064286890065	1.0
simple	1.0	0.34697020736046585	1.0	0.6994017365373274	1.0	0.46699841481182397	0.6994017365373274	0.5849209475919652	0.624846693087927	0.5552295811170244	0.7347168825662656	0.629896233114065	0.5686925745036392	0.5823970704040645	0.5973329889831545	0.5552295811170244	0.5552295811170244	0.7455134344225701	0.7455134344225701	1.0	1.0	0.5147545557868153	0.5553243735086257	0.49463924808354653	0.6226323039572873	0.5973329889831545	0.5766166703360404	1.0	1.0	0.6079021523063161	0.5569955489850054	1.0	0.6128508099341461	0.6908587525207898	0.7690990303325336	0.5552295811170244
sr	1.0	1.0	1.0	1.0	0.7411828468492556	0.5675294694566639	1.0	0.6000128061209576	0.6471810937748329	0.6031722582632507	0.7300208629885034	0.6841174893561722	0.5644527096361261	0.5691307896559942	0.5676237689476835	0.6638546162332061	0.6638546162332061	0.7455134344225701	0.7411828468492556	1.0	1.0	0.6638546162332061	0.620861878053774	0.5680826202633872	0.7347168825662656	0.658925744020971	0.5650356802094527	1.0	0.6079021523063161	1.0	0.6483618101972172	1.0	0.7347168825662656	1.0	0.7690990303325336	0.6638546162332061
sv	1.0	0.3305153455018304	1.0	1.0	0.6841174893561722	0.49511945560602144	1.0	0.4162386479100038	0.5081348840338439	0.5070647721795226	0.6568318202362042	1.0	1.0	0.3957149952992489	0.39964048729499463	0.5736329140138974	0.6549329476340924	1.0	1.0	1.0	1.0	0.5467569981057205	0.6127523080973738	0.40995649068477674	0.6701591524560107	0.5681228148577719	0.5349976351574584	1.0	0.5569955489850054	0.6483618101972172	1.0	1.0	0.6048530798018061	1.0	0.7690990303325336	0.5808852645006567
te	1.0	1.0	0.0	1.0	1.0	1.0	1.0	1.0	1.0	1.0	1.0	1.0	1.0	1.0	1.0	1.0	1.0	1.0	1.0	1.0	1.0	1.0	1.0	1.0	1.0	1.0	1.0	1.0	1.0	1.0	1.0	1.0	1.0	1.0	1.0	1.0
tr	1.0	0.35797534024006966	-1.0	1.0	1.0	0.5075350693286298	1.0	0.50899062225688	0.6037848025698382	0.6443242360956812	1.0	1.0	1.0	0.4077843536199443	0.6161247786790319	0.661251134120194	0.7280991208898608	1.0	1.0	1.0	1.0	0.6464097068539042	0.7051349230068009	0.5019504557290212	0.6786291688147437	0.6463864166156963	0.5349976351574584	1.0	0.6128508099341461	0.7347168825662656	0.6048530798018061	1.0	1.0	1.0	0.7690990303325336	0.658925744020971
vi	1.0	0.3305153455018304	1.0	1.0	0.6908587525207898	0.7248485669756151	1.0	0.7263875964832449	1.0	0.7263875964832448	1.0	1.0	1.0	0.5571372272407987	0.7300208629885034	1.0	1.0	1.0	1.0	1.0	1.0	0.728099120889861	0.6012708166039227	0.7263875964832448	0.7347168825662656	1.0	0.5349976351574584	1.0	0.6908587525207898	1.0	1.0	1.0	1.0	1.0	0.7690990303325336	1.0
war	1.0	0.7690990303325336	1.0	0.7690990303325336	0.7690990303325336	0.7690990303325336	0.7690990303325336	0.7690990303325336	0.7690990303325336	0.7690990303325336	0.7690990303325336	0.7690990303325336	0.7690990303325336	0.6743202287441529	0.7690990303325336	0.7690990303325336	0.7690990303325336	0.7690990303325336	0.7690990303325336	0.7690990303325336	1.0	0.7690990303325336	0.7690990303325336	0.7690990303325336	0.7690990303325336	0.7690990303325336	0.7690990303325336	0.8216064286890065	0.7690990303325336	0.7690990303325336	0.7690990303325336	1.0	0.7690990303325336	0.7690990303325336	1.0	0.7690990303325336
zh	1.0	0.3305153455018304	1.0	1.0	0.6223041007404059	0.4485348459940702	1.0	0.3703346037158888	0.4445960574057621	0.4949962308395442	1.0	1.0	0.5998186767392313	0.39749535083683496	0.356784412694922	1.0	1.0	1.0	1.0	1.0	1.0	0.47429013480775106	0.621866619132781	0.35722902558672326	0.6667969795412325	1.0	0.5349976351574584	1.0	0.5552295811170244	0.6638546162332061	0.5808852645006567	1.0	0.658925744020971	1.0	0.7690990303325336	1.0
