arz	bs	ceb	ckb	da	de	el	en	es	fr	he	hi	hu	id	it	ja	ko	lv	mk	ml	mr	nl	pl	pt	ro	ru	sh	si	simple	sr	sv	te	vi	war	zh
arz	0.14302059204102063	0.25	0.5	0.3333333333333333	0.16666666666666666	0.16669444444444442	0.14285714285714285	0.14285714285714285	0.14285714285714285	0.14285714285714285	0.16666666666666666	0.25	0.14285714285714285	0.14287755102040817	0.16666666666666666	0.16666666666666666	0.14285714285714285	0.2	0.16666666666666666	0.2	0.25006249999999997	0.14285714285714285	0.14289795918367348	0.14285714285714285	0.14289795918367346	0.14285714285714285	0.16666666666666666	1.0	0.16669444444444442	0.14291838775510204	0.16666666666666666	0.3333333333333333	0.14285714285714285	0.16666666666666666	0.14291838775510204
bs	0.25	0.10001999999999998	0.25	0.25	0.1111111111111111	0.125	0.1111111111111111	0.10000999999999999	0.1111111111111111	0.11112345679012345	0.10000999999999999	0.125	0.125	0.1111111111111111	0.125	0.125	0.1111111111111111	0.125	0.16666666666666666	0.16666666666666666	0.16666666666666666	0.125	0.1111111111111111	0.1111111111111111	0.125015625	0.1111111111111111	0.125	0.25	0.125	0.125	0.1	0.25	0.1111111111111111	0.25	0.1111111111111111
ceb	0.5	0.25	0.07735149852995929	0.3333333333333333	0.08335418056945836	0.07694674556213017	0.16666666666666666	0.07694082840236686	0.07693491124260354	0.07692307692307693	0.08334722222222221	0.11112345679012345	0.08337504867369455	0.09097523968595866	0.08334027777777778	0.09091735537190083	0.10002000999999999	0.11112345679012345	0.14285714285714285	0.2	0.20012008004	0.08334722222222221	0.07696452663905917	0.08337500694444444	0.09092561983471074	0.07692899408284024	0.12503124999999998	0.5	0.10006001999999999	0.125046875	0.07693491124260354	0.5	0.10004001000000001	0.3333333333333333	0.09098352071079345
ckb	0.3333333333333333	0.25	0.3333333333333333	0.14289795918367348	0.16666666666666666	0.14285714285714285	0.2	0.14285714285714285	0.16666666666666666	0.14285714285714285	0.16666666666666666	0.16666666666666666	0.16666666666666666	0.16666666666666666	0.16666666666666666	0.16666666666666666	0.16666666666666666	0.16666666666666666	0.2	0.2	0.2	0.16666666666666666	0.16666666666666666	0.16666666666666666	0.16666666666666666	0.16666666666666666	0.2	0.5	0.2	0.16669444444444442	0.16666666666666666	0.25	0.16666666666666666	0.3333333333333333	0.16666666666666666
da	0.16666666666666666	0.1111111111111111	0.08335418056945836	0.16666666666666666	0.026385908335594142	0.033337778888888885	0.05263157894736842	0.02632063781163435	0.02941349480968858	0.02857306122448979	0.034492275864447086	0.05263434903047091	0.037048010973936896	0.033337778888888885	0.03125	0.03448394768133174	0.034482758620689655	0.058823529411764705	0.07142857142857142	0.08334027777777778	0.09094215702479339	0.033334444444444444	0.030306703397612485	0.0312529296875	0.037043897119341564	0.029414359861591695	0.05882698961937716	0.14285714285714285	0.03704389711934156	0.050015010007505	0.030305785123966943	0.16666666666666666	0.0400016	0.14285714285714285	0.030311297521580353
de	0.16669444444444442	0.125	0.07694674556213017	0.14285714285714285	0.033337778888888885	0.01760005843211419	0.043478260869565216	0.01786128826530612	0.020000399999999998	0.018183471074380165	0.02941782093425606	0.043482043478260866	0.034485136741973836	0.026318559556786702	0.02174007561436673	0.022729338842975205	0.027780092592592592	0.06666666666666667	0.0625078125	0.06250390624999999	0.06668889777777777	0.024392623438429503	0.025001875	0.023256896160627906	0.03125390625	0.020836371961805558	0.05555555555555555	0.125	0.030308540863177226	0.041677085069444446	0.02325743645213629	0.1	0.03571683673469388	0.125015625	0.02273450619886364
el	0.14285714285714285	0.1111111111111111	0.16666666666666666	0.2	0.05263157894736842	0.043478260869565216	0.03572321683673469	0.03571428571428571	0.041666666666666664	0.04166840277777777	0.05000249999999999	0.05555555555555555	0.058823529411764705	0.047619047619047616	0.041666666666666664	0.041666666666666664	0.05	0.08333333333333333	0.09090909090909091	0.07143367346938775	0.07692307692307693	0.05000249999999999	0.05	0.041666666666666664	0.05555555555555555	0.04	0.07692307692307693	0.2	0.05263157894736842	0.05555555555555555	0.041666666666666664	0.1	0.05263157894736842	0.125	0.043482041587901706
en	0.14285714285714285	0.10000999999999999	0.07694082840236686	0.14285714285714285	0.02632063781163435	0.01786128826530612	0.03571428571428571	0.0064759782780510625	0.01351424397370343	0.011766644706297716	0.022732955061983466	0.02941349480968858	0.03031497153443526	0.016669167222500277	0.01369919309438919	0.01587402368354749	0.019231878698224854	0.05882698961937716	0.058823529411764705	0.05263989196675899	0.0454669462851281	0.019231139053254437	0.020002	0.01786033195153061	0.026317174515235454	0.01282330802136752	0.04545867768595041	0.08333333333333333	0.02439976859727068	0.03333666666666667	0.014289389388163265	0.06250390624999999	0.027778549382716046	0.125	0.016135278358220602
es	0.14285714285714285	0.1111111111111111	0.07693491124260354	0.16666666666666666	0.02941349480968858	0.020000399999999998	0.041666666666666664	0.01351424397370343	0.012997141853947555	0.015152203856749308	0.026318560249307475	0.04	0.030303948576675847	0.023256895619253648	0.018868280526877893	0.02083376736111111	0.023255813953488372	0.0625	0.06666666666666667	0.0625	0.06250390624999999	0.020833333333333332	0.02325635478637101	0.020000399999999998	0.03125	0.016667500000000002	0.05263157894736842	0.1111111111111111	0.027778549382716046	0.038461538461538464	0.02173960302457467	0.1	0.031250976562500005	0.125	0.01923224852071006
fr	0.14285714285714285	0.11112345679012345	0.07692307692307693	0.14285714285714285	0.02857306122448979	0.018183471074380165	0.04166840277777777	0.011766644706297716	0.015152203856749308	0.011401214022541904	0.024393218322427124	0.037039780521262	0.030310380165289256	0.020835069444444444	0.018518861454046638	0.0196078431372549	0.020409829237817576	0.0625	0.058830449826989616	0.05555864197530863	0.050004999999999994	0.020833333333333332	0.022223209876543207	0.02040941274468971	0.02941349480968858	0.016394517602794947	0.05	0.1	0.027784725309413574	0.038461538461538464	0.02174054820415879	0.08333333333333333	0.031251953125	0.125	0.01755032440781779
he	0.16666666666666666	0.10000999999999999	0.08334722222222221	0.16666666666666666	0.034492275864447086	0.02941782093425606	0.05000249999999999	0.022732955061983466	0.026318560249307475	0.024393218322427124	0.022322438671972086	0.052637119113573404	0.03846745710059171	0.02858122693877551	0.029413495674740484	0.0312529306640625	0.033335555555555556	0.0625	0.07143367346938775	0.08334027777777778	0.09095870249587605	0.030304866850321393	0.03333666777777777	0.025007503127502502	0.03704664472016598	0.02500375	0.05555555555555555	0.14285714285714285	0.03573470791837245	0.04763039002267573	0.03333777777777778	0.16669444444444442	0.03571556250127678	0.14285714285714285	0.027789357255402776
hi	0.25	0.125	0.11112345679012345	0.16666666666666666	0.05263434903047091	0.043482043478260866	0.05555555555555555	0.02941349480968858	0.04	0.037039780521262	0.052637119113573404	0.029439468874584793	0.05555555555555555	0.038463017751479284	0.043478260869565216	0.04	0.047619047619047616	0.07142857142857142	0.08333333333333333	0.06250390624999999	0.04762358276643991	0.05263434903047091	0.047621315192743756	0.047621315192743756	0.05555555555555555	0.038461538461538464	0.07692307692307693	0.14285714285714285	0.05000249999999999	0.06250390624999999	0.040003199999999996	0.0625	0.05555555555555555	0.16666666666666666	0.045462809917355365
hu	0.14285714285714285	0.125	0.08337504867369455	0.16666666666666666	0.037048010973936896	0.034485136741973836	0.058823529411764705	0.03031497153443526	0.030303948576675847	0.030310380165289256	0.03846745710059171	0.05555555555555555	0.030413601865864108	0.038468936390532546	0.035719387755102035	0.03571428571428571	0.03704115226337448	0.06667111111111111	0.07143877551020407	0.08333333333333333	0.08337502084028474	0.03448394768133174	0.03448870392390011	0.03448989536266349	0.03846449704142012	0.030304866850321393	0.05555864197530863	0.14285714285714285	0.038483736687869814	0.0500100025	0.034485136741973836	0.20004004004004003	0.04545867768595041	0.125	0.03227472216961706
id	0.14287755102040817	0.1111111111111111	0.09097523968595866	0.16666666666666666	0.033337778888888885	0.026318559556786702	0.047619047619047616	0.016669167222500277	0.023256895619253648	0.020835069444444444	0.02858122693877551	0.038463017751479284	0.038468936390532546	0.0167212950668254	0.025642340565417487	0.025001875	0.027029950328707086	0.0625	0.06667111111111111	0.06666666666666667	0.06251172266016017	0.02941349480968858	0.029416955017301037	0.026321329639889195	0.03333333333333333	0.021281124038479402	0.058823529411764705	0.14285714285714285	0.03448870511296076	0.04546487603305785	0.02857551020408163	0.09090909090909091	0.0312509765625	0.125	0.022735540808369318
it	0.16666666666666666	0.125	0.08334027777777778	0.16666666666666666	0.03125	0.02174007561436673	0.041666666666666664	0.01369919309438919	0.018868280526877893	0.018518861454046638	0.029413495674740484	0.043478260869565216	0.035719387755102035	0.025642340565417487	0.012217169603914526	0.019231139053254437	0.025642998027613412	0.0625	0.06250390624999999	0.06250781641016015	0.06668444888888889	0.023809523809523808	0.023810657596371878	0.022727789256198346	0.028572244897959183	0.018182479338842972	0.05263157894736842	0.1	0.03125390625	0.038461538461538464	0.01694972708991669	0.1	0.030303948576675847	0.125	0.022224197530864197
ja	0.16666666666666666	0.125	0.09091735537190083	0.16666666666666666	0.03448394768133174	0.022729338842975205	0.041666666666666664	0.01587402368354749	0.02083376736111111	0.0196078431372549	0.0312529306640625	0.04	0.03571428571428571	0.025001875	0.019231139053254437	0.015645783001761785	0.02381179195011338	0.06666666666666667	0.0625	0.06250390624999999	0.0625078125	0.02631578947368421	0.02702702702702703	0.027027757487216943	0.032261188345473465	0.02174102079395085	0.05555555555555555	0.1111111111111111	0.029414359861591695	0.041666666666666664	0.02127704843820733	0.09090909090909091	0.02941349480968858	0.125	0.022224198024691357
ko	0.14285714285714285	0.1111111111111111	0.10002000999999999	0.16666666666666666	0.034482758620689655	0.027780092592592592	0.05	0.019231878698224854	0.023255813953488372	0.020409829237817576	0.033335555555555556	0.047619047619047616	0.03704115226337448	0.027029950328707086	0.025642998027613412	0.02381179195011338	0.017585814932796803	0.0625	0.06251171875	0.08334722222222221	0.07693491124260354	0.031250976562500005	0.0312509765625	0.029411764705882353	0.038463017751479284	0.024390838786436643	0.05555864197530863	0.1111111111111111	0.032265351716961495	0.05000249999999999	0.027777777777777776	0.14285714285714285	0.03333778	0.125	0.021279765052059755
lv	0.2	0.125	0.11112345679012345	0.16666666666666666	0.058823529411764705	0.06666666666666667	0.08333333333333333	0.05882698961937716	0.0625	0.0625	0.0625	0.07142857142857142	0.06667111111111111	0.0625	0.0625	0.06666666666666667	0.0625	0.05884775778892733	0.08333333333333333	0.11112345679012345	0.1111111111111111	0.0625	0.058823529411764705	0.058830449826989616	0.058823529411764705	0.05882698961937716	0.07142857142857142	0.2	0.06667111111111111	0.0625	0.058823529411764705	0.2	0.0625	0.16666666666666666	0.0625
mk	0.16666666666666666	0.16666666666666666	0.14285714285714285	0.2	0.07142857142857142	0.0625078125	0.09090909090909091	0.058823529411764705	0.06666666666666667	0.058830449826989616	0.07143367346938775	0.08333333333333333	0.07143877551020407	0.06667111111111111	0.06250390624999999	0.0625	0.06251171875	0.08333333333333333	0.055620438342654385	0.125	0.14287755102040817	0.058823529411764705	0.06250390624999999	0.06667111111111111	0.0625	0.0625078125	0.07692899408284024	0.2	0.07144897959183673	0.06667555555555557	0.06666666666666667	0.25	0.06666666666666667	0.125	0.06251172265624999
ml	0.2	0.16666666666666666	0.2	0.2	0.08334027777777778	0.06250390624999999	0.07143367346938775	0.05263989196675899	0.0625	0.05555864197530863	0.08334027777777778	0.06250390624999999	0.08333333333333333	0.06666666666666667	0.06250781641016015	0.06250390624999999	0.08334722222222221	0.11112345679012345	0.125	0.05276488737648047	0.07145408163265306	0.07142857142857142	0.06667555555555556	0.07142857142857142	0.07692307692307693	0.05556481790123456	0.125	0.2	0.07694082840236686	0.09091735537190083	0.06666666666666667	0.08334027777777778	0.09091735537190083	0.16666666666666666	0.07692899408284024
mr	0.25006249999999997	0.16666666666666666	0.20012008004	0.2	0.09094215702479339	0.06668889777777777	0.07692307692307693	0.0454669462851281	0.06250390624999999	0.050004999999999994	0.09095870249587605	0.04762358276643991	0.08337502084028474	0.06251172266016017	0.06668444888888889	0.0625078125	0.07693491124260354	0.1111111111111111	0.14287755102040817	0.07145408163265306	0.045676705755858714	0.07692307692307693	0.0714438775510204	0.07692899408284024	0.08334027777777778	0.050015005005005005	0.11112345679012345	0.16666666666666666	0.08335416666666667	0.1	0.0625078125	0.07693491716568639	0.1	0.2	0.07694676332544378
nl	0.14285714285714285	0.125	0.08334722222222221	0.16666666666666666	0.033334444444444444	0.024392623438429503	0.05000249999999999	0.019231139053254437	0.020833333333333332	0.020833333333333332	0.030304866850321393	0.05263434903047091	0.03448394768133174	0.02941349480968858	0.023809523809523808	0.02631578947368421	0.031250976562500005	0.0625	0.058823529411764705	0.07142857142857142	0.07692307692307693	0.018890025672893995	0.027779320987654316	0.026317175208449443	0.03225806451612903	0.022223209876543207	0.047619047619047616	0.125	0.03333333333333333	0.04166840277777777	0.02564102564102564	0.14285714285714285	0.03571683673469388	0.125	0.026321333103185598
pl	0.14289795918367348	0.1111111111111111	0.07696452663905917	0.16666666666666666	0.030306703397612485	0.025001875	0.05	0.020002	0.02325635478637101	0.022223209876543207	0.03333666777777777	0.047621315192743756	0.03448870392390011	0.029416955017301037	0.023810657596371878	0.02702702702702703	0.0312509765625	0.058823529411764705	0.06250390624999999	0.06667555555555556	0.0714438775510204	0.027779320987654316	0.01927747919590273	0.027779320987654316	0.0312539072265625	0.022224691851851847	0.05263434903047091	0.125	0.03226326742976067	0.04167882465277778	0.02564102564102564	0.125	0.037037037037037035	0.125	0.027787040123456792
pt	0.14285714285714285	0.1111111111111111	0.08337500694444444	0.16666666666666666	0.0312529296875	0.023256896160627906	0.041666666666666664	0.01786033195153061	0.020000399999999998	0.02040941274468971	0.025007503127502502	0.047621315192743756	0.03448989536266349	0.026321329639889195	0.022727789256198346	0.027027757487216943	0.029411764705882353	0.058830449826989616	0.06667111111111111	0.07142857142857142	0.07692899408284024	0.026317175208449443	0.027779320987654316	0.01728490493654462	0.03030486776859504	0.019232988535502957	0.05	0.125	0.02941522577854671	0.03846745562130177	0.025642998027613412	0.125	0.03571428571428571	0.125	0.02325905949161709
ro	0.14289795918367346	0.125015625	0.09092561983471074	0.16666666666666666	0.037043897119341564	0.03125390625	0.05555555555555555	0.026317174515235454	0.03125	0.02941349480968858	0.03704664472016598	0.05555555555555555	0.03846449704142012	0.03333333333333333	0.028572244897959183	0.032261188345473465	0.038463017751479284	0.058823529411764705	0.0625	0.07692307692307693	0.08334027777777778	0.03225806451612903	0.0312539072265625	0.03030486776859504	0.02635949597388328	0.027779321759259255	0.05555555555555555	0.16666666666666666	0.04167882465277777	0.04167013888888889	0.030303948576675847	0.16666666666666666	0.04	0.125	0.03448870392390012
ru	0.14285714285714285	0.1111111111111111	0.07692899408284024	0.16666666666666666	0.029414359861591695	0.020836371961805558	0.04	0.01282330802136752	0.016667500000000002	0.016394517602794947	0.02500375	0.038461538461538464	0.030304866850321393	0.021281124038479402	0.018182479338842972	0.02174102079395085	0.024390838786436643	0.05882698961937716	0.0625078125	0.05556481790123456	0.050015005005005005	0.022223209876543207	0.022224691851851847	0.019232988535502957	0.027779321759259255	0.012090733169788972	0.0500075	0.1	0.026319252077562322	0.03704115226337448	0.01923224852071006	0.08334027777777778	0.030304866850321393	0.125	0.0200056012
sh	0.16666666666666666	0.125	0.12503124999999998	0.2	0.05882698961937716	0.05555555555555555	0.07692307692307693	0.04545867768595041	0.05263157894736842	0.05	0.05555555555555555	0.07692307692307693	0.05555864197530863	0.058823529411764705	0.05263157894736842	0.05555555555555555	0.05555864197530863	0.07142857142857142	0.07692899408284024	0.125	0.11112345679012345	0.047619047619047616	0.05263434903047091	0.05	0.05555555555555555	0.0500075	0.04549383060746904	0.14285714285714285	0.05883045328719723	0.05	0.05555864197530863	0.25	0.05882698961937716	0.14285714285714285	0.05
si	1.0	0.25	0.5	0.5	0.14285714285714285	0.125	0.2	0.08333333333333333	0.1111111111111111	0.1	0.14285714285714285	0.14285714285714285	0.14285714285714285	0.14285714285714285	0.1	0.1111111111111111	0.1111111111111111	0.2	0.2	0.2	0.16666666666666666	0.125	0.125	0.125	0.16666666666666666	0.1	0.14285714285714285	0.08334722222222221	0.14285714285714285	0.16666666666666666	0.1111111111111111	0.25	0.16666666666666666	0.5	0.1
simple	0.16669444444444442	0.125	0.10006001999999999	0.2	0.03704389711934156	0.030308540863177226	0.05263157894736842	0.02439976859727068	0.027778549382716046	0.027784725309413574	0.03573470791837245	0.05000249999999999	0.038483736687869814	0.03448870511296076	0.03125390625	0.029414359861591695	0.032265351716961495	0.06667111111111111	0.07144897959183673	0.07694082840236686	0.08335416666666667	0.03333333333333333	0.03226326742976067	0.02941522577854671	0.04167882465277777	0.026319252077562322	0.05883045328719723	0.14285714285714285	0.024556747563092424	0.04546488429752066	0.03226222788761707	0.125	0.0400112	0.14285714285714285	0.02779476621373997
sr	0.14291838775510204	0.125	0.125046875	0.16669444444444442	0.050015010007505	0.041677085069444446	0.05555555555555555	0.03333666666666667	0.038461538461538464	0.038461538461538464	0.04763039002267573	0.06250390624999999	0.0500100025	0.04546487603305785	0.038461538461538464	0.041666666666666664	0.05000249999999999	0.0625	0.06667555555555557	0.09091735537190083	0.1	0.04166840277777777	0.04167882465277778	0.03846745562130177	0.04167013888888889	0.03704115226337448	0.05	0.16666666666666666	0.04546488429752066	0.03343923776458109	0.04545867768595041	0.14285714285714285	0.050004999999999994	0.125	0.0400160016
sv	0.16666666666666666	0.1	0.07693491124260354	0.16666666666666666	0.030305785123966943	0.02325743645213629	0.041666666666666664	0.014289389388163265	0.02173960302457467	0.02174054820415879	0.03333777777777778	0.040003199999999996	0.034485136741973836	0.02857551020408163	0.01694972708991669	0.02127704843820733	0.027777777777777776	0.058823529411764705	0.06666666666666667	0.06666666666666667	0.0625078125	0.02564102564102564	0.02564102564102564	0.025642998027613412	0.030303948576675847	0.01923224852071006	0.05555864197530863	0.1111111111111111	0.03226222788761707	0.04545867768595041	0.012529444066628405	0.1	0.033334444444444444	0.14285714285714285	0.025002499999999997
te	0.3333333333333333	0.25	0.5	0.25	0.16666666666666666	0.1	0.1	0.06250390624999999	0.1	0.08333333333333333	0.16669444444444442	0.0625	0.20004004004004003	0.09090909090909091	0.1	0.09090909090909091	0.14285714285714285	0.2	0.25	0.08334027777777778	0.07693491716568639	0.14285714285714285	0.125	0.125	0.16666666666666666	0.08334027777777778	0.25	0.25	0.125	0.14285714285714285	0.1	0.06254691800394535	0.16666666666666666	0.25	0.12503126564064063
vi	0.14285714285714285	0.1111111111111111	0.10004001000000001	0.16666666666666666	0.0400016	0.03571683673469388	0.05263157894736842	0.027778549382716046	0.031250976562500005	0.031251953125	0.03571556250127678	0.05555555555555555	0.04545867768595041	0.0312509765625	0.030303948576675847	0.02941349480968858	0.03333778	0.0625	0.06666666666666667	0.09091735537190083	0.1	0.03571683673469388	0.037037037037037035	0.03571428571428571	0.04	0.030304866850321393	0.05882698961937716	0.16666666666666666	0.0400112	0.050004999999999994	0.033334444444444444	0.16666666666666666	0.027810993101135086	0.125	0.0312539072265625
war	0.16666666666666666	0.25	0.3333333333333333	0.3333333333333333	0.14285714285714285	0.125015625	0.125	0.125	0.125	0.125	0.14285714285714285	0.16666666666666666	0.125	0.125	0.125	0.125	0.125	0.16666666666666666	0.125	0.16666666666666666	0.2	0.125	0.125	0.125	0.125	0.125	0.14285714285714285	0.5	0.14285714285714285	0.125	0.14285714285714285	0.25	0.125	0.125015625	0.125
zh	0.14291838775510204	0.1111111111111111	0.09098352071079345	0.16666666666666666	0.030311297521580353	0.02273450619886364	0.043482041587901706	0.016135278358220602	0.01923224852071006	0.01755032440781779	0.027789357255402776	0.045462809917355365	0.03227472216961706	0.022735540808369318	0.022224197530864197	0.022224198024691357	0.021279765052059755	0.0625	0.06251172265624999	0.07692899408284024	0.07694676332544378	0.026321333103185598	0.027787040123456792	0.02325905949161709	0.03448870392390012	0.0200056012	0.05	0.1	0.02779476621373997	0.0400160016	0.025002499999999997	0.12503126564064063	0.0312539072265625	0.125	0.015272785433800187
