arz	bs	ceb	ckb	da	de	el	en	es	fr	he	hi	hu	id	it	ja	ko	lv	mk	ml	mr	nl	pl	pt	ro	ru	sh	si	simple	sr	sv	te	tr	union	vi	war	zh
arz	1.0	0.07692307692307693	0.037037037037037035	0.2	0.0	1.0	0.0	1.0	1.0	1.0	1.0	0.0	1.0	1.0	1.0	1.0	1.0	0.06666666666666667	0.0625	0.0	0.1111111111111111	1.0	0.0	1.0	0.0	1.0	0.027777777777777776	0.0	0.05263157894736842	0.0	1.0	0.5	1.0	1.0	0.02564102564102564	0.05263157894736842	1.0
bs	0.07692307692307693	1.0	0.04	1.0	1.0	1.0	0.0	1.0	1.0	1.0	0.0	1.0	0.0	1.0	1.0	1.0	1.0	1.0	0.0	0.0	0.06666666666666667	1.0	1.0	1.0	1.0	1.0	1.0	0.0	1.0	1.0	1.0	0.0	1.0	1.0	1.0	0.0	1.0
ceb	0.037037037037037035	0.04	0.0044444641975308645	0.08333333333333333	0.01587326782564878	0.004608316167257746	0.012658227848101266	0.005050530558106316	0.006493506493506494	0.00574715946624389	0.010638297872340425	0.030303030303030304	0.009523809523809525	0.010989131747373506	0.006451654526534859	0.009615384615384616	0.013333333333333334	0.024390243902439025	0.024390243902439025	0.02564102564102564	0.07142857142857142	0.007142857142857143	0.007246429321571099	0.007407462277091907	0.015384852071005919	0.006535947712418301	0.010989131747373506	0.14285714285714285	0.02173960302457467	0.01282051282051282	0.005882387543252595	0.16666666666666666	0.011111234567901236	0.0044444641975308645	0.011628042184964847	0.02631578947368421	0.009009009009009009
ckb	0.2	1.0	0.08333333333333333	0.5	0.5	0.5	1.0	0.5	0.5	0.5	1.0	0.5	1.0	0.5	0.5	0.5	0.5	0.5	1.0	1.0	0.125	0.5	0.5	0.5	0.5	0.5	0.5	1.0	0.5	0.5	0.5	1.0	0.5	0.5	0.5	1.0	0.5
da	0.0	1.0	0.01587326782564878	0.5	1.0	1.0	0.0	1.0	0.0	0.0	0.0	0.0	0.0	0.0	0.0	0.0	0.0	0.5	1.0	0.0	0.03225806451612903	0.0	0.0	0.0	0.0	0.0	0.5	0.0	0.5	0.0	0.0	1.0	0.0	1.0	0.5	1.0	0.0
de	1.0	1.0	0.004608316167257746	0.5	1.0	0.125	0.0	0.25	1.0	0.5	0.3333333333333333	0.5	0.5	0.5	0.3333333333333333	1.0	0.25	0.5	1.0	1.0	0.02564102564102564	1.0	0.3333333333333333	1.0	0.5	0.3333333333333333	0.5	1.0	0.5	0.0	1.0	1.0	1.0	0.125	0.5	1.0	0.3333333333333333
el	0.0	0.0	0.012658227848101266	1.0	0.0	0.0	0.5	0.5	1.0	0.0	0.0	0.0	0.0	0.0	0.0	0.0	0.0	1.0	1.0	0.0	0.037037037037037035	0.0	0.0	1.0	0.0	0.5	1.0	0.0	1.0	1.0	0.0	1.0	0.0	0.5	1.0	1.0	0.0
en	1.0	1.0	0.005050530558106316	0.5	1.0	0.25	0.5	0.1666944722500278	1.0	1.0	0.25	0.2	0.3333333333333333	0.3333333333333333	0.25	1.0	0.16666666666666666	0.5	1.0	0.5	0.025	1.0	0.5	1.0	0.3333333333333333	0.25	0.5	1.0	0.5	0.5	1.0	1.0	0.5	0.1666944722500278	0.5	1.0	0.3333333333333333
es	1.0	1.0	0.006493506493506494	0.5	0.0	1.0	1.0	1.0	1.0	0.0	1.0	0.5	0.5	0.3333333333333333	1.0	0.0	0.25	0.5	1.0	1.0	0.02631578947368421	0.0	0.0	0.0	0.3333333333333333	1.0	0.5	1.0	0.5	1.0	1.0	1.0	0.0	1.0	0.5	1.0	0.3333333333333333
fr	1.0	1.0	0.00574715946624389	0.5	0.0	0.5	0.0	1.0	0.0	0.3333333333333333	0.0	0.3333333333333333	0.3333333333333333	0.3333333333333333	1.0	0.0	0.2	0.5	1.0	1.0	0.025	1.0	0.5	1.0	0.3333333333333333	0.0	0.5	1.0	0.5	1.0	0.0	1.0	0.0	0.3333333333333333	0.5	1.0	0.3333333333333333
he	1.0	0.0	0.010638297872340425	1.0	0.0	0.3333333333333333	0.0	0.25	1.0	0.0	0.14285714285714285	0.0	0.5	0.5	0.3333333333333333	1.0	0.5	1.0	1.0	0.0	0.034482758620689655	0.0	1.0	0.0	1.0	0.2	1.0	0.0	1.0	1.0	1.0	1.0	0.3333333333333333	0.14285714285714285	1.0	1.0	1.0
hi	0.0	1.0	0.030303030303030304	0.5	0.0	0.5	0.0	0.2	0.5	0.3333333333333333	0.0	0.2	0.0	1.0	1.0	0.5	0.5	0.5	1.0	0.5	0.03333333333333333	0.0	1.0	0.0	1.0	0.3333333333333333	0.5	1.0	0.5	0.0	1.0	1.0	0.0	0.2	0.5	1.0	1.0
hu	1.0	0.0	0.009523809523809525	1.0	0.0	0.5	0.0	0.3333333333333333	0.5	0.3333333333333333	0.5	0.0	0.3333333333333333	0.5	0.3333333333333333	1.0	0.3333333333333333	1.0	1.0	0.0	0.029411764705882353	0.5	0.5	0.5	1.0	0.3333333333333333	1.0	0.0	1.0	1.0	0.5	1.0	1.0	0.3333333333333333	1.0	1.0	1.0
id	1.0	1.0	0.010989131747373506	0.5	0.0	0.5	0.0	0.3333333333333333	0.3333333333333333	0.3333333333333333	0.5	1.0	0.5	0.25006256256256254	0.3333333333333333	1.0	0.3333333333333333	0.5	1.0	1.0	0.02857142857142857	1.0	1.0	0.5002502502502503	0.5	0.3333333333333333	0.5	1.0	0.5	1.0	0.3333333333333333	1.0	1.0	0.25006256256256254	0.5	1.0	0.5
it	1.0	1.0	0.006451654526534859	0.5	0.0	0.3333333333333333	0.0	0.25	1.0	1.0	0.3333333333333333	1.0	0.3333333333333333	0.3333333333333333	0.25	1.0	0.25	0.5	1.0	1.0	0.02631578947368421	1.0	0.5	1.0	0.3333333333333333	0.3333333333333333	0.5	1.0	0.5	1.0	1.0	1.0	1.0	0.25	0.5	1.0	0.5
ja	1.0	1.0	0.009615384615384616	0.5	0.0	1.0	0.0	1.0	0.0	0.0	1.0	0.5	1.0	1.0	1.0	1.0	0.2	0.5	1.0	0.0	0.02631578947368421	0.0	1.0	0.0	1.0	1.0	0.5	0.0	0.5	0.0	0.0	1.0	0.0	1.0	0.5	1.0	0.3333333333333333
ko	1.0	1.0	0.013333333333333334	0.5	0.0	0.25	0.0	0.16666666666666666	0.25	0.2	0.5	0.5	0.3333333333333333	0.3333333333333333	0.25	0.2	0.1111111111111111	0.5	1.0	1.0	0.02857142857142857	0.5	0.3333333333333333	0.5	0.5	0.2	0.5	1.0	0.5	1.0	0.3333333333333333	1.0	1.0	0.1111111111111111	0.5	1.0	0.3333333333333333
lv	0.06666666666666667	1.0	0.024390243902439025	0.5	0.5	0.5	1.0	0.5	0.5	0.5	1.0	0.5	1.0	0.5	0.5	0.5	0.5	0.5	1.0	1.0	0.041666666666666664	0.5	0.5	0.5	0.5	0.5	0.5	1.0	0.5	0.5	0.5	1.0	0.5	0.5	0.5	1.0	0.5
mk	0.0625	0.0	0.024390243902439025	1.0	1.0	1.0	1.0	1.0	1.0	1.0	1.0	1.0	1.0	1.0	1.0	1.0	1.0	1.0	1.0	1.0	0.05555555555555555	1.0	1.0	1.0	1.0	1.0	1.0	1.0	1.0	1.0	1.0	1.0	1.0	1.0	1.0	1.0	1.0
ml	0.0	0.0	0.02564102564102564	1.0	0.0	1.0	0.0	0.5	1.0	1.0	0.0	0.5	0.0	1.0	1.0	0.0	1.0	1.0	1.0	0.5	0.038461538461538464	0.0	0.0	0.0	1.0	0.5	1.0	1.0	1.0	0.0	1.0	1.0	0.0	0.5	1.0	1.0	1.0
mr	0.1111111111111111	0.06666666666666667	0.07142857142857142	0.125	0.03225806451612903	0.02564102564102564	0.037037037037037035	0.025	0.02631578947368421	0.025	0.034482758620689655	0.03333333333333333	0.029411764705882353	0.02857142857142857	0.02631578947368421	0.02631578947368421	0.02857142857142857	0.041666666666666664	0.05555555555555555	0.038461538461538464	0.025	0.027777777777777776	0.027777777777777776	0.02702702702702703	0.034482758620689655	0.02564102564102564	0.03225806451612903	0.1111111111111111	0.03571428571428571	0.03333333333333333	0.02857142857142857	0.05555555555555555	0.029411764705882353	0.025	0.03125	0.05263157894736842	0.02702702702702703
nl	1.0	1.0	0.007142857142857143	0.5	0.0	1.0	0.0	1.0	0.0	1.0	0.0	0.0	0.5	1.0	1.0	0.0	0.5	0.5	1.0	0.0	0.027777777777777776	1.0	1.0	1.0	1.0	0.0	0.5	0.0	0.5	0.0	0.0	1.0	0.0	1.0	0.5	1.0	0.5
pl	0.0	1.0	0.007246429321571099	0.5	0.0	0.3333333333333333	0.0	0.5	0.0	0.5	1.0	1.0	0.5	1.0	0.5	1.0	0.3333333333333333	0.5	1.0	0.0	0.027777777777777776	1.0	0.3333333333333333	1.0	1.0	1.0	0.5	0.0	0.5	1.0	0.0	1.0	0.0	0.3333333333333333	0.5	1.0	0.0
pt	1.0	1.0	0.007407462277091907	0.5	0.0	1.0	1.0	1.0	0.0	1.0	0.0	0.0	0.5	0.5002502502502503	1.0	0.0	0.5	0.5	1.0	0.0	0.02702702702702703	1.0	1.0	1.0	0.5	0.0	0.5	0.0	0.5	1.0	0.0	1.0	0.0	1.0	0.5	1.0	0.5
ro	0.0	1.0	0.015384852071005919	0.5	0.0	0.5	0.0	0.3333333333333333	0.3333333333333333	0.3333333333333333	1.0	1.0	1.0	0.5	0.3333333333333333	1.0	0.5	0.5	1.0	1.0	0.034482758620689655	1.0	1.0	0.5	0.3333333333333333	0.3333333333333333	0.5	1.0	0.5	1.0	0.5	1.0	1.0	0.3333333333333333	0.5	1.0	1.0
ru	1.0	1.0	0.006535947712418301	0.5	0.0	0.3333333333333333	0.5	0.25	1.0	0.0	0.2	0.3333333333333333	0.3333333333333333	0.3333333333333333	0.3333333333333333	1.0	0.2	0.5	1.0	0.5	0.02564102564102564	0.0	1.0	0.0	0.3333333333333333	0.2	0.5	1.0	0.5	0.5	1.0	1.0	0.3333333333333333	0.2	0.5	1.0	0.5
sh	0.027777777777777776	1.0	0.010989131747373506	0.5	0.5	0.5	1.0	0.5	0.5	0.5	1.0	0.5	1.0	0.5	0.5	0.5	0.5	0.5	1.0	1.0	0.03225806451612903	0.5	0.5	0.5	0.5	0.5	0.5	1.0	0.5	0.5	0.5	1.0	0.5	0.5	0.5	1.0	0.5
si	0.0	0.0	0.14285714285714285	1.0	0.0	1.0	0.0	1.0	1.0	1.0	0.0	1.0	0.0	1.0	1.0	0.0	1.0	1.0	1.0	1.0	0.1111111111111111	0.0	0.0	0.0	1.0	1.0	1.0	1.0	1.0	0.0	1.0	1.0	0.0	1.0	1.0	1.0	1.0
simple	0.05263157894736842	1.0	0.02173960302457467	0.5	0.5	0.5	1.0	0.5	0.5	0.5	1.0	0.5	1.0	0.5	0.5	0.5	0.5	0.5	1.0	1.0	0.03571428571428571	0.5	0.5	0.5	0.5	0.5	0.5	1.0	0.5	0.5	0.5	1.0	0.5	0.5	0.5	1.0	0.5
sr	0.0	1.0	0.01282051282051282	0.5	0.0	0.0	1.0	0.5	1.0	1.0	1.0	0.0	1.0	1.0	1.0	0.0	1.0	0.5	1.0	0.0	0.03333333333333333	0.0	1.0	1.0	1.0	0.5	0.5	0.0	0.5	0.5	1.0	1.0	0.0	0.5	0.5	1.0	0.0
sv	1.0	1.0	0.005882387543252595	0.5	0.0	1.0	0.0	1.0	1.0	0.0	1.0	1.0	0.5	0.3333333333333333	1.0	0.0	0.3333333333333333	0.5	1.0	1.0	0.02857142857142857	0.0	0.0	0.0	0.5	1.0	0.5	1.0	0.5	1.0	1.0	1.0	0.0	1.0	0.5	1.0	0.5
te	0.5	0.0	0.16666666666666666	1.0	1.0	1.0	1.0	1.0	1.0	1.0	1.0	1.0	1.0	1.0	1.0	1.0	1.0	1.0	1.0	1.0	0.05555555555555555	1.0	1.0	1.0	1.0	1.0	1.0	1.0	1.0	1.0	1.0	1.0	1.0	1.0	1.0	1.0	1.0
tr	1.0	1.0	0.011111234567901236	0.5	0.0	1.0	0.0	0.5	0.0	0.0	0.3333333333333333	0.0	1.0	1.0	1.0	0.0	1.0	0.5	1.0	0.0	0.029411764705882353	0.0	0.0	0.0	1.0	0.3333333333333333	0.5	0.0	0.5	0.0	0.0	1.0	0.3333333333333333	0.3333333333333333	0.5	1.0	0.5
union	1.0	1.0	0.0044444641975308645	0.5	1.0	0.125	0.5	0.1666944722500278	1.0	0.3333333333333333	0.14285714285714285	0.2	0.3333333333333333	0.25006256256256254	0.25	1.0	0.1111111111111111	0.5	1.0	0.5	0.025	1.0	0.3333333333333333	1.0	0.3333333333333333	0.2	0.5	1.0	0.5	0.5	1.0	1.0	0.3333333333333333	0.07143367857653572	0.5	1.0	0.16666666666666666
vi	0.02564102564102564	1.0	0.011628042184964847	0.5	0.5	0.5	1.0	0.5	0.5	0.5	1.0	0.5	1.0	0.5	0.5	0.5	0.5	0.5	1.0	1.0	0.03125	0.5	0.5	0.5	0.5	0.5	0.5	1.0	0.5	0.5	0.5	1.0	0.5	0.5	0.5	1.0	0.5
war	0.05263157894736842	0.0	0.02631578947368421	1.0	1.0	1.0	1.0	1.0	1.0	1.0	1.0	1.0	1.0	1.0	1.0	1.0	1.0	1.0	1.0	1.0	0.05263157894736842	1.0	1.0	1.0	1.0	1.0	1.0	1.0	1.0	1.0	1.0	1.0	1.0	1.0	1.0	1.0	1.0
zh	1.0	1.0	0.009009009009009009	0.5	0.0	0.3333333333333333	0.0	0.3333333333333333	0.3333333333333333	0.3333333333333333	1.0	1.0	1.0	0.5	0.5	0.3333333333333333	0.3333333333333333	0.5	1.0	1.0	0.02702702702702703	0.5	0.0	0.5	1.0	0.5	0.5	1.0	0.5	0.0	0.5	1.0	0.5	0.16666666666666666	0.5	1.0	0.16666666666666666
