arz	bs	ceb	ckb	da	de	el	en	es	fr	he	hi	hu	id	it	ja	ko	lv	mk	ml	mr	nl	pl	pt	ro	ru	sh	si	simple	sr	sv	te	vi	war	zh
arz	1.0	1.0	0.0	0.0	1.0	1.0	0.585786437626905	0.5	0.585786437626905	0.0	1.0	0.0	1.0	1.0	0.585786437626905	0.585786437626905	1.0	1.0	1.0	0.0	0.0	1.0	0.585786437626905	1.0	0.585786437626905	0.585786437626905	1.0	0.0	1.0	1.0	1.0	0.0	1.0	0.0	0.585786437626905
bs	1.0	1.0	0.0	1.0	0.585786437626905	0.585786437626905	0.4142135623730951	0.09141959371632079	0.09183252326509189	0.0	0.3164309725825328	1.0	1.0	0.44948974278317805	0.10945304053256437	0.44948974278317805	0.585786437626905	0.585786437626905	0.44948974278317805	1.0	1.0	0.585786437626905	0.1731621355286848	0.19803190560151412	0.5	0.1744328890878361	0.585786437626905	1.0	0.44948974278317805	0.4142135623730951	0.585786437626905	1.0	1.0	0.585786437626905	0.2674788903885893
ceb	0.0	0.0	1.0	0.0	1.0	1.0	1.0	1.0	1.0	0.0	1.0	0.0	0.0	0.0	1.0	1.0	1.0	1.0	0.0	0.0	0.0	1.0	1.0	1.0	1.0	1.0	1.0	0.0	0.0	0.0	1.0	0.0	1.0	0.0	1.0
ckb	0.0	1.0	0.0	1.0	1.0	1.0	0.585786437626905	1.0	1.0	0.0	1.0	1.0	1.0	0.585786437626905	1.0	0.585786437626905	1.0	1.0	1.0	1.0	1.0	1.0	1.0	1.0	0.585786437626905	1.0	1.0	1.0	1.0	1.0	1.0	1.0	1.0	1.0	1.0
da	1.0	0.585786437626905	1.0	1.0	1.0	0.1639607805437114	0.2222222222222222	0.022603193011041512	0.09387654419942322	0.0	0.19292728076790167	1.0	0.4142135623730951	0.28989794855663564	0.11866018433942889	0.10699013617037781	0.26533119314590375	0.26427884169111276	1.0	0.3726822671238253	1.0	0.10310703884553472	0.13603863460387838	0.18212510583143446	0.069970895780265	0.0717436923809378	0.2402530733520421	1.0	0.585786437626905	0.5	0.045962278378110774	1.0	0.21712927295533244	1.0	0.1526770057115652
de	1.0	0.585786437626905	1.0	1.0	0.1639607805437114	1.0	0.04183334014258736	0.002524673725830145	0.03489603912236372	0.0	0.11326927733478917	1.0	0.28989794855663564	0.06316148439337207	0.014010039920990354	0.011379287317280953	0.44948974278317805	0.2898979485566356	1.0	0.09241620393007847	1.0	0.024661643470034425	0.02639255150008789	0.04806501621469989	0.017526861289545587	0.006565682079212122	0.2402530733520421	1.0	0.44948974278317805	0.22584440001865322	0.058316496991116795	1.0	0.15278212615814146	1.0	0.01921348159320582
el	0.585786437626905	0.4142135623730951	1.0	0.585786437626905	0.2222222222222222	0.04183334014258736	1.0	0.008601340246203943	0.016344338538069287	0.0	0.11866018433942889	1.0	0.32449979983983984	0.06961312997957121	0.017452858930831403	0.055103742988598325	0.2579530592760317	0.2193450929151803	0.5	0.28989794855663564	1.0	0.04707638442695788	0.02904286530430749	0.055837019321748636	0.03832725183869814	0.02430589901523164	0.21290885543182675	1.0	0.3126480851423008	0.3126480851423008	0.141599379761988	1.0	0.18594358782685685	0.5	0.09969544512071055
en	0.5	0.09141959371632079	1.0	1.0	0.022603193011041512	0.002524673725830145	0.008601340246203943	1.0	0.000880384220972948	0.39564392373896007	0.023922569366440893	0.38742588672279304	0.0966962474854696	0.012064262982600354	0.0039612766602199045	0.0054998583039043945	0.17491720310721423	0.0616153483852432	0.2632403810669918	0.0057489546953577615	1.0	0.005725394274417519	0.0038067569816804684	0.003661068983424007	0.006011608808249456	0.006925898498089514	0.05820118795238876	1.0	0.13565184163711103	0.07592686841224525	0.005497255734475952	1.0	0.06955187692608936	1.0	0.007036138785001651
es	0.585786437626905	0.09183252326509189	1.0	1.0	0.09387654419942322	0.03489603912236372	0.016344338538069287	0.000880384220972948	1.0	1.0	0.06931565191616795	1.0	0.1765633506768389	0.022274689984118762	0.0011680398359200674	0.00668221122427937	0.3660254037844386	0.20386840968093525	0.585786437626905	0.012091996020487869	1.0	0.0033364055019214256	0.00189080706842695	0.004305880684780806	0.009922868365295403	0.002071178514860329	0.16265311084262846	1.0	0.3660254037844386	0.11606619483971768	0.011922436334970135	1.0	0.08604146270717253	1.0	0.00828559543942088
fr	0.0	0.0	0.0	0.0	0.0	0.0	0.0	0.39564392373896007	1.0	1.0	0.0	0.0	0.0	0.0	0.585786437626905	0.0	0.0	0.0	0.0	0.0	0.0	1.0	1.0	1.0	0.0	0.585786437626905	0.0	0.0	0.0	0.0	0.0	0.0	0.0	0.0	1.0
he	1.0	0.3164309725825328	1.0	1.0	0.19292728076790167	0.11326927733478917	0.11866018433942889	0.023922569366440893	0.06931565191616795	0.0	1.0	0.585786437626905	0.44948974278317805	0.14146178098635465	0.05951988561824753	0.0363702535012833	0.33333333333333326	0.3090169943749474	0.44948974278317805	0.3430703308172536	1.0	0.07466032373896558	0.07372053260786181	0.10074938846606682	0.03004626965466924	0.04541301558155851	0.17546042972129147	1.0	0.44948974278317805	0.2187841884486319	0.1193757022999256	1.0	0.1876127897984334	1.0	0.06588951739568223
hi	0.0	1.0	0.0	1.0	1.0	1.0	1.0	0.38742588672279304	1.0	0.0	0.585786437626905	1.0	1.0	0.5	1.0	1.0	1.0	1.0	1.0	1.0	1.0	1.0	1.0	0.585786437626905	1.0	1.0	1.0	1.0	1.0	1.0	1.0	1.0	1.0	1.0	0.585786437626905
hu	1.0	1.0	0.0	1.0	0.4142135623730951	0.28989794855663564	0.32449979983983984	0.0966962474854696	0.1765633506768389	0.0	0.44948974278317805	1.0	1.0	0.5	0.17826035697019474	0.2	0.585786437626905	0.5	1.0	0.3126480851423008	1.0	0.23166247903554	0.15460516421442652	0.28172904669025317	0.06819924709734822	0.1751881400287486	0.5	1.0	0.585786437626905	0.585786437626905	0.21239994067041815	1.0	0.5	1.0	0.2612038749637415
id	1.0	0.44948974278317805	0.0	0.585786437626905	0.28989794855663564	0.06316148439337207	0.06961312997957121	0.012064262982600354	0.022274689984118762	0.0	0.14146178098635465	0.5	0.5	1.0	0.01930414677588373	0.05848984825679644	0.32449979983983984	0.1797153602962883	0.585786437626905	0.179128784747792	1.0	0.03630521259200179	0.028852100310637768	0.029164108299903208	0.1268385266400155	0.01840207103262228	0.23166247903554	0.5	0.1657488886375548	0.30216947925196225	0.11923080932116144	1.0	0.1487806080904639	1.0	0.04843674019377747
it	0.585786437626905	0.10945304053256437	1.0	1.0	0.11866018433942889	0.014010039920990354	0.017452858930831403	0.0039612766602199045	0.0011680398359200674	0.585786437626905	0.05951988561824753	1.0	0.17826035697019474	0.01930414677588373	1.0	0.006515254701162613	0.2791745113185196	0.16462407202206505	0.44948974278317805	0.007379015883060081	1.0	0.0030672724227478808	0.0024593486831552195	0.0041402559631495296	0.010516986959525363	0.002666426218989028	0.13531623023163858	1.0	0.3660254037844386	0.08698654347379413	0.011434935034229857	1.0	0.10023898077131066	1.0	0.009318290994552359
ja	0.585786437626905	0.44948974278317805	1.0	0.585786437626905	0.10699013617037781	0.011379287317280953	0.055103742988598325	0.0054998583039043945	0.00668221122427937	0.0	0.0363702535012833	1.0	0.2	0.05848984825679644	0.006515254701162613	1.0	0.0949346080055013	0.10499266839576207	0.4142135623730951	0.10785660457686588	1.0	0.011082478907464851	0.008372178845715212	0.010524341155039195	0.023771193106537605	0.006903692956116081	0.07567304445129538	1.0	0.1918253663634734	0.22522719139308142	0.020742438269013543	1.0	0.09786850382517658	1.0	0.016668139774305833
ko	1.0	0.585786437626905	1.0	1.0	0.26533119314590375	0.44948974278317805	0.2579530592760317	0.17491720310721423	0.3660254037844386	0.0	0.33333333333333326	1.0	0.585786437626905	0.32449979983983984	0.2791745113185196	0.0949346080055013	1.0	0.585786437626905	0.585786437626905	0.4142135623730951	1.0	0.3333333333333333	0.3090169943749474	0.3203772410170407	0.059687311306966015	0.17491720310721423	0.44948974278317805	1.0	0.44948974278317805	0.3483314773547883	0.27195617308673004	1.0	0.32881309020609956	1.0	0.16722520332754173
lv	1.0	0.585786437626905	1.0	1.0	0.26427884169111276	0.2898979485566356	0.2193450929151803	0.0616153483852432	0.20386840968093525	0.0	0.3090169943749474	1.0	0.5	0.1797153602962883	0.16462407202206505	0.10499266839576207	0.585786437626905	1.0	0.585786437626905	0.44948974278317805	1.0	0.16462407202206505	0.1827439976315568	0.18933139574356017	0.08171786438501033	0.10054022094070368	0.3126480851423008	1.0	0.4364916731037085	0.36602540378443865	0.15438708879488486	1.0	0.28436465220442186	1.0	0.14201473202245876
mk	1.0	0.44948974278317805	0.0	1.0	1.0	1.0	0.5	0.2632403810669918	0.585786437626905	0.0	0.44948974278317805	1.0	1.0	0.585786437626905	0.44948974278317805	0.4142135623730951	0.585786437626905	0.585786437626905	1.0	0.585786437626905	1.0	0.3483314773547883	0.5	0.4364916731037085	0.3164309725825328	0.44948974278317805	1.0	1.0	0.585786437626905	0.36602540378443865	0.5	1.0	1.0	1.0	0.5
ml	0.0	1.0	0.0	1.0	0.3726822671238253	0.09241620393007847	0.28989794855663564	0.0057489546953577615	0.012091996020487869	0.0	0.3430703308172536	1.0	0.3126480851423008	0.179128784747792	0.007379015883060081	0.10785660457686588	0.4142135623730951	0.44948974278317805	0.585786437626905	1.0	1.0	0.03181443813218525	0.028027895424217183	0.038690204465001765	0.051282016615922126	0.01145991047872111	0.585786437626905	1.0	0.5	0.4142135623730951	0.252650308587072	1.0	0.28044191995046724	1.0	0.06996741845488307
mr	0.0	1.0	0.0	1.0	1.0	1.0	1.0	1.0	1.0	0.0	1.0	1.0	1.0	1.0	1.0	1.0	1.0	1.0	1.0	1.0	1.0	1.0	1.0	1.0	0.585786437626905	1.0	1.0	1.0	1.0	1.0	1.0	1.0	1.0	1.0	0.585786437626905
nl	1.0	0.585786437626905	1.0	1.0	0.10310703884553472	0.024661643470034425	0.04707638442695788	0.005725394274417519	0.0033364055019214256	1.0	0.07466032373896558	1.0	0.23166247903554	0.03630521259200179	0.0030672724227478808	0.011082478907464851	0.3333333333333333	0.16462407202206505	0.3483314773547883	0.03181443813218525	1.0	1.0	0.005051282165103819	0.02361910440516685	0.014634961379479007	0.004566321660355267	0.14907170226431357	1.0	0.3090169943749474	0.20521309615767264	0.021703645072055633	1.0	0.12016670069397652	1.0	0.016913043612081288
pl	0.585786437626905	0.1731621355286848	1.0	1.0	0.13603863460387838	0.02639255150008789	0.02904286530430749	0.0038067569816804684	0.00189080706842695	1.0	0.07372053260786181	1.0	0.15460516421442652	0.028852100310637768	0.0024593486831552195	0.008372178845715212	0.3090169943749474	0.1827439976315568	0.5	0.028027895424217183	1.0	0.005051282165103819	1.0	0.013666665433203693	0.011900825920147316	0.003300950319430919	0.135149404313153	0.585786437626905	0.3203772410170407	0.13260701844024733	0.02326328758806237	0.585786437626905	0.11778572276641747	0.585786437626905	0.02200004882755331
pt	1.0	0.19803190560151412	1.0	1.0	0.18212510583143446	0.04806501621469989	0.055837019321748636	0.003661068983424007	0.004305880684780806	1.0	0.10074938846606682	0.585786437626905	0.28172904669025317	0.029164108299903208	0.0041402559631495296	0.010524341155039195	0.3203772410170407	0.18933139574356017	0.4364916731037085	0.038690204465001765	1.0	0.02361910440516685	0.013666665433203693	1.0	0.015322439888554648	0.007758187454269302	0.14942992956379245	1.0	0.2553967929896867	0.11528826602558163	0.07128998321204526	1.0	0.11166656690207206	1.0	0.025156117355313277
ro	0.585786437626905	0.5	1.0	0.585786437626905	0.069970895780265	0.017526861289545587	0.03832725183869814	0.006011608808249456	0.009922868365295403	0.0	0.03004626965466924	1.0	0.06819924709734822	0.1268385266400155	0.010516986959525363	0.023771193106537605	0.059687311306966015	0.08171786438501033	0.3164309725825328	0.051282016615922126	0.585786437626905	0.014634961379479007	0.011900825920147316	0.015322439888554648	1.0	0.011064154943754317	0.044677506519311884	1.0	0.1809073112342927	0.12673241380575062	0.028088338744066344	1.0	0.08918842463341833	1.0	0.0236827410142279
ru	0.585786437626905	0.1744328890878361	1.0	1.0	0.0717436923809378	0.006565682079212122	0.02430589901523164	0.006925898498089514	0.002071178514860329	0.585786437626905	0.04541301558155851	1.0	0.1751881400287486	0.01840207103262228	0.002666426218989028	0.006903692956116081	0.17491720310721423	0.10054022094070368	0.44948974278317805	0.01145991047872111	1.0	0.004566321660355267	0.003300950319430919	0.007758187454269302	0.011064154943754317	1.0	0.10743280403910614	1.0	0.2193450929151803	0.11476280872257703	0.010405460282500044	1.0	0.08984956631398192	0.585786437626905	0.011073949092062808
sh	1.0	0.585786437626905	1.0	1.0	0.2402530733520421	0.2402530733520421	0.21290885543182675	0.05820118795238876	0.16265311084262846	0.0	0.17546042972129147	1.0	0.5	0.23166247903554	0.13531623023163858	0.07567304445129538	0.44948974278317805	0.3126480851423008	1.0	0.585786437626905	1.0	0.14907170226431357	0.135149404313153	0.14942992956379245	0.044677506519311884	0.10743280403910614	1.0	1.0	0.5	0.28708594921778513	0.21089672205953397	1.0	0.3090169943749474	1.0	0.1167355195593027
si	0.0	1.0	0.0	1.0	1.0	1.0	1.0	1.0	1.0	0.0	1.0	1.0	1.0	0.5	1.0	1.0	1.0	1.0	1.0	1.0	1.0	1.0	0.585786437626905	1.0	1.0	1.0	1.0	1.0	1.0	1.0	1.0	1.0	1.0	1.0	1.0
simple	1.0	0.44948974278317805	0.0	1.0	0.585786437626905	0.44948974278317805	0.3126480851423008	0.13565184163711103	0.3660254037844386	0.0	0.44948974278317805	1.0	0.585786437626905	0.1657488886375548	0.3660254037844386	0.1918253663634734	0.44948974278317805	0.4364916731037085	0.585786437626905	0.5	1.0	0.3090169943749474	0.3203772410170407	0.2553967929896867	0.1809073112342927	0.2193450929151803	0.5	1.0	1.0	0.585786437626905	0.4142135623730951	1.0	0.34833147735478825	1.0	0.20521309615767264
sr	1.0	0.4142135623730951	0.0	1.0	0.5	0.22584440001865322	0.3126480851423008	0.07592686841224525	0.11606619483971768	0.0	0.2187841884486319	1.0	0.585786437626905	0.30216947925196225	0.08698654347379413	0.22522719139308142	0.3483314773547883	0.36602540378443865	0.36602540378443865	0.4142135623730951	1.0	0.20521309615767264	0.13260701844024733	0.11528826602558163	0.12673241380575062	0.11476280872257703	0.28708594921778513	1.0	0.585786437626905	1.0	0.34833147735478825	1.0	0.3726822671238253	0.585786437626905	0.13812538566994298
sv	1.0	0.585786437626905	1.0	1.0	0.045962278378110774	0.058316496991116795	0.141599379761988	0.005497255734475952	0.011922436334970135	0.0	0.1193757022999256	1.0	0.21239994067041815	0.11923080932116144	0.011434935034229857	0.020742438269013543	0.27195617308673004	0.15438708879488486	0.5	0.252650308587072	1.0	0.021703645072055633	0.02326328758806237	0.07128998321204526	0.028088338744066344	0.010405460282500044	0.21089672205953397	1.0	0.4142135623730951	0.34833147735478825	1.0	1.0	0.17820294217791136	1.0	0.07749445669297574
te	0.0	1.0	0.0	1.0	1.0	1.0	1.0	1.0	1.0	0.0	1.0	1.0	1.0	1.0	1.0	1.0	1.0	1.0	1.0	1.0	1.0	1.0	0.585786437626905	1.0	1.0	1.0	1.0	1.0	1.0	1.0	1.0	1.0	1.0	1.0	0.585786437626905
vi	1.0	1.0	1.0	1.0	0.21712927295533244	0.15278212615814146	0.18594358782685685	0.06955187692608936	0.08604146270717253	0.0	0.1876127897984334	1.0	0.5	0.1487806080904639	0.10023898077131066	0.09786850382517658	0.32881309020609956	0.28436465220442186	1.0	0.28044191995046724	1.0	0.12016670069397652	0.11778572276641747	0.11166656690207206	0.08918842463341833	0.08984956631398192	0.3090169943749474	1.0	0.34833147735478825	0.3726822671238253	0.17820294217791136	1.0	1.0	0.585786437626905	0.09932107625483257
war	0.0	0.585786437626905	0.0	1.0	1.0	1.0	0.5	1.0	1.0	0.0	1.0	1.0	1.0	1.0	1.0	1.0	1.0	1.0	1.0	1.0	1.0	1.0	0.585786437626905	1.0	1.0	0.585786437626905	1.0	1.0	1.0	0.585786437626905	1.0	1.0	0.585786437626905	1.0	0.585786437626905
zh	0.585786437626905	0.2674788903885893	1.0	1.0	0.1526770057115652	0.01921348159320582	0.09969544512071055	0.007036138785001651	0.00828559543942088	1.0	0.06588951739568223	0.585786437626905	0.2612038749637415	0.04843674019377747	0.009318290994552359	0.016668139774305833	0.16722520332754173	0.14201473202245876	0.5	0.06996741845488307	0.585786437626905	0.016913043612081288	0.02200004882755331	0.025156117355313277	0.0236827410142279	0.011073949092062808	0.1167355195593027	1.0	0.20521309615767264	0.13812538566994298	0.07749445669297574	0.585786437626905	0.09932107625483257	0.585786437626905	1.0
