arz	bs	ceb	ckb	da	de	el	en	es	fr	he	hi	hu	id	it	ja	ko	lv	mk	ml	mr	nl	pl	pt	ro	ru	sh	si	simple	sr	sv	te	vi	war	zh
arz	0.3333333333333333	0.3333333333333333	0.5	0.058823529411764705	0.0	0.3333333333333333	0.3333333333333333	0.3333333333333333	0.3333333333333333	0.3333333333333333	0.3333333333333333	0.0	0.3333333333333333	0.5	0.3333333333333333	0.3333333333333333	0.3333333333333333	1.0	0.3333333333333333	0.041666666666666664	0.05	0.3333333333333333	0.3333333333333333	0.3333333333333333	0.0	0.3333333333333333	0.3333333333333333	0.05555555555555555	1.0	0.3333333333333333	0.3333333333333333	0.047619047619047616	1.0	0.07142857142857142	0.3333333333333333
bs	0.3333333333333333	0.023381450130840434	0.16666666666666666	0.019230769230769232	0.3333333333333333	0.02564497107166338	0.038461538461538464	0.025002501250624996	0.025	0.026324793629502078	0.05555555555555555	0.0	0.0625	0.5	0.029420417820934252	0.08333333333333333	0.034482758620689655	0.05263157894736842	0.02564102564102564	0.011905045351473922	0.02173960302457467	0.07142857142857142	0.026318559556786702	0.04	0.25	0.02564102564102564	0.025656810654176854	0.02127659574468085	1.0	0.03333333333333333	0.06666666666666667	0.019231139053254437	0.06666666666666667	0.027777777777777776	0.03333333333333333
ceb	0.5	0.16666666666666666	0.125078140625	0.2	0.16666666666666666	0.125	0.14285714285714285	0.125	0.125	0.125015625	0.125	0.125	0.14285714285714285	0.125	0.14287755102040817	0.125015625	0.125	0.2	0.14285714285714285	0.14285714285714285	0.16666666666666666	0.14285714285714285	0.125	0.125	0.125	0.125	0.16666666666666666	0.16666666666666666	0.14285714285714285	0.125	0.14285714285714285	0.25	0.14285714285714285	0.16666666666666666	0.14285714285714285
ckb	0.058823529411764705	0.019230769230769232	0.2	0.009618714220137296	0.012987012987012988	0.01	0.013333511111111113	0.009708737864077669	0.009900990099009901	0.010101010101010102	0.010752688172043012	0.014706098615916955	0.014084507042253521	0.011494252873563218	0.010000199999999999	0.010526426592797785	0.010869565217391304	0.014925373134328358	0.015873015873015872	0.017543859649122806	0.029411764705882353	0.010416666666666666	0.010309384631735573	0.01	0.012987012987012988	0.01020408163265306	0.013513513513513514	0.02702702702702703	0.012345831428135955	0.012195121951219513	0.01086968336483932	0.02631578947368421	0.011494252873563218	0.034482758620689655	0.01086968336483932
da	0.0	0.3333333333333333	0.16666666666666666	0.012987012987012988	0.09090909090909091	0.25	0.3333333333333333	0.125	0.16666666666666666	0.25	0.3333333333333333	0.0	0.3333333333333333	0.0	0.25	0.3333333333333333	0.3333333333333333	1.0	0.3333333333333333	0.007246429321571099	0.01449317370300357	0.3333333333333333	0.125	0.3333333333333333	1.0	0.1111111111111111	0.3333333333333333	0.01639344262295082	1.0	0.2	0.16666666666666666	0.013333333333333334	0.0	0.023809523809523808	0.25
de	0.3333333333333333	0.02564497107166338	0.125	0.01	0.25	0.0039906919550646534	0.022727272727272728	0.00826494091933611	0.008695652173913044	0.011365056947314049	0.011764705882352941	0.3333333333333333	0.05	0.2	0.0172428659334126	0.07692307692307693	0.030303030303030304	0.05	0.022222222222222223	0.004807692307692308	0.01098901098901099	0.02857142857142857	0.009091322314049586	0.025	0.14285714285714285	0.010752688172043012	0.02564431360946745	0.011904903628117915	0.125	0.014925373134328358	0.05	0.008403361344537815	0.06666666666666667	0.022222222222222223	0.025
el	0.3333333333333333	0.038461538461538464	0.14285714285714285	0.013333511111111113	0.3333333333333333	0.022727272727272728	0.019230769230769232	0.02	0.021739130434782608	0.03225806451612903	0.03125	0.0	0.05555555555555555	0.3333333333333333	0.04	0.09090909090909091	0.05555555555555555	0.1	0.03333333333333333	0.007874077748155496	0.014084705415592145	0.05263157894736842	0.021739130434782608	0.047619047619047616	0.3333333333333333	0.022222222222222223	0.038461538461538464	0.01587326782564878	0.5	0.027777777777777776	0.07692307692307693	0.012345679012345678	0.16666666666666666	0.023255813953488372	0.047619047619047616
en	0.3333333333333333	0.025002501250624996	0.125	0.009708737864077669	0.125	0.00826494091933611	0.02	0.002475720815187022	0.005154639175257732	0.010001	0.011235955056179775	0.3333333333333333	0.041666666666666664	0.125	0.013701070182022893	0.06666666666666667	0.02857142857142857	0.047619047619047616	0.022222222222222223	0.004386041859033549	0.010527534736842105	0.01851920438957476	0.004587955622422355	0.018518518518518517	0.07692307692307693	0.004672897196261682	0.025001875	0.011363894628099173	0.1	0.010869565217391304	0.03333333333333333	0.008000064	0.0625	0.022222222222222223	0.02127659574468085
es	0.3333333333333333	0.025	0.125	0.009900990099009901	0.16666666666666666	0.008695652173913044	0.021739130434782608	0.005154639175257732	0.0012873724336945962	0.010101214263850628	0.011494252873563218	0.3333333333333333	0.047619047619047616	0.16666666666666666	0.013888888888888888	0.07142857142857142	0.029411764705882353	0.047619047619047616	0.022727272727272728	0.00454551652892562	0.010752688172043012	0.012658227848101266	0.008333333333333333	0.013333333333333334	0.1	0.007874015748031496	0.02564102564102564	0.011628042184964847	0.1111111111111111	0.013157894736842105	0.05	0.008333333333333333	0.06666666666666667	0.022222222222222223	0.022222222222222223
fr	0.3333333333333333	0.026324793629502078	0.125015625	0.010101010101010102	0.25	0.011365056947314049	0.03225806451612903	0.010001	0.010101214263850628	0.0058051016260292935	0.017543859649122806	0.3333333333333333	0.05263157894736842	0.25006249999999997	0.009621305012945083	0.07142857142857142	0.034482758620689655	0.05555555555555555	0.025	0.00462971536351166	0.010869565217391304	0.0312509765625	0.013334222222222221	0.02564102564102564	0.14287755102040817	0.012048192771084338	0.027032870708546382	0.011764982698961937	0.125	0.020833333333333332	0.058823529411764705	0.00847457627118644	0.07142857142857142	0.022222222222222223	0.029411764705882353
he	0.3333333333333333	0.05555555555555555	0.125	0.010752688172043012	0.3333333333333333	0.011764705882352941	0.03125	0.011235955056179775	0.011494252873563218	0.017543859649122806	0.01020408163265306	0.3333333333333333	0.07142857142857142	0.25	0.029411764705882353	0.1111111111111111	0.07692307692307693	0.5	0.05	0.0056498132720482624	0.011764982698961937	0.04	0.015151515151515152	0.034482758620689655	0.2	0.016129032258064516	0.05555555555555555	0.0125003125	0.16666666666666666	0.027777777777777776	0.08333333333333333	0.009259259259259259	1.0	0.023809523809523808	0.0625
hi	0.0	0.0	0.125	0.014706098615916955	0.0	0.3333333333333333	0.0	0.3333333333333333	0.3333333333333333	0.3333333333333333	0.3333333333333333	0.3333333333333333	0.0	0.0	0.0	0.0	0.0	0.0	0.0	0.0068029524735064096	0.012987518974531959	0.0	1.0	1.0	0.0	0.3333333333333333	0.0	0.01449317370300357	0.0	0.5	0.0	0.010869565217391304	0.0	0.024390243902439025	1.0
hu	0.3333333333333333	0.0625	0.14285714285714285	0.014084507042253521	0.3333333333333333	0.05	0.05555555555555555	0.041666666666666664	0.047619047619047616	0.05263157894736842	0.07142857142857142	0.0	0.03125	0.5	0.0625	0.1	0.08333333333333333	0.5	0.0625	0.00775199807703864	0.014084507042253521	0.07692307692307693	0.047619047619047616	0.0625	0.25	0.045454545454545456	0.06666666666666667	0.01639344262295082	1.0	0.08333333333333333	0.07142857142857142	0.011627906976744186	1.0	0.024390243902439025	0.07142857142857142
id	0.5	0.5	0.125	0.011494252873563218	0.0	0.2	0.3333333333333333	0.125	0.16666666666666666	0.25006249999999997	0.25	0.0	0.5	0.03620691011603823	0.25006249999999997	0.5	0.5	0.0	0.3333333333333333	0.00584798741493109	0.012048483088982435	0.25	0.16666666666666666	0.16666666666666666	0.0	0.25	0.5	0.013157894736842105	1.0	0.3333333333333333	0.3333333333333333	0.009900990099009901	0.5	0.023255813953488372	0.3333333333333333
it	0.3333333333333333	0.029420417820934252	0.14287755102040817	0.010000199999999999	0.25	0.0172428659334126	0.04	0.013701070182022893	0.013888888888888888	0.009621305012945083	0.029411764705882353	0.0	0.0625	0.25006249999999997	0.004991951885340044	0.08333333333333333	0.034482758620689655	0.05555555555555555	0.02702702702702703	0.00469505613965483	0.011494384991412341	0.037039780521262	0.01695231341568515	0.034482758620689655	0.16666666666666666	0.01639344262295082	0.02858204244897959	0.012658388078833521	0.14285714285714285	0.030303030303030304	0.05555555555555555	0.008695727788279773	0.07692307692307693	0.022727272727272728	0.029411764705882353
ja	0.3333333333333333	0.08333333333333333	0.125015625	0.010526426592797785	0.3333333333333333	0.07692307692307693	0.09090909090909091	0.06666666666666667	0.07142857142857142	0.07142857142857142	0.1111111111111111	0.0	0.1	0.5	0.08333333333333333	0.06666666666666667	0.08333333333333333	0.5	0.08333333333333333	0.004975347194401153	0.010869919778001063	0.08333333333333333	0.07142857142857142	0.08333333333333333	1.0	0.07142857142857142	0.08333333333333333	0.011904903628117915	1.0	0.07692307692307693	0.1	0.008772083718067099	1.0	0.022222222222222223	0.07692307692307693
ko	0.3333333333333333	0.034482758620689655	0.125	0.010869565217391304	0.3333333333333333	0.030303030303030304	0.05555555555555555	0.02857142857142857	0.029411764705882353	0.034482758620689655	0.07692307692307693	0.0	0.08333333333333333	0.5	0.034482758620689655	0.08333333333333333	0.027777777777777776	0.05263157894736842	0.034482758620689655	0.005494686632049268	0.011364023760330577	0.07142857142857142	0.030303030303030304	0.058823529411764705	0.25	0.030303030303030304	0.034482758620689655	0.01250015625	1.0	0.034482758620689655	0.08333333333333333	0.009708832123668583	0.06666666666666667	0.022727272727272728	0.03125
lv	1.0	0.05263157894736842	0.2	0.014925373134328358	1.0	0.05	0.1	0.047619047619047616	0.047619047619047616	0.05555555555555555	0.5	0.0	0.5	0.0	0.05555555555555555	0.5	0.05263157894736842	0.00847457627118644	0.05263157894736842	0.008849557522123894	0.015873015873015872	0.3333333333333333	0.043478260869565216	0.16666666666666666	0.5	0.04	0.05263157894736842	0.017543859649122806	0.0	0.05	0.3333333333333333	0.015625	0.07142857142857142	0.025	0.05263157894736842
mk	0.3333333333333333	0.02564102564102564	0.14285714285714285	0.015873015873015872	0.3333333333333333	0.022222222222222223	0.03333333333333333	0.022222222222222223	0.022727272727272728	0.025	0.05	0.0	0.0625	0.3333333333333333	0.02702702702702703	0.08333333333333333	0.034482758620689655	0.05263157894736842	0.02127659574468085	0.009709114902441323	0.01851920438957476	0.06666666666666667	0.022727272727272728	0.038461538461538464	0.25	0.022727272727272728	0.02631578947368421	0.018518861454046638	1.0	0.030303030303030304	0.07142857142857142	0.01694915254237288	0.06666666666666667	0.02631578947368421	0.03125
ml	0.041666666666666664	0.011905045351473922	0.14285714285714285	0.017543859649122806	0.007246429321571099	0.004807692307692308	0.007874077748155496	0.004386041859033549	0.00454551652892562	0.00462971536351166	0.0056498132720482624	0.0068029524735064096	0.00775199807703864	0.00584798741493109	0.00469505613965483	0.004975347194401153	0.005494686632049268	0.008849557522123894	0.009709114902441323	0.004361842307913135	0.016666944444444443	0.00497514912997203	0.004950568571708657	0.004694967929643589	0.006711499482005315	0.0049262539736465326	0.007299429911023497	0.01818181818181818	0.006451779396462018	0.006289308176100629	0.005263434903047091	0.014084507042253521	0.005814054894537587	0.024390243902439025	0.00531948848460842
mr	0.05	0.02173960302457467	0.16666666666666666	0.029411764705882353	0.01449317370300357	0.01098901098901099	0.014084705415592145	0.010527534736842105	0.010752688172043012	0.010869565217391304	0.011764982698961937	0.012987518974531959	0.014084507042253521	0.012048483088982435	0.011494384991412341	0.010869919778001063	0.011364023760330577	0.015873015873015872	0.01851920438957476	0.016666944444444443	0.010561556399415545	0.011363894628099173	0.011363765495867768	0.011111481481481479	0.013514061358655951	0.011494913462808825	0.014925818667854755	0.029412629757785465	0.012048483088982435	0.012820677186061802	0.011494649227110581	0.020408996251561846	0.0112360813028658	0.03225806451612903	0.010989735660065331
nl	0.3333333333333333	0.07142857142857142	0.14285714285714285	0.010416666666666666	0.3333333333333333	0.02857142857142857	0.05263157894736842	0.01851920438957476	0.012658227848101266	0.0312509765625	0.04	0.0	0.07692307692307693	0.25	0.037039780521262	0.08333333333333333	0.07142857142857142	0.3333333333333333	0.06666666666666667	0.00497514912997203	0.011363894628099173	0.0031476450072692873	0.023810090702947845	0.034482758620689655	0.3333333333333333	0.025	0.07142857142857142	0.012345679012345678	0.2	0.045454545454545456	0.058823529411764705	0.008695652173913044	1.0	0.022222222222222223	0.07142857142857142
pl	0.3333333333333333	0.026318559556786702	0.125	0.010309384631735573	0.125	0.009091322314049586	0.021739130434782608	0.004587955622422355	0.008333333333333333	0.013334222222222221	0.015151515151515152	1.0	0.047619047619047616	0.16666666666666666	0.01695231341568515	0.07142857142857142	0.030303030303030304	0.043478260869565216	0.022727272727272728	0.004950568571708657	0.011363765495867768	0.023810090702947845	0.0003787804459552441	0.021739130434782608	0.09090909090909091	0.002352941176470588	0.027780094135802465	0.012195121951219513	0.125	0.008403361344537815	0.047619047619047616	0.008771929824561403	0.06666666666666667	0.022727272727272728	0.023809523809523808
pt	0.3333333333333333	0.04	0.125	0.01	0.3333333333333333	0.025	0.047619047619047616	0.018518518518518517	0.013333333333333334	0.02564102564102564	0.034482758620689655	1.0	0.0625	0.16666666666666666	0.034482758620689655	0.08333333333333333	0.058823529411764705	0.16666666666666666	0.038461538461538464	0.004694967929643589	0.011111481481481479	0.034482758620689655	0.021739130434782608	0.002544529262086514	0.3333333333333333	0.020833333333333332	0.043478260869565216	0.011765121245813286	0.5	0.038461538461538464	0.07142857142857142	0.008474719908072392	0.25	0.022727272727272728	0.05
ro	0.0	0.25	0.125	0.012987012987012988	1.0	0.14285714285714285	0.3333333333333333	0.07692307692307693	0.1	0.14287755102040817	0.2	0.0	0.25	0.0	0.16666666666666666	1.0	0.25	0.5	0.25	0.006711499482005315	0.013514061358655951	0.3333333333333333	0.09090909090909091	0.3333333333333333	0.047653088453532895	0.06666666666666667	0.3333333333333333	0.015384615384615385	0.0	0.2	1.0	0.012345679012345678	1.0	0.023809523809523808	0.2
ru	0.3333333333333333	0.02564102564102564	0.125	0.01020408163265306	0.1111111111111111	0.010752688172043012	0.022222222222222223	0.004672897196261682	0.007874015748031496	0.012048192771084338	0.016129032258064516	0.3333333333333333	0.045454545454545456	0.25	0.01639344262295082	0.07142857142857142	0.030303030303030304	0.04	0.022727272727272728	0.0049262539736465326	0.011494913462808825	0.025	0.002352941176470588	0.020833333333333332	0.06666666666666667	0.0005104645227156713	0.02564102564102564	0.011905754110119189	0.16666666666666666	0.006993006993006993	0.017241379310344827	0.008547154649718752	0.06666666666666667	0.022222222222222223	0.022222222222222223
sh	0.3333333333333333	0.025656810654176854	0.16666666666666666	0.013513513513513514	0.3333333333333333	0.02564431360946745	0.038461538461538464	0.025001875	0.02564102564102564	0.027032870708546382	0.05555555555555555	0.0	0.06666666666666667	0.5	0.02858204244897959	0.08333333333333333	0.034482758620689655	0.05263157894736842	0.02631578947368421	0.007299429911023497	0.014925818667854755	0.07142857142857142	0.027780094135802465	0.043478260869565216	0.3333333333333333	0.02564102564102564	0.02339343450483412	0.014925595901091559	1.0	0.034482758620689655	0.058823529411764705	0.012048192771084338	0.06666666666666667	0.023809523809523808	0.03333333333333333
si	0.05555555555555555	0.02127659574468085	0.16666666666666666	0.02702702702702703	0.01639344262295082	0.011904903628117915	0.01587326782564878	0.011363894628099173	0.011628042184964847	0.011764982698961937	0.0125003125	0.01449317370300357	0.01639344262295082	0.013157894736842105	0.012658388078833521	0.011904903628117915	0.01250015625	0.017543859649122806	0.018518861454046638	0.01818181818181818	0.029412629757785465	0.012345679012345678	0.012195121951219513	0.011765121245813286	0.015384615384615385	0.011905754110119189	0.014925595901091559	0.011386925582824094	0.013333689066844621	0.013157894736842105	0.01250015625	0.027777777777777776	0.01282051282051282	0.03571428571428571	0.011765259515570933
simple	1.0	1.0	0.14285714285714285	0.012345831428135955	1.0	0.125	0.5	0.1	0.1111111111111111	0.125	0.16666666666666666	0.0	1.0	1.0	0.14285714285714285	1.0	1.0	0.0	1.0	0.006451779396462018	0.012048483088982435	0.2	0.125	0.5	0.0	0.16666666666666666	1.0	0.013333689066844621	0.1	1.0	1.0	0.01098901098901099	1.0	0.02325635478637101	1.0
sr	0.3333333333333333	0.03333333333333333	0.125	0.012195121951219513	0.2	0.014925373134328358	0.027777777777777776	0.010869565217391304	0.013157894736842105	0.020833333333333332	0.027777777777777776	0.5	0.08333333333333333	0.3333333333333333	0.030303030303030304	0.07692307692307693	0.034482758620689655	0.05	0.030303030303030304	0.006289308176100629	0.012820677186061802	0.045454545454545456	0.008403361344537815	0.038461538461538464	0.2	0.006993006993006993	0.034482758620689655	0.013157894736842105	1.0	0.0049504950495049506	0.06666666666666667	0.010204185755935027	0.06666666666666667	0.023255813953488372	0.02631578947368421
sv	0.3333333333333333	0.06666666666666667	0.14285714285714285	0.01086968336483932	0.16666666666666666	0.05	0.07692307692307693	0.03333333333333333	0.05	0.058823529411764705	0.08333333333333333	0.0	0.07142857142857142	0.3333333333333333	0.05555555555555555	0.1	0.08333333333333333	0.3333333333333333	0.07142857142857142	0.005263434903047091	0.011494649227110581	0.058823529411764705	0.047619047619047616	0.07142857142857142	1.0	0.017241379310344827	0.058823529411764705	0.01250015625	1.0	0.06666666666666667	0.005962993514942431	0.00925943072702332	1.0	0.022222222222222223	0.1
te	0.047619047619047616	0.019231139053254437	0.25	0.02631578947368421	0.013333333333333334	0.008403361344537815	0.012345679012345678	0.008000064	0.008333333333333333	0.00847457627118644	0.009259259259259259	0.010869565217391304	0.011627906976744186	0.009900990099009901	0.008695727788279773	0.008772083718067099	0.009708832123668583	0.015625	0.01694915254237288	0.014084507042253521	0.020408996251561846	0.008695652173913044	0.008771929824561403	0.008474719908072392	0.012345679012345678	0.008547154649718752	0.012048192771084338	0.027777777777777776	0.01098901098901099	0.010204185755935027	0.00925943072702332	0.008007624330380495	0.009900990099009901	0.04	0.00884963583679223
vi	1.0	0.06666666666666667	0.14285714285714285	0.011494252873563218	0.0	0.06666666666666667	0.16666666666666666	0.0625	0.06666666666666667	0.07142857142857142	1.0	0.0	1.0	0.5	0.07692307692307693	1.0	0.06666666666666667	0.07142857142857142	0.06666666666666667	0.005814054894537587	0.0112360813028658	1.0	0.06666666666666667	0.25	1.0	0.06666666666666667	0.06666666666666667	0.01282051282051282	1.0	0.06666666666666667	1.0	0.009900990099009901	0.0625	0.022727272727272728	0.06666666666666667
war	0.07142857142857142	0.027777777777777776	0.16666666666666666	0.034482758620689655	0.023809523809523808	0.022222222222222223	0.023255813953488372	0.022222222222222223	0.022222222222222223	0.022222222222222223	0.023809523809523808	0.024390243902439025	0.024390243902439025	0.023255813953488372	0.022727272727272728	0.022222222222222223	0.022727272727272728	0.025	0.02631578947368421	0.024390243902439025	0.03225806451612903	0.022222222222222223	0.022727272727272728	0.022727272727272728	0.023809523809523808	0.022222222222222223	0.023809523809523808	0.03571428571428571	0.02325635478637101	0.023255813953488372	0.022222222222222223	0.04	0.022727272727272728	0.022223703703703704	0.022222222222222223
zh	0.3333333333333333	0.03333333333333333	0.14285714285714285	0.01086968336483932	0.25	0.025	0.047619047619047616	0.02127659574468085	0.022222222222222223	0.029411764705882353	0.0625	1.0	0.07142857142857142	0.3333333333333333	0.029411764705882353	0.07692307692307693	0.03125	0.05263157894736842	0.03125	0.00531948848460842	0.010989735660065331	0.07142857142857142	0.023809523809523808	0.05	0.2	0.022222222222222223	0.03333333333333333	0.011765259515570933	1.0	0.02631578947368421	0.1	0.00884963583679223	0.06666666666666667	0.022222222222222223	0.019230769230769232
