\RequirePackage{luatex85}
\documentclass{article}
\usepackage{tikz}
\usepackage{collcell}
\usepackage[no-math]{fontspec}
\usepackage[lm]{sfmath}
 \usetikzlibrary{positioning}
\usepackage[active,tightpage]{preview}
\PreviewEnvironment{tikzpicture}
\begin{document}%\footnotesize
 
 \definecolor{SeminarRot}{rgb}{0.75,0,0}
 \definecolor{SeminarGruen}{RGB}{0,128,0}
 \definecolor{SeminarOrange}{RGB}{237,167,45} % rgb: {0.93,0.65,0.18}
  \definecolor{SeminarBlau}{RGB}{0,154,224} % rgb: {0.93,0.65,0.18} 
 \definecolor{Braun}{RGB}{140,86,75} % rgb: {0.93,0.65,0.18}   
 %%% from http://texblog.org/2013/06/13/latex-heatmap-using-tabular/
 % provide min and max numbers for coloring mixing
 \newcommand*{\MinNumber}{1.0}
 \newcommand*{\MaxNumber}{0}
 % third value comes from table entry
 
 % color mixing macro:
 \makeatletter
 \newcommand{\ApplyGradient}[1]{%
  \ifdim\dimexpr#1pt=\@ne pt%
  \pgfmathsetmacro{\PercentColor}{100.0*(#1-\MinNumber)/(\MaxNumber-\MinNumber)}
  \hspace{-0.33em}\colorbox{SeminarGruen}{}
  \else
  \pgfmathsetmacro{\PercentColor}{100.0*(#1-\MinNumber)/(\MaxNumber-\MinNumber)}
  \hspace{-0.33em}\colorbox{white!\PercentColor!SeminarGruen}{}
  \fi
 }
 \makeatother
 
 % two color mixing macro, distinguishing positive from negative number:
 % positive: green
 % negative: red
 \makeatletter
 \newcommand{\ApplyTwoGradients}[1]{%
   \ifdim\dimexpr#1pt=\thr@@ pt
   \pgfmathsetmacro{\PercentColor}{100.0*(#1-\MinNumber)/(\MaxNumber-\MinNumber)}
   \hspace{-0.33em}\colorbox{Braun}{}
   \else
	\ifdim\dimexpr#1pt=\tw@ pt
   \pgfmathsetmacro{\PercentColor}{100.0*(#1-\MinNumber)/(\MaxNumber-\MinNumber)}
   \hspace{-0.33em}\colorbox{SeminarBlau}{}
   \else
   \ifdim\dimexpr#1pt=\z@%
   \pgfmathsetmacro{\PercentColor}{100.0*(#1-\MinNumber)/(\MaxNumber-\MinNumber)}
   \hspace{-0.33em}\colorbox{white}{}
   \else
   \ifdim\dimexpr#1pt>\z@
   \pgfmathsetmacro{\PercentColor}{100.0*(#1-\MinNumber)/(\MaxNumber-\MinNumber)}
   \hspace{-0.33em}\colorbox{white!\PercentColor!SeminarGruen}{}
   \else
   \pgfmathsetmacro{\PercentColor}{100.0*(-#1-\MinNumber)/(\MaxNumber-\MinNumber)}
   \hspace{-0.33em}\colorbox{white!\PercentColor!SeminarRot}{}
   \fi\fi\fi\fi
 } \makeatother 
 % attach macro to column type:
 \newcolumntype{R}{>{\collectcell\ApplyGradient}c<{\endcollectcell}}
 \newcolumntype{T}{>{\collectcell\ApplyTwoGradients}c<{\endcollectcell}}
 
 % remove spacing in tabular:
 \renewcommand{\arraystretch}{0}
 \setlength{\tabcolsep}{0pt}
 
 % set size of color boxes
 \setlength{\fboxsep}{2.5mm}
 
 \newcommand{\mcvert}[1]{\multicolumn{1}{c}{\rotatebox{90}{\space #1}}}
 \newcommand{\mchori}[1]{\multicolumn{1}{l}{\raisebox{-4pt}{#1}\rule{1em}{0pt}}}
\newcounter{colno}
\setcounter{colno}{100}
\stepcounter{colno}

\colorlet{colorone}{SeminarGruen}
\colorlet{colortwo}{SeminarRot}

\begin{tikzpicture}
\node [inner sep=0pt] (tab) {
\begin{tabular}{rTTTTTTTTTTTTTTTTTTTTTTTTTTTTTTTTTTTT}
 &  \mcvert{arz} & \mcvert{bs} & \mcvert{ceb} & \mcvert{ckb} & \mcvert{da} & \mcvert{de} & \mcvert{el} & \mcvert{en} & \mcvert{es} & \mcvert{fr} & \mcvert{he} & \mcvert{hi} & \mcvert{hu} & \mcvert{id} & \mcvert{it} & \mcvert{ja} & \mcvert{ko} & \mcvert{lv} & \mcvert{mk} & \mcvert{ml} & \mcvert{mr} & \mcvert{nl} & \mcvert{pl} & \mcvert{pt} & \mcvert{ro} & \mcvert{ru} & \mcvert{sh} & \mcvert{si} & \mcvert{simple} & \mcvert{sr} & \mcvert{sv} & \mcvert{te} & \mcvert{tr} & \mcvert{vi} & \mcvert{war} & \mcvert{zh} \\
\mchori{arz}  &  1.0  &  0.0  &  0.0  &  0.0  &  1.0  &  1.0  &  1.0  &  1.0  &  1.0  &  1.0  &  0.0  &  1.0  &  1.0  &  1.0  &  1.0  &  1.0  &  1.0  &  1.0  &  0.0  &  1.0  &  0.0  &  1.0  &  1.0  &  1.0  &  1.0  &  1.0  &  1.0  &  1.02  &  1.0  &  1.0  &  1.0  &  1.05  &  1.0  &  1.0  &  0.0  &  1.0 \\
\mchori{bs}  &  0.0  &  1.02  &  1.0  &  1.0  &  1.02  &  1.02  &  1.0  &  1.02  &  1.04  &  1.04  &  1.02  &  1.02  &  1.02  &  1.02  &  1.02  &  1.02  &  1.02  &  1.02  &  1.02  &  1.0  &  1.0  &  1.02  &  1.02  &  1.04  &  1.04  &  1.02  &  1.02  &  1.02  &  1.02  &  1.02  &  1.04  &  1.11  &  1.02  &  1.02  &  0.0  &  1.02 \\
\mchori{ceb}  &  0.0  &  1.0  &  1.0  &  1.0  &  1.0  &  1.0  &  1.0  &  1.0  &  1.0  &  1.0  &  1.0  &  1.0  &  1.0  &  1.0  &  1.0  &  1.0  &  1.0  &  1.0  &  0.0  &  1.0  &  0.0  &  1.0  &  1.0  &  1.0  &  1.0  &  0.0  &  1.0  &  0.0  &  1.0  &  1.0  &  1.0  &  1.0  &  1.0  &  1.0  &  0.0  &  1.0 \\
\mchori{ckb}  &  0.0  &  1.0  &  1.0  &  1.07  &  1.07  &  1.07  &  1.0  &  1.06  &  1.11  &  1.07  &  1.05  &  1.05  &  1.05  &  1.06  &  1.06  &  1.07  &  1.07  &  1.02  &  1.0  &  0.0  &  1.0  &  1.07  &  1.07  &  1.08  &  1.07  &  1.07  &  1.07  &  1.07  &  1.02  &  1.07  &  1.11  &  1.11  &  1.06  &  1.02  &  0.0  &  1.07 \\
\mchori{da}  &  1.0  &  1.02  &  1.0  &  1.07  &  2.47  &  1.93  &  1.09  &  1.72  &  1.27  &  1.41  &  1.16  &  1.11  &  1.13  &  1.18  &  1.29  &  1.28  &  1.3  &  1.11  &  1.02  &  1.02  &  1.02  &  1.74  &  1.56  &  1.62  &  1.21  &  1.34  &  1.3  &  1.07  &  1.14  &  1.2  &  2.19  &  1.23  &  1.24  &  1.17  &  1.0  &  1.34 \\
\mchori{de}  &  1.0  &  1.02  &  1.0  &  1.07  &  1.93  &  1.0  &  1.25  &  1.0  &  3.36  &  1.0  &  1.4  &  1.31  &  1.43  &  1.59  &  0.0  &  1.57  &  1.0  &  1.13  &  1.02  &  1.02  &  1.02  &  1.0  &  2.01  &  2.75  &  1.57  &  1.0  &  1.76  &  1.09  &  1.34  &  1.63  &  2.04  &  1.3  &  1.5  &  1.38  &  1.0  &  1.69 \\
\mchori{el}  &  1.0  &  1.0  &  1.0  &  1.0  &  1.09  &  1.25  &  1.41  &  1.65  &  1.37  &  1.36  &  1.13  &  1.07  &  1.22  &  1.15  &  1.47  &  1.25  &  1.2  &  1.07  &  1.0  &  1.02  &  1.0  &  1.2  &  1.2  &  1.41  &  1.2  &  1.27  &  1.15  &  1.07  &  1.11  &  1.2  &  1.2  &  1.18  &  1.25  &  1.11  &  1.0  &  1.23 \\
\mchori{en}  &  1.0  &  1.02  &  1.0  &  1.06  &  1.72  &  1.0  &  1.65  &  1.05  &  4.03  &  1.0  &  1.5  &  1.17  &  1.65  &  1.96  &  1.0  &  1.91  &  1.0  &  1.13  &  1.02  &  1.02  &  1.04  &  1.0  &  1.98  &  1.0  &  1.64  &  1.0  &  1.63  &  1.31  &  1.38  &  1.6  &  2.91  &  1.4  &  2.42  &  1.33  &  1.0  &  1.73 \\
\mchori{es}  &  1.0  &  1.04  &  1.0  &  1.11  &  1.27  &  3.36  &  1.37  &  4.03  &  4.94  &  2.79  &  1.52  &  1.22  &  1.67  &  1.73  &  2.38  &  1.99  &  1.7  &  1.16  &  1.04  &  1.02  &  1.04  &  2.59  &  2.42  &  3.28  &  1.43  &  2.0  &  1.8  &  1.08  &  1.95  &  1.84  &  2.47  &  1.31  &  1.7  &  1.49  &  1.0  &  1.77 \\
\mchori{fr}  &  1.0  &  1.04  &  1.0  &  1.07  &  1.41  &  1.0  &  1.36  &  1.0  &  2.79  &  1.0  &  1.39  &  1.18  &  1.44  &  1.61  &  0.0  &  1.66  &  1.0  &  1.14  &  1.04  &  1.02  &  1.04  &  1.0  &  1.94  &  2.63  &  1.38  &  1.0  &  1.43  &  1.14  &  1.61  &  1.54  &  2.04  &  1.29  &  1.45  &  1.29  &  1.0  &  1.56 \\
\mchori{he}  &  0.0  &  1.02  &  1.0  &  1.05  &  1.16  &  1.4  &  1.13  &  1.5  &  1.52  &  1.39  &  1.43  &  1.11  &  1.18  &  1.26  &  1.35  &  1.31  &  1.29  &  1.07  &  1.02  &  1.0  &  1.02  &  1.25  &  1.31  &  1.44  &  1.22  &  1.36  &  1.27  &  1.09  &  1.16  &  1.22  &  1.25  &  1.29  &  1.2  &  1.18  &  1.0  &  1.27 \\
\mchori{hi}  &  1.0  &  1.02  &  1.0  &  1.05  &  1.11  &  1.31  &  1.07  &  1.17  &  1.22  &  1.18  &  1.11  &  1.18  &  1.09  &  1.13  &  1.19  &  1.18  &  1.18  &  1.09  &  1.02  &  1.02  &  1.0  &  1.15  &  1.16  &  1.19  &  1.14  &  1.18  &  1.15  &  1.05  &  1.13  &  1.11  &  1.14  &  1.2  &  1.13  &  1.11  &  0.0  &  1.18 \\
\mchori{hu}  &  1.0  &  1.02  &  1.0  &  1.05  &  1.13  &  1.43  &  1.22  &  1.65  &  1.67  &  1.44  &  1.18  &  1.09  &  1.53  &  1.25  &  1.48  &  1.27  &  1.22  &  1.11  &  1.02  &  1.02  &  1.02  &  1.33  &  1.35  &  1.83  &  1.27  &  1.31  &  1.3  &  1.07  &  1.13  &  1.22  &  1.3  &  1.13  &  1.18  &  1.09  &  1.0  &  1.22 \\
\mchori{id}  &  1.0  &  1.02  &  1.0  &  1.06  &  1.18  &  1.59  &  1.15  &  1.96  &  1.73  &  1.61  &  1.26  &  1.13  &  1.25  &  4.07  &  1.64  &  1.42  &  1.4  &  1.1  &  1.02  &  1.02  &  1.02  &  1.72  &  1.53  &  1.81  &  1.34  &  1.47  &  1.58  &  1.09  &  1.18  &  1.36  &  1.43  &  1.27  &  1.3  &  1.17  &  1.0  &  1.42 \\
\mchori{it}  &  1.0  &  1.02  &  1.0  &  1.06  &  1.29  &  0.0  &  1.47  &  1.0  &  2.38  &  0.0  &  1.35  &  1.19  &  1.48  &  1.64  &  1.0  &  1.57  &  0.0  &  1.14  &  1.02  &  1.04  &  1.02  &  0.0  &  1.89  &  1.0  &  1.36  &  0.0  &  1.49  &  1.08  &  1.55  &  1.5  &  1.98  &  1.42  &  1.45  &  1.3  &  1.0  &  1.6 \\
\mchori{ja}  &  1.0  &  1.02  &  1.0  &  1.07  &  1.28  &  1.57  &  1.25  &  1.91  &  1.99  &  1.66  &  1.31  &  1.18  &  1.27  &  1.42  &  1.57  &  1.84  &  1.6  &  1.13  &  1.02  &  1.02  &  1.02  &  1.64  &  1.5  &  1.82  &  1.28  &  1.58  &  1.39  &  1.09  &  1.24  &  1.34  &  1.41  &  1.29  &  1.32  &  1.2  &  1.0  &  1.61 \\
\mchori{ko}  &  1.0  &  1.02  &  1.0  &  1.07  &  1.3  &  1.0  &  1.2  &  1.0  &  1.7  &  1.0  &  1.29  &  1.18  &  1.22  &  1.4  &  0.0  &  1.6  &  1.0  &  1.13  &  1.02  &  1.02  &  1.02  &  1.0  &  1.5  &  1.73  &  1.28  &  1.0  &  1.29  &  1.09  &  1.24  &  1.31  &  1.48  &  1.29  &  1.27  &  1.18  &  1.0  &  1.52 \\
\mchori{lv}  &  1.0  &  1.02  &  1.0  &  1.02  &  1.11  &  1.13  &  1.07  &  1.13  &  1.16  &  1.14  &  1.07  &  1.09  &  1.11  &  1.1  &  1.14  &  1.13  &  1.13  &  1.13  &  1.02  &  1.02  &  1.02  &  1.14  &  1.14  &  1.27  &  1.12  &  1.13  &  1.11  &  1.07  &  1.13  &  1.11  &  1.14  &  1.18  &  1.1  &  1.09  &  1.0  &  1.11 \\
\mchori{mk}  &  0.0  &  1.02  &  0.0  &  1.0  &  1.02  &  1.02  &  1.0  &  1.02  &  1.04  &  1.04  &  1.02  &  1.02  &  1.02  &  1.02  &  1.02  &  1.02  &  1.02  &  1.02  &  1.05  &  1.0  &  1.0  &  1.02  &  1.02  &  1.04  &  1.04  &  1.05  &  1.02  &  1.05  &  1.02  &  1.02  &  1.04  &  1.11  &  1.02  &  1.02  &  0.0  &  1.02 \\
\mchori{ml}  &  1.0  &  1.0  &  1.0  &  0.0  &  1.02  &  1.02  &  1.02  &  1.02  &  1.02  &  1.02  &  1.0  &  1.02  &  1.02  &  1.02  &  1.04  &  1.02  &  1.02  &  1.02  &  1.0  &  1.02  &  0.0  &  1.02  &  1.02  &  1.02  &  1.04  &  1.02  &  1.02  &  1.05  &  1.02  &  1.02  &  1.02  &  1.13  &  1.02  &  1.02  &  0.0  &  1.02 \\
\mchori{mr}  &  0.0  &  1.0  &  0.0  &  1.0  &  1.02  &  1.02  &  1.0  &  1.04  &  1.04  &  1.04  &  1.02  &  1.0  &  1.02  &  1.02  &  1.02  &  1.02  &  1.02  &  1.02  &  1.0  &  0.0  &  1.02  &  1.02  &  1.02  &  1.15  &  1.02  &  1.02  &  1.02  &  1.02  &  1.02  &  1.02  &  1.04  &  1.09  &  1.02  &  1.02  &  1.0  &  1.0 \\
\mchori{nl}  &  1.0  &  1.02  &  1.0  &  1.07  &  1.74  &  1.0  &  1.2  &  1.0  &  2.59  &  1.0  &  1.25  &  1.15  &  1.33  &  1.72  &  0.0  &  1.64  &  1.0  &  1.14  &  1.02  &  1.02  &  1.02  &  1.0  &  3.08  &  3.02  &  1.84  &  1.0  &  1.68  &  1.07  &  1.3  &  1.47  &  2.57  &  1.34  &  1.37  &  1.17  &  1.0  &  1.59 \\
\mchori{pl}  &  1.0  &  1.02  &  1.0  &  1.07  &  1.56  &  2.01  &  1.2  &  1.98  &  2.42  &  1.94  &  1.31  &  1.16  &  1.35  &  1.53  &  1.89  &  1.5  &  1.5  &  1.14  &  1.02  &  1.02  &  1.02  &  3.08  &  4.89  &  2.96  &  1.88  &  1.91  &  1.58  &  1.09  &  1.28  &  1.62  &  3.76  &  1.35  &  1.44  &  1.16  &  1.0  &  1.53 \\
\mchori{pt}  &  1.0  &  1.04  &  1.0  &  1.08  &  1.62  &  2.75  &  1.41  &  1.0  &  3.28  &  2.63  &  1.44  &  1.19  &  1.83  &  1.81  &  1.0  &  1.82  &  1.73  &  1.27  &  1.04  &  1.02  &  1.15  &  3.02  &  2.96  &  1.02  &  1.94  &  1.0  &  1.9  &  1.09  &  1.52  &  1.86  &  2.88  &  1.31  &  1.78  &  1.41  &  1.0  &  1.64 \\
\mchori{ro}  &  1.0  &  1.04  &  1.0  &  1.07  &  1.21  &  1.57  &  1.2  &  1.64  &  1.43  &  1.38  &  1.22  &  1.14  &  1.27  &  1.34  &  1.36  &  1.28  &  1.28  &  1.12  &  1.04  &  1.04  &  1.02  &  1.84  &  1.88  &  1.94  &  1.76  &  1.32  &  1.31  &  1.07  &  1.14  &  1.27  &  1.87  &  1.18  &  1.35  &  1.14  &  1.0  &  1.27 \\
\mchori{ru}  &  1.0  &  1.02  &  0.0  &  1.07  &  1.34  &  1.0  &  1.27  &  1.0  &  2.0  &  1.0  &  1.36  &  1.18  &  1.31  &  1.47  &  0.0  &  1.58  &  1.0  &  1.13  &  1.05  &  1.02  &  1.02  &  1.0  &  1.91  &  1.0  &  1.32  &  1.0  &  1.4  &  1.09  &  1.24  &  1.45  &  1.55  &  1.29  &  1.45  &  1.2  &  1.0  &  1.58 \\
\mchori{sh}  &  1.0  &  1.02  &  1.0  &  1.07  &  1.3  &  1.76  &  1.15  &  1.63  &  1.8  &  1.43  &  1.27  &  1.15  &  1.3  &  1.58  &  1.49  &  1.39  &  1.29  &  1.11  &  1.02  &  1.02  &  1.02  &  1.68  &  1.58  &  1.9  &  1.31  &  1.4  &  1.71  &  1.11  &  1.2  &  1.31  &  1.51  &  1.34  &  1.4  &  1.17  &  1.0  &  1.33 \\
\mchori{si}  &  1.02  &  1.02  &  0.0  &  1.07  &  1.07  &  1.09  &  1.07  &  1.31  &  1.08  &  1.14  &  1.09  &  1.05  &  1.07  &  1.09  &  1.08  &  1.09  &  1.09  &  1.07  &  1.05  &  1.05  &  1.02  &  1.07  &  1.09  &  1.09  &  1.07  &  1.09  &  1.11  &  1.19  &  1.09  &  1.09  &  1.09  &  1.07  &  1.07  &  1.09  &  1.02  &  1.09 \\
\mchori{simple}  &  1.0  &  1.02  &  1.0  &  1.02  &  1.14  &  1.34  &  1.11  &  1.38  &  1.95  &  1.61  &  1.16  &  1.13  &  1.13  &  1.18  &  1.55  &  1.24  &  1.24  &  1.13  &  1.02  &  1.02  &  1.02  &  1.3  &  1.28  &  1.52  &  1.14  &  1.24  &  1.2  &  1.09  &  1.45  &  1.17  &  1.27  &  1.25  &  1.15  &  1.13  &  1.0  &  1.22 \\
\mchori{sr}  &  1.0  &  1.02  &  1.0  &  1.07  &  1.2  &  1.63  &  1.2  &  1.6  &  1.84  &  1.54  &  1.22  &  1.11  &  1.22  &  1.36  &  1.5  &  1.34  &  1.31  &  1.11  &  1.02  &  1.02  &  1.02  &  1.47  &  1.62  &  1.86  &  1.27  &  1.45  &  1.31  &  1.09  &  1.17  &  1.54  &  1.67  &  1.29  &  1.26  &  1.23  &  1.0  &  1.36 \\
\mchori{sv}  &  1.0  &  1.04  &  1.0  &  1.11  &  2.19  &  2.04  &  1.2  &  2.91  &  2.47  &  2.04  &  1.25  &  1.14  &  1.3  &  1.43  &  1.98  &  1.41  &  1.48  &  1.14  &  1.04  &  1.02  &  1.04  &  2.57  &  3.76  &  2.88  &  1.87  &  1.55  &  1.51  &  1.09  &  1.27  &  1.67  &  4.28  &  1.29  &  1.37  &  1.2  &  1.0  &  1.45 \\
\mchori{te}  &  1.05  &  1.11  &  1.0  &  1.11  &  1.23  &  1.3  &  1.18  &  1.4  &  1.31  &  1.29  &  1.29  &  1.2  &  1.13  &  1.27  &  1.42  &  1.29  &  1.29  &  1.18  &  1.11  &  1.13  &  1.09  &  1.34  &  1.35  &  1.31  &  1.18  &  1.29  &  1.34  &  1.07  &  1.25  &  1.29  &  1.29  &  1.32  &  1.2  &  1.25  &  1.02  &  1.32 \\
\mchori{tr}  &  1.0  &  1.02  &  1.0  &  1.06  &  1.24  &  1.5  &  1.25  &  2.42  &  1.7  &  1.45  &  1.2  &  1.13  &  1.18  &  1.3  &  1.45  &  1.32  &  1.27  &  1.1  &  1.02  &  1.02  &  1.02  &  1.37  &  1.44  &  1.78  &  1.35  &  1.45  &  1.4  &  1.07  &  1.15  &  1.26  &  1.37  &  1.2  &  2.76  &  1.23  &  1.0  &  1.31 \\
\mchori{vi}  &  1.0  &  1.02  &  1.0  &  1.02  &  1.17  &  1.38  &  1.11  &  1.33  &  1.49  &  1.29  &  1.18  &  1.11  &  1.09  &  1.17  &  1.3  &  1.2  &  1.18  &  1.09  &  1.02  &  1.02  &  1.02  &  1.17  &  1.16  &  1.41  &  1.14  &  1.2  &  1.17  &  1.09  &  1.13  &  1.23  &  1.2  &  1.25  &  1.23  &  1.29  &  1.0  &  1.18 \\
\mchori{war}  &  0.0  &  0.0  &  0.0  &  0.0  &  1.0  &  1.0  &  1.0  &  1.0  &  1.0  &  1.0  &  1.0  &  0.0  &  1.0  &  1.0  &  1.0  &  1.0  &  1.0  &  1.0  &  0.0  &  0.0  &  1.0  &  1.0  &  1.0  &  1.0  &  1.0  &  1.0  &  1.0  &  1.02  &  1.0  &  1.0  &  1.0  &  1.02  &  1.0  &  1.0  &  1.0  &  0.0 \\
\mchori{zh}  &  1.0  &  1.02  &  1.0  &  1.07  &  1.34  &  1.69  &  1.23  &  1.73  &  1.77  &  1.56  &  1.27  &  1.18  &  1.22  &  1.42  &  1.6  &  1.61  &  1.52  &  1.11  &  1.02  &  1.02  &  1.0  &  1.59  &  1.53  &  1.64  &  1.27  &  1.58  &  1.33  &  1.09  &  1.22  &  1.36  &  1.45  &  1.32  &  1.31  &  1.18  &  0.0  &  1.74 \\
\end{tabular}
};
\end{tikzpicture}

\end{document}
