arz	bs	ceb	ckb	da	de	el	en	es	fr	he	hi	hu	id	it	ja	ko	lv	mk	ml	mr	nl	pl	pt	ro	ru	sh	si	simple	sr	sv	te	vi	war	zh
arz	1.0	1.0	0.0	1.0	1.0	1.0	1.0	1.0	1.0	1.0	1.0	1.0	1.0	1.0	1.0	1.0	1.0	1.0	0.0	1.0	0.0	1.0	1.0	1.0	1.0	1.0	1.0	0.0	1.0	1.0	1.0	0.0	1.0	1.0	1.0
bs	1.0	1.0	1.0	1.0	0.7411828468492556	0.6100554149596592	1.0	0.3084868449885171	0.6499913553099703	0.6499913553099703	0.7347168825662656	0.7584325078215763	0.7510341748895938	0.6786291688147437	0.4036936906743018	0.7322034805959264	0.7322034805959264	1.0	1.0	1.0	1.0	0.6108894819461956	0.6518155124769263	0.29538054387274554	0.7411828468492556	0.7347168825662656	0.41880699275481875	0.0	0.7992591943912659	0.5437926559448695	0.6499913553099703	1.0	0.6562661056221564	1.0	0.7322034805959264
ceb	0.0	1.0	1.0	1.0	1.0	1.0	1.0	1.0	1.0	1.0	1.0	1.0	1.0	1.0	1.0	1.0	1.0	1.0	0.0	1.0	0.0	1.0	1.0	1.0	1.0	0.0	1.0	0.0	1.0	1.0	1.0	1.0	1.0	0.0	1.0
ckb	1.0	1.0	1.0	1.0	1.0	0.6740515375688697	1.0	0.5973329889831545	0.7322034805959263	0.6216387126951446	1.0	1.0	0.6131109307903289	1.0	0.5973329889831545	1.0	1.0	1.0	1.0	1.0	1.0	0.7865377663035593	1.0	0.31300714365047805	0.7347168825662658	1.0	0.2980552688417345	1.0	0.6841174893561722	0.6504036062041291	1.0	1.0	1.0	1.0	1.0
da	1.0	0.7411828468492556	1.0	1.0	1.0	0.3780569923035685	0.7248485669756152	0.2823166957588111	0.3425090422811528	0.3805854834306441	0.5550777313258431	1.0	0.5019762832086777	0.4860919822715944	0.3190784417608195	0.555077731325843	0.5617690240409906	0.6667969795412325	1.0	0.7300208629885034	1.0	0.22340957154839736	0.4363703325119223	0.2906693853240959	0.5343656155464241	0.5326080173754247	0.45204016242099465	1.0	0.51262124047655	0.20092963621368848	0.4388869900678016	0.7411828468492556	0.6387582247399602	1.0	0.5637353428692484
de	1.0	0.6100554149596592	1.0	0.6740515375688697	0.3780569923035685	1.0	0.5144921630112118	0.1655158370282848	0.20652161861520796	0.18602806493131385	0.35628673509247294	0.5344295489940193	0.4551732262983481	0.30179525301966653	0.1798767957042233	0.35552024048454495	0.3953144948239224	0.4876755609412274	0.7322034805959263	0.569826242322618	1.0	0.18867446813493802	0.1816303542767468	0.23030033506529105	0.43934605174706276	0.308717651758464	0.3655440118838954	1.0	0.3368287772524918	0.19978395859276765	0.22236978738508717	0.5884805555915986	0.43503195033592984	1.0	0.39244642983361816
el	1.0	1.0	1.0	1.0	0.7248485669756152	0.5144921630112118	1.0	0.5096812432910393	0.4521239048486117	0.48606029763419867	1.0	1.0	0.5669478801014288	0.5709468061112449	0.46362252284960864	1.0	1.0	0.7322034805959264	1.0	1.0	1.0	0.39178737552762294	0.5850722921121674	0.2931430304197861	0.6193113617177751	0.7199285383279772	0.3056439840496287	1.0	0.6254303192325079	0.578437973836466	0.5459507663428896	1.0	0.7248485669756152	1.0	1.0
en	1.0	0.3084868449885171	1.0	0.5973329889831545	0.2823166957588111	0.1655158370282848	0.5096812432910393	1.0	0.16290477001100107	0.14103091115293406	0.2557649058130035	0.5222732981279109	0.4614537077913742	0.22455821249340913	0.16628377891812332	0.19165996403618582	0.20308053836665185	0.5454826398843226	0.543240437640808	0.3938169981938859	0.4417255608795031	0.15930669622930452	0.15123227339966921	0.18093027078948318	0.3033620199762588	0.17274152177553845	0.21462228982174614	1.0	0.27963726994980087	0.1544857425520458	0.16732404381726593	0.5909784681460023	0.2320241554190808	0.7863954451402115	0.20268094508392542
es	1.0	0.6499913553099703	1.0	0.7322034805959263	0.3425090422811528	0.20652161861520796	0.4521239048486117	0.16290477001100107	1.0	0.1600764115513888	0.2952968484336655	0.512653939185207	0.4484194608291097	0.26452006050861004	0.19110670998034573	0.3091354522674985	0.33068650066246835	0.5716064180618636	0.6660746307207602	1.0	0.7510341748895938	0.18587925146888565	0.1745169426612344	0.19882235271097073	0.3892513218262684	0.26038683066295837	0.3067509545093523	1.0	0.3464971656226747	0.17012319517554672	0.2148216115988634	0.5831180815426569	0.41655899761024323	1.0	0.30858312945786076
fr	1.0	0.6499913553099703	1.0	0.6216387126951446	0.3805854834306441	0.18602806493131385	0.48606029763419867	0.14103091115293406	0.1600764115513888	1.0	0.2994800838358668	0.5047050834281114	0.4703283555246017	0.24741542279524115	0.1830745263546978	0.27838792019765735	0.3218140622823308	0.566673911008512	0.7322034805959263	0.661251134120194	1.0	0.16546863481543087	0.16514381740414139	0.19346941781201885	0.36837828249428256	0.20144622172681775	0.2957589888749696	1.0	0.36169559928205625	0.17048899920656724	0.17994203202495282	1.0	0.48594118615684706	1.0	0.2948608194294837
he	1.0	0.7347168825662656	1.0	1.0	0.5550777313258431	0.35628673509247294	1.0	0.2557649058130035	0.2952968484336655	0.2994800838358668	1.0	1.0	0.4563056025893197	0.458964855013059	0.2711608697650058	1.0	1.0	0.6221982196391784	1.0	1.0	1.0	0.23440302456034198	0.3569679973871327	0.2908338623535022	0.5539028676859221	0.6322610359138847	0.4957929332770294	1.0	0.49204851729439536	0.19519085240308834	0.3344701486348954	1.0	0.7134542832283587	1.0	1.0
hi	1.0	0.7584325078215763	1.0	1.0	1.0	0.5344295489940193	1.0	0.5222732981279109	0.512653939185207	0.5047050834281114	1.0	1.0	0.6044414021866646	0.6589257440209708	0.5044431196590646	1.0	1.0	0.6908587525207898	1.0	1.0	1.0	0.5811553318769718	1.0	0.3811678224322581	0.6667969795412325	1.0	0.5382262229080146	1.0	0.661251134120194	0.7248485669756152	0.651610424238932	1.0	1.0	1.0	1.0
hu	1.0	0.7510341748895938	1.0	0.6131109307903289	0.5019762832086777	0.4551732262983481	0.5669478801014288	0.4614537077913742	0.4484194608291097	0.4703283555246017	0.4563056025893197	0.6044414021866646	1.0	0.4468543257607278	0.40023026621975205	0.49362392257358506	0.5350516903269449	0.5458668652503722	0.6994017365373274	0.6908587525207898	0.7863954451402115	0.2750899642026184	0.4567266090692377	0.3999670756133273	0.5403917359337316	0.46308267421195	0.43970233220685806	1.0	0.5190375468715196	0.3489210092725099	0.44073161027575264	0.7510341748895938	0.5477377881719502	0.7863954451402115	0.4945152690770077
id	1.0	0.6786291688147437	1.0	1.0	0.4860919822715944	0.30179525301966653	0.5709468061112449	0.22455821249340913	0.26452006050861004	0.24741542279524115	0.458964855013059	0.6589257440209708	0.4468543257607278	1.0	0.1994060042667835	0.4237503408676708	0.49946072967490296	0.5845432025874147	0.7347168825662656	0.7177152972764674	1.0	0.2320321549341465	0.3411295359070458	0.24353311146891432	0.47441073004972745	0.4167989818359309	0.40766500959580876	1.0	0.4410272016337175	0.23706802459329426	0.2924211394629461	1.0	0.5122347283997546	1.0	0.37716081368162413
it	1.0	0.4036936906743018	1.0	0.5973329889831545	0.3190784417608195	0.1798767957042233	0.46362252284960864	0.16628377891812332	0.19110670998034573	0.1830745263546978	0.2711608697650058	0.5044431196590646	0.40023026621975205	0.1994060042667835	1.0	0.24873207897350452	0.27630108751021115	0.4680592916974737	0.5643747533284127	0.5459136469738959	0.7510341748895939	0.18321586058737488	0.16041126426327637	0.18713312117024922	0.3524417928916643	0.2414056963862552	0.19627196795533833	1.0	0.29281828238950913	0.16194116212924733	0.1900544320068036	0.6436895599575894	0.26670564157515936	1.0	0.2775617316266166
ja	1.0	0.7322034805959264	1.0	1.0	0.555077731325843	0.35552024048454495	1.0	0.19165996403618582	0.3091354522674985	0.27838792019765735	1.0	1.0	0.49362392257358506	0.4237503408676708	0.24873207897350452	1.0	1.0	0.6254303192325079	1.0	1.0	1.0	0.26622333074649596	0.34995320402518293	0.25686093809221366	0.5484423345109759	0.6305763671857718	0.4717657755138482	1.0	0.4639140946706629	0.2865914406535515	0.30652212363019404	1.0	0.7128329397683223	1.0	1.0
ko	1.0	0.7322034805959264	1.0	1.0	0.5617690240409906	0.3953144948239224	1.0	0.20308053836665185	0.33068650066246835	0.3218140622823308	1.0	1.0	0.5350516903269449	0.49946072967490296	0.27630108751021115	1.0	1.0	0.6638546162332061	1.0	1.0	1.0	0.3477832553523555	0.36064732186043663	0.27875142157929156	0.5788148614446593	0.6341911409180053	0.4957140304369142	1.0	0.4758650057701724	0.3042656909947947	0.3391241038392424	1.0	0.7128329397683222	1.0	1.0
lv	1.0	1.0	1.0	1.0	0.6667969795412325	0.4876755609412274	0.7322034805959264	0.5454826398843226	0.5716064180618636	0.566673911008512	0.6221982196391784	0.6908587525207898	0.5458668652503722	0.5845432025874147	0.4680592916974737	0.6254303192325079	0.6638546162332061	1.0	1.0	1.0	1.0	0.4797699827870193	0.5562353665909734	0.353468201191172	0.6031722582632507	0.6930715138829228	0.4306294831446002	1.0	0.833606173141405	0.4509643575380088	0.4987239769234412	1.0	0.6093096912777514	1.0	0.6254303192325079
mk	0.0	1.0	0.0	1.0	1.0	0.7322034805959263	1.0	0.543240437640808	0.6660746307207602	0.7322034805959263	1.0	1.0	0.6994017365373274	0.7347168825662656	0.5643747533284127	1.0	1.0	1.0	1.0	1.0	1.0	0.7322034805959264	1.0	0.32928939869022217	1.0	1.0	0.5783486198435819	1.0	1.0	0.7106824291060084	0.7322034805959263	1.0	0.7376607345031153	1.0	1.0
ml	1.0	1.0	1.0	1.0	0.7300208629885034	0.569826242322618	1.0	0.3938169981938859	1.0	0.661251134120194	1.0	1.0	0.6908587525207898	0.7177152972764674	0.5459136469738959	1.0	1.0	1.0	1.0	1.0	1.0	0.5558460033559874	0.6638546162332061	0.36885793501213926	0.661251134120194	0.728099120889861	0.5529806313111676	1.0	0.7263875964832449	0.5744214629979281	0.6897980180502762	1.0	0.7300208629885034	1.0	1.0
mr	0.0	1.0	0.0	1.0	1.0	1.0	1.0	0.4417255608795031	0.7510341748895938	1.0	1.0	1.0	0.7863954451402115	1.0	0.7510341748895939	1.0	1.0	1.0	1.0	1.0	1.0	1.0	1.0	0.7106922308883378	0.7690990303325336	1.0	0.6335068920221896	1.0	1.0	0.7510341748895938	0.7510341748895939	1.0	1.0	1.0	1.0
nl	1.0	0.6108894819461956	1.0	0.7865377663035593	0.22340957154839736	0.18867446813493802	0.39178737552762294	0.15930669622930452	0.18587925146888565	0.16546863481543087	0.23440302456034198	0.5811553318769718	0.2750899642026184	0.2320321549341465	0.18321586058737488	0.26622333074649596	0.3477832553523555	0.4797699827870193	0.7322034805959264	0.5558460033559874	1.0	1.0	0.20717785857231616	0.19262089730383444	0.4021444308640249	0.2760063836690831	0.27440003173519295	1.0	0.36672482135394435	0.20651853367771184	0.1874983047037489	1.0	0.4138932705217118	1.0	0.28452284969495056
pl	1.0	0.6518155124769263	1.0	1.0	0.4363703325119223	0.1816303542767468	0.5850722921121674	0.15123227339966921	0.1745169426612344	0.16514381740414139	0.3569679973871327	1.0	0.4567266090692377	0.3411295359070458	0.16041126426327637	0.34995320402518293	0.36064732186043663	0.5562353665909734	1.0	0.6638546162332061	1.0	0.20717785857231616	1.0	0.16554091204805255	0.4337757109923678	0.31788800268797485	0.3280191609942254	1.0	0.41880636163875545	0.17426054674748567	0.24036279692909338	1.0	0.41969442696027925	1.0	0.3563821586775298
pt	1.0	0.29538054387274554	1.0	0.31300714365047805	0.2906693853240959	0.23030033506529105	0.2931430304197861	0.18093027078948318	0.19882235271097073	0.19346941781201885	0.2908338623535022	0.3811678224322581	0.3999670756133273	0.24353311146891432	0.18713312117024922	0.25686093809221366	0.27875142157929156	0.353468201191172	0.32928939869022217	0.36885793501213926	0.7106922308883378	0.19262089730383444	0.16554091204805255	1.0	0.29093440634559825	0.289215549556683	0.2980507842240933	1.0	0.273465082010123	0.16438681767387744	0.22929428393390983	0.4438958717358883	0.25392095140259235	1.0	0.2975122644336118
ro	1.0	0.7411828468492556	1.0	0.7347168825662658	0.5343656155464241	0.43934605174706276	0.6193113617177751	0.3033620199762588	0.3892513218262684	0.36837828249428256	0.5539028676859221	0.6667969795412325	0.5403917359337316	0.47441073004972745	0.3524417928916643	0.5484423345109759	0.5788148614446593	0.6031722582632507	1.0	0.661251134120194	0.7690990303325336	0.4021444308640249	0.4337757109923678	0.29093440634559825	1.0	0.5082860428691635	0.4849830707804603	1.0	0.500938591877591	0.4088787501598246	0.41856564334384355	1.0	0.5670142511275138	1.0	0.5719241620521028
ru	1.0	0.7347168825662656	0.0	1.0	0.5326080173754247	0.308717651758464	0.7199285383279772	0.17274152177553845	0.26038683066295837	0.20144622172681775	0.6322610359138847	1.0	0.46308267421195	0.4167989818359309	0.2414056963862552	0.6305763671857718	0.6341911409180053	0.6930715138829228	1.0	0.728099120889861	1.0	0.2760063836690831	0.31788800268797485	0.289215549556683	0.5082860428691635	1.0	0.4520659701669876	1.0	0.5032227918651837	0.20029958773960183	0.3065719013360058	1.0	0.6328903638342454	1.0	0.632718269088229
sh	1.0	0.41880699275481875	1.0	0.2980552688417345	0.45204016242099465	0.3655440118838954	0.3056439840496287	0.21462228982174614	0.3067509545093523	0.2957589888749696	0.4957929332770294	0.5382262229080146	0.43970233220685806	0.40766500959580876	0.19627196795533833	0.4717657755138482	0.4957140304369142	0.4306294831446002	0.5783486198435819	0.5529806313111676	0.6335068920221896	0.27440003173519295	0.3280191609942254	0.2980507842240933	0.4849830707804603	0.4520659701669876	1.0	1.0	0.44781412572288054	0.23125431629732623	0.3573197691661293	0.5416821841381871	0.5587269383572623	0.5480953166963739	0.47084446598539526
si	0.0	0.0	0.0	1.0	1.0	1.0	1.0	1.0	1.0	1.0	1.0	1.0	1.0	1.0	1.0	1.0	1.0	1.0	1.0	1.0	1.0	1.0	1.0	1.0	1.0	1.0	1.0	1.0	1.0	1.0	1.0	1.0	1.0	1.0	1.0
simple	1.0	0.7992591943912659	1.0	0.6841174893561722	0.51262124047655	0.3368287772524918	0.6254303192325079	0.27963726994980087	0.3464971656226747	0.36169559928205625	0.49204851729439536	0.661251134120194	0.5190375468715196	0.4410272016337175	0.29281828238950913	0.4639140946706629	0.4758650057701724	0.833606173141405	1.0	0.7263875964832449	1.0	0.36672482135394435	0.41880636163875545	0.273465082010123	0.500938591877591	0.5032227918651837	0.44781412572288054	1.0	1.0	0.32452573799528084	0.37090477397619787	0.7350825144791149	0.5201979709236573	1.0	0.5200183759961052
sr	1.0	0.5437926559448695	1.0	0.6504036062041291	0.20092963621368848	0.19978395859276765	0.578437973836466	0.1544857425520458	0.17012319517554672	0.17048899920656724	0.19519085240308834	0.7248485669756152	0.3489210092725099	0.23706802459329426	0.16194116212924733	0.2865914406535515	0.3042656909947947	0.4509643575380088	0.7106824291060084	0.5744214629979281	0.7510341748895938	0.20651853367771184	0.17426054674748567	0.16438681767387744	0.4088787501598246	0.20029958773960183	0.23125431629732623	1.0	0.32452573799528084	1.0	0.19552909795965254	0.6786291688147437	0.22808354428108818	1.0	0.24987295188073744
sv	1.0	0.6499913553099703	1.0	1.0	0.4388869900678016	0.22236978738508717	0.5459507663428896	0.16732404381726593	0.2148216115988634	0.17994203202495282	0.3344701486348954	0.651610424238932	0.44073161027575264	0.2924211394629461	0.1900544320068036	0.30652212363019404	0.3391241038392424	0.4987239769234412	0.7322034805959263	0.6897980180502762	0.7510341748895939	0.1874983047037489	0.24036279692909338	0.22929428393390983	0.41856564334384355	0.3065719013360058	0.3573197691661293	1.0	0.37090477397619787	0.19552909795965254	1.0	0.7347168825662656	0.5017966130047358	1.0	0.320570907521932
te	0.0	1.0	1.0	1.0	0.7411828468492556	0.5884805555915986	1.0	0.5909784681460023	0.5831180815426569	1.0	1.0	1.0	0.7510341748895938	1.0	0.6436895599575894	1.0	1.0	1.0	1.0	1.0	1.0	1.0	1.0	0.4438958717358883	1.0	1.0	0.5416821841381871	1.0	0.7350825144791149	0.6786291688147437	0.7347168825662656	1.0	1.0	1.0	1.0
vi	1.0	0.6562661056221564	1.0	1.0	0.6387582247399602	0.43503195033592984	0.7248485669756152	0.2320241554190808	0.41655899761024323	0.48594118615684706	0.7134542832283587	1.0	0.5477377881719502	0.5122347283997546	0.26670564157515936	0.7128329397683223	0.7128329397683222	0.6093096912777514	0.7376607345031153	0.7300208629885034	1.0	0.4138932705217118	0.41969442696027925	0.25392095140259235	0.5670142511275138	0.6328903638342454	0.5587269383572623	1.0	0.5201979709236573	0.22808354428108818	0.5017966130047358	1.0	1.0	1.0	0.7111374370280844
war	1.0	1.0	0.0	1.0	1.0	1.0	1.0	0.7863954451402115	1.0	1.0	1.0	1.0	0.7863954451402115	1.0	1.0	1.0	1.0	1.0	1.0	1.0	1.0	1.0	1.0	1.0	1.0	1.0	0.5480953166963739	1.0	1.0	1.0	1.0	1.0	1.0	1.0	1.0
zh	1.0	0.7322034805959264	1.0	1.0	0.5637353428692484	0.39244642983361816	1.0	0.20268094508392542	0.30858312945786076	0.2948608194294837	1.0	1.0	0.4945152690770077	0.37716081368162413	0.2775617316266166	1.0	1.0	0.6254303192325079	1.0	1.0	1.0	0.28452284969495056	0.3563821586775298	0.2975122644336118	0.5719241620521028	0.632718269088229	0.47084446598539526	1.0	0.5200183759961052	0.24987295188073744	0.320570907521932	1.0	0.7111374370280844	1.0	1.0
