arz	bs	ceb	ckb	da	de	el	en	es	fr	he	hi	hu	id	it	ja	ko	lv	mk	ml	mr	nl	pl	pt	ro	ru	sh	si	simple	sr	sv	te	vi	war	zh
arz	1.0	0.378561736770692	0.3125	0.3143939393939394	0.19047619047619047	0.11428571428571428	0.2762820512820513	0.11423611111111111	0.13793103448275862	0.1111111111111111	0.21052631578947367	0.16666666666666666	0.25233957219251335	0.3374384236453202	0.15384615384615385	0.16233766233766234	0.2457516339869281	0.2857142857142857	0.38286713286713286	0.35964912280701755	0.375	0.16	0.19047619047619047	0.2222222222222222	0.2747311827956989	0.12903225806451613	0.3421052631578947	0.0625	0.3076923076923077	0.3262108262108262	0.14814814814814814	0.0625	0.2222222222222222	0.3888888888888889	0.19426406926406925
bs	0.378561736770692	1.0	0.22727272727272727	0.4453227931488801	0.2772108843537415	0.1800786369593709	0.4482993197278911	0.16905684754521966	0.201559934318555	0.179093567251462	0.3105263157894737	0.18181818181818182	0.38649237472766884	0.47410714285714284	0.239787049109083	0.21102711157455684	0.365257048092869	0.4191729323308271	0.4736286919831224	0.3729763387297634	0.2803030303030303	0.24127659574468086	0.27200577200577203	0.3680555555555556	0.45714285714285713	0.1865936667653152	0.6194444444444445	0.045454545454545456	0.39511754068716093	0.4935897435897436	0.21493965875988347	0.045454545454545456	0.34578544061302685	0.36363636363636365	0.32585825027685494
ceb	0.3125	0.22727272727272727	0.5	0.2777777777777778	0.11904761904761904	0.07142857142857142	0.16666666666666666	0.06944444444444445	0.08620689655172414	0.06944444444444445	0.13157894736842105	0.14285714285714285	0.14705882352941177	0.17857142857142858	0.09615384615384616	0.08928571428571429	0.1388888888888889	0.17857142857142858	0.22727272727272727	0.35714285714285715	0.4166666666666667	0.1	0.11904761904761904	0.1388888888888889	0.16666666666666666	0.08064516129032258	0.20833333333333334	0.1	0.19230769230769232	0.19230769230769232	0.09259259259259259	0.1	0.1388888888888889	0.3125	0.11904761904761904
ckb	0.3143939393939394	0.4453227931488801	0.2777777777777778	1.0	0.21428571428571427	0.13734335839598996	0.32727272727272727	0.125	0.15517241379310345	0.1290650406504065	0.24874686716791977	0.2222222222222222	0.2980392156862745	0.33531746031746035	0.1808288610614192	0.17900696864111498	0.2664835164835165	0.32142857142857145	0.36666666666666664	0.45707070707070707	0.25	0.19219512195121952	0.22564935064935063	0.25	0.32307692307692304	0.14516129032258066	0.4181034482758621	0.05555555555555555	0.30357142857142855	0.39615384615384613	0.18137254901960784	0.05555555555555555	0.25	0.35	0.22921108742004262
da	0.19047619047619047	0.2772108843537415	0.11904761904761904	0.21428571428571427	1.0	0.3120481927710843	0.33647450110864746	0.30224867724867727	0.3166556945358789	0.30180180180180183	0.30724637681159417	0.09523809523809523	0.3804430863254393	0.30339105339105343	0.3167550839964633	0.33518518518518514	0.3880046583850932	0.35374149659863946	0.27052545155993435	0.16666666666666666	0.15637065637065636	0.3363539445628998	0.3892857142857143	0.34546703296703296	0.34595959595959597	0.3512096774193548	0.3029556650246305	0.023809523809523808	0.2818181818181818	0.30952380952380953	0.35714285714285715	0.023809523809523808	0.3636991028295376	0.19047619047619047	0.3265602322206096
de	0.11428571428571428	0.1800786369593709	0.07142857142857142	0.13734335839598996	0.3120481927710843	1.0	0.21428571428571427	0.4176455728179866	0.309009009009009	0.42275641025641025	0.2837742504409171	0.05714285714285714	0.250319829424307	0.21333333333333335	0.3864888123924269	0.3915289256198347	0.2514957264957265	0.20793650793650795	0.17142857142857143	0.11587301587301588	0.08571428571428572	0.3333333333333333	0.2960704607046071	0.24537037037037035	0.22857142857142856	0.3972110408280621	0.19693877551020408	0.014285714285714285	0.18571428571428572	0.18571428571428572	0.38928012519561817	0.014285714285714285	0.2361111111111111	0.11428571428571428	0.29521963824289404
el	0.2762820512820513	0.4482993197278911	0.16666666666666666	0.32727272727272727	0.33647450110864746	0.21428571428571427	1.0	0.22077114427860697	0.27225705329153604	0.23397435897435898	0.382051282051282	0.1435374149659864	0.3994823123382226	0.45625	0.3098030018761726	0.29751815980629537	0.46584699453551914	0.4395833333333333	0.34191176470588236	0.26612021857923496	0.2	0.33246753246753247	0.37543554006968644	0.4354313619099294	0.4507739938080495	0.2582398316970547	0.4537634408602151	0.03333333333333333	0.4226190476190476	0.4197761194029851	0.2914764079147641	0.03333333333333333	0.381578947368421	0.26666666666666666	0.39328743545611017
en	0.11423611111111111	0.16905684754521966	0.06944444444444445	0.125	0.30224867724867727	0.4176455728179866	0.22077114427860697	1.0	0.3066364152013613	0.47044534412955463	0.2801051051051051	0.05555555555555555	0.2783333333333333	0.20833333333333334	0.39355385920271413	0.3758297771455666	0.25353925353925355	0.20032679738562092	0.16706349206349208	0.10604575163398693	0.08333333333333333	0.35524361259655374	0.30224867724867727	0.25629977803890847	0.2275641025641026	0.3942052099946837	0.17880258899676374	0.013888888888888888	0.18917624521072796	0.18898252184769038	0.3344722302995057	0.013888888888888888	0.2638121546961326	0.1111111111111111	0.2998998998998999
es	0.13793103448275862	0.201559934318555	0.08620689655172414	0.15517241379310345	0.3166556945358789	0.309009009009009	0.27225705329153604	0.3066364152013613	1.0	0.31607473969476535	0.27934818756235447	0.06896551724137931	0.31022673594709493	0.2468738158393331	0.3254901960784314	0.32899159663865546	0.31170212765957445	0.2230769230769231	0.20141987829614605	0.12701876909646442	0.10344827586206896	0.3233901515151515	0.3064516129032258	0.30416666666666664	0.25862068965517243	0.36173001310615993	0.21117005599764221	0.017241379310344827	0.23633305298570229	0.22413793103448276	0.3235294117647059	0.017241379310344827	0.288768115942029	0.13793103448275862	0.2972927807486631
fr	0.1111111111111111	0.179093567251462	0.06944444444444445	0.1290650406504065	0.30180180180180183	0.42275641025641025	0.23397435897435898	0.47044534412955463	0.31607473969476535	1.0	0.2741628614916286	0.05555555555555555	0.2649069226294357	0.20883293365307753	0.3877777777777778	0.3783057250799186	0.25328993915381354	0.19444444444444445	0.15642741281427414	0.10497416020671835	0.08333333333333333	0.3611111111111111	0.30527210884353745	0.24434961277066541	0.22312623274161736	0.3717132124775437	0.18507157464212678	0.013888888888888888	0.1919191919191919	0.20311194653299916	0.3325187969924812	0.013888888888888888	0.2642857142857143	0.1111111111111111	0.2872194228126432
he	0.21052631578947367	0.3105263157894737	0.13157894736842105	0.24874686716791977	0.30724637681159417	0.2837742504409171	0.382051282051282	0.2801051051051051	0.27934818756235447	0.2741628614916286	1.0	0.11996904024767802	0.3832298136645963	0.39384478144513824	0.35333333333333333	0.3581536388140162	0.4075010535187526	0.2857142857142857	0.3076555023923445	0.22768878718535468	0.15789473684210525	0.4034375	0.3768115942028985	0.44130434782608696	0.39705882352941174	0.2875791139240506	0.34590995561192134	0.02631578947368421	0.36133603238866396	0.3599624060150376	0.3603264281230383	0.02631578947368421	0.3890168970814132	0.21052631578947367	0.40574942791762014
hi	0.16666666666666666	0.18181818181818182	0.14285714285714285	0.2222222222222222	0.09523809523809523	0.05714285714285714	0.1435374149659864	0.05555555555555555	0.06896551724137931	0.05555555555555555	0.11996904024767802	1.0	0.11764705882352941	0.1607142857142857	0.07692307692307693	0.07142857142857142	0.1111111111111111	0.14285714285714285	0.125	0.2857142857142857	0.125	0.09515151515151515	0.09523809523809523	0.1111111111111111	0.14180790960451978	0.06451612903225806	0.16666666666666666	0.125	0.10714285714285714	0.15384615384615385	0.07407407407407407	0.125	0.1111111111111111	0.16666666666666666	0.09523809523809523
hu	0.25233957219251335	0.38649237472766884	0.14705882352941177	0.2980392156862745	0.3804430863254393	0.250319829424307	0.3994823123382226	0.2783333333333333	0.31022673594709493	0.2649069226294357	0.3832298136645963	0.11764705882352941	1.0	0.3935185185185185	0.3434167151444638	0.31559716830326556	0.44833333333333336	0.3257894736842105	0.35750999428897773	0.23139255702280911	0.17647058823529413	0.3434065934065934	0.3804430863254393	0.41911764705882354	0.42962962962962964	0.2857320099255583	0.40372242647058826	0.029411764705882353	0.3792517006802721	0.41092436974789914	0.2901785714285714	0.029411764705882353	0.46822244289970205	0.23529411764705882	0.33712121212121215
id	0.3374384236453202	0.47410714285714284	0.17857142857142858	0.33531746031746035	0.30339105339105343	0.21333333333333335	0.45625	0.20833333333333334	0.2468738158393331	0.20883293365307753	0.39384478144513824	0.1607142857142857	0.3935185185185185	1.0	0.2794348508634223	0.25980392156862747	0.4321581196581197	0.3869047619047619	0.4595238095238095	0.2865853658536585	0.21428571428571427	0.2969491525423729	0.3412698412698413	0.4451388888888889	0.5172995780590718	0.23265576668139637	0.4826254826254826	0.03571428571428571	0.4976190476190476	0.5420634920634921	0.2686932215234102	0.03571428571428571	0.4166666666666667	0.2857142857142857	0.37471264367816093
it	0.15384615384615385	0.239787049109083	0.09615384615384616	0.1808288610614192	0.3167550839964633	0.3864888123924269	0.3098030018761726	0.39355385920271413	0.3254901960784314	0.3877777777777778	0.35333333333333333	0.07692307692307693	0.3434167151444638	0.2794348508634223	1.0	0.44098360655737706	0.3566996315687415	0.24814814814814815	0.2257228587015821	0.14954075774971295	0.11538461538461539	0.4239593188268685	0.32668469686725266	0.2968874700718276	0.2884990253411306	0.3632352941176471	0.2514792899408284	0.019230769230769232	0.2644927536231884	0.26048951048951047	0.3349743150684932	0.019230769230769232	0.29931972789115646	0.15384615384615385	0.41602254428341384
ja	0.16233766233766234	0.21102711157455684	0.08928571428571429	0.17900696864111498	0.33518518518518514	0.3915289256198347	0.29751815980629537	0.3758297771455666	0.32899159663865546	0.3783057250799186	0.3581536388140162	0.07142857142857142	0.31559716830326556	0.25980392156862747	0.44098360655737706	1.0	0.31583072100313475	0.22969348659003833	0.20673784977908688	0.1304945054945055	0.10714285714285714	0.4231388978407992	0.32117117117117117	0.31600421163464065	0.252742946708464	0.3469893742621015	0.22609673790776152	0.017857142857142856	0.23740601503759398	0.24234693877551022	0.359375	0.017857142857142856	0.26666666666666666	0.14285714285714285	0.37046861184792224
ko	0.2457516339869281	0.365257048092869	0.1388888888888889	0.2664835164835165	0.3880046583850932	0.2514957264957265	0.46584699453551914	0.25353925353925355	0.31170212765957445	0.25328993915381354	0.4075010535187526	0.1111111111111111	0.44833333333333336	0.4321581196581197	0.3566996315687415	0.31583072100313475	1.0	0.3523093447905478	0.33496732026143794	0.2204861111111111	0.16666666666666666	0.34446693657219973	0.42176186645213193	0.42898550724637685	0.4138755980861244	0.27734375	0.3763020833333333	0.027777777777777776	0.3809130913091309	0.3954248366013072	0.31274574049803405	0.027777777777777776	0.4277777777777778	0.2222222222222222	0.39654403567447044
lv	0.2857142857142857	0.4191729323308271	0.17857142857142858	0.32142857142857145	0.35374149659863946	0.20793650793650795	0.4395833333333333	0.20032679738562092	0.2230769230769231	0.19444444444444445	0.2857142857142857	0.14285714285714285	0.3257894736842105	0.3869047619047619	0.24814814814814815	0.22969348659003833	0.3523093447905478	1.0	0.3333333333333333	0.26666666666666666	0.21428571428571427	0.26063829787234044	0.3054545454545455	0.32054794520547947	0.3597904915390814	0.22580645161290322	0.4359243697478991	0.03571428571428571	0.34375	0.4	0.23214285714285715	0.03571428571428571	0.3116279069767442	0.2857142857142857	0.3024967989756722
mk	0.38286713286713286	0.4736286919831224	0.22727272727272727	0.36666666666666664	0.27052545155993435	0.17142857142857143	0.34191176470588236	0.16706349206349208	0.20141987829614605	0.15642741281427414	0.3076555023923445	0.125	0.35750999428897773	0.4595238095238095	0.2257228587015821	0.20673784977908688	0.33496732026143794	0.3333333333333333	1.0	0.2916666666666667	0.293560606060606	0.23851851851851852	0.2886904761904762	0.3177506775067751	0.3923076923076923	0.19234472797303803	0.44258639910813824	0.045454545454545456	0.4474671669793621	0.44529914529914527	0.2037037037037037	0.045454545454545456	0.33616780045351474	0.36363636363636365	0.2896825396825397
ml	0.35964912280701755	0.3729763387297634	0.35714285714285715	0.45707070707070707	0.16666666666666666	0.11587301587301588	0.26612021857923496	0.10604575163398693	0.12701876909646442	0.10497416020671835	0.22768878718535468	0.2857142857142857	0.23139255702280911	0.2865853658536585	0.14954075774971295	0.1304945054945055	0.2204861111111111	0.26666666666666666	0.2916666666666667	1.0	0.34191176470588236	0.15041666666666667	0.1764705882352941	0.2147147147147147	0.2615023474178404	0.12109994711792701	0.3654371584699454	0.07142857142857142	0.22857142857142856	0.34065934065934067	0.12962962962962962	0.07142857142857142	0.19444444444444445	0.3333333333333333	0.18085106382978722
mr	0.375	0.2803030303030303	0.4166666666666667	0.25	0.15637065637065636	0.08571428571428572	0.2	0.08333333333333333	0.10344827586206896	0.08333333333333333	0.15789473684210525	0.125	0.17647058823529413	0.21428571428571427	0.11538461538461539	0.10714285714285714	0.16666666666666666	0.21428571428571427	0.293560606060606	0.34191176470588236	1.0	0.13470588235294118	0.14285714285714285	0.1747311827956989	0.2	0.10741249142072752	0.2685185185185185	0.08333333333333333	0.23076923076923078	0.2507692307692308	0.1111111111111111	0.08333333333333333	0.16666666666666666	0.375	0.14670329670329668
nl	0.16	0.24127659574468086	0.1	0.19219512195121952	0.3363539445628998	0.3333333333333333	0.33246753246753247	0.35524361259655374	0.3233901515151515	0.3611111111111111	0.4034375	0.09515151515151515	0.3434065934065934	0.2969491525423729	0.4239593188268685	0.4231388978407992	0.34446693657219973	0.26063829787234044	0.23851851851851852	0.15041666666666667	0.13470588235294118	1.0	0.3592047930283224	0.33229942100909843	0.28034188034188035	0.3614718614718615	0.25176470588235295	0.02	0.26	0.2781818181818182	0.37528735632183907	0.02	0.3044930176077717	0.16	0.40384615384615385
pl	0.19047619047619047	0.27200577200577203	0.11904761904761904	0.22564935064935063	0.3892857142857143	0.2960704607046071	0.37543554006968644	0.30224867724867727	0.3064516129032258	0.30527210884353745	0.3768115942028985	0.09523809523809523	0.3804430863254393	0.3412698412698413	0.32668469686725266	0.32117117117117117	0.42176186645213193	0.3054545454545455	0.2886904761904762	0.1764705882352941	0.14285714285714285	0.3592047930283224	1.0	0.402321083172147	0.3734472049689441	0.325	0.30897009966777406	0.023809523809523808	0.31861471861471863	0.32676518883415434	0.35714285714285715	0.023809523809523808	0.43638392857142855	0.19047619047619047	0.3265602322206096
pt	0.2222222222222222	0.3680555555555556	0.1388888888888889	0.25	0.34546703296703296	0.24537037037037035	0.4354313619099294	0.25629977803890847	0.30416666666666664	0.24434961277066541	0.44130434782608696	0.1111111111111111	0.41911764705882354	0.4451388888888889	0.2968874700718276	0.31600421163464065	0.42898550724637685	0.32054794520547947	0.3177506775067751	0.2147147147147147	0.1747311827956989	0.33229942100909843	0.402321083172147	1.0	0.4291687161829808	0.2800480769230769	0.3657407407407407	0.027777777777777776	0.4084084084084084	0.38580246913580246	0.3214285714285714	0.027777777777777776	0.4294117647058824	0.2222222222222222	0.40664961636828645
ro	0.2747311827956989	0.45714285714285713	0.16666666666666666	0.32307692307692304	0.34595959595959597	0.22857142857142856	0.4507739938080495	0.2275641025641026	0.25862068965517243	0.22312623274161736	0.39705882352941174	0.14180790960451978	0.42962962962962964	0.5172995780590718	0.2884990253411306	0.252742946708464	0.4138755980861244	0.3597904915390814	0.3923076923076923	0.2615023474178404	0.2	0.28034188034188035	0.3734472049689441	0.4291687161829808	1.0	0.25664136622390893	0.465	0.03333333333333333	0.47442922374429225	0.4793859649122807	0.2837301587301587	0.03333333333333333	0.4532520325203252	0.26666666666666666	0.36469344608879495
ru	0.12903225806451613	0.1865936667653152	0.08064516129032258	0.14516129032258066	0.3512096774193548	0.3972110408280621	0.2582398316970547	0.3942052099946837	0.36173001310615993	0.3717132124775437	0.2875791139240506	0.06451612903225806	0.2857320099255583	0.23265576668139637	0.3632352941176471	0.3469893742621015	0.27734375	0.22580645161290322	0.19234472797303803	0.12109994711792701	0.10741249142072752	0.3614718614718615	0.325	0.2800480769230769	0.25664136622390893	1.0	0.22546328071379546	0.016129032258064516	0.2173697270471464	0.21692379616643293	0.35294117647058826	0.016129032258064516	0.27238175675675674	0.12903225806451613	0.29957469431153644
sh	0.3421052631578947	0.6194444444444445	0.20833333333333334	0.4181034482758621	0.3029556650246305	0.19693877551020408	0.4537634408602151	0.17880258899676374	0.21117005599764221	0.18507157464212678	0.34590995561192134	0.16666666666666666	0.40372242647058826	0.4826254826254826	0.2514792899408284	0.22609673790776152	0.3763020833333333	0.4359243697478991	0.44258639910813824	0.3654371584699454	0.2685185185185185	0.25176470588235295	0.30897009966777406	0.3657407407407407	0.465	0.22546328071379546	1.0	0.041666666666666664	0.4369747899159664	0.5267558528428093	0.22855133614627285	0.041666666666666664	0.35864978902953587	0.3333333333333333	0.3369191049913941
si	0.0625	0.045454545454545456	0.1	0.05555555555555555	0.023809523809523808	0.014285714285714285	0.03333333333333333	0.013888888888888888	0.017241379310344827	0.013888888888888888	0.02631578947368421	0.125	0.029411764705882353	0.03571428571428571	0.019230769230769232	0.017857142857142856	0.027777777777777776	0.03571428571428571	0.045454545454545456	0.07142857142857142	0.08333333333333333	0.02	0.023809523809523808	0.027777777777777776	0.03333333333333333	0.016129032258064516	0.041666666666666664	0.5	0.038461538461538464	0.038461538461538464	0.018518518518518517	0.5	0.027777777777777776	0.0625	0.023809523809523808
simple	0.3076923076923077	0.39511754068716093	0.19230769230769232	0.30357142857142855	0.2818181818181818	0.18571428571428572	0.4226190476190476	0.18917624521072796	0.23633305298570229	0.1919191919191919	0.36133603238866396	0.10714285714285714	0.3792517006802721	0.4976190476190476	0.2644927536231884	0.23740601503759398	0.3809130913091309	0.34375	0.4474671669793621	0.22857142857142856	0.23076923076923078	0.26	0.31861471861471863	0.4084084084084084	0.47442922374429225	0.2173697270471464	0.4369747899159664	0.038461538461538464	1.0	0.45238095238095233	0.24074074074074073	0.038461538461538464	0.3715277777777778	0.3076923076923077	0.3305028305028305
sr	0.3262108262108262	0.4935897435897436	0.19230769230769232	0.39615384615384613	0.30952380952380953	0.18571428571428572	0.4197761194029851	0.18898252184769038	0.22413793103448276	0.20311194653299916	0.3599624060150376	0.15384615384615385	0.41092436974789914	0.5420634920634921	0.26048951048951047	0.24234693877551022	0.3954248366013072	0.4	0.44529914529914527	0.34065934065934067	0.2507692307692308	0.2781818181818182	0.32676518883415434	0.38580246913580246	0.4793859649122807	0.21692379616643293	0.5267558528428093	0.038461538461538464	0.45238095238095233	1.0	0.24074074074074073	0.038461538461538464	0.4131944444444444	0.3076923076923077	0.3482562038900067
sv	0.14814814814814814	0.21493965875988347	0.09259259259259259	0.18137254901960784	0.35714285714285715	0.38928012519561817	0.2914764079147641	0.3344722302995057	0.3235294117647059	0.3325187969924812	0.3603264281230383	0.07407407407407407	0.2901785714285714	0.2686932215234102	0.3349743150684932	0.359375	0.31274574049803405	0.23214285714285715	0.2037037037037037	0.12962962962962962	0.1111111111111111	0.37528735632183907	0.35714285714285715	0.3214285714285714	0.2837301587301587	0.35294117647058826	0.22855133614627285	0.018518518518518517	0.24074074074074073	0.24074074074074073	1.0	0.018518518518518517	0.30357142857142855	0.14814814814814814	0.3374546279491833
te	0.0625	0.045454545454545456	0.1	0.05555555555555555	0.023809523809523808	0.014285714285714285	0.03333333333333333	0.013888888888888888	0.017241379310344827	0.013888888888888888	0.02631578947368421	0.125	0.029411764705882353	0.03571428571428571	0.019230769230769232	0.017857142857142856	0.027777777777777776	0.03571428571428571	0.045454545454545456	0.07142857142857142	0.08333333333333333	0.02	0.023809523809523808	0.027777777777777776	0.03333333333333333	0.016129032258064516	0.041666666666666664	0.5	0.038461538461538464	0.038461538461538464	0.018518518518518517	0.5	0.027777777777777776	0.0625	0.023809523809523808
vi	0.2222222222222222	0.34578544061302685	0.1388888888888889	0.25	0.3636991028295376	0.2361111111111111	0.381578947368421	0.2638121546961326	0.288768115942029	0.2642857142857143	0.3890168970814132	0.1111111111111111	0.46822244289970205	0.4166666666666667	0.29931972789115646	0.26666666666666666	0.4277777777777778	0.3116279069767442	0.33616780045351474	0.19444444444444445	0.16666666666666666	0.3044930176077717	0.43638392857142855	0.4294117647058824	0.4532520325203252	0.27238175675675674	0.35864978902953587	0.027777777777777776	0.3715277777777778	0.4131944444444444	0.30357142857142855	0.027777777777777776	1.0	0.2222222222222222	0.34628378378378377
war	0.3888888888888889	0.36363636363636365	0.3125	0.35	0.19047619047619047	0.11428571428571428	0.26666666666666666	0.1111111111111111	0.13793103448275862	0.1111111111111111	0.21052631578947367	0.16666666666666666	0.23529411764705882	0.2857142857142857	0.15384615384615385	0.14285714285714285	0.2222222222222222	0.2857142857142857	0.36363636363636365	0.3333333333333333	0.375	0.16	0.19047619047619047	0.2222222222222222	0.26666666666666666	0.12903225806451613	0.3333333333333333	0.0625	0.3076923076923077	0.3076923076923077	0.14814814814814814	0.0625	0.2222222222222222	0.5	0.19047619047619047
zh	0.19426406926406925	0.32585825027685494	0.11904761904761904	0.22921108742004262	0.3265602322206096	0.29521963824289404	0.39328743545611017	0.2998998998998999	0.2972927807486631	0.2872194228126432	0.40574942791762014	0.09523809523809523	0.33712121212121215	0.37471264367816093	0.41602254428341384	0.37046861184792224	0.39654403567447044	0.3024967989756722	0.2896825396825397	0.18085106382978722	0.14670329670329668	0.40384615384615385	0.3265602322206096	0.40664961636828645	0.36469344608879495	0.29957469431153644	0.3369191049913941	0.023809523809523808	0.3305028305028305	0.3482562038900067	0.3374546279491833	0.023809523809523808	0.34628378378378377	0.19047619047619047	1.0
