arz	bs	ceb	ckb	da	de	el	en	es	fr	he	hi	hu	id	it	ja	ko	lv	mk	ml	mr	nl	pl	pt	ro	ru	sh	si	simple	sr	sv	te	vi	war	zh
arz	0.12506251562499998	0.125031265625	0.2	0.16669444444444442	0.125	0.125	0.125015625	0.125015625	0.125	0.125	0.125	0.3333333333333333	0.125046875	0.125046875	0.125	0.125046875	0.12506251562499998	0.125	0.125015625	0.16669444444444442	0.16666666666666666	0.125	0.125	0.125	0.125015625	0.125	0.125015625	1.0	0.125	0.125015625	0.125	1.0	0.125	0.14285714285714285	0.125015625
bs	0.125031265625	0.0914493564978858	0.2	0.11117286419753088	0.09093389256198346	0.09095044631408268	0.09104148775218195	0.09096697522314051	0.09093389256198348	0.09098355378517362	0.0909421570247934	0.25	0.09104971080166942	0.09101666134733911	0.09099180169424796	0.09094214876033059	0.09104146290085123	0.09094216529752067	0.10009009008008007	0.14302057163287774	0.16669444444444442	0.09094218185127274	0.09092561983471073	0.09102494237228982	0.09106641378625013	0.09092562809917355	0.09114939840121039	1.0	0.10006005005005005	0.09100014900862871	0.09092561983471073	1.0	0.0909669834876033	0.125	0.09109124865444145
ceb	0.2	0.2	0.2	0.2	0.2	0.2	0.2	0.2	0.2	0.2	0.2	0.5	0.2	0.2	0.2	0.2	0.2	0.2	0.2	0.2	0.2	0.2	0.2	0.2	0.2	0.2	0.2	1.0	0.2	0.2	0.2	1.0	0.2	0.2	0.2
ckb	0.16669444444444442	0.11117286419753088	0.2	0.11122233345691372	0.1111111111111111	0.11112345679012345	0.11114816049382717	0.1111111111111111	0.1111111111111111	0.11112345679012345	0.11112345679012345	0.25	0.11118524697537042	0.11112345679012345	0.11113581481481481	0.11114816049382717	0.11114816049382716	0.1111111111111111	0.12503124999999998	0.14291836734693877	0.2	0.11112345679012345	0.11112345679012345	0.1111111111111111	0.11114814814814815	0.1111111111111111	0.11117287656791358	1.0	0.125015625	0.11114816049382717	0.11112345679012345	1.0	0.1111111111111111	0.14285714285714285	0.11116053090127165
da	0.125	0.09093389256198346	0.2	0.1111111111111111	0.047700805202179765	0.047623585036283445	0.07144387755102041	0.047628117913832195	0.052637119113573404	0.04762585260770975	0.06667111111111111	0.25	0.06251562499999999	0.07692899408284024	0.055561728395061724	0.05264265927977839	0.0625351679765625	0.07143877551020407	0.09091735537190082	0.14285714285714285	0.16669444444444442	0.055561728395061724	0.055561728395061724	0.06669333333333334	0.07145409184694898	0.04762358276643991	0.08335417361111111	1.0	0.08334027777777778	0.07692307692307693	0.05	1.0	0.0625078125	0.125	0.06252344140624999
de	0.125	0.09095044631408268	0.2	0.11112345679012345	0.047623585036283445	0.028611484979713653	0.06666666666666667	0.0312529296875	0.04167013888888889	0.031253906250000005	0.052637119113573404	0.25	0.058830449826989616	0.07143877551020407	0.03846893639201331	0.037042524005486965	0.05883737716955711	0.07143367346938775	0.09092562809917355	0.14289797961226533	0.16666666666666666	0.041666666666666664	0.050007505005005	0.058830453290660896	0.06668000889778668	0.03448394887158264	0.08336809729177795	1.0	0.07692307692307693	0.07692307692307693	0.03846745562130177	1.0	0.058823529411764705	0.125	0.0500150100075075
el	0.125015625	0.09104148775218195	0.2	0.11114816049382717	0.07144387755102041	0.06666666666666667	0.06688516683005266	0.06668889333333333	0.06668000889333332	0.06670224445778222	0.07145408163265306	0.25006249999999997	0.07700601786403569	0.07696452664497042	0.0666977866711111	0.06669779111111111	0.06672004893337782	0.07694674556213017	0.10003999999999999	0.14293879591836736	0.16666666666666666	0.06668889778222223	0.06668000444444445	0.07149496942859696	0.0770000651539054	0.06668	0.08340285425704178	1.0	0.08337501388888888	0.0833750347361111	0.06667555555555557	1.0	0.07143877551020407	0.125	0.06672004448448003
en	0.125015625	0.09096697522314051	0.2	0.1111111111111111	0.047628117913832195	0.0312529296875	0.06668889333333333	0.02789941638103372	0.04167708680903125	0.02942214792474048	0.052648202216066475	0.25	0.0588893426159481	0.07145408673469388	0.03848669822781361	0.03704389574759945	0.058861615927339093	0.07143877551020407	0.09095042976861158	0.14291838775510204	0.16666666666666666	0.040004801599999994	0.047628117913832195	0.058861608996539784	0.06670223111555999	0.03448870392390012	0.08336806945139583	1.0	0.07694082840236686	0.07694082840236686	0.040003199999999996	1.0	0.05557099074383024	0.125	0.05004003002252002
es	0.125	0.09093389256198348	0.2	0.1111111111111111	0.052637119113573404	0.04167013888888889	0.06668000889333332	0.04167708680903125	0.03455903370728778	0.04168055902951389	0.05882698961937716	0.25	0.058840844297577855	0.07143367346938775	0.04763266441043992	0.045462811983471074	0.05885122837716263	0.07692899408284024	0.09092563638018183	0.14287755102040817	0.16666666666666666	0.047621315192743756	0.05263157894736842	0.058840833910034605	0.06666666666666667	0.0400016	0.08334027777777778	1.0	0.07693491124260354	0.07692307692307693	0.045454545454545456	1.0	0.058826993083048444	0.125	0.05557408951853087
fr	0.125	0.09098355378517362	0.2	0.11112345679012345	0.04762585260770975	0.031253906250000005	0.06670224445778222	0.02942214792474048	0.04168055902951389	0.027866781654272667	0.0526398891966759	0.25	0.05886162977855017	0.07144898469387755	0.03847930473964497	0.037043897119341564	0.058854681664359865	0.07142857142857142	0.09091735537190083	0.14289797959183675	0.16666666666666666	0.0400064048	0.04762812245124717	0.058840830449826985	0.06668890222666667	0.035719389030612246	0.08337504866675709	1.0	0.07694082840236686	0.07695859172189348	0.0400016	1.0	0.05556791050309569	0.125	0.05002000499999999
he	0.125	0.0909421570247934	0.2	0.11112345679012345	0.06667111111111111	0.052637119113573404	0.07145408163265306	0.052648202216066475	0.05882698961937716	0.0526398891966759	0.052725917152795766	0.25006249999999997	0.06669334222666666	0.07144387755102041	0.05557407716049382	0.05264265927977839	0.06252344140624999	0.08333333333333333	0.09092561983471073	0.14293879591836736	0.16666666666666666	0.0526398891966759	0.05882698961937716	0.05883391349480968	0.07146939285714286	0.05555864197530863	0.0833680625	1.0	0.07693491124260354	0.07693491715976332	0.05263434903047091	1.0	0.06250390624999999	0.125	0.0588616193979412
hi	0.3333333333333333	0.25	0.5	0.25	0.25	0.25	0.25006249999999997	0.25	0.25	0.25	0.25006249999999997	0.25006249999999997	0.25	0.25006249999999997	0.25	0.25	0.25	0.25	0.3333333333333333	0.25	0.5	0.25006249999999997	0.25	0.25	0.25006249999999997	0.25	0.25	1.0	0.3333333333333333	0.25	0.25	1.0	0.25	0.3333333333333333	0.25
hu	0.125046875	0.09104971080166942	0.2	0.11118524697537042	0.06251562499999999	0.058830449826989616	0.07700601786403569	0.0588893426159481	0.058840844297577855	0.05886162977855017	0.06669334222666666	0.25	0.05912609767554223	0.07696450887573965	0.06257037506646101	0.06254691408987112	0.06676461805376957	0.08334722222222221	0.09096696695041323	0.1429592245102041	0.16666666666666666	0.06253128127346097	0.06251562499999999	0.06672003112444888	0.07148472961735715	0.05883391349480968	0.08342372234039594	1.0	0.08339584027777777	0.07695858579881656	0.06250390624999999	1.0	0.0625390820390625	0.125	0.07152053076549
id	0.125046875	0.09101666134733911	0.2	0.11112345679012345	0.07692899408284024	0.07143877551020407	0.07696452664497042	0.07145408673469388	0.07143367346938775	0.07144898469387755	0.07144387755102041	0.25006249999999997	0.07696450887573965	0.07157169443478785	0.07144388776020408	0.07143877551020407	0.07147450510714284	0.08334027777777778	0.09095870247933883	0.14291840818367346	0.16666666666666666	0.07143877551020407	0.07143367346938775	0.07147451532143367	0.07146941837755101	0.07143367346938777	0.08338890972222221	1.0	0.07694083431952663	0.07696454443199413	0.07143367346938775	1.0	0.07144388265306122	0.125	0.07148985208677042
it	0.125	0.09099180169424796	0.2	0.11113581481481481	0.055561728395061724	0.03846893639201331	0.0666977866711111	0.03848669822781361	0.04763266441043992	0.03847930473964497	0.05557407716049382	0.25	0.06257037506646101	0.07144388776020408	0.038642908286831236	0.04169271701910244	0.05887894122843258	0.07693491124260354	0.09094214876033058	0.14293881632653063	0.16666666666666666	0.04348582230623818	0.05557098765432098	0.06251562890625	0.07147961736225511	0.043493393198489605	0.08338196528472222	1.0	0.07694674556213017	0.07694083431952663	0.04762358276643991	1.0	0.06251562499999999	0.125	0.050052555055055056
ja	0.125046875	0.09094214876033059	0.2	0.11114816049382717	0.05264265927977839	0.037042524005486965	0.06669779111111111	0.03704389574759945	0.045462811983471074	0.037043897119341564	0.05264265927977839	0.25	0.06254691408987112	0.07143877551020407	0.04169271701910244	0.03581148925074537	0.058847750865051895	0.07692899408284024	0.09092561983471073	0.14287755102040817	0.16666666666666666	0.04167013888888889	0.05263434903047091	0.058844304512124586	0.07144387755102041	0.04166840277777777	0.08335416666666667	1.0	0.07692899408284024	0.07693491124260354	0.043478260869565216	1.0	0.0625	0.125	0.050025007504999996
ko	0.12506251562499998	0.09104146290085123	0.2	0.11114816049382716	0.0625351679765625	0.05883737716955711	0.06672004893337782	0.058861615927339093	0.05885122837716263	0.058854681664359865	0.06252344140624999	0.25	0.06676461805376957	0.07147450510714284	0.05887894122843258	0.058847750865051895	0.055819141570006746	0.07693491715976332	0.09095869422314877	0.14295924493881637	0.16666666666666666	0.05883737716262976	0.05885121799654326	0.06253125782032032	0.07148986742866335	0.058833910034602074	0.08340980565985431	1.0	0.07694674556213017	0.07696450295857987	0.058830449826989616	1.0	0.0625234492265625	0.125	0.06257430086730094
lv	0.125	0.09094216529752067	0.2	0.1111111111111111	0.07143877551020407	0.07143367346938775	0.07694674556213017	0.07143877551020407	0.07692899408284024	0.07142857142857142	0.08333333333333333	0.25	0.08334722222222221	0.08334027777777778	0.07693491124260354	0.07692899408284024	0.07693491715976332	0.0715051735408674	0.1	0.14287755102040817	0.16666666666666666	0.07692899408284024	0.07692899408284024	0.08335416666666667	0.08334027777777778	0.07142857142857142	0.08334027777777778	1.0	0.09090909090909091	0.08333333333333333	0.07692307692307693	1.0	0.08334027777777778	0.125	0.07693491124260354
mk	0.125015625	0.10009009008008007	0.2	0.12503124999999998	0.09091735537190082	0.09092562809917355	0.10003999999999999	0.09095042976861158	0.09092563638018183	0.09091735537190083	0.09092561983471073	0.3333333333333333	0.09096696695041323	0.09095870247933883	0.09094214876033058	0.09092561983471073	0.09095869422314877	0.1	0.09109957107612764	0.16675005558333333	0.16669444444444442	0.09092561983471073	0.09093390083471901	0.09092561983471074	0.09094214876033058	0.09092562809917355	0.10008004002001002	1.0	0.09092561983471073	0.09092561983471074	0.09090909090909091	1.0	0.09093390084299176	0.125	0.09097528107447946
ml	0.16669444444444442	0.14302057163287774	0.2	0.14291836734693877	0.14285714285714285	0.14289797961226533	0.14293879591836736	0.14291838775510204	0.14287755102040817	0.14289797959183675	0.14293879591836736	0.25	0.1429592245102041	0.14291840818367346	0.14293881632653063	0.14287755102040817	0.14295924493881637	0.14287755102040817	0.16675005558333333	0.14318436892184436	0.20003999999999997	0.14287755102040817	0.14287755102040817	0.14291838777553062	0.14293881632653063	0.142877571449	0.14304106151051052	1.0	0.16669444444444442	0.14295928581642867	0.14285714285714285	1.0	0.14285714285714285	0.16666666666666666	0.14293879591836736
mr	0.16666666666666666	0.16669444444444442	0.2	0.2	0.16669444444444442	0.16666666666666666	0.16666666666666666	0.16666666666666666	0.16666666666666666	0.16666666666666666	0.16666666666666666	0.5	0.16666666666666666	0.16666666666666666	0.16666666666666666	0.16666666666666666	0.16666666666666666	0.16666666666666666	0.16669444444444442	0.20003999999999997	0.16672225	0.16669444444444442	0.16666666666666666	0.16669444444444442	0.16666666666666666	0.16669444444444442	0.16672225	1.0	0.16666666666666666	0.16669444444444442	0.16666666666666666	1.0	0.16666666666666666	0.16666666666666666	0.16669444444444442
nl	0.125	0.09094218185127274	0.2	0.11112345679012345	0.055561728395061724	0.041666666666666664	0.06668889778222223	0.040004801599999994	0.047621315192743756	0.0400064048	0.0526398891966759	0.25006249999999997	0.06253128127346097	0.07143877551020407	0.04348582230623818	0.04167013888888889	0.05883737716262976	0.07692899408284024	0.09092561983471073	0.14287755102040817	0.16669444444444442	0.04005288809128011	0.05263434903047091	0.05882698961937716	0.07143877551020407	0.043482041587901706	0.08334722222222221	1.0	0.07692307692307693	0.07693491124260354	0.045456611570247926	1.0	0.06250390624999999	0.125	0.050015004999999994
pl	0.125	0.09092561983471073	0.2	0.11112345679012345	0.055561728395061724	0.050007505005005	0.06668000444444445	0.047628117913832195	0.05263157894736842	0.04762812245124717	0.05882698961937716	0.25	0.06251562499999999	0.07143367346938775	0.05557098765432098	0.05263434903047091	0.05885121799654326	0.07692899408284024	0.09093390083471901	0.14287755102040817	0.16666666666666666	0.05263434903047091	0.04770082793244986	0.058833910034602074	0.06668000444889334	0.0500050025	0.08336112500695139	1.0	0.07692899408284024	0.07693491124260354	0.05	1.0	0.05555864197530863	0.125	0.0625234492265625
pt	0.125	0.09102494237228982	0.2	0.1111111111111111	0.06669333333333334	0.058830453290660896	0.07149496942859696	0.058861608996539784	0.058840833910034605	0.058840830449826985	0.05883391349480968	0.25	0.06672003112444888	0.07147451532143367	0.06251562890625	0.058844304512124586	0.06253125782032032	0.08335416666666667	0.09092561983471074	0.14291838777553062	0.16669444444444442	0.05882698961937716	0.058833910034602074	0.05574446814602084	0.0714949336989898	0.058833913498273355	0.0833819722500278	1.0	0.07696452073375151	0.07694675147928993	0.05883391349480968	1.0	0.06251953125	0.125	0.062578199308715
ro	0.125015625	0.09106641378625013	0.2	0.11114814814814815	0.07145409184694898	0.06668000889778668	0.0770000651539054	0.06670223111555999	0.06666666666666667	0.06668890222666667	0.07146939285714286	0.25006249999999997	0.07148472961735715	0.07146941837755101	0.07147961736225511	0.07144387755102041	0.07148986742866335	0.08334027777777778	0.09094214876033058	0.14293881632653063	0.16666666666666666	0.07143877551020407	0.06668000444889334	0.0714949336989898	0.0669298523905756	0.06668	0.08342368759037508	1.0	0.07695859171597633	0.07696450887573965	0.06667111111111111	1.0	0.06669333777777776	0.125	0.07151027559703073
ru	0.125	0.09092562809917355	0.2	0.1111111111111111	0.04762358276643991	0.03448394887158264	0.06668	0.03448870392390012	0.0400016	0.035719389030612246	0.05555864197530863	0.25	0.05883391349480968	0.07143367346938777	0.043493393198489605	0.04166840277777777	0.058833910034602074	0.07142857142857142	0.09092562809917355	0.142877571449	0.16669444444444442	0.043482041587901706	0.0500050025	0.058833913498273355	0.06668	0.03230601367144585	0.08337502084723612	1.0	0.07692899408284024	0.07692899408284024	0.041666666666666664	1.0	0.05882698961937716	0.125	0.05264265927977839
sh	0.125015625	0.09114939840121039	0.2	0.11117287656791358	0.08335417361111111	0.08336809729177795	0.08340285425704178	0.08336806945139583	0.08334027777777778	0.08337504866675709	0.0833680625	0.25	0.08342372234039594	0.08338890972222221	0.08338196528472222	0.08335416666666667	0.08340980565985431	0.08334027777777778	0.10008004002001002	0.14304106151051052	0.16672225	0.08334722222222221	0.08336112500695139	0.0833819722500278	0.08342368759037508	0.08337502084723612	0.08371003545836578	1.0	0.09095868595041323	0.083395895882007	0.08334027777777778	1.0	0.08336111111111111	0.125	0.08345154883365326
si	1.0	1.0	1.0	1.0	1.0	1.0	1.0	1.0	1.0	1.0	1.0	1.0	1.0	1.0	1.0	1.0	1.0	1.0	1.0	1.0	1.0	1.0	1.0	1.0	1.0	1.0	1.0	1.0	1.0	1.0	1.0	1.0	1.0	1.0	1.0
simple	0.125	0.10006005005005005	0.2	0.125015625	0.08334027777777778	0.07692307692307693	0.08337501388888888	0.07694082840236686	0.07693491124260354	0.07694082840236686	0.07693491124260354	0.3333333333333333	0.08339584027777777	0.07694083431952663	0.07694674556213017	0.07692899408284024	0.07694674556213017	0.09090909090909091	0.09092561983471073	0.16669444444444442	0.16666666666666666	0.07692307692307693	0.07692899408284024	0.07696452073375151	0.07695859171597633	0.07692899408284024	0.09095868595041323	1.0	0.07704156230197656	0.08334722222222221	0.07692307692307693	1.0	0.07692899408284024	0.125	0.07695859172189348
sr	0.125015625	0.09100014900862871	0.2	0.11114816049382717	0.07692307692307693	0.07692307692307693	0.0833750347361111	0.07694082840236686	0.07692307692307693	0.07695859172189348	0.07693491715976332	0.25	0.07695858579881656	0.07696454443199413	0.07694083431952663	0.07693491124260354	0.07696450295857987	0.08333333333333333	0.09092561983471074	0.14295928581642867	0.16669444444444442	0.07693491124260354	0.07693491124260354	0.07694675147928993	0.07696450887573965	0.07692899408284024	0.083395895882007	1.0	0.08334722222222221	0.07706539123828193	0.07692307692307693	1.0	0.07695266272189348	0.125	0.07698823678714818
sv	0.125	0.09092561983471073	0.2	0.11112345679012345	0.05	0.03846745562130177	0.06667555555555557	0.040003199999999996	0.045454545454545456	0.0400016	0.05263434903047091	0.25	0.06250390624999999	0.07143367346938775	0.04762358276643991	0.043478260869565216	0.058830449826989616	0.07692307692307693	0.09090909090909091	0.14285714285714285	0.16666666666666666	0.045456611570247926	0.05	0.05883391349480968	0.06667111111111111	0.041666666666666664	0.08334027777777778	1.0	0.07692307692307693	0.07692307692307693	0.03707274078469005	1.0	0.058823529411764705	0.125	0.0526398891966759
te	1.0	1.0	1.0	1.0	1.0	1.0	1.0	1.0	1.0	1.0	1.0	1.0	1.0	1.0	1.0	1.0	1.0	1.0	1.0	1.0	1.0	1.0	1.0	1.0	1.0	1.0	1.0	1.0	1.0	1.0	1.0	1.0	1.0	1.0	1.0
vi	0.125	0.0909669834876033	0.2	0.1111111111111111	0.0625078125	0.058823529411764705	0.07143877551020407	0.05557099074383024	0.058826993083048444	0.05556791050309569	0.06250390624999999	0.25	0.0625390820390625	0.07144388265306122	0.06251562499999999	0.0625	0.0625234492265625	0.08334027777777778	0.09093390084299176	0.14285714285714285	0.16666666666666666	0.06250390624999999	0.05555864197530863	0.06251953125	0.06669333777777776	0.05882698961937716	0.08336111111111111	1.0	0.07692899408284024	0.07695266272189348	0.058823529411764705	1.0	0.05564519772247875	0.125	0.0667111422400089
war	0.14285714285714285	0.125	0.2	0.14285714285714285	0.125	0.125	0.125	0.125	0.125	0.125	0.125	0.3333333333333333	0.125	0.125	0.125	0.125	0.125	0.125	0.125	0.16666666666666666	0.16666666666666666	0.125	0.125	0.125	0.125	0.125	0.125	1.0	0.125	0.125	0.125	1.0	0.125	0.125	0.125
zh	0.125015625	0.09109124865444145	0.2	0.11116053090127165	0.06252344140624999	0.0500150100075075	0.06672004448448003	0.05004003002252002	0.05557408951853087	0.05002000499999999	0.0588616193979412	0.25	0.07152053076549	0.07148985208677042	0.050052555055055056	0.050025007504999996	0.06257430086730094	0.07693491124260354	0.09097528107447946	0.14293879591836736	0.16669444444444442	0.050015004999999994	0.0625234492265625	0.062578199308715	0.07151027559703073	0.05264265927977839	0.08345154883365326	1.0	0.07695859172189348	0.07698823678714818	0.0526398891966759	1.0	0.0667111422400089	0.125	0.04791343363312161
