arz	bs	ceb	ckb	da	de	el	en	es	fr	he	hi	hu	id	it	ja	ko	lv	mk	ml	mr	nl	pl	pt	ro	ru	sh	si	simple	sr	sv	te	vi	war	zh
arz	1.0	0.38636363636363635	0.3125	0.3143939393939394	0.2032967032967033	0.11428571428571428	0.26666666666666666	0.11423611111111111	0.13793103448275862	0.1111111111111111	0.2240398293029872	0.16666666666666666	0.24084967320261438	0.2857142857142857	0.1619106699751861	0.14285714285714285	0.2279040404040404	0.2857142857142857	0.36363636363636365	0.4215686274509804	0.375	0.16	0.19047619047619047	0.246415770609319	0.26666666666666666	0.12903225806451613	0.35119047619047616	0.0625	0.3294314381270903	0.3076923076923077	0.14814814814814814	0.0625	0.2378472222222222	0.3888888888888889	0.19426406926406925
bs	0.38636363636363635	1.0	0.22727272727272727	0.4453227931488801	0.29348370927318296	0.1615676359039191	0.431023102310231	0.18134920634920637	0.2056551724137931	0.16706349206349208	0.3334297281665703	0.18951048951048952	0.4219546086150996	0.47410714285714284	0.23388483025354534	0.20362281603288798	0.3824786324786325	0.41233766233766234	0.5112612612612613	0.3729763387297634	0.2803030303030303	0.24688172043010753	0.29348370927318296	0.358187134502924	0.4202380952380952	0.19611094362375642	0.5846491228070175	0.045454545454545456	0.3818342151675485	0.45283882783882784	0.21493965875988347	0.045454545454545456	0.33964646464646464	0.36363636363636365	0.306848582129481
ceb	0.3125	0.22727272727272727	0.5	0.2777777777777778	0.11904761904761904	0.07142857142857142	0.16666666666666666	0.06944444444444445	0.08620689655172414	0.06944444444444445	0.13157894736842105	0.14285714285714285	0.14705882352941177	0.17857142857142858	0.09615384615384616	0.08928571428571429	0.1388888888888889	0.17857142857142858	0.22727272727272727	0.35714285714285715	0.4166666666666667	0.1	0.11904761904761904	0.1388888888888889	0.16666666666666666	0.08064516129032258	0.20833333333333334	0.1	0.19230769230769232	0.19230769230769232	0.09259259259259259	0.1	0.1388888888888889	0.3125	0.11904761904761904
ckb	0.3143939393939394	0.4453227931488801	0.2777777777777778	1.0	0.25	0.12857142857142856	0.30877192982456136	0.12803030303030302	0.15517241379310345	0.13319672131147542	0.24874686716791977	0.2222222222222222	0.2753441802252816	0.35000000000000003	0.1769230769230769	0.16071428571428573	0.2553763440860215	0.32142857142857145	0.42592592592592593	0.43236714975845414	0.25	0.18	0.22564935064935063	0.27238805970149255	0.3074626865671642	0.14516129032258066	0.4	0.05555555555555555	0.30357142857142855	0.36177884615384615	0.16666666666666666	0.05555555555555555	0.25	0.35	0.22163865546218486
da	0.2032967032967033	0.29348370927318296	0.11904761904761904	0.25	1.0	0.3059523809523809	0.35615650172612195	0.3049645390070922	0.321915530428999	0.29500000000000004	0.3303030303030303	0.09523809523809523	0.39841897233201584	0.32004470938897167	0.3335236355332268	0.31666666666666665	0.3785278413424866	0.3433333333333333	0.2982683982683983	0.18666666666666665	0.15637065637065636	0.32142857142857145	0.3892857142857143	0.34546703296703296	0.35188968335035753	0.3512096774193548	0.3412698412698413	0.023809523809523808	0.2912457912457912	0.32676518883415434	0.36533957845433257	0.023809523809523808	0.3636991028295376	0.19047619047619047	0.33653846153846156
de	0.11428571428571428	0.1615676359039191	0.07142857142857142	0.12857142857142856	0.3059523809523809	1.0	0.22470238095238093	0.4226942212016839	0.309009009009009	0.42275641025641025	0.2837742504409171	0.05714285714285714	0.26593406593406593	0.2	0.3864888123924269	0.38729508196721313	0.2475614927905004	0.20793650793650795	0.1641851106639839	0.1	0.08571428571428572	0.3395061728395061	0.2960704607046071	0.254979035639413	0.21895861148197596	0.40819623971797886	0.17633053221288517	0.014285714285714285	0.1930672268907563	0.19979879275653925	0.3611111111111111	0.014285714285714285	0.2426046176046176	0.11428571428571428	0.29824561403508776
el	0.26666666666666666	0.431023102310231	0.16666666666666666	0.30877192982456136	0.35615650172612195	0.22470238095238093	1.0	0.2259212730318258	0.27696931350838344	0.23062632696390659	0.36234567901234566	0.13333333333333333	0.4040887342322749	0.4409722222222222	0.3162393162393162	0.2930672268907563	0.47500000000000003	0.43084016393442626	0.3267857142857143	0.2492063492063492	0.2	0.3061728395061728	0.3818342151675485	0.4184210526315789	0.43337334933973587	0.24725463280713797	0.4537634408602151	0.03333333333333333	0.40576923076923077	0.40398550724637683	0.2914764079147641	0.03333333333333333	0.4100877192982456	0.26666666666666666	0.3869047619047619
en	0.11423611111111111	0.18134920634920637	0.06944444444444445	0.12803030303030302	0.3049645390070922	0.4226942212016839	0.2259212730318258	1.0	0.3066364152013613	0.4664523905182804	0.2801051051051051	0.05874026893135173	0.25087904360056257	0.2026862026862027	0.37969847170590665	0.38264264264264264	0.26043148411569467	0.20332018408941485	0.1583957553058677	0.10307017543859649	0.08333333333333333	0.35524361259655374	0.3077094474153298	0.2487773487773488	0.23007246376811596	0.39680737376436015	0.18894389438943893	0.013888888888888888	0.18626984126984128	0.1976984126984127	0.34299231224127735	0.013888888888888888	0.2527027027027027	0.1111111111111111	0.2940797940797941
es	0.13793103448275862	0.2056551724137931	0.08620689655172414	0.15517241379310345	0.321915530428999	0.309009009009009	0.27696931350838344	0.3066364152013613	1.0	0.2954919155933132	0.27419354838709675	0.06896551724137931	0.32107547624789	0.2582332429290973	0.3142583120204604	0.3252346193952033	0.30069444444444443	0.2230769230769231	0.1954691259021652	0.12701876909646442	0.10344827586206896	0.32870813397129184	0.321915530428999	0.30416666666666664	0.27542741234424806	0.37601078167115903	0.22902044552944767	0.017241379310344827	0.24265644955300128	0.24178498985801217	0.3235294117647059	0.017241379310344827	0.288768115942029	0.13793103448275862	0.2945478723404255
fr	0.1111111111111111	0.16706349206349208	0.06944444444444445	0.13319672131147542	0.29500000000000004	0.42275641025641025	0.23062632696390659	0.4664523905182804	0.2954919155933132	1.0	0.27768199233716473	0.05555555555555555	0.25942717328727694	0.20515873015873015	0.39250124564025907	0.3810810810810811	0.24255024255024257	0.19832041343669252	0.16013071895424838	0.10106837606837607	0.08764367816091953	0.36834898278560246	0.30180180180180183	0.24434961277066541	0.2261904761904762	0.3684680298604349	0.19479166666666667	0.013888888888888888	0.19582273112807463	0.18417874396135264	0.33981693363844395	0.013888888888888888	0.2642857142857143	0.1111111111111111	0.29387542048486254
he	0.2240398293029872	0.3334297281665703	0.13157894736842105	0.24874686716791977	0.3303030303030303	0.2837742504409171	0.36234567901234566	0.2801051051051051	0.27419354838709675	0.27768199233716473	1.0	0.10526315789473684	0.3832298136645963	0.39384478144513824	0.3464912280701754	0.3392857142857143	0.40288220551378445	0.2961309523809524	0.3272095332671301	0.2050438596491228	0.17218045112781954	0.3875757575757576	0.3768115942028985	0.44130434782608696	0.3724719101123595	0.29407051282051283	0.352374839537869	0.02631578947368421	0.3515392254220457	0.3599624060150376	0.37816764132553604	0.02631578947368421	0.40595238095238095	0.21052631578947367	0.4022449559533958
hi	0.16666666666666666	0.18951048951048952	0.14285714285714285	0.2222222222222222	0.09523809523809523	0.05714285714285714	0.13333333333333333	0.05874026893135173	0.06896551724137931	0.05555555555555555	0.10526315789473684	1.0	0.11764705882352941	0.14285714285714285	0.07692307692307693	0.07142857142857142	0.1111111111111111	0.14285714285714285	0.125	0.2857142857142857	0.125	0.08	0.09523809523809523	0.1111111111111111	0.13333333333333333	0.07538569424964936	0.17592592592592593	0.125	0.10714285714285714	0.15384615384615385	0.07407407407407407	0.125	0.1111111111111111	0.16666666666666666	0.09523809523809523
hu	0.24084967320261438	0.4219546086150996	0.14705882352941177	0.2753441802252816	0.39841897233201584	0.26593406593406593	0.4040887342322749	0.25087904360056257	0.32107547624789	0.25942717328727694	0.3832298136645963	0.11764705882352941	1.0	0.40356394129979034	0.32945956160241874	0.30508284818629644	0.4158805031446541	0.3257894736842105	0.36274509803921573	0.23681018799272285	0.1821524064171123	0.3340080971659919	0.3892773892773893	0.42723880597014924	0.42962962962962964	0.2857320099255583	0.40805928670680874	0.029411764705882353	0.35784313725490197	0.4211878926327812	0.3040629095674967	0.029411764705882353	0.4631087063453025	0.23529411764705882	0.33989001692047377
id	0.2857142857142857	0.47410714285714284	0.17857142857142858	0.35000000000000003	0.32004470938897167	0.2	0.4409722222222222	0.2026862026862027	0.2582332429290973	0.20515873015873015	0.39384478144513824	0.14285714285714285	0.40356394129979034	1.0	0.2794348508634223	0.25980392156862747	0.4219077568134172	0.375	0.43541033434650456	0.2865853658536585	0.21428571428571427	0.2883333333333334	0.3579234972677595	0.41241830065359475	0.5316017316017316	0.22580645161290322	0.4826254826254826	0.03571428571428571	0.5224252491694352	0.49489795918367346	0.27849002849002846	0.03571428571428571	0.42662473794549266	0.2857142857142857	0.36017897091722595
it	0.1619106699751861	0.23388483025354534	0.09615384615384616	0.1769230769230769	0.3335236355332268	0.3864888123924269	0.3162393162393162	0.37969847170590665	0.3142583120204604	0.39250124564025907	0.3464912280701754	0.07692307692307693	0.32945956160241874	0.2794348508634223	1.0	0.415625	0.35955165692007796	0.24814814814814815	0.23312119535141118	0.13826501965188095	0.11944965603502189	0.4205827067669173	0.3335236355332268	0.3146160198183319	0.28542204995693365	0.3504304160688666	0.2577153385536619	0.019230769230769232	0.2607913669064748	0.26773049645390073	0.3420138888888889	0.019230769230769232	0.3064039408866995	0.15384615384615385	0.40215003138731953
ja	0.14285714285714285	0.20362281603288798	0.08928571428571429	0.16071428571428573	0.31666666666666665	0.38729508196721313	0.2930672268907563	0.38264264264264264	0.3252346193952033	0.3810810810810811	0.3392857142857143	0.07142857142857142	0.30508284818629644	0.25980392156862747	0.415625	1.0	0.30912908930150307	0.22969348659003833	0.21205357142857142	0.1304945054945055	0.10714285714285714	0.42794404684450227	0.33042813455657494	0.32411120021384654	0.2687230603448276	0.3511904761904762	0.23015873015873015	0.017857142857142856	0.23740601503759398	0.25297619047619047	0.37452651515151514	0.017857142857142856	0.27637540453074433	0.14285714285714285	0.37046861184792224
ko	0.2279040404040404	0.3824786324786325	0.1388888888888889	0.2553763440860215	0.3785278413424866	0.2475614927905004	0.47500000000000003	0.26043148411569467	0.30069444444444443	0.24255024255024257	0.40288220551378445	0.1111111111111111	0.4158805031446541	0.4219077568134172	0.35955165692007796	0.30912908930150307	1.0	0.3523093447905478	0.34555555555555556	0.20454545454545456	0.16666666666666666	0.34446693657219973	0.41706539074960125	0.4447761194029851	0.42656058751529985	0.27734375	0.39381720430107525	0.027777777777777776	0.3809130913091309	0.3752620545073375	0.3372252747252747	0.027777777777777776	0.4327102803738318	0.2222222222222222	0.4169750231267345
lv	0.2857142857142857	0.41233766233766234	0.17857142857142858	0.32142857142857145	0.3433333333333333	0.20793650793650795	0.43084016393442626	0.20332018408941485	0.2230769230769231	0.19832041343669252	0.2961309523809524	0.14285714285714285	0.3257894736842105	0.375	0.24814814814814815	0.22969348659003833	0.3523093447905478	1.0	0.3333333333333333	0.25	0.21428571428571427	0.25	0.3158627087198516	0.3	0.37406793703396857	0.22580645161290322	0.45129870129870125	0.03571428571428571	0.34375	0.4	0.23214285714285715	0.03571428571428571	0.3	0.2857142857142857	0.30974025974025976
mk	0.36363636363636365	0.5112612612612613	0.22727272727272727	0.42592592592592593	0.2982683982683983	0.1641851106639839	0.3267857142857143	0.1583957553058677	0.1954691259021652	0.16013071895424838	0.3272095332671301	0.125	0.36274509803921573	0.43541033434650456	0.23312119535141118	0.21205357142857142	0.34555555555555556	0.3333333333333333	1.0	0.27702702702702703	0.293560606060606	0.23851851851851852	0.2794486215538847	0.3731231231231231	0.38565400843881853	0.18477229601518028	0.41201264488935724	0.045454545454545456	0.434981684981685	0.44529914529914527	0.24814814814814815	0.045454545454545456	0.3255555555555556	0.36363636363636365	0.27541827541827546
ml	0.4215686274509804	0.3729763387297634	0.35714285714285715	0.43236714975845414	0.18666666666666665	0.1	0.2492063492063492	0.10307017543859649	0.12701876909646442	0.10106837606837607	0.2050438596491228	0.2857142857142857	0.23681018799272285	0.2865853658536585	0.13826501965188095	0.1304945054945055	0.20454545454545456	0.25	0.27702702702702703	1.0	0.3125	0.15041666666666667	0.1764705882352941	0.2147147147147147	0.25416666666666665	0.11290322580645161	0.321969696969697	0.07142857142857142	0.2597402597402597	0.28205128205128205	0.12962962962962962	0.07142857142857142	0.21770025839793283	0.3333333333333333	0.1997549019607843
mr	0.375	0.2803030303030303	0.4166666666666667	0.25	0.15637065637065636	0.08571428571428572	0.2	0.08333333333333333	0.10344827586206896	0.08764367816091953	0.17218045112781954	0.125	0.1821524064171123	0.21428571428571427	0.11944965603502189	0.10714285714285714	0.16666666666666666	0.21428571428571427	0.293560606060606	0.3125	1.0	0.13470588235294118	0.14285714285714285	0.16666666666666666	0.2	0.0967741935483871	0.2590909090909091	0.08333333333333333	0.25457875457875456	0.23076923076923078	0.1111111111111111	0.08333333333333333	0.16666666666666666	0.375	0.14285714285714285
nl	0.16	0.24688172043010753	0.1	0.18	0.32142857142857145	0.3395061728395061	0.3061728395061728	0.35524361259655374	0.32870813397129184	0.36834898278560246	0.3875757575757576	0.08	0.3340080971659919	0.2883333333333334	0.4205827067669173	0.42794404684450227	0.34446693657219973	0.25	0.23851851851851852	0.15041666666666667	0.13470588235294118	1.0	0.3667772249861802	0.3491452991452991	0.2979664014146773	0.3751515151515152	0.2704878048780488	0.02	0.26961538461538465	0.26892857142857146	0.37528735632183907	0.02	0.3044930176077717	0.16	0.4175101214574899
pl	0.19047619047619047	0.29348370927318296	0.11904761904761904	0.22564935064935063	0.3892857142857143	0.2960704607046071	0.3818342151675485	0.3077094474153298	0.321915530428999	0.30180180180180183	0.3768115942028985	0.09523809523809523	0.3892773892773893	0.3579234972677595	0.3335236355332268	0.33042813455657494	0.41706539074960125	0.3158627087198516	0.2794486215538847	0.1764705882352941	0.14285714285714285	0.3667772249861802	1.0	0.40786901270772236	0.39691558441558444	0.325	0.3029556650246305	0.023809523809523808	0.31861471861471863	0.32676518883415434	0.36533957845433257	0.023809523809523808	0.4444444444444444	0.19047619047619047	0.32984420642648493
pt	0.246415770609319	0.358187134502924	0.1388888888888889	0.27238805970149255	0.34546703296703296	0.254979035639413	0.4184210526315789	0.2487773487773488	0.30416666666666664	0.24434961277066541	0.44130434782608696	0.1111111111111111	0.42723880597014924	0.41241830065359475	0.3146160198183319	0.32411120021384654	0.4447761194029851	0.3	0.3731231231231231	0.2147147147147147	0.16666666666666666	0.3491452991452991	0.40786901270772236	1.0	0.42397660818713445	0.29013480392156865	0.3862179487179487	0.027777777777777776	0.3870851370851371	0.3794037940379404	0.3214285714285714	0.027777777777777776	0.41724137931034483	0.2222222222222222	0.3756038647342995
ro	0.26666666666666666	0.4202380952380952	0.16666666666666666	0.3074626865671642	0.35188968335035753	0.21895861148197596	0.43337334933973587	0.23007246376811596	0.27542741234424806	0.2261904761904762	0.3724719101123595	0.13333333333333333	0.42962962962962964	0.5316017316017316	0.28542204995693365	0.2687230603448276	0.42656058751529985	0.37406793703396857	0.38565400843881853	0.25416666666666665	0.2	0.2979664014146773	0.39691558441558444	0.42397660818713445	1.0	0.24674317617866007	0.476530612244898	0.03333333333333333	0.48194444444444445	0.4586497890295359	0.2898259705488621	0.03333333333333333	0.4598765432098766	0.26666666666666666	0.3777056277056277
ru	0.12903225806451613	0.19611094362375642	0.08064516129032258	0.14516129032258066	0.3512096774193548	0.40819623971797886	0.24725463280713797	0.39680737376436015	0.37601078167115903	0.3684680298604349	0.29407051282051283	0.07538569424964936	0.2857320099255583	0.22580645161290322	0.3504304160688666	0.3511904761904762	0.27734375	0.22580645161290322	0.18477229601518028	0.11290322580645161	0.0967741935483871	0.3751515151515152	0.325	0.29013480392156865	0.24674317617866007	1.0	0.20375246872942726	0.016129032258064516	0.20967741935483872	0.20967741935483872	0.37468030690537085	0.016129032258064516	0.27238175675675674	0.12903225806451613	0.3025846702317291
sh	0.35119047619047616	0.5846491228070175	0.20833333333333334	0.4	0.3412698412698413	0.17633053221288517	0.4537634408602151	0.18894389438943893	0.22902044552944767	0.19479166666666667	0.352374839537869	0.17592592592592593	0.40805928670680874	0.4826254826254826	0.2577153385536619	0.23015873015873015	0.39381720430107525	0.45129870129870125	0.41201264488935724	0.321969696969697	0.2590909090909091	0.2704878048780488	0.3029556650246305	0.3862179487179487	0.476530612244898	0.20375246872942726	1.0	0.041666666666666664	0.4369747899159664	0.5032051282051282	0.2417027417027417	0.041666666666666664	0.36538461538461536	0.3333333333333333	0.3208020050125313
si	0.0625	0.045454545454545456	0.1	0.05555555555555555	0.023809523809523808	0.014285714285714285	0.03333333333333333	0.013888888888888888	0.017241379310344827	0.013888888888888888	0.02631578947368421	0.125	0.029411764705882353	0.03571428571428571	0.019230769230769232	0.017857142857142856	0.027777777777777776	0.03571428571428571	0.045454545454545456	0.07142857142857142	0.08333333333333333	0.02	0.023809523809523808	0.027777777777777776	0.03333333333333333	0.016129032258064516	0.041666666666666664	0.5	0.038461538461538464	0.038461538461538464	0.018518518518518517	0.5	0.027777777777777776	0.0625	0.023809523809523808
simple	0.3294314381270903	0.3818342151675485	0.19230769230769232	0.30357142857142855	0.2912457912457912	0.1930672268907563	0.40576923076923077	0.18626984126984128	0.24265644955300128	0.19582273112807463	0.3515392254220457	0.10714285714285714	0.35784313725490197	0.5224252491694352	0.2607913669064748	0.23740601503759398	0.3809130913091309	0.34375	0.434981684981685	0.2597402597402597	0.25457875457875456	0.26961538461538465	0.31861471861471863	0.3870851370851371	0.48194444444444445	0.20967741935483872	0.4369747899159664	0.038461538461538464	1.0	0.44019933554817275	0.2518518518518518	0.038461538461538464	0.38238770685579193	0.3076923076923077	0.3341716968477532
sr	0.3076923076923077	0.45283882783882784	0.19230769230769232	0.36177884615384615	0.32676518883415434	0.19979879275653925	0.40398550724637683	0.1976984126984127	0.24178498985801217	0.18417874396135264	0.3599624060150376	0.15384615384615385	0.4211878926327812	0.49489795918367346	0.26773049645390073	0.25297619047619047	0.3752620545073375	0.4	0.44529914529914527	0.28205128205128205	0.23076923076923078	0.26892857142857146	0.32676518883415434	0.3794037940379404	0.4586497890295359	0.20967741935483872	0.5032051282051282	0.038461538461538464	0.44019933554817275	1.0	0.24074074074074073	0.038461538461538464	0.380718954248366	0.3076923076923077	0.33349641226353555
sv	0.14814814814814814	0.21493965875988347	0.09259259259259259	0.16666666666666666	0.36533957845433257	0.3611111111111111	0.2914764079147641	0.34299231224127735	0.3235294117647059	0.33981693363844395	0.37816764132553604	0.07407407407407407	0.3040629095674967	0.27849002849002846	0.3420138888888889	0.37452651515151514	0.3372252747252747	0.23214285714285715	0.24814814814814815	0.12962962962962962	0.1111111111111111	0.37528735632183907	0.36533957845433257	0.3214285714285714	0.2898259705488621	0.37468030690537085	0.2417027417027417	0.018518518518518517	0.2518518518518518	0.24074074074074073	1.0	0.018518518518518517	0.3128306878306878	0.14814814814814814	0.3408312400091345
te	0.0625	0.045454545454545456	0.1	0.05555555555555555	0.023809523809523808	0.014285714285714285	0.03333333333333333	0.013888888888888888	0.017241379310344827	0.013888888888888888	0.02631578947368421	0.125	0.029411764705882353	0.03571428571428571	0.019230769230769232	0.017857142857142856	0.027777777777777776	0.03571428571428571	0.045454545454545456	0.07142857142857142	0.08333333333333333	0.02	0.023809523809523808	0.027777777777777776	0.03333333333333333	0.016129032258064516	0.041666666666666664	0.5	0.038461538461538464	0.038461538461538464	0.018518518518518517	0.5	0.027777777777777776	0.0625	0.023809523809523808
vi	0.2378472222222222	0.33964646464646464	0.1388888888888889	0.25	0.3636991028295376	0.2426046176046176	0.4100877192982456	0.2527027027027027	0.288768115942029	0.2642857142857143	0.40595238095238095	0.1111111111111111	0.4631087063453025	0.42662473794549266	0.3064039408866995	0.27637540453074433	0.4327102803738318	0.3	0.3255555555555556	0.21770025839793283	0.16666666666666666	0.3044930176077717	0.4444444444444444	0.41724137931034483	0.4598765432098766	0.27238175675675674	0.36538461538461536	0.027777777777777776	0.38238770685579193	0.380718954248366	0.3128306878306878	0.027777777777777776	1.0	0.2222222222222222	0.325487012987013
war	0.3888888888888889	0.36363636363636365	0.3125	0.35	0.19047619047619047	0.11428571428571428	0.26666666666666666	0.1111111111111111	0.13793103448275862	0.1111111111111111	0.21052631578947367	0.16666666666666666	0.23529411764705882	0.2857142857142857	0.15384615384615385	0.14285714285714285	0.2222222222222222	0.2857142857142857	0.36363636363636365	0.3333333333333333	0.375	0.16	0.19047619047619047	0.2222222222222222	0.26666666666666666	0.12903225806451613	0.3333333333333333	0.0625	0.3076923076923077	0.3076923076923077	0.14814814814814814	0.0625	0.2222222222222222	0.5	0.19047619047619047
zh	0.19426406926406925	0.306848582129481	0.11904761904761904	0.22163865546218486	0.33653846153846156	0.29824561403508776	0.3869047619047619	0.2940797940797941	0.2945478723404255	0.29387542048486254	0.4022449559533958	0.09523809523809523	0.33989001692047377	0.36017897091722595	0.40215003138731953	0.37046861184792224	0.4169750231267345	0.30974025974025976	0.27541827541827546	0.1997549019607843	0.14285714285714285	0.4175101214574899	0.32984420642648493	0.3756038647342995	0.3777056277056277	0.3025846702317291	0.3208020050125313	0.023809523809523808	0.3341716968477532	0.33349641226353555	0.3408312400091345	0.023809523809523808	0.325487012987013	0.19047619047619047	1.0
