arz	bs	ceb	ckb	da	de	el	en	es	fr	he	hi	hu	id	it	ja	ko	lv	mk	ml	mr	nl	pl	pt	ro	ru	sh	si	simple	sr	sv	te	vi	war	zh
arz	1.0	0.045454545454545456	0.0	0.08333333333333333	0.02564102564102564	0.0	0.0	0.00625	0.0	0.0	0.02702702702702703	0.0	0.011111111111111112	0.0	0.016129032258064516	0.0	0.011363636363636364	0.0	0.0	0.17647058823529413	0.0	0.0	0.0	0.04838709677419355	0.0	0.0	0.03571428571428571	0.0	0.043478260869565216	0.0	0.0	0.0	0.03125	0.0	0.007575757575757576
bs	0.045454545454545456	1.0	0.0	0.07246376811594203	0.06315789473684211	0.008849557522123894	0.12871287128712872	0.05714285714285714	0.032	0.02857142857142857	0.08791208791208792	0.015384615384615385	0.1968503937007874	0.1625	0.0446927374301676	0.014388489208633094	0.15384615384615385	0.03896103896103896	0.1891891891891892	0.1095890410958904	0.015151515151515152	0.053763440860215055	0.06315789473684211	0.10526315789473684	0.10714285714285714	0.037383177570093455	0.25263157894736843	0.0	0.04938271604938271	0.05952380952380952	0.02247191011235955	0.0	0.06818181818181818	0.0	0.0898876404494382
ceb	0.0	0.0	0.0	0.0	0.0	0.0	0.0	0.0	0.0	0.0	0.0	0.0	0.0	0.0	0.0	0.0	0.0	0.0	0.0	0.0	0.0	0.0	0.0	0.0	0.0	0.0	0.0	0.0	0.0	0.0	0.0	0.0	0.0	0.0	0.0
ckb	0.08333333333333333	0.07246376811594203	0.0	1.0	0.07142857142857142	0.0	0.017543859649122806	0.006060606060606061	0.0	0.01639344262295082	0.023809523809523808	0.0	0.02127659574468085	0.05714285714285714	0.007692307692307693	0.0	0.010752688172043012	0.0	0.18518518518518517	0.08695652173913043	0.0	0.0	0.022727272727272728	0.04477611940298507	0.014925373134328358	0.0	0.05	0.0	0.03571428571428571	0.03125	0.0	0.0	0.0	0.0	0.014705882352941176
da	0.02564102564102564	0.06315789473684211	0.0	0.07142857142857142	1.0	0.011904761904761904	0.0759493670886076	0.026595744680851064	0.030927835051546393	0.006666666666666667	0.06060606060606061	0.0	0.06956521739130435	0.04918032786885246	0.046357615894039736	0.0	0.06140350877192982	0.02	0.07272727272727272	0.04	0.02702702702702703	0.0	0.02857142857142857	0.06593406593406594	0.06741573033707865	0.025	0.1111111111111111	0.0	0.037037037037037035	0.034482758620689655	0.01639344262295082	0.0	0.031746031746031744	0.0	0.057692307692307696
de	0.0	0.008849557522123894	0.0	0.0	0.011904761904761904	1.0	0.020833333333333332	0.024875621890547265	0.018018018018018018	0.025	0.024691358024691357	0.0	0.046153846153846156	0.0	0.030120481927710843	0.02459016393442623	0.022900763358778626	0.015873015873015872	0.014084507042253521	0.0	0.0	0.012345679012345678	0.036585365853658534	0.03773584905660377	0.009345794392523364	0.03260869565217391	0.00980392156862745	0.0	0.014705882352941176	0.028169014084507043	0.0	0.0	0.012987012987012988	0.0	0.04093567251461988
el	0.0	0.12871287128712872	0.0	0.017543859649122806	0.0759493670886076	0.020833333333333332	1.0	0.035175879396984924	0.03669724770642202	0.044585987261146494	0.024691358024691357	0.0	0.12396694214876033	0.06944444444444445	0.05555555555555555	0.05042016806722689	0.11666666666666667	0.04918032786885246	0.02857142857142857	0.031746031746031744	0.0	0.012345679012345678	0.04938271604938271	0.1	0.10204081632653061	0.010638297872340425	0.10752688172043011	0.0	0.06153846153846154	0.057971014492753624	0.0273972602739726	0.0	0.08333333333333333	0.0	0.05952380952380952
en	0.00625	0.05714285714285714	0.0	0.006060606060606061	0.026595744680851064	0.024875621890547265	0.035175879396984924	1.0	0.027906976744186046	0.03816793893129771	0.032432432432432434	0.006369426751592357	0.029535864978902954	0.016483516483516484	0.03717472118959108	0.035555555555555556	0.06140350877192982	0.01775147928994083	0.011235955056179775	0.011695906432748537	0.0	0.016042780748663103	0.03208556149732621	0.0380952380952381	0.043478260869565216	0.030456852791878174	0.04455445544554455	0.0	0.011428571428571429	0.03428571428571429	0.028089887640449437	0.0	0.005405405405405406	0.0	0.047619047619047616
es	0.0	0.032	0.0	0.0	0.030927835051546393	0.018018018018018018	0.03669724770642202	0.027906976744186046	1.0	0.0056179775280898875	0.0	0.0	0.055944055944055944	0.033707865168539325	0.010869565217391304	0.021897810218978103	0.034722222222222224	0.01282051282051282	0.011627906976744186	0.012658227848101266	0.0	0.021052631578947368	0.030927835051546393	0.041666666666666664	0.03361344537815126	0.03773584905660377	0.04424778761061947	0.0	0.037037037037037035	0.03529411764705882	0.0	0.0	0.010869565217391304	0.0	0.026595744680851064
fr	0.0	0.02857142857142857	0.0	0.01639344262295082	0.006666666666666667	0.025	0.044585987261146494	0.03816793893129771	0.0056179775280898875	1.0	0.027586206896551724	0.0	0.046632124352331605	0.02142857142857143	0.06278026905829596	0.032432432432432434	0.02564102564102564	0.007751937984496124	0.014705882352941176	0.007692307692307693	0.008620689655172414	0.04225352112676056	0.02027027027027027	0.029239766081871343	0.03571428571428571	0.0189873417721519	0.05625	0.0	0.030534351145038167	0.007246376811594203	0.021739130434782608	0.0	0.02857142857142857	0.0	0.04721030042918455
he	0.02702702702702703	0.08791208791208792	0.0	0.023809523809523808	0.06060606060606061	0.024691358024691357	0.024691358024691357	0.032432432432432434	0.0	0.027586206896551724	1.0	0.0	0.05217391304347826	0.05084745762711865	0.02631578947368421	0.0	0.043859649122807015	0.020833333333333332	0.07547169811320754	0.041666666666666664	0.02857142857142857	0.015151515151515152	0.014492753623188406	0.03260869565217391	0.0449438202247191	0.02564102564102564	0.07317073170731707	0.0	0.018867924528301886	0.03571428571428571	0.05263157894736842	0.0	0.05	0.0	0.06535947712418301
hi	0.0	0.015384615384615385	0.0	0.0	0.0	0.0	0.0	0.006369426751592357	0.0	0.0	0.0	1.0	0.0	0.0	0.0	0.0	0.0	0.0	0.0	0.0	0.0	0.0	0.0	0.0	0.0	0.021739130434782608	0.018518518518518517	0.0	0.0	0.0	0.0	0.0	0.0	0.0	0.0
hu	0.011111111111111112	0.1968503937007874	0.0	0.02127659574468085	0.06956521739130435	0.046153846153846156	0.12396694214876033	0.029535864978902954	0.055944055944055944	0.046632124352331605	0.05217391304347826	0.0	1.0	0.08490566037735849	0.0663265306122449	0.05844155844155844	0.08176100628930817	0.02	0.0784313725490196	0.061855670103092786	0.011363636363636364	0.05263157894736842	0.05128205128205128	0.1044776119402985	0.08148148148148149	0.023076923076923078	0.11023622047244094	0.0	0.049019607843137254	0.07766990291262135	0.03669724770642202	0.0	0.08411214953271028	0.0	0.09644670050761421
id	0.0	0.1625	0.0	0.05714285714285714	0.04918032786885246	0.0	0.06944444444444445	0.016483516483516484	0.033707865168539325	0.02142857142857143	0.05084745762711865	0.0	0.08490566037735849	1.0	0.02040816326530612	0.0196078431372549	0.0660377358490566	0.0	0.0851063829787234	0.07317073170731707	0.0	0.016666666666666666	0.04918032786885246	0.047058823529411764	0.12987012987012986	0.0	0.10810810810810811	0.0	0.11627906976744186	0.061224489795918366	0.038461538461538464	0.0	0.07547169811320754	0.0	0.053691275167785234
it	0.016129032258064516	0.0446927374301676	0.0	0.007692307692307693	0.046357615894039736	0.030120481927710843	0.05555555555555555	0.03717472118959108	0.010869565217391304	0.06278026905829596	0.02631578947368421	0.0	0.0663265306122449	0.02040816326530612	1.0	0.03125	0.08947368421052632	0.014814814814814815	0.04316546762589928	0.0072992700729927005	0.008130081300813009	0.019736842105263157	0.046357615894039736	0.057803468208092484	0.05232558139534884	0.024390243902439025	0.05389221556886228	0.0	0.02158273381294964	0.03546099290780142	0.027777777777777776	0.0	0.041379310344827586	0.0	0.0635593220338983
ja	0.0	0.014388489208633094	0.0	0.0	0.0	0.02459016393442623	0.05042016806722689	0.035555555555555556	0.021897810218978103	0.032432432432432434	0.0	0.0	0.05844155844155844	0.0196078431372549	0.03125	1.0	0.03205128205128205	0.011111111111111112	0.03125	0.01098901098901099	0.0	0.02830188679245283	0.027522935779816515	0.06201550387596899	0.0546875	0.016666666666666666	0.031746031746031744	0.0	0.010526315789473684	0.041666666666666664	0.030303030303030304	0.0	0.019417475728155338	0.0	0.05128205128205128
ko	0.011363636363636364	0.15384615384615385	0.0	0.010752688172043012	0.06140350877192982	0.022900763358778626	0.11666666666666667	0.06140350877192982	0.034722222222222224	0.02564102564102564	0.043859649122807015	0.0	0.08176100628930817	0.0660377358490566	0.08947368421052632	0.03205128205128205	1.0	0.02040816326530612	0.08	0.020202020202020204	0.0	0.03508771929824561	0.06140350877192982	0.08955223880597014	0.11627906976744186	0.0234375	0.12096774193548387	0.0	0.039603960396039604	0.02830188679245283	0.0673076923076923	0.0	0.06542056074766354	0.0	0.13829787234042554
lv	0.0	0.03896103896103896	0.0	0.0	0.02	0.015873015873015872	0.04918032786885246	0.01775147928994083	0.01282051282051282	0.007751937984496124	0.020833333333333332	0.0	0.02	0.0	0.014814814814814815	0.011111111111111112	0.02040816326530612	1.0	0.0	0.0	0.0	0.0	0.04081632653061224	0.0	0.04225352112676056	0.0	0.045454545454545456	0.0	0.0	0.0	0.0	0.0	0.0	0.0	0.02857142857142857
mk	0.0	0.1891891891891892	0.0	0.18518518518518517	0.07272727272727272	0.014084507042253521	0.02857142857142857	0.011235955056179775	0.011627906976744186	0.014705882352941176	0.07547169811320754	0.0	0.0784313725490196	0.0851063829787234	0.04316546762589928	0.03125	0.08	0.0	1.0	0.05405405405405406	0.041666666666666664	0.037037037037037035	0.03508771929824561	0.13513513513513514	0.0379746835443038	0.014705882352941176	0.0547945205479452	0.0	0.023809523809523808	0.044444444444444446	0.08888888888888889	0.0	0.04	0.0	0.02702702702702703
ml	0.17647058823529413	0.1095890410958904	0.0	0.08695652173913043	0.04	0.0	0.031746031746031744	0.011695906432748537	0.012658227848101266	0.007692307692307693	0.041666666666666664	0.0	0.061855670103092786	0.07317073170731707	0.0072992700729927005	0.01098901098901099	0.020202020202020204	0.0	0.05405405405405406	1.0	0.0	0.020833333333333332	0.0196078431372549	0.04054054054054054	0.041666666666666664	0.0	0.06060606060606061	0.0	0.09090909090909091	0.02564102564102564	0.0	0.0	0.046511627906976744	0.0	0.0661764705882353
mr	0.0	0.015151515151515152	0.0	0.0	0.02702702702702703	0.0	0.0	0.0	0.0	0.008620689655172414	0.02857142857142857	0.0	0.011363636363636364	0.0	0.008130081300813009	0.0	0.0	0.0	0.041666666666666664	0.0	1.0	0.029411764705882353	0.0	0.0	0.0	0.0	0.01818181818181818	0.0	0.047619047619047616	0.0	0.0	0.0	0.0	0.0	0.0
nl	0.0	0.053763440860215055	0.0	0.0	0.0	0.012345679012345678	0.012345679012345678	0.016042780748663103	0.021052631578947368	0.04225352112676056	0.015151515151515152	0.0	0.05263157894736842	0.016666666666666666	0.019736842105263157	0.02830188679245283	0.03508771929824561	0.0	0.037037037037037035	0.020833333333333332	0.029411764705882353	1.0	0.029850746268656716	0.044444444444444446	0.05747126436781609	0.05333333333333334	0.06097560975609756	0.0	0.019230769230769232	0.017857142857142856	0.017241379310344827	0.0	0.01639344262295082	0.0	0.06578947368421052
pl	0.0	0.06315789473684211	0.0	0.022727272727272728	0.02857142857142857	0.036585365853658534	0.04938271604938271	0.03208556149732621	0.030927835051546393	0.02027027027027027	0.014492753623188406	0.0	0.05128205128205128	0.04918032786885246	0.046357615894039736	0.027522935779816515	0.06140350877192982	0.04081632653061224	0.03508771929824561	0.0196078431372549	0.0	0.029850746268656716	1.0	0.043010752688172046	0.07954545454545454	0.025	0.034482758620689655	0.0	0.01818181818181818	0.034482758620689655	0.01639344262295082	0.0	0.031746031746031744	0.0	0.04430379746835443
pt	0.04838709677419355	0.10526315789473684	0.0	0.04477611940298507	0.06593406593406594	0.03773584905660377	0.1	0.0380952380952381	0.041666666666666664	0.029239766081871343	0.03260869565217391	0.0	0.1044776119402985	0.047058823529411764	0.057803468208092484	0.06201550387596899	0.08955223880597014	0.0	0.13513513513513514	0.04054054054054054	0.0	0.044444444444444446	0.043010752688172046	1.0	0.1111111111111111	0.049019607843137254	0.10576923076923077	0.0	0.05194805194805195	0.036585365853658534	0.03571428571428571	0.0	0.034482758620689655	0.0	0.05555555555555555
ro	0.0	0.10714285714285714	0.0	0.014925373134328358	0.06741573033707865	0.009345794392523364	0.10204081632653061	0.043478260869565216	0.03361344537815126	0.03571428571428571	0.0449438202247191	0.0	0.08148148148148149	0.12987012987012986	0.05232558139534884	0.0546875	0.11627906976744186	0.04225352112676056	0.0379746835443038	0.041666666666666664	0.0	0.05747126436781609	0.07954545454545454	0.1111111111111111	1.0	0.009615384615384616	0.15306122448979592	0.0	0.09722222222222222	0.05063291139240506	0.024096385542168676	0.0	0.08641975308641975	0.0	0.11904761904761904
ru	0.0	0.037383177570093455	0.0	0.0	0.025	0.03260869565217391	0.010638297872340425	0.030456852791878174	0.03773584905660377	0.0189873417721519	0.02564102564102564	0.021739130434782608	0.023076923076923078	0.0	0.024390243902439025	0.016666666666666666	0.0234375	0.0	0.014705882352941176	0.0	0.0	0.05333333333333334	0.025	0.049019607843137254	0.009615384615384616	1.0	0.02040816326530612	0.0	0.0	0.0	0.043478260869565216	0.0	0.013513513513513514	0.0	0.029411764705882353
sh	0.03571428571428571	0.25263157894736843	0.0	0.05	0.1111111111111111	0.00980392156862745	0.10752688172043011	0.04455445544554455	0.04424778761061947	0.05625	0.07317073170731707	0.018518518518518517	0.11023622047244094	0.10810810810810811	0.05389221556886228	0.031746031746031744	0.12096774193548387	0.045454545454545456	0.0547945205479452	0.06060606060606061	0.01818181818181818	0.06097560975609756	0.034482758620689655	0.10576923076923077	0.15306122448979592	0.02040816326530612	1.0	0.0	0.08823529411764706	0.08333333333333333	0.03896103896103896	0.0	0.0641025641025641	0.0	0.07017543859649122
si	0.0	0.0	0.0	0.0	0.0	0.0	0.0	0.0	0.0	0.0	0.0	0.0	0.0	0.0	0.0	0.0	0.0	0.0	0.0	0.0	0.0	0.0	0.0	0.0	0.0	0.0	0.0	0.0	0.0	0.0	0.0	0.0	0.0	0.0	0.0
simple	0.043478260869565216	0.04938271604938271	0.0	0.03571428571428571	0.037037037037037035	0.014705882352941176	0.06153846153846154	0.011428571428571429	0.037037037037037035	0.030534351145038167	0.018867924528301886	0.0	0.049019607843137254	0.11627906976744186	0.02158273381294964	0.010526315789473684	0.039603960396039604	0.0	0.023809523809523808	0.09090909090909091	0.047619047619047616	0.019230769230769232	0.01818181818181818	0.05194805194805195	0.09722222222222222	0.0	0.08823529411764706	0.0	1.0	0.023255813953488372	0.022222222222222223	0.0	0.0425531914893617	0.0	0.04929577464788732
sr	0.0	0.05952380952380952	0.0	0.03125	0.034482758620689655	0.028169014084507043	0.057971014492753624	0.03428571428571429	0.03529411764705882	0.007246376811594203	0.03571428571428571	0.0	0.07766990291262135	0.061224489795918366	0.03546099290780142	0.041666666666666664	0.02830188679245283	0.0	0.044444444444444446	0.02564102564102564	0.0	0.017857142857142856	0.034482758620689655	0.036585365853658534	0.05063291139240506	0.0	0.08333333333333333	0.0	0.023255813953488372	1.0	0.0	0.0	0.0392156862745098	0.0	0.04794520547945205
sv	0.0	0.02247191011235955	0.0	0.0	0.01639344262295082	0.0	0.0273972602739726	0.028089887640449437	0.0	0.021739130434782608	0.05263157894736842	0.0	0.03669724770642202	0.038461538461538464	0.027777777777777776	0.030303030303030304	0.0673076923076923	0.0	0.08888888888888889	0.0	0.0	0.017241379310344827	0.01639344262295082	0.03571428571428571	0.024096385542168676	0.043478260869565216	0.03896103896103896	0.0	0.022222222222222223	0.0	1.0	0.0	0.018518518518518517	0.0	0.026490066225165563
te	0.0	0.0	0.0	0.0	0.0	0.0	0.0	0.0	0.0	0.0	0.0	0.0	0.0	0.0	0.0	0.0	0.0	0.0	0.0	0.0	0.0	0.0	0.0	0.0	0.0	0.0	0.0	0.0	0.0	0.0	0.0	0.0	0.0	0.0	0.0
vi	0.03125	0.06818181818181818	0.0	0.0	0.031746031746031744	0.012987012987012988	0.08333333333333333	0.005405405405405406	0.010869565217391304	0.02857142857142857	0.05	0.0	0.08411214953271028	0.07547169811320754	0.041379310344827586	0.019417475728155338	0.06542056074766354	0.0	0.04	0.046511627906976744	0.0	0.01639344262295082	0.031746031746031744	0.034482758620689655	0.08641975308641975	0.013513513513513514	0.0641025641025641	0.0	0.0425531914893617	0.0392156862745098	0.018518518518518517	0.0	1.0	0.0	0.025974025974025976
war	0.0	0.0	0.0	0.0	0.0	0.0	0.0	0.0	0.0	0.0	0.0	0.0	0.0	0.0	0.0	0.0	0.0	0.0	0.0	0.0	0.0	0.0	0.0	0.0	0.0	0.0	0.0	0.0	0.0	0.0	0.0	0.0	0.0	0.0	0.0
zh	0.007575757575757576	0.0898876404494382	0.0	0.014705882352941176	0.057692307692307696	0.04093567251461988	0.05952380952380952	0.047619047619047616	0.026595744680851064	0.04721030042918455	0.06535947712418301	0.0	0.09644670050761421	0.053691275167785234	0.0635593220338983	0.05128205128205128	0.13829787234042554	0.02857142857142857	0.02702702702702703	0.0661764705882353	0.0	0.06578947368421052	0.04430379746835443	0.05555555555555555	0.11904761904761904	0.029411764705882353	0.07017543859649122	0.0	0.04929577464788732	0.04794520547945205	0.026490066225165563	0.0	0.025974025974025976	0.0	1.0
