arz	bs	ceb	ckb	da	de	el	en	es	fr	he	hi	hu	id	it	ja	ko	lv	mk	ml	mr	nl	pl	pt	ro	ru	sh	si	simple	sr	sv	te	vi	war	zh
arz	1.0	0.3430703308172536	0.585786437626905	0.39564392373896007	0.2402530733520421	0.2432005499552144	0.2222222222222222	0.2295744565706807	0.22584440001865322	0.2222222222222222	0.2379850166763878	0.4038740830864499	0.2209921085174591	0.22382656312641838	0.2806749751250972	0.2612038749637414	0.22508511034121706	0.29845524420135	0.2674788903885893	0.2954624896860746	0.43234688160713797	0.2222222222222222	0.20386840968093525	0.2274027931172163	0.2222222222222222	0.22584440001865322	0.27792629762666365	1.0	0.4142135623730951	0.23314939723434625	0.2857142857142857	0.3726822671238253	0.2222222222222222	0.2674788903885893	0.2126918378209058
bs	0.3430703308172536	1.0	0.3090169943749474	1.0	0.44948974278317805	0.44948974278317805	0.5	0.3164309725825328	0.44948974278317805	0.4142135623730951	0.1954947654804392	0.4142135623730951	0.1881465941379899	0.30383243470068705	0.4142135623730951	0.44948974278317805	0.25	0.44948974278317805	0.32881309020609956	0.30865820599046184	0.3021694792519622	0.3597752501562547	0.3333333333333333	0.353889367864523	0.5	0.44948974278317805	0.5	0.5	0.20856217852254144	0.2857142857142857	0.4142135623730951	0.44948974278317805	0.44948974278317805	0.585786437626905	0.2612038749637414
ceb	0.585786437626905	0.3090169943749474	1.0	0.39564392373896	0.10356661514167317	0.09466589527649938	0.185812113189084	0.10670849090156537	0.09415914287615876	0.0960676553536973	0.11694031329474498	0.12586297017401576	0.1578925862310462	0.10802453362908976	0.1025864983778711	0.10856149895826334	0.11666436056293661	0.12586297017401576	0.17307141728828235	0.2849376851348699	0.3024632986281015	0.10098718092501505	0.09748430957243237	0.10358446619519415	0.10956844228007342	0.0939527256629669	0.15493412373279505	0.585786437626905	0.13365659574118227	0.1612999233847581	0.09438938488673707	0.5	0.11953915363996465	0.3430703308172536	0.16486368520428574
ckb	0.39564392373896007	1.0	0.39564392373896	1.0	0.5	0.5	1.0	0.44948974278317805	0.585786437626905	0.585786437626905	0.4356120478348471	0.5	0.44948974278317805	0.585786437626905	0.44948974278317805	0.585786437626905	0.44948974278317805	0.5	0.585786437626905	0.5	0.32449979983983984	0.5	0.5	0.585786437626905	0.5	0.5	1.0	1.0	0.38742588672279304	0.3483314773547883	0.585786437626905	0.585786437626905	0.585786437626905	1.0	0.27792629762666365
da	0.2402530733520421	0.44948974278317805	0.10356661514167317	0.5	1.0	0.05664907530751189	0.1975496259559987	0.05457857910596762	0.04596042520160583	0.04667366362992836	0.05965207828072209	0.09648810314432325	0.06425499732204354	0.05572982170162997	0.04892430499786191	0.05846673846022017	0.05628111677239641	0.13039820267683017	0.12821924772379434	0.12358319167234105	0.12040384488742151	0.05135292893985232	0.051729867041703126	0.04595189327524455	0.056786028780838875	0.04484737284820624	0.13202075231283192	0.44948974278317805	0.06385344788591592	0.08046769491178984	0.05662133620699328	0.3380788308512194	0.06125012592432907	0.5	0.058595484465707566
de	0.2432005499552144	0.44948974278317805	0.09466589527649938	0.5	0.05664907530751189	1.0	0.09295226695582438	0.05088559523997803	0.02724012526179659	0.03602715423355569	0.04629901804135547	0.09958674049279959	0.06197599864534831	0.04276015551570467	0.03110514191774391	0.03350354842697844	0.04497869989771022	0.24025307335204216	0.1182953763552666	0.0927955542527427	0.08441409926402206	0.03566627528548302	0.041568890461463996	0.0387368996655821	0.05043250964435945	0.0408195478526257	0.14098674600365357	0.5	0.0596127859564847	0.06533498285335	0.035004731457836995	0.23778363506226372	0.05971328327255631	0.34270327216970214	0.05456290856251788
el	0.2222222222222222	0.5	0.185812113189084	1.0	0.1975496259559987	0.09295226695582438	1.0	0.058781141005605386	0.25728427444747215	0.1782519025668702	0.07614296629345617	0.2791745113185196	0.07521650398861664	0.11276354554141176	0.14475917057649068	0.22646721143623746	0.13490037804835714	0.39564392373896007	0.16931176174705134	0.10866101914502506	0.11726454839085287	0.25	0.11700058541275393	0.171310475400854	0.1947990345502048	0.17100059497372105	0.2928060946961875	0.585786437626905	0.06256281786005544	0.09901015747884788	0.14201473202245876	0.3090169943749474	0.17729231889993316	0.5	0.06365284390693268
en	0.2295744565706807	0.3164309725825328	0.10670849090156537	0.44948974278317805	0.05457857910596762	0.05088559523997803	0.058781141005605386	1.0	0.017548985424010854	0.044805127579029394	0.0620299418744463	0.04757938664210169	0.085949181302529	0.04940554218679689	0.025970352488181976	0.022791064796160054	0.04199955421081833	0.13543226608790224	0.11316358280805561	0.07514035179745017	0.06557590504196026	0.026052310721009768	0.04108859224100811	0.03637228422860513	0.04780134826572261	0.047991993511297217	0.07515053767851249	0.2474401533514073	0.07354170203564536	0.05475918666194927	0.027368390880760714	0.1396482107593393	0.044755423311298496	0.2989350844248255	0.07016607756251456
es	0.22584440001865322	0.44948974278317805	0.09415914287615876	0.585786437626905	0.04596042520160583	0.02724012526179659	0.25728427444747215	0.017548985424010854	1.0	0.019746890333717036	0.03385140377750442	0.16396078054371138	0.03898425015623592	0.0331693569457572	0.051093424335592455	0.07633684630180161	0.03551866132492052	0.2612038749637414	0.13525657495353507	0.09330654311143531	0.079465568009635	0.07803857768334098	0.03943604178114079	0.03267797183812522	0.064328875668422	0.022818848937769923	0.18660549686337075	0.585786437626905	0.0357043795456538	0.05035613332810138	0.044789910981349976	0.39564392373896007	0.08494510704007119	0.585786437626905	0.02590538948108323
fr	0.2222222222222222	0.4142135623730951	0.0960676553536973	0.585786437626905	0.04667366362992836	0.03602715423355569	0.1782519025668702	0.044805127579029394	0.019746890333717036	1.0	0.04135342314212626	0.14751925198058108	0.041212996500276954	0.034523546824086426	0.02836733812365462	0.03912047364108776	0.0328475242175067	0.25	0.11167476494152555	0.07306286148516372	0.06008128108375787	0.03612437745586858	0.03574177031496121	0.03610542537780782	0.048173352737388486	0.03219445852735666	0.17005692038623618	0.44948974278317805	0.03828255177448214	0.04834046632942741	0.04301278342240744	0.25824569976124334	0.07988191048345464	0.44948974278317805	0.037490861790771095
he	0.2379850166763878	0.1954947654804392	0.11694031329474498	0.4356120478348471	0.05965207828072209	0.04629901804135547	0.07614296629345617	0.0620299418744463	0.03385140377750442	0.04135342314212626	1.0	0.08954731031456059	0.07882972205103593	0.056691334316957644	0.03824164661634104	0.0396934061157913	0.04841317908457237	0.11347637868333202	0.12705497111441286	0.13406131614647226	0.12465204624105236	0.03876696071773575	0.049247014646024045	0.04220367203539201	0.053144525432982315	0.04197092461394835	0.10095710010875616	0.3380788308512194	0.14806772063428014	0.08321772792811136	0.04329263672990003	0.3380788308512194	0.049739934074429885	0.37926872769071385	0.11590574796316569
hi	0.4038740830864499	0.4142135623730951	0.12586297017401576	0.5	0.09648810314432325	0.09958674049279959	0.2791745113185196	0.04757938664210169	0.16396078054371138	0.14751925198058108	0.08954731031456059	1.0	0.07883913965018227	0.07863041327094661	0.12078776494179008	0.17060541561411494	0.10942728742632885	0.3021694792519622	0.15088160320796318	0.09449959317269947	0.05860819721224867	0.20342651452257512	0.10724368558190203	0.17100799366294794	0.17110863055887182	0.08706064648184692	0.2766967754673749	0.44948974278317805	0.06205867105020093	0.09331722606702039	0.13223605746610112	0.21239994067041815	0.13315777603194195	0.44948974278317805	0.06219208760397258
hu	0.2209921085174591	0.1881465941379899	0.1578925862310462	0.44948974278317805	0.06425499732204354	0.06197599864534831	0.07521650398861664	0.085949181302529	0.03898425015623592	0.041212996500276954	0.07882972205103593	0.07883913965018227	1.0	0.057753936764582486	0.04595064633198916	0.046305639161189405	0.057623549494858005	0.08629104561493815	0.0997712149601022	0.12737592749197435	0.11275694351211114	0.0444615061034398	0.04985417143854311	0.05990495301093009	0.05355524147198871	0.04359933292274814	0.08263841312053594	0.2766967754673749	0.10629617130803477	0.09494439285410308	0.04874699800043584	0.3866297038941519	0.0646951591207521	0.2989350844248255	0.13690455696004478
id	0.22382656312641838	0.30383243470068705	0.10802453362908976	0.585786437626905	0.05572982170162997	0.04276015551570467	0.11276354554141176	0.04940554218679689	0.0331693569457572	0.034523546824086426	0.056691334316957644	0.07863041327094661	0.057753936764582486	1.0	0.043594948443205196	0.036955876368547504	0.04366389710498029	0.21498516621900873	0.12864440735858418	0.10769135791746859	0.0740007642077447	0.058419776636868065	0.04878611136294959	0.0419909902747624	0.06329407258397943	0.040479897895900493	0.1706993199817756	0.5	0.05935713201193495	0.06986072949775751	0.048318759936623136	0.24660605559646726	0.05745854638554709	0.31264808514230086	0.05013035330483368
it	0.2806749751250972	0.4142135623730951	0.1025864983778711	0.44948974278317805	0.04892430499786191	0.03110514191774391	0.14475917057649068	0.025970352488181976	0.051093424335592455	0.02836733812365462	0.03824164661634104	0.12078776494179008	0.04595064633198916	0.043594948443205196	1.0	0.03531524638855923	0.046989284447589534	0.2553967929896867	0.12412189780797074	0.09381263871351014	0.08093726797295576	0.06342124600528741	0.03960490000019412	0.03597186091138471	0.0514674171344334	0.02750099675560321	0.14684574542552734	0.44948974278317805	0.041387187650581005	0.05058836846700702	0.027824305562546524	0.24578124038657367	0.09449094050502053	0.44948974278317805	0.030743210295669114
ja	0.2612038749637414	0.44948974278317805	0.10856149895826334	0.585786437626905	0.05846673846022017	0.03350354842697844	0.22646721143623746	0.022791064796160054	0.07633684630180161	0.03912047364108776	0.0396934061157913	0.17060541561411494	0.046305639161189405	0.036955876368547504	0.03531524638855923	1.0	0.03915630989171242	0.25	0.12816989485949934	0.08841301705782151	0.07645281234258719	0.06929415338254867	0.044433145326973754	0.04416694221587167	0.07559844325555971	0.03420579662067979	0.16689866385884233	0.5	0.03985247816790247	0.0532312995930193	0.03879427176687045	0.252650308587072	0.0723047100638923	0.5	0.02931683914923618
ko	0.22508511034121706	0.25	0.11666436056293661	0.44948974278317805	0.05628111677239641	0.04497869989771022	0.13490037804835714	0.04199955421081833	0.03551866132492052	0.0328475242175067	0.04841317908457237	0.10942728742632885	0.057623549494858005	0.04366389710498029	0.046989284447589534	0.03915630989171242	1.0	0.16440202257687123	0.12000194140706123	0.13168378957407942	0.106287763139096	0.057498352183260666	0.05295653916784217	0.051417334242817164	0.08455123582808427	0.04130879957689632	0.11117161546883308	0.2671496842001639	0.0464563388686107	0.08253806783490283	0.04810706279043633	0.28172904669025317	0.0678674016238518	0.27013511384464434	0.04600223372977268
lv	0.29845524420135	0.44948974278317805	0.12586297017401576	0.5	0.13039820267683017	0.24025307335204216	0.39564392373896007	0.13543226608790224	0.2612038749637414	0.25	0.11347637868333202	0.3021694792519622	0.08629104561493815	0.21498516621900873	0.2553967929896867	0.25	0.16440202257687123	1.0	0.1492241655574114	0.15803218241532674	0.16638962738382324	0.23166247903554	0.14095437950752207	0.21498516621900873	0.20386840968093525	0.2251031625195146	0.27357687605772674	0.585786437626905	0.09091812628585663	0.10366893994247352	0.20096191936248467	0.5	0.19378235483597814	0.585786437626905	0.09142643982074299
mk	0.2674788903885893	0.32881309020609956	0.17307141728828235	0.585786437626905	0.12821924772379434	0.1182953763552666	0.16931176174705134	0.11316358280805561	0.13525657495353507	0.11167476494152555	0.12705497111441286	0.15088160320796318	0.0997712149601022	0.12864440735858418	0.12412189780797074	0.12816989485949934	0.12000194140706123	0.1492241655574114	1.0	0.22825896715706506	0.23705635900997216	0.1192135202899358	0.11644178636795434	0.13187217649701827	0.12347791584378007	0.12663816873772196	0.16972368167717267	0.44948974278317805	0.13410072650849614	0.11520247329072772	0.13350665391231	0.44948974278317805	0.13957991228281882	0.44948974278317805	0.09746366067830455
ml	0.2954624896860746	0.30865820599046184	0.2849376851348699	0.5	0.12358319167234105	0.0927955542527427	0.10866101914502506	0.07514035179745017	0.09330654311143531	0.07306286148516372	0.13406131614647226	0.09449959317269947	0.12737592749197435	0.10769135791746859	0.09381263871351014	0.08841301705782151	0.13168378957407942	0.15803218241532674	0.22825896715706506	1.0	0.11583893681578791	0.1022069699228041	0.10365810648232243	0.11476280872257703	0.11353079409607761	0.08148558852818594	0.24281804566287285	0.36602540378443865	0.1184754929766327	0.19310665738573268	0.09404022454229258	0.17709239871723662	0.1402572585853436	0.25824569976124334	0.1269075780369809
mr	0.43234688160713797	0.3021694792519622	0.3024632986281015	0.32449979983983984	0.12040384488742151	0.08441409926402206	0.11726454839085287	0.06557590504196026	0.079465568009635	0.06008128108375787	0.12465204624105236	0.05860819721224867	0.11275694351211114	0.0740007642077447	0.08093726797295576	0.07645281234258719	0.106287763139096	0.16638962738382324	0.23705635900997216	0.11583893681578791	1.0	0.10434633964063811	0.09374363615262461	0.09962063840186507	0.11158849316524434	0.06954859733541569	0.179128784747792	0.2989350844248255	0.13524610318932764	0.1707802521739394	0.07657130048873029	0.10469791253557327	0.1457908966455367	0.30552726787943424	0.11925907604264878
nl	0.2222222222222222	0.3597752501562547	0.10098718092501505	0.5	0.05135292893985232	0.03566627528548302	0.25	0.026052310721009768	0.07803857768334098	0.03612437745586858	0.03876696071773575	0.20342651452257512	0.0444615061034398	0.058419776636868065	0.06342124600528741	0.06929415338254867	0.057498352183260666	0.23166247903554	0.1192135202899358	0.1022069699228041	0.10434633964063811	1.0	0.055493805118527154	0.04278862085959271	0.05490739645206258	0.03781256325066027	0.16139047779640892	0.5	0.04425392745998261	0.053513725561697846	0.04821174511692352	0.39564392373896	0.09699041861393026	0.5	0.03468435547592281
pl	0.20386840968093525	0.3333333333333333	0.09748430957243237	0.5	0.051729867041703126	0.041568890461463996	0.11700058541275393	0.04108859224100811	0.03943604178114079	0.03574177031496121	0.049247014646024045	0.10724368558190203	0.04985417143854311	0.04878611136294959	0.03960490000019412	0.044433145326973754	0.05295653916784217	0.14095437950752207	0.11644178636795434	0.10365810648232243	0.09374363615262461	0.055493805118527154	1.0	0.04830067918737482	0.05554458838275094	0.036287274931790965	0.1424339656566283	0.5	0.04746003238240567	0.06126675238813013	0.04887386953311004	0.22829147582090636	0.08414852529147357	0.40453726661826384	0.042332715271568316
pt	0.2274027931172163	0.353889367864523	0.10358446619519415	0.585786437626905	0.04595189327524455	0.0387368996655821	0.171310475400854	0.03637228422860513	0.03267797183812522	0.03610542537780782	0.04220367203539201	0.17100799366294794	0.05990495301093009	0.0419909902747624	0.03597186091138471	0.04416694221587167	0.051417334242817164	0.21498516621900873	0.13187217649701827	0.11476280872257703	0.09962063840186507	0.04278862085959271	0.04830067918737482	1.0	0.05728042592426765	0.03498742530585233	0.14972506706560876	0.44948974278317805	0.05246883568299747	0.05494007451431856	0.048945911134579516	0.39564392373896007	0.09881961978488471	0.44948974278317805	0.04355043467609466
ro	0.2222222222222222	0.5	0.10956844228007342	0.5	0.056786028780838875	0.05043250964435945	0.1947990345502048	0.04780134826572261	0.064328875668422	0.048173352737388486	0.053144525432982315	0.17110863055887182	0.05355524147198871	0.06329407258397943	0.0514674171344334	0.07559844325555971	0.08455123582808427	0.20386840968093525	0.12347791584378007	0.11353079409607761	0.11158849316524434	0.05490739645206258	0.05554458838275094	0.05728042592426765	1.0	0.04446148795632821	0.14423856110165292	0.585786437626905	0.0555220449128898	0.05984100211633988	0.05346043136466668	0.3283682478404417	0.10048748127194494	0.3726822671238253	0.04613530786495296
ru	0.22584440001865322	0.44948974278317805	0.0939527256629669	0.5	0.04484737284820624	0.0408195478526257	0.17100059497372105	0.047991993511297217	0.022818848937769923	0.03219445852735666	0.04197092461394835	0.08706064648184692	0.04359933292274814	0.040479897895900493	0.02750099675560321	0.03420579662067979	0.04130879957689632	0.2251031625195146	0.12663816873772196	0.08148558852818594	0.06954859733541569	0.03781256325066027	0.036287274931790965	0.03498742530585233	0.04446148795632821	1.0	0.12575284589541327	0.38742588672279304	0.03666000928624668	0.05043435130217828	0.03559373871416977	0.22046434680123425	0.05576760449225388	0.585786437626905	0.04169239611531217
sh	0.27792629762666365	0.5	0.15493412373279505	1.0	0.13202075231283192	0.14098674600365357	0.2928060946961875	0.07515053767851249	0.18660549686337075	0.17005692038623618	0.10095710010875616	0.2766967754673749	0.08263841312053594	0.1706993199817756	0.14684574542552734	0.16689866385884233	0.11117161546883308	0.27357687605772674	0.16972368167717267	0.24281804566287285	0.179128784747792	0.16139047779640892	0.1424339656566283	0.14972506706560876	0.14423856110165292	0.12575284589541327	1.0	0.5	0.07019909693680146	0.07881930758987515	0.15894454156034005	0.585786437626905	0.18842142709213014	0.40453726661826384	0.06840059729277558
si	1.0	0.5	0.585786437626905	1.0	0.44948974278317805	0.5	0.585786437626905	0.2474401533514073	0.585786437626905	0.44948974278317805	0.3380788308512194	0.44948974278317805	0.2766967754673749	0.5	0.44948974278317805	0.5	0.2671496842001639	0.585786437626905	0.44948974278317805	0.36602540378443865	0.2989350844248255	0.5	0.5	0.44948974278317805	0.585786437626905	0.38742588672279304	0.5	1.0	0.25	0.38742588672279304	0.35388936786452296	1.0	0.585786437626905	1.0	0.14257458343761817
simple	0.4142135623730951	0.20856217852254144	0.13365659574118227	0.38742588672279304	0.06385344788591592	0.0596127859564847	0.06256281786005544	0.07354170203564536	0.0357043795456538	0.03828255177448214	0.14806772063428014	0.06205867105020093	0.10629617130803477	0.05935713201193495	0.041387187650581005	0.03985247816790247	0.0464563388686107	0.09091812628585663	0.13410072650849614	0.1184754929766327	0.13524610318932764	0.04425392745998261	0.04746003238240567	0.05246883568299747	0.0555220449128898	0.03666000928624668	0.07019909693680146	0.25	1.0	0.10745733295074986	0.04474889715638826	0.2118949818756026	0.05103338492573009	0.32037724101704074	0.13230974380808336
sr	0.23314939723434625	0.2857142857142857	0.1612999233847581	0.3483314773547883	0.08046769491178984	0.06533498285335	0.09901015747884788	0.05475918666194927	0.05035613332810138	0.04834046632942741	0.08321772792811136	0.09331722606702039	0.09494439285410308	0.06986072949775751	0.05058836846700702	0.0532312995930193	0.08253806783490283	0.10366893994247352	0.11520247329072772	0.19310665738573268	0.1707802521739394	0.053513725561697846	0.06126675238813013	0.05494007451431856	0.05984100211633988	0.05043435130217828	0.07881930758987515	0.38742588672279304	0.10745733295074986	1.0	0.0629881127101113	0.4142135623730951	0.07801036037910158	0.44948974278317805	0.0916447146457378
sv	0.2857142857142857	0.4142135623730951	0.09438938488673707	0.585786437626905	0.05662133620699328	0.035004731457836995	0.14201473202245876	0.027368390880760714	0.044789910981349976	0.04301278342240744	0.04329263672990003	0.13223605746610112	0.04874699800043584	0.048318759936623136	0.027824305562546524	0.03879427176687045	0.04810706279043633	0.20096191936248467	0.13350665391231	0.09404022454229258	0.07657130048873029	0.04821174511692352	0.04887386953311004	0.048945911134579516	0.05346043136466668	0.03559373871416977	0.15894454156034005	0.35388936786452296	0.04474889715638826	0.0629881127101113	1.0	0.25511479956321215	0.07098686416305644	0.585786437626905	0.03727789903390149
te	0.3726822671238253	0.44948974278317805	0.5	0.585786437626905	0.3380788308512194	0.23778363506226372	0.3090169943749474	0.1396482107593393	0.39564392373896007	0.25824569976124334	0.3380788308512194	0.21239994067041815	0.3866297038941519	0.24660605559646726	0.24578124038657367	0.252650308587072	0.28172904669025317	0.5	0.44948974278317805	0.17709239871723662	0.10469791253557327	0.39564392373896	0.22829147582090636	0.39564392373896007	0.3283682478404417	0.22046434680123425	0.585786437626905	1.0	0.2118949818756026	0.4142135623730951	0.25511479956321215	1.0	0.4038740830864499	0.5	0.24016835512862542
vi	0.2222222222222222	0.44948974278317805	0.11953915363996465	0.585786437626905	0.06125012592432907	0.05971328327255631	0.17729231889993316	0.044755423311298496	0.08494510704007119	0.07988191048345464	0.049739934074429885	0.13315777603194195	0.0646951591207521	0.05745854638554709	0.09449094050502053	0.0723047100638923	0.0678674016238518	0.19378235483597814	0.13957991228281882	0.1402572585853436	0.1457908966455367	0.09699041861393026	0.08414852529147357	0.09881961978488471	0.10048748127194494	0.05576760449225388	0.18842142709213014	0.585786437626905	0.05103338492573009	0.07801036037910158	0.07098686416305644	0.4038740830864499	1.0	0.3751064786605054	0.04437803138918414
war	0.2674788903885893	0.585786437626905	0.3430703308172536	1.0	0.5	0.34270327216970214	0.5	0.2989350844248255	0.585786437626905	0.44948974278317805	0.37926872769071385	0.44948974278317805	0.2989350844248255	0.31264808514230086	0.44948974278317805	0.5	0.27013511384464434	0.585786437626905	0.44948974278317805	0.25824569976124334	0.30552726787943424	0.5	0.40453726661826384	0.44948974278317805	0.3726822671238253	0.585786437626905	0.40453726661826384	1.0	0.32037724101704074	0.44948974278317805	0.585786437626905	0.5	0.3751064786605054	1.0	0.24759039379881947
zh	0.2126918378209058	0.2612038749637414	0.16486368520428574	0.27792629762666365	0.058595484465707566	0.05456290856251788	0.06365284390693268	0.07016607756251456	0.02590538948108323	0.037490861790771095	0.11590574796316569	0.06219208760397258	0.13690455696004478	0.05013035330483368	0.030743210295669114	0.02931683914923618	0.04600223372977268	0.09142643982074299	0.09746366067830455	0.1269075780369809	0.11925907604264878	0.03468435547592281	0.042332715271568316	0.04355043467609466	0.04613530786495296	0.04169239611531217	0.06840059729277558	0.14257458343761817	0.13230974380808336	0.0916447146457378	0.03727789903390149	0.24016835512862542	0.04437803138918414	0.24759039379881947	1.0
