arz	bs	ceb	ckb	da	de	el	en	es	fr	he	hi	hu	id	it	ja	ko	lv	mk	ml	mr	nl	pl	pt	ro	ru	sh	si	simple	sr	sv	te	vi	war	zh
arz	1.0	0.6983438190355966	0.8216064286890065	1.0	0.42118090820404896	0.3707318451644724	0.3734221760621592	0.3447455181062607	0.3734221760621592	0.3899012318460118	0.5373609111124418	0.6743202287441529	0.37356739312756027	0.372866163489483	0.3683543648768225	0.39166223230015257	0.2738287981328585	0.715302060281538	0.39963395366072973	0.5433501526748132	0.36458847385500004	0.3734221760621592	0.35743104771132483	0.4177676532901554	0.3697444996381664	0.3581702388240734	0.6746564752030276	1.0	0.6715608424541778	0.31361841994743717	0.6645880005911866	1.0	0.3590369321320354	0.40859815298756613	0.37664961166857536
bs	0.6983438190355966	1.0	0.6403531625571596	1.0	0.6635102717882656	0.5479559671571259	0.589971193498232	0.5830126011933806	0.5712939344166895	0.6551565679090727	0.3730136969365102	0.629896233114065	0.46912638689863767	0.30966108974847956	0.5460727802354427	0.5757838917453462	0.32391095348647797	0.5757838917453462	0.3810761663256304	0.40690396400423784	0.37053493747369753	0.629896233114065	0.4840904704426267	0.5587660021439972	0.5373363794682741	0.47830100062714176	0.5771126808486902	0.7690990303325336	0.33801659511725085	0.4253555129490048	0.522510695217185	1.0	0.5716520416398588	1.0	0.4165084825107431
ceb	0.8216064286890065	0.6403531625571596	1.0	0.7370499628693186	0.33440870831380143	0.5653262938729755	0.6315196517489166	0.5222809290188455	0.6465690281610472	0.4848577149585423	0.41018825221990657	0.6074354351763892	0.397700563081803	0.2995785408516135	0.6080504484425482	0.5896676280262524	0.4697777546546134	0.6446969852752098	0.5339121679175052	0.6253930512128865	0.5459051344499404	0.5687797604581013	0.4881187452313612	0.41960490651964216	0.3634649770451122	0.4271751943329226	0.6166106930249644	0.8216064286890065	0.43371647943209674	0.39702330468359504	0.5066065629265044	0.8216064286890065	0.6465374805118108	0.749506019670501	0.38878278671350164
ckb	1.0	1.0	0.7370499628693186	1.0	0.43491633781826466	0.386833656245747	1.0	0.5492233197795524	0.7510341748895937	0.5672919041536975	0.5582473978441296	0.6624525348502385	0.6461206381172717	0.42358632071651137	0.6640237664404941	0.7510341748895937	0.6829386106300017	0.689623824375293	0.7584325078215763	0.6569998762970467	0.35650815905702943	0.4195719298829873	0.8695669956030054	0.7510341748895937	0.7433742886544917	0.36599968726388143	0.7584325078215763	1.0	0.7584325078215763	0.6686632560837685	0.7826308559168679	1.0	0.3605142781017545	1.0	0.49292368281621846
da	0.42118090820404896	0.6635102717882656	0.33440870831380143	0.43491633781826466	1.0	0.22960083476103382	0.2743261684811967	0.18321395929826223	0.2206474085759025	0.19680470073258055	0.20672524308091414	0.38401421961160337	0.2112945882182313	0.18846312107731222	0.22667404720371523	0.22896582551325018	0.22356387828073138	0.3224267855163757	0.2681191159055691	0.2959521431104758	0.38309533614516783	0.219480426014958	0.21445664268610712	0.20581270188950157	0.2219715389491056	0.18714133619288306	0.39875467453116814	0.5903136800856122	0.2199631853857566	0.2529339874242808	0.22770377960142144	0.6535558410362122	0.23470025126964505	0.3338555552555901	0.23398368597629932
de	0.3707318451644724	0.5479559671571259	0.5653262938729755	0.386833656245747	0.22960083476103382	1.0	0.4169321879437817	0.18366105966894908	0.23146366772721239	0.19026495543743085	0.2754127708733823	0.3466165569140198	0.26215113320775835	0.2204236146349053	0.21391534342145885	0.23120754308114824	0.2520331212497827	0.39195375801933036	0.3687407897129372	0.32029016057115506	0.31909201446825686	0.20091187530068258	0.24123579348578283	0.1746958925657589	0.24181711629422423	0.2112343907025097	0.3822299076857241	0.6239725949460846	0.2906627244189154	0.3156565238675905	0.21908006479538827	0.5114808886766415	0.22766532418512664	0.5455563605665569	0.2697497837403053
el	0.3734221760621592	0.589971193498232	0.6315196517489166	1.0	0.2743261684811967	0.4169321879437817	1.0	0.31060728264720266	0.47974826762773715	0.3813561954685374	0.27725857949548266	0.3608171039541324	0.2537446441513768	0.26666443963365133	0.3398627570286611	0.40024405545716646	0.2713139859599072	0.5392876584226747	0.2951060128912876	0.4528925355202494	0.4981275825828484	0.35265155676218785	0.32791779029707324	0.3912565942203474	0.36511244449648106	0.3248473383846199	0.4897756356496428	0.7584325078215765	0.3765237469306704	0.3267317242593726	0.4094925228010824	0.46521802527876444	0.2706642702795534	0.7411828468492555	0.25884064050310646
en	0.3447455181062607	0.5830126011933806	0.5222809290188455	0.5492233197795524	0.18321395929826223	0.18366105966894908	0.31060728264720266	1.0	0.19319674626625408	0.16983329815977666	0.21146118677027279	0.25533722128044806	0.2149542001642043	0.18424410330608418	0.17573948611483856	0.14952021398572662	0.18212351574412353	0.436474927970132	0.277961400225047	0.3463663689827873	0.2863872606289797	0.1710186085927624	0.19358132839948966	0.18737337423588818	0.18324705092335122	0.17572120756952017	0.3222420550335536	0.48016901937929635	0.2601006302826675	0.20483766523692823	0.1629661133930312	0.40217476570796706	0.19980842708620375	0.5689804020673194	0.20195762976349682
es	0.3734221760621592	0.5712939344166895	0.6465690281610472	0.7510341748895937	0.2206474085759025	0.23146366772721239	0.47974826762773715	0.19319674626625408	1.0	0.1871417677336782	0.2694379271209586	0.38042626177412736	0.27116575149301597	0.23311182299086827	0.21498140410346736	0.2741353322713283	0.19826460918986283	0.5225642760396075	0.32754060881676855	0.4460953956311483	0.4546909877362859	0.23721292368325017	0.21655943607212147	0.19625569577565818	0.2848784614837084	0.19893819021313683	0.38986485511497165	1.0	0.352786413133164	0.26524665746290965	0.20811700511122716	0.550899538273778	0.24202940203379952	0.7411828468492555	0.24577082517331084
fr	0.3899012318460118	0.6551565679090727	0.4848577149585423	0.5672919041536975	0.19680470073258055	0.19026495543743085	0.3813561954685374	0.16983329815977666	0.1871417677336782	1.0	0.2011188656382267	0.303721193565071	0.2276619510375495	0.2042046774137262	0.18027853120896278	0.20510201628469513	0.16489534824919372	0.42171282536773896	0.30808373312433407	0.33492204301099227	0.3082529059073391	0.19451567860293173	0.21446177871876898	0.1782164910956528	0.20691580106326155	0.18353440951358352	0.3208500758254446	0.49086262430900496	0.2551709328175238	0.2356327790507447	0.20510058914285526	0.47650003003690683	0.2287438498172433	0.6562661056221563	0.20407092219059653
he	0.5373609111124418	0.3730136969365102	0.41018825221990657	0.5582473978441296	0.20672524308091414	0.2754127708733823	0.27725857949548266	0.21146118677027279	0.2694379271209586	0.2011188656382267	1.0	0.2922569539009785	0.239805011975226	0.2565017449241987	0.24968961680468887	0.23642730248944047	0.2340832191366681	0.42809645681510167	0.3248751820003606	0.3852370978207118	0.33734186972814084	0.2594671201895956	0.2678990802970642	0.21189061936230832	0.26617616166736646	0.24781333335883715	0.2429218019122893	0.35775830469363556	0.23360433405027609	0.2731817108720214	0.24231764257499586	0.6034616740470202	0.2182830942596079	0.6001251852211495	0.23547232750217015
hi	0.6743202287441529	0.629896233114065	0.6074354351763892	0.6624525348502385	0.38401421961160337	0.3466165569140198	0.3608171039541324	0.25533722128044806	0.38042626177412736	0.303721193565071	0.2922569539009785	1.0	0.37015447566236076	0.25006827392639486	0.33276299220635575	0.2914587943984156	0.382689985220289	0.5214051702867671	0.301628509922882	0.39776243505040065	0.3732467532984808	0.29596643228431735	0.3191469127312623	0.3884099119714357	0.3279652491557508	0.3405810481028393	0.47706748583752423	0.74551343442257	0.3869463696436648	0.37676555484392654	0.3379883803462696	0.3858096613274624	0.2973275016204785	0.7510341748895938	0.3369727576117321
hu	0.37356739312756027	0.46912638689863767	0.397700563081803	0.6461206381172717	0.2112945882182313	0.26215113320775835	0.2537446441513768	0.2149542001642043	0.27116575149301597	0.2276619510375495	0.239805011975226	0.37015447566236076	1.0	0.21981134816620732	0.22723092433829037	0.2791793110402867	0.2420039651527224	0.42813289283462336	0.2705849779652575	0.5229956034988587	0.379605144590566	0.2426132568894837	0.2605578434579631	0.25994142079905613	0.2568749343416141	0.20824364562831205	0.3589797659686688	0.6994017365373274	0.27367140889586644	0.23735003558908804	0.26387108788558933	0.6704675947063355	0.24735491685765199	0.3278695765440805	0.24757139187632962
id	0.372866163489483	0.30966108974847956	0.2995785408516135	0.42358632071651137	0.18846312107731222	0.2204236146349053	0.26666443963365133	0.18424410330608418	0.23311182299086827	0.2042046774137262	0.2565017449241987	0.25006827392639486	0.21981134816620732	1.0	0.2053227864134487	0.2351344399496625	0.1803982326425314	0.3880507654326454	0.2995780229210212	0.2638413268149885	0.2883319474482837	0.1755725736192545	0.21560596465711773	0.21789769831165684	0.2023372887814624	0.19230596796318206	0.3786516131919461	0.6081696178408841	0.2932521749988475	0.2994146613223693	0.20628199192533173	0.5839808722289092	0.23219679998409037	0.47189828007598833	0.24093670529187905
it	0.3683543648768225	0.5460727802354427	0.6080504484425482	0.6640237664404941	0.22667404720371523	0.21391534342145885	0.3398627570286611	0.17573948611483856	0.21498140410346736	0.18027853120896278	0.24968961680468887	0.33276299220635575	0.22723092433829037	0.2053227864134487	1.0	0.22999487662434814	0.23031083677342906	0.453548200654646	0.36813202803941175	0.49235998280589166	0.4719302759766415	0.24431766624670068	0.20686075377227178	0.1873521801025504	0.2360512181361329	0.1845170176717146	0.3253947481334013	0.6822321839231303	0.3278927861380777	0.25360065131626686	0.1728661261590062	0.4500405787869155	0.2312789453682022	0.6562661056221564	0.23161450117426993
ja	0.39166223230015257	0.5757838917453462	0.5896676280262524	0.7510341748895937	0.22896582551325018	0.23120754308114824	0.40024405545716646	0.14952021398572662	0.2741353322713283	0.20510201628469513	0.23642730248944047	0.2914587943984156	0.2791793110402867	0.2351344399496625	0.22999487662434814	1.0	0.1726821035281525	0.5159534550442919	0.3335915060039052	0.45509161435231243	0.297506942824784	0.2683521795824841	0.2346465028995235	0.26064346217100814	0.2696078106391033	0.23439742267555402	0.448576620719734	0.41055547717987523	0.2854993667773253	0.32980555132033723	0.155316526787219	0.5052656316015123	0.23878686709500202	0.5838233597304129	0.2718364961647861
ko	0.2738287981328585	0.32391095348647797	0.4697777546546134	0.6829386106300017	0.22356387828073138	0.2520331212497827	0.2713139859599072	0.18212351574412353	0.19826460918986283	0.16489534824919372	0.2340832191366681	0.382689985220289	0.2420039651527224	0.1803982326425314	0.23031083677342906	0.1726821035281525	1.0	0.3175369224044097	0.27172793182310534	0.43425420718292385	0.3518103365887171	0.22507241391165264	0.22656235549919515	0.2235579162379088	0.22301038903354248	0.18550846648044067	0.3065656988819519	0.5657905160579827	0.2328648046420425	0.29955541387120527	0.17269369365793014	0.585568019540086	0.21441485112306252	0.6349925663382198	0.1832434266668929
lv	0.715302060281538	0.5757838917453462	0.6446969852752098	0.689623824375293	0.3224267855163757	0.39195375801933036	0.5392876584226747	0.436474927970132	0.5225642760396075	0.42171282536773896	0.42809645681510167	0.5214051702867671	0.42813289283462336	0.3880507654326454	0.453548200654646	0.5159534550442919	0.3175369224044097	1.0	0.2896340077514663	0.5476272538538154	0.40678872308144864	0.3988928635014576	0.3661046655420181	0.2923561214649453	0.37636844208783243	0.3869370414359445	0.44913752029894966	1.0	0.3353805486172532	0.35788081635622526	0.434887421780415	0.8252244849082945	0.32287346866942634	0.6524007805500077	0.29588602123699814
mk	0.39963395366072973	0.3810761663256304	0.5339121679175052	0.7584325078215763	0.2681191159055691	0.3687407897129372	0.2951060128912876	0.277961400225047	0.32754060881676855	0.30808373312433407	0.3248751820003606	0.301628509922882	0.2705849779652575	0.2995780229210212	0.36813202803941175	0.3335915060039052	0.27172793182310534	0.2896340077514663	1.0	0.2996666841311678	0.29410092106699537	0.34545628368179687	0.32027165805477853	0.31253495763203154	0.34383515083953026	0.24704628037120438	0.25326392597873965	0.5974112180959357	0.4677441855629821	0.2922022106564773	0.2626165723856286	0.7690990303325336	0.2845745903363986	0.31821526591877886	0.2834403022144804
ml	0.5433501526748132	0.40690396400423784	0.6253930512128865	0.6569998762970467	0.2959521431104758	0.32029016057115506	0.4528925355202494	0.3463663689827873	0.4460953956311483	0.33492204301099227	0.3852370978207118	0.39776243505040065	0.5229956034988587	0.2638413268149885	0.49235998280589166	0.45509161435231243	0.43425420718292385	0.5476272538538154	0.2996666841311678	1.0	0.3559785157030508	0.285766046769439	0.4459592188772633	0.4639759061370942	0.4304727638834229	0.324748873469857	0.5962450138527182	0.6704675947063355	0.37082753496387544	0.2855167702601815	0.43443381365960976	0.4961709266899079	0.3103312758350054	0.640635294958053	0.38098908386535385
mr	0.36458847385500004	0.37053493747369753	0.5459051344499404	0.35650815905702943	0.38309533614516783	0.31909201446825686	0.4981275825828484	0.2863872606289797	0.4546909877362859	0.3082529059073391	0.33734186972814084	0.3732467532984808	0.379605144590566	0.2883319474482837	0.4719302759766415	0.297506942824784	0.3518103365887171	0.40678872308144864	0.29410092106699537	0.3559785157030508	1.0	0.30316283421819795	0.3867220050675613	0.41978478674496733	0.3655225962041437	0.4367749673827908	0.34621194402012956	0.43117697533722693	0.472939001630564	0.46263555378174126	0.44290174522476516	0.3619228684053199	0.2653249471704589	0.3432566504961024	0.3569171941063228
nl	0.3734221760621592	0.629896233114065	0.5687797604581013	0.4195719298829873	0.219480426014958	0.20091187530068258	0.35265155676218785	0.1710186085927624	0.23721292368325017	0.19451567860293173	0.2594671201895956	0.29596643228431735	0.2426132568894837	0.1755725736192545	0.24431766624670068	0.2683521795824841	0.22507241391165264	0.3988928635014576	0.34545628368179687	0.285766046769439	0.30316283421819795	1.0	0.25585383839545706	0.18385588945327325	0.2737000971711628	0.20622923823951259	0.3850110124084048	0.7411828468492556	0.24556267785652572	0.26195872742424364	0.2219252162848197	0.36578518728512094	0.3617626846638105	0.7411828468492555	0.22225317723227947
pl	0.35743104771132483	0.4840904704426267	0.4881187452313612	0.8695669956030054	0.21445664268610712	0.24123579348578283	0.32791779029707324	0.19358132839948966	0.21655943607212147	0.21446177871876898	0.2678990802970642	0.3191469127312623	0.2605578434579631	0.21560596465711773	0.20686075377227178	0.2346465028995235	0.22656235549919515	0.3661046655420181	0.32027165805477853	0.4459592188772633	0.3867220050675613	0.25585383839545706	1.0	0.24430977009217472	0.24956194007688295	0.20570868348814236	0.3153764091187543	0.7411828468492556	0.28164443175421333	0.25676921822627546	0.21392099391513997	0.7411828468492556	0.21593405053382464	0.63450293982715	0.22706772164930294
pt	0.4177676532901554	0.5587660021439972	0.41960490651964216	0.7510341748895937	0.20581270188950157	0.1746958925657589	0.3912565942203474	0.18737337423588818	0.19625569577565818	0.1782164910956528	0.21189061936230832	0.3884099119714357	0.25994142079905613	0.21789769831165684	0.1873521801025504	0.26064346217100814	0.2235579162379088	0.2923561214649453	0.31253495763203154	0.4639759061370942	0.41978478674496733	0.18385588945327325	0.24430977009217472	1.0	0.25867030556372406	0.19842949062954743	0.270390704483248	0.6393565083471907	0.22617708976123752	0.21462206670159578	0.23927055437345923	0.524911923419653	0.1980484721017724	0.5768785209418947	0.21147135975141876
ro	0.3697444996381664	0.5373363794682741	0.3634649770451122	0.7433742886544917	0.2219715389491056	0.24181711629422423	0.36511244449648106	0.18324705092335122	0.2848784614837084	0.20691580106326155	0.26617616166736646	0.3279652491557508	0.2568749343416141	0.2023372887814624	0.2360512181361329	0.2696078106391033	0.22301038903354248	0.37636844208783243	0.34383515083953026	0.4304727638834229	0.3655225962041437	0.2737000971711628	0.24956194007688295	0.25867030556372406	1.0	0.19809955407123095	0.3817436332656186	0.6524007805500077	0.2704699722625436	0.2576880678799946	0.24812562701452573	0.8695669956030054	0.2368454049832491	0.4228800880179231	0.26922216650859476
ru	0.3581702388240734	0.47830100062714176	0.4271751943329226	0.36599968726388143	0.18714133619288306	0.2112343907025097	0.3248473383846199	0.17572120756952017	0.19893819021313683	0.18353440951358352	0.24781333335883715	0.3405810481028393	0.20824364562831205	0.19230596796318206	0.1845170176717146	0.23439742267555402	0.18550846648044067	0.3869370414359445	0.24704628037120438	0.324748873469857	0.4367749673827908	0.20622923823951259	0.20570868348814236	0.19842949062954743	0.19809955407123095	1.0	0.28322292340337496	0.30939498597048243	0.19885295519609636	0.24284435673852642	0.18703514975369298	0.42111550926008745	0.23086035468582797	0.38072205087180805	0.18654428458727002
sh	0.6746564752030276	0.5771126808486902	0.6166106930249644	0.7584325078215763	0.39875467453116814	0.3822299076857241	0.4897756356496428	0.3222420550335536	0.38986485511497165	0.3208500758254446	0.2429218019122893	0.47706748583752423	0.3589797659686688	0.3786516131919461	0.3253947481334013	0.448576620719734	0.3065656988819519	0.44913752029894966	0.25326392597873965	0.5962450138527182	0.34621194402012956	0.3850110124084048	0.3153764091187543	0.270390704483248	0.3817436332656186	0.28322292340337496	1.0	1.0	0.32479182452098054	0.20673914094164	0.44425346405281385	1.0	0.5175099771938717	0.6391906500312812	0.354568574999052
si	1.0	0.7690990303325336	0.8216064286890065	1.0	0.5903136800856122	0.6239725949460846	0.7584325078215765	0.48016901937929635	1.0	0.49086262430900496	0.35775830469363556	0.74551343442257	0.6994017365373274	0.6081696178408841	0.6822321839231303	0.41055547717987523	0.5657905160579827	1.0	0.5974112180959357	0.6704675947063355	0.43117697533722693	0.7411828468492556	0.7411828468492556	0.6393565083471907	0.6524007805500077	0.30939498597048243	1.0	1.0	0.451191943858819	0.3291913887998352	0.6788722231702808	1.0	1.0	1.0	0.5021532489098778
simple	0.6715608424541778	0.33801659511725085	0.43371647943209674	0.7584325078215763	0.2199631853857566	0.2906627244189154	0.3765237469306704	0.2601006302826675	0.352786413133164	0.2551709328175238	0.23360433405027609	0.3869463696436648	0.27367140889586644	0.2932521749988475	0.3278927861380777	0.2854993667773253	0.2328648046420425	0.3353805486172532	0.4677441855629821	0.37082753496387544	0.472939001630564	0.24556267785652572	0.28164443175421333	0.22617708976123752	0.2704699722625436	0.19885295519609636	0.32479182452098054	0.451191943858819	1.0	0.25422238495773775	0.33827406082579486	0.5656775527947926	0.234982185993076	0.5365252105903878	0.27543970007057
sr	0.31361841994743717	0.4253555129490048	0.39702330468359504	0.6686632560837685	0.2529339874242808	0.3156565238675905	0.3267317242593726	0.20483766523692823	0.26524665746290965	0.2356327790507447	0.2731817108720214	0.37676555484392654	0.23735003558908804	0.2994146613223693	0.25360065131626686	0.32980555132033723	0.29955541387120527	0.35788081635622526	0.2922022106564773	0.2855167702601815	0.46263555378174126	0.26195872742424364	0.25676921822627546	0.21462206670159578	0.2576880678799946	0.24284435673852642	0.20673914094164	0.3291913887998352	0.25422238495773775	1.0	0.21333385059654605	0.6422255233457544	0.29804751226631	0.4296569624006864	0.21549757889412263
sv	0.6645880005911866	0.522510695217185	0.5066065629265044	0.7826308559168679	0.22770377960142144	0.21908006479538827	0.4094925228010824	0.1629661133930312	0.20811700511122716	0.20510058914285526	0.24231764257499586	0.3379883803462696	0.26387108788558933	0.20628199192533173	0.1728661261590062	0.155316526787219	0.17269369365793014	0.434887421780415	0.2626165723856286	0.43443381365960976	0.44290174522476516	0.2219252162848197	0.21392099391513997	0.23927055437345923	0.24812562701452573	0.18703514975369298	0.44425346405281385	0.6788722231702808	0.33827406082579486	0.21333385059654605	1.0	0.5067095352192712	0.19826764752758136	0.8055567530094857	0.22304369248451514
te	1.0	1.0	0.8216064286890065	1.0	0.6535558410362122	0.5114808886766415	0.46521802527876444	0.40217476570796706	0.550899538273778	0.47650003003690683	0.6034616740470202	0.3858096613274624	0.6704675947063355	0.5839808722289092	0.4500405787869155	0.5052656316015123	0.585568019540086	0.8252244849082945	0.7690990303325336	0.4961709266899079	0.3619228684053199	0.36578518728512094	0.7411828468492556	0.524911923419653	0.8695669956030054	0.42111550926008745	1.0	1.0	0.5656775527947926	0.6422255233457544	0.5067095352192712	1.0	0.43526109167898114	1.0	0.35402359747778966
vi	0.3590369321320354	0.5716520416398588	0.6465374805118108	0.3605142781017545	0.23470025126964505	0.22766532418512664	0.2706642702795534	0.19980842708620375	0.24202940203379952	0.2287438498172433	0.2182830942596079	0.2973275016204785	0.24735491685765199	0.23219679998409037	0.2312789453682022	0.23878686709500202	0.21441485112306252	0.32287346866942634	0.2845745903363986	0.3103312758350054	0.2653249471704589	0.3617626846638105	0.21593405053382464	0.1980484721017724	0.2368454049832491	0.23086035468582797	0.5175099771938717	1.0	0.234982185993076	0.29804751226631	0.19826764752758136	0.43526109167898114	1.0	0.40642590306372833	0.22032320354231472
war	0.40859815298756613	1.0	0.749506019670501	1.0	0.3338555552555901	0.5455563605665569	0.7411828468492555	0.5689804020673194	0.7411828468492555	0.6562661056221563	0.6001251852211495	0.7510341748895938	0.3278695765440805	0.47189828007598833	0.6562661056221564	0.5838233597304129	0.6349925663382198	0.6524007805500077	0.31821526591877886	0.640635294958053	0.3432566504961024	0.7411828468492555	0.63450293982715	0.5768785209418947	0.4228800880179231	0.38072205087180805	0.6391906500312812	1.0	0.5365252105903878	0.4296569624006864	0.8055567530094857	1.0	0.40642590306372833	1.0	0.3347184027065567
zh	0.37664961166857536	0.4165084825107431	0.38878278671350164	0.49292368281621846	0.23398368597629932	0.2697497837403053	0.25884064050310646	0.20195762976349682	0.24577082517331084	0.20407092219059653	0.23547232750217015	0.3369727576117321	0.24757139187632962	0.24093670529187905	0.23161450117426993	0.2718364961647861	0.1832434266668929	0.29588602123699814	0.2834403022144804	0.38098908386535385	0.3569171941063228	0.22225317723227947	0.22706772164930294	0.21147135975141876	0.26922216650859476	0.18654428458727002	0.354568574999052	0.5021532489098778	0.27543970007057	0.21549757889412263	0.22304369248451514	0.35402359747778966	0.22032320354231472	0.3347184027065567	1.0
