arz	bs	ceb	ckb	da	de	el	en	es	fr	he	hi	hu	id	it	ja	ko	lv	mk	ml	mr	nl	pl	pt	ro	ru	sh	si	simple	sr	sv	te	vi	war	zh
arz	1.0	0.045454545454545456	0.0	0.0	0.0	0.0	0.019230769230769232	0.0	0.0	0.0	0.05555555555555555	0.0	0.011111111111111112	0.0	0.0	0.0	0.011363636363636364	0.0	0.038461538461538464	0.05263157894736842	0.0	0.0	0.0	0.0	0.0	0.0	0.017543859649122806	0.0	0.043478260869565216	0.0	0.0	0.0	0.0	0.0	0.007575757575757576
bs	0.045454545454545456	1.0	0.0	0.027777777777777776	0.052083333333333336	0.008849557522123894	0.12871287128712872	0.04225352112676056	0.04878048780487805	0.058823529411764705	0.1	0.0	0.13432835820895522	0.1625	0.03888888888888889	0.05223880597014925	0.11940298507462686	0.1111111111111111	0.08641975308641975	0.0945945945945946	0.03076923076923077	0.020833333333333332	0.052083333333333336	0.04132231404958678	0.13761467889908258	0.05714285714285714	0.3076923076923077	0.0	0.04938271604938271	0.07228915662650602	0.011111111111111112	0.0	0.056179775280898875	0.0	0.096045197740113
ceb	0.0	0.0	0.0	0.0	0.0	0.0	0.0	0.0	0.0	0.0	0.0	0.0	0.0	0.0	0.0	0.0	0.0	0.0	0.0	0.0	0.0	0.0	0.0	0.0	0.0	0.0	0.0	0.0	0.0	0.0	0.0	0.0	0.0	0.0	0.0
ckb	0.0	0.027777777777777776	0.0	1.0	0.0	0.0	0.0	0.012195121951219513	0.0	0.008130081300813009	0.04878048780487805	0.0	0.043478260869565216	0.0	0.015503875968992248	0.011904761904761904	0.021739130434782608	0.0	0.06666666666666667	0.041666666666666664	0.0	0.0	0.0	0.014492753623188406	0.046153846153846156	0.0	0.06779661016949153	0.0	0.0	0.0	0.0	0.0	0.02702702702702703	0.0	0.014705882352941176
da	0.0	0.052083333333333336	0.0	0.0	1.0	0.011904761904761904	0.04938271604938271	0.03208556149732621	0.05263157894736842	0.013422818791946308	0.029411764705882353	0.027777777777777776	0.0423728813559322	0.03225806451612903	0.032679738562091505	0.037037037037037035	0.07079646017699115	0.0625	0.11320754716981132	0.04	0.0	0.045454545454545456	0.02857142857142857	0.05434782608695652	0.04395604395604396	0.0379746835443038	0.08433734939759036	0.0	0.05660377358490566	0.09090909090909091	0.0	0.0	0.031746031746031744	0.0	0.03773584905660377
de	0.0	0.008849557522123894	0.0	0.0	0.011904761904761904	1.0	0.010309278350515464	0.014778325123152709	0.02727272727272727	0.018633540372670808	0.012195121951219513	0.0	0.014925373134328358	0.0	0.023952095808383235	0.041666666666666664	0.007518796992481203	0.0	0.014084507042253521	0.0	0.0	0.025	0.011904761904761904	0.009174311926605505	0.009345794392523364	0.010638297872340425	0.03	0.0	0.0	0.0	0.013513513513513514	0.0	0.0	0.0	0.022988505747126436
el	0.019230769230769232	0.12871287128712872	0.0	0.0	0.04938271604938271	0.010309278350515464	1.0	0.014778325123152709	0.03669724770642202	0.05806451612903226	0.0641025641025641	0.0	0.15254237288135594	0.0547945205479452	0.05555555555555555	0.02459016393442623	0.11666666666666667	0.04918032786885246	0.014084507042253521	0.08333333333333333	0.02	0.0379746835443038	0.0759493670886076	0.047619047619047616	0.09090909090909091	0.05555555555555555	0.10752688172043011	0.0	0.045454545454545456	0.08955223880597014	0.0	0.0	0.0684931506849315	0.0	0.07228915662650602
en	0.0	0.04225352112676056	0.0	0.012195121951219513	0.03208556149732621	0.014778325123152709	0.014778325123152709	1.0	0.018433179723502304	0.05426356589147287	0.026881720430107527	0.0	0.03389830508474576	0.027777777777777776	0.06896551724137931	0.030973451327433628	0.03418803418803419	0.01775147928994083	0.00558659217877095	0.011695906432748537	0.0	0.02702702702702703	0.026595744680851064	0.02830188679245283	0.03349282296650718	0.020100502512562814	0.02926829268292683	0.0	0.011428571428571429	0.016853932584269662	0.011049723756906077	0.0	0.01639344262295082	0.0	0.047619047619047616
es	0.0	0.04878048780487805	0.0	0.0	0.05263157894736842	0.02727272727272727	0.03669724770642202	0.018433179723502304	1.0	0.03468208092485549	0.010309278350515464	0.0	0.055944055944055944	0.022222222222222223	0.027624309392265192	0.007194244604316547	0.04195804195804196	0.01282051282051282	0.011627906976744186	0.02564102564102564	0.0	0.0	0.05263157894736842	0.059322033898305086	0.025	0.009174311926605505	0.05357142857142857	0.0	0.0	0.023255813953488372	0.011235955056179775	0.0	0.0	0.0	0.03763440860215054
fr	0.0	0.058823529411764705	0.0	0.008130081300813009	0.013422818791946308	0.018633540372670808	0.05806451612903226	0.05426356589147287	0.03468208092485549	1.0	0.027586206896551724	0.0	0.035897435897435895	0.02877697841726619	0.021551724137931036	0.0213903743315508	0.03626943005181347	0.0	0.0	0.007692307692307693	0.0	0.0136986301369863	0.027210884353741496	0.029239766081871343	0.03571428571428571	0.012578616352201259	0.011976047904191617	0.0	0.007462686567164179	0.014598540145985401	0.021739130434782608	0.0	0.014084507042253521	0.0	0.025210084033613446
he	0.05555555555555555	0.1	0.0	0.04878048780487805	0.029411764705882353	0.012195121951219513	0.0641025641025641	0.026881720430107527	0.010309278350515464	0.027586206896551724	1.0	0.0	0.06140350877192982	0.05084745762711865	0.02631578947368421	0.047619047619047616	0.09174311926605505	0.06521739130434782	0.05555555555555555	0.02040816326530612	0.0	0.03076923076923077	0.04477611940298507	0.010638297872340425	0.09411764705882353	0.03896103896103896	0.060240963855421686	0.0	0.058823529411764705	0.017543859649122806	0.01694915254237288	0.0	0.016129032258064516	0.0	0.04487179487179487
hi	0.0	0.0	0.0	0.0	0.027777777777777776	0.0	0.0	0.0	0.0	0.0	0.0	1.0	0.0	0.0	0.00819672131147541	0.0	0.0	0.0	0.0	0.0	0.0	0.0	0.0	0.0	0.0	0.0	0.018518518518518517	0.0	0.0	0.041666666666666664	0.0	0.0	0.0	0.0	0.0
hu	0.011111111111111112	0.13432835820895522	0.0	0.043478260869565216	0.0423728813559322	0.014925373134328358	0.15254237288135594	0.03389830508474576	0.055944055944055944	0.035897435897435895	0.06140350877192982	0.0	1.0	0.06481481481481481	0.10582010582010581	0.05161290322580645	0.10967741935483871	0.0625	0.057692307692307696	0.03	0.0	0.05263157894736842	0.05128205128205128	0.12121212121212122	0.12307692307692308	0.047244094488188976	0.11904761904761904	0.0	0.0594059405940594	0.08823529411764706	0.0	0.0	0.07407407407407407	0.0	0.1076923076923077
id	0.0	0.1625	0.0	0.0	0.03225806451612903	0.0	0.0547945205479452	0.027777777777777776	0.022222222222222223	0.02877697841726619	0.05084745762711865	0.0	0.06481481481481481	1.0	0.034482758620689655	0.0196078431372549	0.046296296296296294	0.075	0.02	0.0	0.034482758620689655	0.0	0.04918032786885246	0.047058823529411764	0.10126582278481013	0.0136986301369863	0.09333333333333334	0.0	0.02127659574468085	0.10638297872340426	0.0	0.0	0.07547169811320754	0.0	0.060810810810810814
it	0.0	0.03888888888888889	0.0	0.015503875968992248	0.032679738562091505	0.023952095808383235	0.05555555555555555	0.06896551724137931	0.027624309392265192	0.021551724137931036	0.02631578947368421	0.00819672131147541	0.10582010582010581	0.034482758620689655	1.0	0.06451612903225806	0.05612244897959184	0.022388059701492536	0.013986013986013986	0.014705882352941176	0.0	0.03333333333333333	0.039473684210526314	0.045714285714285714	0.028409090909090908	0.037037037037037035	0.047619047619047616	0.0	0.028985507246376812	0.02097902097902098	0.020689655172413793	0.0	0.03424657534246575	0.0	0.10572687224669604
ja	0.0	0.05223880597014925	0.0	0.011904761904761904	0.037037037037037035	0.041666666666666664	0.02459016393442623	0.030973451327433628	0.007194244604316547	0.0213903743315508	0.047619047619047616	0.0	0.05161290322580645	0.0196078431372549	0.06451612903225806	1.0	0.03205128205128205	0.03409090909090909	0.03125	0.022222222222222223	0.0	0.0380952380952381	0.009009009009009009	0.03007518796992481	0.030534351145038167	0.025210084033613446	0.056910569105691054	0.0	0.03225806451612903	0.010101010101010102	0.02	0.0	0.039603960396039604	0.0	0.05128205128205128
ko	0.011363636363636364	0.11940298507462686	0.0	0.021739130434782608	0.07079646017699115	0.007518796992481203	0.11666666666666667	0.03418803418803419	0.04195804195804196	0.03626943005181347	0.09174311926605505	0.0	0.10967741935483871	0.046296296296296294	0.05612244897959184	0.03205128205128205	1.0	0.030927835051546393	0.04854368932038835	0.052083333333333336	0.0	0.06306306306306306	0.06140350877192982	0.10606060606060606	0.09923664122137404	0.03968253968253968	0.0859375	0.0	0.06060606060606061	0.05825242718446602	0.0	0.0	0.05555555555555555	0.0	0.08080808080808081
lv	0.0	0.1111111111111111	0.0	0.0	0.0625	0.0	0.04918032786885246	0.01775147928994083	0.01282051282051282	0.0	0.06521739130434782	0.0	0.0625	0.075	0.022388059701492536	0.03409090909090909	0.030927835051546393	1.0	0.05555555555555555	0.06896551724137931	0.0	0.0	0.0	0.0410958904109589	0.027777777777777776	0.016666666666666666	0.078125	0.0	0.029411764705882353	0.02631578947368421	0.0	0.0	0.023255813953488372	0.0	0.051094890510948905
mk	0.038461538461538464	0.08641975308641975	0.0	0.06666666666666667	0.11320754716981132	0.014084507042253521	0.014084507042253521	0.00558659217877095	0.011627906976744186	0.0	0.05555555555555555	0.0	0.057692307692307696	0.02	0.013986013986013986	0.03125	0.04854368932038835	0.05555555555555555	1.0	0.05405405405405406	0.0	0.0	0.0	0.037037037037037035	0.06493506493506493	0.029850746268656716	0.08450704225352113	0.0	0.13157894736842105	0.044444444444444446	0.0	0.0	0.0196078431372549	0.0	0.034013605442176874
ml	0.05263157894736842	0.0945945945945946	0.0	0.041666666666666664	0.04	0.0	0.08333333333333333	0.011695906432748537	0.02564102564102564	0.007692307692307693	0.02040816326530612	0.0	0.03	0.0	0.014705882352941176	0.022222222222222223	0.052083333333333336	0.06896551724137931	0.05405405405405406	1.0	0.0	0.0	0.0196078431372549	0.0	0.056338028169014086	0.0	0.1111111111111111	0.0	0.0	0.02564102564102564	0.0	0.0	0.0975609756097561	0.0	0.02112676056338028
mr	0.0	0.03076923076923077	0.0	0.0	0.0	0.0	0.02	0.0	0.0	0.0	0.0	0.0	0.0	0.034482758620689655	0.0	0.0	0.0	0.0	0.0	0.0	1.0	0.0	0.0	0.0	0.016666666666666666	0.0	0.01818181818181818	0.0	0.0	0.0	0.0	0.0	0.0	0.0	0.0
nl	0.0	0.020833333333333332	0.0	0.0	0.045454545454545456	0.025	0.0379746835443038	0.02702702702702703	0.0	0.0136986301369863	0.03076923076923077	0.0	0.05263157894736842	0.0	0.03333333333333333	0.0380952380952381	0.06306306306306306	0.0	0.0	0.0	0.0	1.0	0.045454545454545456	0.06818181818181818	0.033707865168539325	0.025974025974025976	0.0	0.0	0.019230769230769232	0.017857142857142856	0.0	0.0	0.05084745762711865	0.0	0.04516129032258064
pl	0.0	0.052083333333333336	0.0	0.0	0.02857142857142857	0.011904761904761904	0.0759493670886076	0.026595744680851064	0.05263157894736842	0.027210884353741496	0.04477611940298507	0.0	0.05128205128205128	0.04918032786885246	0.039473684210526314	0.009009009009009009	0.06140350877192982	0.0	0.0	0.0196078431372549	0.0	0.045454545454545456	1.0	0.031914893617021274	0.05555555555555555	0.012345679012345678	0.022727272727272728	0.0	0.01818181818181818	0.034482758620689655	0.01639344262295082	0.0	0.015625	0.0	0.024844720496894408
pt	0.0	0.04132231404958678	0.0	0.014492753623188406	0.05434782608695652	0.009174311926605505	0.047619047619047616	0.02830188679245283	0.059322033898305086	0.029239766081871343	0.010638297872340425	0.0	0.12121212121212122	0.047058823529411764	0.045714285714285714	0.03007518796992481	0.10606060606060606	0.0410958904109589	0.037037037037037035	0.0	0.0	0.06818181818181818	0.031914893617021274	1.0	0.061946902654867256	0.038834951456310676	0.045454545454545456	0.0	0.038461538461538464	0.04938271604938271	0.0	0.0	0.034482758620689655	0.0	0.06741573033707865
ro	0.0	0.13761467889908258	0.0	0.046153846153846156	0.04395604395604396	0.009345794392523364	0.09090909090909091	0.03349282296650718	0.025	0.03571428571428571	0.09411764705882353	0.0	0.12307692307692308	0.10126582278481013	0.028409090909090908	0.030534351145038167	0.09923664122137404	0.027777777777777776	0.06493506493506493	0.056338028169014086	0.016666666666666666	0.033707865168539325	0.05555555555555555	0.061946902654867256	1.0	0.019417475728155338	0.13	0.0	0.01282051282051282	0.0641025641025641	0.024096385542168676	0.0	0.11392405063291139	0.0	0.08045977011494253
ru	0.0	0.05714285714285714	0.0	0.0	0.0379746835443038	0.010638297872340425	0.05555555555555555	0.020100502512562814	0.009174311926605505	0.012578616352201259	0.03896103896103896	0.0	0.047244094488188976	0.0136986301369863	0.037037037037037035	0.025210084033613446	0.03968253968253968	0.016666666666666666	0.029850746268656716	0.0	0.0	0.025974025974025976	0.012345679012345678	0.038834951456310676	0.019417475728155338	1.0	0.02040816326530612	0.0	0.015384615384615385	0.014492753623188406	0.0	0.0	0.0	0.0	0.03550295857988166
sh	0.017543859649122806	0.3076923076923077	0.0	0.06779661016949153	0.08433734939759036	0.03	0.10752688172043011	0.02926829268292683	0.05357142857142857	0.011976047904191617	0.060240963855421686	0.018518518518518517	0.11904761904761904	0.09333333333333334	0.047619047619047616	0.056910569105691054	0.0859375	0.078125	0.08450704225352113	0.1111111111111111	0.01818181818181818	0.0	0.022727272727272728	0.045454545454545456	0.13	0.02040816326530612	1.0	0.0	0.027777777777777776	0.09859154929577464	0.012658227848101266	0.0	0.07792207792207792	0.0	0.08928571428571429
si	0.0	0.0	0.0	0.0	0.0	0.0	0.0	0.0	0.0	0.0	0.0	0.0	0.0	0.0	0.0	0.0	0.0	0.0	0.0	0.0	0.0	0.0	0.0	0.0	0.0	0.0	0.0	0.0	0.0	0.0	0.0	0.0	0.0	0.0	0.0
simple	0.043478260869565216	0.04938271604938271	0.0	0.0	0.05660377358490566	0.0	0.045454545454545456	0.011428571428571429	0.0	0.007462686567164179	0.058823529411764705	0.0	0.0594059405940594	0.02127659574468085	0.028985507246376812	0.03225806451612903	0.06060606060606061	0.029411764705882353	0.13157894736842105	0.0	0.0	0.019230769230769232	0.01818181818181818	0.038461538461538464	0.01282051282051282	0.015384615384615385	0.027777777777777776	0.0	1.0	0.07317073170731707	0.0	0.0	0.0425531914893617	0.0	0.027586206896551724
sr	0.0	0.07228915662650602	0.0	0.0	0.09090909090909091	0.0	0.08955223880597014	0.016853932584269662	0.023255813953488372	0.014598540145985401	0.017543859649122806	0.041666666666666664	0.08823529411764706	0.10638297872340426	0.02097902097902098	0.010101010101010102	0.05825242718446602	0.02631578947368421	0.044444444444444446	0.02564102564102564	0.0	0.017857142857142856	0.034482758620689655	0.04938271604938271	0.0641025641025641	0.014492753623188406	0.09859154929577464	0.0	0.07317073170731707	1.0	0.0	0.0	0.0392156862745098	0.0	0.026845637583892617
sv	0.0	0.011111111111111112	0.0	0.0	0.0	0.013513513513513514	0.0	0.011049723756906077	0.011235955056179775	0.021739130434782608	0.01694915254237288	0.0	0.0	0.0	0.020689655172413793	0.02	0.0	0.0	0.0	0.0	0.0	0.0	0.01639344262295082	0.0	0.024096385542168676	0.0	0.012658227848101266	0.0	0.0	0.0	1.0	0.0	0.018518518518518517	0.0	0.026490066225165563
te	0.0	0.0	0.0	0.0	0.0	0.0	0.0	0.0	0.0	0.0	0.0	0.0	0.0	0.0	0.0	0.0	0.0	0.0	0.0	0.0	0.0	0.0	0.0	0.0	0.0	0.0	0.0	0.0	0.0	0.0	0.0	0.0	0.0	0.0	0.0
vi	0.0	0.056179775280898875	0.0	0.02702702702702703	0.031746031746031744	0.0	0.0684931506849315	0.01639344262295082	0.0	0.014084507042253521	0.016129032258064516	0.0	0.07407407407407407	0.07547169811320754	0.03424657534246575	0.039603960396039604	0.05555555555555555	0.023255813953488372	0.0196078431372549	0.0975609756097561	0.0	0.05084745762711865	0.015625	0.034482758620689655	0.11392405063291139	0.0	0.07792207792207792	0.0	0.0425531914893617	0.0392156862745098	0.018518518518518517	0.0	1.0	0.0	0.039473684210526314
war	0.0	0.0	0.0	0.0	0.0	0.0	0.0	0.0	0.0	0.0	0.0	0.0	0.0	0.0	0.0	0.0	0.0	0.0	0.0	0.0	0.0	0.0	0.0	0.0	0.0	0.0	0.0	0.0	0.0	0.0	0.0	0.0	0.0	0.0	0.0
zh	0.007575757575757576	0.096045197740113	0.0	0.014705882352941176	0.03773584905660377	0.022988505747126436	0.07228915662650602	0.047619047619047616	0.03763440860215054	0.025210084033613446	0.04487179487179487	0.0	0.1076923076923077	0.060810810810810814	0.10572687224669604	0.05128205128205128	0.08080808080808081	0.051094890510948905	0.034013605442176874	0.02112676056338028	0.0	0.04516129032258064	0.024844720496894408	0.06741573033707865	0.08045977011494253	0.03550295857988166	0.08928571428571429	0.0	0.027586206896551724	0.026845637583892617	0.026490066225165563	0.0	0.039473684210526314	0.0	1.0
