arz	bs	ceb	ckb	da	de	el	en	es	fr	he	hi	hu	id	it	ja	ko	lv	mk	ml	mr	nl	pl	pt	ro	ru	sh	si	simple	sr	sv	te	tr	vi	war	zh
arz	1.0	1.0	0.0	1.0	0.8216064286890065	1.0	1.0	1.0	1.0	1.0	1.0	1.0	1.0	1.0	1.0	1.0	1.0	1.0	1.0	1.0	1.0	1.0	1.0	1.0	1.0	1.0	1.0	1.0	1.0	1.0	1.0	1.0	1.0	1.0	1.0	1.0
bs	1.0	1.0	1.0	0.6610637444958446	0.7608896136195561	0.6469690292595244	1.0	0.6469690292595244	0.6469690292595244	0.5715474834220348	0.7510341748895938	0.7176749122208205	0.7510341748895938	0.6212066821584028	0.6062350279501875	0.6469690292595244	0.6469690292595244	1.0	1.0	1.0	1.0	0.6226543860243502	0.6943271507020822	0.6469690292595244	0.6610637444958446	0.6943271507020822	0.5636176663668752	1.0	0.6994017365373274	0.7176749122208205	0.6469690292595244	1.0	0.5830152248271214	0.6469690292595244	0.7690990303325336	0.6469690292595244
ceb	0.0	1.0	1.0	0.0	1.0	1.0	0.0	1.0	1.0	1.0	1.0	1.0	1.0	1.0	1.0	1.0	1.0	1.0	1.0	1.0	0.0	1.0	1.0	1.0	1.0	1.0	1.0	1.0	1.0	1.0	1.0	0.0	-1.0	1.0	1.0	1.0
ckb	1.0	0.6610637444958446	0.0	1.0	0.8055567530094857	1.0	1.0	1.0	1.0	0.7411828468492555	1.0	1.0	1.0	0.6994017365373274	0.7455134344225701	1.0	1.0	1.0	1.0	1.0	1.0	0.6786291688147437	1.0	1.0	1.0	1.0	0.6088276994817863	1.0	0.74551343442257	1.0	1.0	1.0	0.7411828468492556	1.0	0.7690990303325336	1.0
da	0.8216064286890065	0.7608896136195561	1.0	0.8055567530094857	1.0	0.5981780515271113	0.8252244849082945	0.5981780515271113	0.6673649639258982	0.6309454584890334	0.675180510187506	0.8055567530094857	0.6813557556905478	0.6434391545241187	0.5477439041891748	0.6751805101875061	0.6751805101875061	0.8252244849082945	0.8252244849082945	0.8252244849082945	0.8755395908437883	0.6029370475497603	0.6751805101875061	0.7106824291060084	0.8055567530094857	0.6673649639258982	0.6667733586869711	1.0	0.8137822343553781	0.7992591943912659	0.769892380929708	0.8216064286890065	0.8137822343553781	0.7992591943912659	0.7001068982073209	0.7173869854085879
de	1.0	0.6469690292595244	1.0	1.0	0.5981780515271113	1.0	0.6248466930879271	0.24477900918714415	0.37602300655293514	0.308721114646306	0.4252625477103775	1.0	0.537852691399679	0.2924501374708633	0.2734113655939422	0.43673479024651907	0.419349187047199	1.0	1.0	1.0	1.0	0.3200879138950403	0.2818120368500886	0.3683012081969329	0.6189014223491325	0.35031646613316586	0.6088276994817863	1.0	0.4819834865622691	0.5055037321189183	0.44022045226809686	1.0	0.5429247793102225	1.0	0.7690990303325336	0.4270131170131462
el	1.0	1.0	0.0	1.0	0.8252244849082945	0.6248466930879271	1.0	1.0	0.7411828468492555	0.7376607345031152	1.0	1.0	1.0	0.42995415895150896	0.6044414021866646	1.0	1.0	1.0	1.0	1.0	1.0	0.7376607345031153	1.0	1.0	1.0	1.0	0.7106922308883378	1.0	0.74551343442257	1.0	1.0	1.0	1.0	1.0	0.7690990303325336	1.0
en	1.0	0.6469690292595244	1.0	1.0	0.5981780515271113	0.24477900918714415	1.0	1.0	0.2928781525132617	0.2155508944485901	0.5988341345139978	0.5343868411160062	0.5602919925075569	0.2924501374708633	0.24619323588608494	0.368140402451981	0.4138384631865721	0.7455134344225701	0.7411828468492556	1.0	1.0	0.3043203165166644	0.227596454799359	0.3450358011660211	0.616531178706057	0.21250952589596336	0.6088276994817863	1.0	0.5153523088513702	0.588931583152959	0.337801210325057	1.0	0.5775884741786945	0.7263875964832449	0.7690990303325336	0.35089987517844184
es	1.0	0.6469690292595244	1.0	1.0	0.6673649639258982	0.37602300655293514	0.7411828468492555	0.2928781525132617	1.0	0.3433535630162139	0.6084370696808219	0.7300208629885034	0.6005600352739165	0.31753517674175524	0.357131784910118	0.5426263583047427	0.4299025270406228	1.0	1.0	1.0	1.0	0.4292887920677074	0.4610507271836026	0.49681892174616354	0.833606173141405	0.4871729523255063	0.6530990148647726	1.0	0.7347168825662656	0.7300208629885034	0.3846195675134507	1.0	0.5908284255127956	1.0	0.7690990303325336	0.5644053808147855
fr	1.0	0.5715474834220348	1.0	0.7411828468492555	0.6309454584890334	0.308721114646306	0.7376607345031152	0.2155508944485901	0.3433535630162139	1.0	0.6067636116293127	0.7300208629885034	0.5606572481298802	0.3043706944915941	0.2879647055314845	0.4398605625243938	0.5457582013851966	0.7455134344225701	0.7411828468492556	0.7584325078215765	1.0	0.4920437402618668	0.3025904889598045	0.43688399391392785	0.5740114061519864	0.432969630756323	0.65195746405847	1.0	0.518436505013966	0.6037848025698382	0.4733529107128549	1.0	0.586061923025523	0.7263875964832449	0.7690990303325336	0.3841039109987006
he	1.0	0.7510341748895938	1.0	1.0	0.675180510187506	0.4252625477103775	1.0	0.5988341345139978	0.6084370696808219	0.6067636116293127	1.0	1.0	0.728099120889861	0.42086015539690247	0.4300755436561942	1.0	1.0	1.0	1.0	1.0	1.0	0.5322774911884038	0.7668655722928474	0.5222456340832996	1.0	1.0	0.7584325078215763	1.0	0.624846693087927	0.7300208629885035	0.6568318202362041	1.0	0.7347168825662657	1.0	0.7690990303325336	1.0
hi	1.0	0.7176749122208205	1.0	1.0	0.8055567530094857	1.0	1.0	0.5343868411160062	0.7300208629885034	0.7300208629885034	1.0	1.0	1.0	0.6994017365373274	0.6540189212479046	1.0	1.0	1.0	1.0	1.0	1.0	0.6332460537063271	1.0	0.6701591524560107	0.7411828468492556	1.0	0.6230840072966054	1.0	0.6908587525207898	1.0	1.0	1.0	1.0	1.0	0.7690990303325336	1.0
hu	1.0	0.7510341748895938	1.0	1.0	0.6813557556905478	0.537852691399679	1.0	0.5602919925075569	0.6005600352739165	0.5606572481298802	0.728099120889861	1.0	1.0	0.41715274718679807	0.5156791591466715	1.0	1.0	1.0	1.0	1.0	1.0	0.5741473633968004	1.0	0.6421409926345867	1.0	0.7248485669756153	0.7106922308883378	1.0	0.6044414021866646	0.7322034805959264	0.6983807707686048	1.0	1.0	1.0	0.7690990303325336	1.0
id	1.0	0.6212066821584028	1.0	0.6994017365373274	0.6434391545241187	0.2924501374708633	0.42995415895150896	0.2924501374708633	0.31753517674175524	0.3043706944915941	0.42086015539690247	0.6994017365373274	0.41715274718679807	1.0	0.29851510281176225	0.2924501374708633	0.31176245408086184	0.7510341748895937	0.7510341748895937	0.7584325078215763	1.0	0.28933289777167503	0.2887081746971731	0.2887081746971731	0.42534549395239046	0.4136484130982777	0.6930410722934914	0.7863954451402115	0.6526596787071897	0.6994017365373274	0.29478835571181833	1.0	0.41715274718679807	0.6688083895376623	0.7690990303325336	0.4136484130982777
it	1.0	0.6062350279501875	1.0	0.7455134344225701	0.5477439041891748	0.2734113655939422	0.6044414021866646	0.24619323588608494	0.357131784910118	0.2879647055314845	0.4300755436561942	0.6540189212479046	0.5156791591466715	0.29851510281176225	1.0	0.36717206713422723	0.45974414903679384	0.7455134344225701	0.7411828468492556	0.7584325078215763	1.0	0.36961308547487276	0.24395874996737563	0.2633676858324122	0.5473113397592537	0.38485588475649607	0.5659550902704825	0.7863954451402115	0.4344806920618287	0.5168531539664284	0.41316716490005234	1.0	0.49342748475232656	0.7300208629885034	1.0	0.3967868849161892
ja	1.0	0.6469690292595244	1.0	1.0	0.6751805101875061	0.43673479024651907	1.0	0.368140402451981	0.5426263583047427	0.4398605625243938	1.0	1.0	1.0	0.2924501374708633	0.36717206713422723	1.0	1.0	1.0	1.0	1.0	1.0	0.4423565821633913	0.23881833177504014	0.46013941216947674	0.616531178706057	1.0	0.6088276994817863	1.0	0.5552295811170244	0.7263875964832448	0.6067636116293127	1.0	0.5780965534243105	1.0	0.7690990303325336	1.0
ko	1.0	0.6469690292595244	1.0	1.0	0.6751805101875061	0.419349187047199	1.0	0.4138384631865721	0.4299025270406228	0.5457582013851966	1.0	1.0	1.0	0.31176245408086184	0.45974414903679384	1.0	1.0	1.0	1.0	1.0	1.0	0.26036337924870856	0.31526904339476886	0.513058415109676	0.6189014223491325	1.0	0.6088276994817863	1.0	0.5552295811170244	0.7263875964832448	0.6549329476340925	1.0	0.5863089236503654	1.0	0.7690990303325336	1.0
lv	1.0	1.0	1.0	1.0	0.8252244849082945	1.0	1.0	0.7455134344225701	1.0	0.7455134344225701	1.0	1.0	1.0	0.7510341748895937	0.7455134344225701	1.0	1.0	1.0	1.0	1.0	1.0	0.7455134344225701	1.0	1.0	1.0	1.0	0.7106922308883378	1.0	0.74551343442257	1.0	1.0	1.0	1.0	1.0	0.7690990303325336	1.0
mk	1.0	1.0	1.0	1.0	0.8252244849082945	1.0	1.0	0.7411828468492556	1.0	0.7411828468492556	1.0	1.0	1.0	0.7510341748895937	0.7411828468492556	1.0	1.0	1.0	1.0	1.0	1.0	0.7411828468492555	1.0	1.0	1.0	1.0	0.7106922308883378	1.0	0.74551343442257	1.0	1.0	1.0	0.7411828468492556	1.0	0.7690990303325336	1.0
ml	1.0	1.0	1.0	1.0	0.8252244849082945	1.0	1.0	1.0	1.0	0.7584325078215765	1.0	1.0	1.0	0.7584325078215763	0.7584325078215763	1.0	1.0	1.0	1.0	1.0	1.0	1.0	1.0	1.0	1.0	1.0	0.7584325078215763	1.0	1.0	1.0	1.0	1.0	1.0	1.0	0.7690990303325336	1.0
mr	1.0	1.0	0.0	1.0	0.8755395908437883	1.0	1.0	1.0	1.0	1.0	1.0	1.0	1.0	1.0	1.0	1.0	1.0	1.0	1.0	1.0	1.0	1.0	1.0	1.0	1.0	1.0	1.0	1.0	1.0	1.0	1.0	1.0	1.0	1.0	1.0	1.0
nl	1.0	0.6226543860243502	1.0	0.6786291688147437	0.6029370475497603	0.3200879138950403	0.7376607345031153	0.3043203165166644	0.4292887920677074	0.4920437402618668	0.5322774911884038	0.6332460537063271	0.5741473633968004	0.28933289777167503	0.36961308547487276	0.4423565821633913	0.26036337924870856	0.7455134344225701	0.7411828468492555	1.0	1.0	1.0	0.4866227265747915	0.4431983200234336	0.5459688431025082	0.4430170985407169	0.589174470886688	1.0	0.4763603034536531	0.5763759565256314	0.5576890343308352	1.0	0.526831089183927	0.6667969795412325	0.7690990303325336	0.5284793887589125
pl	1.0	0.6943271507020822	1.0	1.0	0.6751805101875061	0.2818120368500886	1.0	0.227596454799359	0.4610507271836026	0.3025904889598045	0.7668655722928474	1.0	1.0	0.2887081746971731	0.24395874996737563	0.23881833177504014	0.31526904339476886	1.0	1.0	1.0	1.0	0.4866227265747915	1.0	0.28545786033365683	0.7300208629885034	0.2671440268744684	0.6230840072966054	1.0	0.5693860189509429	0.7280991208898608	0.5665446450931801	1.0	0.7322034805959264	1.0	0.7690990303325336	0.24893653050778133
pt	1.0	0.6469690292595244	1.0	1.0	0.7106824291060084	0.3683012081969329	1.0	0.3450358011660211	0.49681892174616354	0.43688399391392785	0.5222456340832996	0.6701591524560107	0.6421409926345867	0.2887081746971731	0.2633676858324122	0.46013941216947674	0.513058415109676	1.0	1.0	1.0	1.0	0.4431983200234336	0.28545786033365683	1.0	0.7418932733770127	0.4375739925913965	0.6088276994817863	1.0	0.5187571362156276	0.7263875964832448	0.33237625989907477	1.0	0.4821968862380742	1.0	0.7690990303325336	0.4751174449944844
ro	1.0	0.6610637444958446	1.0	1.0	0.8055567530094857	0.6189014223491325	1.0	0.616531178706057	0.833606173141405	0.5740114061519864	1.0	0.7411828468492556	1.0	0.42534549395239046	0.5473113397592537	0.616531178706057	0.6189014223491325	1.0	1.0	1.0	1.0	0.5459688431025082	0.7300208629885034	0.7418932733770127	1.0	0.7300208629885034	0.6088276994817863	1.0	0.74551343442257	1.0	0.5740114061519864	1.0	0.6786291688147437	1.0	0.7690990303325336	0.616531178706057
ru	1.0	0.6943271507020822	1.0	1.0	0.6673649639258982	0.35031646613316586	1.0	0.21250952589596336	0.4871729523255063	0.432969630756323	1.0	1.0	0.7248485669756153	0.4136484130982777	0.38485588475649607	1.0	1.0	1.0	1.0	1.0	1.0	0.4430170985407169	0.2671440268744684	0.4375739925913965	0.7300208629885034	1.0	0.6230840072966054	1.0	0.5616751758586384	0.6589257440209708	0.576900500520282	1.0	0.5969819612641136	1.0	0.7690990303325336	1.0
sh	1.0	0.5636176663668752	1.0	0.6088276994817863	0.6667733586869711	0.6088276994817863	0.7106922308883378	0.6088276994817863	0.6530990148647726	0.65195746405847	0.7584325078215763	0.6230840072966054	0.7106922308883378	0.6930410722934914	0.5659550902704825	0.6088276994817863	0.6088276994817863	0.7106922308883378	0.7106922308883378	0.7584325078215763	1.0	0.589174470886688	0.6230840072966054	0.6088276994817863	0.6088276994817863	0.6230840072966054	1.0	1.0	0.5685232876034139	0.6230840072966054	0.6088276994817863	1.0	0.6481569247485167	0.6088276994817863	0.6698766910334878	0.6088276994817863
si	1.0	1.0	1.0	1.0	1.0	1.0	1.0	1.0	1.0	1.0	1.0	1.0	1.0	0.7863954451402115	0.7863954451402115	1.0	1.0	1.0	1.0	1.0	1.0	1.0	1.0	1.0	1.0	1.0	1.0	1.0	1.0	1.0	1.0	1.0	1.0	1.0	0.8216064286890065	1.0
simple	1.0	0.6994017365373274	1.0	0.74551343442257	0.8137822343553781	0.4819834865622691	0.74551343442257	0.5153523088513702	0.7347168825662656	0.518436505013966	0.624846693087927	0.6908587525207898	0.6044414021866646	0.6526596787071897	0.4344806920618287	0.5552295811170244	0.5552295811170244	0.74551343442257	0.74551343442257	1.0	1.0	0.4763603034536531	0.5693860189509429	0.5187571362156276	0.74551343442257	0.5616751758586384	0.5685232876034139	1.0	1.0	0.6067253066550435	0.5644527096361263	1.0	0.6538836485984504	0.629896233114065	0.7690990303325336	0.5552295811170244
sr	1.0	0.7176749122208205	1.0	1.0	0.7992591943912659	0.5055037321189183	1.0	0.588931583152959	0.7300208629885034	0.6037848025698382	0.7300208629885035	1.0	0.7322034805959264	0.6994017365373274	0.5168531539664284	0.7263875964832448	0.7263875964832448	1.0	1.0	1.0	1.0	0.5763759565256314	0.7280991208898608	0.7263875964832448	1.0	0.6589257440209708	0.6230840072966054	1.0	0.6067253066550435	1.0	0.6701591524560107	1.0	0.7347168825662656	1.0	0.7690990303325336	0.7263875964832448
sv	1.0	0.6469690292595244	1.0	1.0	0.769892380929708	0.44022045226809686	1.0	0.337801210325057	0.3846195675134507	0.4733529107128549	0.6568318202362041	1.0	0.6983807707686048	0.29478835571181833	0.41316716490005234	0.6067636116293127	0.6549329476340925	1.0	1.0	1.0	1.0	0.5576890343308352	0.5665446450931801	0.33237625989907477	0.5740114061519864	0.576900500520282	0.6088276994817863	1.0	0.5644527096361263	0.6701591524560107	1.0	1.0	0.6667969795412325	0.6701591524560107	0.7690990303325336	0.6487871090048528
te	1.0	1.0	0.0	1.0	0.8216064286890065	1.0	1.0	1.0	1.0	1.0	1.0	1.0	1.0	1.0	1.0	1.0	1.0	1.0	1.0	1.0	1.0	1.0	1.0	1.0	1.0	1.0	1.0	1.0	1.0	1.0	1.0	1.0	1.0	1.0	1.0	1.0
tr	1.0	0.5830152248271214	-1.0	0.7411828468492556	0.8137822343553781	0.5429247793102225	1.0	0.5775884741786945	0.5908284255127956	0.586061923025523	0.7347168825662657	1.0	1.0	0.41715274718679807	0.49342748475232656	0.5780965534243105	0.5863089236503654	1.0	0.7411828468492556	1.0	1.0	0.526831089183927	0.7322034805959264	0.4821968862380742	0.6786291688147437	0.5969819612641136	0.6481569247485167	1.0	0.6538836485984504	0.7347168825662656	0.6667969795412325	1.0	1.0	0.6841174893561723	0.7690990303325336	0.5747129628734963
vi	1.0	0.6469690292595244	1.0	1.0	0.7992591943912659	1.0	1.0	0.7263875964832449	1.0	0.7263875964832449	1.0	1.0	1.0	0.6688083895376623	0.7300208629885034	1.0	1.0	1.0	1.0	1.0	1.0	0.6667969795412325	1.0	1.0	1.0	1.0	0.6088276994817863	1.0	0.629896233114065	1.0	0.6701591524560107	1.0	0.6841174893561723	1.0	0.7690990303325336	1.0
war	1.0	0.7690990303325336	1.0	0.7690990303325336	0.7001068982073209	0.7690990303325336	0.7690990303325336	0.7690990303325336	0.7690990303325336	0.7690990303325336	0.7690990303325336	0.7690990303325336	0.7690990303325336	0.7690990303325336	1.0	0.7690990303325336	0.7690990303325336	0.7690990303325336	0.7690990303325336	0.7690990303325336	1.0	0.7690990303325336	0.7690990303325336	0.7690990303325336	0.7690990303325336	0.7690990303325336	0.6698766910334878	0.8216064286890065	0.7690990303325336	0.7690990303325336	0.7690990303325336	1.0	0.7690990303325336	0.7690990303325336	1.0	0.7690990303325336
zh	1.0	0.6469690292595244	1.0	1.0	0.7173869854085879	0.4270131170131462	1.0	0.35089987517844184	0.5644053808147855	0.3841039109987006	1.0	1.0	1.0	0.4136484130982777	0.3967868849161892	1.0	1.0	1.0	1.0	1.0	1.0	0.5284793887589125	0.24893653050778133	0.4751174449944844	0.616531178706057	1.0	0.6088276994817863	1.0	0.5552295811170244	0.7263875964832448	0.6487871090048528	1.0	0.5747129628734963	1.0	0.7690990303325336	1.0
