arz	bs	ceb	ckb	da	de	el	en	es	fr	he	hi	hu	id	it	ja	ko	lv	mk	ml	mr	nl	pl	pt	ro	ru	sh	si	simple	sr	sv	te	vi	war	zh
arz	1.0	1.0	0.0	0.0	1.0	1.0	1.0	0.585786437626905	1.0	0.0	1.0	0.0	1.0	1.0	1.0	1.0	1.0	1.0	1.0	0.0	0.0	0.585786437626905	1.0	1.0	1.0	1.0	1.0	0.0	1.0	1.0	1.0	0.0	1.0	0.0	0.585786437626905
bs	1.0	1.0	0.44948974278317805	0.585786437626905	0.3333333333333333	0.3333333333333333	1.0	0.32037724101704074	0.3333333333333333	0.36602540378443865	0.39564392373896007	0.4364916731037085	0.36602540378443865	0.3090169943749474	0.3333333333333333	0.3333333333333333	0.3333333333333333	0.44948974278317805	0.585786437626905	0.585786437626905	1.0	0.3333333333333333	0.3333333333333333	0.3333333333333333	0.3333333333333333	0.3333333333333333	0.39564392373896007	1.0	0.44948974278317805	0.3333333333333333	0.3090169943749474	1.0	0.3090169943749474	0.585786437626905	0.3333333333333333
ceb	0.0	0.44948974278317805	1.0	0.44948974278317805	0.44948974278317805	0.44948974278317805	0.585786437626905	0.44948974278317805	0.44948974278317805	0.44948974278317805	0.585786437626905	0.585786437626905	0.44948974278317805	0.5	0.44948974278317805	0.44948974278317805	0.44948974278317805	0.44948974278317805	0.44948974278317805	0.585786437626905	0.585786437626905	0.44948974278317805	0.44948974278317805	0.44948974278317805	0.44948974278317805	0.44948974278317805	0.44948974278317805	0.0	0.44948974278317805	0.44948974278317805	0.44948974278317805	1.0	0.44948974278317805	0.585786437626905	0.44948974278317805
ckb	0.0	0.585786437626905	0.44948974278317805	1.0	1.0	1.0	1.0	1.0	1.0	0.585786437626905	1.0	1.0	1.0	0.585786437626905	1.0	1.0	1.0	1.0	1.0	1.0	1.0	1.0	1.0	1.0	1.0	1.0	1.0	0.0	0.585786437626905	1.0	1.0	1.0	1.0	1.0	1.0
da	1.0	0.3333333333333333	0.44948974278317805	1.0	1.0	0.34833147735478825	1.0	0.27429188517743175	0.3203772410170407	0.2928060946961875	0.44948974278317805	0.5	0.44948974278317805	0.29893508442482547	0.29893508442482547	0.34833147735478825	0.44948974278317805	1.0	1.0	1.0	1.0	0.3660254037844386	0.34833147735478825	0.34833147735478825	0.4142135623730951	0.34833147735478825	0.38742588672279304	1.0	0.585786437626905	0.44948974278317805	0.3203772410170407	1.0	0.353889367864523	1.0	0.34833147735478825
de	1.0	0.3333333333333333	0.44948974278317805	1.0	0.34833147735478825	1.0	1.0	0.07084723420236258	0.2791745113185196	0.23166247903554	0.585786437626905	1.0	0.4142135623730951	0.2958163163244893	0.17826035697019474	0.3430703308172536	0.585786437626905	1.0	1.0	1.0	1.0	0.25728427444747215	0.2216368750839041	0.2766967754673749	0.5	0.39564392373896007	0.3164309725825328	1.0	0.5	0.3164309725825328	0.22901628833426058	1.0	0.3021694792519622	1.0	0.3333333333333333
el	1.0	1.0	0.585786437626905	1.0	1.0	1.0	1.0	1.0	1.0	0.4364916731037085	1.0	1.0	1.0	0.585786437626905	1.0	1.0	1.0	1.0	1.0	1.0	1.0	1.0	1.0	1.0	1.0	1.0	1.0	0.0	1.0	1.0	1.0	1.0	0.4364916731037085	1.0	1.0
en	0.585786437626905	0.32037724101704074	0.44948974278317805	1.0	0.27429188517743175	0.07084723420236258	1.0	1.0	0.05722890327842976	0.060665862173364137	0.2791745113185196	0.585786437626905	0.23441237831492112	0.2240092377397959	0.0975674074470114	0.13126534680162893	0.2025519956555797	1.0	1.0	0.5	1.0	0.13633102580176626	0.13303568720198622	0.129627501538629	0.3660254037844386	0.12973190755680383	0.13413866172981218	1.0	0.32037724101704074	0.13479409488439018	0.13432490162364444	1.0	0.06875929152955647	1.0	0.18400240527946554
es	1.0	0.3333333333333333	0.44948974278317805	1.0	0.3203772410170407	0.2791745113185196	1.0	0.05722890327842976	1.0	0.2016895928872254	0.585786437626905	1.0	0.5	0.2632403810669918	0.21498516621900873	0.5	1.0	1.0	1.0	1.0	1.0	0.4142135623730951	0.2372732414640341	0.24179033438163733	0.44948974278317805	0.38742588672279304	0.4142135623730951	1.0	0.5	0.2958163163244893	0.26968623182294527	1.0	0.2791745113185196	1.0	0.36602540378443865
fr	0.0	0.36602540378443865	0.44948974278317805	0.585786437626905	0.2928060946961875	0.23166247903554	0.4364916731037085	0.060665862173364137	0.2016895928872254	1.0	0.39564392373896007	0.585786437626905	0.4142135623730951	0.24336073281110826	0.1636973989424395	0.2612038749637414	0.3430703308172536	0.585786437626905	1.0	1.0	1.0	0.27429188517743175	0.21712927295533244	0.21712927295533244	0.35388936786452296	0.2612038749637414	0.2402530733520421	1.0	0.35388936786452296	0.2372732414640341	0.24828371682826425	1.0	0.2553967929896867	1.0	0.30216947925196225
he	1.0	0.39564392373896007	0.585786437626905	1.0	0.44948974278317805	0.585786437626905	1.0	0.2791745113185196	0.585786437626905	0.39564392373896007	1.0	1.0	1.0	0.4142135623730951	0.44948974278317805	1.0	1.0	1.0	1.0	1.0	1.0	1.0	0.44948974278317805	0.585786437626905	1.0	1.0	1.0	1.0	1.0	0.585786437626905	0.4142135623730951	1.0	0.353889367864523	1.0	1.0
hi	0.0	0.4364916731037085	0.585786437626905	1.0	0.5	1.0	1.0	0.585786437626905	1.0	0.585786437626905	1.0	1.0	1.0	0.5	0.585786437626905	1.0	1.0	1.0	1.0	1.0	1.0	1.0	1.0	1.0	1.0	1.0	1.0	1.0	1.0	1.0	0.5	1.0	0.4364916731037085	1.0	1.0
hu	1.0	0.36602540378443865	0.44948974278317805	1.0	0.44948974278317805	0.4142135623730951	1.0	0.23441237831492112	0.5	0.4142135623730951	1.0	1.0	1.0	0.31264808514230086	0.38742588672279304	0.5	0.585786437626905	1.0	1.0	1.0	1.0	0.5	0.3660254037844386	0.5	1.0	0.5	0.585786437626905	1.0	0.5	0.585786437626905	0.31264808514230086	1.0	0.30216947925196225	1.0	0.5
id	1.0	0.3090169943749474	0.5	0.585786437626905	0.29893508442482547	0.2958163163244893	0.585786437626905	0.2240092377397959	0.2632403810669918	0.24336073281110826	0.4142135623730951	0.5	0.31264808514230086	1.0	0.25	0.28436465220442186	0.3090169943749474	0.585786437626905	0.585786437626905	0.5	1.0	0.28436465220442186	0.28172904669025317	0.2632403810669918	0.4142135623730951	0.3203772410170407	0.34833147735478825	1.0	0.4142135623730951	0.3288130902060995	0.2674788903885893	0.585786437626905	0.3380788308512194	1.0	0.2612038749637415
it	1.0	0.3333333333333333	0.44948974278317805	1.0	0.29893508442482547	0.17826035697019474	1.0	0.0975674074470114	0.21498516621900873	0.1636973989424395	0.44948974278317805	0.585786437626905	0.38742588672279304	0.25	1.0	0.2612038749637414	0.44948974278317805	0.585786437626905	1.0	0.585786437626905	1.0	0.30216947925196225	0.2193450929151803	0.2402530733520421	0.44948974278317805	0.26533119314590375	0.2612038749637414	1.0	0.5	0.2766967754673749	0.20521309615767264	1.0	0.25	1.0	0.28436465220442186
ja	1.0	0.3333333333333333	0.44948974278317805	1.0	0.34833147735478825	0.3430703308172536	1.0	0.13126534680162893	0.5	0.2612038749637414	1.0	1.0	0.5	0.28436465220442186	0.2612038749637414	1.0	1.0	1.0	1.0	1.0	1.0	1.0	0.4142135623730951	0.4142135623730951	0.585786437626905	1.0	0.44948974278317805	1.0	0.585786437626905	0.3333333333333333	0.3090169943749474	1.0	0.3090169943749474	1.0	1.0
ko	1.0	0.3333333333333333	0.44948974278317805	1.0	0.44948974278317805	0.585786437626905	1.0	0.2025519956555797	1.0	0.3430703308172536	1.0	1.0	0.585786437626905	0.3090169943749474	0.44948974278317805	1.0	1.0	1.0	1.0	1.0	1.0	1.0	0.5	0.585786437626905	0.5	1.0	0.5	1.0	0.585786437626905	0.4364916731037085	0.32449979983983984	1.0	0.3090169943749474	1.0	1.0
lv	1.0	0.44948974278317805	0.44948974278317805	1.0	1.0	1.0	1.0	1.0	1.0	0.585786437626905	1.0	1.0	1.0	0.585786437626905	0.585786437626905	1.0	1.0	1.0	1.0	1.0	1.0	1.0	1.0	1.0	0.585786437626905	1.0	1.0	1.0	0.585786437626905	1.0	0.44948974278317805	1.0	1.0	1.0	1.0
mk	1.0	0.585786437626905	0.44948974278317805	1.0	1.0	1.0	1.0	1.0	1.0	1.0	1.0	1.0	1.0	0.585786437626905	1.0	1.0	1.0	1.0	1.0	1.0	1.0	1.0	1.0	1.0	1.0	1.0	1.0	0.0	1.0	1.0	0.585786437626905	1.0	0.4364916731037085	1.0	1.0
ml	0.0	0.585786437626905	0.585786437626905	1.0	1.0	1.0	1.0	0.5	1.0	1.0	1.0	1.0	1.0	0.5	0.585786437626905	1.0	1.0	1.0	1.0	1.0	1.0	1.0	1.0	1.0	1.0	1.0	1.0	1.0	1.0	1.0	0.585786437626905	1.0	0.3797958971132712	1.0	1.0
mr	0.0	1.0	0.585786437626905	1.0	1.0	1.0	1.0	1.0	1.0	1.0	1.0	1.0	1.0	1.0	1.0	1.0	1.0	1.0	1.0	1.0	1.0	1.0	1.0	1.0	1.0	1.0	1.0	0.0	1.0	1.0	1.0	1.0	0.585786437626905	1.0	1.0
nl	0.585786437626905	0.3333333333333333	0.44948974278317805	1.0	0.3660254037844386	0.25728427444747215	1.0	0.13633102580176626	0.4142135623730951	0.27429188517743175	1.0	1.0	0.5	0.28436465220442186	0.30216947925196225	1.0	1.0	1.0	1.0	1.0	1.0	1.0	0.38742588672279304	0.36602540378443865	0.585786437626905	1.0	0.3126480851423008	1.0	0.5	0.3483314773547883	0.3660254037844386	1.0	0.3090169943749474	1.0	1.0
pl	1.0	0.3333333333333333	0.44948974278317805	1.0	0.34833147735478825	0.2216368750839041	1.0	0.13303568720198622	0.2372732414640341	0.21712927295533244	0.44948974278317805	1.0	0.3660254037844386	0.28172904669025317	0.2193450929151803	0.4142135623730951	0.5	1.0	1.0	1.0	1.0	0.38742588672279304	1.0	0.25921926045307553	0.4142135623730951	0.3660254037844386	0.353889367864523	1.0	0.5	0.28436465220442186	0.21498516621900873	1.0	0.30216947925196225	1.0	0.34833147735478825
pt	1.0	0.3333333333333333	0.44948974278317805	1.0	0.34833147735478825	0.2766967754673749	1.0	0.129627501538629	0.24179033438163733	0.21712927295533244	0.585786437626905	1.0	0.5	0.2632403810669918	0.2402530733520421	0.4142135623730951	0.585786437626905	1.0	1.0	1.0	1.0	0.36602540378443865	0.25921926045307553	1.0	0.5	0.4142135623730951	0.4142135623730951	1.0	0.5	0.2928060946961875	0.2674788903885893	1.0	0.2958163163244893	1.0	0.4142135623730951
ro	1.0	0.3333333333333333	0.44948974278317805	1.0	0.4142135623730951	0.5	1.0	0.3660254037844386	0.44948974278317805	0.35388936786452296	1.0	1.0	1.0	0.4142135623730951	0.44948974278317805	0.585786437626905	0.5	0.585786437626905	1.0	1.0	1.0	0.585786437626905	0.4142135623730951	0.5	1.0	0.5	0.585786437626905	1.0	0.585786437626905	0.585786437626905	0.3021694792519622	1.0	0.3126480851423008	1.0	0.585786437626905
ru	1.0	0.3333333333333333	0.44948974278317805	1.0	0.34833147735478825	0.39564392373896007	1.0	0.12973190755680383	0.38742588672279304	0.2612038749637414	1.0	1.0	0.5	0.3203772410170407	0.26533119314590375	1.0	1.0	1.0	1.0	1.0	1.0	1.0	0.3660254037844386	0.4142135623730951	0.5	1.0	0.44948974278317805	1.0	0.585786437626905	0.3164309725825328	0.2572842744474721	1.0	0.353889367864523	1.0	1.0
sh	1.0	0.39564392373896007	0.44948974278317805	1.0	0.38742588672279304	0.3164309725825328	1.0	0.13413866172981218	0.4142135623730951	0.2402530733520421	1.0	1.0	0.585786437626905	0.34833147735478825	0.2612038749637414	0.44948974278317805	0.5	1.0	1.0	1.0	1.0	0.3126480851423008	0.353889367864523	0.4142135623730951	0.585786437626905	0.44948974278317805	1.0	1.0	0.5	0.1886378647726465	0.4142135623730951	1.0	0.28708594921778513	1.0	0.44948974278317805
si	0.0	1.0	0.0	0.0	1.0	1.0	0.0	1.0	1.0	1.0	1.0	1.0	1.0	1.0	1.0	1.0	1.0	1.0	0.0	1.0	0.0	1.0	1.0	1.0	1.0	1.0	1.0	1.0	0.0	1.0	1.0	0.0	1.0	1.0	1.0
simple	1.0	0.44948974278317805	0.44948974278317805	0.585786437626905	0.585786437626905	0.5	1.0	0.32037724101704074	0.5	0.35388936786452296	1.0	1.0	0.5	0.4142135623730951	0.5	0.585786437626905	0.585786437626905	0.585786437626905	1.0	1.0	1.0	0.5	0.5	0.5	0.585786437626905	0.585786437626905	0.5	0.0	1.0	0.44948974278317805	0.4142135623730951	1.0	0.40453726661826384	1.0	0.5
sr	1.0	0.3333333333333333	0.44948974278317805	1.0	0.44948974278317805	0.3164309725825328	1.0	0.13479409488439018	0.2958163163244893	0.2372732414640341	0.585786437626905	1.0	0.585786437626905	0.3288130902060995	0.2766967754673749	0.3333333333333333	0.4364916731037085	1.0	1.0	1.0	1.0	0.3483314773547883	0.28436465220442186	0.2928060946961875	0.585786437626905	0.3164309725825328	0.1886378647726465	1.0	0.44948974278317805	1.0	0.3090169943749474	1.0	0.21239994067041815	1.0	0.3333333333333333
sv	1.0	0.3090169943749474	0.44948974278317805	1.0	0.3203772410170407	0.22901628833426058	1.0	0.13432490162364444	0.26968623182294527	0.24828371682826425	0.4142135623730951	0.5	0.31264808514230086	0.2674788903885893	0.20521309615767264	0.3090169943749474	0.32449979983983984	0.44948974278317805	0.585786437626905	0.585786437626905	1.0	0.3660254037844386	0.21498516621900873	0.2674788903885893	0.3021694792519622	0.2572842744474721	0.4142135623730951	1.0	0.4142135623730951	0.3090169943749474	1.0	1.0	0.23441237831492112	0.585786437626905	0.2958163163244893
te	0.0	1.0	1.0	1.0	1.0	1.0	1.0	1.0	1.0	1.0	1.0	1.0	1.0	0.585786437626905	1.0	1.0	1.0	1.0	1.0	1.0	1.0	1.0	1.0	1.0	1.0	1.0	1.0	0.0	1.0	1.0	1.0	1.0	1.0	1.0	1.0
vi	1.0	0.3090169943749474	0.44948974278317805	1.0	0.353889367864523	0.3021694792519622	0.4364916731037085	0.06875929152955647	0.2791745113185196	0.2553967929896867	0.353889367864523	0.4364916731037085	0.30216947925196225	0.3380788308512194	0.25	0.3090169943749474	0.3090169943749474	1.0	0.4364916731037085	0.3797958971132712	0.585786437626905	0.3090169943749474	0.30216947925196225	0.2958163163244893	0.3126480851423008	0.353889367864523	0.28708594921778513	1.0	0.40453726661826384	0.21239994067041815	0.23441237831492112	1.0	1.0	1.0	0.32449979983983984
war	0.0	0.585786437626905	0.585786437626905	1.0	1.0	1.0	1.0	1.0	1.0	1.0	1.0	1.0	1.0	1.0	1.0	1.0	1.0	1.0	1.0	1.0	1.0	1.0	1.0	1.0	1.0	1.0	1.0	1.0	1.0	1.0	0.585786437626905	1.0	1.0	1.0	1.0
zh	0.585786437626905	0.3333333333333333	0.44948974278317805	1.0	0.34833147735478825	0.3333333333333333	1.0	0.18400240527946554	0.36602540378443865	0.30216947925196225	1.0	1.0	0.5	0.2612038749637415	0.28436465220442186	1.0	1.0	1.0	1.0	1.0	1.0	1.0	0.34833147735478825	0.4142135623730951	0.585786437626905	1.0	0.44948974278317805	1.0	0.5	0.3333333333333333	0.2958163163244893	1.0	0.32449979983983984	1.0	1.0
