arz	bs	ceb	ckb	da	de	el	en	es	fr	he	hi	hu	id	it	ja	ko	lv	mk	ml	mr	nl	pl	pt	ro	ru	sh	si	simple	sr	sv	te	vi	war	zh
arz	1.0	0.15384615384615385	0.05555555555555555	0.13636363636363635	0.07692307692307693	0.05172413793103448	0.125	0.022435897435897436	0.045454545454545456	0.03977272727272727	0.06521739130434782	0.05405405405405406	0.10606060606060606	0.058333333333333334	0.03614457831325301	0.046153846153846156	0.06140350877192982	0.13157894736842105	0.15789473684210525	0.12813852813852813	0.0888495575221239	0.0660377358490566	0.0673076923076923	0.06692377495462795	0.09210526315789473	0.04216867469879518	0.13043478260869565	0.027777777777777776	0.07142857142857142	0.11666666666666667	0.037037037037037035	0.075	0.09722222222222222	0.3333333333333333	0.05397192261599042
bs	0.15384615384615385	1.0	0.10526315789473684	0.15384615384615385	0.11538461538461539	0.06779661016949153	0.15517241379310345	0.03205128205128205	0.057692307692307696	0.05056179775280899	0.1111111111111111	0.1111111111111111	0.11428571428571428	0.07377049180327869	0.050974752317034196	0.06060606060606061	0.08123584193304807	0.21052631578947367	0.13636363636363635	0.13043478260869565	0.11538461538461539	0.07272727272727272	0.08884266825137424	0.07967254698489566	0.1	0.05357142857142857	0.16666666666666666	0.1111111111111111	0.09481537050929399	0.125	0.0625	0.09090909090909091	0.12162162162162163	0.14285714285714285	0.06716417910447761
ceb	0.05555555555555555	0.10526315789473684	1.0	0.08823529411764706	0.15384615384615385	0.12407524836186852	0.08571428571428572	0.04257465698143664	0.0882323783087142	0.07664141414141415	0.14162881245944192	0.12327542156361777	0.18710888610763454	0.09628543499511241	0.07920159902281938	0.08333333333333333	0.08333333333333333	0.21428571428571427	0.15682234432234432	0.10106716886377903	0.08898305084745763	0.11868686868686867	0.1326923076923077	0.11104070964676066	0.1450187969924812	0.08107568395127471	0.14814814814814814	0.043478260869565216	0.13292419746425682	0.12034632034632034	0.08512596899224806	0.037037037037037035	0.1325910931174089	0.08333333333333333	0.08768507402961184
ckb	0.13636363636363635	0.15384615384615385	0.08823529411764706	1.0	0.07692307692307693	0.06140350877192982	0.08333333333333333	0.022435897435897436	0.038461538461538464	0.03977272727272727	0.06768044549153994	0.08571428571428572	0.08823529411764706	0.04918032786885246	0.03614457831325301	0.046153846153846156	0.05172413793103448	0.16666666666666666	0.14772727272727273	0.1292517006802721	0.10879629629629631	0.05555555555555555	0.05660377358490566	0.05084745762711865	0.07692307692307693	0.03571428571428571	0.10416666666666667	0.058823529411764705	0.05813953488372093	0.0967741935483871	0.037037037037037035	0.10526315789473684	0.08108108108108109	0.125	0.04477611940298507
da	0.07692307692307693	0.11538461538461539	0.15384615384615385	0.07692307692307693	1.0	0.23976203652462647	0.211561621838619	0.12358271446471684	0.20987654320987653	0.19487838639509591	0.276907780263485	0.18687887080512747	0.3305148642826368	0.22227742448330684	0.18383431085043989	0.19863013698630136	0.22395228884590587	0.23311817279046673	0.16666666666666666	0.1367117117117117	0.11466035689638174	0.2459016393442623	0.3030483448440105	0.2540816326530612	0.28482697426796805	0.20054368702538192	0.20187609927692007	0.08139534883720931	0.27316552011673967	0.21610535405872194	0.19936240230357877	0.0625	0.25510204081632654	0.08974358974358974	0.2421822944190428
de	0.05172413793103448	0.06779661016949153	0.12407524836186852	0.06140350877192982	0.23976203652462647	1.0	0.18548387096774194	0.18119295189358883	0.2976190476190476	0.31308243727598567	0.26063829787234044	0.17146506489919913	0.2410382513661202	0.24450632911392406	0.251898983920292	0.287593984962406	0.23713865752082314	0.1297782185358817	0.13559322033898305	0.13551673944687045	0.12067182055749129	0.2991590624440866	0.29810589754627637	0.30635104919160644	0.26016660107569195	0.2672798216276477	0.14754098360655737	0.06557377049180328	0.267239010989011	0.19228778467908902	0.23281059771580961	0.07936507936507936	0.2153846153846154	0.07017543859649122	0.28566492070420485
el	0.125	0.15517241379310345	0.08571428571428572	0.08333333333333333	0.211561621838619	0.18548387096774194	1.0	0.09005825305384776	0.14814814814814814	0.13043478260869565	0.19108309143686503	0.21770334928229668	0.19318181818181818	0.15671641791044777	0.14278163696768348	0.17647058823529413	0.15384615384615385	0.18181818181818182	0.15714285714285714	0.2213804713804714	0.17567567567567569	0.16393442622950818	0.17045454545454544	0.19683786078098472	0.1875	0.14702668955829562	0.17567567567567569	0.07142857142857142	0.1917605633802817	0.225	0.14285714285714285	0.14705882352941177	0.2111111111111111	0.14285714285714285	0.1629152272123306
en	0.022435897435897436	0.03205128205128205	0.04257465698143664	0.022435897435897436	0.12358271446471684	0.18119295189358883	0.09005825305384776	1.0	0.23392465876953658	0.2729651439205618	0.14665406276885704	0.10897435897435898	0.10901982178577924	0.19485006518904824	0.2238253616302397	0.2030465812293761	0.1632419967149275	0.05448717948717949	0.054764347113878356	0.06151130943948623	0.072890941797006	0.1674354799221212	0.1611707556939674	0.17983146894318516	0.12240314430095452	0.24817234432664173	0.07051282051282051	0.038461538461538464	0.1382185352773588	0.0979481045270519	0.21425440248772237	0.051595727568124056	0.1156923076923077	0.02564102564102564	0.20293318028032867
es	0.045454545454545456	0.057692307692307696	0.0882323783087142	0.038461538461538464	0.20987654320987653	0.2976190476190476	0.14814814814814814	0.23392465876953658	1.0	0.3347659980897803	0.22810618500273672	0.14534883720930233	0.21990369181380415	0.23665991219182708	0.25	0.26153673835125446	0.23626373626373626	0.10256410256410256	0.09375	0.1	0.0963855421686747	0.30101626016260163	0.2554347826086957	0.29901960784313725	0.19686944499308712	0.30429799426934095	0.11875	0.05625	0.22248838559814169	0.16049382716049382	0.2072072072072072	0.060240963855421686	0.2024328249818446	0.05194805194805195	0.28916256157635467
fr	0.03977272727272727	0.05056179775280899	0.07664141414141415	0.03977272727272727	0.19487838639509591	0.31308243727598567	0.13043478260869565	0.2729651439205618	0.3347659980897803	1.0	0.22899892646269457	0.14523026315789472	0.19492574257425743	0.25157894736842107	0.23390278544938056	0.25515621267220556	0.26477771132376393	0.0898876404494382	0.09711852120333454	0.10260727503084052	0.11364275668073136	0.26381164256581385	0.24292483032398512	0.2560415228208852	0.18620306324110672	0.28424136838770986	0.1111111111111111	0.05555555555555555	0.20342271384722302	0.14655369165810794	0.19168248490077652	0.06521739130434782	0.1784584980237154	0.045454545454545456	0.30835299177603714
he	0.06521739130434782	0.1111111111111111	0.14162881245944192	0.06768044549153994	0.276907780263485	0.26063829787234044	0.19108309143686503	0.14665406276885704	0.22810618500273672	0.22899892646269457	1.0	0.16482683982683982	0.2578864353312303	0.2537974683544304	0.19299978055738426	0.21665745601915817	0.2113095238095238	0.17391304347826086	0.14738202973497092	0.12145748987854252	0.10311624649859943	0.2557472945305645	0.22694808167750208	0.3292250233426704	0.24296536796536797	0.23238520171035507	0.1836734693877551	0.07	0.25862068965517243	0.19783427495291903	0.15918008388580707	0.05454545454545454	0.2703492905036644	0.07608695652173914	0.2484033613445378
hi	0.05405405405405406	0.1111111111111111	0.12327542156361777	0.08571428571428572	0.18687887080512747	0.17146506489919913	0.21770334928229668	0.10897435897435898	0.14534883720930233	0.14523026315789472	0.16482683982683982	1.0	0.1836734693877551	0.19560124934929723	0.12365591397849462	0.17123287671232876	0.15	0.1891891891891892	0.15	0.21621621621621623	0.31865671641791044	0.13970588235294118	0.16472317491425773	0.15071218270072412	0.16666666666666666	0.14285714285714285	0.1511627906976744	0.08974358974358974	0.18835412953060013	0.17466666666666666	0.1404494382022472	0.23529411764705882	0.17307692307692307	0.08333333333333333	0.14373811842166273
hu	0.10606060606060606	0.11428571428571428	0.18710888610763454	0.08823529411764706	0.3305148642826368	0.2410382513661202	0.19318181818181818	0.10901982178577924	0.21990369181380415	0.19492574257425743	0.2578864353312303	0.1836734693877551	1.0	0.19721456412206484	0.16657991758837562	0.20534953111679455	0.22628571428571428	0.21428571428571427	0.19276061776061776	0.1590909090909091	0.14850349358640108	0.26276585318043716	0.26510141093474426	0.2395743897951674	0.2944137507673419	0.20246266238548324	0.25054251331623595	0.09210526315789473	0.2904155787641427	0.23489458813301456	0.17588702147525676	0.056818181818181816	0.23404255319148937	0.12121212121212122	0.23824228582082596
id	0.058333333333333334	0.07377049180327869	0.09628543499511241	0.04918032786885246	0.22227742448330684	0.24450632911392406	0.15671641791044777	0.19485006518904824	0.23665991219182708	0.25157894736842107	0.2537974683544304	0.19560124934929723	0.19721456412206484	1.0	0.19077811429703642	0.23988095238095236	0.23580927051671732	0.13114754098360656	0.11904761904761904	0.1171875	0.12453438034833383	0.221072226358898	0.22107371794871794	0.24794776119402984	0.22058823529411764	0.25101573305670816	0.13310567936736162	0.05384615384615385	0.20457360226468507	0.17229102167182664	0.1679721496953873	0.08461538461538462	0.2542194092827004	0.06666666666666667	0.27533493644795604
it	0.03614457831325301	0.050974752317034196	0.07920159902281938	0.03614457831325301	0.18383431085043989	0.251898983920292	0.14278163696768348	0.2238253616302397	0.25	0.23390278544938056	0.19299978055738426	0.12365591397849462	0.16657991758837562	0.19077811429703642	1.0	0.27875091709464417	0.20033807829181496	0.0963855421686747	0.09523809523809523	0.09411764705882353	0.08623816685835618	0.23551518947698089	0.2300923713967192	0.23606321839080457	0.21066704193639177	0.252283105022831	0.11176470588235295	0.05952380952380952	0.18176241810446087	0.1595309915344945	0.29091227149479576	0.056818181818181816	0.20481283422459892	0.04878048780487805	0.2237097598364844
ja	0.046153846153846156	0.06060606060606061	0.08333333333333333	0.046153846153846156	0.19863013698630136	0.287593984962406	0.17647058823529413	0.2030465812293761	0.26153673835125446	0.25515621267220556	0.21665745601915817	0.17123287671232876	0.20534953111679455	0.23988095238095236	0.27875091709464417	1.0	0.2680955120828538	0.11363636363636363	0.12121212121212122	0.11940298507462686	0.1169035153328347	0.24050632911392406	0.23417721518987342	0.21982097186700766	0.21830985915492956	0.2344432023847546	0.13720731010850942	0.06716417910447761	0.24220670282080292	0.17704654895666133	0.2459580781374824	0.07971014492753623	0.2615127654497733	0.0625	0.2696810067310506
ko	0.06140350877192982	0.08123584193304807	0.08333333333333333	0.05172413793103448	0.22395228884590587	0.23713865752082314	0.15384615384615385	0.1632419967149275	0.23626373626373626	0.26477771132376393	0.2113095238095238	0.15	0.22628571428571428	0.23580927051671732	0.20033807829181496	0.2680955120828538	1.0	0.13793103448275862	0.13559322033898305	0.09648224043715847	0.10473484848484849	0.20512820512820512	0.21358371358371359	0.2116559026404815	0.18840579710144928	0.21060011883541296	0.14754098360655737	0.075	0.23869622475856014	0.15142764438676182	0.17976580939827727	0.05303030303030303	0.24661796536796535	0.07017543859649122	0.3192568941674124
lv	0.13157894736842105	0.21052631578947367	0.21428571428571427	0.16666666666666666	0.23311817279046673	0.1297782185358817	0.18181818181818182	0.05448717948717949	0.10256410256410256	0.0898876404494382	0.17391304347826086	0.1891891891891892	0.21428571428571427	0.13114754098360656	0.0963855421686747	0.11363636363636363	0.13793103448275862	1.0	0.2608695652173913	0.16666666666666666	0.15442477876106195	0.14814814814814814	0.16724941724941725	0.14984119782214156	0.2236842105263158	0.10240963855421686	0.28	0.10416666666666667	0.1744186046511628	0.2630150111785372	0.10625	0.08928571428571429	0.21621621621621623	0.15789473684210525	0.12129334424286883
mk	0.15789473684210525	0.13636363636363635	0.15682234432234432	0.14772727272727273	0.16666666666666666	0.13559322033898305	0.15714285714285714	0.054764347113878356	0.09375	0.09711852120333454	0.14738202973497092	0.15	0.19276061776061776	0.11904761904761904	0.09523809523809523	0.12121212121212122	0.13559322033898305	0.2608695652173913	1.0	0.1452839756592292	0.113997113997114	0.1574074074074074	0.15157280568239473	0.12596286786490224	0.20602409638554217	0.09572021116138762	0.24074074074074073	0.1	0.15723340790454884	0.22727272727272727	0.09276529193697869	0.06666666666666667	0.19230769230769232	0.2222222222222222	0.12041458649880617
ml	0.12813852813852813	0.13043478260869565	0.10106716886377903	0.1292517006802721	0.1367117117117117	0.13551673944687045	0.2213804713804714	0.06151130943948623	0.1	0.10260727503084052	0.12145748987854252	0.21621621621621623	0.1590909090909091	0.1171875	0.09411764705882353	0.11940298507462686	0.09648224043715847	0.16666666666666666	0.1452839756592292	1.0	0.2829079079079079	0.1206896551724138	0.13974252491694353	0.11631944444444443	0.16161616161616163	0.10861778339654446	0.12121212121212122	0.09615384615384616	0.14767287234042553	0.15182904068682346	0.09572348252605764	0.2608695652173913	0.125	0.14285714285714285	0.09291398164421011
mr	0.0888495575221239	0.11538461538461539	0.08898305084745763	0.10879629629629631	0.11466035689638174	0.12067182055749129	0.17567567567567569	0.072890941797006	0.0963855421686747	0.11364275668073136	0.10311624649859943	0.31865671641791044	0.14850349358640108	0.12453438034833383	0.08623816685835618	0.1169035153328347	0.10473484848484849	0.15442477876106195	0.113997113997114	0.2829079079079079	1.0	0.10483870967741936	0.11666666666666667	0.09701492537313433	0.1279585798816568	0.12657563025210083	0.12857142857142856	0.10714285714285714	0.12422600619195046	0.12404761904761905	0.09302325581395349	0.2642372881355932	0.10752237136465324	0.1	0.08825649178590356
nl	0.0660377358490566	0.07272727272727272	0.11868686868686867	0.05555555555555555	0.2459016393442623	0.2991590624440866	0.16393442622950818	0.1674354799221212	0.30101626016260163	0.26381164256581385	0.2557472945305645	0.13970588235294118	0.26276585318043716	0.221072226358898	0.23551518947698089	0.24050632911392406	0.20512820512820512	0.14814814814814814	0.1574074074074074	0.1206896551724138	0.10483870967741936	1.0	0.2608695652173913	0.2602739726027397	0.25833333333333336	0.2486691778476481	0.19444444444444445	0.07017543859649122	0.24032738095238096	0.21313009024873433	0.21351968300456542	0.056451612903225805	0.22950819672131148	0.07547169811320754	0.23887082722424086
pl	0.0673076923076923	0.08884266825137424	0.1326923076923077	0.05660377358490566	0.3030483448440105	0.29810589754627637	0.17045454545454544	0.1611707556939674	0.2554347826086957	0.24292483032398512	0.22694808167750208	0.16472317491425773	0.26510141093474426	0.22107371794871794	0.2300923713967192	0.23417721518987342	0.21358371358371359	0.16724941724941725	0.15157280568239473	0.13974252491694353	0.11666666666666667	0.2608695652173913	1.0	0.25070592981040746	0.28120966254840496	0.2536144578313253	0.17619949494949494	0.07142857142857142	0.2601010101010101	0.21377728566909204	0.21450057048024065	0.06666666666666667	0.22428766588602653	0.07692307692307693	0.2257427247169668
pt	0.06692377495462795	0.07967254698489566	0.11104070964676066	0.05084745762711865	0.2540816326530612	0.30635104919160644	0.19683786078098472	0.17983146894318516	0.29901960784313725	0.2560415228208852	0.3292250233426704	0.15071218270072412	0.2395743897951674	0.24794776119402984	0.23606321839080457	0.21982097186700766	0.2116559026404815	0.14984119782214156	0.12596286786490224	0.11631944444444443	0.09701492537313433	0.2602739726027397	0.25070592981040746	1.0	0.27166085946573754	0.2967431263915497	0.16666666666666666	0.06451612903225806	0.27238183503243746	0.21597994036324208	0.19998174516246806	0.06060606060606061	0.21212121212121213	0.06896551724137931	0.27377807752112254
ro	0.09210526315789473	0.1	0.1450187969924812	0.07692307692307693	0.28482697426796805	0.26016660107569195	0.1875	0.12240314430095452	0.19686944499308712	0.18620306324110672	0.24296536796536797	0.16666666666666666	0.2944137507673419	0.22058823529411764	0.21066704193639177	0.21830985915492956	0.18840579710144928	0.2236842105263158	0.20602409638554217	0.16161616161616163	0.1279585798816568	0.25833333333333336	0.28120966254840496	0.27166085946573754	1.0	0.21459756707215463	0.2204585537918871	0.06818181818181818	0.2241165362827084	0.28240469208211144	0.19411764705882353	0.0625	0.25510204081632654	0.10526315789473684	0.1984968445209409
ru	0.04216867469879518	0.05357142857142857	0.08107568395127471	0.03571428571428571	0.20054368702538192	0.2672798216276477	0.14702668955829562	0.24817234432664173	0.30429799426934095	0.28424136838770986	0.23238520171035507	0.14285714285714285	0.20246266238548324	0.25101573305670816	0.252283105022831	0.2344432023847546	0.21060011883541296	0.10240963855421686	0.09572021116138762	0.10861778339654446	0.12657563025210083	0.2486691778476481	0.2536144578313253	0.2967431263915497	0.21459756707215463	1.0	0.11764705882352941	0.058823529411764705	0.23817161186848437	0.1595741467834491	0.23737888832228454	0.06896551724137931	0.1963785374054357	0.04819277108433735	0.25998793909241674
sh	0.13043478260869565	0.16666666666666666	0.14814814814814814	0.10416666666666667	0.20187609927692007	0.14754098360655737	0.17567567567567569	0.07051282051282051	0.11875	0.1111111111111111	0.1836734693877551	0.1511627906976744	0.25054251331623595	0.13310567936736162	0.11176470588235295	0.13720731010850942	0.14754098360655737	0.28	0.24074074074074073	0.12121212121212122	0.12857142857142856	0.19444444444444445	0.17619949494949494	0.16666666666666666	0.2204585537918871	0.11764705882352941	1.0	0.12962962962962962	0.1898846495119787	0.32142857142857145	0.10957004160887655	0.058823529411764705	0.2073170731707317	0.15217391304347827	0.147981332754504
si	0.027777777777777776	0.1111111111111111	0.043478260869565216	0.058823529411764705	0.08139534883720931	0.06557377049180328	0.07142857142857142	0.038461538461538464	0.05625	0.05555555555555555	0.07	0.08974358974358974	0.09210526315789473	0.05384615384615385	0.05952380952380952	0.06716417910447761	0.075	0.10416666666666667	0.1	0.09615384615384616	0.10714285714285714	0.07017543859649122	0.07142857142857142	0.06451612903225806	0.06818181818181818	0.058823529411764705	0.12962962962962962	1.0	0.07608695652173914	0.08333333333333333	0.05421686746987952	0.08333333333333333	0.07142857142857142	0.05555555555555555	0.07352941176470588
simple	0.07142857142857142	0.09481537050929399	0.13292419746425682	0.05813953488372093	0.27316552011673967	0.267239010989011	0.1917605633802817	0.1382185352773588	0.22248838559814169	0.20342271384722302	0.25862068965517243	0.18835412953060013	0.2904155787641427	0.20457360226468507	0.18176241810446087	0.24220670282080292	0.23869622475856014	0.1744186046511628	0.15723340790454884	0.14767287234042553	0.12422600619195046	0.24032738095238096	0.2601010101010101	0.27238183503243746	0.2241165362827084	0.23817161186848437	0.1898846495119787	0.07608695652173914	1.0	0.23685243328100472	0.17437739463601531	0.08685913389746142	0.24510159651669086	0.08333333333333333	0.2729511785740349
sr	0.11666666666666667	0.125	0.12034632034632034	0.0967741935483871	0.21610535405872194	0.19228778467908902	0.225	0.0979481045270519	0.16049382716049382	0.14655369165810794	0.19783427495291903	0.17466666666666666	0.23489458813301456	0.17229102167182664	0.1595309915344945	0.17704654895666133	0.15142764438676182	0.2630150111785372	0.22727272727272727	0.15182904068682346	0.12404761904761905	0.21313009024873433	0.21377728566909204	0.21597994036324208	0.28240469208211144	0.1595741467834491	0.32142857142857145	0.08333333333333333	0.23685243328100472	1.0	0.12855871886120995	0.08974358974358974	0.22474424552429667	0.13333333333333333	0.18177529227653502
sv	0.037037037037037035	0.0625	0.08512596899224806	0.037037037037037035	0.19936240230357877	0.23281059771580961	0.14285714285714285	0.21425440248772237	0.2072072072072072	0.19168248490077652	0.15918008388580707	0.1404494382022472	0.17588702147525676	0.1679721496953873	0.29091227149479576	0.2459580781374824	0.17976580939827727	0.10625	0.09276529193697869	0.09572348252605764	0.09302325581395349	0.21351968300456542	0.21450057048024065	0.19998174516246806	0.19411764705882353	0.23737888832228454	0.10957004160887655	0.05421686746987952	0.17437739463601531	0.12855871886120995	1.0	0.05813953488372093	0.17659251769464104	0.043209876543209874	0.1936437842901111
te	0.075	0.09090909090909091	0.037037037037037035	0.10526315789473684	0.0625	0.07936507936507936	0.14705882352941177	0.051595727568124056	0.060240963855421686	0.06521739130434782	0.05454545454545454	0.23529411764705882	0.056818181818181816	0.08461538461538462	0.056818181818181816	0.07971014492753623	0.05303030303030303	0.08928571428571429	0.06666666666666667	0.2608695652173913	0.2642372881355932	0.056451612903225805	0.06666666666666667	0.06060606060606061	0.0625	0.06896551724137931	0.058823529411764705	0.08333333333333333	0.08685913389746142	0.08974358974358974	0.05813953488372093	1.0	0.06521739130434782	0.1	0.05405405405405406
vi	0.09722222222222222	0.12162162162162163	0.1325910931174089	0.08108108108108109	0.25510204081632654	0.2153846153846154	0.2111111111111111	0.1156923076923077	0.2024328249818446	0.1784584980237154	0.2703492905036644	0.17307692307692307	0.23404255319148937	0.2542194092827004	0.20481283422459892	0.2615127654497733	0.24661796536796535	0.21621621621621623	0.19230769230769232	0.125	0.10752237136465324	0.22950819672131148	0.22428766588602653	0.21212121212121213	0.25510204081632654	0.1963785374054357	0.2073170731707317	0.07142857142857142	0.24510159651669086	0.22474424552429667	0.17659251769464104	0.06521739130434782	1.0	0.1111111111111111	0.23212382643998986
war	0.3333333333333333	0.14285714285714285	0.08333333333333333	0.125	0.08974358974358974	0.07017543859649122	0.14285714285714285	0.02564102564102564	0.05194805194805195	0.045454545454545456	0.07608695652173914	0.08333333333333333	0.12121212121212122	0.06666666666666667	0.04878048780487805	0.0625	0.07017543859649122	0.15789473684210525	0.2222222222222222	0.14285714285714285	0.1	0.07547169811320754	0.07692307692307693	0.06896551724137931	0.10526315789473684	0.04819277108433735	0.15217391304347827	0.05555555555555555	0.08333333333333333	0.13333333333333333	0.043209876543209874	0.1	0.1111111111111111	1.0	0.06060606060606061
zh	0.05397192261599042	0.06716417910447761	0.08768507402961184	0.04477611940298507	0.2421822944190428	0.28566492070420485	0.1629152272123306	0.20293318028032867	0.28916256157635467	0.30835299177603714	0.2484033613445378	0.14373811842166273	0.23824228582082596	0.27533493644795604	0.2237097598364844	0.2696810067310506	0.3192568941674124	0.12129334424286883	0.12041458649880617	0.09291398164421011	0.08825649178590356	0.23887082722424086	0.2257427247169668	0.27377807752112254	0.1984968445209409	0.25998793909241674	0.147981332754504	0.07352941176470588	0.2729511785740349	0.18177529227653502	0.1936437842901111	0.05405405405405406	0.23212382643998986	0.06060606060606061	1.0
