arz	bs	ceb	ckb	da	de	el	en	es	fr	he	hi	hu	id	it	ja	ko	lv	mk	ml	mr	nl	pl	pt	ro	ru	sh	si	simple	sr	sv	te	vi	war	zh
arz	1.0	0.5666666666666667	0.5263157894736842	0.56	0.5357142857142857	0.5245901639344263	0.5555555555555556	0.5109717868338558	0.5217391304347826	0.5191256830601093	0.5306122448979592	0.5256410256410257	0.547945205479452	0.5275590551181103	0.5174418604651163	0.5220588235294117	0.5289256198347108	0.5581395348837209	0.5681818181818182	0.5587106676899463	0.5421001300390117	0.5309734513274337	0.5315315315315315	0.5321071656389539	0.5421686746987951	0.5202312138728323	0.5576923076923077	0.5135135135135135	0.5333333333333333	0.5522388059701493	0.5178571428571429	0.5348837209302326	0.5443037974683544	0.625	0.525698815566836
bs	0.5666666666666667	1.0	0.5476190476190476	0.5666666666666667	0.5517241379310345	0.5317460317460317	0.5671641791044776	0.515527950310559	0.5272727272727272	0.5240641711229946	0.55	0.55	0.5512820512820512	0.5343511450381679	0.5245552683594344	0.5285714285714286	0.538089972647384	0.5869565217391304	0.56	0.5576923076923077	0.5517241379310345	0.5338983050847458	0.541410833674444	0.5373771892353695	0.5454545454545455	0.5254237288135593	0.5714285714285714	0.55	0.5436065324146332	0.5555555555555556	0.5294117647058824	0.5416666666666666	0.5542168674698795	0.5625	0.5314685314685315
ceb	0.5263157894736842	0.5476190476190476	1.0	0.5405405405405405	0.5666666666666667	0.5572270277046508	0.5394736842105263	0.5204906135088059	0.5411314566821536	0.5359739650521872	0.5645871820378002	0.5558967360400319	0.5819715340010543	0.5451404369148461	0.5376205787781351	0.5384615384615384	0.5384615384615384	0.5882352941176471	0.5705521472392638	0.5473204104903079	0.5417207090358841	0.5545522949586156	0.5602716468590832	0.5516823495865413	0.5651317409505048	0.5378979126901053	0.5645161290322581	0.5208333333333334	0.5625334841359605	0.5549459041731066	0.5398044380943876	0.5178571428571429	0.5595273557740046	0.5384615384615384	0.5413198436422166
ckb	0.56	0.5666666666666667	0.5405405405405405	1.0	0.5357142857142857	0.5289256198347108	0.5384615384615384	0.5109717868338558	0.5185185185185185	0.5191256830601093	0.5319959879638917	0.5394736842105263	0.5405405405405405	0.5234375	0.5174418604651163	0.5220588235294117	0.5245901639344263	0.5714285714285714	0.5693069306930693	0.5593803786574871	0.5499304105775922	0.5263157894736842	0.5267857142857143	0.5241935483870968	0.5357142857142857	0.5172413793103449	0.5471698113207547	0.5277777777777778	0.5274725274725275	0.5441176470588236	0.5178571428571429	0.5476190476190476	0.5375	0.5555555555555556	0.5214285714285714
da	0.5357142857142857	0.5517241379310345	0.5666666666666667	0.5357142857142857	1.0	0.6000446378752371	0.5904572564612326	0.5553825335409598	0.5867346938775511	0.5823748448489864	0.6119573681136851	0.5810327043261938	0.6351345881400526	0.5915372733924071	0.578262888992104	0.5828571428571429	0.5930149866989755	0.5979464465472116	0.5714285714285714	0.5609272835347731	0.5519193348664426	0.5986842105263158	0.6223156355661154	0.6029292107404394	0.6148382004735596	0.5851956682254492	0.5853658536585367	0.5376344086021506	0.6128041916535336	0.591514290786437	0.5848095621902492	0.5294117647058824	0.6016260162601625	0.5411764705882353	0.6011449499200014
de	0.5245901639344263	0.5317460317460317	0.5572270277046508	0.5289256198347108	0.6000446378752371	1.0	0.5782312925170068	0.5775594543108217	0.6146788990825688	0.6227196214912879	0.6075949367088607	0.5738617946073375	0.5983884461274273	0.5997803002563165	0.6024191324218904	0.6125130344108446	0.5982178217821783	0.5580337549375574	0.5597014925373135	0.5601845917190104	0.5545677572931089	0.6160767571041638	0.618508078630778	0.6207929428416253	0.6057254391672088	0.6080932482955795	0.5642857142857143	0.5307692307692308	0.610807002330497	0.5812169886404747	0.5959392891992616	0.5367647058823529	0.5886075949367089	0.5327868852459017	0.6142083150613232
el	0.5555555555555556	0.5671641791044776	0.5394736842105263	0.5384615384615384	0.5904572564612326	0.5782312925170068	1.0	0.5413607295120796	0.5645161290322581	0.5576923076923077	0.5809755911808385	0.593811394891945	0.580952380952381	0.567741935483871	0.5632639577139081	0.5750000000000001	0.5666666666666667	0.5769230769230769	0.5679012345679012	0.5938433264415346	0.5747126436781609	0.5704225352112676	0.5738942826321467	0.5832963915240713	0.5789473684210527	0.5645155803510682	0.5747126436781609	0.5333333333333333	0.5810140046091118	0.5918367346938775	0.5625	0.5641025641025641	0.5871559633027523	0.5625	0.5703088401640749
en	0.5109717868338558	0.515527950310559	0.5204906135088059	0.5109717868338558	0.5553825335409598	0.5775594543108217	0.5413607295120796	1.0	0.5952491276954366	0.6095972362093918	0.5655438858650678	0.5491329479768786	0.54977146019513	0.5823558295597141	0.5923896866925203	0.5851922255037667	0.570653088705605	0.5258358662613982	0.5260245469075118	0.5290438934516627	0.534281999730035	0.5722301003967937	0.5702021449630582	0.5769966098100309	0.5546592740814852	0.6017184474623427	0.5329341317365269	0.5185185185185185	0.5622891130170182	0.5449193379425937	0.5894092594942956	0.5245627050716268	0.5519114090542663	0.5125000000000001	0.5873074865840153
es	0.5217391304347826	0.5272727272727272	0.5411314566821536	0.5185185185185185	0.5867346938775511	0.6146788990825688	0.5645161290322581	0.5952491276954366	1.0	0.6261180679785331	0.5935747446610956	0.5634517766497462	0.5921052631578947	0.5986208779954939	0.6000000000000001	0.605078575867886	0.5955555555555555	0.5465116279069767	0.5428571428571428	0.5454545454545455	0.5439560439560439	0.6194344633650992	0.6038961038961039	0.6173140954495006	0.5835636783695697	0.6186291739894552	0.553072625698324	0.5266272189349113	0.5920669793955228	0.5691489361702128	0.585820895522388	0.5284090909090908	0.5857869042226584	0.5246913580246914	0.6136797860145204
fr	0.5191256830601093	0.5240641711229946	0.5359739650521872	0.5191256830601093	0.5823748448489864	0.6227196214912879	0.5576923076923077	0.6095972362093918	0.6261180679785331	1.0	0.595403177376208	0.5641821054143329	0.5838943552563438	0.6049453322119428	0.5952133527314586	0.6027217646001417	0.6085354560321558	0.5412371134020618	0.5445415352087084	0.546801530064559	0.5515281636776964	0.6067184978729646	0.6000412116216773	0.6033172211164819	0.5789295569323685	0.6136742017832698	0.55	0.5263157894736842	0.5876946028537742	0.5652044091666875	0.5814243100002896	0.5306122448979592	0.5770585275867852	0.5217391304347826	0.6243699320622398
he	0.5306122448979592	0.55	0.5645871820378002	0.5319959879638917	0.6119573681136851	0.6075949367088607	0.5809755911808385	0.5655438858650678	0.5935747446610956	0.595403177376208	1.0	0.5725169562389668	0.60564263322884	0.6027258960121151	0.5840154511174469	0.592066165755058	0.5882473382473383	0.5740740740740741	0.5653521126760563	0.5554012774229381	0.5476114902396445	0.6025993385195881	0.5936042389641405	0.6294605226187131	0.5984708315193731	0.5961683511841906	0.5775862068965517	0.5327102803738317	0.6093528578176665	0.5836805282603569	0.5690107966151152	0.5258620689655172	0.6089851781385215	0.5353535353535354	0.6027194399569198
hi	0.5256410256410257	0.55	0.5558967360400319	0.5394736842105263	0.5810327043261938	0.5738617946073375	0.593811394891945	0.5491329479768786	0.5634517766497462	0.5641821054143329	0.5725169562389668	1.0	0.5775862068965517	0.5832154130837053	0.5550239234449761	0.5730994152046783	0.5652173913043479	0.5795454545454545	0.5652173913043479	0.5888888888888889	0.6293152235427278	0.5612903225806452	0.5715968366145044	0.5662125717446926	0.5714285714285714	0.5625	0.5656565656565656	0.5411764705882353	0.58125	0.5766174801362088	0.5615763546798029	0.5952380952380952	0.5737704918032787	0.5384615384615384	0.5635058985689383
hu	0.547945205479452	0.5512820512820512	0.5819715340010543	0.5405405405405405	0.6351345881400526	0.5983884461274273	0.580952380952381	0.54977146019513	0.5921052631578947	0.5838943552563438	0.60564263322884	0.5775862068965517	1.0	0.5833961964505499	0.5729583015746128	0.5860077210974567	0.5964585274930103	0.5882352941176471	0.5819373634377276	0.5709803921568627	0.5668301098701535	0.6074200558832661	0.6073015596410212	0.5987878787878788	0.6161908375225268	0.5853993140617344	0.6030130935478782	0.5421686746987951	0.6207477974961008	0.5959871518458221	0.575748552522746	0.5268817204301075	0.5948275862068966	0.5540540540540541	0.5999943535257527
id	0.5275590551181103	0.5343511450381679	0.5451404369148461	0.5234375	0.5915372733924071	0.5997803002563165	0.567741935483871	0.5823558295597141	0.5986208779954939	0.6049453322119428	0.6027258960121151	0.5832154130837053	0.5833961964505499	1.0	0.5805700159262165	0.5974213016939853	0.5971131231457426	0.5579710144927537	0.5531914893617021	0.5524475524475525	0.5560877350044763	0.5925971095798525	0.5916398713826367	0.6033188817461504	0.5903614457831325	0.6027605507281427	0.5592741807569077	0.5255474452554745	0.5859802445562369	0.5763898058893437	0.5722801788375559	0.5390070921985816	0.6030277544154752	0.53125	0.610909090909091
it	0.5174418604651163	0.5245552683594344	0.5376205787781351	0.5174418604651163	0.578262888992104	0.6024191324218904	0.5632639577139081	0.5923896866925203	0.6000000000000001	0.5952133527314586	0.5840154511174469	0.5550239234449761	0.5729583015746128	0.5805700159262165	1.0	0.6099257718650267	0.5851850753791191	0.5439560439560439	0.5434782608695652	0.543010752688172	0.5400012217222211	0.5988593155893536	0.5942061822301343	0.5980471928397071	0.5886318726025804	0.601640838650866	0.5502645502645502	0.5280898876404494	0.5786701123148793	0.5709730206016868	0.6146757910427536	0.5268817204301075	0.5884441659486698	0.5232558139534884	0.5932854518122599
ja	0.5220588235294117	0.5285714285714286	0.5384615384615384	0.5220588235294117	0.5828571428571429	0.6125130344108446	0.5750000000000001	0.5851922255037667	0.605078575867886	0.6027217646001417	0.592066165755058	0.5730994152046783	0.5860077210974567	0.5974213016939853	0.6099257718650267	1.0	0.6066607681662469	0.5510204081632653	0.5540540540540541	0.5533333333333333	0.5528694836938325	0.596938775510204	0.5948717948717949	0.5908795471223398	0.5895953757225434	0.5974385787130367	0.5614563716258631	0.5314685314685315	0.5985583718081599	0.5768444020182735	0.600137394092054	0.5369127516778524	0.6052581804425949	0.5294117647058824	0.6082747493373285
ko	0.5289256198347108	0.538089972647384	0.5384615384615384	0.5245901639344263	0.5930149866989755	0.5982178217821783	0.5666666666666667	0.570653088705605	0.5955555555555555	0.6085354560321558	0.5882473382473383	0.5652173913043479	0.5964585274930103	0.5971131231457426	0.5851850753791191	0.6066607681662469	1.0	0.5606060606060607	0.5597014925373135	0.544463479208846	0.5485170581176068	0.5851063829787234	0.5899803739283133	0.5879580107692587	0.5792682926829268	0.588189100047118	0.5642857142857143	0.5348837209302326	0.5990963054841854	0.5663200608673599	0.5766547580383241	0.5251798561151079	0.6021703743895822	0.5327868852459017	0.625708141605198
lv	0.5581395348837209	0.5869565217391304	0.5882352941176471	0.5714285714285714	0.5979464465472116	0.5580337549375574	0.5769230769230769	0.5258358662613982	0.5465116279069767	0.5412371134020618	0.5740740740740741	0.5795454545454545	0.5882352941176471	0.5579710144927537	0.5439560439560439	0.5510204081632653	0.5606060606060607	1.0	0.6034482758620691	0.5714285714285714	0.5680337293982369	0.5645161290322581	0.5727034448327509	0.5659958567623556	0.5913978494623656	0.5464480874316939	0.609375	0.5471698113207547	0.5742574257425742	0.6061448982172208	0.5480225988700566	0.540983606557377	0.5888888888888889	0.5681818181818182	0.5544889537516985
mk	0.5681818181818182	0.56	0.5705521472392638	0.5693069306930693	0.5714285714285714	0.5597014925373135	0.5679012345679012	0.5260245469075118	0.5428571428571428	0.5445415352087084	0.5653521126760563	0.5652173913043479	0.5819373634377276	0.5531914893617021	0.5434782608695652	0.5540540540540541	0.5597014925373135	0.6034482758620691	1.0	0.5651981403586451	0.5526770293609672	0.5680000000000001	0.5666923670007711	0.5565934306889444	0.5874125874125874	0.5439544367396804	0.5970149253731343	0.5454545454545455	0.5683861197925058	0.5925925925925926	0.5428427552940552	0.53125	0.5806451612903225	0.5909090909090909	0.5543178185692836
ml	0.5587106676899463	0.5576923076923077	0.5473204104903079	0.5593803786574871	0.5609272835347731	0.5601845917190104	0.5938433264415346	0.5290438934516627	0.5454545454545455	0.546801530064559	0.5554012774229381	0.5888888888888889	0.5709803921568627	0.5524475524475525	0.543010752688172	0.5533333333333333	0.544463479208846	0.5714285714285714	0.5651981403586451	1.0	0.619818589681069	0.5538461538461539	0.56267079613773	0.5531363400725765	0.5730978260869565	0.5492730210016156	0.5540540540540541	0.543859649122807	0.5665952146457331	0.5676901887709633	0.544729663565783	0.6034482758620691	0.5555555555555556	0.5625	0.5429429697707401
mr	0.5421001300390117	0.5517241379310345	0.5417207090358841	0.5499304105775922	0.5519193348664426	0.5545677572931089	0.5747126436781609	0.534281999730035	0.5439560439560439	0.5515281636776964	0.5476114902396445	0.6293152235427278	0.5668301098701535	0.5560877350044763	0.5400012217222211	0.5528694836938325	0.5485170581176068	0.5680337293982369	0.5526770293609672	0.619818589681069	1.0	0.5474452554744526	0.5522388059701493	0.54421768707483	0.5573770491803278	0.5580419580419581	0.5569620253164557	0.5483870967741935	0.5566265060240964	0.556238085151451	0.5425531914893617	0.6062474862582116	0.5491730842065395	0.5454545454545455	0.5408027114154095
nl	0.5309734513274337	0.5338983050847458	0.5545522949586156	0.5263157894736842	0.5986842105263158	0.6160767571041638	0.5704225352112676	0.5722301003967937	0.6194344633650992	0.6067184978729646	0.6025993385195881	0.5612903225806452	0.6074200558832661	0.5925971095798525	0.5988593155893536	0.596938775510204	0.5851063829787234	0.5645161290322581	0.5680000000000001	0.5538461538461539	0.5474452554744526	1.0	0.6034482758620691	0.6032608695652174	0.6026490066225166	0.6001346264117075	0.5813953488372093	0.5327868852459017	0.599130173965207	0.5911090950328873	0.5900516406097497	0.5267175572519084	0.5933333333333333	0.5350877192982456	0.5980361047982505
pl	0.5315315315315315	0.541410833674444	0.5602716468590832	0.5267857142857143	0.6223156355661154	0.618508078630778	0.5738942826321467	0.5702021449630582	0.6038961038961039	0.6000412116216773	0.5936042389641405	0.5715968366145044	0.6073015596410212	0.5916398713826367	0.5942061822301343	0.5948717948717949	0.5899803739283133	0.5727034448327509	0.5666923670007711	0.56267079613773	0.5522388059701493	0.6034482758620691	1.0	0.6031285276568296	0.6120466321243523	0.6025949062950504	0.5759218506789759	0.5333333333333333	0.6072144288577155	0.5904085489020655	0.5899735246391664	0.53125	0.592675248077153	0.5357142857142857	0.5943156459211506
pt	0.5321071656389539	0.5373771892353695	0.5516823495865413	0.5241935483870968	0.6029292107404394	0.6207929428416253	0.5832963915240713	0.5769966098100309	0.6173140954495006	0.6033172211164819	0.6294605226187131	0.5662125717446926	0.5987878787878788	0.6033188817461504	0.5980471928397071	0.5908795471223398	0.5879580107692587	0.5659958567623556	0.5565934306889444	0.5531363400725765	0.54421768707483	0.6032608695652174	0.6031285276568296	1.0	0.6108320394556581	0.6164949688548155	0.5714285714285714	0.5303030303030303	0.6114939179838299	0.5909825558713704	0.5843158134935726	0.5285714285714286	0.5875	0.532258064516129	0.6109452443633904
ro	0.5421686746987951	0.5454545454545455	0.5651317409505048	0.5357142857142857	0.6148382004735596	0.6057254391672088	0.5789473684210527	0.5546592740814852	0.5835636783695697	0.5789295569323685	0.5984708315193731	0.5714285714285714	0.6161908375225268	0.5903614457831325	0.5886318726025804	0.5895953757225434	0.5792682926829268	0.5913978494623656	0.5874125874125874	0.5730978260869565	0.5573770491803278	0.6026490066225166	0.6120466321243523	0.6108320394556581	1.0	0.5893288332784545	0.592485549132948	0.5319148936170213	0.5936577195998061	0.6142236450949005	0.58128078817734	0.5294117647058824	0.6016260162601625	0.5476190476190476	0.5844766345297705
ru	0.5202312138728323	0.5254237288135593	0.5378979126901053	0.5172413793103449	0.5851956682254492	0.6080932482955795	0.5645155803510682	0.6017184474623427	0.6186291739894552	0.6136742017832698	0.5961683511841906	0.5625	0.5853993140617344	0.6027605507281427	0.601640838650866	0.5974385787130367	0.588189100047118	0.5464480874316939	0.5439544367396804	0.5492730210016156	0.5580419580419581	0.6001346264117075	0.6025949062950504	0.6164949688548155	0.5893288332784545	1.0	0.5526315789473684	0.5277777777777778	0.6023316062176166	0.5695104640108352	0.5971106074135129	0.532258064516129	0.5835211803624227	0.5229885057471265	0.6061621298235118
sh	0.5576923076923077	0.5714285714285714	0.5645161290322581	0.5471698113207547	0.5853658536585367	0.5642857142857143	0.5747126436781609	0.5329341317365269	0.553072625698324	0.55	0.5775862068965517	0.5656565656565656	0.6030130935478782	0.5592741807569077	0.5502645502645502	0.5614563716258631	0.5642857142857143	0.609375	0.5970149253731343	0.5540540540540541	0.5569620253164557	0.5813953488372093	0.5759218506789759	0.5714285714285714	0.592485549132948	0.5526315789473684	1.0	0.5573770491803278	0.5813758389261745	0.6258445945945946	0.54984375	0.5277777777777778	0.5858585858585859	0.5660377358490566	0.5646891987709761
si	0.5135135135135135	0.55	0.5208333333333334	0.5277777777777778	0.5376344086021506	0.5307692307692308	0.5333333333333333	0.5185185185185185	0.5266272189349113	0.5263157894736842	0.5327102803738317	0.5411764705882353	0.5421686746987951	0.5255474452554745	0.5280898876404494	0.5314685314685315	0.5348837209302326	0.5471698113207547	0.5454545454545455	0.543859649122807	0.5483870967741935	0.5327868852459017	0.5333333333333333	0.5303030303030303	0.5319148936170213	0.5277777777777778	0.5573770491803278	1.0	0.5353535353535354	0.5384615384615384	0.5257142857142857	0.5384615384615384	0.5333333333333333	0.5263157894736842	0.5342465753424658
simple	0.5333333333333333	0.5436065324146332	0.5625334841359605	0.5274725274725275	0.6128041916535336	0.610807002330497	0.5810140046091118	0.5622891130170182	0.5920669793955228	0.5876946028537742	0.6093528578176665	0.58125	0.6207477974961008	0.5859802445562369	0.5786701123148793	0.5985583718081599	0.5990963054841854	0.5742574257425742	0.5683861197925058	0.5665952146457331	0.5566265060240964	0.599130173965207	0.6072144288577155	0.6114939179838299	0.5936577195998061	0.6023316062176166	0.5813758389261745	0.5353535353535354	1.0	0.6002357154189615	0.5748745972839607	0.5407438908698355	0.6002477050852396	0.5384615384615384	0.6149513422097374
sr	0.5522388059701493	0.5555555555555556	0.5549459041731066	0.5441176470588236	0.591514290786437	0.5812169886404747	0.5918367346938775	0.5449193379425937	0.5691489361702128	0.5652044091666875	0.5836805282603569	0.5766174801362088	0.5959871518458221	0.5763898058893437	0.5709730206016868	0.5768444020182735	0.5663200608673599	0.6061448982172208	0.5925925925925926	0.5676901887709633	0.556238085151451	0.5911090950328873	0.5904085489020655	0.5909825558713704	0.6142236450949005	0.5695104640108352	0.6258445945945946	0.5384615384615384	0.6002357154189615	1.0	0.5577453685455263	0.5411764705882353	0.5943617854346124	0.5588235294117647	0.5786116980360463
sv	0.5178571428571429	0.5294117647058824	0.5398044380943876	0.5178571428571429	0.5848095621902492	0.5959392891992616	0.5625	0.5894092594942956	0.585820895522388	0.5814243100002896	0.5690107966151152	0.5615763546798029	0.575748552522746	0.5722801788375559	0.6146757910427536	0.600137394092054	0.5766547580383241	0.5480225988700566	0.5428427552940552	0.544729663565783	0.5425531914893617	0.5900516406097497	0.5899735246391664	0.5843158134935726	0.58128078817734	0.5971106074135129	0.54984375	0.5257142857142857	0.5748745972839607	0.5577453685455263	1.0	0.5274725274725275	0.5756885661496154	0.5207100591715976	0.5826840506272352
te	0.5348837209302326	0.5416666666666666	0.5178571428571429	0.5476190476190476	0.5294117647058824	0.5367647058823529	0.5641025641025641	0.5245627050716268	0.5284090909090908	0.5306122448979592	0.5258620689655172	0.5952380952380952	0.5268817204301075	0.5390070921985816	0.5268817204301075	0.5369127516778524	0.5251798561151079	0.540983606557377	0.53125	0.6034482758620691	0.6062474862582116	0.5267175572519084	0.53125	0.5285714285714286	0.5294117647058824	0.532258064516129	0.5277777777777778	0.5384615384615384	0.5407438908698355	0.5411764705882353	0.5274725274725275	1.0	0.5306122448979592	0.5454545454545455	0.5256410256410257
vi	0.5443037974683544	0.5542168674698795	0.5595273557740046	0.5375	0.6016260162601625	0.5886075949367089	0.5871559633027523	0.5519114090542663	0.5857869042226584	0.5770585275867852	0.6089851781385215	0.5737704918032787	0.5948275862068966	0.6030277544154752	0.5884441659486698	0.6052581804425949	0.6021703743895822	0.5888888888888889	0.5806451612903225	0.5555555555555556	0.5491730842065395	0.5933333333333333	0.592675248077153	0.5875	0.6016260162601625	0.5835211803624227	0.5858585858585859	0.5333333333333333	0.6002477050852396	0.5943617854346124	0.5756885661496154	0.5306122448979592	1.0	0.55	0.5955146422834549
war	0.625	0.5625	0.5384615384615384	0.5555555555555556	0.5411764705882353	0.5327868852459017	0.5625	0.5125000000000001	0.5246913580246914	0.5217391304347826	0.5353535353535354	0.5384615384615384	0.5540540540540541	0.53125	0.5232558139534884	0.5294117647058824	0.5327868852459017	0.5681818181818182	0.5909090909090909	0.5625	0.5454545454545455	0.5350877192982456	0.5357142857142857	0.532258064516129	0.5476190476190476	0.5229885057471265	0.5660377358490566	0.5263157894736842	0.5384615384615384	0.5588235294117647	0.5207100591715976	0.5454545454545455	0.55	1.0	0.5285714285714286
zh	0.525698815566836	0.5314685314685315	0.5413198436422166	0.5214285714285714	0.6011449499200014	0.6142083150613232	0.5703088401640749	0.5873074865840153	0.6136797860145204	0.6243699320622398	0.6027194399569198	0.5635058985689383	0.5999943535257527	0.610909090909091	0.5932854518122599	0.6082747493373285	0.625708141605198	0.5544889537516985	0.5543178185692836	0.5429429697707401	0.5408027114154095	0.5980361047982505	0.5943156459211506	0.6109452443633904	0.5844766345297705	0.6061621298235118	0.5646891987709761	0.5342465753424658	0.6149513422097374	0.5786116980360463	0.5826840506272352	0.5256410256410257	0.5955146422834549	0.5285714285714286	1.0
