arz	bs	ceb	ckb	da	de	el	en	es	fr	he	hi	hu	id	it	ja	ko	lv	mk	ml	mr	nl	pl	pt	ro	ru	sh	si	simple	sr	sv	te	vi	war	zh
arz	1.0	0.6332460537063271	1.0	1.0	0.362019538558225	0.35132050107305446	1.0	0.29474527960005564	0.5056449252052889	0.39062715514809987	1.0	1.0	0.4615877674274186	0.4962286509012818	0.2894887046609678	1.0	1.0	0.7248485669756152	1.0	1.0	1.0	0.4827285876198648	0.6290879827974323	0.34873041365652013	0.49039775467532204	1.0	0.5256202996553752	1.0	0.653200231972572	1.0	0.4706672030166342	1.0	0.5218684482625343	1.0	1.0
bs	0.6332460537063271	1.0	0.41467243440272206	0.6248466930879271	0.21771302796498973	0.23956576847266398	0.2774524046248081	0.21713416783433973	0.26009422269259097	0.2691569806488629	0.29278608204082085	0.4085485973399828	0.25204983753461874	0.24043217781858253	0.24945681382759174	0.27198364080370246	0.3059925681995186	0.3251946401209464	0.370999645367375	0.4792247538385117	0.5780965534243105	0.276578037454677	0.2927322190220967	0.25779072976337924	0.2588793350660757	0.26692996604673697	0.2410020821866515	0.7584325078215763	0.31431736133459864	0.2704580974179427	0.25217152037696544	1.0	0.31016079630920973	0.38498890343788256	0.26692996604673697
ceb	1.0	0.41467243440272206	1.0	1.0	0.196146072561501	0.25060795164322824	1.0	0.11301784680588454	0.2525874716733296	0.173825128171804	1.0	1.0	0.18555759677675446	0.29385602814682976	0.1608876115309915	0.6953009332395165	1.0	0.520832600840562	1.0	1.0	1.0	0.2488792792411039	0.2521409809038098	0.20387414519916722	0.22645470452414512	0.6912453074616123	0.21378949603067235	1.0	0.43883705251821015	1.0	0.14841256066480293	1.0	0.28304458334807553	0.7079259635809065	0.6948828394802083
ckb	1.0	0.6248466930879271	1.0	1.0	0.7017182195287068	1.0	1.0	0.6475250169846578	0.7162976956558116	0.6084370696808219	1.0	1.0	0.6143589292419387	0.6822977514629123	1.0	1.0	1.0	0.6638546162332061	1.0	1.0	1.0	0.718925811717485	0.6410679156976071	0.6487871090048527	0.6071771488579947	1.0	0.5119786460022804	1.0	0.6667969795412325	1.0	0.583133552931004	1.0	0.7221793916855703	1.0	1.0
da	0.362019538558225	0.21771302796498973	0.196146072561501	0.7017182195287068	1.0	0.12197960234038596	0.16923253581308464	0.09518423303705038	0.12674757107283924	0.10329774015607074	0.14800437702749944	0.28556613501030725	0.11309095500566553	0.12002270861469208	0.11042031254591382	0.1466041358946609	0.1486991775866299	0.2002835651286758	0.22849369081411516	0.21959407671739833	0.34515833960988107	0.13013871932620094	0.12320752486966459	0.11421117626960729	0.12831439422158805	0.14099589893249045	0.12192421069289348	0.7865377663035592	0.1797733423096074	0.15745577586843884	0.11530223979873722	0.7300208629885034	0.14929042713345356	0.3123273321287631	0.14358251145832898
de	0.35132050107305446	0.23956576847266398	0.25060795164322824	1.0	0.12197960234038596	1.0	0.1978615528291201	0.05587838244337591	0.06914459186209446	0.05209141224704215	0.17912248363215946	0.5138351530701022	0.08664724970815545	0.0934001269396488	0.06018301849526838	0.14428335749561616	0.22248193884274928	0.23810855081227827	0.4482369244008032	0.3366754719784976	0.3677404502496429	0.07350997027059675	0.07670170833193934	0.06658732369657006	0.12073048124721578	0.11139041460866612	0.08990490337954006	1.0	0.21024404607083683	0.2094360129268095	0.07489201556845941	1.0	0.11605638555460299	0.3474626377750486	0.1494248566806262
el	1.0	0.2774524046248081	1.0	1.0	0.16923253581308464	0.1978615528291201	1.0	0.10881246430680472	0.18192259650911724	0.12290041174757377	1.0	1.0	0.14376672009034888	0.14315716153974165	0.11461576410027884	1.0	1.0	0.3716594784627619	1.0	1.0	1.0	0.18294137278295922	0.1677890630039024	0.14164597248034755	0.14713875648899402	1.0	0.16496896307033485	1.0	0.3153993605530085	1.0	0.1476580643331821	1.0	0.1764879470104858	1.0	1.0
en	0.29474527960005564	0.21713416783433973	0.11301784680588454	0.6475250169846578	0.09518423303705038	0.05587838244337591	0.10881246430680472	1.0	0.06266477762545362	0.05164979039009034	0.10081541632299028	0.20078780793856893	0.07354072684401707	0.07705420912862548	0.05777578746545629	0.09720719323159031	0.11189905803435968	0.20485824770596545	0.15361565393754198	0.20004009080790502	0.3797309831024886	0.06441963305570032	0.06535785871288162	0.061334173151692865	0.09447777282070531	0.09080789181789983	0.07119212108721577	0.6897980180502761	0.1269012976882062	0.10122532309202602	0.06551139861416506	0.5663385877798081	0.09206984830018528	0.24428548536388575	0.09294920531948593
es	0.5056449252052889	0.26009422269259097	0.2525874716733296	0.7162976956558116	0.12674757107283924	0.06914459186209446	0.18192259650911724	0.06266477762545362	1.0	0.058280846562379814	0.1669570434586417	0.43311438053390156	0.09174393252405755	0.0930994775129679	0.05986116598090752	0.15880530771394324	0.20747024783803822	0.2734524065152396	0.3142146282612746	0.4534973492535962	0.6075043853227896	0.07906410696101761	0.07555391355735495	0.0655888514447208	0.12174749820496543	0.09542240400001108	0.0852980553976878	1.0	0.22441651297573662	0.2078333730899438	0.07303802020899886	0.7221793916855703	0.12148369171259749	0.3892333196512525	0.15551890265698917
fr	0.39062715514809987	0.2691569806488629	0.173825128171804	0.6084370696808219	0.10329774015607074	0.05209141224704215	0.12290041174757377	0.05164979039009034	0.058280846562379814	1.0	0.11468127850693	0.31961518272535083	0.07685441160595555	0.08554589503344939	0.052229992309284094	0.100536120332831	0.14016719806268044	0.22462807695374856	0.23503363721868875	0.26451505917765267	0.40869394934802555	0.06160355749359998	0.06286458357133226	0.058591743849682	0.11276823531259776	0.06904739357350383	0.07200668473253297	1.0	0.1767331796814342	0.12213012151226504	0.0633645975552367	1.0	0.10029211884749228	0.3400606448178454	0.10333724048651183
he	1.0	0.29278608204082085	1.0	1.0	0.14800437702749944	0.17912248363215946	1.0	0.10081541632299028	0.1669570434586417	0.11468127850693	1.0	1.0	0.11232195422753043	0.1441907288365952	0.11176208200556327	1.0	1.0	0.38815925892429526	1.0	1.0	1.0	0.1596813880204367	0.13043376082337	0.1259770081884907	0.1562895864450542	0.6866280438138885	0.127799417552047	1.0	0.27619376472696927	1.0	0.1223826296993713	1.0	0.1667972568552899	1.0	1.0
hi	1.0	0.4085485973399828	1.0	1.0	0.28556613501030725	0.5138351530701022	1.0	0.20078780793856893	0.43311438053390156	0.31961518272535083	1.0	1.0	0.26659055504861223	0.32775271098494185	0.28022485717982565	1.0	1.0	0.4896110154021776	1.0	1.0	1.0	0.34009633157812985	0.3555697415500336	0.3127751116298049	0.277676172866886	1.0	0.2558968914962795	1.0	0.43613859503657815	1.0	0.30784315712240157	1.0	0.28731042227758713	1.0	1.0
hu	0.4615877674274186	0.25204983753461874	0.18555759677675446	0.6143589292419387	0.11309095500566553	0.08664724970815545	0.14376672009034888	0.07354072684401707	0.09174393252405755	0.07685441160595555	0.11232195422753043	0.26659055504861223	1.0	0.09997112723127662	0.07610173471401521	0.10555483884771481	0.14388083638430998	0.2368419286954972	0.2165914336714643	0.2479498027494737	0.45129848759637375	0.08707727052072621	0.08932394440611947	0.08711285861613485	0.10734036268812229	0.10181174831447938	0.09781728919720761	1.0	0.18379385424184477	0.14317831264429673	0.08450706435325366	0.6701591524560107	0.11757573747984387	0.27123820560231704	0.11468473476897176
id	0.4962286509012818	0.24043217781858253	0.29385602814682976	0.6822977514629123	0.12002270861469208	0.0934001269396488	0.14315716153974165	0.07705420912862548	0.0930994775129679	0.08554589503344939	0.1441907288365952	0.32775271098494185	0.09997112723127662	1.0	0.08099469859410531	0.1312361888346623	0.16323050141284676	0.2796915670200439	0.26369241223001255	0.29612907492320706	0.5151392491826743	0.10134646110407096	0.09974336556654452	0.09114804429325775	0.130361786009141	0.11080785094415224	0.10203231690740448	0.728099120889861	0.23355271841623546	0.1671901085040707	0.09618815218514237	0.7055242774474174	0.12545999368783628	0.3776708598830684	0.12364771147759682
it	0.2894887046609678	0.24945681382759174	0.1608876115309915	1.0	0.11042031254591382	0.06018301849526838	0.11461576410027884	0.05777578746545629	0.05986116598090752	0.052229992309284094	0.11176208200556327	0.28022485717982565	0.07610173471401521	0.08099469859410531	1.0	0.09516808921101376	0.1217834595363112	0.252306798432533	0.23361059059375971	0.24659542587583544	0.4347830143644512	0.06437686403303766	0.0685592513501459	0.06072884105054643	0.10722349764306403	0.07827185390617476	0.07296791028879551	0.7248485669756152	0.17728086051971254	0.12857568271298833	0.06328636557524009	0.7248485669756152	0.10437894850391385	0.3156111411579753	0.09880119560702355
ja	1.0	0.27198364080370246	0.6953009332395165	1.0	0.1466041358946609	0.14428335749561616	1.0	0.09720719323159031	0.15880530771394324	0.100536120332831	1.0	1.0	0.10555483884771481	0.1312361888346623	0.09516808921101376	1.0	1.0	0.40366997981519115	1.0	1.0	1.0	0.1436369240229527	0.12062009736815191	0.11305963577542254	0.1438286890241134	0.558364913690729	0.11665392276418098	1.0	0.2684308374438619	0.6908250136541821	0.10509146022733949	1.0	0.14656077738377596	0.7021690135599069	1.0
ko	1.0	0.3059925681995186	1.0	1.0	0.1486991775866299	0.22248193884274928	1.0	0.11189905803435968	0.20747024783803822	0.14016719806268044	1.0	1.0	0.14388083638430998	0.16323050141284676	0.1217834595363112	1.0	1.0	0.3965665130199347	1.0	1.0	1.0	0.18394075813118116	0.17769492903000908	0.17994185518142244	0.1634514530167588	0.6887099893921133	0.1363137762980194	1.0	0.29736514773545253	0.6929178328399925	0.13234878904055167	1.0	0.17292106244708655	1.0	1.0
lv	0.7248485669756152	0.3251946401209464	0.520832600840562	0.6638546162332061	0.2002835651286758	0.23810855081227827	0.3716594784627619	0.20485824770596545	0.2734524065152396	0.22462807695374856	0.38815925892429526	0.4896110154021776	0.2368419286954972	0.2796915670200439	0.252306798432533	0.40366997981519115	0.3965665130199347	1.0	0.4590073369349692	0.5193153458844219	0.7155258672934656	0.2961154396964397	0.27040955459064564	0.3019608601692123	0.18152166673475087	0.35101682946707385	0.2549415709280958	1.0	0.32326201982947556	0.422755368952825	0.2891947432592659	1.0	0.284773856203102	0.4573913954227869	0.37620759430433187
mk	1.0	0.370999645367375	1.0	1.0	0.22849369081411516	0.4482369244008032	1.0	0.15361565393754198	0.3142146282612746	0.23503363721868875	1.0	1.0	0.2165914336714643	0.26369241223001255	0.23361059059375971	1.0	1.0	0.4590073369349692	1.0	1.0	1.0	0.3892577495142663	0.28430397082520575	0.321965199227757	0.26755991077933533	1.0	0.25239606557167854	1.0	0.4406061380266118	1.0	0.34018513063599687	1.0	0.30213082811114866	1.0	1.0
ml	1.0	0.4792247538385117	1.0	1.0	0.21959407671739833	0.3366754719784976	1.0	0.20004009080790502	0.4534973492535962	0.26451505917765267	1.0	1.0	0.2479498027494737	0.29612907492320706	0.24659542587583544	1.0	1.0	0.5193153458844219	1.0	1.0	1.0	0.28884157004762206	0.3602245600713124	0.3109857802557165	0.21902104459166466	1.0	0.24238848567401944	1.0	0.4496768731457579	1.0	0.23432518842432223	1.0	0.3048347774606161	1.0	1.0
mr	1.0	0.5780965534243105	1.0	1.0	0.34515833960988107	0.3677404502496429	1.0	0.3797309831024886	0.6075043853227896	0.40869394934802555	1.0	1.0	0.45129848759637375	0.5151392491826743	0.4347830143644512	1.0	1.0	0.7155258672934656	1.0	1.0	1.0	0.5618106076643239	0.7087564131141617	0.5006845334685546	0.23567961688989958	1.0	0.4235413520162081	1.0	0.5339136007955032	1.0	0.5106889671595527	1.0	0.5426263583047426	1.0	1.0
nl	0.4827285876198648	0.276578037454677	0.2488792792411039	0.718925811717485	0.13013871932620094	0.07350997027059675	0.18294137278295922	0.06441963305570032	0.07906410696101761	0.06160355749359998	0.1596813880204367	0.34009633157812985	0.08707727052072621	0.10134646110407096	0.06437686403303766	0.1436369240229527	0.18394075813118116	0.2961154396964397	0.3892577495142663	0.28884157004762206	0.5618106076643239	1.0	0.08205797287443911	0.07134802314635903	0.12904610150621482	0.09596555356996458	0.08906905627076629	0.728099120889861	0.2173579493598461	0.18422053048000808	0.07632775825610948	0.7234532828151787	0.12057128202283969	0.44399739258034177	0.14055083132481833
pl	0.6290879827974323	0.2927322190220967	0.2521409809038098	0.6410679156976071	0.12320752486966459	0.07670170833193934	0.1677890630039024	0.06535785871288162	0.07555391355735495	0.06286458357133226	0.13043376082337	0.3555697415500336	0.08932394440611947	0.09974336556654452	0.0685592513501459	0.12062009736815191	0.17769492903000908	0.27040955459064564	0.28430397082520575	0.3602245600713124	0.7087564131141617	0.08205797287443911	1.0	0.07295151592728376	0.12125655424248417	0.09336441126170575	0.08703550695818754	0.7263875964832449	0.20451264139756123	0.17576101106137837	0.07433932658651417	1.0	0.12039462037154283	0.3768289094497726	0.11858192575071377
pt	0.34873041365652013	0.25779072976337924	0.20387414519916722	0.6487871090048527	0.11421117626960729	0.06658732369657006	0.14164597248034755	0.061334173151692865	0.0655888514447208	0.058591743849682	0.1259770081884907	0.3127751116298049	0.08711285861613485	0.09114804429325775	0.06072884105054643	0.11305963577542254	0.17994185518142244	0.3019608601692123	0.321965199227757	0.3109857802557165	0.5006845334685546	0.07134802314635903	0.07295151592728376	1.0	0.12825323488257503	0.08370559433010903	0.08342505391562464	0.7248485669756152	0.22637556567489747	0.17127917988150998	0.06773899814927752	0.7234532828151787	0.1226398378547461	0.4071807319633144	0.13019685338019696
ro	0.49039775467532204	0.2588793350660757	0.22645470452414512	0.6071771488579947	0.12831439422158805	0.12073048124721578	0.14713875648899402	0.09447777282070531	0.12174749820496543	0.11276823531259776	0.1562895864450542	0.277676172866886	0.10734036268812229	0.130361786009141	0.10722349764306403	0.1438286890241134	0.1634514530167588	0.18152166673475087	0.26755991077933533	0.21902104459166466	0.23567961688989958	0.12904610150621482	0.12125655424248417	0.12825323488257503	1.0	0.13192048166296935	0.11549049138307817	0.6067454105236015	0.15027312086553193	0.16397355787664913	0.10980474939409944	0.7376607345031153	0.1408139964813884	0.28160116294941967	0.15043144332852046
ru	1.0	0.26692996604673697	0.6912453074616123	1.0	0.14099589893249045	0.11139041460866612	1.0	0.09080789181789983	0.09542240400001108	0.06904739357350383	0.6866280438138885	1.0	0.10181174831447938	0.11080785094415224	0.07827185390617476	0.558364913690729	0.6887099893921133	0.35101682946707385	1.0	1.0	1.0	0.09596555356996458	0.09336441126170575	0.08370559433010903	0.13192048166296935	1.0	0.09884990560909937	1.0	0.23728184255248552	0.5624272765132182	0.08821157104131838	1.0	0.14235083694466819	0.7014961547481129	0.6863733250853319
sh	0.5256202996553752	0.2410020821866515	0.21378949603067235	0.5119786460022804	0.12192421069289348	0.08990490337954006	0.16496896307033485	0.07119212108721577	0.0852980553976878	0.07200668473253297	0.127799417552047	0.2558968914962795	0.09781728919720761	0.10203231690740448	0.07296791028879551	0.11665392276418098	0.1363137762980194	0.2549415709280958	0.25239606557167854	0.24238848567401944	0.4235413520162081	0.08906905627076629	0.08703550695818754	0.08342505391562464	0.11549049138307817	0.09884990560909937	1.0	0.728099120889861	0.19735406760447646	0.1301440590354365	0.08854020921409878	1.0	0.12435072914163875	0.37141132832518803	0.13149143749035175
si	1.0	0.7584325078215763	1.0	1.0	0.7865377663035592	1.0	1.0	0.6897980180502761	1.0	1.0	1.0	1.0	1.0	0.728099120889861	0.7248485669756152	1.0	1.0	1.0	1.0	1.0	1.0	0.728099120889861	0.7263875964832449	0.7248485669756152	0.6067454105236015	1.0	0.728099120889861	1.0	0.7347168825662656	1.0	1.0	1.0	1.0	1.0	1.0
simple	0.653200231972572	0.31431736133459864	0.43883705251821015	0.6667969795412325	0.1797733423096074	0.21024404607083683	0.3153993605530085	0.1269012976882062	0.22441651297573662	0.1767331796814342	0.27619376472696927	0.43613859503657815	0.18379385424184477	0.23355271841623546	0.17728086051971254	0.2684308374438619	0.29736514773545253	0.32326201982947556	0.4406061380266118	0.4496768731457579	0.5339136007955032	0.2173579493598461	0.20451264139756123	0.22637556567489747	0.15027312086553193	0.23728184255248552	0.19735406760447646	0.7347168825662656	1.0	0.3048127603228752	0.2048131733427821	0.7322034805959263	0.23266261012753517	0.46104514388530643	0.27460587400620645
sr	1.0	0.2704580974179427	1.0	1.0	0.15745577586843884	0.2094360129268095	1.0	0.10122532309202602	0.2078333730899438	0.12213012151226504	1.0	1.0	0.14317831264429673	0.1671901085040707	0.12857568271298833	0.6908250136541821	0.6929178328399925	0.422755368952825	1.0	1.0	1.0	0.18422053048000808	0.17576101106137837	0.17127917988150998	0.16397355787664913	0.5624272765132182	0.1301440590354365	1.0	0.3048127603228752	1.0	0.1531749090299183	1.0	0.1936826093065287	0.7026445955663438	0.690596186277488
sv	0.4706672030166342	0.25217152037696544	0.14841256066480293	0.583133552931004	0.11530223979873722	0.07489201556845941	0.1476580643331821	0.06551139861416506	0.07303802020899886	0.0633645975552367	0.1223826296993713	0.30784315712240157	0.08450706435325366	0.09618815218514237	0.06328636557524009	0.10509146022733949	0.13234878904055167	0.2891947432592659	0.34018513063599687	0.23432518842432223	0.5106889671595527	0.07632775825610948	0.07433932658651417	0.06773899814927752	0.10980474939409944	0.08821157104131838	0.08854020921409878	1.0	0.2048131733427821	0.1531749090299183	1.0	0.6144532717435797	0.11230752285175008	0.44722764060528675	0.11401018165594386
te	1.0	1.0	1.0	1.0	0.7300208629885034	1.0	1.0	0.5663385877798081	0.7221793916855703	1.0	1.0	1.0	0.6701591524560107	0.7055242774474174	0.7248485669756152	1.0	1.0	1.0	1.0	1.0	1.0	0.7234532828151787	1.0	0.7234532828151787	0.7376607345031153	1.0	1.0	1.0	0.7322034805959263	1.0	0.6144532717435797	1.0	1.0	1.0	1.0
vi	0.5218684482625343	0.31016079630920973	0.28304458334807553	0.7221793916855703	0.14929042713345356	0.11605638555460299	0.1764879470104858	0.09206984830018528	0.12148369171259749	0.10029211884749228	0.1667972568552899	0.28731042227758713	0.11757573747984387	0.12545999368783628	0.10437894850391385	0.14656077738377596	0.17292106244708655	0.284773856203102	0.30213082811114866	0.3048347774606161	0.5426263583047426	0.12057128202283969	0.12039462037154283	0.1226398378547461	0.1408139964813884	0.14235083694466819	0.12435072914163875	1.0	0.23266261012753517	0.1936826093065287	0.11230752285175008	1.0	1.0	0.34978942928965495	0.15269546734992348
war	1.0	0.38498890343788256	0.7079259635809065	1.0	0.3123273321287631	0.3474626377750486	1.0	0.24428548536388575	0.3892333196512525	0.3400606448178454	1.0	1.0	0.27123820560231704	0.3776708598830684	0.3156111411579753	0.7021690135599069	1.0	0.4573913954227869	1.0	1.0	1.0	0.44399739258034177	0.3768289094497726	0.4071807319633144	0.28160116294941967	0.7014961547481129	0.37141132832518803	1.0	0.46104514388530643	0.7026445955663438	0.44722764060528675	1.0	0.34978942928965495	1.0	0.7019395434758632
zh	1.0	0.26692996604673697	0.6948828394802083	1.0	0.14358251145832898	0.1494248566806262	1.0	0.09294920531948593	0.15551890265698917	0.10333724048651183	1.0	1.0	0.11468473476897176	0.12364771147759682	0.09880119560702355	1.0	1.0	0.37620759430433187	1.0	1.0	1.0	0.14055083132481833	0.11858192575071377	0.13019685338019696	0.15043144332852046	0.6863733250853319	0.13149143749035175	1.0	0.27460587400620645	0.690596186277488	0.11401018165594386	1.0	0.15269546734992348	0.7019395434758632	1.0
