arz	bs	ceb	ckb	da	de	el	en	es	fr	he	hi	hu	id	it	ja	ko	lv	mk	ml	mr	nl	pl	pt	ro	ru	sh	si	simple	sr	sv	te	vi	war	zh
arz	0.1430205511634083	0.25	0.5	0.3333333333333333	0.16666666666666666	0.16666666666666666	0.14285714285714285	0.14285714285714285	0.14285714285714285	0.14285714285714285	0.16672225	0.25	0.14285714285714285	0.14285714285714285	0.16666666666666666	0.16666666666666666	0.14285714285714285	0.2	0.16669444444444442	0.2	0.25006249999999997	0.14287755102040817	0.14285714285714285	0.14285714285714285	0.14285714285714285	0.14285714285714285	0.16669444444444442	1.0	0.16675002777777778	0.14285714285714285	0.16666666666666666	0.3333333333333333	0.14285714285714285	0.16669444444444442	0.14287755102040817
bs	0.25	0.10001999999999998	0.25	0.25	0.1111111111111111	0.125	0.1111111111111111	0.1	0.1111111111111111	0.1111111111111111	0.10000999999999999	0.125	0.125	0.1111111111111111	0.125	0.125	0.1111111111111111	0.125	0.16666666666666666	0.16666666666666666	0.16669444444444442	0.125	0.1111111111111111	0.1111111111111111	0.125	0.1111111111111111	0.125	0.25	0.125015625	0.125	0.1	0.25	0.1111111111111111	0.25	0.11112345679012345
ceb	0.5	0.25	0.07735148632550135	0.3333333333333333	0.083361125	0.0769645325799172	0.16666666666666666	0.07694675147928993	0.07692307692307693	0.07693491124260354	0.08335417361111112	0.1111111111111111	0.08337500694444444	0.09095868595041322	0.08333333333333333	0.09090909090909091	0.10002000999999999	0.11112345679012345	0.14287755102040817	0.20003999999999997	0.20003999999999997	0.08334027777777778	0.07692899408284024	0.08335416666666667	0.09093388429752067	0.07693491124260354	0.125015625	0.5	0.10008005003001	0.12512509376562497	0.07692899408284024	0.5	0.1	0.3333333333333333	0.09095868595041323
ckb	0.3333333333333333	0.25	0.3333333333333333	0.14289795918367346	0.16666666666666666	0.14285714285714285	0.2	0.14285714285714285	0.16666666666666666	0.14285714285714285	0.16666666666666666	0.16666666666666666	0.16666666666666666	0.16666666666666666	0.16666666666666666	0.16666666666666666	0.16666666666666666	0.16666666666666666	0.2	0.2	0.2	0.16666666666666666	0.16666666666666666	0.16666666666666666	0.16666666666666666	0.16666666666666666	0.2	0.5	0.2	0.16666666666666666	0.16666666666666666	0.25	0.16666666666666666	0.3333333333333333	0.16666666666666666
da	0.16666666666666666	0.1111111111111111	0.083361125	0.16666666666666666	0.026385935508045657	0.03333777777777778	0.05263157894736842	0.026322718146123268	0.02941349480968858	0.028573877551020407	0.034487514863258024	0.05263157894736842	0.03704801646639781	0.03334000111111111	0.03125	0.034485136741973836	0.034482758620689655	0.058823529411764705	0.07143877551020407	0.08334722916666666	0.09091736364463637	0.033335555555555556	0.030305786042240584	0.031254882812499996	0.03703840877914952	0.029416957614188586	0.058823529411764705	0.14285714285714285	0.03704252537722908	0.0500075	0.030304866850321393	0.16666666666666666	0.04	0.14285714285714285	0.030314051423324145
de	0.16666666666666666	0.125	0.0769645325799172	0.14285714285714285	0.03333777777777778	0.01760006370928905	0.043478260869565216	0.01786224553603348	0.020000399999999998	0.01818512429752066	0.02941695588235294	0.043482043480153124	0.03448870630321046	0.02631925346329709	0.02174054820415879	0.022728822314049588	0.027780092592592592	0.06666666666666667	0.0625078125	0.0625	0.06667111111111111	0.024391433670434264	0.025000625	0.023258518117901566	0.03125293066504004	0.02083724001736111	0.05555555555555555	0.125	0.030316811760334256	0.041673611111111106	0.023257977285018928	0.1	0.035715561224489795	0.125	0.02273398811983471
el	0.14285714285714285	0.1111111111111111	0.16666666666666666	0.2	0.05263157894736842	0.043478260869565216	0.03572321683673469	0.035715561224489795	0.041666666666666664	0.041666666666666664	0.05	0.05555555555555555	0.058823529411764705	0.047619047619047616	0.041666666666666664	0.041666666666666664	0.0500050025	0.08333333333333333	0.09090909090909091	0.07142857142857142	0.07692899408284024	0.05	0.05000249999999999	0.04166840277777777	0.05555555555555555	0.04	0.07692307692307693	0.2	0.05263434903047091	0.05555864197530863	0.041666666666666664	0.1	0.05263157894736842	0.125	0.043478260869565216
en	0.14285714285714285	0.1	0.07694675147928993	0.14285714285714285	0.026322718146123268	0.01786224553603348	0.035715561224489795	0.006475974875924312	0.01351424397370343	0.011767889688719724	0.022735022727789253	0.029411764705882353	0.030309459136822776	0.016668889444444442	0.01369938074685682	0.015873771730914588	0.019232248890532544	0.058823529411764705	0.058830449826989616	0.05264266205263435	0.045477283068192154	0.019231878698224854	0.020003600399999998	0.017860332908482143	0.026318560943214678	0.012822814102564101	0.045456611570247926	0.08333333333333333	0.024404527071985135	0.03334000111111111	0.014287755306122446	0.06250390624999999	0.02777932175925926	0.125	0.016135798907648283
es	0.14285714285714285	0.1111111111111111	0.07692307692307693	0.16666666666666666	0.02941349480968858	0.020000399999999998	0.041666666666666664	0.01351424397370343	0.012997139827631813	0.015151744719926538	0.026316481994459833	0.04	0.030306703397612485	0.02325743645213629	0.018868280526877893	0.020833333333333332	0.02325635478637101	0.0625	0.06666666666666667	0.06250390624999999	0.0625	0.020834201388888886	0.023256895619253648	0.02	0.03125	0.016667500000000002	0.05263157894736842	0.1111111111111111	0.027777777777777776	0.038461538461538464	0.02173960302457467	0.1	0.03125	0.125	0.019231139053254437
fr	0.14285714285714285	0.1111111111111111	0.07693491124260354	0.14285714285714285	0.028573877551020407	0.01818512429752066	0.041666666666666664	0.011767889688719724	0.015151744719926538	0.011401210130938848	0.024393814396192738	0.037039780521262	0.030305785123966943	0.02083550347222222	0.018518518518518517	0.019608996539792388	0.020411912536443148	0.0625	0.05882698961937716	0.05555864197530863	0.050012499999999994	0.020834635416666667	0.022223704197530864	0.0204098296543107	0.029414359861591695	0.016394786616500942	0.05	0.1	0.027784725310959105	0.03846745710059171	0.02174007561436673	0.08333333333333333	0.031250976562500005	0.125	0.017547553401046474
he	0.16672225	0.10000999999999999	0.08335417361111112	0.16666666666666666	0.034487514863258024	0.02941695588235294	0.05	0.022735022727789253	0.026316481994459833	0.024393814396192738	0.022322421221024027	0.052637119113573404	0.03847337426035503	0.028578779594288162	0.029412629757785465	0.0312509765625	0.033335555555555556	0.06250781640625	0.07143877551020407	0.08334722222222221	0.09092561983471073	0.030304866850321393	0.03334	0.025003750624999998	0.03703840877914952	0.02500375	0.05555555555555555	0.14285714285714285	0.035729596938775504	0.04763038775510204	0.03334000111111111	0.16666666666666666	0.035719389030612246	0.14285714285714285	0.027790901236883485
hi	0.25	0.125	0.1111111111111111	0.16666666666666666	0.05263157894736842	0.043482043480153124	0.05555555555555555	0.029411764705882353	0.04	0.037039780521262	0.052637119113573404	0.029439479275988792	0.05555864197530863	0.03846301923225	0.043478260869565216	0.0400016	0.047619047619047616	0.07142857142857142	0.08334027777777778	0.06250390624999999	0.047628117913832195	0.05263157894736842	0.047619047619047616	0.047621315192743756	0.05555555555555555	0.038463017751479284	0.07692307692307693	0.14285714285714285	0.050004999999999994	0.0625	0.04	0.0625	0.05555555555555555	0.16666666666666666	0.045454545454545456
hu	0.14285714285714285	0.125	0.08337500694444444	0.16666666666666666	0.03704801646639781	0.03448870630321046	0.058823529411764705	0.030309459136822776	0.030306703397612485	0.030305785123966943	0.03847337426035503	0.05555864197530863	0.030413618495442496	0.03847337278106508	0.035715561224489795	0.03571811352168495	0.03704115226337448	0.06666666666666667	0.0714387806122449	0.08335416666666667	0.08336111111111111	0.034485136741973836	0.03448870392390012	0.03448632699167657	0.038461538461538464	0.030305785123966943	0.05555864197530863	0.14285714285714285	0.03848521301923225	0.0500175025	0.034487514863258024	0.2	0.045454545454545456	0.125	0.032270555671175864
id	0.14285714285714285	0.1111111111111111	0.09095868595041322	0.16666666666666666	0.03334000111111111	0.02631925346329709	0.047619047619047616	0.016668889444444442	0.02325743645213629	0.02083550347222222	0.028578779594288162	0.03846301923225	0.03847337278106508	0.016721303732431494	0.025642341223537802	0.025001249999999996	0.027030681520087654	0.0625	0.06667555555555557	0.06667555555555556	0.06250781640625	0.029413496541524222	0.02941608996539792	0.026317867728531855	0.03334000222444666	0.021279765052512903	0.05882698961937716	0.14285714285714285	0.034493462545778834	0.045456611570247926	0.02857142857142857	0.09090909090909091	0.031251953125	0.125	0.02273398915289256
it	0.16666666666666666	0.125	0.08333333333333333	0.16666666666666666	0.03125	0.02174054820415879	0.041666666666666664	0.01369938074685682	0.018868280526877893	0.018518518518518517	0.029412629757785465	0.043478260869565216	0.035715561224489795	0.025642341223537802	0.012217170942402775	0.019231139053254437	0.02564168310322156	0.0625	0.0625	0.06250390624999999	0.06667555555555556	0.023810091270408732	0.023810657596371878	0.022727789256198346	0.02857224571510286	0.018183471736199008	0.05263157894736842	0.1	0.031251953125	0.038461538461538464	0.01694972708991669	0.1	0.030303948576675847	0.125	0.022223209876543207
ja	0.16666666666666666	0.125	0.09090909090909091	0.16666666666666666	0.034485136741973836	0.022728822314049588	0.041666666666666664	0.015873771730914588	0.020833333333333332	0.019608996539792388	0.0312509765625	0.0400016	0.03571811352168495	0.025001249999999996	0.019231139053254437	0.015645782513000816	0.023811225057256802	0.06666666666666667	0.0625	0.0625	0.06250390624999999	0.026316481994459833	0.02702702702702703	0.02702702702702703	0.03226118626430802	0.02173960302457467	0.05555555555555555	0.1111111111111111	0.02941522577941263	0.041666666666666664	0.02127659574468085	0.09090909090909091	0.029411764705882353	0.125	0.02222568000049432
ko	0.14285714285714285	0.1111111111111111	0.10002000999999999	0.16666666666666666	0.034482758620689655	0.027780092592592592	0.0500050025	0.019232248890532544	0.02325635478637101	0.020411912536443148	0.033335555555555556	0.047619047619047616	0.03704115226337448	0.027030681520087654	0.02564168310322156	0.023811225057256802	0.017585818347519072	0.0625	0.06250390624999999	0.08334027777777778	0.07693491715976332	0.0312529306640625	0.0312509765625	0.029414359861591695	0.03846449704142012	0.024390838786436643	0.05555555555555555	0.1111111111111111	0.0322653517169615	0.050010005002502494	0.027780093364969904	0.14285714285714285	0.033335555555555556	0.125	0.02128429561068538
lv	0.2	0.125	0.11112345679012345	0.16666666666666666	0.058823529411764705	0.06666666666666667	0.08333333333333333	0.058823529411764705	0.0625	0.0625	0.06250781640625	0.07142857142857142	0.06666666666666667	0.0625	0.0625	0.06666666666666667	0.0625	0.05884776816608996	0.08333333333333333	0.1111111111111111	0.11112345679012345	0.0625	0.05882698961937716	0.05882698961937716	0.058823529411764705	0.05882698961937716	0.07142857142857142	0.2	0.06666666666666667	0.06250390624999999	0.058823529411764705	0.2	0.0625	0.16666666666666666	0.0625
mk	0.16669444444444442	0.16666666666666666	0.14287755102040817	0.2	0.07143877551020407	0.0625078125	0.09090909090909091	0.058830449826989616	0.06666666666666667	0.05882698961937716	0.07143877551020407	0.08334027777777778	0.0714387806122449	0.06667555555555557	0.0625	0.0625	0.06250390624999999	0.08333333333333333	0.05562044763284273	0.125015625	0.14285714285714285	0.058823529411764705	0.0625	0.06667111111111111	0.06250390624999999	0.06250390624999999	0.07692307692307693	0.2	0.07143367346938775	0.06667555555555557	0.06667111111111111	0.25	0.06667111111111111	0.125	0.0625078125
ml	0.2	0.16666666666666666	0.20003999999999997	0.2	0.08334722916666666	0.0625	0.07142857142857142	0.05264266205263435	0.06250390624999999	0.05555864197530863	0.08334722222222221	0.06250390624999999	0.08335416666666667	0.06667555555555556	0.06250390624999999	0.0625	0.08334027777777778	0.1111111111111111	0.125015625	0.05276490406937942	0.07145408673469388	0.07142857142857142	0.06667556	0.07143877551020407	0.07692899408284024	0.05555555555555555	0.125	0.2	0.07694674556213017	0.09091735537190083	0.06666666666666667	0.08334722222222221	0.09091735537190082	0.16666666666666666	0.07692899408284024
mr	0.25006249999999997	0.16669444444444442	0.20003999999999997	0.2	0.09091736364463637	0.06667111111111111	0.07692899408284024	0.045477283068192154	0.0625	0.050012499999999994	0.09092561983471073	0.047628117913832195	0.08336111111111111	0.06250781640625	0.06667555555555556	0.06250390624999999	0.07693491715976332	0.11112345679012345	0.14285714285714285	0.07145408673469388	0.04567666825353149	0.07692307692307693	0.07143367346938775	0.07694674556213017	0.08334722222222221	0.050007502499999995	0.1111111111111111	0.16666666666666666	0.08338894450004866	0.10001999999999998	0.06251171875	0.07694676333137872	0.10000999999999999	0.2	0.07695266863905326
nl	0.14287755102040817	0.125	0.08334027777777778	0.16666666666666666	0.033335555555555556	0.024391433670434264	0.05	0.019231878698224854	0.020834201388888886	0.020834635416666667	0.030304866850321393	0.05263157894736842	0.034485136741973836	0.029413496541524222	0.023810091270408732	0.026316481994459833	0.0312529306640625	0.0625	0.058823529411764705	0.07142857142857142	0.07692307692307693	0.018890020316511963	0.027778549382716046	0.026317174515235454	0.03226222997190739	0.02222321037086469	0.047621315192743756	0.125	0.033337778888888885	0.04167013888888889	0.02564168310322156	0.14285714285714285	0.03571683673469388	0.125	0.026319945290858723
pl	0.14285714285714285	0.1111111111111111	0.07692899408284024	0.16666666666666666	0.030305786042240584	0.025000625	0.05000249999999999	0.020003600399999998	0.023256895619253648	0.022223704197530864	0.03334	0.047619047619047616	0.03448870392390012	0.02941608996539792	0.023810657596371878	0.02702702702702703	0.0312509765625	0.05882698961937716	0.0625	0.06667556	0.07143367346938775	0.027778549382716046	0.01927748364791567	0.027781635802469132	0.031250976562500005	0.022224691358024688	0.05263434903047091	0.125	0.03226430905306971	0.04167013888888889	0.025642340565417487	0.125	0.03703840877914952	0.125	0.027780864969135805
pt	0.14285714285714285	0.1111111111111111	0.08335416666666667	0.16666666666666666	0.031254882812499996	0.023258518117901566	0.04166840277777777	0.017860332908482143	0.02	0.0204098296543107	0.025003750624999998	0.047621315192743756	0.03448632699167657	0.026317867728531855	0.022727789256198346	0.02702702702702703	0.029414359861591695	0.05882698961937716	0.06667111111111111	0.07143877551020407	0.07694674556213017	0.026317174515235454	0.027781635802469132	0.01728489417917163	0.030306703397612485	0.019233358357988166	0.05000249999999999	0.125	0.029424742214532867	0.038465976331360945	0.025642340565417487	0.125	0.03571683673469388	0.125	0.023261763656030287
ro	0.14285714285714285	0.125	0.09093388429752067	0.16666666666666666	0.03703840877914952	0.03125293066504004	0.05555555555555555	0.026318560943214678	0.03125	0.029414359861591695	0.03703840877914952	0.05555555555555555	0.038461538461538464	0.03334000222444666	0.02857224571510286	0.03226118626430802	0.03846449704142012	0.058823529411764705	0.06250390624999999	0.07692899408284024	0.08334722222222221	0.03226222997190739	0.031250976562500005	0.030306703397612485	0.026359498062554384	0.027779321760031634	0.05555555555555555	0.16666666666666666	0.04167013888888889	0.041673611111111106	0.030303030303030304	0.16666666666666666	0.040003199999999996	0.125	0.03448989536385255
ru	0.14285714285714285	0.1111111111111111	0.07693491124260354	0.16666666666666666	0.029416957614188586	0.02083724001736111	0.04	0.012822814102564101	0.016667500000000002	0.016394786616500942	0.02500375	0.038463017751479284	0.030305785123966943	0.021279765052512903	0.018183471736199008	0.02173960302457467	0.024390838786436643	0.05882698961937716	0.06250390624999999	0.05555555555555555	0.050007502499999995	0.02222321037086469	0.022224691358024688	0.019233358357988166	0.027779321760031634	0.01209072411393691	0.05	0.1	0.026322717452216066	0.03704389574759945	0.01923298853587315	0.08334027777777778	0.030303948576675847	0.125	0.0200048012
sh	0.16669444444444442	0.125	0.125015625	0.2	0.058823529411764705	0.05555555555555555	0.07692307692307693	0.045456611570247926	0.05263157894736842	0.05	0.05555555555555555	0.07692307692307693	0.05555864197530863	0.05882698961937716	0.05263157894736842	0.05555555555555555	0.05555555555555555	0.07142857142857142	0.07692307692307693	0.125	0.1111111111111111	0.047621315192743756	0.05263434903047091	0.05000249999999999	0.05555555555555555	0.05	0.045493843008293414	0.14285714285714285	0.05883391349480968	0.05000249999999999	0.05555864197530863	0.25	0.058823529411764705	0.14285714285714285	0.05000249999999999
si	1.0	0.25	0.5	0.5	0.14285714285714285	0.125	0.2	0.08333333333333333	0.1111111111111111	0.1	0.14285714285714285	0.14285714285714285	0.14285714285714285	0.14285714285714285	0.1	0.1111111111111111	0.1111111111111111	0.2	0.2	0.2	0.16666666666666666	0.125	0.125	0.125	0.16666666666666666	0.1	0.14285714285714285	0.08334722222222221	0.14285714285714285	0.16666666666666666	0.1111111111111111	0.25	0.16666666666666666	0.5	0.1
simple	0.16675002777777778	0.125015625	0.10008005003001	0.2	0.03704252537722908	0.030316811760334256	0.05263434903047091	0.024404527071985135	0.027777777777777776	0.027784725310959105	0.035729596938775504	0.050004999999999994	0.03848521301923225	0.034493462545778834	0.031251953125	0.02941522577941263	0.0322653517169615	0.06666666666666667	0.07143367346938775	0.07694674556213017	0.08338894450004866	0.033337778888888885	0.03226430905306971	0.029424742214532867	0.04167013888888889	0.026322717452216066	0.05883391349480968	0.14285714285714285	0.024556718687957238	0.04547521901239876	0.032262226847034337	0.12503128128128127	0.0400080016	0.14285714285714285	0.027803260047849547
sr	0.14285714285714285	0.125	0.12512509376562497	0.16666666666666666	0.0500075	0.041673611111111106	0.05555864197530863	0.03334000111111111	0.038461538461538464	0.03846745710059171	0.04763038775510204	0.0625	0.0500175025	0.045456611570247926	0.038461538461538464	0.041666666666666664	0.050010005002502494	0.06250390624999999	0.06667555555555557	0.09091735537190083	0.10001999999999998	0.04167013888888889	0.04167013888888889	0.038465976331360945	0.041673611111111106	0.03704389574759945	0.05000249999999999	0.16666666666666666	0.04547521901239876	0.033439199803834675	0.045456611570247926	0.14285714285714285	0.05000249999999999	0.125	0.0400064032
sv	0.16666666666666666	0.1	0.07692899408284024	0.16666666666666666	0.030304866850321393	0.023257977285018928	0.041666666666666664	0.014287755306122446	0.02173960302457467	0.02174007561436673	0.03334000111111111	0.04	0.034487514863258024	0.02857142857142857	0.01694972708991669	0.02127659574468085	0.027780093364969904	0.058823529411764705	0.06667111111111111	0.06666666666666667	0.06251171875	0.02564168310322156	0.025642340565417487	0.025642340565417487	0.030303030303030304	0.01923298853587315	0.05555864197530863	0.1111111111111111	0.032262226847034337	0.045456611570247926	0.012529441716763486	0.1	0.033334444444444444	0.14285714285714285	0.025005625625625624
te	0.3333333333333333	0.25	0.5	0.25	0.16666666666666666	0.1	0.1	0.06250390624999999	0.1	0.08333333333333333	0.16666666666666666	0.0625	0.2	0.09090909090909091	0.1	0.09090909090909091	0.14285714285714285	0.2	0.25	0.08334722222222221	0.07694676333137872	0.14285714285714285	0.125	0.125	0.16666666666666666	0.08334027777777778	0.25	0.25	0.12503128128128127	0.14285714285714285	0.1	0.06254691801567192	0.16666666666666666	0.25	0.125
vi	0.14285714285714285	0.1111111111111111	0.1	0.16666666666666666	0.04	0.035715561224489795	0.05263157894736842	0.02777932175925926	0.03125	0.031250976562500005	0.035719389030612246	0.05555555555555555	0.045454545454545456	0.031251953125	0.030303948576675847	0.029411764705882353	0.033335555555555556	0.0625	0.06667111111111111	0.09091735537190082	0.10000999999999999	0.03571683673469388	0.03703840877914952	0.03571683673469388	0.040003199999999996	0.030303948576675847	0.058823529411764705	0.16666666666666666	0.0400080016	0.05000249999999999	0.033334444444444444	0.16666666666666666	0.02781099464589515	0.125	0.031255859375
war	0.16669444444444442	0.25	0.3333333333333333	0.3333333333333333	0.14285714285714285	0.125	0.125	0.125	0.125	0.125	0.14285714285714285	0.16666666666666666	0.125	0.125	0.125	0.125	0.125	0.16666666666666666	0.125	0.16666666666666666	0.2	0.125	0.125	0.125	0.125	0.125	0.14285714285714285	0.5	0.14285714285714285	0.125	0.14285714285714285	0.25	0.125	0.125015625	0.125
zh	0.14287755102040817	0.11112345679012345	0.09095868595041323	0.16666666666666666	0.030314051423324145	0.02273398811983471	0.043478260869565216	0.016135798907648283	0.019231139053254437	0.017547553401046474	0.027790901236883485	0.045454545454545456	0.032270555671175864	0.02273398915289256	0.022223209876543207	0.02222568000049432	0.02128429561068538	0.0625	0.0625078125	0.07692899408284024	0.07695266863905326	0.026319945290858723	0.027780864969135805	0.023261763656030287	0.03448989536385255	0.0200048012	0.05000249999999999	0.1	0.027803260047849547	0.0400064032	0.025005625625625624	0.125	0.031255859375	0.125	0.015272769349277824
