arz	bs	ceb	ckb	da	de	el	en	es	fr	he	hi	hu	id	it	ja	ko	lv	mk	ml	mr	nl	pl	pt	ro	ru	sh	si	simple	sr	sv	te	tr	vi	war	zh
arz	1.0	0.5660160774121898	0.0	1.0	1.0	1.0	1.0	1.0	1.0	1.0	1.0	1.0	1.0	1.0	1.0	1.0	1.0	1.0	1.0	1.0	1.0	1.0	1.0	1.0	1.0	1.0	1.0	1.0	1.0	1.0	1.0	1.0	1.0	1.0	1.0	1.0
bs	0.5660160774121898	1.0	1.0	0.8216064286890065	0.5018979199958689	0.37007569883903435	0.5657147883428847	0.290968926828084	0.36344909503956757	0.30963260495221273	0.6064856584921043	0.46911835708105454	0.5510019528364094	0.2618179926122219	0.3474438843270145	0.341423034156228	0.5348113086688508	0.7972765272432876	0.36479364163422573	0.5402435638294336	1.0	0.2862409388929325	0.3428196697348475	0.32152467120909106	0.37685843465503494	0.3856910015861274	0.47180556783176625	1.0	0.2779997217264071	0.5847157656819189	0.570603499244253	0.7863954451402115	0.27798784753358385	0.35059625264455885	0.8216064286890065	0.3474747577028692
ceb	0.0	1.0	1.0	0.0	1.0	1.0	0.0	1.0	1.0	1.0	1.0	1.0	1.0	1.0	1.0	1.0	1.0	1.0	1.0	1.0	0.0	1.0	1.0	1.0	1.0	1.0	1.0	1.0	1.0	1.0	1.0	0.0	-1.0	1.0	1.0	1.0
ckb	1.0	0.8216064286890065	0.0	1.0	1.0	1.0	1.0	0.5020797777427737	1.0	1.0	1.0	1.0	1.0	1.0	0.7863954451402115	1.0	1.0	1.0	1.0	1.0	1.0	0.7863954451402115	1.0	1.0	1.0	1.0	1.0	1.0	1.0	1.0	1.0	1.0	0.7863954451402115	1.0	1.0	1.0
da	1.0	0.5018979199958689	1.0	1.0	1.0	0.315350838956958	0.6569998762970466	0.3127323478511002	0.38120409665283195	0.4454185198481323	0.5985446550912178	0.5128335975029179	0.5828031671350533	0.3106208500101498	0.3213853168300475	0.4713481724639758	0.5357303229971981	0.47090519317817525	0.5720795674500068	0.3627544355494952	1.0	0.3841901699080508	0.38612685434129607	0.38321457039481593	0.36488437136273666	0.447625931669299	0.2916858209873255	1.0	0.41579077162785394	0.4811145811518646	0.45376705843546156	0.7510341748895937	0.5454968344655329	0.42212981472785527	1.0	0.31595194916724156
de	1.0	0.37007569883903435	1.0	1.0	0.315350838956958	1.0	0.7455134344225701	0.14522231661238508	0.16926328217306694	0.1434987407461785	0.3985371830837068	0.6786291688147437	0.5654106618346038	0.26502761915987233	0.18222328190959824	0.3732601662792156	0.6099843630663052	0.3911088172985248	0.41360553468474	0.38471918319751325	1.0	0.1647206559349448	0.14794135378796625	0.18213720043766377	0.44226813638664914	0.21666979965143682	0.2610882754558437	1.0	0.2743474048281967	0.3046765684007229	0.2986170796905598	0.74551343442257	0.33865221566572196	0.35427202551991105	1.0	0.3151167600861811
el	1.0	0.5657147883428847	0.0	1.0	0.6569998762970466	0.7455134344225701	1.0	0.417152747186798	0.6908587525207898	0.6239725949460844	1.0	1.0	1.0	0.6395657813917609	0.6869919214579513	1.0	1.0	1.0	1.0	1.0	1.0	0.4673899487022719	0.7411828468492556	0.7376607345031153	0.7863954451402115	1.0	0.5020797777427737	1.0	1.0	1.0	1.0	1.0	0.7510341748895938	1.0	1.0	1.0
en	1.0	0.290968926828084	1.0	0.5020797777427737	0.3127323478511002	0.14522231661238508	0.417152747186798	1.0	0.15917420698993376	0.1601805020443126	0.39729693716930287	0.4449351663354127	0.2631824828445803	0.1985276452084312	0.1861145443075846	0.2791280510923198	0.300752102818913	0.2629606069852384	0.2721503950520778	0.49585323066281234	1.0	0.21420992142469836	0.1523866035428669	0.17100251375159142	0.34048746336468994	0.20929467197007873	0.3370699778841232	1.0	0.18814763181470223	0.26365133582273703	0.28090182817976395	0.3985271984077634	0.30002804041979814	0.30624031260051104	1.0	0.2147935899060434
es	1.0	0.36344909503956757	1.0	1.0	0.38120409665283195	0.16926328217306694	0.6908587525207898	0.15917420698993376	1.0	0.16006977358051952	0.6023380116311116	0.6436895599575894	0.45330262592490467	0.2267571976558209	0.22032865377829228	0.35604520287579344	0.5038256376451198	0.4652142546652049	0.7347168825662657	0.605267323142456	1.0	0.1786359293114392	0.1530800224716934	0.19345042246536118	0.3601164790379858	0.24909088669827834	0.32497423023415833	1.0	0.240860231523155	0.26734363132191	0.2638045851485249	1.0	0.36519830344676646	0.366225681673034	1.0	0.3934478863400229
fr	1.0	0.30963260495221273	1.0	1.0	0.4454185198481323	0.1434987407461785	0.6239725949460844	0.1601805020443126	0.16006977358051952	1.0	0.574421462997928	1.0	0.606579044614806	0.2742012014090752	0.20527404590805978	0.30293064178714363	0.49018302529099383	0.37391019512859125	0.7376607345031153	0.40458874176424003	1.0	0.18157705158930232	0.15033659239760683	0.16855427654209099	0.4764830311261816	0.2072024135110511	0.4747572216960064	1.0	0.24003329916278748	0.255166263683276	0.30516443769075347	0.6131109307903289	0.4121170509632742	0.42801341674890847	1.0	0.375136477684194
he	1.0	0.6064856584921043	1.0	1.0	0.5985446550912178	0.3985371830837068	1.0	0.39729693716930287	0.6023380116311116	0.574421462997928	1.0	1.0	1.0	0.5153486986447784	0.40042010121632676	1.0	1.0	0.7455134344225701	1.0	1.0	1.0	0.4410248256666541	0.6897980180502761	0.6310780967851766	0.598124014622274	1.0	0.5846701681620468	1.0	0.3588495153032869	0.7347168825662656	1.0	1.0	0.6820827727511621	1.0	1.0	1.0
hi	1.0	0.46911835708105454	1.0	1.0	0.5128335975029179	0.6786291688147437	1.0	0.4449351663354127	0.6436895599575894	1.0	1.0	1.0	1.0	0.54032595035179	0.4071349809526953	1.0	1.0	0.7510341748895939	1.0	1.0	1.0	0.45291920339544994	1.0	0.6740515375688697	0.598124014622274	1.0	0.42995415895150885	1.0	0.36420734085193196	0.7376607345031153	1.0	1.0	0.6994017365373274	1.0	1.0	1.0
hu	1.0	0.5510019528364094	1.0	1.0	0.5828031671350533	0.5654106618346038	1.0	0.2631824828445803	0.45330262592490467	0.606579044614806	1.0	1.0	1.0	0.5396649225208534	0.4056689206600855	1.0	1.0	0.7584325078215763	1.0	1.0	1.0	0.3254056960597244	0.6062251694307247	0.46370818035091005	0.6239725949460846	1.0	0.6994017365373274	1.0	0.5313345399886064	0.7300208629885035	0.7376607345031153	1.0	0.7106922308883379	1.0	1.0	1.0
id	1.0	0.2618179926122219	1.0	1.0	0.3106208500101498	0.26502761915987233	0.6395657813917609	0.1985276452084312	0.2267571976558209	0.2742012014090752	0.5153486986447784	0.54032595035179	0.5396649225208534	1.0	0.25843376256515044	0.32072198037621563	0.3850989526957013	0.44388928275486256	0.7051012083716647	0.4824451387203682	0.8216064286890065	0.24120610594757663	0.23886209588646834	0.2082355822746202	0.5358870482043783	0.22178916719578132	0.3019389952306457	1.0	0.32864089322795553	0.34613319466011944	0.36626667344798586	0.6913558138628161	0.43442326779525925	0.3912772877347543	0.8216064286890065	0.3840852803888722
it	1.0	0.3474438843270145	1.0	0.7863954451402115	0.3213853168300475	0.18222328190959824	0.6869919214579513	0.1861145443075846	0.22032865377829228	0.20527404590805978	0.40042010121632676	0.4071349809526953	0.4056689206600855	0.25843376256515044	1.0	0.34930404800619713	0.3972113617509212	0.33570654982516335	0.4354670521374121	0.4185731274848301	1.0	0.22530736410108812	0.18322464872268054	0.20844158957867537	0.27773238931574024	0.23263270832069272	0.2821025587894133	1.0	0.2694197232790474	0.3428598196122338	0.265182925648281	0.35609244787640554	0.3731437782449498	0.45855168609834507	0.8216064286890065	0.30354046466147805
ja	1.0	0.341423034156228	1.0	1.0	0.4713481724639758	0.3732601662792156	1.0	0.2791280510923198	0.35604520287579344	0.30293064178714363	1.0	1.0	1.0	0.32072198037621563	0.34930404800619713	1.0	1.0	0.6239725949460846	1.0	1.0	1.0	0.42823826634895185	0.3071841493081992	0.39818302062988686	0.5679872999180011	1.0	0.35070398584477463	1.0	0.32690463321589625	0.653200231972572	0.5831335529310039	1.0	0.4607867886383276	1.0	1.0	1.0
ko	1.0	0.5348113086688508	1.0	1.0	0.5357303229971981	0.6099843630663052	1.0	0.300752102818913	0.5038256376451198	0.49018302529099383	1.0	1.0	1.0	0.3850989526957013	0.3972113617509212	1.0	1.0	0.7510341748895939	1.0	1.0	1.0	0.4411678634800969	0.5072591863365692	0.519826193176323	0.6239725949460846	1.0	0.37294583198427045	1.0	0.5582171997279083	0.7263875964832448	1.0	1.0	0.548234257086842	1.0	1.0	1.0
lv	1.0	0.7972765272432876	1.0	1.0	0.47090519317817525	0.3911088172985248	1.0	0.2629606069852384	0.4652142546652049	0.37391019512859125	0.7455134344225701	0.7510341748895939	0.7584325078215763	0.44388928275486256	0.33570654982516335	0.6239725949460846	0.7510341748895939	1.0	0.7690990303325336	1.0	1.0	0.35359101799863446	0.3787886924670504	0.3980362289597192	0.7546354202939712	0.4217630134030391	0.6524007805500077	1.0	0.42662403330246795	0.6239725949460845	0.4140240987165048	0.7690990303325336	0.5788186034857076	0.7510341748895939	1.0	0.5862835858285895
mk	1.0	0.36479364163422573	1.0	1.0	0.5720795674500068	0.41360553468474	1.0	0.2721503950520778	0.7347168825662657	0.7376607345031153	1.0	1.0	1.0	0.7051012083716647	0.4354670521374121	1.0	1.0	0.7690990303325336	1.0	1.0	1.0	0.4790226508803279	0.7347168825662656	0.6786291688147437	0.6395657813917609	1.0	0.44155947949583013	1.0	0.7411828468492556	0.7455134344225701	1.0	1.0	0.7510341748895939	1.0	1.0	1.0
ml	1.0	0.5402435638294336	1.0	1.0	0.3627544355494952	0.38471918319751325	1.0	0.49585323066281234	0.605267323142456	0.40458874176424003	1.0	1.0	1.0	0.4824451387203682	0.4185731274848301	1.0	1.0	1.0	1.0	1.0	1.0	0.4585889158036926	0.569826242322618	0.5903841078564531	0.7510341748895937	1.0	0.4493075654568811	1.0	0.6841174893561722	1.0	1.0	1.0	0.6585785515191102	1.0	1.0	1.0
mr	1.0	1.0	0.0	1.0	1.0	1.0	1.0	1.0	1.0	1.0	1.0	1.0	1.0	0.8216064286890065	1.0	1.0	1.0	1.0	1.0	1.0	1.0	0.8216064286890065	1.0	1.0	1.0	1.0	0.8216064286890065	1.0	1.0	1.0	1.0	1.0	1.0	1.0	1.0	1.0
nl	1.0	0.2862409388929325	1.0	0.7863954451402115	0.3841901699080508	0.1647206559349448	0.4673899487022719	0.21420992142469836	0.1786359293114392	0.18157705158930232	0.4410248256666541	0.45291920339544994	0.3254056960597244	0.24120610594757663	0.22530736410108812	0.42823826634895185	0.4411678634800969	0.35359101799863446	0.4790226508803279	0.4585889158036926	0.8216064286890065	1.0	0.1695136860108114	0.2220148811380019	0.45908239726990996	0.4099499598032826	0.28445249817296236	1.0	0.23446883056439066	0.28952020396206435	0.32987969752867313	0.3679598852084112	0.38906230717848567	0.41869339929314664	0.8216064286890065	0.45032692100488086
pl	1.0	0.3428196697348475	1.0	1.0	0.38612685434129607	0.14794135378796625	0.7411828468492556	0.1523866035428669	0.1530800224716934	0.15033659239760683	0.6897980180502761	1.0	0.6062251694307247	0.23886209588646834	0.18322464872268054	0.3071841493081992	0.5072591863365692	0.3787886924670504	0.7347168825662656	0.569826242322618	1.0	0.1695136860108114	1.0	0.1654668537743642	0.4275363417521095	0.1848946669052509	0.3031784277979371	1.0	0.22932858375427576	0.2715325656288929	0.3075542968661388	1.0	0.4124810554072295	0.5007242315275086	1.0	0.31739187517161666
pt	1.0	0.32152467120909106	1.0	1.0	0.38321457039481593	0.18213720043766377	0.7376607345031153	0.17100251375159142	0.19345042246536118	0.16855427654209099	0.6310780967851766	0.6740515375688697	0.46370818035091005	0.2082355822746202	0.20844158957867537	0.39818302062988686	0.519826193176323	0.3980362289597192	0.6786291688147437	0.5903841078564531	1.0	0.2220148811380019	0.1654668537743642	1.0	0.47352011389650395	0.2744285131699084	0.2954849648549499	1.0	0.23481060194345993	0.3086165253447279	0.30944864270139977	1.0	0.3950502021831477	0.45816638986623	1.0	0.3633798158989904
ro	1.0	0.37685843465503494	1.0	1.0	0.36488437136273666	0.44226813638664914	0.7863954451402115	0.34048746336468994	0.3601164790379858	0.4764830311261816	0.598124014622274	0.598124014622274	0.6239725949460846	0.5358870482043783	0.27773238931574024	0.5679872999180011	0.6239725949460846	0.7546354202939712	0.6395657813917609	0.7510341748895937	1.0	0.45908239726990996	0.4275363417521095	0.47352011389650395	1.0	0.5067714951546279	0.6640237664404941	1.0	0.311045911916278	0.5486755325530284	0.5613584504286795	0.7584325078215763	0.8695669956030054	0.5613584504286795	1.0	0.5769773791894898
ru	1.0	0.3856910015861274	1.0	1.0	0.447625931669299	0.21666979965143682	1.0	0.20929467197007873	0.24909088669827834	0.2072024135110511	1.0	1.0	1.0	0.22178916719578132	0.23263270832069272	1.0	1.0	0.4217630134030391	1.0	1.0	1.0	0.4099499598032826	0.1848946669052509	0.2744285131699084	0.5067714951546279	1.0	0.3121510449780382	1.0	0.26421933252666463	0.4165744273383335	0.40343909883893964	1.0	0.4311605414441365	1.0	1.0	1.0
sh	1.0	0.47180556783176625	1.0	1.0	0.2916858209873255	0.2610882754558437	0.5020797777427737	0.3370699778841232	0.32497423023415833	0.4747572216960064	0.5846701681620468	0.42995415895150885	0.6994017365373274	0.3019389952306457	0.2821025587894133	0.35070398584477463	0.37294583198427045	0.6524007805500077	0.44155947949583013	0.4493075654568811	0.8216064286890065	0.28445249817296236	0.3031784277979371	0.2954849648549499	0.6640237664404941	0.3121510449780382	1.0	1.0	0.335149492565465	0.30866763471629793	0.2775762244322442	0.7584325078215765	0.3173444125154172	0.3520099233489792	1.0	0.35593138593027734
si	1.0	1.0	1.0	1.0	1.0	1.0	1.0	1.0	1.0	1.0	1.0	1.0	1.0	1.0	1.0	1.0	1.0	1.0	1.0	1.0	1.0	1.0	1.0	1.0	1.0	1.0	1.0	1.0	1.0	1.0	1.0	1.0	1.0	1.0	1.0	1.0
simple	1.0	0.2779997217264071	1.0	1.0	0.41579077162785394	0.2743474048281967	1.0	0.18814763181470223	0.240860231523155	0.24003329916278748	0.3588495153032869	0.36420734085193196	0.5313345399886064	0.32864089322795553	0.2694197232790474	0.32690463321589625	0.5582171997279083	0.42662403330246795	0.7411828468492556	0.6841174893561722	1.0	0.23446883056439066	0.22932858375427576	0.23481060194345993	0.311045911916278	0.26421933252666463	0.335149492565465	1.0	1.0	0.3430479235386315	0.39380849145570546	0.567516715844323	0.4240524146748013	0.4387211160651481	1.0	0.3057547158498763
sr	1.0	0.5847157656819189	1.0	1.0	0.4811145811518646	0.3046765684007229	1.0	0.26365133582273703	0.26734363132191	0.255166263683276	0.7347168825662656	0.7376607345031153	0.7300208629885035	0.34613319466011944	0.3428598196122338	0.653200231972572	0.7263875964832448	0.6239725949460845	0.7455134344225701	1.0	1.0	0.28952020396206435	0.2715325656288929	0.3086165253447279	0.5486755325530284	0.4165744273383335	0.30866763471629793	1.0	0.3430479235386315	1.0	0.5495759590920835	1.0	0.650403606204129	1.0	1.0	0.7221793916855704
sv	1.0	0.570603499244253	1.0	1.0	0.45376705843546156	0.2986170796905598	1.0	0.28090182817976395	0.2638045851485249	0.30516443769075347	1.0	1.0	0.7376607345031153	0.36626667344798586	0.265182925648281	0.5831335529310039	1.0	0.4140240987165048	1.0	1.0	1.0	0.32987969752867313	0.3075542968661388	0.30944864270139977	0.5613584504286795	0.40343909883893964	0.2775762244322442	1.0	0.39380849145570546	0.5495759590920835	1.0	1.0	0.474578581361502	0.5969819612641136	1.0	0.6549329476340925
te	1.0	0.7863954451402115	0.0	1.0	0.7510341748895937	0.74551343442257	1.0	0.3985271984077634	1.0	0.6131109307903289	1.0	1.0	1.0	0.6913558138628161	0.35609244787640554	1.0	1.0	0.7690990303325336	1.0	1.0	1.0	0.3679598852084112	1.0	1.0	0.7584325078215763	1.0	0.7584325078215765	1.0	0.567516715844323	1.0	1.0	1.0	0.7510341748895938	1.0	1.0	1.0
tr	1.0	0.27798784753358385	-1.0	0.7863954451402115	0.5454968344655329	0.33865221566572196	0.7510341748895938	0.30002804041979814	0.36519830344676646	0.4121170509632742	0.6820827727511621	0.6994017365373274	0.7106922308883379	0.43442326779525925	0.3731437782449498	0.4607867886383276	0.548234257086842	0.5788186034857076	0.7510341748895939	0.6585785515191102	1.0	0.38906230717848567	0.4124810554072295	0.3950502021831477	0.8695669956030054	0.4311605414441365	0.3173444125154172	1.0	0.4240524146748013	0.650403606204129	0.474578581361502	0.7510341748895938	1.0	0.509228529645799	1.0	0.4858308006361324
vi	1.0	0.35059625264455885	1.0	1.0	0.42212981472785527	0.35427202551991105	1.0	0.30624031260051104	0.366225681673034	0.42801341674890847	1.0	1.0	1.0	0.3912772877347543	0.45855168609834507	1.0	1.0	0.7510341748895939	1.0	1.0	1.0	0.41869339929314664	0.5007242315275086	0.45816638986623	0.5613584504286795	1.0	0.3520099233489792	1.0	0.4387211160651481	1.0	0.5969819612641136	1.0	0.509228529645799	1.0	1.0	1.0
war	1.0	0.8216064286890065	1.0	1.0	1.0	1.0	1.0	1.0	1.0	1.0	1.0	1.0	1.0	0.8216064286890065	0.8216064286890065	1.0	1.0	1.0	1.0	1.0	1.0	0.8216064286890065	1.0	1.0	1.0	1.0	1.0	1.0	1.0	1.0	1.0	1.0	1.0	1.0	1.0	1.0
zh	1.0	0.3474747577028692	1.0	1.0	0.31595194916724156	0.3151167600861811	1.0	0.2147935899060434	0.3934478863400229	0.375136477684194	1.0	1.0	1.0	0.3840852803888722	0.30354046466147805	1.0	1.0	0.5862835858285895	1.0	1.0	1.0	0.45032692100488086	0.31739187517161666	0.3633798158989904	0.5769773791894898	1.0	0.35593138593027734	1.0	0.3057547158498763	0.7221793916855704	0.6549329476340925	1.0	0.4858308006361324	1.0	1.0	1.0
