ceb	da	de	el	en	es	fr	hu	id	it	ja	ko	mk	nl	pl	pt	ro	ru	sh	sr	sv	tr	zh
ceb	0	1370.078	119.222	1.283	680.54	11.251	1299.42	1.283	1.283	6.267	1.283	1.283	1.283	14.226	1932.09	1650.393	1.283	1.283	1.283	1.283	14.037	1.283	1.283	
da	1370.078	0	1300.219	1368.795	1697.524	1359.007	1030.438	1368.795	1368.795	1370.414	1368.795	1368.795	1368.795	1364.277	1386.892	1297.782	1368.795	1368.795	1368.795	1368.795	1359.035	1368.795	1368.795	
de	119.222	1300.219	0	117.987	737.841	124.437	1293.24	117.987	117.987	122.904	117.987	117.987	117.987	129.477	1870.314	1622.155	117.987	117.987	117.987	117.987	129.87	117.987	117.987	
el	1.283	1368.795	117.987	0	679.257	9.968	1300.417	0.0	0.0	4.984	0.0	0.0	0.0	12.951	1933.276	1649.111	0.0	0.0	0.0	0.0	12.758	0.0	0.0	
en	680.54	1697.524	737.841	679.257	0	686.937	1680.52	679.257	679.257	682.116	679.257	679.257	679.257	688.93	2311.023	2096.761	679.257	679.257	679.257	679.257	689.102	679.257	679.257	
es	11.251	1359.007	124.437	9.968	686.937	0	1294.987	9.968	9.968	14.941	9.968	9.968	9.968	22.903	1929.008	1645.835	9.968	9.968	9.968	9.968	22.719	9.968	9.968	
fr	1299.42	1030.438	1293.24	1300.417	1680.52	1294.987	0	1300.417	1300.417	1297.702	1300.417	1300.417	1300.417	1289.881	1608.18	1491.082	1300.417	1300.417	1300.417	1300.417	1304.062	1300.417	1300.417	
hu	1.283	1368.795	117.987	0.0	679.257	9.968	1300.417	0	0.0	4.984	0.0	0.0	0.0	12.951	1933.276	1649.111	0.0	0.0	0.0	0.0	12.758	0.0	0.0	
id	1.283	1368.795	117.987	0.0	679.257	9.968	1300.417	0.0	0	4.984	0.0	0.0	0.0	12.951	1933.276	1649.111	0.0	0.0	0.0	0.0	12.758	0.0	0.0	
it	6.267	1370.414	122.904	4.984	682.116	14.941	1297.702	4.984	4.984	0	4.984	4.984	4.984	17.935	1934.894	1650.729	4.984	4.984	4.984	4.984	17.743	4.984	4.984	
ja	1.283	1368.795	117.987	0.0	679.257	9.968	1300.417	0.0	0.0	4.984	0	0.0	0.0	12.951	1933.276	1649.111	0.0	0.0	0.0	0.0	12.758	0.0	0.0	
ko	1.283	1368.795	117.987	0.0	679.257	9.968	1300.417	0.0	0.0	4.984	0.0	0	0.0	12.951	1933.276	1649.111	0.0	0.0	0.0	0.0	12.758	0.0	0.0	
mk	1.283	1368.795	117.987	0.0	679.257	9.968	1300.417	0.0	0.0	4.984	0.0	0.0	0	12.951	1933.276	1649.111	0.0	0.0	0.0	0.0	12.758	0.0	0.0	
nl	14.226	1364.277	129.477	12.951	688.93	22.903	1289.881	12.951	12.951	17.935	12.951	12.951	12.951	0	1920.394	1638.166	12.951	12.951	12.951	12.951	25.701	12.951	12.951	
pl	1932.09	1386.892	1870.314	1933.276	2311.023	1929.008	1608.18	1933.276	1933.276	1934.894	1933.276	1933.276	1933.276	1920.394	0	678.381	1933.276	1933.276	1933.276	1933.276	1926.365	1933.276	1933.276	
pt	1650.393	1297.782	1622.155	1649.111	2096.761	1645.835	1491.082	1649.111	1649.111	1650.729	1649.111	1649.111	1649.111	1638.166	678.381	0	1649.111	1649.111	1649.111	1649.111	1636.397	1649.111	1649.111	
ro	1.283	1368.795	117.987	0.0	679.257	9.968	1300.417	0.0	0.0	4.984	0.0	0.0	0.0	12.951	1933.276	1649.111	0	0.0	0.0	0.0	12.758	0.0	0.0	
ru	1.283	1368.795	117.987	0.0	679.257	9.968	1300.417	0.0	0.0	4.984	0.0	0.0	0.0	12.951	1933.276	1649.111	0.0	0	0.0	0.0	12.758	0.0	0.0	
sh	1.283	1368.795	117.987	0.0	679.257	9.968	1300.417	0.0	0.0	4.984	0.0	0.0	0.0	12.951	1933.276	1649.111	0.0	0.0	0	0.0	12.758	0.0	0.0	
sr	1.283	1368.795	117.987	0.0	679.257	9.968	1300.417	0.0	0.0	4.984	0.0	0.0	0.0	12.951	1933.276	1649.111	0.0	0.0	0.0	0	12.758	0.0	0.0	
sv	14.037	1359.035	129.87	12.758	689.102	22.719	1304.062	12.758	12.758	17.743	12.758	12.758	12.758	25.701	1926.365	1636.397	12.758	12.758	12.758	12.758	0	12.758	12.758	
tr	1.283	1368.795	117.987	0.0	679.257	9.968	1300.417	0.0	0.0	4.984	0.0	0.0	0.0	12.951	1933.276	1649.111	0.0	0.0	0.0	0.0	12.758	0	0.0	
zh	1.283	1368.795	117.987	0.0	679.257	9.968	1300.417	0.0	0.0	4.984	0.0	0.0	0.0	12.951	1933.276	1649.111	0.0	0.0	0.0	0.0	12.758	0.0	0	
