arz	bs	ceb	ckb	da	de	el	en	es	fr	he	hi	hu	id	it	ja	ko	lv	mk	ml	mr	nl	pl	pt	ro	ru	sh	si	simple	sr	sv	te	vi	war	zh
arz	1.0	1.0	0.0	1.0	1.0	1.0	1.0	1.0	1.0	1.0	1.0	1.0	0.5020797777427737	0.749506019670501	1.0	1.0	1.0	1.0	1.0	1.0	1.0	1.0	1.0	1.0	0.7863954451402115	1.0	1.0	1.0	1.0	1.0	0.7863954451402115	1.0	1.0	1.0	1.0
bs	1.0	1.0	1.0	0.6395657813917608	0.2499742900991758	0.33027672749388226	0.3802072266399659	0.314503451473277	0.3506465581112315	0.3369854577735087	0.28517590498588496	0.32002019631786593	0.28175214541121163	0.2866465786519206	0.3500046334675538	0.26303312318531175	0.3238109487565295	0.30343324700575075	0.34644884696297773	0.3029694086840649	0.6395657813917609	0.3903782075326128	0.27179381066641484	0.3301905992555184	0.2706926227272035	0.3104118691703409	0.25876276850492813	0.7690990303325336	0.2870435846976278	0.28537653665733037	0.3528792997560041	0.6524007805500078	0.2767553651349361	0.36124557528186824	0.28314367925815564
ceb	0.0	1.0	1.0	1.0	1.0	1.0	1.0	1.0	1.0	1.0	1.0	1.0	1.0	1.0	1.0	1.0	1.0	1.0	1.0	1.0	1.0	1.0	1.0	1.0	1.0	1.0	1.0	1.0	1.0	1.0	1.0	1.0	1.0	1.0	1.0
ckb	1.0	0.6395657813917608	1.0	1.0	1.0	1.0	1.0	0.7376607345031153	0.6841174893561722	1.0	1.0	1.0	0.6383248553524284	0.5343892256132456	0.7376607345031153	1.0	1.0	1.0	1.0	1.0	1.0	1.0	1.0	1.0	0.5997389264307735	1.0	0.6296338638408586	1.0	1.0	0.6286737270540138	0.6841174893561722	1.0	1.0	0.7510341748895939	1.0
da	1.0	0.2499742900991758	1.0	1.0	1.0	0.3318378522595267	0.5005771882332964	0.2404107836088655	0.33885654638546675	0.29840155882300357	0.3502031968025293	0.5986008280518904	0.5232422761363549	0.3223962384795548	0.3210224771290368	0.3501507939592577	0.361020816295078	0.3739709645105776	0.5572231550893384	0.556748221694847	0.4076738337198827	0.30560164608416207	0.31096533633174545	0.3737618564262265	0.2997757327825906	0.34530454962929213	0.25777590630427627	1.0	0.3288736134219809	0.31734987603918474	0.323572790665336	0.7510341748895938	0.240894303731832	0.6994017365373274	0.356032524287038
de	1.0	0.33027672749388226	1.0	1.0	0.3318378522595267	1.0	0.52479908970011	0.1535575154114679	0.2297335827198778	0.16989572717413032	0.42537943870510075	0.5513682580936838	0.444466016127	0.2806345010207047	0.18558863025128697	0.24782202187325272	0.40772281968006285	0.5613938066806745	1.0	1.0	1.0	0.2005461493499263	0.2112195941156727	0.2303330272049673	0.28437088143696043	0.3164125281230355	0.17718031955384636	1.0	0.35175741699725466	0.1879140223399954	0.25864133748123896	1.0	0.2779174288771791	0.7510341748895938	0.3009538706766894
el	1.0	0.3802072266399659	1.0	1.0	0.5005771882332964	0.52479908970011	1.0	0.5999553063370198	0.4278679049677755	0.49362746767357907	0.6822977514629124	1.0	0.6008147721528392	0.465431848999524	0.26422480644764146	1.0	1.0	1.0	1.0	1.0	1.0	0.6067636116293126	0.514813298700054	0.5788148614446592	0.35235323340388974	1.0	0.5118473217628814	1.0	0.5730102617975067	0.4349418437591648	0.44058078192392297	1.0	0.2583191875317953	0.6994017365373274	1.0
en	1.0	0.314503451473277	1.0	0.7376607345031153	0.2404107836088655	0.1535575154114679	0.5999553063370198	1.0	0.1367984420612312	0.12572853161865902	0.3518949041742284	0.2741192126382355	0.2964246987508466	0.24512136354009886	0.14507958927435197	0.1951804908622707	0.35116499163056725	0.3964181038149719	0.7221793916855703	0.4366061594326042	1.0	0.18322089277888104	0.1772335819206149	0.1801503763101635	0.24295814343336825	0.33748965688210514	0.1467351856083328	1.0	0.2913281153028183	0.1572354703766156	0.19505401540154887	0.7455134344225701	0.17265813632652252	0.6236857269851578	0.2948057862309714
es	1.0	0.3506465581112315	1.0	0.6841174893561722	0.33885654638546675	0.2297335827198778	0.4278679049677755	0.1367984420612312	1.0	0.1600850671590577	0.47749346322086783	0.6067636116293127	0.37371439577076465	0.27570590057812405	0.18320351159770018	0.2754638512555523	0.36311021035750696	0.5002179218420908	0.6193113617177751	0.6167131210802119	1.0	0.20005747199539506	0.1834484367480192	0.23213749272464165	0.3074510698851515	0.2636007148355958	0.1692796476464931	1.0	0.29519557540357944	0.22884554134295076	0.24952909122520875	0.74551343442257	0.19278746727977572	0.6675386687698501	0.24887376826681612
fr	1.0	0.3369854577735087	1.0	1.0	0.29840155882300357	0.16989572717413032	0.49362746767357907	0.12572853161865902	0.1600850671590577	1.0	0.46166112620151073	0.7162976956558118	0.3807047086475766	0.26422881109431606	0.17096086823352322	0.20962196811837863	0.5302474751823165	0.5784765969745418	1.0	0.6532002319725722	1.0	0.20629417462443111	0.18336532712158415	0.22358159768828526	0.26905218723842267	0.3089292071263078	0.1978430013619995	1.0	0.3111738649148081	0.18949735635002898	0.2694807217382779	1.0	0.18311046988182775	0.6994017365373274	0.37863484065832376
he	1.0	0.28517590498588496	1.0	1.0	0.3502031968025293	0.42537943870510075	0.6822977514629124	0.3518949041742284	0.47749346322086783	0.46166112620151073	1.0	0.7656545593613907	0.4380426514032686	0.29836984224449387	0.30793984552887593	0.6611346385924657	0.7580584444916529	0.6061537846430416	0.7763354016084122	0.7726520216574331	1.0	0.46637008166761695	0.37417857905307955	0.5218699820111231	0.3667774919143437	0.6619049609145333	0.3584394708442106	1.0	0.35916521847860616	0.37762644711298016	0.4410855589456627	1.0	0.268323137870609	0.6994017365373274	0.6627101334088554
hi	1.0	0.32002019631786593	1.0	1.0	0.5986008280518904	0.5513682580936838	1.0	0.2741192126382355	0.6067636116293127	0.7162976956558118	0.7656545593613907	1.0	0.5866236502598342	0.3235299326535214	0.4857903433563017	1.0	1.0	0.7263875964832448	1.0	1.0	1.0	0.7162976956558118	0.4626210505851427	0.6084370696808219	0.5230394374106552	1.0	0.4251912541951724	1.0	0.6193113617177751	0.35784215111475104	0.5391300986496937	1.0	0.25336749975307515	0.7510341748895939	1.0
hu	0.5020797777427737	0.28175214541121163	1.0	0.6383248553524284	0.5232422761363549	0.444466016127	0.6008147721528392	0.2964246987508466	0.37371439577076465	0.3807047086475766	0.4380426514032686	0.5866236502598342	1.0	0.4255675946670243	0.3596860408786632	0.4184163024039197	0.5725146478206794	0.5452420413927404	0.593659722556896	0.5906558423651355	0.4415655184745411	0.4237174048569619	0.30753683728800696	0.3835712629481216	0.40142326927431854	0.41481272776593486	0.35828373995030693	0.7690990303325336	0.497996481507152	0.353021146992308	0.32290062690495613	0.4354670521374121	0.5141969808545968	0.42379197765783655	0.41130090411538794
id	0.749506019670501	0.2866465786519206	1.0	0.5343892256132456	0.3223962384795548	0.2806345010207047	0.465431848999524	0.24512136354009886	0.27570590057812405	0.26422881109431606	0.29836984224449387	0.3235299326535214	0.4255675946670243	1.0	0.23810222200668527	0.28137743764063866	0.3221969389820098	0.39631747117747984	0.5284498105664999	0.4527479605941596	0.4868127117162073	0.2393889049517838	0.22579719301670131	0.23420983046583357	0.2641748397744059	0.28528960146884996	0.23158181052403448	0.7510341748895938	0.3085336451060594	0.24981133755146803	0.24037693729692322	0.5846701681620468	0.20473224036527363	0.6212845645194139	0.2857451245174244
it	1.0	0.3500046334675538	1.0	0.7376607345031153	0.3210224771290368	0.18558863025128697	0.26422480644764146	0.14507958927435197	0.18320351159770018	0.17096086823352322	0.30793984552887593	0.4857903433563017	0.3596860408786632	0.23810222200668527	1.0	0.23565874252717334	0.4043325390114627	0.49613794969619884	0.5876277661521777	0.5747129628734963	0.7411828468492556	0.19464671212450385	0.14716673683770076	0.18032530105782005	0.24407175887090715	0.24103259316065037	0.17459830453980343	1.0	0.29605484988247843	0.22843724719429823	0.23314439804210121	0.7510341748895938	0.19596700849613974	0.6994017365373274	0.19756874377176603
ja	1.0	0.26303312318531175	1.0	1.0	0.3501507939592577	0.24782202187325272	1.0	0.1951804908622707	0.2754638512555523	0.20962196811837863	0.6611346385924657	1.0	0.4184163024039197	0.28137743764063866	0.23565874252717334	1.0	1.0	0.5808324558434826	1.0	1.0	1.0	0.25435147885778714	0.21304837285114028	0.31231788851831543	0.29773227132127245	1.0	0.21450110660062016	1.0	0.32660735070138963	0.2578109674691006	0.3218614563033218	1.0	0.20650468573100264	0.6994017365373274	1.0
ko	1.0	0.3238109487565295	1.0	1.0	0.361020816295078	0.40772281968006285	1.0	0.35116499163056725	0.36311021035750696	0.5302474751823165	0.7580584444916529	1.0	0.5725146478206794	0.3221969389820098	0.4043325390114627	1.0	1.0	0.5784765969745418	1.0	1.0	1.0	0.36557688583940356	0.3280432363796542	0.47281118789900367	0.34070352747527793	1.0	0.25630465661285057	1.0	0.3315010391093773	0.37118491248473306	0.3179417736508647	1.0	0.22972578198970722	0.6994017365373274	1.0
lv	1.0	0.30343324700575075	1.0	1.0	0.3739709645105776	0.5613938066806745	1.0	0.3964181038149719	0.5002179218420908	0.5784765969745418	0.6061537846430416	0.7263875964832448	0.5452420413927404	0.39631747117747984	0.49613794969619884	0.5808324558434826	0.5784765969745418	1.0	0.6568950979840228	0.7300208629885034	1.0	0.5426788832874898	0.5358939743236628	0.5424430387987919	0.4764815180834374	0.5808324558434828	0.36277248823605635	1.0	0.49244597637148446	0.4571035601802528	0.5134240875516021	1.0	0.5030229504798436	1.0	0.5784765969745418
mk	1.0	0.34644884696297773	1.0	1.0	0.5572231550893384	1.0	1.0	0.7221793916855703	0.6193113617177751	1.0	0.7763354016084122	1.0	0.593659722556896	0.5284498105664999	0.5876277661521777	1.0	1.0	0.6568950979840228	1.0	1.0	1.0	1.0	0.6221982196391783	0.7248485669756152	0.627012603689473	1.0	0.38249064885459666	1.0	0.5880993310991771	0.5301832168484073	0.6638546162332061	1.0	0.4512797600710388	1.0	1.0
ml	1.0	0.3029694086840649	1.0	1.0	0.556748221694847	1.0	1.0	0.4366061594326042	0.6167131210802119	0.6532002319725722	0.7726520216574331	1.0	0.5906558423651355	0.4527479605941596	0.5747129628734963	1.0	1.0	0.7300208629885034	1.0	1.0	1.0	0.6568318202362041	0.5505638267984209	0.7210092110599263	0.5506654520519748	1.0	0.38654337503423436	1.0	0.6023380116311116	0.5404690192916255	0.5698544211550289	1.0	0.6589257440209708	0.7510341748895938	1.0
mr	1.0	0.6395657813917609	1.0	1.0	0.4076738337198827	1.0	1.0	1.0	1.0	1.0	1.0	1.0	0.4415655184745411	0.4868127117162073	0.7411828468492556	1.0	1.0	1.0	1.0	1.0	1.0	1.0	1.0	1.0	0.6239725949460846	1.0	0.6161562425375515	1.0	0.675180510187506	1.0	0.6908587525207897	1.0	1.0	1.0	1.0
nl	1.0	0.3903782075326128	1.0	1.0	0.30560164608416207	0.2005461493499263	0.6067636116293126	0.18322089277888104	0.20005747199539506	0.20629417462443111	0.46637008166761695	0.7162976956558118	0.4237174048569619	0.2393889049517838	0.19464671212450385	0.25435147885778714	0.36557688583940356	0.5426788832874898	1.0	0.6568318202362041	1.0	1.0	0.24877712816338848	0.228164634403431	0.2912801105266159	0.24652468434745228	0.2045335720528311	1.0	0.3487883752427543	0.23237199475141426	0.2566046537427089	1.0	0.20228339426016823	0.6236857269851577	0.30297461256345826
pl	1.0	0.27179381066641484	1.0	1.0	0.31096533633174545	0.2112195941156727	0.514813298700054	0.1772335819206149	0.1834484367480192	0.18336532712158415	0.37417857905307955	0.4626210505851427	0.30753683728800696	0.22579719301670131	0.14716673683770076	0.21304837285114028	0.3280432363796542	0.5358939743236628	0.6221982196391783	0.5505638267984209	1.0	0.24877712816338848	1.0	0.19483829241958295	0.253892857854595	0.22532349257679024	0.18524826127812644	0.7510341748895938	0.32222039710577144	0.23914415829953034	0.26686257081063164	0.6994017365373274	0.19334402211397067	0.6994017365373274	0.2258286668267579
pt	1.0	0.3301905992555184	1.0	1.0	0.3737618564262265	0.2303330272049673	0.5788148614446592	0.1801503763101635	0.23213749272464165	0.22358159768828526	0.5218699820111231	0.6084370696808219	0.3835712629481216	0.23420983046583357	0.18032530105782005	0.31231788851831543	0.47281118789900367	0.5424430387987919	0.7248485669756152	0.7210092110599263	1.0	0.228164634403431	0.19483829241958295	1.0	0.2968236907202911	0.34343169876084245	0.2404027080620921	1.0	0.3046538774650763	0.21172453960534957	0.2795910514303156	1.0	0.19104370598955142	0.6994017365373274	0.41463432471017725
ro	0.7863954451402115	0.2706926227272035	1.0	0.5997389264307735	0.2997757327825906	0.28437088143696043	0.35235323340388974	0.24295814343336825	0.3074510698851515	0.26905218723842267	0.3667774919143437	0.5230394374106552	0.40142326927431854	0.2641748397744059	0.24407175887090715	0.29773227132127245	0.34070352747527793	0.4764815180834374	0.627012603689473	0.5506654520519748	0.6239725949460846	0.2912801105266159	0.253892857854595	0.2968236907202911	1.0	0.2981949068032662	0.21195037481353618	1.0	0.34993278926992116	0.2774528493154382	0.27286474012543016	0.7510341748895937	0.21153885157129174	0.6383314553491426	0.3419722295792995
ru	1.0	0.3104118691703409	1.0	1.0	0.34530454962929213	0.3164125281230355	1.0	0.33748965688210514	0.2636007148355958	0.3089292071263078	0.6619049609145333	1.0	0.41481272776593486	0.28528960146884996	0.24103259316065037	1.0	1.0	0.5808324558434828	1.0	1.0	1.0	0.24652468434745228	0.22532349257679024	0.34343169876084245	0.2981949068032662	1.0	0.20034404872459097	1.0	0.32160140797905373	0.3095397240286557	0.30495844999908384	1.0	0.2217829937241908	0.6994017365373274	1.0
sh	1.0	0.25876276850492813	1.0	0.6296338638408586	0.25777590630427627	0.17718031955384636	0.5118473217628814	0.1467351856083328	0.1692796476464931	0.1978430013619995	0.3584394708442106	0.4251912541951724	0.35828373995030693	0.23158181052403448	0.17459830453980343	0.21450110660062016	0.25630465661285057	0.36277248823605635	0.38249064885459666	0.38654337503423436	0.6161562425375515	0.2045335720528311	0.18524826127812644	0.2404027080620921	0.21195037481353618	0.20034404872459097	1.0	0.608985530491209	0.3416877411218642	0.14136830717554885	0.2683513617850389	0.7510341748895938	0.17132662478220764	0.6994017365373274	0.2029902089950071
si	1.0	0.7690990303325336	1.0	1.0	1.0	1.0	1.0	1.0	1.0	1.0	1.0	1.0	0.7690990303325336	0.7510341748895938	1.0	1.0	1.0	1.0	1.0	1.0	1.0	1.0	0.7510341748895938	1.0	1.0	1.0	0.608985530491209	1.0	0.7510341748895938	1.0	1.0	1.0	0.41300613512544543	1.0	1.0
simple	1.0	0.2870435846976278	1.0	1.0	0.3288736134219809	0.35175741699725466	0.5730102617975067	0.2913281153028183	0.29519557540357944	0.3111738649148081	0.35916521847860616	0.6193113617177751	0.497996481507152	0.3085336451060594	0.29605484988247843	0.32660735070138963	0.3315010391093773	0.49244597637148446	0.5880993310991771	0.6023380116311116	0.675180510187506	0.3487883752427543	0.32222039710577144	0.3046538774650763	0.34993278926992116	0.32160140797905373	0.3416877411218642	0.7510341748895938	1.0	0.33096512602570577	0.2859622382768551	0.7510341748895938	0.2830054791789328	0.6994017365373274	0.3325623928414536
sr	1.0	0.28537653665733037	1.0	0.6286737270540138	0.31734987603918474	0.1879140223399954	0.4349418437591648	0.1572354703766156	0.22884554134295076	0.18949735635002898	0.37762644711298016	0.35784215111475104	0.353021146992308	0.24981133755146803	0.22843724719429823	0.2578109674691006	0.37118491248473306	0.4571035601802528	0.5301832168484073	0.5404690192916255	1.0	0.23237199475141426	0.23914415829953034	0.21172453960534957	0.2774528493154382	0.3095397240286557	0.14136830717554885	1.0	0.33096512602570577	1.0	0.27245867358046194	0.646793650404393	0.18148757610707325	0.6212845645194138	0.27880284173212216
sv	0.7863954451402115	0.3528792997560041	1.0	0.6841174893561722	0.323572790665336	0.25864133748123896	0.44058078192392297	0.19505401540154887	0.24952909122520875	0.2694807217382779	0.4410855589456627	0.5391300986496937	0.32290062690495613	0.24037693729692322	0.23314439804210121	0.3218614563033218	0.3179417736508647	0.5134240875516021	0.6638546162332061	0.5698544211550289	0.6908587525207897	0.2566046537427089	0.26686257081063164	0.2795910514303156	0.27286474012543016	0.30495844999908384	0.2683513617850389	1.0	0.2859622382768551	0.27245867358046194	1.0	0.7510341748895937	0.20654865550792	0.5847816224842778	0.3099606452829554
te	1.0	0.6524007805500078	1.0	1.0	0.7510341748895938	1.0	1.0	0.7455134344225701	0.74551343442257	1.0	1.0	1.0	0.4354670521374121	0.5846701681620468	0.7510341748895938	1.0	1.0	1.0	1.0	1.0	1.0	1.0	0.6994017365373274	1.0	0.7510341748895937	1.0	0.7510341748895938	1.0	0.7510341748895938	0.646793650404393	0.7510341748895937	1.0	1.0	1.0	1.0
vi	1.0	0.2767553651349361	1.0	1.0	0.240894303731832	0.2779174288771791	0.2583191875317953	0.17265813632652252	0.19278746727977572	0.18311046988182775	0.268323137870609	0.25336749975307515	0.5141969808545968	0.20473224036527363	0.19596700849613974	0.20650468573100264	0.22972578198970722	0.5030229504798436	0.4512797600710388	0.6589257440209708	1.0	0.20228339426016823	0.19334402211397067	0.19104370598955142	0.21153885157129174	0.2217829937241908	0.17132662478220764	0.41300613512544543	0.2830054791789328	0.18148757610707325	0.20654865550792	1.0	1.0	0.6994017365373274	0.21474818056279812
war	1.0	0.36124557528186824	1.0	0.7510341748895939	0.6994017365373274	0.7510341748895938	0.6994017365373274	0.6236857269851578	0.6675386687698501	0.6994017365373274	0.6994017365373274	0.7510341748895939	0.42379197765783655	0.6212845645194139	0.6994017365373274	0.6994017365373274	0.6994017365373274	1.0	1.0	0.7510341748895938	1.0	0.6236857269851577	0.6994017365373274	0.6994017365373274	0.6383314553491426	0.6994017365373274	0.6994017365373274	1.0	0.6994017365373274	0.6212845645194138	0.5847816224842778	1.0	0.6994017365373274	1.0	0.6994017365373274
zh	1.0	0.28314367925815564	1.0	1.0	0.356032524287038	0.3009538706766894	1.0	0.2948057862309714	0.24887376826681612	0.37863484065832376	0.6627101334088554	1.0	0.41130090411538794	0.2857451245174244	0.19756874377176603	1.0	1.0	0.5784765969745418	1.0	1.0	1.0	0.30297461256345826	0.2258286668267579	0.41463432471017725	0.3419722295792995	1.0	0.2029902089950071	1.0	0.3325623928414536	0.27880284173212216	0.3099606452829554	1.0	0.21474818056279812	0.6994017365373274	1.0
