bs	ckb	da	de	el	en	es	fr	he	hi	hu	id	it	ja	ko	lv	mk	ml	mr	nl	pl	pt	ro	ru	sh	si	simple	sr	sv	te	tr	union	vi	zh
bs	0.5	0.0	0.07142857142857142	0.011363636363636364	0.07142857142857142	0.007575757575757576	0.011904761904761904	0.013157894736842105	0.045454545454545456	0.0	0.0625	0.08333333333333333	0.016666666666666666	0.023809523809523808	0.05	0.0	0.125	0.0	0.0	0.018518518518518517	0.018518518518518517	0.017857142857142856	0.05555555555555555	0.017857142857142856	0.1	0.0	0.0	0.1	0.027777777777777776	0.0	0.07142857142857142	0.006493506493506494	0.0	0.029411764705882353
ckb	0.0	0.5	0.05555555555555555	0.03409090909090909	0.05555555555555555	0.022727272727272728	0.023255813953488372	0.02564102564102564	0.038461538461538464	0.16666666666666666	0.05	0.14285714285714285	0.03225806451612903	0.07142857142857142	0.041666666666666664	0.16666666666666666	0.08333333333333333	0.1	0.08333333333333333	0.05555555555555555	0.05555555555555555	0.034482758620689655	0.045454545454545456	0.034482758620689655	0.0	0.0	0.1111111111111111	0.07142857142857142	0.05263157894736842	0.1	0.125	0.01948051948051948	0.08333333333333333	0.05555555555555555
da	0.07142857142857142	0.05555555555555555	0.5	0.045454545454545456	0.125	0.02702702702702703	0.1	0.06666666666666667	0.2	0.16666666666666666	0.1	0.14285714285714285	0.07142857142857142	0.027777777777777776	0.0	0.07142857142857142	0.1875	0.125	0.0	0.05555555555555555	0.16666666666666666	0.08333333333333333	0.0	0.1	0.16666666666666666	0.0	0.16666666666666666	0.16666666666666666	0.16666666666666666	0.0	0.0	0.022727272727272728	0.25	0.1111111111111111
de	0.011363636363636364	0.03409090909090909	0.045454545454545456	1.0	0.047619047619047616	0.14209726443768997	0.375	0.2	0.06818181818181818	0.023809523809523808	0.045454545454545456	0.14285714285714285	0.39583333333333337	0.11666666666666667	0.0625	0.011363636363636364	0.045454545454545456	0.047619047619047616	0.03333333333333333	0.09375	0.21904761904761905	0.3666666666666667	0.023809523809523808	0.1	0.023809523809523808	0.023809523809523808	0.023809523809523808	0.023809523809523808	0.11904761904761904	0.022222222222222223	0.043478260869565216	0.2702020202020202	0.07142857142857142	0.1590909090909091
el	0.07142857142857142	0.05555555555555555	0.125	0.047619047619047616	0.5	0.027777777777777776	0.05	0.07142857142857142	0.1	0.0	0.0	0.16666666666666666	0.03571428571428571	0.0	0.0	0.07142857142857142	0.2857142857142857	0.0	0.0	0.027777777777777776	0.08333333333333333	0.041666666666666664	0.0	0.05	0.25	0.0	0.0	0.25	0.08333333333333333	0.0	0.0	0.015151515151515152	0.125	0.05555555555555555
en	0.007575757575757576	0.022727272727272728	0.02702702702702703	0.14209726443768997	0.027777777777777776	1.0	0.0625	0.23193473193473194	0.05555555555555555	0.013888888888888888	0.02702702702702703	0.05263157894736842	0.175	0.11904761904761904	0.12878787878787878	0.007575757575757576	0.030303030303030304	0.027777777777777776	0.030303030303030304	0.08888888888888889	0.16035353535353536	0.0875	0.0	0.09210526315789473	0.013888888888888888	0.0	0.013888888888888888	0.013888888888888888	0.1148989898989899	0.022727272727272728	0.04054054054054054	0.5782828282828283	0.02702702702702703	0.0945945945945946
es	0.011904761904761904	0.023255813953488372	0.1	0.375	0.05	0.0625	1.0	0.10526315789473684	0.15	0.05555555555555555	0.045454545454545456	0.07692307692307693	0.33035714285714285	0.09523809523809523	0.03571428571428571	0.011904761904761904	0.047619047619047616	0.05	0.022727272727272728	0.11904761904761904	0.2	0.4583333333333333	0.0	0.1	0.05555555555555555	0.0	0.05555555555555555	0.05555555555555555	0.2	0.023255813953488372	0.0	0.12373737373737373	0.1	0.15384615384615385
fr	0.013157894736842105	0.02564102564102564	0.06666666666666667	0.2	0.07142857142857142	0.23193473193473194	0.10526315789473684	1.0	0.14285714285714285	0.03571428571428571	0.03125	0.16666666666666666	0.21052631578947367	0.1	0.375	0.013157894736842105	0.05263157894736842	0.07142857142857142	0.038461538461538464	0.12	0.13333333333333333	0.19444444444444445	0.03571428571428571	0.1388888888888889	0.03571428571428571	0.03571428571428571	0.03571428571428571	0.03571428571428571	0.13333333333333333	0.02564102564102564	0.14285714285714285	0.1616161616161616	0.10714285714285714	0.23333333333333334
he	0.045454545454545456	0.038461538461538464	0.2	0.06818181818181818	0.1	0.05555555555555555	0.15	0.14285714285714285	0.5	0.125	0.08333333333333333	0.125	0.15384615384615385	0.08823529411764706	0.05555555555555555	0.045454545454545456	0.125	0.1	0.0	0.11764705882352941	0.25	0.125	0.0	0.2222222222222222	0.125	0.0	0.125	0.125	0.25	0.0	0.07142857142857142	0.030303030303030304	0.2	0.16666666666666666
hi	0.0	0.16666666666666666	0.16666666666666666	0.023809523809523808	0.0	0.013888888888888888	0.05555555555555555	0.03571428571428571	0.125	0.5	0.0	0.08333333333333333	0.038461538461538464	0.03125	0.0	0.1	0.0625	0.25	0.4	0.029411764705882353	0.1	0.045454545454545456	0.0	0.05555555555555555	0.0	0.0	0.5	0.0	0.1	0.3	0.0	0.007575757575757576	0.16666666666666666	0.0625
hu	0.0625	0.05	0.1	0.045454545454545456	0.0	0.02702702702702703	0.045454545454545456	0.03125	0.08333333333333333	0.0	0.5	0.0625	0.07142857142857142	0.058823529411764705	0.0	0.0625	0.16666666666666666	0.0	0.0	0.02631578947368421	0.16666666666666666	0.038461538461538464	0.0	0.1	0.0	0.0	0.0	0.0	0.07142857142857142	0.0	0.0	0.022727272727272728	0.0	0.1111111111111111
id	0.08333333333333333	0.14285714285714285	0.14285714285714285	0.14285714285714285	0.16666666666666666	0.05263157894736842	0.07692307692307693	0.16666666666666666	0.125	0.08333333333333333	0.0625	0.5	0.17857142857142858	0.05	0.0	0.08333333333333333	0.21428571428571427	0.07142857142857142	0.05555555555555555	0.047619047619047616	0.1875	0.15384615384615385	0.08333333333333333	0.18181818181818182	0.08333333333333333	0.08333333333333333	0.08333333333333333	0.08333333333333333	0.1111111111111111	0.0625	0.05555555555555555	0.045454545454545456	0.25	0.2
it	0.016666666666666666	0.03225806451612903	0.07142857142857142	0.39583333333333337	0.03571428571428571	0.175	0.33035714285714285	0.21052631578947367	0.15384615384615385	0.038461538461538464	0.07142857142857142	0.17857142857142858	1.0	0.13043478260869565	0.058823529411764705	0.016666666666666666	0.04838709677419355	0.03571428571428571	0.03125	0.125	0.3351648351648352	0.375	0.038461538461538464	0.1875	0.038461538461538464	0.038461538461538464	0.038461538461538464	0.038461538461538464	0.14285714285714285	0.03225806451612903	0.06666666666666667	0.29292929292929293	0.11538461538461539	0.2
ja	0.023809523809523808	0.07142857142857142	0.027777777777777776	0.11666666666666667	0.0	0.11904761904761904	0.09523809523809523	0.1	0.08823529411764706	0.03125	0.058823529411764705	0.05	0.13043478260869565	0.5	0.1111111111111111	0.023809523809523808	0.09523809523809523	0.0625	0.043478260869565216	0.08928571428571429	0.11764705882352941	0.11363636363636363	0.0	0.09523809523809523	0.0	0.0	0.03125	0.0	0.11764705882352941	0.021739130434782608	0.05555555555555555	0.12121212121212122	0.027777777777777776	0.13157894736842105
ko	0.05	0.041666666666666664	0.0	0.0625	0.0	0.12878787878787878	0.03571428571428571	0.375	0.05555555555555555	0.0	0.0	0.0	0.058823529411764705	0.1111111111111111	1.0	0.05	0.13636363636363635	0.07142857142857142	0.0	0.075	0.05	0.10714285714285714	0.0	0.03571428571428571	0.0	0.0	0.0	0.0	0.1111111111111111	0.0	0.125	0.07323232323232323	0.0	0.13636363636363635
lv	0.0	0.16666666666666666	0.07142857142857142	0.011363636363636364	0.07142857142857142	0.007575757575757576	0.011904761904761904	0.013157894736842105	0.045454545454545456	0.1	0.0625	0.08333333333333333	0.016666666666666666	0.023809523809523808	0.05	0.5	0.125	0.0	0.0	0.018518518518518517	0.018518518518518517	0.017857142857142856	0.05555555555555555	0.017857142857142856	0.0	0.0	0.0	0.1	0.027777777777777776	0.0	0.07142857142857142	0.006493506493506494	0.125	0.029411764705882353
mk	0.125	0.08333333333333333	0.1875	0.045454545454545456	0.2857142857142857	0.030303030303030304	0.047619047619047616	0.05263157894736842	0.125	0.0625	0.16666666666666666	0.21428571428571427	0.04838709677419355	0.09523809523809523	0.13636363636363635	0.125	0.5	0.0	0.0	0.07407407407407407	0.05357142857142857	0.07142857142857142	0.15	0.07142857142857142	0.25	0.125	0.045454545454545456	0.4	0.07894736842105263	0.0	0.1875	0.025974025974025976	0.16666666666666666	0.08333333333333333
ml	0.0	0.1	0.125	0.047619047619047616	0.0	0.027777777777777776	0.05	0.07142857142857142	0.1	0.25	0.0	0.07142857142857142	0.03571428571428571	0.0625	0.07142857142857142	0.0	0.0	0.5	0.375	0.058823529411764705	0.08333333333333333	0.09090909090909091	0.0	0.05	0.0	0.0	0.25	0.0	0.08333333333333333	0.25	0.1	0.015151515151515152	0.125	0.125
mr	0.0	0.08333333333333333	0.0	0.03333333333333333	0.0	0.030303030303030304	0.022727272727272728	0.038461538461538464	0.0	0.4	0.0	0.05555555555555555	0.03125	0.043478260869565216	0.0	0.0	0.0	0.375	0.5	0.034482758620689655	0.05357142857142857	0.016129032258064516	0.0	0.03333333333333333	0.0	0.0	0.045454545454545456	0.0	0.023809523809523808	0.375	0.05	0.025974025974025976	0.0	0.05263157894736842
nl	0.018518518518518517	0.05555555555555555	0.05555555555555555	0.09375	0.027777777777777776	0.08888888888888889	0.11904761904761904	0.12	0.11764705882352941	0.029411764705882353	0.02631578947368421	0.047619047619047616	0.125	0.08928571428571429	0.075	0.018518518518518517	0.07407407407407407	0.058823529411764705	0.034482758620689655	0.5	0.1111111111111111	0.08333333333333333	0.0	0.09090909090909091	0.029411764705882353	0.0	0.029411764705882353	0.029411764705882353	0.1111111111111111	0.03571428571428571	0.05263157894736842	0.12878787878787878	0.05555555555555555	0.125
pl	0.018518518518518517	0.05555555555555555	0.16666666666666666	0.21904761904761905	0.08333333333333333	0.16035353535353536	0.2	0.13333333333333333	0.25	0.1	0.16666666666666666	0.1875	0.3351648351648352	0.11764705882352941	0.05	0.018518518518518517	0.05357142857142857	0.08333333333333333	0.05357142857142857	0.1111111111111111	1.0	0.11538461538461539	0.0	0.2	0.1	0.0	0.1	0.1	0.3333333333333333	0.03571428571428571	0.0	0.09343434343434343	0.16666666666666666	0.3125
pt	0.017857142857142856	0.034482758620689655	0.08333333333333333	0.3666666666666667	0.041666666666666664	0.0875	0.4583333333333333	0.19444444444444445	0.125	0.045454545454545456	0.038461538461538464	0.15384615384615385	0.375	0.11363636363636363	0.10714285714285714	0.017857142857142856	0.07142857142857142	0.09090909090909091	0.016129032258064516	0.08333333333333333	0.11538461538461539	1.0	0.045454545454545456	0.16666666666666666	0.045454545454545456	0.045454545454545456	0.045454545454545456	0.045454545454545456	0.07142857142857142	0.016666666666666666	0.125	0.16666666666666666	0.13636363636363635	0.23076923076923078
ro	0.05555555555555555	0.045454545454545456	0.0	0.023809523809523808	0.0	0.0	0.0	0.03571428571428571	0.0	0.0	0.0	0.08333333333333333	0.038461538461538464	0.0	0.0	0.05555555555555555	0.15	0.0	0.0	0.0	0.0	0.045454545454545456	0.5	0.05555555555555555	0.0	0.5	0.0	0.0	0.0	0.0	0.125	0.007575757575757576	0.16666666666666666	0.0625
ru	0.017857142857142856	0.034482758620689655	0.1	0.1	0.05	0.09210526315789473	0.1	0.1388888888888889	0.2222222222222222	0.05555555555555555	0.1	0.18181818181818182	0.1875	0.09523809523809523	0.03571428571428571	0.017857142857142856	0.07142857142857142	0.05	0.03333333333333333	0.09090909090909091	0.2	0.16666666666666666	0.05555555555555555	0.5	0.05555555555555555	0.05555555555555555	0.05555555555555555	0.05555555555555555	0.13636363636363635	0.034482758620689655	0.09090909090909091	0.06818181818181818	0.16666666666666666	0.20833333333333334
sh	0.1	0.0	0.16666666666666666	0.023809523809523808	0.25	0.013888888888888888	0.05555555555555555	0.03571428571428571	0.125	0.0	0.0	0.08333333333333333	0.038461538461538464	0.0	0.0	0.0	0.25	0.0	0.0	0.029411764705882353	0.1	0.045454545454545456	0.0	0.05555555555555555	0.5	0.0	0.0	0.5	0.1	0.0	0.0	0.007575757575757576	0.16666666666666666	0.0625
si	0.0	0.0	0.0	0.023809523809523808	0.0	0.0	0.0	0.03571428571428571	0.0	0.0	0.0	0.08333333333333333	0.038461538461538464	0.0	0.0	0.0	0.125	0.0	0.0	0.0	0.0	0.045454545454545456	0.5	0.05555555555555555	0.0	0.5	0.0	0.0	0.0	0.0	0.125	0.007575757575757576	0.16666666666666666	0.0625
simple	0.0	0.1111111111111111	0.16666666666666666	0.023809523809523808	0.0	0.013888888888888888	0.05555555555555555	0.03571428571428571	0.125	0.5	0.0	0.08333333333333333	0.038461538461538464	0.03125	0.0	0.0	0.045454545454545456	0.25	0.045454545454545456	0.029411764705882353	0.1	0.045454545454545456	0.0	0.05555555555555555	0.0	0.0	0.5	0.0	0.1	0.05	0.0	0.007575757575757576	0.16666666666666666	0.0625
sr	0.1	0.07142857142857142	0.16666666666666666	0.023809523809523808	0.25	0.013888888888888888	0.05555555555555555	0.03571428571428571	0.125	0.0	0.0	0.08333333333333333	0.038461538461538464	0.0	0.0	0.1	0.4	0.0	0.0	0.029411764705882353	0.1	0.045454545454545456	0.0	0.05555555555555555	0.5	0.0	0.0	0.5	0.1	0.0	0.0	0.007575757575757576	0.16666666666666666	0.0625
sv	0.027777777777777776	0.05263157894736842	0.16666666666666666	0.11904761904761904	0.08333333333333333	0.1148989898989899	0.2	0.13333333333333333	0.25	0.1	0.07142857142857142	0.1111111111111111	0.14285714285714285	0.11764705882352941	0.1111111111111111	0.027777777777777776	0.07894736842105263	0.08333333333333333	0.023809523809523808	0.1111111111111111	0.3333333333333333	0.07142857142857142	0.0	0.13636363636363635	0.1	0.0	0.1	0.1	1.0	0.025	0.0	0.06565656565656566	0.16666666666666666	0.2222222222222222
te	0.0	0.1	0.0	0.022222222222222223	0.0	0.022727272727272728	0.023255813953488372	0.02564102564102564	0.0	0.3	0.0	0.0625	0.03225806451612903	0.021739130434782608	0.0	0.0	0.0	0.25	0.375	0.03571428571428571	0.03571428571428571	0.016666666666666666	0.0	0.034482758620689655	0.0	0.0	0.05	0.0	0.025	0.5	0.05555555555555555	0.01948051948051948	0.0	0.05555555555555555
tr	0.07142857142857142	0.125	0.0	0.043478260869565216	0.0	0.04054054054054054	0.0	0.14285714285714285	0.07142857142857142	0.0	0.0	0.05555555555555555	0.06666666666666667	0.05555555555555555	0.125	0.07142857142857142	0.1875	0.1	0.05	0.05263157894736842	0.0	0.125	0.125	0.09090909090909091	0.0	0.125	0.0	0.0	0.0	0.05555555555555555	0.5	0.030303030303030304	0.08333333333333333	0.1
union	0.006493506493506494	0.01948051948051948	0.022727272727272728	0.2702020202020202	0.015151515151515152	0.5782828282828283	0.12373737373737373	0.1616161616161616	0.030303030303030304	0.007575757575757576	0.022727272727272728	0.045454545454545456	0.29292929292929293	0.12121212121212122	0.07323232323232323	0.006493506493506494	0.025974025974025976	0.015151515151515152	0.025974025974025976	0.12878787878787878	0.09343434343434343	0.16666666666666666	0.007575757575757576	0.06818181818181818	0.007575757575757576	0.007575757575757576	0.007575757575757576	0.007575757575757576	0.06565656565656566	0.01948051948051948	0.030303030303030304	1.0	0.022727272727272728	0.06060606060606061
vi	0.0	0.08333333333333333	0.25	0.07142857142857142	0.125	0.02702702702702703	0.1	0.10714285714285714	0.2	0.16666666666666666	0.0	0.25	0.11538461538461539	0.027777777777777776	0.0	0.125	0.16666666666666666	0.125	0.0	0.05555555555555555	0.16666666666666666	0.13636363636363635	0.16666666666666666	0.16666666666666666	0.16666666666666666	0.16666666666666666	0.16666666666666666	0.16666666666666666	0.16666666666666666	0.0	0.08333333333333333	0.022727272727272728	0.5	0.1875
zh	0.029411764705882353	0.05555555555555555	0.1111111111111111	0.1590909090909091	0.05555555555555555	0.0945945945945946	0.15384615384615385	0.23333333333333334	0.16666666666666666	0.0625	0.1111111111111111	0.2	0.2	0.13157894736842105	0.13636363636363635	0.029411764705882353	0.08333333333333333	0.125	0.05263157894736842	0.125	0.3125	0.23076923076923078	0.0625	0.20833333333333334	0.0625	0.0625	0.0625	0.0625	0.2222222222222222	0.05555555555555555	0.1	0.06060606060606061	0.1875	0.5
