arz	bs	ceb	ckb	da	de	el	en	es	fr	he	hi	hu	id	it	ja	ko	lv	mk	ml	mr	nl	pl	pt	ro	ru	sh	si	simple	sr	sv	te	vi	war	zh
arz	1.0	1.0	0.0	0.0	1.0	1.0	0.585786437626905	0.5	0.585786437626905	0.0	1.0	0.0	1.0	1.0	0.585786437626905	0.585786437626905	1.0	1.0	1.0	0.0	0.0	1.0	0.585786437626905	1.0	0.5	0.585786437626905	1.0	0.0	1.0	1.0	1.0	0.0	1.0	0.0	0.585786437626905
bs	1.0	1.0	0.0	1.0	0.585786437626905	0.585786437626905	0.39564392373896007	0.08556925800277418	0.09166246207273658	0.0	0.36602540378443865	1.0	1.0	0.3797958971132712	0.11019706690458785	0.39564392373896007	0.585786437626905	0.4364916731037085	0.39564392373896007	1.0	1.0	0.585786437626905	0.1886378647726465	0.24257131419419417	0.3950325357559503	0.21089672205953397	0.585786437626905	1.0	0.39564392373896007	0.3726822671238253	0.585786437626905	1.0	1.0	0.585786437626905	0.3090169943749474
ceb	0.0	0.0	1.0	0.0	1.0	1.0	1.0	1.0	1.0	0.0	1.0	0.0	0.0	0.0	1.0	1.0	1.0	1.0	0.0	0.0	0.0	1.0	1.0	1.0	1.0	1.0	1.0	0.0	0.0	0.0	1.0	0.0	1.0	0.0	1.0
ckb	0.0	1.0	0.0	1.0	1.0	1.0	1.0	1.0	1.0	0.0	1.0	1.0	1.0	1.0	1.0	1.0	1.0	1.0	1.0	1.0	1.0	1.0	1.0	1.0	1.0	1.0	1.0	1.0	1.0	1.0	1.0	1.0	1.0	1.0	1.0
da	1.0	0.585786437626905	1.0	1.0	1.0	0.1809073112342927	0.3090169943749474	0.02191227836545461	0.08788171250561332	0.0	0.19900804996708032	1.0	0.3333333333333333	0.2402530733520421	0.11224786020923541	0.09170185351770928	0.25	0.24660605559646726	0.585786437626905	0.2459454694465688	1.0	0.08817495988488835	0.15438708879488486	0.17025921636942778	0.055082335277447	0.07643479981789358	0.2708131845707603	1.0	0.585786437626905	0.30216947925196225	0.05219001722510525	1.0	0.32037724101704074	1.0	0.1654314643047761
de	1.0	0.585786437626905	1.0	1.0	0.1809073112342927	1.0	0.07433539338864509	0.0026410045227552486	0.05089369073001999	0.0	0.1259791880141182	1.0	0.24660605559646726	0.07085786777811222	0.019442294969867872	0.012904021872796996	0.38742588672279304	0.2517564787261065	0.4364916731037085	0.07794462227879873	1.0	0.022217812093746393	0.02652999275676274	0.05235488514320077	0.0166596158535094	0.005995634745868559	0.27195617308673004	1.0	0.3333333333333333	0.1774053291584318	0.06071497278809675	1.0	0.17331935664757372	1.0	0.027986126379844392
el	0.585786437626905	0.39564392373896007	1.0	1.0	0.3090169943749474	0.07433539338864509	1.0	0.008217276595313194	0.025217678003916208	0.0	0.16374157403381479	1.0	0.4142135623730951	0.04390045110018298	0.023543008777903218	0.07419062545395257	0.3203772410170407	0.24336073281110826	1.0	0.23302402810392372	1.0	0.05931574177873907	0.03457250378484003	0.06895656907042202	0.04049105472260694	0.031139059743085565	0.20658711810431302	1.0	0.5	0.25471753445936607	0.14239567032910783	1.0	0.18181818181818182	0.585786437626905	0.07388318589403617
en	0.5	0.08556925800277418	1.0	1.0	0.02191227836545461	0.0026410045227552486	0.008217276595313194	1.0	0.0008791743380985522	0.585786437626905	0.029075630291247077	0.38742588672279304	0.10461759701469682	0.012108318892561134	0.003999760343084415	0.005629354242577817	0.20991366558572697	0.05778707659724363	0.2928060946961875	0.005689316412265414	1.0	0.0055563439000976345	0.003544384443382996	0.003547897353635411	0.006140361547773058	0.007084236178485528	0.07128646303079698	1.0	0.14037600977966974	0.07662084116140322	0.00563759940476652	1.0	0.07563329808289147	1.0	0.00676813112559015
es	0.585786437626905	0.09166246207273658	1.0	1.0	0.08788171250561332	0.05089369073001999	0.025217678003916208	0.0008791743380985522	1.0	1.0	0.09691386989121835	0.585786437626905	0.21712927295533244	0.021196844188430587	0.0011021386259298846	0.00659256771752079	0.44948974278317805	0.21712927295533244	0.585786437626905	0.011530553995447109	1.0	0.003431321282426394	0.001838486794696489	0.0047486528703073435	0.010686184045776282	0.002018373741908623	0.1680743603534397	1.0	0.38742588672279304	0.10365471479885104	0.010044222466572588	1.0	0.1051006039575273	1.0	0.00943564030762887
fr	0.0	0.0	0.0	0.0	0.0	0.0	0.0	0.585786437626905	1.0	1.0	0.0	0.0	0.0	0.0	1.0	0.0	0.0	0.0	0.0	0.0	0.0	1.0	1.0	1.0	0.0	0.585786437626905	0.0	0.0	0.0	0.0	0.0	0.0	0.0	0.0	1.0
he	1.0	0.36602540378443865	1.0	1.0	0.19900804996708032	0.1259791880141182	0.16374157403381479	0.029075630291247077	0.09691386989121835	0.0	1.0	1.0	0.3430703308172536	0.08626631028710131	0.07343111188079922	0.046116279483285276	0.38742588672279304	0.2372732414640341	0.585786437626905	0.4142135623730951	1.0	0.08191605747888367	0.08063375388365411	0.09263816447299716	0.02763245656478	0.06271773182454012	0.20894541729001367	1.0	0.44948974278317805	0.1886378647726465	0.12444584824196174	1.0	0.23874775399470893	1.0	0.051062798361116934
hi	0.0	1.0	0.0	1.0	1.0	1.0	1.0	0.38742588672279304	0.585786437626905	0.0	1.0	1.0	1.0	0.5	0.5	1.0	1.0	1.0	1.0	1.0	1.0	1.0	1.0	1.0	1.0	0.5	1.0	1.0	1.0	1.0	1.0	1.0	1.0	1.0	1.0
hu	1.0	1.0	0.0	1.0	0.3333333333333333	0.24660605559646726	0.4142135623730951	0.10461759701469682	0.21712927295533244	0.0	0.3430703308172536	1.0	1.0	0.44948974278317805	0.18660549686337075	0.1945731543291773	1.0	0.5	1.0	0.28172904669025317	1.0	0.17797387640247572	0.16760090740494846	0.20521309615767266	0.08748674971457102	0.14473806291140873	0.44948974278317805	1.0	0.44948974278317805	0.3483314773547883	0.21822796141133347	1.0	0.36602540378443865	1.0	0.3244997998398398
id	1.0	0.3797958971132712	0.0	1.0	0.2402530733520421	0.07085786777811222	0.04390045110018298	0.012108318892561134	0.021196844188430587	0.0	0.08626631028710131	0.5	0.44948974278317805	1.0	0.018394606584983885	0.04039173526304098	0.17628553230201896	0.20386840968093525	0.35388936786452296	0.15087189911523768	1.0	0.033493497317950975	0.027649661314533037	0.027071390156656324	0.16666666666666666	0.018105187857563657	0.1585482616943639	1.0	0.18502951679940477	0.19292728076790167	0.08933437698065556	1.0	0.10038187605721147	0.39564392373896007	0.05742281715521523
it	0.585786437626905	0.11019706690458785	1.0	1.0	0.11224786020923541	0.019442294969867872	0.023543008777903218	0.003999760343084415	0.0011021386259298846	1.0	0.07343111188079922	0.5	0.18660549686337075	0.018394606584983885	1.0	0.006515872249249105	0.34833147735478825	0.15331120368114	0.585786437626905	0.007236554338511095	1.0	0.0030285159928043377	0.002403750566505505	0.004740246365678403	0.00972200214223675	0.002702201637883232	0.1368970350053999	1.0	0.3090169943749474	0.0862854024274251	0.019232828968109926	1.0	0.1114433448618797	1.0	0.011363372975406441
ja	0.585786437626905	0.39564392373896007	1.0	1.0	0.09170185351770928	0.012904021872796996	0.07419062545395257	0.005629354242577817	0.00659256771752079	0.0	0.046116279483285276	1.0	0.1945731543291773	0.04039173526304098	0.006515872249249105	1.0	0.17100799366294794	0.09162888836133518	0.44948974278317805	0.09104321223252798	1.0	0.011049439661173558	0.008942150780136215	0.012156295833723069	0.02342803971472169	0.006896939680390231	0.13727019597372123	1.0	0.2	0.17826035697019474	0.028277654051840052	1.0	0.09940372394595587	1.0	0.017761799366503135
ko	1.0	0.585786437626905	1.0	1.0	0.25	0.38742588672279304	0.3203772410170407	0.20991366558572697	0.44948974278317805	0.0	0.38742588672279304	1.0	1.0	0.17628553230201896	0.34833147735478825	0.17100799366294794	1.0	1.0	1.0	0.36602540378443865	1.0	0.3203772410170407	0.33333333333333326	0.38742588672279304	0.05504538126728562	0.1827439976315568	0.5	1.0	1.0	0.32449979983983984	0.34833147735478825	1.0	0.3660254037844386	1.0	0.1809073112342927
lv	1.0	0.4364916731037085	1.0	1.0	0.24660605559646726	0.2517564787261065	0.24336073281110826	0.05778707659724363	0.21712927295533244	0.0	0.2372732414640341	1.0	0.5	0.20386840968093525	0.15331120368114	0.09162888836133518	1.0	1.0	1.0	0.5	1.0	0.1518442389903171	0.14014675455354708	0.24496552958641035	0.058121691704897366	0.11433841851550565	0.5	1.0	0.585786437626905	0.4142135623730951	0.15225881209433406	1.0	0.5	1.0	0.1490392711850658
mk	1.0	0.39564392373896007	0.0	1.0	0.585786437626905	0.4364916731037085	1.0	0.2928060946961875	0.585786437626905	0.0	0.585786437626905	1.0	1.0	0.35388936786452296	0.585786437626905	0.44948974278317805	1.0	1.0	1.0	0.585786437626905	1.0	0.44948974278317805	1.0	1.0	0.3021694792519622	0.38742588672279304	0.585786437626905	1.0	1.0	0.44948974278317805	1.0	1.0	1.0	1.0	0.353889367864523
ml	0.0	1.0	0.0	1.0	0.2459454694465688	0.07794462227879873	0.23302402810392372	0.005689316412265414	0.011530553995447109	0.0	0.4142135623730951	1.0	0.28172904669025317	0.15087189911523768	0.007236554338511095	0.09104321223252798	0.36602540378443865	0.5	0.585786437626905	1.0	1.0	0.025056850851631996	0.024926252334026185	0.04588835848416451	0.04895120016760844	0.011166086992666344	0.36602540378443865	0.585786437626905	0.36602540378443865	0.4142135623730951	0.18627359303375404	1.0	0.25728427444747215	1.0	0.09962028648945018
mr	0.0	1.0	0.0	1.0	1.0	1.0	1.0	1.0	1.0	0.0	1.0	1.0	1.0	1.0	1.0	1.0	1.0	1.0	1.0	1.0	1.0	1.0	1.0	1.0	1.0	1.0	1.0	1.0	1.0	1.0	1.0	1.0	1.0	1.0	1.0
nl	1.0	0.585786437626905	1.0	1.0	0.08817495988488835	0.022217812093746393	0.05931574177873907	0.0055563439000976345	0.003431321282426394	1.0	0.08191605747888367	1.0	0.17797387640247572	0.033493497317950975	0.0030285159928043377	0.011049439661173558	0.3203772410170407	0.1518442389903171	0.44948974278317805	0.025056850851631996	1.0	1.0	0.005137876323034426	0.02898624262339801	0.013735909325810067	0.0045833229171044565	0.19219040425836986	1.0	0.23800671553691075	0.15469892573173544	0.026371960643502494	1.0	0.13942101738017212	1.0	0.020595464716245914
pl	0.585786437626905	0.1886378647726465	1.0	1.0	0.15438708879488486	0.02652999275676274	0.03457250378484003	0.003544384443382996	0.001838486794696489	1.0	0.08063375388365411	1.0	0.16760090740494846	0.027649661314533037	0.002403750566505505	0.008942150780136215	0.33333333333333326	0.14014675455354708	1.0	0.024926252334026185	1.0	0.005137876323034426	1.0	0.024350793338547963	0.012432164074369107	0.0033080663825077444	0.1393161703394676	1.0	0.2843646522044218	0.13603863460387838	0.02414604399465852	1.0	0.1373201939603431	1.0	0.02097053964256825
pt	1.0	0.24257131419419417	1.0	1.0	0.17025921636942778	0.05235488514320077	0.06895656907042202	0.003547897353635411	0.0047486528703073435	1.0	0.09263816447299716	1.0	0.20521309615767266	0.027071390156656324	0.004740246365678403	0.012156295833723069	0.38742588672279304	0.24496552958641035	1.0	0.04588835848416451	1.0	0.02898624262339801	0.024350793338547963	1.0	0.016238634281288043	0.005808589050388932	0.16855212267069633	1.0	0.3164309725825327	0.14763410387308015	0.06798090101321877	1.0	0.12318225841652766	1.0	0.01973555494416215
ro	0.5	0.3950325357559503	1.0	1.0	0.055082335277447	0.0166596158535094	0.04049105472260694	0.006140361547773058	0.010686184045776282	0.0	0.02763245656478	1.0	0.08748674971457102	0.16666666666666666	0.00972200214223675	0.02342803971472169	0.05504538126728562	0.058121691704897366	0.3021694792519622	0.04895120016760844	1.0	0.013735909325810067	0.012432164074369107	0.016238634281288043	1.0	0.010942502195583593	0.04983634748948309	1.0	0.12729683913915313	0.11660709693225206	0.02700579894860864	0.585786437626905	0.05564175235344042	1.0	0.021800231176155642
ru	0.585786437626905	0.21089672205953397	1.0	1.0	0.07643479981789358	0.005995634745868559	0.031139059743085565	0.007084236178485528	0.002018373741908623	0.585786437626905	0.06271773182454012	0.5	0.14473806291140873	0.018105187857563657	0.002702201637883232	0.006896939680390231	0.1827439976315568	0.11433841851550565	0.38742588672279304	0.011166086992666344	1.0	0.0045833229171044565	0.0033080663825077444	0.005808589050388932	0.010942502195583593	1.0	0.12565642000104116	1.0	0.2517564787261065	0.10693304064356411	0.018419395143626227	1.0	0.1002229934043389	1.0	0.01713483162361108
sh	1.0	0.585786437626905	1.0	1.0	0.2708131845707603	0.27195617308673004	0.20658711810431302	0.07128646303079698	0.1680743603534397	0.0	0.20894541729001367	1.0	0.44948974278317805	0.1585482616943639	0.1368970350053999	0.13727019597372123	0.5	0.5	0.585786437626905	0.36602540378443865	1.0	0.19219040425836986	0.1393161703394676	0.16855212267069633	0.04983634748948309	0.12565642000104116	1.0	1.0	0.585786437626905	0.2025519956555797	0.23441237831492112	1.0	0.3430703308172536	1.0	0.1451237563800966
si	0.0	1.0	0.0	1.0	1.0	1.0	1.0	1.0	1.0	0.0	1.0	1.0	1.0	1.0	1.0	1.0	1.0	1.0	1.0	0.585786437626905	1.0	1.0	1.0	1.0	1.0	1.0	1.0	1.0	1.0	1.0	1.0	1.0	1.0	1.0	1.0
simple	1.0	0.39564392373896007	0.0	1.0	0.585786437626905	0.3333333333333333	0.5	0.14037600977966974	0.38742588672279304	0.0	0.44948974278317805	1.0	0.44948974278317805	0.18502951679940477	0.3090169943749474	0.2	1.0	0.585786437626905	1.0	0.36602540378443865	1.0	0.23800671553691075	0.2843646522044218	0.3164309725825327	0.12729683913915313	0.2517564787261065	0.585786437626905	1.0	1.0	0.40453726661826384	0.3333333333333333	1.0	0.36602540378443865	1.0	0.2240092377397959
sr	1.0	0.3726822671238253	0.0	1.0	0.30216947925196225	0.1774053291584318	0.25471753445936607	0.07662084116140322	0.10365471479885104	0.0	0.1886378647726465	1.0	0.3483314773547883	0.19292728076790167	0.0862854024274251	0.17826035697019474	0.32449979983983984	0.4142135623730951	0.44948974278317805	0.4142135623730951	1.0	0.15469892573173544	0.13603863460387838	0.14763410387308015	0.11660709693225206	0.10693304064356411	0.2025519956555797	1.0	0.40453726661826384	1.0	0.3021694792519622	1.0	0.3660254037844386	0.585786437626905	0.14421902344900378
sv	1.0	0.585786437626905	1.0	1.0	0.05219001722510525	0.06071497278809675	0.14239567032910783	0.00563759940476652	0.010044222466572588	0.0	0.12444584824196174	1.0	0.21822796141133347	0.08933437698065556	0.019232828968109926	0.028277654051840052	0.34833147735478825	0.15225881209433406	1.0	0.18627359303375404	1.0	0.026371960643502494	0.02414604399465852	0.06798090101321877	0.02700579894860864	0.018419395143626227	0.23441237831492112	1.0	0.3333333333333333	0.3021694792519622	1.0	1.0	0.1852891992413258	1.0	0.061235646514766574
te	0.0	1.0	0.0	1.0	1.0	1.0	1.0	1.0	1.0	0.0	1.0	1.0	1.0	1.0	1.0	1.0	1.0	1.0	1.0	1.0	1.0	1.0	1.0	1.0	0.585786437626905	1.0	1.0	1.0	1.0	1.0	1.0	1.0	1.0	1.0	1.0
vi	1.0	1.0	1.0	1.0	0.32037724101704074	0.17331935664757372	0.18181818181818182	0.07563329808289147	0.1051006039575273	0.0	0.23874775399470893	1.0	0.36602540378443865	0.10038187605721147	0.1114433448618797	0.09940372394595587	0.3660254037844386	0.5	1.0	0.25728427444747215	1.0	0.13942101738017212	0.1373201939603431	0.12318225841652766	0.05564175235344042	0.1002229934043389	0.3430703308172536	1.0	0.36602540378443865	0.3660254037844386	0.1852891992413258	1.0	1.0	1.0	0.10129586251347164
war	0.0	0.585786437626905	0.0	1.0	1.0	1.0	0.585786437626905	1.0	1.0	0.0	1.0	1.0	1.0	0.39564392373896007	1.0	1.0	1.0	1.0	1.0	1.0	1.0	1.0	1.0	1.0	1.0	1.0	1.0	1.0	1.0	0.585786437626905	1.0	1.0	1.0	1.0	0.585786437626905
zh	0.585786437626905	0.3090169943749474	1.0	1.0	0.1654314643047761	0.027986126379844392	0.07388318589403617	0.00676813112559015	0.00943564030762887	1.0	0.051062798361116934	1.0	0.3244997998398398	0.05742281715521523	0.011363372975406441	0.017761799366503135	0.1809073112342927	0.1490392711850658	0.353889367864523	0.09962028648945018	1.0	0.020595464716245914	0.02097053964256825	0.01973555494416215	0.021800231176155642	0.01713483162361108	0.1451237563800966	1.0	0.2240092377397959	0.14421902344900378	0.061235646514766574	1.0	0.10129586251347164	0.585786437626905	1.0
