arz	bs	ceb	ckb	da	de	el	en	es	fr	he	hi	hu	id	it	ja	ko	lv	mk	ml	mr	nl	pl	pt	ro	ru	sh	si	simple	sr	sv	te	tr	vi	war	zh
arz	1.0	0.585786437626905	0.0	1.0	1.0	1.0	1.0	1.0	1.0	1.0	1.0	1.0	1.0	1.0	1.0	1.0	1.0	1.0	1.0	1.0	1.0	1.0	1.0	1.0	1.0	1.0	1.0	1.0	1.0	1.0	0.585786437626905	1.0	1.0	1.0	0.585786437626905	1.0
bs	0.585786437626905	1.0	1.0	0.36602540378443865	0.3726822671238253	0.3430703308172536	0.39564392373896007	0.3430703308172536	0.3430703308172536	0.3288130902060995	0.36602540378443865	0.39564392373896007	0.36602540378443865	0.3333333333333333	0.3333333333333333	0.3430703308172536	0.3430703308172536	0.39564392373896007	0.39564392373896007	0.39564392373896007	0.585786437626905	0.3333333333333333	0.3483314773547883	0.3655636559687688	0.3483314773547883	0.36602540378443865	0.26968623182294527	0.585786437626905	0.32881309020609956	0.39564392373896007	0.3164309725825327	0.585786437626905	0.3483314773547883	0.3430703308172536	1.0	0.3430703308172536
ceb	0.0	1.0	1.0	0.0	1.0	1.0	0.0	1.0	1.0	1.0	1.0	1.0	1.0	1.0	1.0	1.0	1.0	1.0	1.0	1.0	0.0	1.0	1.0	1.0	1.0	1.0	1.0	1.0	1.0	1.0	1.0	0.0	-1.0	1.0	1.0	1.0
ckb	1.0	0.36602540378443865	0.0	1.0	0.5	0.585786437626905	1.0	1.0	1.0	0.585786437626905	1.0	1.0	1.0	0.585786437626905	0.585786437626905	1.0	1.0	1.0	1.0	1.0	1.0	0.5	0.585786437626905	0.585786437626905	0.585786437626905	1.0	0.3090169943749474	1.0	0.585786437626905	1.0	0.5	1.0	0.585786437626905	1.0	0.585786437626905	1.0
da	1.0	0.3726822671238253	1.0	0.5	1.0	0.36602540378443865	1.0	0.3483314773547883	0.36602540378443865	0.3726822671238253	0.39564392373896007	0.5	1.0	0.5	0.3726822671238253	0.36602540378443865	0.36602540378443865	1.0	1.0	1.0	1.0	0.3534797987848214	0.3333333333333333	0.3726822671238253	0.5	0.36602540378443865	0.3380788308512194	1.0	1.0	0.5	0.3726822671238253	1.0	0.5	0.5	0.585786437626905	0.39564392373896007
de	1.0	0.3430703308172536	1.0	0.585786437626905	0.36602540378443865	1.0	0.39564392373896007	0.11437995519970601	0.2061257833323215	0.17025921636942778	0.3430703308172536	0.585786437626905	0.38742588672279304	0.3164309725825328	0.14836335071757326	0.21089672205953397	0.3430703308172536	0.585786437626905	0.585786437626905	1.0	1.0	0.11391890072356342	0.25	0.21089672205953397	0.4142135623730951	0.2240092377397959	0.2989350844248255	1.0	0.3483314773547883	0.4142135623730951	0.25355482027512377	1.0	0.30552726787943424	0.5	0.585786437626905	0.32449979983983984
el	1.0	0.39564392373896007	0.0	1.0	1.0	0.39564392373896007	1.0	0.585786437626905	1.0	0.585786437626905	1.0	1.0	1.0	0.5	0.5	1.0	1.0	1.0	1.0	1.0	1.0	0.585786437626905	1.0	0.585786437626905	1.0	1.0	0.5	1.0	0.4364916731037085	1.0	0.585786437626905	1.0	0.585786437626905	1.0	0.585786437626905	1.0
en	1.0	0.3430703308172536	1.0	1.0	0.3483314773547883	0.11437995519970601	0.585786437626905	1.0	0.18400240527946554	0.12618943239415603	0.27429188517743175	0.585786437626905	0.44948974278317805	0.32881309020609956	0.09636674632357625	0.19404996501286384	0.2958163163244893	1.0	1.0	1.0	1.0	0.10768278713946851	0.17706699104120874	0.18030816435569247	0.4142135623730951	0.15438708879488486	0.3090169943749474	1.0	0.36602540378443865	0.4142135623730951	0.21089672205953397	1.0	0.31264808514230086	0.4142135623730951	0.585786437626905	0.24336073281110826
es	1.0	0.3430703308172536	1.0	1.0	0.36602540378443865	0.2061257833323215	1.0	0.18400240527946554	1.0	0.2612038749637414	0.585786437626905	0.585786437626905	0.5	0.36602540378443865	0.17491720310721423	0.5	0.5	1.0	1.0	1.0	1.0	0.15963129168650567	0.4142135623730951	0.32037724101704074	0.5	0.5	0.32449979983983984	1.0	0.5	0.585786437626905	0.2632403810669918	1.0	0.3483314773547883	0.5	0.585786437626905	0.4142135623730951
fr	1.0	0.3288130902060995	1.0	0.585786437626905	0.3726822671238253	0.17025921636942778	0.585786437626905	0.12618943239415603	0.2612038749637414	1.0	0.3430703308172536	0.5	0.38742588672279304	0.30552726787943424	0.1257374751850694	0.27429188517743175	0.44948974278317805	0.585786437626905	0.585786437626905	0.585786437626905	1.0	0.16189424969836874	0.2394964932707826	0.22966848451216434	0.44948974278317805	0.20856217852254144	0.2989350844248255	0.585786437626905	0.3333333333333333	0.44948974278317805	0.2791745113185196	1.0	0.3483314773547883	0.5	0.585786437626905	0.34833147735478825
he	1.0	0.36602540378443865	1.0	1.0	0.39564392373896007	0.3430703308172536	1.0	0.27429188517743175	0.585786437626905	0.3430703308172536	1.0	1.0	0.585786437626905	0.44948974278317805	0.2708131845707603	1.0	1.0	1.0	1.0	1.0	1.0	0.23371479611805132	0.585786437626905	0.44948974278317805	1.0	1.0	0.5	1.0	0.5	0.5	0.36602540378443865	1.0	0.585786437626905	1.0	0.585786437626905	1.0
hi	1.0	0.39564392373896007	1.0	1.0	0.5	0.585786437626905	1.0	0.585786437626905	0.585786437626905	0.5	1.0	1.0	1.0	0.585786437626905	0.44948974278317805	1.0	1.0	1.0	1.0	1.0	1.0	0.3333333333333333	0.585786437626905	0.585786437626905	0.5	1.0	0.353889367864523	1.0	1.0	1.0	0.5	1.0	0.585786437626905	1.0	0.585786437626905	1.0
hu	1.0	0.36602540378443865	1.0	1.0	1.0	0.38742588672279304	1.0	0.44948974278317805	0.5	0.38742588672279304	0.585786437626905	1.0	1.0	0.39564392373896007	0.25824569976124334	0.5	0.5	1.0	1.0	1.0	1.0	0.20521309615767264	0.5	0.38742588672279304	1.0	0.585786437626905	0.5	1.0	0.5	0.585786437626905	0.39564392373896007	1.0	1.0	1.0	0.585786437626905	0.585786437626905
id	1.0	0.3333333333333333	1.0	0.585786437626905	0.5	0.3164309725825328	0.5	0.32881309020609956	0.36602540378443865	0.30552726787943424	0.44948974278317805	0.585786437626905	0.39564392373896007	1.0	0.2270957142781439	0.3430703308172536	0.36602540378443865	0.585786437626905	0.585786437626905	0.585786437626905	0.585786437626905	0.28989794855663564	0.2928060946961875	0.25728427444747215	0.44948974278317805	0.4142135623730951	0.3380788308512194	1.0	0.585786437626905	0.585786437626905	0.3164309725825327	1.0	0.38742588672279304	0.5	0.5	0.4142135623730951
it	1.0	0.3333333333333333	1.0	0.585786437626905	0.3726822671238253	0.14836335071757326	0.5	0.09636674632357625	0.17491720310721423	0.1257374751850694	0.2708131845707603	0.44948974278317805	0.25824569976124334	0.2270957142781439	1.0	0.1526770057115652	0.20658711810431302	0.585786437626905	0.5	0.585786437626905	1.0	0.14478275206520955	0.18212510583143446	0.13577914831306873	0.4142135623730951	0.1346729513762342	0.3380788308512194	1.0	0.30216947925196225	0.32037724101704074	0.17070721772550654	1.0	0.26968623182294527	0.3430703308172536	0.5	0.15267700571156523
ja	1.0	0.3430703308172536	1.0	1.0	0.36602540378443865	0.21089672205953397	1.0	0.19404996501286384	0.5	0.27429188517743175	1.0	1.0	0.5	0.3430703308172536	0.1526770057115652	1.0	1.0	1.0	1.0	1.0	1.0	0.14098349629001994	0.2612038749637415	0.3090169943749474	0.5	1.0	0.3090169943749474	1.0	0.36602540378443865	0.585786437626905	0.32449979983983984	1.0	0.3430703308172536	1.0	0.585786437626905	1.0
ko	1.0	0.3430703308172536	1.0	1.0	0.36602540378443865	0.3430703308172536	1.0	0.2958163163244893	0.5	0.44948974278317805	1.0	1.0	0.5	0.36602540378443865	0.20658711810431302	1.0	1.0	1.0	1.0	1.0	1.0	0.16495895158697044	0.4142135623730951	0.4142135623730951	0.5	1.0	0.3090169943749474	1.0	0.36602540378443865	0.585786437626905	0.3333333333333333	1.0	0.5	1.0	0.585786437626905	1.0
lv	1.0	0.39564392373896007	1.0	1.0	1.0	0.585786437626905	1.0	1.0	1.0	0.585786437626905	1.0	1.0	1.0	0.585786437626905	0.585786437626905	1.0	1.0	1.0	1.0	1.0	1.0	0.585786437626905	1.0	0.585786437626905	1.0	1.0	0.5	1.0	1.0	1.0	0.585786437626905	1.0	1.0	1.0	0.585786437626905	1.0
mk	1.0	0.39564392373896007	1.0	1.0	1.0	0.585786437626905	1.0	1.0	1.0	0.585786437626905	1.0	1.0	1.0	0.585786437626905	0.5	1.0	1.0	1.0	1.0	1.0	1.0	0.585786437626905	1.0	0.585786437626905	1.0	1.0	0.5	1.0	1.0	1.0	0.585786437626905	1.0	1.0	1.0	0.585786437626905	1.0
ml	1.0	0.39564392373896007	1.0	1.0	1.0	1.0	1.0	1.0	1.0	0.585786437626905	1.0	1.0	1.0	0.585786437626905	0.585786437626905	1.0	1.0	1.0	1.0	1.0	1.0	0.585786437626905	1.0	0.585786437626905	1.0	1.0	0.5	1.0	1.0	1.0	0.585786437626905	1.0	1.0	1.0	0.585786437626905	1.0
mr	1.0	0.585786437626905	0.0	1.0	1.0	1.0	1.0	1.0	1.0	1.0	1.0	1.0	1.0	0.585786437626905	1.0	1.0	1.0	1.0	1.0	1.0	1.0	1.0	1.0	1.0	1.0	1.0	1.0	1.0	1.0	1.0	0.585786437626905	1.0	1.0	1.0	0.585786437626905	1.0
nl	1.0	0.3333333333333333	1.0	0.5	0.3534797987848214	0.11391890072356342	0.585786437626905	0.10768278713946851	0.15963129168650567	0.16189424969836874	0.23371479611805132	0.3333333333333333	0.20521309615767264	0.28989794855663564	0.14478275206520955	0.14098349629001994	0.16495895158697044	0.585786437626905	0.585786437626905	0.585786437626905	1.0	1.0	0.23166247903554	0.20100820154529447	0.4142135623730951	0.17983341921194707	0.2989350844248255	1.0	0.2612038749637414	0.4142135623730951	0.2708131845707603	1.0	0.38742588672279304	0.24399845080999227	0.585786437626905	0.16574888863755477
pl	1.0	0.3483314773547883	1.0	0.585786437626905	0.3333333333333333	0.25	1.0	0.17706699104120874	0.4142135623730951	0.2394964932707826	0.585786437626905	0.585786437626905	0.5	0.2928060946961875	0.18212510583143446	0.2612038749637415	0.4142135623730951	1.0	1.0	1.0	1.0	0.23166247903554	1.0	0.2791745113185196	0.44948974278317805	0.32449979983983984	0.3653763043278784	1.0	0.3726822671238253	0.44948974278317805	0.32037724101704074	1.0	0.44948974278317805	0.585786437626905	0.585786437626905	0.29429805508554946
pt	1.0	0.3655636559687688	1.0	0.585786437626905	0.3726822671238253	0.21089672205953397	0.585786437626905	0.18030816435569247	0.32037724101704074	0.22966848451216434	0.44948974278317805	0.585786437626905	0.38742588672279304	0.25728427444747215	0.13577914831306873	0.3090169943749474	0.4142135623730951	0.585786437626905	0.585786437626905	0.585786437626905	1.0	0.20100820154529447	0.2791745113185196	1.0	0.44948974278317805	0.38742588672279304	0.2989350844248255	0.585786437626905	0.3483314773547883	0.5	0.2402530733520421	1.0	0.3021694792519622	0.585786437626905	0.585786437626905	0.4142135623730951
ro	1.0	0.3483314773547883	1.0	0.585786437626905	0.5	0.4142135623730951	1.0	0.4142135623730951	0.5	0.44948974278317805	1.0	0.5	1.0	0.44948974278317805	0.4142135623730951	0.5	0.5	1.0	1.0	1.0	1.0	0.4142135623730951	0.44948974278317805	0.44948974278317805	1.0	0.5	0.2989350844248255	1.0	0.585786437626905	0.5	0.353889367864523	1.0	0.44948974278317805	0.585786437626905	0.585786437626905	0.5
ru	1.0	0.36602540378443865	1.0	1.0	0.36602540378443865	0.2240092377397959	1.0	0.15438708879488486	0.5	0.20856217852254144	1.0	1.0	0.585786437626905	0.4142135623730951	0.1346729513762342	1.0	1.0	1.0	1.0	1.0	1.0	0.17983341921194707	0.32449979983983984	0.38742588672279304	0.5	1.0	0.353889367864523	1.0	0.39564392373896007	0.5	0.3090169943749474	1.0	0.3430703308172536	1.0	0.585786437626905	1.0
sh	1.0	0.26968623182294527	1.0	0.3090169943749474	0.3380788308512194	0.2989350844248255	0.5	0.3090169943749474	0.32449979983983984	0.2989350844248255	0.5	0.353889367864523	0.5	0.3380788308512194	0.3380788308512194	0.3090169943749474	0.3090169943749474	0.5	0.5	0.5	1.0	0.2989350844248255	0.3653763043278784	0.2989350844248255	0.2989350844248255	0.353889367864523	1.0	1.0	0.38742588672279304	0.353889367864523	0.28989794855663564	1.0	0.2989350844248255	0.3090169943749474	0.44948974278317805	0.3090169943749474
si	1.0	0.585786437626905	1.0	1.0	1.0	1.0	1.0	1.0	1.0	0.585786437626905	1.0	1.0	1.0	1.0	1.0	1.0	1.0	1.0	1.0	1.0	1.0	1.0	1.0	0.585786437626905	1.0	1.0	1.0	1.0	1.0	1.0	1.0	1.0	1.0	1.0	1.0	1.0
simple	1.0	0.32881309020609956	1.0	0.585786437626905	1.0	0.3483314773547883	0.4364916731037085	0.36602540378443865	0.5	0.3333333333333333	0.5	1.0	0.5	0.585786437626905	0.30216947925196225	0.36602540378443865	0.36602540378443865	1.0	1.0	1.0	1.0	0.2612038749637414	0.3726822671238253	0.3483314773547883	0.585786437626905	0.39564392373896007	0.38742588672279304	1.0	1.0	0.39564392373896007	0.3726822671238253	1.0	0.39564392373896007	0.585786437626905	0.585786437626905	0.36602540378443865
sr	1.0	0.39564392373896007	1.0	1.0	0.5	0.4142135623730951	1.0	0.4142135623730951	0.585786437626905	0.44948974278317805	0.5	1.0	0.585786437626905	0.585786437626905	0.32037724101704074	0.585786437626905	0.585786437626905	1.0	1.0	1.0	1.0	0.4142135623730951	0.44948974278317805	0.5	0.5	0.5	0.353889367864523	1.0	0.39564392373896007	1.0	0.41319688409934685	1.0	0.585786437626905	0.585786437626905	0.585786437626905	0.585786437626905
sv	0.585786437626905	0.3164309725825327	1.0	0.5	0.3726822671238253	0.25355482027512377	0.585786437626905	0.21089672205953397	0.2632403810669918	0.2791745113185196	0.36602540378443865	0.5	0.39564392373896007	0.3164309725825327	0.17070721772550654	0.32449979983983984	0.3333333333333333	0.585786437626905	0.585786437626905	0.585786437626905	0.585786437626905	0.2708131845707603	0.32037724101704074	0.2402530733520421	0.353889367864523	0.3090169943749474	0.28989794855663564	1.0	0.3726822671238253	0.41319688409934685	1.0	0.585786437626905	0.30552726787943424	0.39564392373896007	0.5	0.3090169943749474
te	1.0	0.585786437626905	0.0	1.0	1.0	1.0	1.0	1.0	1.0	1.0	1.0	1.0	1.0	1.0	1.0	1.0	1.0	1.0	1.0	1.0	1.0	1.0	1.0	1.0	1.0	1.0	1.0	1.0	1.0	1.0	0.585786437626905	1.0	1.0	1.0	0.585786437626905	1.0
tr	1.0	0.3483314773547883	-1.0	0.585786437626905	0.5	0.30552726787943424	0.585786437626905	0.31264808514230086	0.3483314773547883	0.3483314773547883	0.585786437626905	0.585786437626905	1.0	0.38742588672279304	0.26968623182294527	0.3430703308172536	0.5	1.0	1.0	1.0	1.0	0.38742588672279304	0.44948974278317805	0.3021694792519622	0.44948974278317805	0.3430703308172536	0.2989350844248255	1.0	0.39564392373896007	0.585786437626905	0.30552726787943424	1.0	1.0	0.585786437626905	0.585786437626905	0.3430703308172536
vi	1.0	0.3430703308172536	1.0	1.0	0.5	0.5	1.0	0.4142135623730951	0.5	0.5	1.0	1.0	1.0	0.5	0.3430703308172536	1.0	1.0	1.0	1.0	1.0	1.0	0.24399845080999227	0.585786437626905	0.585786437626905	0.585786437626905	1.0	0.3090169943749474	1.0	0.585786437626905	0.585786437626905	0.39564392373896007	1.0	0.585786437626905	1.0	0.585786437626905	1.0
war	0.585786437626905	1.0	1.0	0.585786437626905	0.585786437626905	0.585786437626905	0.585786437626905	0.585786437626905	0.585786437626905	0.585786437626905	0.585786437626905	0.585786437626905	0.585786437626905	0.5	0.5	0.585786437626905	0.585786437626905	0.585786437626905	0.585786437626905	0.585786437626905	0.585786437626905	0.585786437626905	0.585786437626905	0.585786437626905	0.585786437626905	0.585786437626905	0.44948974278317805	1.0	0.585786437626905	0.585786437626905	0.5	0.585786437626905	0.585786437626905	0.585786437626905	1.0	0.585786437626905
zh	1.0	0.3430703308172536	1.0	1.0	0.39564392373896007	0.32449979983983984	1.0	0.24336073281110826	0.4142135623730951	0.34833147735478825	1.0	1.0	0.585786437626905	0.4142135623730951	0.15267700571156523	1.0	1.0	1.0	1.0	1.0	1.0	0.16574888863755477	0.29429805508554946	0.4142135623730951	0.5	1.0	0.3090169943749474	1.0	0.36602540378443865	0.585786437626905	0.3090169943749474	1.0	0.3430703308172536	1.0	0.585786437626905	1.0
