arz	bs	ceb	ckb	da	de	el	en	es	fr	he	hi	hu	id	it	ja	ko	lv	mk	ml	mr	nl	pl	pt	ro	ru	sh	si	simple	sr	sv	te	vi	war	zh
arz	1.0	0.5666666666666667	0.5263157894736842	0.56	0.5357142857142857	0.5245901639344263	0.5555555555555556	0.5111359452545106	0.5217391304347826	0.5191256830601093	0.5306122448979592	0.5256410256410257	0.5503009458297506	0.5289268991138114	0.5174418604651163	0.5220588235294117	0.5328399629972248	0.5581395348837209	0.5681818181818182	0.5587106676899463	0.5370370370370371	0.5309734513274337	0.5336483293958826	0.53027493775494	0.5463406292749657	0.5211349160393747	0.5576923076923077	0.5135135135135135	0.5343297524521252	0.5522388059701493	0.5178571428571429	0.5348837209302326	0.5443037974683544	0.625	0.5251798561151079
bs	0.5666666666666667	1.0	0.5476190476190476	0.5666666666666667	0.5517241379310345	0.5317460317460317	0.5671641791044776	0.515527950310559	0.5272727272727272	0.5240641711229946	0.5514868518063406	0.55	0.5512820512820512	0.5343511450381679	0.5227272727272727	0.5285714285714286	0.536	0.5869565217391304	0.56	0.5576923076923077	0.5517241379310345	0.5338983050847458	0.5391304347826087	0.5354330708661417	0.5500705218617772	0.5254237288135593	0.5714285714285714	0.55	0.5425531914893617	0.5555555555555556	0.5294117647058824	0.5416666666666666	0.5542168674698795	0.5625	0.5314685314685315
ceb	0.5263157894736842	0.5476190476190476	1.0	0.5405405405405405	0.5761018609206661	0.5547928107838243	0.5394736842105263	0.5204906135088059	0.5433589462129528	0.5367686999926594	0.5645871820378002	0.5558967360400319	0.5909273384183059	0.5429316756396737	0.5337078651685393	0.5421805624074988	0.541263940520446	0.5926481620405101	0.5670731707317073	0.5423728813559322	0.5400862068965517	0.5522667665792431	0.5586907449209932	0.5502897571728232	0.5627758705247671	0.5378979126901053	0.5645161290322581	0.5208333333333334	0.5589400839888804	0.5549459041731066	0.5386860338182546	0.5178571428571429	0.5568181818181818	0.5384615384615384	0.5418119469281136
ckb	0.56	0.5666666666666667	0.5405405405405405	1.0	0.5357142857142857	0.5289256198347108	0.5384615384615384	0.5109717868338558	0.5185185185185185	0.5191256830601093	0.5306122448979592	0.5394736842105263	0.5405405405405405	0.5234375	0.5174418604651163	0.5220588235294117	0.5245901639344263	0.5714285714285714	0.5555555555555556	0.5531914893617021	0.5471698113207547	0.5263157894736842	0.5267857142857143	0.5241935483870968	0.5357142857142857	0.5172413793103449	0.5471698113207547	0.5277777777777778	0.5274725274725275	0.5441176470588236	0.5178571428571429	0.5476190476190476	0.5375	0.5555555555555556	0.5214285714285714
da	0.5357142857142857	0.5517241379310345	0.5761018609206661	0.5357142857142857	1.0	0.5949983401571318	0.584070796460177	0.5557491052108708	0.5888807607900512	0.583243556807823	0.6131958159607929	0.5785054068748867	0.6261372705506784	0.5915372733924071	0.5796089385474861	0.584689349112426	0.5915348641689875	0.5913978494623656	0.5741176470588235	0.5609272835347731	0.5519193348664426	0.6008912294915941	0.6139006580726584	0.6029292107404394	0.6171519112695583	0.5834580746484749	0.5825242718446602	0.5376344086021506	0.6108288960972723	0.5879654137991883	0.5848095621902492	0.5294117647058824	0.6041501304002722	0.5411764705882353	0.6005673051159095
de	0.5245901639344263	0.5317460317460317	0.5547928107838243	0.5289256198347108	0.5949983401571318	1.0	0.5782312925170068	0.5775594543108217	0.6193987087901593	0.62189913675602	0.6066350710900474	0.5723270440251572	0.5983884461274273	0.6016897269499204	0.6035208673227725	0.6139214046822743	0.5982178217821783	0.556390977443609	0.5628049682093745	0.5629267035939713	0.5556339742029691	0.6176362297496318	0.6210022012171436	0.6172879913592774	0.6042315680166147	0.6088743714904393	0.5642857142857143	0.5307692307692308	0.6059791375416711	0.5861364465523531	0.5949809850227711	0.5382539622211243	0.5917034272141161	0.5327868852459017	0.617431244845141
el	0.5555555555555556	0.5671641791044776	0.5394736842105263	0.5384615384615384	0.584070796460177	0.5782312925170068	1.0	0.5413607295120796	0.5645161290322581	0.5576923076923077	0.5793650793650793	0.5849056603773585	0.580952380952381	0.567741935483871	0.5612244897959184	0.5750000000000001	0.5666666666666667	0.5769230769230769	0.5679012345679012	0.5875	0.5747126436781609	0.5704225352112676	0.5714285714285714	0.5810810810810811	0.5789473684210527	0.5634517766497462	0.5747126436781609	0.5333333333333333	0.5798319327731092	0.5918367346938775	0.5625	0.5641025641025641	0.5871559633027523	0.5625	0.5696969696969697
en	0.5111359452545106	0.515527950310559	0.5204906135088059	0.5109717868338558	0.5557491052108708	0.5775594543108217	0.5413607295120796	1.0	0.5948181295545301	0.6082115722189025	0.5632240745973438	0.5493197278911565	0.5495940373434418	0.5831193662933625	0.592795424295838	0.5839629787586171	0.570653088705605	0.52600982527532	0.525852096090438	0.5287009063444109	0.5337757510158454	0.5718322649750347	0.5700119623746436	0.5769966098100309	0.5552205588301775	0.60075448730925	0.5331114808652246	0.5186882027068092	0.561102378835208	0.545450732433651	0.588625653823512	0.5245627050716268	0.5526617665802779	0.5125000000000001	0.586000746666934
es	0.5217391304347826	0.5272727272727272	0.5433589462129528	0.5185185185185185	0.5888807607900512	0.6193987087901593	0.5645161290322581	0.5948181295545301	1.0	0.6272401433691757	0.5962765362086333	0.5634517766497462	0.594059405940594	0.5958343243518739	0.6017357762777241	0.6025641025641025	0.5973706955374608	0.5465116279069767	0.5465198863636364	0.5482233502538072	0.5439560439560439	0.6132075471698113	0.6000000000000001	0.615469735531703	0.5835636783695697	0.6175438596491228	0.5569719413189005	0.5266272189349113	0.5910316825227468	0.5754883930740137	0.585820895522388	0.5284090909090908	0.5824742268041238	0.5246913580246914	0.6136797860145204
fr	0.5191256830601093	0.5240641711229946	0.5367686999926594	0.5191256830601093	0.583243556807823	0.62189913675602	0.5576923076923077	0.6082115722189025	0.6272401433691757	1.0	0.5975726692419386	0.5622119815668203	0.5814103390486013	0.6004608141049187	0.5960233094262295	0.6027217646001417	0.6042198550341873	0.5412371134020618	0.5445415352087084	0.5476875548959627	0.5546101092202184	0.6056745377997438	0.5991769547325103	0.6016521426816128	0.5779816513761468	0.6110967837011384	0.5509807100016211	0.5263157894736842	0.5852723395078	0.5627260565822721	0.5793103448275861	0.5306122448979592	0.5760602678571428	0.5217391304347826	0.6215095986038395
he	0.5306122448979592	0.5514868518063406	0.5645871820378002	0.5306122448979592	0.6131958159607929	0.6066350710900474	0.5793650793650793	0.5632240745973438	0.5962765362086333	0.5975726692419386	1.0	0.5683453237410072	0.60450563204005	0.6073245167853509	0.5791832799103537	0.5908472783590828	0.5882473382473383	0.5740740740740741	0.5639224501264399	0.552944429084877	0.5476114902396445	0.6067542213883678	0.594680473262182	0.6306011505779279	0.5998254656521858	0.599060178869183	0.5790996910321091	0.5327102803738317	0.6070409693832534	0.5871421793452475	0.5698421975452952	0.5258620689655172	0.6120277563608327	0.5353535353535354	0.6047276001800991
hi	0.5256410256410257	0.55	0.5558967360400319	0.5394736842105263	0.5785054068748867	0.5723270440251572	0.5849056603773585	0.5493197278911565	0.5634517766497462	0.5622119815668203	0.5683453237410072	1.0	0.5820093724997143	0.5802469135802469	0.5550239234449761	0.5730994152046783	0.5652173913043479	0.5795454545454545	0.5652173913043479	0.5888888888888889	0.6236679753224902	0.5612903225806452	0.573672211432914	0.5680194242108915	0.5714285714285714	0.5634782608695652	0.5656565656565656	0.5411764705882353	0.5801621958827199	0.5714285714285714	0.5615763546798029	0.5952380952380952	0.5781938325991189	0.5384615384615384	0.5629353636805443
hu	0.5503009458297506	0.5512820512820512	0.5909273384183059	0.5405405405405405	0.6261372705506784	0.5983884461274273	0.580952380952381	0.5495940373434418	0.594059405940594	0.5814103390486013	0.60450563204005	0.5820093724997143	1.0	0.5855583007890333	0.5693069306930693	0.5876876699373448	0.5964585274930103	0.5882352941176471	0.5843490980009752	0.5748881284548565	0.5640133718829057	0.6053995513266807	0.6088045187212484	0.6028591352859136	0.6182726623840115	0.5853993140617344	0.6004083876541271	0.5421686746987951	0.6159444537393342	0.6026696329254727	0.5746743060944801	0.5268817204301075	0.6014116892144805	0.5566027151351958	0.5988784414657286
id	0.5289268991138114	0.5343511450381679	0.5429316756396737	0.5234375	0.5915372733924071	0.6016897269499204	0.567741935483871	0.5831193662933625	0.5958343243518739	0.6004608141049187	0.6073245167853509	0.5802469135802469	0.5855583007890333	1.0	0.5795918367346938	0.6012562120375483	0.5949729655214667	0.559508895013781	0.5531914893617021	0.5549605573789371	0.5581364003953634	0.5898872994354856	0.5916398713826367	0.6001427636666468	0.5944262295081967	0.6012752024814751	0.5578231292517006	0.5255474452554745	0.5874326662331129	0.5729850354423733	0.5774436090225564	0.5390070921985816	0.6030277544154752	0.53125	0.6135118685331711
it	0.5174418604651163	0.5227272727272727	0.5337078651685393	0.5174418604651163	0.5796089385474861	0.6035208673227725	0.5612244897959184	0.592795424295838	0.6017357762777241	0.5960233094262295	0.5791832799103537	0.5550239234449761	0.5693069306930693	0.5795918367346938	1.0	0.6099257718650267	0.5815899581589958	0.5439560439560439	0.5434782608695652	0.543010752688172	0.538860103626943	0.5921052631578947	0.5942061822301343	0.5956239870340356	0.5869943201576446	0.6000000000000001	0.5502645502645502	0.5280898876404494	0.5771022633404923	0.5683023595740239	0.612435023290353	0.5268817204301075	0.58128078817734	0.5232558139534884	0.5927621227292234
ja	0.5220588235294117	0.5285714285714286	0.5421805624074988	0.5220588235294117	0.584689349112426	0.6139214046822743	0.5750000000000001	0.5839629787586171	0.6025641025641025	0.6027217646001417	0.5908472783590828	0.5730994152046783	0.5876876699373448	0.6012562120375483	0.6099257718650267	1.0	0.6100098090654015	0.5510204081632653	0.5540540540540541	0.5556450395127599	0.5560719337239846	0.5993727130162049	0.5965536571693192	0.592394845815904	0.5895953757225434	0.5964933052051492	0.5584415584415584	0.5314685314685315	0.599546977490444	0.5805654680208618	0.5988210026047617	0.5369127516778524	0.6052581804425949	0.5294117647058824	0.6070620710807806
ko	0.5328399629972248	0.536	0.541263940520446	0.5245901639344263	0.5915348641689875	0.5982178217821783	0.5666666666666667	0.570653088705605	0.5973706955374608	0.6042198550341873	0.5882473382473383	0.5652173913043479	0.5964585274930103	0.5949729655214667	0.5815899581589958	0.6100098090654015	1.0	0.5628124667588554	0.5617039545866527	0.5493400377121307	0.5485170581176068	0.5851063829787234	0.5899803739283133	0.589186439446241	0.5826604203908032	0.5865768658469731	0.5642857142857143	0.5348837209302326	0.6025842863508095	0.564935064935065	0.5756302521008404	0.5251798561151079	0.5981459523552872	0.5327868852459017	0.6227561447114057
lv	0.5581395348837209	0.5869565217391304	0.5926481620405101	0.5714285714285714	0.5913978494623656	0.556390977443609	0.5769230769230769	0.52600982527532	0.5465116279069767	0.5412371134020618	0.5740740740740741	0.5795454545454545	0.5882352941176471	0.559508895013781	0.5439560439560439	0.5510204081632653	0.5628124667588554	1.0	0.6034482758620691	0.5774278215223096	0.5652173913043479	0.5645161290322581	0.5702479338842975	0.5639097744360902	0.5913978494623656	0.5464480874316939	0.609375	0.5471698113207547	0.5754168552233091	0.6025641025641025	0.5495670869893661	0.540983606557377	0.5888888888888889	0.5681818181818182	0.5533333333333333
mk	0.5681818181818182	0.56	0.5670731707317073	0.5555555555555556	0.5741176470588235	0.5628049682093745	0.5679012345679012	0.525852096090438	0.5465198863636364	0.5445415352087084	0.5639224501264399	0.5652173913043479	0.5843490980009752	0.5531914893617021	0.5434782608695652	0.5540540540540541	0.5617039545866527	0.6034482758620691	1.0	0.5606060606060607	0.5550737207285342	0.5719138198757764	0.5688854489164087	0.5565934306889444	0.5915492957746479	0.5439544367396804	0.5970149253731343	0.5454545454545455	0.5705553219703096	0.6049543676662321	0.5414364640883979	0.53125	0.5859613428280773	0.5909090909090909	0.5531925177630624
ml	0.5587106676899463	0.5576923076923077	0.5423728813559322	0.5531914893617021	0.5609272835347731	0.5629267035939713	0.5875	0.5287009063444109	0.5482233502538072	0.5476875548959627	0.552944429084877	0.5888888888888889	0.5748881284548565	0.5549605573789371	0.543010752688172	0.5556450395127599	0.5493400377121307	0.5774278215223096	0.5606060606060607	1.0	0.622307089698394	0.5538461538461539	0.56267079613773	0.5547179620483493	0.5672404518558365	0.5492730210016156	0.5540540540540541	0.543859649122807	0.5646325269903585	0.5632183908045977	0.544729663565783	0.6158357771260997	0.5555555555555556	0.5625	0.5424280964812459
mr	0.5370370370370371	0.5517241379310345	0.5400862068965517	0.5471698113207547	0.5519193348664426	0.5556339742029691	0.5747126436781609	0.5337757510158454	0.5439560439560439	0.5546101092202184	0.5476114902396445	0.6236679753224902	0.5640133718829057	0.5581364003953634	0.538860103626943	0.5560719337239846	0.5485170581176068	0.5652173913043479	0.5550737207285342	0.622307089698394	1.0	0.549224369529422	0.5615554976550287	0.5477524288923169	0.5592105263157895	0.5557103064066853	0.5594349142280525	0.5483870967741935	0.5598642753271934	0.556238085151451	0.5435528740200152	0.6031746031746031	0.5491730842065395	0.5454545454545455	0.5421967914229638
nl	0.5309734513274337	0.5338983050847458	0.5522667665792431	0.5263157894736842	0.6008912294915941	0.6176362297496318	0.5704225352112676	0.5718322649750347	0.6132075471698113	0.6056745377997438	0.6067542213883678	0.5612903225806452	0.6053995513266807	0.5898872994354856	0.5921052631578947	0.5993727130162049	0.5851063829787234	0.5645161290322581	0.5719138198757764	0.5538461538461539	0.549224369529422	1.0	0.6093156773775349	0.6050155918345955	0.6026490066225166	0.6021763602251406	0.5855986119144013	0.5327868852459017	0.5980762753097046	0.5845070422535211	0.5872794390377449	0.5267175572519084	0.5967051912393845	0.5350877192982456	0.5980361047982505
pl	0.5336483293958826	0.5391304347826087	0.5586907449209932	0.5267857142857143	0.6139006580726584	0.6210022012171436	0.5714285714285714	0.5700119623746436	0.6000000000000001	0.5991769547325103	0.594680473262182	0.573672211432914	0.6088045187212484	0.5916398713826367	0.5942061822301343	0.5965536571693192	0.5899803739283133	0.5702479338842975	0.5688854489164087	0.56267079613773	0.5615554976550287	0.6093156773775349	1.0	0.5978260869565217	0.6120466321243523	0.6043373493975904	0.5736434108527132	0.5333333333333333	0.603585657370518	0.5904085489020655	0.5888671042536868	0.53125	0.592675248077153	0.5357142857142857	0.5932308263465643
pt	0.53027493775494	0.5354330708661417	0.5502897571728232	0.5241935483870968	0.6029292107404394	0.6172879913592774	0.5810810810810811	0.5769966098100309	0.615469735531703	0.6016521426816128	0.6306011505779279	0.5680194242108915	0.6028591352859136	0.6001427636666468	0.5956239870340356	0.592394845815904	0.589186439446241	0.5639097744360902	0.5565934306889444	0.5547179620483493	0.5477524288923169	0.6050155918345955	0.5978260869565217	1.0	0.6072823027331335	0.6156284577888095	0.5774278215223096	0.5303030303030303	0.6150419786370497	0.59243533158277	0.5832953682611997	0.5285714285714286	0.5911752961533342	0.532258064516129	0.6109452443633904
ro	0.5463406292749657	0.5500705218617772	0.5627758705247671	0.5357142857142857	0.6171519112695583	0.6042315680166147	0.5789473684210527	0.5552205588301775	0.5835636783695697	0.5779816513761468	0.5998254656521858	0.5714285714285714	0.6182726623840115	0.5944262295081967	0.5869943201576446	0.5895953757225434	0.5826604203908032	0.5913978494623656	0.5915492957746479	0.5672404518558365	0.5592105263157895	0.6026490066225166	0.6120466321243523	0.6072823027331335	1.0	0.588352120971387	0.5882352941176471	0.5319148936170213	0.5988706844808038	0.6166207529843893	0.5853475365125793	0.5294117647058824	0.6016260162601625	0.5476190476190476	0.5856428852370947
ru	0.5211349160393747	0.5254237288135593	0.5378979126901053	0.5172413793103449	0.5834580746484749	0.6088743714904393	0.5634517766497462	0.60075448730925	0.6175438596491228	0.6110967837011384	0.599060178869183	0.5634782608695652	0.5853993140617344	0.6012752024814751	0.6000000000000001	0.5964933052051492	0.5865768658469731	0.5464480874316939	0.5439544367396804	0.5492730210016156	0.5557103064066853	0.6021763602251406	0.6043373493975904	0.6156284577888095	0.588352120971387	1.0	0.5526315789473684	0.5277777777777778	0.5954105873235165	0.5720358936793637	0.5985999005393826	0.532258064516129	0.5804878048780487	0.5229885057471265	0.6048142786789834
sh	0.5576923076923077	0.5714285714285714	0.5645161290322581	0.5471698113207547	0.5825242718446602	0.5642857142857143	0.5747126436781609	0.5331114808652246	0.5569719413189005	0.5509807100016211	0.5790996910321091	0.5656565656565656	0.6004083876541271	0.5578231292517006	0.5502645502645502	0.5584415584415584	0.5642857142857143	0.609375	0.5970149253731343	0.5540540540540541	0.5594349142280525	0.5855986119144013	0.5736434108527132	0.5774278215223096	0.5882352941176471	0.5526315789473684	1.0	0.5573770491803278	0.5779816513761468	0.622427551448971	0.5483870967741935	0.5277777777777778	0.5971438060445035	0.5660377358490566	0.5664564464886908
si	0.5135135135135135	0.55	0.5208333333333334	0.5277777777777778	0.5376344086021506	0.5307692307692308	0.5333333333333333	0.5186882027068092	0.5266272189349113	0.5263157894736842	0.5327102803738317	0.5411764705882353	0.5421686746987951	0.5255474452554745	0.5280898876404494	0.5314685314685315	0.5348837209302326	0.5471698113207547	0.5454545454545455	0.543859649122807	0.5483870967741935	0.5327868852459017	0.5333333333333333	0.5303030303030303	0.5319148936170213	0.5277777777777778	0.5573770491803278	1.0	0.5353535353535354	0.5384615384615384	0.5271729296097473	0.5384615384615384	0.5333333333333333	0.5263157894736842	0.5342465753424658
simple	0.5343297524521252	0.5425531914893617	0.5589400839888804	0.5274725274725275	0.6108288960972723	0.6059791375416711	0.5798319327731092	0.561102378835208	0.5910316825227468	0.5852723395078	0.6070409693832534	0.5801621958827199	0.6159444537393342	0.5874326662331129	0.5771022633404923	0.599546977490444	0.6025842863508095	0.5754168552233091	0.5705553219703096	0.5646325269903585	0.5598642753271934	0.5980762753097046	0.603585657370518	0.6150419786370497	0.5988706844808038	0.5954105873235165	0.5779816513761468	0.5353535353535354	1.0	0.6002357154189615	0.5770100592503147	0.5397374779599033	0.5991273784995758	0.5395027624309392	0.6121351328216394
sr	0.5522388059701493	0.5555555555555556	0.5549459041731066	0.5441176470588236	0.5879654137991883	0.5861364465523531	0.5918367346938775	0.545450732433651	0.5754883930740137	0.5627260565822721	0.5871421793452475	0.5714285714285714	0.6026696329254727	0.5729850354423733	0.5683023595740239	0.5805654680208618	0.564935064935065	0.6025641025641025	0.6049543676662321	0.5632183908045977	0.556238085151451	0.5845070422535211	0.5904085489020655	0.59243533158277	0.6166207529843893	0.5720358936793637	0.622427551448971	0.5384615384615384	0.6002357154189615	1.0	0.556648308418568	0.5411764705882353	0.5892857142857143	0.5588235294117647	0.5775319992613686
sv	0.5178571428571429	0.5294117647058824	0.5386860338182546	0.5178571428571429	0.5848095621902492	0.5949809850227711	0.5625	0.588625653823512	0.585820895522388	0.5793103448275861	0.5698421975452952	0.5615763546798029	0.5746743060944801	0.5774436090225564	0.612435023290353	0.5988210026047617	0.5756302521008404	0.5495670869893661	0.5414364640883979	0.544729663565783	0.5435528740200152	0.5872794390377449	0.5888671042536868	0.5832953682611997	0.5853475365125793	0.5985999005393826	0.5483870967741935	0.5271729296097473	0.5770100592503147	0.556648308418568	1.0	0.5274725274725275	0.5771268576351497	0.5207100591715976	0.5807828545249349
te	0.5348837209302326	0.5416666666666666	0.5178571428571429	0.5476190476190476	0.5294117647058824	0.5382539622211243	0.5641025641025641	0.5245627050716268	0.5284090909090908	0.5306122448979592	0.5258620689655172	0.5952380952380952	0.5268817204301075	0.5390070921985816	0.5268817204301075	0.5369127516778524	0.5251798561151079	0.540983606557377	0.53125	0.6158357771260997	0.6031746031746031	0.5267175572519084	0.53125	0.5285714285714286	0.5294117647058824	0.532258064516129	0.5277777777777778	0.5384615384615384	0.5397374779599033	0.5411764705882353	0.5274725274725275	1.0	0.5306122448979592	0.5454545454545455	0.5256410256410257
vi	0.5443037974683544	0.5542168674698795	0.5568181818181818	0.5375	0.6041501304002722	0.5917034272141161	0.5871559633027523	0.5526617665802779	0.5824742268041238	0.5760602678571428	0.6120277563608327	0.5781938325991189	0.6014116892144805	0.6030277544154752	0.58128078817734	0.6052581804425949	0.5981459523552872	0.5888888888888889	0.5859613428280773	0.5555555555555556	0.5491730842065395	0.5967051912393845	0.592675248077153	0.5911752961533342	0.6016260162601625	0.5804878048780487	0.5971438060445035	0.5333333333333333	0.5991273784995758	0.5892857142857143	0.5771268576351497	0.5306122448979592	1.0	0.5569620253164557	0.5967682020802377
war	0.625	0.5625	0.5384615384615384	0.5555555555555556	0.5411764705882353	0.5327868852459017	0.5625	0.5125000000000001	0.5246913580246914	0.5217391304347826	0.5353535353535354	0.5384615384615384	0.5566027151351958	0.53125	0.5232558139534884	0.5294117647058824	0.5327868852459017	0.5681818181818182	0.5909090909090909	0.5625	0.5454545454545455	0.5350877192982456	0.5357142857142857	0.532258064516129	0.5476190476190476	0.5229885057471265	0.5660377358490566	0.5263157894736842	0.5395027624309392	0.5588235294117647	0.5207100591715976	0.5454545454545455	0.5569620253164557	1.0	0.5285714285714286
zh	0.5251798561151079	0.5314685314685315	0.5418119469281136	0.5214285714285714	0.6005673051159095	0.617431244845141	0.5696969696969697	0.586000746666934	0.6136797860145204	0.6215095986038395	0.6047276001800991	0.5629353636805443	0.5988784414657286	0.6135118685331711	0.5927621227292234	0.6070620710807806	0.6227561447114057	0.5533333333333333	0.5531925177630624	0.5424280964812459	0.5421967914229638	0.5980361047982505	0.5932308263465643	0.6109452443633904	0.5856428852370947	0.6048142786789834	0.5664564464886908	0.5342465753424658	0.6121351328216394	0.5775319992613686	0.5807828545249349	0.5256410256410257	0.5967682020802377	0.5285714285714286	1.0
