arz	bs	ceb	ckb	da	de	el	en	es	fr	he	hi	hu	id	it	ja	ko	lv	mk	ml	mr	nl	pl	pt	ro	ru	sh	si	simple	sr	sv	te	tr	vi	war	zh
arz	0.0	0.0	0.0	0.0	0.0	0.0	0.0	0.0	0.0	0.0	0.0	0.0	0.0	0.0	0.0	0.0	0.0	0.0	0.0	0.0	0.0	0.0	0.0	0.0	0.0	0.0	0.0	0.0	0.0	0.0	0.0	0.0	0.0	0.0	0.0	0.0
bs	0.0	1.0	0.0	0.0	0.0044365572315882874	0.0	0.0	0.0010250226107928852	0.0017897091722595079	0.0015240583496625298	0.0	0.0	0.0	0.0036407766990291263	0.0017304031839418584	0.0	0.0	0.001049317943336831	0.0	0.0	0.0	0.0010309278350515464	0.0018912529550827422	0.0019029495718363464	0.001893043066729768	0.0	0.0007304601899196494	0.0	0.0017825311942959	0.0008115565654926148	0.003297220913801225	0.0	0.0125	0.003278688524590164	0.0	0.0
ceb	0.0	0.0	0.0	0.0	0.0	0.0	0.0	0.0	0.0	0.0	0.0	0.0	0.0	0.0	0.0	0.0	0.0	0.0	0.0	0.0	0.0	0.0	0.0	0.0	0.0	0.0	0.0	0.0	0.0	0.0	0.0	0.0	-1.0	0.0	0.0	0.0
ckb	0.0	0.0	0.0	0.0	0.0	0.0	0.0	0.0	0.0	0.0	0.0	0.0	0.0	0.0	0.0	0.0	0.0	0.0	0.0	0.0	0.0	0.0	0.0	0.0	0.0	0.0	0.0	0.0	0.0	0.0	0.0	0.0	0.0	0.0	0.0	0.0
da	0.0	0.0044365572315882874	0.0	0.0	1.0	0.0003677822728944465	0.0	0.0004946821667078902	0.0	0.0004789272030651341	0.0	0.0	0.0012099213551119178	0.0014591439688715954	0.0005592841163310962	0.0	0.0	0.0018832391713747645	0.0	0.0	0.0	0.00040160642570281126	0.0002621231979030144	0.0	0.003552397868561279	0.0	0.0003112356053532524	0.0	0.0014265335235378032	0.0	0.0017595307917888563	0.0	0.0	0.0009881422924901185	0.0	0.0
de	0.0	0.0	0.0	0.0	0.0003677822728944465	1.0	0.0	0.0028669092512956223	0.0007845188284518828	0.002105263157894737	0.0	0.0	0.001366120218579235	0.0012303149606299212	0.002991162474507138	0.0	0.0	0.0007874015748031496	0.0	0.0	0.0	0.001557632398753894	0.0020639834881320948	0.0013553808620222283	0.0002699784017278618	0.0	0.0014241633040588653	0.0	0.00036886757654002215	0.0011620400258231117	0.00215633423180593	0.0	0.0	0.0019860973187686196	0.0	0.0
el	0.0	0.0	0.0	0.0	0.0	0.0	0.0	0.0	0.0	0.0	0.0	0.0	0.0	0.0	0.0	0.0	0.0	0.0	0.0	0.0	0.0	0.0	0.0	0.0	0.0	0.0	0.0	0.0	0.0	0.0	0.0	0.0	0.0	0.0	0.0	0.0
en	0.0	0.0010250226107928852	0.0	0.0	0.0004946821667078902	0.0028669092512956223	0.0	1.0	0.00191259997681697	0.0046530653985785144	6.316720358789716e-05	0.0	0.0016377142188688074	0.0025164426651415497	0.005598185415761787	0.0	0.0	0.00037509377344336085	0.0	0.0	0.0	0.0025117213663764233	0.0035905708487276892	0.0013425952950790964	0.00169234360410831	0.0	0.0037587092042537587	0.0	0.0006806509498174618	0.0023151429246397355	0.001107290634652369	0.0	0.003305785123966942	0.0023488971641363507	0.0	0.0
es	0.0	0.0017897091722595079	0.0	0.0	0.0	0.0007845188284518828	0.0	0.00191259997681697	1.0	0.002085703450891164	0.0	0.0	0.0018135654697134566	0.005717916137229987	0.002943454686289698	0.0	0.0	0.0006105006105006105	0.0	0.0	0.0	0.001949317738791423	0.002851904664901202	0.0	0.0007142857142857143	0.0	0.0006640106241699867	0.0	0.0005530973451327434	0.0007303534910896875	0.0010668563300142249	0.0	0.0	0.0022392834293026233	0.0	0.0
fr	0.0	0.0015240583496625298	0.0	0.0	0.0004789272030651341	0.002105263157894737	0.0	0.0046530653985785144	0.002085703450891164	1.0	0.0	0.0	0.001172562048075044	0.002539452203881734	0.004662269729360928	0.0	0.0	0.0005002501250625312	0.0	0.0	0.0	0.0020178241129981504	0.002201430930104568	0.001165954139137194	0.0009693679720822024	0.0	0.0016194331983805667	0.0	0.001440922190201729	0.00261210274270788	0.0009669309611293754	0.0	0.0032258064516129032	0.0023718299580368545	0.0	0.0
he	0.0	0.0	0.0	0.0	0.0	0.0	0.0	6.316720358789716e-05	0.0	0.0	1.0	0.0	0.0	0.0	0.00019928258270227183	0.0	0.0	0.0	0.0	0.0	0.0	0.0	0.0	0.0	0.0	0.0	0.0	0.0	0.0	0.0	0.0	0.0	0.0	0.0	0.0	0.0
hi	0.0	0.0	0.0	0.0	0.0	0.0	0.0	0.0	0.0	0.0	0.0	0.0	0.0	0.0	0.0	0.0	0.0	0.0	0.0	0.0	0.0	0.0	0.0	0.0	0.0	0.0	0.0	0.0	0.0	0.0	0.0	0.0	0.0	0.0	0.0	0.0
hu	0.0	0.0	0.0	0.0	0.0012099213551119178	0.001366120218579235	0.0	0.0016377142188688074	0.0018135654697134566	0.001172562048075044	0.0	0.0	1.0	0.00535475234270415	0.003976459360585335	0.0	0.0	0.0006775067750677507	0.0	0.0	0.0	0.001457301078402798	0.002104820037886761	0.0007613247049866769	0.002658564375237372	0.0	0.0010862186014935506	0.0	0.0012158054711246201	0.001197425535099536	0.0030245746691871457	0.0	0.0	0.0023616734143049934	0.0	0.0
id	0.0	0.0036407766990291263	0.0	0.0	0.0014591439688715954	0.0012303149606299212	0.0	0.0025164426651415497	0.005717916137229987	0.002539452203881734	0.0	0.0	0.00535475234270415	1.0	0.0043367728428293706	0.0	0.0	0.001597444089456869	0.0	0.0	0.0	0.00339691664489156	0.003887269193391642	0.0009900990099009901	0.004289013526888816	0.0	0.002319886583322593	0.0	0.003424657534246575	0.000846620572879921	0.00163826998689384	0.0	0.0	0.0041654269562630165	0.0	0.0
it	0.0	0.0017304031839418584	0.0	0.0	0.0005592841163310962	0.002991162474507138	0.0	0.005598185415761787	0.002943454686289698	0.004662269729360928	0.00019928258270227183	0.0	0.003976459360585335	0.0043367728428293706	1.0	0.0	0.0	0.000385579332947754	0.0	0.0	0.0	0.0035097571248069634	0.004147902346527613	0.002371166613974075	0.002208898706216472	0.0	0.0028951415905184115	0.0	0.0007469654528478057	0.002699315530704714	0.0009435445824815223	0.0	0.0	0.0037548813457494745	0.0	0.0
ja	0.0	0.0	0.0	0.0	0.0	0.0	0.0	0.0	0.0	0.0	0.0	0.0	0.0	0.0	0.0	1.0	0.0	0.0	0.0	0.0	0.0	0.0	0.0	0.0	0.0	0.0	0.0	0.0	0.0	0.0	0.0	0.0	0.0	0.0	0.0	0.0
ko	0.0	0.0	0.0	0.0	0.0	0.0	0.0	0.0	0.0	0.0	0.0	0.0	0.0	0.0	0.0	0.0	0.0	0.0	0.0	0.0	0.0	0.0	0.0	0.0	0.0	0.0	0.0	0.0	0.0	0.0	0.0	0.0	0.0	0.0	0.0	0.0
lv	0.0	0.001049317943336831	0.0	0.0	0.0018832391713747645	0.0007874015748031496	0.0	0.00037509377344336085	0.0006105006105006105	0.0005002501250625312	0.0	0.0	0.0006775067750677507	0.001597444089456869	0.000385579332947754	0.0	0.0	1.0	0.0	0.0	0.0	0.0	0.0008253094910591472	0.0	0.0006596306068601583	0.0	0.00016002560409665546	0.0	0.0	0.0005392773683264426	0.0013089005235602095	0.0	0.037037037037037035	0.0010834236186348862	0.0	0.0
mk	0.0	0.0	0.0	0.0	0.0	0.0	0.0	0.0	0.0	0.0	0.0	0.0	0.0	0.0	0.0	0.0	0.0	0.0	0.0	0.0	0.0	0.0	0.0	0.0	0.0	0.0	0.0	0.0	0.0	0.0	0.0	0.0	0.0	0.0	0.0	0.0
ml	0.0	0.0	0.0	0.0	0.0	0.0	0.0	0.0	0.0	0.0	0.0	0.0	0.0	0.0	0.0	0.0	0.0	0.0	0.0	0.0	0.0	0.0	0.0	0.0	0.0	0.0	0.0	0.0	0.0	0.0	0.0	0.0	0.0	0.0	0.0	0.0
mr	0.0	0.0	0.0	0.0	0.0	0.0	0.0	0.0	0.0	0.0	0.0	0.0	0.0	0.0	0.0	0.0	0.0	0.0	0.0	0.0	0.0	0.0	0.0	0.0	0.0	0.0	0.0	0.0	0.0	0.0	0.0	0.0	0.0	0.0	0.0	0.0
nl	0.0	0.0010309278350515464	0.0	0.0	0.00040160642570281126	0.001557632398753894	0.0	0.0025117213663764233	0.001949317738791423	0.0020178241129981504	0.0	0.0	0.001457301078402798	0.00339691664489156	0.0035097571248069634	0.0	0.0	0.0	0.0	0.0	0.0	1.0	0.003226384656748521	0.0008665511265164644	0.001152073732718894	0.0	0.0012196609342602757	0.0	0.00040290088638195	0.001197445449707291	0.00028669724770642203	0.0	0.0004868549172346641	0.0031620553359683794	0.0	0.0
pl	0.0	0.0018912529550827422	0.0	0.0	0.0002621231979030144	0.0020639834881320948	0.0	0.0035905708487276892	0.002851904664901202	0.002201430930104568	0.0	0.0	0.002104820037886761	0.003887269193391642	0.004147902346527613	0.0	0.0	0.0008253094910591472	0.0	0.0	0.0	0.003226384656748521	1.0	0.0004177109440267335	0.001669100771959107	0.0	0.0013654027938241782	0.0	0.0010515247108307045	0.0012444846702115624	0.0020815986677768525	0.0	0.0	0.0035197497066875244	0.0	0.0
pt	0.0	0.0019029495718363464	0.0	0.0	0.0	0.0013553808620222283	0.0	0.0013425952950790964	0.0	0.001165954139137194	0.0	0.0	0.0007613247049866769	0.0009900990099009901	0.002371166613974075	0.0	0.0	0.0	0.0	0.0	0.0	0.0008665511265164644	0.0004177109440267335	1.0	0.0011252813203300824	0.0	0.0013528138528138528	0.0	0.0005970149253731343	0.0014907573047107932	0.0011198208286674132	0.0	0.0	0.001001001001001001	0.0	0.0
ro	0.0	0.001893043066729768	0.0	0.0	0.003552397868561279	0.0002699784017278618	0.0	0.00169234360410831	0.0007142857142857143	0.0009693679720822024	0.0	0.0	0.002658564375237372	0.004289013526888816	0.002208898706216472	0.0	0.0	0.0006596306068601583	0.0	0.0	0.0	0.001152073732718894	0.001669100771959107	0.0011252813203300824	1.0	0.0	0.00135080372821829	0.0	0.0005931198102016608	0.002234137622877569	0.0018601190476190475	0.0	0.0	0.0029980013324450365	0.0	0.0
ru	0.0	0.0	0.0	0.0	0.0	0.0	0.0	0.0	0.0	0.0	0.0	0.0	0.0	0.0	0.0	0.0	0.0	0.0	0.0	0.0	0.0	0.0	0.0	0.0	0.0	1.0	0.0	0.0	0.0	0.0	0.0	0.0	0.0	0.0	0.0	0.0
sh	0.0	0.0007304601899196494	0.0	0.0	0.0003112356053532524	0.0014241633040588653	0.0	0.0037587092042537587	0.0006640106241699867	0.0016194331983805667	0.0	0.0	0.0010862186014935506	0.002319886583322593	0.0028951415905184115	0.0	0.0	0.00016002560409665546	0.0	0.0	0.0	0.0012196609342602757	0.0013654027938241782	0.0013528138528138528	0.00135080372821829	0.0	1.0	0.0	0.0006234413965087282	0.0056150201789787685	0.002429805615550756	0.0	0.0	0.0007753941586973378	0.0	0.0
si	0.0	0.0	0.0	0.0	0.0	0.0	0.0	0.0	0.0	0.0	0.0	0.0	0.0	0.0	0.0	0.0	0.0	0.0	0.0	0.0	0.0	0.0	0.0	0.0	0.0	0.0	0.0	0.0	0.0	0.0	0.0	0.0	0.0	0.0	0.0	0.0
simple	0.0	0.0017825311942959	0.0	0.0	0.0014265335235378032	0.00036886757654002215	0.0	0.0006806509498174618	0.0005530973451327434	0.001440922190201729	0.0	0.0	0.0012158054711246201	0.003424657534246575	0.0007469654528478057	0.0	0.0	0.0	0.0	0.0	0.0	0.00040290088638195	0.0010515247108307045	0.0005970149253731343	0.0005931198102016608	0.0	0.0006234413965087282	0.0	1.0	0.0003487966515521451	0.001177856301531213	0.0	0.0	0.0019860973187686196	0.0	0.0
sr	0.0	0.0008115565654926148	0.0	0.0	0.0	0.0011620400258231117	0.0	0.0023151429246397355	0.0007303534910896875	0.00261210274270788	0.0	0.0	0.001197425535099536	0.000846620572879921	0.002699315530704714	0.0	0.0	0.0005392773683264426	0.0	0.0	0.0	0.001197445449707291	0.0012444846702115624	0.0014907573047107932	0.002234137622877569	0.0	0.0056150201789787685	0.0	0.0003487966515521451	1.0	0.002080856123662307	0.0	0.0	0.0009924854671770878	0.0	0.0
sv	0.0	0.003297220913801225	0.0	0.0	0.0017595307917888563	0.00215633423180593	0.0	0.001107290634652369	0.0010668563300142249	0.0009669309611293754	0.0	0.0	0.0030245746691871457	0.00163826998689384	0.0009435445824815223	0.0	0.0	0.0013089005235602095	0.0	0.0	0.0	0.00028669724770642203	0.0020815986677768525	0.0011198208286674132	0.0018601190476190475	0.0	0.002429805615550756	0.0	0.001177856301531213	0.002080856123662307	1.0	0.0	0.0	0.0003307972213033411	0.0	0.0
te	0.0	0.0	0.0	0.0	0.0	0.0	0.0	0.0	0.0	0.0	0.0	0.0	0.0	0.0	0.0	0.0	0.0	0.0	0.0	0.0	0.0	0.0	0.0	0.0	0.0	0.0	0.0	0.0	0.0	0.0	0.0	0.0	0.0	0.0	0.0	0.0
tr	0.0	0.0125	-1.0	0.0	0.0	0.0	0.0	0.003305785123966942	0.0	0.0032258064516129032	0.0	0.0	0.0	0.0	0.0	0.0	0.0	0.037037037037037035	0.0	0.0	0.0	0.0004868549172346641	0.0	0.0	0.0	0.0	0.0	0.0	0.0	0.0	0.0	0.0	1.0	0.0	0.0	0.0
vi	0.0	0.003278688524590164	0.0	0.0	0.0009881422924901185	0.0019860973187686196	0.0	0.0023488971641363507	0.0022392834293026233	0.0023718299580368545	0.0	0.0	0.0023616734143049934	0.0041654269562630165	0.0037548813457494745	0.0	0.0	0.0010834236186348862	0.0	0.0	0.0	0.0031620553359683794	0.0035197497066875244	0.001001001001001001	0.0029980013324450365	0.0	0.0007753941586973378	0.0	0.0019860973187686196	0.0009924854671770878	0.0003307972213033411	0.0	0.0	1.0	0.0	0.0
war	0.0	0.0	0.0	0.0	0.0	0.0	0.0	0.0	0.0	0.0	0.0	0.0	0.0	0.0	0.0	0.0	0.0	0.0	0.0	0.0	0.0	0.0	0.0	0.0	0.0	0.0	0.0	0.0	0.0	0.0	0.0	0.0	0.0	0.0	1.0	0.0
zh	0.0	0.0	0.0	0.0	0.0	0.0	0.0	0.0	0.0	0.0	0.0	0.0	0.0	0.0	0.0	0.0	0.0	0.0	0.0	0.0	0.0	0.0	0.0	0.0	0.0	0.0	0.0	0.0	0.0	0.0	0.0	0.0	0.0	0.0	0.0	0.0
