arz	bs	ceb	ckb	da	de	el	en	es	fr	he	hi	hu	id	it	ja	ko	lv	mk	ml	mr	nl	pl	pt	ro	ru	sh	si	simple	sr	sv	te	vi	war	zh
arz	0.05562973779957741	0.25018768768768773	0.0	0.3333333333333333	0.14285714285714285	0.09091735537190083	0.08335417361111112	0.0625078125	0.1	0.08335417361111111	0.12503124999999998	0.50025	0.125	0.1250625	0.1	0.1111111111111111	0.08334722222222221	0.20008004	0.2	0.3333333333333333	0.25018762506256254	0.11112345679012345	0.11112345679012345	0.06667555555555557	0.09098353724797524	0.1	0.25006249999999997	0.3333333333333333	0.1	0.25006249999999997	0.11112345679012345	0.0	0.125	0.2	0.08333333333333333
bs	0.25018768768768773	0.020844189674047314	0.0	0.14285714285714285	0.08333333333333333	0.03225806451612903	0.125	0.02127659574468085	0.037037037037037035	0.034482758620689655	0.047619047619047616	0.05	0.047619047619047616	0.08333333333333333	0.038461538461538464	0.045454545454545456	0.03225806451612903	0.14285714285714285	0.1	0.2	1.0	0.058823529411764705	0.037037037037037035	0.037037037037037035	0.05	0.03125	0.1	0.2	0.1111111111111111	0.058823529411764705	0.03571428571428571	1.0	0.06666666666666667	1.0	0.030303948576675847
ceb	0.0	0.0	0.5	0.0	1.0	0.5	0.5	0.5	0.5	0.5	0.5	1.0	0.5	0.5	0.5	0.5	0.5	1.0	1.0	0.0	0.5	0.5	0.5	0.5	0.5	0.5	0.5	0.0	0.5	1.0	0.5	0.0	0.5	0.0	0.5
ckb	0.3333333333333333	0.14285714285714285	0.0	0.03707409877778601	0.07142857142857142	0.04	0.06666666666666667	0.037037037037037035	0.038461538461538464	0.038461538461538464	0.043478260869565216	0.06666666666666667	0.0400016	0.06666666666666667	0.045454545454545456	0.04	0.04	0.1	0.08333333333333333	0.2	1.0	0.041666666666666664	0.041666666666666664	0.038461538461538464	0.05555864197530863	0.038461538461538464	0.2	0.25	0.1111111111111111	0.0625	0.041666666666666664	1.0	0.045454545454545456	1.0	0.037037037037037035
da	0.14285714285714285	0.08333333333333333	1.0	0.07142857142857142	0.015883100784329807	0.018518518518518517	0.04	0.016129032258064516	0.018867924528301886	0.017857142857142856	0.020833333333333332	0.04166840277777777	0.025	0.045454545454545456	0.018867924528301886	0.02	0.02127704843820733	0.058823529411764705	0.1111111111111111	0.1111111111111111	1.0	0.022222222222222223	0.02	0.019230769230769232	0.034482758620689655	0.017543859649122806	0.14285714285714285	0.2	0.038461538461538464	0.03571428571428571	0.021739130434782608	1.0	0.030303030303030304	1.0	0.018518518518518517
de	0.09091735537190083	0.03225806451612903	0.5	0.04	0.018518518518518517	0.0011708930998166874	0.01694915254237288	0.0015174506828528073	0.00303951367781155	0.002066115702479339	0.003745318352059925	0.019230769230769232	0.005649717514124294	0.020833333333333332	0.003105590062111801	0.0030959944023234193	0.003401360544217687	0.045454545454545456	0.045454545454545456	0.06666666666666667	0.5	0.00423728813559322	0.0033783783783783786	0.0035587188612099642	0.011235955056179775	0.0023148201731824415	0.047619047619047616	0.14285714285714285	0.022222222222222223	0.011764705882352941	0.005025125628140704	1.0	0.007194244604316547	1.0	0.003215444422617632
el	0.08335417361111112	0.125	0.5	0.06666666666666667	0.04	0.01694915254237288	0.013705388629199663	0.0136986301369863	0.016666666666666666	0.016129032258064516	0.017543859649122806	0.043478260869565216	0.020833333333333332	0.041666666666666664	0.01639344262295082	0.01818181818181818	0.019230769230769232	0.0625	0.08333333333333333	0.14285714285714285	1.0	0.020833333333333332	0.017857142857142856	0.016666666666666666	0.031250976562500005	0.016129032258064516	0.08333333333333333	0.25	0.037037037037037035	0.029411764705882353	0.02040816326530612	1.0	0.029411764705882353	1.0	0.01694915254237288
en	0.0625078125	0.02127659574468085	0.5	0.037037037037037035	0.016129032258064516	0.0015174506828528073	0.0136986301369863	0.0005555607982520024	0.0021186485564492962	0.0013140690805548408	0.0030395229164549478	0.017857142857142856	0.00409837745229777	0.019230769230769232	0.002217319482205102	0.001968511687023374	0.0026178284586497076	0.038461538461538464	0.04	0.0625	0.5	0.0033333333333333335	0.0028653377230072	0.002444999730991565	0.009174396094604832	0.0014992503748125937	0.04	0.14285714285714285	0.0196078431372549	0.01020408163265306	0.002739733533495965	1.0	0.00558659217877095	1.0	0.0023640829602803344
es	0.1	0.037037037037037035	0.5	0.038461538461538464	0.018867924528301886	0.00303951367781155	0.016666666666666666	0.0021186485564492962	0.002060606455481455	0.002688172043010753	0.0044444444444444444	0.020408579758433985	0.006172839506172839	0.020833333333333332	0.003436473352936314	0.0035971223021582736	0.0040816992919616825	0.041666666666666664	0.045454545454545456	0.06666666666666667	0.5	0.004739336492890996	0.004132248480295062	0.0036363900826446283	0.012048192771084338	0.0029154518950437317	0.041666666666666664	0.14285714285714285	0.020833333333333332	0.011111111111111112	0.005524892402551815	1.0	0.008000064	1.0	0.003472246334876543
fr	0.08335417361111111	0.034482758620689655	0.5	0.038461538461538464	0.017857142857142856	0.002066115702479339	0.016129032258064516	0.0013140690805548408	0.002688172043010753	0.0011770427044969494	0.0034843326979810364	0.020000399999999998	0.004901960784313725	0.020833333333333332	0.002801143987006567	0.0027027173119065014	0.003164566976446082	0.04	0.043478260869565216	0.06666666666666667	0.5	0.003952569169960474	0.003389853490376329	0.003144683754598315	0.010869565217391304	0.0021231467582638014	0.043480151228733464	0.14285714285714285	0.021739130434782608	0.011111111111111112	0.0044843250417261555	1.0	0.006849361981610058	1.0	0.002932594318934306
he	0.12503124999999998	0.047619047619047616	0.5	0.043478260869565216	0.020833333333333332	0.003745318352059925	0.017543859649122806	0.0030395229164549478	0.0044444444444444444	0.0034843326979810364	0.002973137470442252	0.023809523809523808	0.007042253521126761	0.023255813953488372	0.0040983942488578345	0.0045045045045045045	0.00497514912997203	0.04	0.05263157894736842	0.07142857142857142	0.5	0.00598813152138836	0.004878048780487805	0.005025125628140704	0.014084507042253521	0.0038610187683546754	0.05	0.14285714285714285	0.023255813953488372	0.01282051282051282	0.006666666666666667	1.0	0.010101010101010102	1.0	0.004273595587698152
hi	0.50025	0.05	1.0	0.06666666666666667	0.04166840277777777	0.019230769230769232	0.043478260869565216	0.017857142857142856	0.020408579758433985	0.020000399999999998	0.023809523809523808	0.01757592931660672	0.02564168310322156	0.038463017751479284	0.02040816326530612	0.021739130434782608	0.02127659574468085	0.06250390624999999	0.09090909090909091	0.14285714285714285	1.0	0.025	0.02083376736111111	0.020833333333333332	0.038461538461538464	0.0196078431372549	0.1111111111111111	0.14285714285714285	0.05263157894736842	0.03125	0.024390243902439025	1.0	0.030303030303030304	1.0	0.018518861454046638
hu	0.125	0.047619047619047616	0.5	0.0400016	0.025	0.005649717514124294	0.020833333333333332	0.00409837745229777	0.006172839506172839	0.004901960784313725	0.007042253521126761	0.02564168310322156	0.004003876068372036	0.02857142857142857	0.006211257281740674	0.006535947712418301	0.006535947712418301	0.045454545454545456	0.05000249999999999	0.07142857142857142	1.0	0.007633587786259542	0.007246376811594203	0.0070921985815602835	0.014084507042253521	0.00500005	0.05555555555555555	0.16666666666666666	0.027027757487216943	0.016393711367911852	0.00819672131147541	1.0	0.011363636363636364	1.0	0.006172877610120408
id	0.1250625	0.08333333333333333	0.5	0.06666666666666667	0.045454545454545456	0.020833333333333332	0.041666666666666664	0.019230769230769232	0.020833333333333332	0.020833333333333332	0.023255813953488372	0.038463017751479284	0.02857142857142857	0.01925446564019937	0.022223209876543207	0.022222222222222223	0.022727272727272728	0.06666666666666667	0.1	0.125	1.0	0.023809523809523808	0.022727789256198346	0.02040816326530612	0.04	0.020833333333333332	0.1	0.16666666666666666	0.045454545454545456	0.029411764705882353	0.027777777777777776	1.0	0.03333333333333333	1.0	0.020833333333333332
it	0.1	0.038461538461538464	0.5	0.045454545454545456	0.018867924528301886	0.003105590062111801	0.01639344262295082	0.002217319482205102	0.003436473352936314	0.002801143987006567	0.0040983942488578345	0.02040816326530612	0.006211257281740674	0.022223209876543207	0.002103593165762951	0.0035461118656003217	0.004201715980509851	0.041666666666666664	0.05	0.06666666666666667	0.5	0.0053475935828877	0.004065057174961993	0.003968316956412195	0.011904761904761904	0.0030395229164549478	0.045454545454545456	0.14285714285714285	0.02040816326530612	0.011363636363636364	0.00584798741493109	1.0	0.008620763971462544	1.0	0.0035336063629212507
ja	0.1111111111111111	0.045454545454545456	0.5	0.04	0.02	0.0030959944023234193	0.01818181818181818	0.001968511687023374	0.0035971223021582736	0.0027027173119065014	0.0045045045045045045	0.021739130434782608	0.006535947712418301	0.022222222222222223	0.0035461118656003217	0.001956954737357475	0.0038314616638041132	0.04	0.05	0.06666666666666667	0.5	0.005025125628140704	0.004524907352429311	0.004273540799181825	0.012987012987012988	0.003125	0.05	0.14285714285714285	0.023255813953488372	0.012345679012345678	0.005494505494505495	1.0	0.008928571428571428	1.0	0.0036900369003690036
ko	0.08334722222222221	0.03225806451612903	0.5	0.04	0.02127704843820733	0.003401360544217687	0.019230769230769232	0.0026178284586497076	0.0040816992919616825	0.003164566976446082	0.00497514912997203	0.02127659574468085	0.006535947712418301	0.022727272727272728	0.004201715980509851	0.0038314616638041132	0.002518143117001503	0.041666666666666664	0.05263157894736842	0.06666666666666667	0.5	0.005347622179644828	0.0048543689320388345	0.004739336492890996	0.012048192771084338	0.003401360544217687	0.05263157894736842	0.14285714285714285	0.023255813953488372	0.013158067867036011	0.006329113924050633	1.0	0.009009009009009009	1.0	0.003952616038369604
lv	0.20008004	0.14285714285714285	1.0	0.1	0.058823529411764705	0.045454545454545456	0.0625	0.038461538461538464	0.041666666666666664	0.04	0.04	0.06250390624999999	0.045454545454545456	0.06666666666666667	0.041666666666666664	0.04	0.041666666666666664	0.03847337573964497	0.14285714285714285	0.125	1.0	0.047619047619047616	0.041666666666666664	0.041666666666666664	0.05555555555555555	0.04	0.14285714285714285	0.16666666666666666	0.07142857142857142	0.058823529411764705	0.047619047619047616	1.0	0.05	1.0	0.04
mk	0.2	0.1	1.0	0.08333333333333333	0.1111111111111111	0.045454545454545456	0.08333333333333333	0.04	0.045454545454545456	0.043478260869565216	0.05263157894736842	0.09090909090909091	0.05000249999999999	0.1	0.05	0.05	0.05263157894736842	0.14285714285714285	0.04004484162721281	0.3333333333333333	1.0	0.058823529411764705	0.05555555555555555	0.05	0.08333333333333333	0.041666666666666664	0.125	0.25	0.14285714285714285	0.07143367346938775	0.05	1.0	0.058823529411764705	1.0	0.041666666666666664
ml	0.3333333333333333	0.2	0.0	0.2	0.1111111111111111	0.06666666666666667	0.14285714285714285	0.0625	0.06666666666666667	0.06666666666666667	0.07142857142857142	0.14285714285714285	0.07142857142857142	0.125	0.06666666666666667	0.06666666666666667	0.06666666666666667	0.125	0.3333333333333333	0.06255864067192583	1.0	0.06666666666666667	0.06666666666666667	0.07142857142857142	0.1	0.0625	0.2	0.2	0.1111111111111111	0.1111111111111111	0.07142857142857142	1.0	0.08333333333333333	1.0	0.06666666666666667
mr	0.25018762506256254	1.0	0.5	1.0	1.0	0.5	1.0	0.5	0.5	0.5	0.5	1.0	1.0	1.0	0.5	0.5	0.5	1.0	1.0	1.0	0.5	0.5	0.5	0.5	1.0	0.5	1.0	1.0	1.0	1.0	0.5	1.0	0.5	1.0	0.5
nl	0.11112345679012345	0.058823529411764705	0.5	0.041666666666666664	0.022222222222222223	0.00423728813559322	0.020833333333333332	0.0033333333333333335	0.004739336492890996	0.003952569169960474	0.00598813152138836	0.025	0.007633587786259542	0.023809523809523808	0.0053475935828877	0.005025125628140704	0.005347622179644828	0.047619047619047616	0.058823529411764705	0.06666666666666667	0.5	0.0032489366468737035	0.006060606060606061	0.0059171947760932745	0.014705882352941176	0.00409837745229777	0.058823529411764705	0.14285714285714285	0.02564102564102564	0.014705882352941176	0.006993006993006993	1.0	0.008771929824561403	1.0	0.004854392496936563
pl	0.11112345679012345	0.037037037037037035	0.5	0.041666666666666664	0.02	0.0033783783783783786	0.017857142857142856	0.0028653377230072	0.004132248480295062	0.003389853490376329	0.004878048780487805	0.02083376736111111	0.007246376811594203	0.022727789256198346	0.004065057174961993	0.004524907352429311	0.0048543689320388345	0.041666666666666664	0.05555555555555555	0.06666666666666667	0.5	0.006060606060606061	0.002234516972663701	0.004901960784313725	0.012195270672218919	0.003533593876812046	0.05263157894736842	0.14285714285714285	0.02631578947368421	0.012987181649519312	0.006711409395973154	1.0	0.009433962264150943	1.0	0.004347826086956522
pt	0.06667555555555557	0.037037037037037035	0.5	0.038461538461538464	0.019230769230769232	0.0035587188612099642	0.016666666666666666	0.002444999730991565	0.0036363900826446283	0.003144683754598315	0.005025125628140704	0.020833333333333332	0.0070921985815602835	0.02040816326530612	0.003968316956412195	0.004273540799181825	0.004739336492890996	0.041666666666666664	0.05	0.07142857142857142	0.5	0.0059171947760932745	0.004901960784313725	0.0024086633131277647	0.013333333333333334	0.0035335689045936395	0.047619047619047616	0.14285714285714285	0.021739130434782608	0.012048337930033388	0.0064516129032258064	1.0	0.009345794392523364	1.0	0.0039525847927635175
ro	0.09098353724797524	0.05	0.5	0.05555864197530863	0.034482758620689655	0.011235955056179775	0.031250976562500005	0.009174396094604832	0.012048192771084338	0.010869565217391304	0.014084507042253521	0.038461538461538464	0.014084507042253521	0.04	0.011904761904761904	0.012987012987012988	0.012048192771084338	0.05555555555555555	0.08333333333333333	0.1	1.0	0.014705882352941176	0.012195270672218919	0.013333333333333334	0.008853866474038765	0.010309278350515464	0.0625	0.16666666666666666	0.04	0.02702702702702703	0.0136986301369863	1.0	0.01724167657550535	1.0	0.011111111111111112
ru	0.1	0.03125	0.5	0.038461538461538464	0.017543859649122806	0.0023148201731824415	0.016129032258064516	0.0014992503748125937	0.0029154518950437317	0.0021231467582638014	0.0038610187683546754	0.0196078431372549	0.00500005	0.020833333333333332	0.0030395229164549478	0.003125	0.003401360544217687	0.04	0.041666666666666664	0.0625	0.5	0.00409837745229777	0.003533593876812046	0.0035335689045936395	0.010309278350515464	0.0013144853529104075	0.043478260869565216	0.14285714285714285	0.020833333333333332	0.011235955056179775	0.004901960784313725	1.0	0.006578947368421052	1.0	0.003096023157511334
sh	0.25006249999999997	0.1	0.5	0.2	0.14285714285714285	0.047619047619047616	0.08333333333333333	0.04	0.041666666666666664	0.043480151228733464	0.05	0.1111111111111111	0.05555555555555555	0.1	0.045454545454545456	0.05	0.05263157894736842	0.14285714285714285	0.125	0.2	1.0	0.058823529411764705	0.05263157894736842	0.047619047619047616	0.0625	0.043478260869565216	0.040025614403199995	0.25	0.1111111111111111	0.043478260869565216	0.058823529411764705	1.0	0.08333333333333333	1.0	0.047619047619047616
si	0.3333333333333333	0.2	0.0	0.25	0.2	0.14285714285714285	0.25	0.14285714285714285	0.14285714285714285	0.14285714285714285	0.14285714285714285	0.14285714285714285	0.16666666666666666	0.16666666666666666	0.14285714285714285	0.14285714285714285	0.14285714285714285	0.16666666666666666	0.25	0.2	1.0	0.14285714285714285	0.14285714285714285	0.14285714285714285	0.16666666666666666	0.14285714285714285	0.25	0.14287755102040817	0.25	0.16666666666666666	0.16666666666666666	1.0	0.16666666666666666	1.0	0.14285714285714285
simple	0.1	0.1111111111111111	0.5	0.1111111111111111	0.038461538461538464	0.022222222222222223	0.037037037037037035	0.0196078431372549	0.020833333333333332	0.021739130434782608	0.023255813953488372	0.05263157894736842	0.027027757487216943	0.045454545454545456	0.02040816326530612	0.023255813953488372	0.023255813953488372	0.07142857142857142	0.14285714285714285	0.1111111111111111	1.0	0.02564102564102564	0.02631578947368421	0.021739130434782608	0.04	0.020833333333333332	0.1111111111111111	0.25	0.019234468565458948	0.037037037037037035	0.02631578947368421	1.0	0.03125	1.0	0.02127659574468085
sr	0.25006249999999997	0.058823529411764705	1.0	0.0625	0.03571428571428571	0.011764705882352941	0.029411764705882353	0.01020408163265306	0.011111111111111112	0.011111111111111112	0.01282051282051282	0.03125	0.016393711367911852	0.029411764705882353	0.011363636363636364	0.012345679012345678	0.013158067867036011	0.058823529411764705	0.07143367346938775	0.1111111111111111	1.0	0.014705882352941176	0.012987181649519312	0.012048337930033388	0.02702702702702703	0.011235955056179775	0.043478260869565216	0.16666666666666666	0.037037037037037035	0.010212521245837882	0.014705882352941176	1.0	0.022727272727272728	1.0	0.011764705882352941
sv	0.11112345679012345	0.03571428571428571	0.5	0.041666666666666664	0.021739130434782608	0.005025125628140704	0.02040816326530612	0.002739733533495965	0.005524892402551815	0.0044843250417261555	0.006666666666666667	0.024390243902439025	0.00819672131147541	0.027777777777777776	0.00584798741493109	0.005494505494505495	0.006329113924050633	0.047619047619047616	0.05	0.07142857142857142	0.5	0.006993006993006993	0.006711409395973154	0.0064516129032258064	0.0136986301369863	0.004901960784313725	0.058823529411764705	0.16666666666666666	0.02631578947368421	0.014705882352941176	0.002697409973548057	1.0	0.011494252873563218	1.0	0.005494505494505495
te	0.0	1.0	0.0	1.0	1.0	1.0	1.0	1.0	1.0	1.0	1.0	1.0	1.0	1.0	1.0	1.0	1.0	1.0	1.0	1.0	1.0	1.0	1.0	1.0	1.0	1.0	1.0	1.0	1.0	1.0	1.0	1.0	1.0	1.0	1.0
vi	0.125	0.06666666666666667	0.5	0.045454545454545456	0.030303030303030304	0.007194244604316547	0.029411764705882353	0.00558659217877095	0.008000064	0.006849361981610058	0.010101010101010102	0.030303030303030304	0.011363636363636364	0.03333333333333333	0.008620763971462544	0.008928571428571428	0.009009009009009009	0.05	0.058823529411764705	0.08333333333333333	0.5	0.008771929824561403	0.009433962264150943	0.009345794392523364	0.01724167657550535	0.006578947368421052	0.08333333333333333	0.16666666666666666	0.03125	0.022727272727272728	0.011494252873563218	1.0	0.005593811410992194	1.0	0.0078125
war	0.2	1.0	0.0	1.0	1.0	1.0	1.0	1.0	1.0	1.0	1.0	1.0	1.0	1.0	1.0	1.0	1.0	1.0	1.0	1.0	1.0	1.0	1.0	1.0	1.0	1.0	1.0	1.0	1.0	1.0	1.0	1.0	1.0	1.0	1.0
zh	0.08333333333333333	0.030303948576675847	0.5	0.037037037037037035	0.018518518518518517	0.003215444422617632	0.01694915254237288	0.0023640829602803344	0.003472246334876543	0.002932594318934306	0.004273595587698152	0.018518861454046638	0.006172877610120408	0.020833333333333332	0.0035336063629212507	0.0036900369003690036	0.003952616038369604	0.04	0.041666666666666664	0.06666666666666667	0.5	0.004854392496936563	0.004347826086956522	0.0039525847927635175	0.011111111111111112	0.003096023157511334	0.047619047619047616	0.14285714285714285	0.02127659574468085	0.011764705882352941	0.005494505494505495	1.0	0.0078125	1.0	0.002332557609381295
