arz	bs	ceb	ckb	da	de	el	en	es	fr	he	hi	hu	id	it	ja	ko	lv	mk	ml	mr	nl	pl	pt	ro	ru	sh	si	simple	sr	sv	te	tr	vi	war	zh
arz	1.0	1.0	0.0	1.0	1.0	1.0	1.0	1.0	1.0	1.0	1.0	1.0	1.0	1.0	1.0	1.0	1.0	1.0	1.0	1.0	1.0	1.0	1.0	1.0	1.0	1.0	1.0	1.0	1.0	1.0	1.0	1.0	1.0	1.0	1.0	1.0
bs	1.0	1.0	1.0	0.8216064286890065	0.3315503689848804	0.3547836433796123	0.6681128310765386	0.3011621123372966	0.28767039119553606	0.2977864646248902	0.3683543108192289	0.4668216279143079	0.37471505863925586	0.3220558413041189	0.3436761647231943	0.3182985213727481	0.3253695607743927	0.4335569511612157	0.46460001163015624	0.36437165894923607	0.8216064286890065	0.35198009526189566	0.3098906518434506	0.33896101102636095	0.5093181383389471	0.35263480491786015	0.34877645551152675	1.0	0.33946120028354726	0.46492531956184807	0.38926911375139317	0.7863954451402115	0.4100552840051159	0.45719644879415705	1.0	0.30602383617234996
ceb	0.0	1.0	1.0	0.0	1.0	1.0	0.0	1.0	1.0	1.0	1.0	1.0	1.0	1.0	1.0	1.0	1.0	1.0	1.0	1.0	0.0	1.0	1.0	1.0	1.0	1.0	1.0	1.0	1.0	1.0	1.0	0.0	-1.0	1.0	1.0	1.0
ckb	1.0	0.8216064286890065	0.0	1.0	1.0	1.0	1.0	1.0	1.0	1.0	1.0	1.0	1.0	1.0	1.0	1.0	1.0	0.8216064286890065	1.0	1.0	1.0	0.4557735640768249	0.7863954451402115	1.0	1.0	1.0	1.0	1.0	1.0	1.0	1.0	1.0	1.0	1.0	1.0	1.0
da	1.0	0.3315503689848804	1.0	1.0	1.0	0.21359956788181456	0.6571702826516209	0.2892463559757673	0.3324651276173467	0.39975991728898097	0.40086068783503	0.4460523475350787	0.502942221698872	0.3305274229273094	0.3547243219894265	0.3681223331113506	0.43293167185071996	0.34234405522132505	0.5467906222028472	0.7411828468492555	1.0	0.26354890861202285	0.3536409518117984	0.3928133458165606	0.47132256974636444	0.33383755978362256	0.4171278274342812	1.0	0.33695088283128494	0.44530293343085225	0.27859619494742366	0.38655792693301877	0.3798286462038969	0.2991925802273686	1.0	0.42375864136384267
de	1.0	0.3547836433796123	1.0	1.0	0.21359956788181456	1.0	0.3304287130694347	0.1488701410782703	0.13565438002126898	0.14558636936561462	0.31979449563801376	0.3426075735433833	0.309870076465143	0.20194508111020373	0.17805250687864435	0.18865533103629645	0.24645390658862718	0.3792804392053361	0.3434143121966652	0.25759981234701035	1.0	0.16178180763151587	0.13369513530813085	0.14263922995524944	0.3111885552646914	0.1783688213615556	0.22449701331545194	1.0	0.31376947144026096	0.18467369806301492	0.20353125169858144	0.35797534024006966	0.24626765514868112	0.37117126827877556	0.5455381281950756	0.3450502401785054
el	1.0	0.6681128310765386	0.0	1.0	0.6571702826516209	0.3304287130694347	1.0	0.6053477298846341	0.6908587525207898	0.5710585021690863	1.0	1.0	1.0	0.5989532089376474	0.7257120346900999	1.0	1.0	0.7863954451402115	1.0	1.0	1.0	0.5584267041106716	0.7411828468492556	1.0	1.0	1.0	0.7863954451402115	1.0	0.74551343442257	1.0	0.7510341748895938	1.0	0.8137822343553781	1.0	1.0	1.0
en	1.0	0.3011621123372966	1.0	1.0	0.2892463559757673	0.1488701410782703	0.6053477298846341	1.0	0.1859139029130784	0.1580935354858313	0.5341485138227979	0.5410229996946755	0.28577510899224456	0.24524464697214235	0.18757804730285785	0.2682076048136384	0.3159484903586064	0.45753573730496677	0.5538763478705514	0.6218679583337393	0.8216064286890065	0.21496501565775003	0.16538984258772518	0.16818356707343574	0.5455101415511819	0.2335069654480114	0.35767597694176256	0.8216064286890065	0.21895513365437405	0.3148275202554204	0.2925177705250243	0.5813018792529072	0.2925113038673183	0.2921500577719706	1.0	0.21832044233384507
es	1.0	0.28767039119553606	1.0	1.0	0.3324651276173467	0.13565438002126898	0.6908587525207898	0.1859139029130784	1.0	0.1770131426216445	0.5153787185552773	0.6740515375688696	0.6115158990465741	0.31021091144291096	0.20963509631624022	0.3533392292947444	0.46609588366811366	0.5461970825439932	0.6044414021866646	0.5115164193828503	1.0	0.2009269086087829	0.16690102680157398	0.17015819487656336	0.4811294623992479	0.21480216457818976	0.35514625847223663	1.0	0.2596916761758316	0.3412103261412996	0.2564378992335134	1.0	0.36639405282839255	0.45267836589613486	1.0	0.3306581723635387
fr	1.0	0.2977864646248902	1.0	1.0	0.39975991728898097	0.14558636936561462	0.5710585021690863	0.1580935354858313	0.1770131426216445	1.0	0.5098440818811634	0.5598704182750972	0.5403483116762944	0.2620181171807035	0.14733037260484155	0.2798232445657737	0.36739253650976517	0.44039540992551696	0.7376607345031153	0.5838038838683439	1.0	0.17488932115519448	0.15650135764492548	0.16686310463305745	0.4684819842763866	0.22414802093961936	0.4548520757953646	1.0	0.26292431743432626	0.2884379988162806	0.25411256819588357	0.6585785515191102	0.3807603915338281	0.3370797019205271	1.0	0.25060373263156993
he	1.0	0.3683543108192289	1.0	1.0	0.40086068783503	0.31979449563801376	1.0	0.5341485138227979	0.5153787185552773	0.5098440818811634	1.0	1.0	1.0	0.5983349109117907	0.589710054062492	1.0	1.0	0.38525062141631883	1.0	1.0	1.0	0.378914979692817	0.6463864166156963	0.7300208629885034	0.629896233114065	1.0	0.43884455195517075	1.0	0.35445909158804517	1.0	0.7300208629885034	1.0	0.682082772751162	1.0	1.0	1.0
hi	1.0	0.4668216279143079	1.0	1.0	0.4460523475350787	0.3426075735433833	1.0	0.5410229996946755	0.6740515375688696	0.5598704182750972	1.0	1.0	1.0	0.5278827924010011	0.6241295092803865	1.0	1.0	0.37301602624475483	1.0	1.0	1.0	0.5539599792541052	0.6197078367465914	0.7322034805959263	0.629896233114065	1.0	0.43485308136204737	1.0	0.513727124310333	1.0	0.7347168825662656	1.0	0.6994017365373274	1.0	1.0	1.0
hu	1.0	0.37471505863925586	1.0	1.0	0.502942221698872	0.309870076465143	1.0	0.28577510899224456	0.6115158990465741	0.5403483116762944	1.0	1.0	1.0	0.6146714253218248	0.6740515375688697	1.0	1.0	0.40471652368357725	1.0	1.0	1.0	0.3571474378900316	0.6845485002822447	0.6221982196391783	0.5710585021690863	1.0	0.43485308136204737	1.0	0.672544634904323	1.0	0.7376607345031152	1.0	0.7510341748895938	1.0	1.0	1.0
id	1.0	0.3220558413041189	1.0	1.0	0.3305274229273094	0.20194508111020373	0.5989532089376474	0.24524464697214235	0.31021091144291096	0.2620181171807035	0.5983349109117907	0.5278827924010011	0.6146714253218248	1.0	0.24837309807249328	0.4063683574878753	0.583484627578253	0.55549757440967	0.6128508099341461	0.7106824291060084	1.0	0.2962740893589554	0.3353014517432443	0.25506146778847577	0.5257439382531907	0.3865347407926457	0.44101750175986953	1.0	0.3561598491223571	0.48309027481336264	0.3140369943853015	0.7510341748895938	0.42172495067571664	0.31124040750041965	1.0	0.3762640266200888
it	1.0	0.3436761647231943	1.0	1.0	0.3547243219894265	0.17805250687864435	0.7257120346900999	0.18757804730285785	0.20963509631624022	0.14733037260484155	0.589710054062492	0.6241295092803865	0.6740515375688697	0.24837309807249328	1.0	0.3338693554530037	0.5082912265187565	0.43020644977606737	0.74551343442257	0.6216387126951446	1.0	0.20309660123592957	0.19067079082282276	0.2049174606534215	0.5169997386326797	0.23533850026722514	0.2858984087801058	1.0	0.2429404127166826	0.24673241396774095	0.29029796424521365	0.6239725949460845	0.38847873267693084	0.44157862968916417	1.0	0.30638419401564954
ja	1.0	0.3182985213727481	1.0	1.0	0.3681223331113506	0.18865533103629645	1.0	0.2682076048136384	0.3533392292947444	0.2798232445657737	1.0	1.0	1.0	0.4063683574878753	0.3338693554530037	1.0	1.0	0.6019078988467733	1.0	1.0	1.0	0.426687655091659	0.32962701474450995	0.2896021967413641	0.570732609181444	1.0	0.5705370710848074	1.0	0.40185609240834247	0.5444334690836456	0.44481892396793227	1.0	0.5220575617159607	1.0	1.0	1.0
ko	1.0	0.3253695607743927	1.0	1.0	0.43293167185071996	0.24645390658862718	1.0	0.3159484903586064	0.46609588366811366	0.36739253650976517	1.0	1.0	1.0	0.583484627578253	0.5082912265187565	1.0	1.0	0.40756424888507375	1.0	1.0	1.0	0.419716044846452	0.40691544803953006	0.5945264701686552	0.5710585021690863	1.0	0.5556871507464989	1.0	0.5889308832557032	0.7263875964832448	0.7322034805959263	1.0	0.543240437640808	1.0	1.0	1.0
lv	1.0	0.4335569511612157	1.0	0.8216064286890065	0.34234405522132505	0.3792804392053361	0.7863954451402115	0.45753573730496677	0.5461970825439932	0.44039540992551696	0.38525062141631883	0.37301602624475483	0.40471652368357725	0.55549757440967	0.43020644977606737	0.6019078988467733	0.40756424888507375	1.0	0.6983438190355966	0.6983438190355966	1.0	0.4071023604341904	0.4950418256941313	0.36708716508796724	0.3734722160201025	0.5109487594532329	0.3331110430849716	1.0	0.42840873397776197	0.6019078988467733	0.5357989129468016	0.4530317685951677	0.6182153226774069	0.4056598092428143	1.0	0.5508137007298669
mk	1.0	0.46460001163015624	1.0	1.0	0.5467906222028472	0.3434143121966652	1.0	0.5538763478705514	0.6044414021866646	0.7376607345031153	1.0	1.0	1.0	0.6128508099341461	0.74551343442257	1.0	1.0	0.6983438190355966	1.0	1.0	1.0	0.5160985176418807	0.7347168825662656	0.6161562425375515	0.7455134344225701	1.0	0.6383248553524284	1.0	0.7411828468492556	1.0	0.7411828468492556	1.0	0.7510341748895938	1.0	1.0	1.0
ml	1.0	0.36437165894923607	1.0	1.0	0.7411828468492555	0.25759981234701035	1.0	0.6218679583337393	0.5115164193828503	0.5838038838683439	1.0	1.0	1.0	0.7106824291060084	0.6216387126951446	1.0	1.0	0.6983438190355966	1.0	1.0	1.0	0.46940322540397195	1.0	0.5936597225568959	0.7106922308883379	1.0	0.4576444201675777	1.0	0.7376607345031153	1.0	1.0	1.0	0.65857855151911	1.0	1.0	1.0
mr	1.0	0.8216064286890065	0.0	1.0	1.0	1.0	1.0	0.8216064286890065	1.0	1.0	1.0	1.0	1.0	1.0	1.0	1.0	1.0	1.0	1.0	1.0	1.0	0.5455381281950756	1.0	1.0	1.0	1.0	1.0	1.0	1.0	1.0	1.0	1.0	1.0	1.0	1.0	1.0
nl	1.0	0.35198009526189566	1.0	0.4557735640768249	0.26354890861202285	0.16178180763151587	0.5584267041106716	0.21496501565775003	0.2009269086087829	0.17488932115519448	0.378914979692817	0.5539599792541052	0.3571474378900316	0.2962740893589554	0.20309660123592957	0.426687655091659	0.419716044846452	0.4071023604341904	0.5160985176418807	0.46940322540397195	0.5455381281950756	1.0	0.1878218915217857	0.19635947458210648	0.345187710956074	0.41823550617762306	0.35173634144721344	1.0	0.26466546411412994	0.314217222068639	0.3005498620870981	0.546214527794961	0.3655768960932774	0.4226361926640369	1.0	0.4354926711255057
pl	1.0	0.3098906518434506	1.0	0.7863954451402115	0.3536409518117984	0.13369513530813085	0.7411828468492556	0.16538984258772518	0.16690102680157398	0.15650135764492548	0.6463864166156963	0.6197078367465914	0.6845485002822447	0.3353014517432443	0.19067079082282276	0.32962701474450995	0.40691544803953006	0.4950418256941313	0.7347168825662656	1.0	1.0	0.1878218915217857	1.0	0.1744216999594294	0.553477702475328	0.2063628291077006	0.318848425903212	1.0	0.2409748641907774	0.2966395988765938	0.3021673669687996	0.7942219112853846	0.41924279149453925	0.46950939349454984	1.0	0.3668825210444874
pt	1.0	0.33896101102636095	1.0	1.0	0.3928133458165606	0.14263922995524944	1.0	0.16818356707343574	0.17015819487656336	0.16686310463305745	0.7300208629885034	0.7322034805959263	0.6221982196391783	0.25506146778847577	0.2049174606534215	0.2896021967413641	0.5945264701686552	0.36708716508796724	0.6161562425375515	0.5936597225568959	1.0	0.19635947458210648	0.1744216999594294	1.0	0.4165637700763932	0.2584983660849236	0.40280854143008715	1.0	0.2229486011537895	0.37804164911561783	0.2859521512260516	1.0	0.37754096962295064	0.43488737186347953	1.0	0.3843972854392678
ro	1.0	0.5093181383389471	1.0	1.0	0.47132256974636444	0.3111885552646914	1.0	0.5455101415511819	0.4811294623992479	0.4684819842763866	0.629896233114065	0.629896233114065	0.5710585021690863	0.5257439382531907	0.5169997386326797	0.570732609181444	0.5710585021690863	0.3734722160201025	0.7455134344225701	0.7106922308883379	1.0	0.345187710956074	0.553477702475328	0.4165637700763932	1.0	0.5475807416084514	0.4271923139940886	1.0	0.2748728729241429	0.45815740054796045	0.6680904651289467	0.6896497738240266	0.51805079748358	0.638627700875263	1.0	0.5510274989019284
ru	1.0	0.35263480491786015	1.0	1.0	0.33383755978362256	0.1783688213615556	1.0	0.2335069654480114	0.21480216457818976	0.22414802093961936	1.0	1.0	1.0	0.3865347407926457	0.23533850026722514	1.0	1.0	0.5109487594532329	1.0	1.0	1.0	0.41823550617762306	0.2063628291077006	0.2584983660849236	0.5475807416084514	1.0	0.4097725880538948	1.0	0.2830111161924801	0.47514405579567637	0.36236610311242606	1.0	0.43925871977020836	1.0	1.0	1.0
sh	1.0	0.34877645551152675	1.0	1.0	0.4171278274342812	0.22449701331545194	0.7863954451402115	0.35767597694176256	0.35514625847223663	0.4548520757953646	0.43884455195517075	0.43485308136204737	0.43485308136204737	0.44101750175986953	0.2858984087801058	0.5705370710848074	0.5556871507464989	0.3331110430849716	0.6383248553524284	0.4576444201675777	1.0	0.35173634144721344	0.318848425903212	0.40280854143008715	0.4271923139940886	0.4097725880538948	1.0	1.0	0.26648523810075	0.2823890214721419	0.5012963281571019	0.6172147396682474	0.5391132900928305	0.5982311734420861	0.8216064286890065	0.2684119512661837
si	1.0	1.0	1.0	1.0	1.0	1.0	1.0	0.8216064286890065	1.0	1.0	1.0	1.0	1.0	1.0	1.0	1.0	1.0	1.0	1.0	1.0	1.0	1.0	1.0	1.0	1.0	1.0	1.0	1.0	1.0	1.0	1.0	1.0	1.0	1.0	1.0	1.0
simple	1.0	0.33946120028354726	1.0	1.0	0.33695088283128494	0.31376947144026096	0.74551343442257	0.21895513365437405	0.2596916761758316	0.26292431743432626	0.35445909158804517	0.513727124310333	0.672544634904323	0.3561598491223571	0.2429404127166826	0.40185609240834247	0.5889308832557032	0.42840873397776197	0.7411828468492556	0.7376607345031153	1.0	0.26466546411412994	0.2409748641907774	0.2229486011537895	0.2748728729241429	0.2830111161924801	0.26648523810075	1.0	1.0	0.46481840607684943	0.35828293667970573	0.7411828468492555	0.39147026200573704	0.4464377285855264	1.0	0.39668515495731616
sr	1.0	0.46492531956184807	1.0	1.0	0.44530293343085225	0.18467369806301492	1.0	0.3148275202554204	0.3412103261412996	0.2884379988162806	1.0	1.0	1.0	0.48309027481336264	0.24673241396774095	0.5444334690836456	0.7263875964832448	0.6019078988467733	1.0	1.0	1.0	0.314217222068639	0.2966395988765938	0.37804164911561783	0.45815740054796045	0.47514405579567637	0.2823890214721419	1.0	0.46481840607684943	1.0	0.600847365589613	1.0	0.6786291688147439	1.0	1.0	0.6193113617177751
sv	1.0	0.38926911375139317	1.0	1.0	0.27859619494742366	0.20353125169858144	0.7510341748895938	0.2925177705250243	0.2564378992335134	0.25411256819588357	0.7300208629885034	0.7347168825662656	0.7376607345031152	0.3140369943853015	0.29029796424521365	0.44481892396793227	0.7322034805959263	0.5357989129468016	0.7411828468492556	1.0	1.0	0.3005498620870981	0.3021673669687996	0.2859521512260516	0.6680904651289467	0.36236610311242606	0.5012963281571019	1.0	0.35828293667970573	0.600847365589613	1.0	1.0	0.46931663953027675	0.6254303192325079	1.0	0.49780137056082213
te	1.0	0.7863954451402115	0.0	1.0	0.38655792693301877	0.35797534024006966	1.0	0.5813018792529072	1.0	0.6585785515191102	1.0	1.0	1.0	0.7510341748895938	0.6239725949460845	1.0	1.0	0.4530317685951677	1.0	1.0	1.0	0.546214527794961	0.7942219112853846	1.0	0.6896497738240266	1.0	0.6172147396682474	1.0	0.7411828468492555	1.0	1.0	1.0	0.7510341748895938	1.0	1.0	1.0
tr	1.0	0.4100552840051159	-1.0	1.0	0.3798286462038969	0.24626765514868112	0.8137822343553781	0.2925113038673183	0.36639405282839255	0.3807603915338281	0.682082772751162	0.6994017365373274	0.7510341748895938	0.42172495067571664	0.38847873267693084	0.5220575617159607	0.543240437640808	0.6182153226774069	0.7510341748895938	0.65857855151911	1.0	0.3655768960932774	0.41924279149453925	0.37754096962295064	0.51805079748358	0.43925871977020836	0.5391132900928305	1.0	0.39147026200573704	0.6786291688147439	0.46931663953027675	0.7510341748895938	1.0	0.5567473467599201	1.0	0.5127831837674288
vi	1.0	0.45719644879415705	1.0	1.0	0.2991925802273686	0.37117126827877556	1.0	0.2921500577719706	0.45267836589613486	0.3370797019205271	1.0	1.0	1.0	0.31124040750041965	0.44157862968916417	1.0	1.0	0.4056598092428143	1.0	1.0	1.0	0.4226361926640369	0.46950939349454984	0.43488737186347953	0.638627700875263	1.0	0.5982311734420861	1.0	0.4464377285855264	1.0	0.6254303192325079	1.0	0.5567473467599201	1.0	1.0	1.0
war	1.0	1.0	1.0	1.0	1.0	0.5455381281950756	1.0	1.0	1.0	1.0	1.0	1.0	1.0	1.0	1.0	1.0	1.0	1.0	1.0	1.0	1.0	1.0	1.0	1.0	1.0	1.0	0.8216064286890065	1.0	1.0	1.0	1.0	1.0	1.0	1.0	1.0	1.0
zh	1.0	0.30602383617234996	1.0	1.0	0.42375864136384267	0.3450502401785054	1.0	0.21832044233384507	0.3306581723635387	0.25060373263156993	1.0	1.0	1.0	0.3762640266200888	0.30638419401564954	1.0	1.0	0.5508137007298669	1.0	1.0	1.0	0.4354926711255057	0.3668825210444874	0.3843972854392678	0.5510274989019284	1.0	0.2684119512661837	1.0	0.39668515495731616	0.6193113617177751	0.49780137056082213	1.0	0.5127831837674288	1.0	1.0	1.0
