arz	bs	ceb	ckb	da	de	el	en	es	fr	he	hi	hu	id	it	ja	ko	lv	mk	ml	mr	nl	pl	pt	ro	ru	sh	si	simple	sr	sv	te	vi	war	zh
arz	1.0	1.0	0.0	0.0	1.0	1.0	1.0	0.5	1.0	0.0	1.0	0.0	1.0	1.0	1.0	1.0	1.0	1.0	1.0	0.0	0.0	1.0	1.0	1.0	1.0	1.0	1.0	0.0	1.0	1.0	1.0	0.0	1.0	0.0	0.5
bs	1.0	1.0	0.4356120478348471	0.5	0.3164309725825328	0.3164309725825328	0.585786437626905	0.3164309725825328	0.3164309725825328	0.3164309725825328	0.4142135623730951	0.44948974278317805	0.3164309725825328	0.3164309725825328	0.3164309725825328	0.3164309725825328	0.3164309725825328	0.3333333333333333	0.39564392373896007	0.5	0.585786437626905	0.3164309725825328	0.3164309725825328	0.3164309725825328	0.3164309725825328	0.3164309725825328	0.44948974278317805	1.0	0.32037724101704074	0.3164309725825328	0.3164309725825328	1.0	0.3164309725825328	0.585786437626905	0.3164309725825328
ceb	0.0	0.4356120478348471	1.0	0.39564392373896007	0.39564392373896007	0.39564392373896007	1.0	0.39564392373896007	0.39564392373896007	0.39564392373896007	1.0	1.0	0.39564392373896007	0.39564392373896007	0.39564392373896007	0.39564392373896007	0.39564392373896007	0.39564392373896007	0.39564392373896007	1.0	1.0	0.39564392373896007	0.39564392373896007	0.39564392373896007	0.39564392373896007	0.39564392373896007	0.39564392373896007	0.0	0.39564392373896007	0.39564392373896007	0.39564392373896007	1.0	0.39564392373896007	1.0	0.39564392373896007
ckb	0.0	0.5	0.39564392373896007	1.0	1.0	1.0	1.0	1.0	1.0	1.0	1.0	1.0	1.0	1.0	1.0	1.0	1.0	1.0	1.0	1.0	1.0	1.0	1.0	1.0	1.0	1.0	1.0	0.0	1.0	1.0	1.0	1.0	1.0	1.0	1.0
da	1.0	0.3164309725825328	0.39564392373896007	1.0	1.0	0.4142135623730951	1.0	0.3090169943749474	0.4142135623730951	0.38742588672279304	1.0	1.0	1.0	0.3660254037844386	0.34833147735478825	0.5	0.585786437626905	1.0	1.0	1.0	1.0	0.3660254037844386	0.38742588672279304	0.4142135623730951	0.4142135623730951	0.38742588672279304	0.44948974278317805	1.0	0.585786437626905	0.4142135623730951	0.44948974278317805	1.0	0.585786437626905	1.0	0.5
de	1.0	0.3164309725825328	0.39564392373896007	1.0	0.4142135623730951	1.0	1.0	0.06270282779965866	0.27195617308673004	0.17491720310721423	0.585786437626905	1.0	0.44948974278317805	0.2766967754673749	0.1697658291072176	0.2958163163244893	0.5	1.0	1.0	1.0	1.0	0.3203772410170407	0.22646721143623746	0.26968623182294527	0.5	0.2708131845707603	0.4142135623730951	1.0	0.4142135623730951	0.30552726787943424	0.26517921582035225	1.0	0.4142135623730951	1.0	0.38742588672279304
el	1.0	0.585786437626905	1.0	1.0	1.0	1.0	1.0	1.0	1.0	1.0	1.0	1.0	1.0	0.5	1.0	1.0	1.0	1.0	1.0	1.0	1.0	1.0	1.0	1.0	1.0	1.0	1.0	0.0	1.0	1.0	1.0	1.0	1.0	1.0	1.0
en	0.5	0.3164309725825328	0.39564392373896007	1.0	0.3090169943749474	0.06270282779965866	1.0	1.0	0.06535609599848727	0.07583570615561397	0.4142135623730951	1.0	0.26533119314590375	0.20040573494219174	0.08173362668865687	0.11078195304396529	0.2572842744474721	1.0	1.0	1.0	0.585786437626905	0.11149901960407381	0.12618850490681122	0.12462970693589985	0.3333333333333333	0.09420805663564488	0.09157762499696523	1.0	0.38742588672279304	0.08543256120473687	0.10562355377661413	0.585786437626905	0.03886323949603524	1.0	0.11206688119429545
es	1.0	0.3164309725825328	0.39564392373896007	1.0	0.4142135623730951	0.27195617308673004	1.0	0.06535609599848727	1.0	0.19255770101324873	0.44948974278317805	0.585786437626905	0.5	0.28172904669025317	0.23441237831492112	0.44948974278317805	0.5	0.585786437626905	1.0	0.585786437626905	1.0	0.3090169943749474	0.24828371682826425	0.25728427444747215	0.44948974278317805	0.38742588672279304	0.38742588672279304	1.0	0.4142135623730951	0.34833147735478825	0.3660254037844386	1.0	0.21040331845089688	1.0	0.44948974278317805
fr	0.0	0.3164309725825328	0.39564392373896007	1.0	0.38742588672279304	0.17491720310721423	1.0	0.07583570615561397	0.19255770101324873	1.0	1.0	0.585786437626905	0.585786437626905	0.25355482027512377	0.16783709937305324	0.36602540378443865	0.4142135623730951	1.0	1.0	1.0	1.0	0.3203772410170407	0.23166247903554	0.2402530733520421	0.44948974278317805	0.3660254037844386	0.4142135623730951	1.0	0.44948974278317805	0.4142135623730951	0.3090169943749474	1.0	0.312382456964725	1.0	0.44948974278317805
he	1.0	0.4142135623730951	1.0	1.0	1.0	0.585786437626905	1.0	0.4142135623730951	0.44948974278317805	1.0	1.0	1.0	1.0	0.5	0.38742588672279304	1.0	1.0	1.0	1.0	1.0	1.0	0.5	1.0	0.4142135623730951	0.585786437626905	1.0	1.0	1.0	0.585786437626905	0.5	1.0	1.0	1.0	1.0	1.0
hi	0.0	0.44948974278317805	1.0	1.0	1.0	1.0	1.0	1.0	0.585786437626905	0.585786437626905	1.0	1.0	1.0	0.5	1.0	1.0	1.0	1.0	1.0	1.0	1.0	1.0	1.0	1.0	0.585786437626905	1.0	1.0	1.0	0.585786437626905	1.0	1.0	1.0	1.0	1.0	1.0
hu	1.0	0.3164309725825328	0.39564392373896007	1.0	1.0	0.44948974278317805	1.0	0.26533119314590375	0.5	0.585786437626905	1.0	1.0	1.0	0.44948974278317805	0.44948974278317805	0.5	0.5	1.0	1.0	1.0	1.0	0.4142135623730951	0.38742588672279304	0.44948974278317805	0.585786437626905	0.585786437626905	0.585786437626905	1.0	0.5	0.5	0.4142135623730951	1.0	0.5	1.0	0.5
id	1.0	0.3164309725825328	0.39564392373896007	1.0	0.3660254037844386	0.2766967754673749	0.5	0.20040573494219174	0.28172904669025317	0.25355482027512377	0.5	0.5	0.44948974278317805	1.0	0.25	0.2958163163244893	0.32449979983983984	1.0	1.0	0.585786437626905	1.0	0.3203772410170407	0.27429188517743175	0.29893508442482547	0.3483314773547883	0.27429188517743175	0.44948974278317805	1.0	0.44948974278317805	0.44948974278317805	0.3660254037844386	1.0	0.35388936786452296	1.0	0.26533119314590375
it	1.0	0.3164309725825328	0.39564392373896007	1.0	0.34833147735478825	0.1697658291072176	1.0	0.08173362668865687	0.23441237831492112	0.16783709937305324	0.38742588672279304	1.0	0.44948974278317805	0.25	1.0	0.3333333333333333	0.3660254037844386	0.585786437626905	1.0	1.0	1.0	0.2928060946961875	0.2043134457775982	0.23874775399470888	0.44948974278317805	0.24660605559646726	0.3380788308512194	1.0	0.44948974278317805	0.26427884169111276	0.2898979485566356	1.0	0.28172904669025317	1.0	0.27429188517743175
ja	1.0	0.3164309725825328	0.39564392373896007	1.0	0.5	0.2958163163244893	1.0	0.11078195304396529	0.44948974278317805	0.36602540378443865	1.0	1.0	0.5	0.2958163163244893	0.3333333333333333	1.0	1.0	1.0	1.0	1.0	1.0	0.585786437626905	0.32449979983983984	0.44948974278317805	0.5	1.0	0.585786437626905	1.0	0.5	0.30216947925196225	0.3090169943749474	1.0	0.3164309725825328	1.0	1.0
ko	1.0	0.3164309725825328	0.39564392373896007	1.0	0.585786437626905	0.5	1.0	0.2572842744474721	0.5	0.4142135623730951	1.0	1.0	0.5	0.32449979983983984	0.3660254037844386	1.0	1.0	1.0	1.0	1.0	1.0	0.585786437626905	0.5	0.585786437626905	0.585786437626905	1.0	0.585786437626905	1.0	0.5	0.585786437626905	0.44948974278317805	1.0	0.3430703308172536	1.0	1.0
lv	1.0	0.3333333333333333	0.39564392373896007	1.0	1.0	1.0	1.0	1.0	0.585786437626905	1.0	1.0	1.0	1.0	1.0	0.585786437626905	1.0	1.0	1.0	1.0	1.0	1.0	1.0	0.585786437626905	1.0	1.0	1.0	1.0	1.0	0.585786437626905	1.0	1.0	1.0	1.0	1.0	1.0
mk	1.0	0.39564392373896007	0.39564392373896007	1.0	1.0	1.0	1.0	1.0	1.0	1.0	1.0	1.0	1.0	1.0	1.0	1.0	1.0	1.0	1.0	1.0	1.0	1.0	1.0	1.0	1.0	1.0	1.0	0.0	0.585786437626905	1.0	1.0	1.0	1.0	1.0	1.0
ml	0.0	0.5	1.0	1.0	1.0	1.0	1.0	1.0	0.585786437626905	1.0	1.0	1.0	1.0	0.585786437626905	1.0	1.0	1.0	1.0	1.0	1.0	1.0	1.0	1.0	1.0	1.0	1.0	1.0	1.0	1.0	1.0	1.0	1.0	1.0	1.0	1.0
mr	0.0	0.585786437626905	1.0	1.0	1.0	1.0	1.0	0.585786437626905	1.0	1.0	1.0	1.0	1.0	1.0	1.0	1.0	1.0	1.0	1.0	1.0	1.0	1.0	1.0	1.0	1.0	1.0	1.0	0.0	1.0	1.0	1.0	1.0	1.0	1.0	1.0
nl	1.0	0.3164309725825328	0.39564392373896007	1.0	0.3660254037844386	0.3203772410170407	1.0	0.11149901960407381	0.3090169943749474	0.3203772410170407	0.5	1.0	0.4142135623730951	0.3203772410170407	0.2928060946961875	0.585786437626905	0.585786437626905	1.0	1.0	1.0	1.0	1.0	0.27195617308673004	0.34833147735478825	0.4142135623730951	0.44948974278317805	0.4364916731037085	1.0	0.5	0.4142135623730951	0.3660254037844386	1.0	0.4142135623730951	1.0	0.5
pl	1.0	0.3164309725825328	0.39564392373896007	1.0	0.38742588672279304	0.22646721143623746	1.0	0.12618850490681122	0.24828371682826425	0.23166247903554	1.0	1.0	0.38742588672279304	0.27429188517743175	0.2043134457775982	0.32449979983983984	0.5	0.585786437626905	1.0	1.0	1.0	0.27195617308673004	1.0	0.28172904669025317	0.4142135623730951	0.27429188517743175	0.3430703308172536	1.0	0.38742588672279304	0.3534797987848214	0.24660605559646726	1.0	0.3021694792519622	1.0	0.28436465220442186
pt	1.0	0.3164309725825328	0.39564392373896007	1.0	0.4142135623730951	0.26968623182294527	1.0	0.12462970693589985	0.25728427444747215	0.2402530733520421	0.4142135623730951	1.0	0.44948974278317805	0.29893508442482547	0.23874775399470888	0.44948974278317805	0.585786437626905	1.0	1.0	1.0	1.0	0.34833147735478825	0.28172904669025317	1.0	0.5	0.36602540378443865	0.44948974278317805	1.0	0.44948974278317805	0.3288130902060995	0.3203772410170407	1.0	0.2989350844248255	1.0	0.4142135623730951
ro	1.0	0.3164309725825328	0.39564392373896007	1.0	0.4142135623730951	0.5	1.0	0.3333333333333333	0.44948974278317805	0.44948974278317805	0.585786437626905	0.585786437626905	0.585786437626905	0.3483314773547883	0.44948974278317805	0.5	0.585786437626905	1.0	1.0	1.0	1.0	0.4142135623730951	0.4142135623730951	0.5	1.0	0.5	0.585786437626905	1.0	0.5	0.5	0.44948974278317805	1.0	0.5	1.0	0.5
ru	1.0	0.3164309725825328	0.39564392373896007	1.0	0.38742588672279304	0.2708131845707603	1.0	0.09420805663564488	0.38742588672279304	0.3660254037844386	1.0	1.0	0.585786437626905	0.27429188517743175	0.24660605559646726	1.0	1.0	1.0	1.0	1.0	1.0	0.44948974278317805	0.27429188517743175	0.36602540378443865	0.5	1.0	0.585786437626905	1.0	0.5	0.4142135623730951	0.3430703308172536	1.0	0.32449979983983984	1.0	1.0
sh	1.0	0.44948974278317805	0.39564392373896007	1.0	0.44948974278317805	0.4142135623730951	1.0	0.09157762499696523	0.38742588672279304	0.4142135623730951	1.0	1.0	0.585786437626905	0.44948974278317805	0.3380788308512194	0.585786437626905	0.585786437626905	1.0	1.0	1.0	1.0	0.4364916731037085	0.3430703308172536	0.44948974278317805	0.585786437626905	0.585786437626905	1.0	1.0	0.585786437626905	0.24496552958641032	0.3726822671238253	1.0	0.22966848451216434	1.0	0.5
si	0.0	1.0	0.0	0.0	1.0	1.0	0.0	1.0	1.0	1.0	1.0	1.0	1.0	1.0	1.0	1.0	1.0	1.0	0.0	1.0	0.0	1.0	1.0	1.0	1.0	1.0	1.0	1.0	0.0	1.0	1.0	0.0	1.0	1.0	1.0
simple	1.0	0.32037724101704074	0.39564392373896007	1.0	0.585786437626905	0.4142135623730951	1.0	0.38742588672279304	0.4142135623730951	0.44948974278317805	0.585786437626905	0.585786437626905	0.5	0.44948974278317805	0.44948974278317805	0.5	0.5	0.585786437626905	0.585786437626905	1.0	1.0	0.5	0.38742588672279304	0.44948974278317805	0.5	0.5	0.585786437626905	0.0	1.0	0.4142135623730951	0.5	1.0	0.4142135623730951	1.0	0.5
sr	1.0	0.3164309725825328	0.39564392373896007	1.0	0.4142135623730951	0.30552726787943424	1.0	0.08543256120473687	0.34833147735478825	0.4142135623730951	0.5	1.0	0.5	0.44948974278317805	0.26427884169111276	0.30216947925196225	0.585786437626905	1.0	1.0	1.0	1.0	0.4142135623730951	0.3534797987848214	0.3288130902060995	0.5	0.4142135623730951	0.24496552958641032	1.0	0.4142135623730951	1.0	0.3244997998398398	1.0	0.21767634479507444	1.0	0.38742588672279304
sv	1.0	0.3164309725825328	0.39564392373896007	1.0	0.44948974278317805	0.26517921582035225	1.0	0.10562355377661413	0.3660254037844386	0.3090169943749474	1.0	1.0	0.4142135623730951	0.3660254037844386	0.2898979485566356	0.3090169943749474	0.44948974278317805	1.0	1.0	1.0	1.0	0.3660254037844386	0.24660605559646726	0.3203772410170407	0.44948974278317805	0.3430703308172536	0.3726822671238253	1.0	0.5	0.3244997998398398	1.0	1.0	0.26968623182294527	1.0	0.32449979983983984
te	0.0	1.0	1.0	1.0	1.0	1.0	1.0	0.585786437626905	1.0	1.0	1.0	1.0	1.0	1.0	1.0	1.0	1.0	1.0	1.0	1.0	1.0	1.0	1.0	1.0	1.0	1.0	1.0	0.0	1.0	1.0	1.0	1.0	1.0	1.0	1.0
vi	1.0	0.3164309725825328	0.39564392373896007	1.0	0.585786437626905	0.4142135623730951	1.0	0.03886323949603524	0.21040331845089688	0.312382456964725	1.0	1.0	0.5	0.35388936786452296	0.28172904669025317	0.3164309725825328	0.3430703308172536	1.0	1.0	1.0	1.0	0.4142135623730951	0.3021694792519622	0.2989350844248255	0.5	0.32449979983983984	0.22966848451216434	1.0	0.4142135623730951	0.21767634479507444	0.26968623182294527	1.0	1.0	1.0	0.3090169943749474
war	0.0	0.585786437626905	1.0	1.0	1.0	1.0	1.0	1.0	1.0	1.0	1.0	1.0	1.0	1.0	1.0	1.0	1.0	1.0	1.0	1.0	1.0	1.0	1.0	1.0	1.0	1.0	1.0	1.0	1.0	1.0	1.0	1.0	1.0	1.0	1.0
zh	0.5	0.3164309725825328	0.39564392373896007	1.0	0.5	0.38742588672279304	1.0	0.11206688119429545	0.44948974278317805	0.44948974278317805	1.0	1.0	0.5	0.26533119314590375	0.27429188517743175	1.0	1.0	1.0	1.0	1.0	1.0	0.5	0.28436465220442186	0.4142135623730951	0.5	1.0	0.5	1.0	0.5	0.38742588672279304	0.32449979983983984	1.0	0.3090169943749474	1.0	1.0
