arz	bs	ceb	ckb	da	de	el	en	es	fr	he	hi	hu	id	it	ja	ko	lv	mk	ml	mr	nl	pl	pt	ro	ru	sh	si	simple	sr	sv	te	vi	war	zh
arz	1.0	1.0	0.0	0.0	1.0	1.0	1.0	0.585786437626905	1.0	0.0	1.0	0.0	1.0	1.0	1.0	1.0	1.0	1.0	1.0	0.0	0.0	1.0	0.585786437626905	1.0	1.0	1.0	1.0	0.0	1.0	1.0	1.0	0.0	1.0	0.0	0.585786437626905
bs	1.0	1.0	0.0	1.0	1.0	1.0	0.585786437626905	0.08792722311362056	0.10275248635596666	0.0	0.353889367864523	1.0	1.0	0.585786437626905	0.11978243827074593	0.5	1.0	1.0	0.585786437626905	1.0	1.0	1.0	0.2372732414640341	0.30193324523786563	0.4142135623730951	0.1765633506768389	1.0	1.0	0.585786437626905	0.585786437626905	1.0	1.0	1.0	1.0	0.5
ceb	0.0	0.0	1.0	0.0	1.0	1.0	1.0	1.0	1.0	0.0	1.0	0.0	0.0	0.0	1.0	1.0	1.0	1.0	0.0	0.0	0.0	1.0	1.0	1.0	1.0	1.0	1.0	0.0	0.0	0.0	1.0	0.0	1.0	0.0	1.0
ckb	0.0	1.0	0.0	1.0	1.0	1.0	1.0	1.0	1.0	0.0	1.0	1.0	1.0	1.0	1.0	1.0	1.0	1.0	1.0	0.585786437626905	1.0	0.585786437626905	1.0	1.0	1.0	1.0	1.0	1.0	1.0	1.0	1.0	1.0	1.0	1.0	0.585786437626905
da	1.0	1.0	1.0	1.0	1.0	0.18151291824946006	0.252650308587072	0.03200310522523607	0.1090140835361857	0.0	0.2204812092115424	0.585786437626905	0.25728427444747215	0.20565435798081208	0.13579648178933995	0.0982498618611677	0.27195617308673004	0.2553967929896867	0.5	0.44948974278317805	1.0	0.08876455175129261	0.16139047779640892	0.16413682272157978	0.09444708870949141	0.08753167508091496	0.25	1.0	0.4142135623730951	0.28172904669025317	0.058883006465405875	1.0	0.25	0.585786437626905	0.1826497805105061
de	1.0	1.0	1.0	1.0	0.18151291824946006	1.0	0.05501625513855706	0.002585504116423011	0.039226014360261734	0.0	0.12192368834397271	0.585786437626905	0.15082329980793807	0.06077463283155505	0.022838771993220527	0.011704018628498986	0.38742588672279304	0.28989794855663564	0.585786437626905	0.07507339525414031	1.0	0.023151225071912515	0.026655193386443916	0.0535619762490279	0.017663608677947286	0.006536959557586717	0.1876127897984334	1.0	0.4142135623730951	0.1876127897984334	0.05966706759969793	1.0	0.18001097668719743	1.0	0.040345650667313764
el	1.0	0.585786437626905	1.0	1.0	0.252650308587072	0.05501625513855706	1.0	0.0086761927675848	0.022435501762339088	0.0	0.17358241318593384	1.0	0.26968623182294527	0.10108804720957067	0.01637796090154767	0.04423734192583869	0.26533119314590375	0.2204812092115424	1.0	0.2170510863387084	1.0	0.08045615776788784	0.02530503102436401	0.09974178158128452	0.034213177020689815	0.03790121186451869	0.2	1.0	0.5	0.2857142857142857	0.10748346027042645	1.0	0.1889836017145212	1.0	0.11162926616377884
en	0.585786437626905	0.08792722311362056	1.0	1.0	0.03200310522523607	0.002585504116423011	0.0086761927675848	1.0	0.0008225728730708746	0.5	0.01470282957832585	0.3483314773547883	0.0771346997067444	0.012054703700997852	0.003978107114552538	0.0053498350188142165	0.10771195213146685	0.07844773813482285	0.23371479611805132	0.005438591567294784	1.0	0.005789656345160252	0.003921504167588416	0.003719995581804115	0.006139781070235189	0.0067205524318625295	0.06076135951815238	1.0	0.12309353616859305	0.06219587849266405	0.005581175403218017	1.0	0.05100887927481638	0.585786437626905	0.0061921214527649576
es	1.0	0.10275248635596666	1.0	1.0	0.1090140835361857	0.039226014360261734	0.022435501762339088	0.0008225728730708746	1.0	1.0	0.07590857496485436	0.39564392373896007	0.13285739300077615	0.022118379064526524	0.00118829093591916	0.00638109674281416	0.44948974278317805	0.24660605559646726	0.585786437626905	0.011700010936169434	1.0	0.003337884235817096	0.001816022121761334	0.004074222984079623	0.009915303045185665	0.0021232362302227087	0.1639607805437114	1.0	0.25	0.09453027030671084	0.0105769390612718	1.0	0.06990985622528449	1.0	0.008328811413736696
fr	0.0	0.0	0.0	0.0	0.0	0.0	0.0	0.5	1.0	1.0	0.0	0.0	0.0	0.0	1.0	0.0	0.0	0.0	0.0	0.0	0.0	1.0	1.0	1.0	0.0	1.0	0.0	0.0	0.0	0.0	0.0	0.0	0.0	0.0	1.0
he	1.0	0.353889367864523	1.0	1.0	0.2204812092115424	0.12192368834397271	0.17358241318593384	0.01470282957832585	0.07590857496485436	0.0	1.0	0.585786437626905	0.1924840598000365	0.0972455704253264	0.05823099194737075	0.045037390149180324	0.44948974278317805	0.3021694792519622	0.585786437626905	0.3660254037844386	1.0	0.07666470422020168	0.08373055687701066	0.0945730465400315	0.026202277129024034	0.0537491728444594	0.22281267964860224	1.0	0.3797958971132712	0.18464218557642828	0.13359782896858174	1.0	0.25	1.0	0.05545800346110688
hi	0.0	1.0	0.0	1.0	0.585786437626905	0.585786437626905	1.0	0.3483314773547883	0.39564392373896007	0.0	0.585786437626905	1.0	0.5	0.585786437626905	0.39564392373896007	0.39564392373896007	0.4364916731037085	0.4364916731037085	0.585786437626905	1.0	1.0	0.585786437626905	0.585786437626905	0.585786437626905	0.40453726661826384	0.39564392373896007	0.4364916731037085	0.585786437626905	1.0	0.585786437626905	0.4364916731037085	1.0	0.585786437626905	1.0	0.585786437626905
hu	1.0	1.0	0.0	1.0	0.25728427444747215	0.15082329980793807	0.26968623182294527	0.0771346997067444	0.13285739300077615	0.0	0.1924840598000365	0.5	1.0	0.35388936786452296	0.14234980545486764	0.16666666666666666	0.2857142857142857	0.5	0.585786437626905	0.44948974278317805	1.0	0.12193513948125888	0.12444584824196174	0.12797786185801033	0.08504860391829294	0.11504849007695503	0.39564392373896007	0.585786437626905	1.0	0.3726822671238253	0.16666666666666666	1.0	0.32037724101704074	1.0	0.15882532609043046
id	1.0	0.585786437626905	0.0	1.0	0.20565435798081208	0.06077463283155505	0.10108804720957067	0.012054703700997852	0.022118379064526524	0.0	0.0972455704253264	0.585786437626905	0.35388936786452296	1.0	0.019630951288607115	0.05497826755147629	0.1842574582922436	0.25000000000000006	0.44948974278317805	0.11787845042814334	1.0	0.030654081199449918	0.023881463625761372	0.030138073930794006	0.17731968524741584	0.018586370266859796	0.19160741797296413	0.585786437626905	0.18464218557642828	0.2612038749637414	0.108611363276524	0.585786437626905	0.16089167649473737	0.585786437626905	0.04772814082204087
it	1.0	0.11978243827074593	1.0	1.0	0.13579648178933995	0.022838771993220527	0.01637796090154767	0.003978107114552538	0.00118829093591916	1.0	0.05823099194737075	0.39564392373896007	0.14234980545486764	0.019630951288607115	1.0	0.006446559466677546	0.28989794855663564	0.16039776255003638	0.585786437626905	0.007382584629249234	1.0	0.0028812725130585013	0.0024326136191638904	0.004282933043307967	0.009762278312763656	0.0024896764382998583	0.13957875683699938	1.0	0.2898979485566356	0.0802095397791549	0.010062460342165272	1.0	0.09708231133180277	1.0	0.011334996343915181
ja	1.0	0.5	1.0	1.0	0.0982498618611677	0.011704018628498986	0.04423734192583869	0.0053498350188142165	0.00638109674281416	0.0	0.045037390149180324	0.39564392373896007	0.16666666666666666	0.05497826755147629	0.006446559466677546	1.0	0.11154238233468172	0.11350416126511091	0.2857142857142857	0.07067038971905508	1.0	0.010407734763219276	0.00867961398742096	0.010219744631381266	0.024710547658559467	0.007058836555191076	0.0724962362876279	1.0	0.16893748062498004	0.1745384102270772	0.02223504549492413	1.0	0.07962652267441675	0.5	0.01517113873347168
ko	1.0	1.0	1.0	1.0	0.27195617308673004	0.38742588672279304	0.26533119314590375	0.10771195213146685	0.44948974278317805	0.0	0.44948974278317805	0.4364916731037085	0.2857142857142857	0.1842574582922436	0.28989794855663564	0.11154238233468172	1.0	1.0	1.0	1.0	1.0	0.28989794855663564	0.34833147735478825	0.2612038749637414	0.09596264205935481	0.1991722655343916	0.3660254037844386	1.0	0.5	0.27429188517743175	0.24179033438163736	1.0	0.3660254037844386	1.0	0.1856154626682773
lv	1.0	1.0	1.0	1.0	0.2553967929896867	0.28989794855663564	0.2204812092115424	0.07844773813482285	0.24660605559646726	0.0	0.3021694792519622	0.4364916731037085	0.5	0.25000000000000006	0.16039776255003638	0.11350416126511091	1.0	1.0	1.0	0.5	1.0	0.17684258135111194	0.16159977384274446	0.17305757537147254	0.04619928403130008	0.11462079802564168	0.3333333333333333	1.0	0.585786437626905	0.23006275550355904	0.15022110482233483	1.0	0.3660254037844386	1.0	0.15548737703860027
mk	1.0	0.585786437626905	0.0	1.0	0.5	0.585786437626905	1.0	0.23371479611805132	0.585786437626905	0.0	0.585786437626905	0.585786437626905	0.585786437626905	0.44948974278317805	0.585786437626905	0.2857142857142857	1.0	1.0	1.0	1.0	1.0	0.4142135623730951	0.5	1.0	0.3660254037844386	0.38742588672279304	1.0	1.0	1.0	0.44948974278317805	0.39564392373896007	1.0	1.0	1.0	0.3483314773547883
ml	0.0	1.0	0.0	0.585786437626905	0.44948974278317805	0.07507339525414031	0.2170510863387084	0.005438591567294784	0.011700010936169434	0.0	0.3660254037844386	1.0	0.44948974278317805	0.11787845042814334	0.007382584629249234	0.07067038971905508	1.0	0.5	1.0	1.0	1.0	0.02494530281315028	0.0271684116149767	0.032473566493069574	0.05221657488538936	0.011289656400648924	0.39564392373896007	1.0	0.3660254037844386	0.44948974278317805	0.15776505912784203	1.0	0.27195617308673004	1.0	0.08738412068452622
mr	0.0	1.0	0.0	1.0	1.0	1.0	1.0	1.0	1.0	0.0	1.0	1.0	1.0	1.0	1.0	1.0	1.0	1.0	1.0	1.0	1.0	1.0	1.0	1.0	1.0	1.0	1.0	1.0	1.0	1.0	1.0	1.0	1.0	1.0	1.0
nl	1.0	1.0	1.0	0.585786437626905	0.08876455175129261	0.023151225071912515	0.08045615776788784	0.005789656345160252	0.003337884235817096	1.0	0.07666470422020168	0.585786437626905	0.12193513948125888	0.030654081199449918	0.0028812725130585013	0.010407734763219276	0.28989794855663564	0.17684258135111194	0.4142135623730951	0.02494530281315028	1.0	1.0	0.004762107785834456	0.026442087225925736	0.014754508843741314	0.004674586067384661	0.13447180672888778	1.0	0.2958163163244893	0.171310475400854	0.01916874596019642	1.0	0.12353727829581482	1.0	0.024473657547178406
pl	0.585786437626905	0.2372732414640341	1.0	1.0	0.16139047779640892	0.026655193386443916	0.02530503102436401	0.003921504167588416	0.001816022121761334	1.0	0.08373055687701066	0.585786437626905	0.12444584824196174	0.023881463625761372	0.0024326136191638904	0.00867961398742096	0.34833147735478825	0.16159977384274446	0.5	0.0271684116149767	1.0	0.004762107785834456	1.0	0.027235514199311625	0.012452283059387208	0.0031746497640912533	0.14608721524372043	1.0	0.34833147735478825	0.09904223485419114	0.016387461966673136	1.0	0.10570781608549044	1.0	0.02370082911142864
pt	1.0	0.30193324523786563	1.0	1.0	0.16413682272157978	0.0535619762490279	0.09974178158128452	0.003719995581804115	0.004074222984079623	1.0	0.0945730465400315	0.585786437626905	0.12797786185801033	0.030138073930794006	0.004282933043307967	0.010219744631381266	0.2612038749637414	0.17305757537147254	1.0	0.032473566493069574	1.0	0.026442087225925736	0.027235514199311625	1.0	0.015438708187790402	0.006562678233444184	0.153285746704985	1.0	0.2632403810669918	0.17011071785351697	0.05720775759094483	1.0	0.14195912880515027	1.0	0.021596162167270457
ro	1.0	0.4142135623730951	1.0	1.0	0.09444708870949141	0.017663608677947286	0.034213177020689815	0.006139781070235189	0.009915303045185665	0.0	0.026202277129024034	0.40453726661826384	0.08504860391829294	0.17731968524741584	0.009762278312763656	0.024710547658559467	0.09596264205935481	0.04619928403130008	0.3660254037844386	0.05221657488538936	1.0	0.014754508843741314	0.012452283059387208	0.015438708187790402	1.0	0.011082826898311983	0.046999862614913	1.0	0.15392306119873828	0.1182131817303764	0.027637210205897968	1.0	0.09318715979322469	1.0	0.022912339446874676
ru	1.0	0.1765633506768389	1.0	1.0	0.08753167508091496	0.006536959557586717	0.03790121186451869	0.0067205524318625295	0.0021232362302227087	1.0	0.0537491728444594	0.39564392373896007	0.11504849007695503	0.018586370266859796	0.0024896764382998583	0.007058836555191076	0.1991722655343916	0.11462079802564168	0.38742588672279304	0.011289656400648924	1.0	0.004674586067384661	0.0031746497640912533	0.006562678233444184	0.011082826898311983	1.0	0.11149901960407384	1.0	0.2216368750839041	0.08634805704398753	0.009637749929551104	1.0	0.0710164329463693	0.585786437626905	0.011173106593535313
sh	1.0	1.0	1.0	1.0	0.25	0.1876127897984334	0.2	0.06076135951815238	0.1639607805437114	0.0	0.22281267964860224	0.4364916731037085	0.39564392373896007	0.19160741797296413	0.13957875683699938	0.0724962362876279	0.3660254037844386	0.3333333333333333	1.0	0.39564392373896007	1.0	0.13447180672888778	0.14608721524372043	0.153285746704985	0.046999862614913	0.11149901960407384	1.0	1.0	0.5	0.20521309615767264	0.1921904042583698	1.0	0.28708594921778513	1.0	0.11169456803684231
si	0.0	1.0	0.0	1.0	1.0	1.0	1.0	1.0	1.0	0.0	1.0	0.585786437626905	0.585786437626905	0.585786437626905	1.0	1.0	1.0	1.0	1.0	1.0	1.0	1.0	1.0	1.0	1.0	1.0	1.0	1.0	1.0	1.0	1.0	1.0	1.0	1.0	1.0
simple	1.0	0.585786437626905	0.0	1.0	0.4142135623730951	0.4142135623730951	0.5	0.12309353616859305	0.25	0.0	0.3797958971132712	1.0	1.0	0.18464218557642828	0.2898979485566356	0.16893748062498004	0.5	0.585786437626905	1.0	0.3660254037844386	1.0	0.2958163163244893	0.34833147735478825	0.2632403810669918	0.15392306119873828	0.2216368750839041	0.5	1.0	1.0	0.3266316347104093	0.23441237831492112	1.0	0.4142135623730951	1.0	0.23582845781094
sr	1.0	0.585786437626905	0.0	1.0	0.28172904669025317	0.1876127897984334	0.2857142857142857	0.06219587849266405	0.09453027030671084	0.0	0.18464218557642828	0.585786437626905	0.3726822671238253	0.2612038749637414	0.0802095397791549	0.1745384102270772	0.27429188517743175	0.23006275550355904	0.44948974278317805	0.44948974278317805	1.0	0.171310475400854	0.09904223485419114	0.17011071785351697	0.1182131817303764	0.08634805704398753	0.20521309615767264	1.0	0.3266316347104093	1.0	0.25824569976124334	1.0	0.3266316347104093	0.585786437626905	0.12838045973070003
sv	1.0	1.0	1.0	1.0	0.058883006465405875	0.05966706759969793	0.10748346027042645	0.005581175403218017	0.0105769390612718	0.0	0.13359782896858174	0.4364916731037085	0.16666666666666666	0.108611363276524	0.010062460342165272	0.02223504549492413	0.24179033438163736	0.15022110482233483	0.39564392373896007	0.15776505912784203	1.0	0.01916874596019642	0.016387461966673136	0.05720775759094483	0.027637210205897968	0.009637749929551104	0.1921904042583698	1.0	0.23441237831492112	0.25824569976124334	1.0	0.585786437626905	0.2448491360898244	1.0	0.07153610581051034
te	0.0	1.0	0.0	1.0	1.0	1.0	1.0	1.0	1.0	0.0	1.0	1.0	1.0	0.585786437626905	1.0	1.0	1.0	1.0	1.0	1.0	1.0	1.0	1.0	1.0	1.0	1.0	1.0	1.0	1.0	1.0	0.585786437626905	1.0	1.0	1.0	0.585786437626905
vi	1.0	1.0	1.0	1.0	0.25	0.18001097668719743	0.1889836017145212	0.05100887927481638	0.06990985622528449	0.0	0.25	0.585786437626905	0.32037724101704074	0.16089167649473737	0.09708231133180277	0.07962652267441675	0.3660254037844386	0.3660254037844386	1.0	0.27195617308673004	1.0	0.12353727829581482	0.10570781608549044	0.14195912880515027	0.09318715979322469	0.0710164329463693	0.28708594921778513	1.0	0.4142135623730951	0.3266316347104093	0.2448491360898244	1.0	1.0	1.0	0.08802012786802801
war	0.0	1.0	0.0	1.0	0.585786437626905	1.0	1.0	0.585786437626905	1.0	0.0	1.0	1.0	1.0	0.585786437626905	1.0	0.5	1.0	1.0	1.0	1.0	1.0	1.0	1.0	1.0	1.0	0.585786437626905	1.0	1.0	1.0	0.585786437626905	1.0	1.0	1.0	1.0	0.5
zh	0.585786437626905	0.5	1.0	0.585786437626905	0.1826497805105061	0.040345650667313764	0.11162926616377884	0.0061921214527649576	0.008328811413736696	1.0	0.05545800346110688	0.585786437626905	0.15882532609043046	0.04772814082204087	0.011334996343915181	0.01517113873347168	0.1856154626682773	0.15548737703860027	0.3483314773547883	0.08738412068452622	1.0	0.024473657547178406	0.02370082911142864	0.021596162167270457	0.022912339446874676	0.011173106593535313	0.11169456803684231	1.0	0.23582845781094	0.12838045973070003	0.07153610581051034	0.585786437626905	0.08802012786802801	0.5	1.0
