arz	bs	ceb	ckb	da	de	el	en	es	fr	he	hi	hu	id	it	ja	ko	lv	mk	ml	mr	nl	pl	pt	ro	ru	sh	si	simple	sr	sv	te	vi	war	zh
arz	1.0	0.5666666666666667	0.5263157894736842	0.56	0.5357142857142857	0.5245901639344263	0.5555555555555556	0.5111359452545106	0.5217391304347826	0.5191256830601093	0.5306122448979592	0.5256410256410257	0.547945205479452	0.5289268991138114	0.5174418604651163	0.5220588235294117	0.5289256198347108	0.5581395348837209	0.5681818181818182	0.5587106676899463	0.5370370370370371	0.5309734513274337	0.5315315315315315	0.5284552845528455	0.5463406292749657	0.5202312138728323	0.5576923076923077	0.5135135135135135	0.5343297524521252	0.5522388059701493	0.5178571428571429	0.5348837209302326	0.5443037974683544	0.625	0.525698815566836
bs	0.5666666666666667	1.0	0.5476190476190476	0.5666666666666667	0.5517241379310345	0.5332871912445387	0.5671641791044776	0.515527950310559	0.5272727272727272	0.5240641711229946	0.55	0.55	0.5512820512820512	0.5343511450381679	0.5227272727272727	0.5285714285714286	0.536	0.5869565217391304	0.56	0.5576923076923077	0.5545310015898252	0.5338983050847458	0.5391304347826087	0.5354330708661417	0.5454545454545455	0.5263644239099047	0.5714285714285714	0.55	0.5425531914893617	0.5555555555555556	0.5294117647058824	0.5416666666666666	0.5542168674698795	0.5625	0.5320060685102872
ceb	0.5263157894736842	0.5476190476190476	1.0	0.5405405405405405	0.5741897696212417	0.5547928107838243	0.5394736842105263	0.5208182038247398	0.5389221556886228	0.5351815799874117	0.5680989490240939	0.5558967360400319	0.5873121425721506	0.5418339934084804	0.5337078651685393	0.5421805624074988	0.5426761088333955	0.5926481620405101	0.5705521472392638	0.5448354143019296	0.5417207090358841	0.5545522949586156	0.5650684931506849	0.5502897571728232	0.5627758705247671	0.5378979126901053	0.5645161290322581	0.5208333333333334	0.5580488957127672	0.562421679197995	0.5420552367288379	0.5178571428571429	0.5622630213530234	0.5384615384615384	0.5413198436422166
ckb	0.56	0.5666666666666667	0.5405405405405405	1.0	0.5357142857142857	0.5289256198347108	0.5384615384615384	0.5111365668747972	0.5185185185185185	0.5191256830601093	0.5306122448979592	0.5394736842105263	0.5405405405405405	0.5234375	0.5174418604651163	0.5220588235294117	0.5245901639344263	0.5714285714285714	0.5555555555555556	0.5531914893617021	0.5471698113207547	0.5263157894736842	0.5267857142857143	0.5241935483870968	0.5357142857142857	0.5172413793103449	0.5471698113207547	0.5277777777777778	0.5274725274725275	0.5441176470588236	0.5178571428571429	0.5476190476190476	0.5375	0.5555555555555556	0.5214285714285714
da	0.5357142857142857	0.5517241379310345	0.5741897696212417	0.5357142857142857	1.0	0.5949983401571318	0.584070796460177	0.5553825335409598	0.5867346938775511	0.5815087168470627	0.6107239126739358	0.576	0.6351345881400526	0.5962877980824387	0.5796089385474861	0.5865331107401224	0.5915348641689875	0.5979464465472116	0.5714285714285714	0.5630469371519491	0.5504587155963303	0.6031145807920631	0.6155653981740938	0.6014610389610389	0.6148382004735596	0.5843255796807609	0.5853658536585367	0.5404554517787806	0.6108288960972723	0.595106268976603	0.582452304907001	0.5294117647058824	0.6066955135504442	0.5411764705882353	0.598267784660414
de	0.5245901639344263	0.5332871912445387	0.5547928107838243	0.5289256198347108	0.5949983401571318	1.0	0.5782312925170068	0.5779376904321946	0.6162441564364713	0.6243671030424669	0.6056782334384858	0.5738617946073375	0.5995764581311215	0.6007334963325184	0.6013214126530505	0.6181856451273416	0.5982178217821783	0.556390977443609	0.5597014925373135	0.5588235294117647	0.5556339742029691	0.6239538776269296	0.6210022012171436	0.6196202115776333	0.6012658227848101	0.6096575040423342	0.5642857142857143	0.5307692307692308	0.6116191354842211	0.5812169886404747	0.5940257579131168	0.5382539622211243	0.5886075949367089	0.5327868852459017	0.617431244845141
el	0.5555555555555556	0.5671641791044776	0.5394736842105263	0.5384615384615384	0.584070796460177	0.5782312925170068	1.0	0.5411764705882353	0.5645161290322581	0.5576923076923077	0.5793650793650793	0.5849056603773585	0.5836221184270002	0.567741935483871	0.5612244897959184	0.5750000000000001	0.5666666666666667	0.5769230769230769	0.5679012345679012	0.5938433264415346	0.5747126436781609	0.5704225352112676	0.5714285714285714	0.5855286578853685	0.5837755875663382	0.5634517766497462	0.5747126436781609	0.5333333333333333	0.5810140046091118	0.5918367346938775	0.5625	0.5641025641025641	0.5871559633027523	0.5625	0.5703088401640749
en	0.5111359452545106	0.515527950310559	0.5208182038247398	0.5111365668747972	0.5553825335409598	0.5779376904321946	0.5411764705882353	1.0	0.5950335505792274	0.6103918826689319	0.5637577248879272	0.5493197278911565	0.5499489976369759	0.5835018859673099	0.5921870260993058	0.5847819019754078	0.570842590210706	0.5258358662613982	0.5260245469075118	0.5293873258637031	0.5346200327006468	0.5718322649750347	0.5698219066091723	0.5768041204971035	0.5542857142857143	0.5997936107675752	0.5334665334665335	0.5185185185185185	0.5609332541800289	0.54509635435769	0.5884300778555238	0.5247352797159995	0.5524739859842854	0.5125000000000001	0.5891137990619599
es	0.5217391304347826	0.5272727272727272	0.5389221556886228	0.5185185185185185	0.5867346938775511	0.6162441564364713	0.5645161290322581	0.5950335505792274	1.0	0.6261180679785331	0.5922330097087379	0.5634517766497462	0.5901639344262295	0.5930735930735931	0.6034816247582205	0.6025641025641025	0.5955555555555555	0.5465116279069767	0.5428571428571428	0.5454545454545455	0.5457336194091434	0.6132075471698113	0.6000000000000001	0.6136363636363635	0.5835636783695697	0.6153846153846154	0.553072625698324	0.5266272189349113	0.5920669793955228	0.5691489361702128	0.585820895522388	0.5284090909090908	0.5824742268041238	0.5246913580246914	0.6136797860145204
fr	0.5191256830601093	0.5240641711229946	0.5351815799874117	0.5191256830601093	0.5815087168470627	0.6243671030424669	0.5576923076923077	0.6103918826689319	0.6261180679785331	1.0	0.5997580290365156	0.5622119815668203	0.5855621916385354	0.5997198505869797	0.5944055944055944	0.6036920535061799	0.6042198550341873	0.5412371134020618	0.5435897435897437	0.5485764557768441	0.5553859849930052	0.6035973585318691	0.6000412116216773	0.6016521426816128	0.5789295569323685	0.6110967837011384	0.55	0.5263157894736842	0.5846698903624263	0.5652044091666875	0.5807179427844147	0.5306122448979592	0.5760602678571428	0.5217391304347826	0.6200892371313527
he	0.5306122448979592	0.55	0.5680989490240939	0.5306122448979592	0.6107239126739358	0.6056782334384858	0.5793650793650793	0.5637577248879272	0.5922330097087379	0.5997580290365156	1.0	0.5683453237410072	0.60564263322884	0.6045569620253164	0.5811065209433667	0.5872205432395398	0.5892728950876833	0.5740740740740741	0.5639224501264399	0.5541701302299806	0.5485836932616127	0.6025993385195881	0.594680473262182	0.6249389776135016	0.6011862461050675	0.594017736359537	0.5790996910321091	0.5327102803738317	0.6032265606733692	0.5883052056096981	0.5715123094958968	0.5284592340701157	0.6105026764289669	0.5353535353535354	0.6042243066333761
hi	0.5256410256410257	0.55	0.5558967360400319	0.5394736842105263	0.576	0.5738617946073375	0.5849056603773585	0.5493197278911565	0.5634517766497462	0.5622119815668203	0.5683453237410072	1.0	0.5775862068965517	0.5832154130837053	0.5550239234449761	0.5759204379928676	0.5652173913043479	0.5795454545454545	0.5652173913043479	0.5888888888888889	0.6208821887213847	0.5612903225806452	0.573672211432914	0.5680194242108915	0.5714285714285714	0.5634782608695652	0.5656565656565656	0.5411764705882353	0.58125	0.5740112994350283	0.5630135141202353	0.603400987383434	0.5737704918032787	0.5384615384615384	0.5629353636805443
hu	0.547945205479452	0.5512820512820512	0.5873121425721506	0.5405405405405405	0.6351345881400526	0.5995764581311215	0.5836221184270002	0.5499489976369759	0.5901639344262295	0.5855621916385354	0.60564263322884	0.5775862068965517	1.0	0.5866453737897993	0.5705188722904055	0.5860077210974567	0.5923183711244794	0.5909725453699395	0.5819373634377276	0.5671254219683199	0.5654182328698881	0.6074200558832661	0.6088045187212484	0.6028591352859136	0.620368601986249	0.5904328918758648	0.6030130935478782	0.5421686746987951	0.6197811447811448	0.6009850031058657	0.5789955249455174	0.5289932117444999	0.5992008524240809	0.5566027151351958	0.6016760409195576
id	0.5289268991138114	0.5343511450381679	0.5418339934084804	0.5234375	0.5962877980824387	0.6007334963325184	0.567741935483871	0.5835018859673099	0.5930735930735931	0.5997198505869797	0.6045569620253164	0.5832154130837053	0.5866453737897993	1.0	0.5825363131156535	0.6012562120375483	0.5981889860786004	0.559508895013781	0.5546053278285659	0.5537012035733778	0.5581364003953634	0.5898872994354856	0.5960203609440073	0.6001427636666468	0.5944262295081967	0.6027605507281427	0.5592741807569077	0.5255474452554745	0.5874326662331129	0.5729850354423733	0.5722801788375559	0.5390070921985816	0.601510067114094	0.53125	0.6114278781996846
it	0.5174418604651163	0.5227272727272727	0.5337078651685393	0.5174418604651163	0.5796089385474861	0.6013214126530505	0.5612244897959184	0.5921870260993058	0.6034816247582205	0.5944055944055944	0.5811065209433667	0.5550239234449761	0.5705188722904055	0.5825363131156535	1.0	0.6147535058551395	0.5827834123152783	0.5439560439560439	0.5434782608695652	0.5445193233392931	0.5400012217222211	0.5937794533459001	0.5929203539823009	0.5968331303288673	0.5853658536585366	0.6008192990441511	0.5520836644521441	0.5280898876404494	0.5763215204909918	0.5696345598392566	0.615802335052946	0.5268817204301075	0.58128078817734	0.5232558139534884	0.5911976603181397
ja	0.5220588235294117	0.5285714285714286	0.5421805624074988	0.5220588235294117	0.5865331107401224	0.6181856451273416	0.5750000000000001	0.5847819019754078	0.6025641025641025	0.6036920535061799	0.5872205432395398	0.5759204379928676	0.5860077210974567	0.6012562120375483	0.6147535058551395	1.0	0.6100098090654015	0.5510204081632653	0.5540540540540541	0.5533333333333333	0.5528694836938325	0.5993727130162049	0.598245056583482	0.5939179363975469	0.5943307086614172	0.5946117036115105	0.5584415584415584	0.5314685314685315	0.6025324860096747	0.575001699177598	0.5988210026047617	0.5369127516778524	0.6081337894336754	0.5294117647058824	0.6070620710807806
ko	0.5289256198347108	0.536	0.5426761088333955	0.5245901639344263	0.5915348641689875	0.5982178217821783	0.5666666666666667	0.570842590210706	0.5955555555555555	0.6042198550341873	0.5892728950876833	0.5652173913043479	0.5923183711244794	0.5981889860786004	0.5827834123152783	0.6100098090654015	1.0	0.5672777956470463	0.5617039545866527	0.5428571428571428	0.5510045924225029	0.5851063829787234	0.5860215053763441	0.5904200120159484	0.5826604203908032	0.5898102212772659	0.5684244731222727	0.5348837209302326	0.5999645096415475	0.5663200608673599	0.5766547580383241	0.5251798561151079	0.5961538461538461	0.5327868852459017	0.6221690846802933
lv	0.5581395348837209	0.5869565217391304	0.5926481620405101	0.5714285714285714	0.5979464465472116	0.556390977443609	0.5769230769230769	0.5258358662613982	0.5465116279069767	0.5412371134020618	0.5740740740740741	0.5795454545454545	0.5909725453699395	0.559508895013781	0.5439560439560439	0.5510204081632653	0.5672777956470463	1.0	0.6034482758620691	0.5714285714285714	0.5652173913043479	0.5645161290322581	0.5751801942964587	0.5639097744360902	0.5964368706429124	0.547448596590805	0.609375	0.5471698113207547	0.5742574257425742	0.6025641025641025	0.5480225988700566	0.540983606557377	0.5888888888888889	0.5681818181818182	0.5539105408020913
mk	0.5681818181818182	0.56	0.5705521472392638	0.5555555555555556	0.5714285714285714	0.5597014925373135	0.5679012345679012	0.5260245469075118	0.5428571428571428	0.5435897435897437	0.5639224501264399	0.5652173913043479	0.5819373634377276	0.5546053278285659	0.5434782608695652	0.5540540540540541	0.5617039545866527	0.6034482758620691	1.0	0.5606060606060607	0.5503009458297506	0.5719138198757764	0.5666923670007711	0.5565934306889444	0.5833333333333333	0.543010752688172	0.5970149253731343	0.5454545454545455	0.5683861197925058	0.5925925925925926	0.5428427552940552	0.53125	0.5859613428280773	0.5909090909090909	0.5526315789473684
ml	0.5587106676899463	0.5576923076923077	0.5448354143019296	0.5531914893617021	0.5630469371519491	0.5588235294117647	0.5938433264415346	0.5293873258637031	0.5454545454545455	0.5485764557768441	0.5541701302299806	0.5888888888888889	0.5671254219683199	0.5537012035733778	0.5445193233392931	0.5533333333333333	0.5428571428571428	0.5714285714285714	0.5606060606060607	1.0	0.6076687703193727	0.5538461538461539	0.560857129886049	0.5547179620483493	0.570154095701541	0.5510534846029174	0.5540540540540541	0.543859649122807	0.5636562734136361	0.569952822515048	0.5422265543410151	0.6034482758620691	0.558968058968059	0.5625	0.5444934710058906
mr	0.5370370370370371	0.5545310015898252	0.5417207090358841	0.5471698113207547	0.5504587155963303	0.5556339742029691	0.5747126436781609	0.5346200327006468	0.5457336194091434	0.5553859849930052	0.5485836932616127	0.6208821887213847	0.5654182328698881	0.5581364003953634	0.5400012217222211	0.5528694836938325	0.5510045924225029	0.5652173913043479	0.5503009458297506	0.6076687703193727	1.0	0.549224369529422	0.5535507897778348	0.5477524288923169	0.5573770491803278	0.5580419580419581	0.5569620253164557	0.5483870967741935	0.555822906641001	0.5531914893617021	0.5445562472853627	0.6093518393747474	0.5491730842065395	0.5454545454545455	0.5417313001824372
nl	0.5309734513274337	0.5338983050847458	0.5545522949586156	0.5263157894736842	0.6031145807920631	0.6239538776269296	0.5704225352112676	0.5718322649750347	0.6132075471698113	0.6035973585318691	0.6025993385195881	0.5612903225806452	0.6074200558832661	0.5898872994354856	0.5937794533459001	0.5993727130162049	0.5851063829787234	0.5645161290322581	0.5719138198757764	0.5538461538461539	0.549224369529422	1.0	0.6034482758620691	0.6050155918345955	0.6055685689948893	0.6011537597083135	0.5813953488372093	0.5327868852459017	0.5970260778599715	0.5866912790959434	0.5872794390377449	0.5267175572519084	0.5933333333333333	0.5350877192982456	0.5980361047982505
pl	0.5315315315315315	0.5391304347826087	0.5650684931506849	0.5267857142857143	0.6155653981740938	0.6210022012171436	0.5714285714285714	0.5698219066091723	0.6000000000000001	0.6000412116216773	0.594680473262182	0.573672211432914	0.6088045187212484	0.5960203609440073	0.5929203539823009	0.598245056583482	0.5860215053763441	0.5751801942964587	0.5666923670007711	0.560857129886049	0.5535507897778348	0.6034482758620691	1.0	0.6004656016697438	0.6120466321243523	0.6043373493975904	0.5736434108527132	0.5333333333333333	0.6099647710115752	0.5935800851621356	0.5888671042536868	0.5333030234144124	0.5906040268456376	0.5357142857142857	0.5932308263465643
pt	0.5284552845528455	0.5354330708661417	0.5502897571728232	0.5241935483870968	0.6014610389610389	0.6196202115776333	0.5855286578853685	0.5768041204971035	0.6136363636363635	0.6016521426816128	0.6249389776135016	0.5680194242108915	0.6028591352859136	0.6001427636666468	0.5968331303288673	0.5939179363975469	0.5904200120159484	0.5639097744360902	0.5565934306889444	0.5547179620483493	0.5477524288923169	0.6050155918345955	0.6004656016697438	1.0	0.6072823027331335	0.6182353294492162	0.5714285714285714	0.5303030303030303	0.6106132898871174	0.59243533158277	0.5832953682611997	0.5303456409325955	0.5893319179990713	0.532258064516129	0.6115028484786033
ro	0.5463406292749657	0.5454545454545455	0.5627758705247671	0.5357142857142857	0.6148382004735596	0.6012658227848101	0.5837755875663382	0.5542857142857143	0.5835636783695697	0.5789295569323685	0.6011862461050675	0.5714285714285714	0.620368601986249	0.5944262295081967	0.5853658536585366	0.5943307086614172	0.5826604203908032	0.5964368706429124	0.5833333333333333	0.570154095701541	0.5573770491803278	0.6055685689948893	0.6120466321243523	0.6072823027331335	1.0	0.590308793821375	0.5882352941176471	0.5319148936170213	0.5936577195998061	0.6166207529843893	0.58128078817734	0.5294117647058824	0.6016260162601625	0.5476190476190476	0.5821580126829734
ru	0.5202312138728323	0.5263644239099047	0.5378979126901053	0.5172413793103449	0.5843255796807609	0.6096575040423342	0.5634517766497462	0.5997936107675752	0.6153846153846154	0.6110967837011384	0.594017736359537	0.5634782608695652	0.5904328918758648	0.6027605507281427	0.6008192990441511	0.5946117036115105	0.5898102212772659	0.547448596590805	0.543010752688172	0.5510534846029174	0.5580419580419581	0.6011537597083135	0.6043373493975904	0.6182353294492162	0.590308793821375	1.0	0.5536153259303213	0.5277777777777778	0.5979088417419551	0.5686736020806242	0.5971106074135129	0.532258064516129	0.5804878048780487	0.5229885057471265	0.6057121791071544
sh	0.5576923076923077	0.5714285714285714	0.5645161290322581	0.5471698113207547	0.5853658536585367	0.5642857142857143	0.5747126436781609	0.5334665334665335	0.553072625698324	0.55	0.5790996910321091	0.5656565656565656	0.6030130935478782	0.5592741807569077	0.5520836644521441	0.5584415584415584	0.5684244731222727	0.609375	0.5970149253731343	0.5540540540540541	0.5569620253164557	0.5813953488372093	0.5736434108527132	0.5714285714285714	0.5882352941176471	0.5536153259303213	1.0	0.5573770491803278	0.579108635097493	0.622427551448971	0.5483870967741935	0.5277777777777778	0.5858585858585859	0.5660377358490566	0.5646891987709761
si	0.5135135135135135	0.55	0.5208333333333334	0.5277777777777778	0.5404554517787806	0.5307692307692308	0.5333333333333333	0.5185185185185185	0.5266272189349113	0.5263157894736842	0.5327102803738317	0.5411764705882353	0.5421686746987951	0.5255474452554745	0.5280898876404494	0.5314685314685315	0.5348837209302326	0.5471698113207547	0.5454545454545455	0.543859649122807	0.5483870967741935	0.5327868852459017	0.5333333333333333	0.5303030303030303	0.5319148936170213	0.5277777777777778	0.5573770491803278	1.0	0.5353535353535354	0.5384615384615384	0.5257142857142857	0.5384615384615384	0.5333333333333333	0.5263157894736842	0.5342465753424658
simple	0.5343297524521252	0.5425531914893617	0.5580488957127672	0.5274725274725275	0.6108288960972723	0.6116191354842211	0.5810140046091118	0.5609332541800289	0.5920669793955228	0.5846698903624263	0.6032265606733692	0.58125	0.6197811447811448	0.5874326662331129	0.5763215204909918	0.6025324860096747	0.5999645096415475	0.5742574257425742	0.5683861197925058	0.5636562734136361	0.555822906641001	0.5970260778599715	0.6099647710115752	0.6106132898871174	0.5936577195998061	0.5979088417419551	0.579108635097493	0.5353535353535354	1.0	0.6012031782065834	0.5755846595143065	0.5377358490566038	0.6002477050852396	0.5384615384615384	0.6173180539669523
sr	0.5522388059701493	0.5555555555555556	0.562421679197995	0.5441176470588236	0.595106268976603	0.5812169886404747	0.5918367346938775	0.54509635435769	0.5691489361702128	0.5652044091666875	0.5883052056096981	0.5740112994350283	0.6009850031058657	0.5729850354423733	0.5696345598392566	0.575001699177598	0.5663200608673599	0.6025641025641025	0.5925925925925926	0.569952822515048	0.5531914893617021	0.5866912790959434	0.5935800851621356	0.59243533158277	0.6166207529843893	0.5686736020806242	0.622427551448971	0.5384615384615384	0.6012031782065834	1.0	0.5555555555555556	0.543927505801746	0.591812865497076	0.562095531587057	0.5786116980360463
sv	0.5178571428571429	0.5294117647058824	0.5420552367288379	0.5178571428571429	0.582452304907001	0.5940257579131168	0.5625	0.5884300778555238	0.585820895522388	0.5807179427844147	0.5715123094958968	0.5630135141202353	0.5789955249455174	0.5722801788375559	0.615802335052946	0.5988210026047617	0.5766547580383241	0.5480225988700566	0.5428427552940552	0.5422265543410151	0.5445562472853627	0.5872794390377449	0.5888671042536868	0.5832953682611997	0.58128078817734	0.5971106074135129	0.5483870967741935	0.5257142857142857	0.5755846595143065	0.5555555555555556	1.0	0.5274725274725275	0.5771268576351497	0.5207100591715976	0.5812569894878103
te	0.5348837209302326	0.5416666666666666	0.5178571428571429	0.5476190476190476	0.5294117647058824	0.5382539622211243	0.5641025641025641	0.5247352797159995	0.5284090909090908	0.5306122448979592	0.5284592340701157	0.603400987383434	0.5289932117444999	0.5390070921985816	0.5268817204301075	0.5369127516778524	0.5251798561151079	0.540983606557377	0.53125	0.6034482758620691	0.6093518393747474	0.5267175572519084	0.5333030234144124	0.5303456409325955	0.5294117647058824	0.532258064516129	0.5277777777777778	0.5384615384615384	0.5377358490566038	0.543927505801746	0.5274725274725275	1.0	0.5306122448979592	0.5454545454545455	0.5256410256410257
vi	0.5443037974683544	0.5542168674698795	0.5622630213530234	0.5375	0.6066955135504442	0.5886075949367089	0.5871559633027523	0.5524739859842854	0.5824742268041238	0.5760602678571428	0.6105026764289669	0.5737704918032787	0.5992008524240809	0.601510067114094	0.58128078817734	0.6081337894336754	0.5961538461538461	0.5888888888888889	0.5859613428280773	0.558968058968059	0.5491730842065395	0.5933333333333333	0.5906040268456376	0.5893319179990713	0.6016260162601625	0.5804878048780487	0.5858585858585859	0.5333333333333333	0.6002477050852396	0.591812865497076	0.5771268576351497	0.5306122448979592	1.0	0.55	0.5967682020802377
war	0.625	0.5625	0.5384615384615384	0.5555555555555556	0.5411764705882353	0.5327868852459017	0.5625	0.5125000000000001	0.5246913580246914	0.5217391304347826	0.5353535353535354	0.5384615384615384	0.5566027151351958	0.53125	0.5232558139534884	0.5294117647058824	0.5327868852459017	0.5681818181818182	0.5909090909090909	0.5625	0.5454545454545455	0.5350877192982456	0.5357142857142857	0.532258064516129	0.5476190476190476	0.5229885057471265	0.5660377358490566	0.5263157894736842	0.5384615384615384	0.562095531587057	0.5207100591715976	0.5454545454545455	0.55	1.0	0.5285714285714286
zh	0.525698815566836	0.5320060685102872	0.5413198436422166	0.5214285714285714	0.598267784660414	0.617431244845141	0.5703088401640749	0.5891137990619599	0.6136797860145204	0.6200892371313527	0.6042243066333761	0.5629353636805443	0.6016760409195576	0.6114278781996846	0.5911976603181397	0.6070620710807806	0.6221690846802933	0.5539105408020913	0.5526315789473684	0.5444934710058906	0.5417313001824372	0.5980361047982505	0.5932308263465643	0.6115028484786033	0.5821580126829734	0.6057121791071544	0.5646891987709761	0.5342465753424658	0.6173180539669523	0.5786116980360463	0.5812569894878103	0.5256410256410257	0.5967682020802377	0.5285714285714286	1.0
