arz	bs	ceb	ckb	da	de	el	en	es	fr	he	hi	hu	id	it	ja	ko	lv	mk	ml	mr	nl	pl	pt	ro	ru	sh	si	simple	sr	sv	te	vi	war	zh
arz	1.0	0.585786437626905	0.585786437626905	0.585786437626905	0.31264808514230086	0.3164309725825328	0.28436465220442186	0.2570634271658915	0.26968623182294527	0.25355482027512377	0.30216947925196225	1.0	0.28436465220442186	0.294771477094588	0.30552726787943424	0.3164309725825328	0.28436465220442186	0.585786437626905	0.3164309725825328	0.3500417077525244	0.4364916731037085	0.28436465220442186	0.2766967754673749	0.28436465220442186	0.2612038749637415	0.2766967754673749	0.353889367864523	1.0	0.3164309725825328	0.24415874992246042	0.3380788308512194	1.0	0.2572842744474721	0.3164309725825328	0.19862546504025097
bs	0.585786437626905	1.0	0.32449979983983984	0.585786437626905	0.40453726661826384	0.3430703308172536	0.353889367864523	0.2612038749637414	0.40453726661826384	0.40453726661826384	0.2622154943646779	0.353889367864523	0.3597752501562547	0.25633472327031936	0.40453726661826384	0.3797958971132712	0.33175781597560733	0.40453726661826384	0.585786437626905	0.39564392373896	0.33300151973035974	0.5	0.24578124038657367	0.3333333333333333	0.4142135623730951	0.4134900434704663	0.5	0.585786437626905	0.2791745113185196	0.3288130902060995	0.2958163163244893	0.39564392373896007	0.40453726661826384	1.0	0.15075638881616155
ceb	0.585786437626905	0.32449979983983984	1.0	0.585786437626905	0.10653914449249455	0.09617839869986095	0.21393876913398135	0.10036525062716281	0.09418242656651009	0.09585916942578801	0.11755864977515265	0.13228626239442268	0.11666167516807414	0.10995333735083573	0.10027898393035446	0.10937912275362908	0.12339682761608586	0.13162454336267687	0.19248315162140384	0.23714708571059406	0.2698862196402075	0.10081550392157443	0.10103941395356927	0.10420838349148025	0.10973529281958136	0.0946234655077037	0.14118038521106613	0.585786437626905	0.17056978115537566	0.2202728298989575	0.09566829929442566	0.585786437626905	0.12115084134619733	0.5	0.1638067073097595
ckb	0.585786437626905	0.585786437626905	0.585786437626905	1.0	0.5	0.585786437626905	0.585786437626905	0.5	0.5	0.5	0.40453726661826384	0.585786437626905	0.44948974278317805	0.585786437626905	0.585786437626905	0.5	0.585786437626905	0.585786437626905	0.5	0.32881309020609956	0.3726822671238253	0.585786437626905	0.40453726661826384	0.5	0.5	0.585786437626905	0.585786437626905	1.0	0.3380788308512194	0.3726822671238253	0.5	0.585786437626905	0.44948974278317805	0.585786437626905	0.23756573195443464
da	0.31264808514230086	0.40453726661826384	0.10653914449249455	0.5	1.0	0.05183733465110306	0.10146520248682965	0.055034524160733296	0.04172477739041102	0.04588193931904119	0.060532636437465544	0.14566003773278816	0.056445748157312924	0.05677575009094909	0.04745408128710492	0.051287992801018714	0.058352559418532214	0.14036894868835356	0.16917396305315938	0.11965741284212492	0.13262132774217256	0.052043809230711814	0.05216282305731333	0.04775524507582666	0.05494846388502794	0.04603963443373969	0.09802302072392576	1.0	0.0761579656630926	0.08279378423467501	0.04248531193053806	0.39564392373896007	0.06119407726132223	0.44948974278317805	0.06467335606865686
de	0.3164309725825328	0.3430703308172536	0.09617839869986095	0.585786437626905	0.05183733465110306	1.0	0.1261319836228832	0.05432416894446921	0.027488645668594148	0.03827579213842493	0.04657650945629712	0.11380300995566608	0.04626024322418084	0.044815259659472195	0.030117978979034624	0.030751534347561022	0.048636668378863206	0.2402530733520421	0.16317466598179467	0.08738040584031419	0.0895206680014496	0.033573849204537314	0.04390006590100269	0.039534570095881426	0.06292377695056389	0.03772000728175249	0.16489180141339715	0.2531917195779903	0.07251481404108905	0.061901871144915396	0.032999535523721306	0.24254820451590545	0.08947343440303371	0.3726822671238253	0.072429890356283
el	0.28436465220442186	0.353889367864523	0.21393876913398135	0.585786437626905	0.10146520248682965	0.1261319836228832	1.0	0.05692975188568314	0.2791745113185196	0.10549934804366995	0.06967031648270369	0.294771477094588	0.09971171226087994	0.12260317709954237	0.22772999919644132	0.2193450929151803	0.13638155676216024	0.32037724101704074	0.30216947925196225	0.09834381947722065	0.09917731364776045	0.25728427444747215	0.09408100599534638	0.11662874070584194	0.16685844725249374	0.08658393555922361	0.3203772410170407	1.0	0.06699682539551492	0.09022085357893467	0.19038733311557218	0.2708131845707603	0.19404996501286384	0.5	0.05768276485858588
en	0.2570634271658915	0.2612038749637414	0.10036525062716281	0.5	0.055034524160733296	0.05432416894446921	0.05692975188568314	1.0	0.01867676061029291	0.0412547354638786	0.05815256561244177	0.04002300842326596	0.05001861284631201	0.05515719991075862	0.023985912120646765	0.021918581813512736	0.04091473297295302	0.1724594701810533	0.1325509673874126	0.07600455038465662	0.06559279864098708	0.02594003848564582	0.0424278444816356	0.0404967454576574	0.043981176999396736	0.050761624063616465	0.1115731150239666	0.2958163163244893	0.07905400303083218	0.05514722778320258	0.02690414964964813	0.19440654804975302	0.044185067682683925	0.2989350844248255	0.08016840667114582
es	0.26968623182294527	0.40453726661826384	0.09418242656651009	0.5	0.04172477739041102	0.027488645668594148	0.2791745113185196	0.01867676061029291	1.0	0.02196658037956091	0.034129716429339395	0.22901628833426058	0.03996659745822813	0.032567985849365724	0.06967758862048698	0.09815480935541374	0.03483258405804739	0.27792629762666365	0.2	0.08932183395028315	0.08269849608831946	0.08812488540019588	0.03412008817160906	0.028319457263599287	0.07472250053250491	0.025741978093632663	0.20521309615767264	0.585786437626905	0.03645687023228472	0.04932341687733479	0.06102603645655676	0.2612038749637414	0.13334850714340155	0.44948974278317805	0.025984881922143137
fr	0.25355482027512377	0.40453726661826384	0.09585916942578801	0.5	0.04588193931904119	0.03827579213842493	0.10549934804366995	0.0412547354638786	0.02196658037956091	1.0	0.0425226505618255	0.1131394981398129	0.04278874558352789	0.04439745680182495	0.027190952269392603	0.03447527414334754	0.03706269201439801	0.20799159651347807	0.15737805306275918	0.08111834610193923	0.06530224019666993	0.03361827274735079	0.0356675704583322	0.03955176202233505	0.05334810456227259	0.03677350764849965	0.14488602176971205	0.3288130902060995	0.039300482461498004	0.05799625696340272	0.036724540453731976	0.2612038749637415	0.07600073518920748	0.3726822671238253	0.036045163237337606
he	0.30216947925196225	0.2622154943646779	0.11755864977515265	0.40453726661826384	0.060532636437465544	0.04657650945629712	0.06967031648270369	0.05815256561244177	0.034129716429339395	0.0425226505618255	1.0	0.06762756231805023	0.0850707421422625	0.06495969282473198	0.039292272016115445	0.0415546349308805	0.057384379605070375	0.11953915363996465	0.11943651534825184	0.13162973207891507	0.14471715408389166	0.040978430505010405	0.05955581099044441	0.04739142134192492	0.053524808124329956	0.04058586815523871	0.08928510214456248	0.5	0.07502036017849928	0.0721813354262775	0.05067858332737951	0.4356120478348471	0.05426276706168519	0.3090169943749474	0.10696237052260421
hi	1.0	0.353889367864523	0.13228626239442268	0.585786437626905	0.14566003773278816	0.11380300995566608	0.294771477094588	0.04002300842326596	0.22901628833426058	0.1131394981398129	0.06762756231805023	1.0	0.08772387681771343	0.07756363559796609	0.19033635633678647	0.19493043540090282	0.132764974772031	0.3380788308512194	0.22966848451216434	0.11649600231901464	0.061736850893022166	0.20942771453851886	0.09958714220910624	0.10166535623691761	0.16694518744560083	0.07756880109103001	0.29429805508554946	0.5	0.06645772850081692	0.11101920526775833	0.13787040280931098	0.1907435698305462	0.1948102957023263	0.585786437626905	0.057209901100130404
hu	0.28436465220442186	0.3597752501562547	0.11666167516807414	0.44948974278317805	0.056445748157312924	0.04626024322418084	0.09971171226087994	0.05001861284631201	0.03996659745822813	0.04278874558352789	0.0850707421422625	0.08772387681771343	1.0	0.05864821203209301	0.04746383888797531	0.04556211090055327	0.049276577446968686	0.10435369454001801	0.11770545913045122	0.1332251910493907	0.11807514124034581	0.043524743790324026	0.059584918126949715	0.048017739969502954	0.04972999125254142	0.04553908858375213	0.10920834573539413	0.3380788308512194	0.10494853074309692	0.08169942793847286	0.04617857289035766	0.39564392373896	0.05909689240571903	0.585786437626905	0.0826377782925665
id	0.294771477094588	0.25633472327031936	0.10995333735083573	0.585786437626905	0.05677575009094909	0.044815259659472195	0.12260317709954237	0.05515719991075862	0.032567985849365724	0.04439745680182495	0.06495969282473198	0.07756363559796609	0.05864821203209301	1.0	0.0370600699669097	0.03739628815005152	0.0427171708558237	0.14929350302785357	0.15224913734756879	0.11336664644837789	0.08631529911184385	0.0442302626378309	0.05003369274918488	0.04099196285322692	0.05915423128454752	0.042146949874118815	0.14051452291977948	0.585786437626905	0.05353331414674924	0.06709523539814587	0.04332115167214015	0.2898979485566356	0.061607318194016505	0.4142135623730951	0.07027433932907497
it	0.30552726787943424	0.40453726661826384	0.10027898393035446	0.585786437626905	0.04745408128710492	0.030117978979034624	0.22772999919644132	0.023985912120646765	0.06967758862048698	0.027190952269392603	0.039292272016115445	0.19033635633678647	0.04746383888797531	0.0370600699669097	1.0	0.056511495793305035	0.04004410533112331	0.28708594921778513	0.1759695363966243	0.08495608557081459	0.09462333488359362	0.07961414261657752	0.035149207537299956	0.03249621580430517	0.06269742591371018	0.028528601313846436	0.19328818749636983	0.3483314773547883	0.040949576811664785	0.049344871849922305	0.03060534462817853	0.2674788903885893	0.10199251141706699	0.5	0.029244437861429048
ja	0.3164309725825328	0.3797958971132712	0.10937912275362908	0.5	0.051287992801018714	0.030751534347561022	0.2193450929151803	0.021918581813512736	0.09815480935541374	0.03447527414334754	0.0415546349308805	0.19493043540090282	0.04556211090055327	0.03739628815005152	0.056511495793305035	1.0	0.033868020023695544	0.26968623182294527	0.18323855196256447	0.08653844773829482	0.0819965520231663	0.11307351945977591	0.049380126672135836	0.053405782835007826	0.07708006778582675	0.03656885728912991	0.20041808276169437	0.5	0.03932100041565485	0.05606172575141203	0.041973286383476305	0.2612038749637414	0.08041015789243205	0.585786437626905	0.028572796439310055
ko	0.28436465220442186	0.33175781597560733	0.12339682761608586	0.585786437626905	0.058352559418532214	0.048636668378863206	0.13638155676216024	0.04091473297295302	0.03483258405804739	0.03706269201439801	0.057384379605070375	0.132764974772031	0.049276577446968686	0.0427171708558237	0.04004410533112331	0.033868020023695544	1.0	0.16546835739610474	0.14750691701627797	0.14347587912656343	0.10061775232879824	0.07480127799102312	0.054052549082958645	0.046850721025509086	0.09409292911670365	0.04064513906177452	0.13890775844345402	0.2928060946961875	0.05467564198348974	0.07967651475117057	0.04188822765822763	0.39564392373896007	0.06423711822255247	0.40453726661826384	0.04684024956574812
lv	0.585786437626905	0.40453726661826384	0.13162454336267687	0.585786437626905	0.14036894868835356	0.2402530733520421	0.32037724101704074	0.1724594701810533	0.27792629762666365	0.20799159651347807	0.11953915363996465	0.3380788308512194	0.10435369454001801	0.14929350302785357	0.28708594921778513	0.26968623182294527	0.16546835739610474	1.0	0.21393876913398135	0.23800671553691075	0.1518442389903171	0.24578124038657367	0.1092476769195113	0.17411239489546831	0.1827439976315568	0.22835122957183351	0.24257131419419423	0.585786437626905	0.08287516925039	0.09356497224255098	0.23874775399470893	0.39564392373896	0.2025519956555797	0.585786437626905	0.08830907386835651
mk	0.3164309725825328	0.585786437626905	0.19248315162140384	0.5	0.16917396305315938	0.16317466598179467	0.30216947925196225	0.1325509673874126	0.2	0.15737805306275918	0.11943651534825184	0.22966848451216434	0.11770545913045122	0.15224913734756879	0.1759695363966243	0.18323855196256447	0.14750691701627797	0.21393876913398135	1.0	0.22332247220889206	0.21392349180690615	0.16597009301792714	0.1655553478470473	0.15604515444051145	0.16195655263785477	0.17883779774200684	0.24940661603737216	1.0	0.11516534956560646	0.10681745326761945	0.19624155701975585	0.39564392373896007	0.17331935664757372	0.585786437626905	0.11097909624870242
ml	0.3500417077525244	0.39564392373896	0.23714708571059406	0.32881309020609956	0.11965741284212492	0.08738040584031419	0.09834381947722065	0.07600455038465662	0.08932183395028315	0.08111834610193923	0.13162973207891507	0.11649600231901464	0.1332251910493907	0.11336664644837789	0.08495608557081459	0.08653844773829482	0.14347587912656343	0.23800671553691075	0.22332247220889206	1.0	0.103859531956422	0.11062680112346507	0.09692918223927358	0.10907474307209611	0.11217235420521462	0.08018684449716786	0.20684012603650964	0.5	0.1302184076631047	0.13697130686883507	0.11412046763065298	0.1699133639715599	0.1326835812146893	0.32037724101704074	0.11928730815318198
mr	0.4364916731037085	0.33300151973035974	0.2698862196402075	0.3726822671238253	0.13262132774217256	0.0895206680014496	0.09917731364776045	0.06559279864098708	0.08269849608831946	0.06530224019666993	0.14471715408389166	0.061736850893022166	0.11807514124034581	0.08631529911184385	0.09462333488359362	0.0819965520231663	0.10061775232879824	0.1518442389903171	0.21392349180690615	0.103859531956422	1.0	0.10137609902226088	0.10371828081610099	0.11361579489528349	0.1185920918126496	0.07171449459089042	0.16189424969836874	0.3483314773547883	0.12653990416979127	0.135155245421978	0.08265460515360909	0.09953108333517391	0.1441691057786387	0.30383243470068705	0.11910387383206578
nl	0.28436465220442186	0.5	0.10081550392157443	0.585786437626905	0.052043809230711814	0.033573849204537314	0.25728427444747215	0.02594003848564582	0.08812488540019588	0.03361827274735079	0.040978430505010405	0.20942771453851886	0.043524743790324026	0.0442302626378309	0.07961414261657752	0.11307351945977591	0.07480127799102312	0.24578124038657367	0.16597009301792714	0.11062680112346507	0.10137609902226088	1.0	0.054988204953181366	0.05014137174217949	0.07508375479301461	0.05664895356309216	0.16265941452915686	0.4142135623730951	0.04212329078304974	0.0592767299248784	0.06797529157672397	0.36602540378443865	0.13198753181024742	0.585786437626905	0.033069227056807995
pl	0.2766967754673749	0.24578124038657367	0.10103941395356927	0.40453726661826384	0.05216282305731333	0.04390006590100269	0.09408100599534638	0.0424278444816356	0.03412008817160906	0.0356675704583322	0.05955581099044441	0.09958714220910624	0.059584918126949715	0.05003369274918488	0.035149207537299956	0.049380126672135836	0.054052549082958645	0.1092476769195113	0.1655553478470473	0.09692918223927358	0.10371828081610099	0.054988204953181366	1.0	0.04500398953752993	0.05552766356112014	0.04104859676417788	0.13645662684180693	0.585786437626905	0.05284869537602579	0.063689153607701	0.03782464806869844	0.3534797987848214	0.07248477636187478	0.3726822671238253	0.04905774763513167
pt	0.28436465220442186	0.3333333333333333	0.10420838349148025	0.5	0.04775524507582666	0.039534570095881426	0.11662874070584194	0.0404967454576574	0.028319457263599287	0.03955176202233505	0.04739142134192492	0.10166535623691761	0.048017739969502954	0.04099196285322692	0.03249621580430517	0.053405782835007826	0.046850721025509086	0.17411239489546831	0.15604515444051145	0.10907474307209611	0.11361579489528349	0.05014137174217949	0.04500398953752993	1.0	0.06246039298658624	0.03201361673988015	0.14634609432789203	0.585786437626905	0.049896123716488966	0.05347293099185577	0.05028735919859811	0.2457570989038488	0.0807487102396245	0.44948974278317805	0.0627035226666608
ro	0.2612038749637415	0.4142135623730951	0.10973529281958136	0.5	0.05494846388502794	0.06292377695056389	0.16685844725249374	0.043981176999396736	0.07472250053250491	0.05334810456227259	0.053524808124329956	0.16694518744560083	0.04972999125254142	0.05915423128454752	0.06269742591371018	0.07708006778582675	0.09409292911670365	0.1827439976315568	0.16195655263785477	0.11217235420521462	0.1185920918126496	0.07508375479301461	0.05552766356112014	0.06246039298658624	1.0	0.04475096499011026	0.13585126354479668	0.585786437626905	0.058087826439561244	0.06098783444721136	0.06656109613053758	0.353889367864523	0.11062163805807669	0.44948974278317805	0.04941142772780807
ru	0.2766967754673749	0.4134900434704663	0.0946234655077037	0.585786437626905	0.04603963443373969	0.03772000728175249	0.08658393555922361	0.050761624063616465	0.025741978093632663	0.03677350764849965	0.04058586815523871	0.07756880109103001	0.04553908858375213	0.042146949874118815	0.028528601313846436	0.03656885728912991	0.04064513906177452	0.22835122957183351	0.17883779774200684	0.08018684449716786	0.07171449459089042	0.05664895356309216	0.04104859676417788	0.03201361673988015	0.04475096499011026	1.0	0.16806736069334313	0.44948974278317805	0.04202097713842886	0.054757139094154424	0.029188931645767007	0.22901628833426058	0.06472753504569058	0.585786437626905	0.03331951296482448
sh	0.353889367864523	0.5	0.14118038521106613	0.585786437626905	0.09802302072392576	0.16489180141339715	0.3203772410170407	0.1115731150239666	0.20521309615767264	0.14488602176971205	0.08928510214456248	0.29429805508554946	0.10920834573539413	0.14051452291977948	0.19328818749636983	0.20041808276169437	0.13890775844345402	0.24257131419419423	0.24940661603737216	0.20684012603650964	0.16189424969836874	0.16265941452915686	0.13645662684180693	0.14634609432789203	0.13585126354479668	0.16806736069334313	1.0	0.44948974278317805	0.08353154017005894	0.07401519147106432	0.19404996501286384	0.3726822671238253	0.179128784747792	0.5	0.08400532584280865
si	1.0	0.585786437626905	0.585786437626905	1.0	1.0	0.2531917195779903	1.0	0.2958163163244893	0.585786437626905	0.3288130902060995	0.5	0.5	0.3380788308512194	0.585786437626905	0.3483314773547883	0.5	0.2928060946961875	0.585786437626905	1.0	0.5	0.3483314773547883	0.4142135623730951	0.585786437626905	0.585786437626905	0.585786437626905	0.44948974278317805	0.44948974278317805	1.0	0.2674788903885893	0.585786437626905	0.44948974278317805	0.39564392373896007	0.585786437626905	1.0	0.16265941452915686
simple	0.3164309725825328	0.2791745113185196	0.17056978115537566	0.3380788308512194	0.0761579656630926	0.07251481404108905	0.06699682539551492	0.07905400303083218	0.03645687023228472	0.039300482461498004	0.07502036017849928	0.06645772850081692	0.10494853074309692	0.05353331414674924	0.040949576811664785	0.03932100041565485	0.05467564198348974	0.08287516925039	0.11516534956560646	0.1302184076631047	0.12653990416979127	0.04212329078304974	0.05284869537602579	0.049896123716488966	0.058087826439561244	0.04202097713842886	0.08353154017005894	0.2674788903885893	1.0	0.09675176275746689	0.043023138295405224	0.20942771453851886	0.05237423622208215	0.3726822671238253	0.11180935032511012
sr	0.24415874992246042	0.3288130902060995	0.2202728298989575	0.3726822671238253	0.08279378423467501	0.061901871144915396	0.09022085357893467	0.05514722778320258	0.04932341687733479	0.05799625696340272	0.0721813354262775	0.11101920526775833	0.08169942793847286	0.06709523539814587	0.049344871849922305	0.05606172575141203	0.07967651475117057	0.09356497224255098	0.10681745326761945	0.13697130686883507	0.135155245421978	0.0592767299248784	0.063689153607701	0.05347293099185577	0.06098783444721136	0.054757139094154424	0.07401519147106432	0.585786437626905	0.09675176275746689	1.0	0.06961968836760336	0.2739335927491396	0.07264645511359412	0.2671496842001639	0.08861597537105444
sv	0.3380788308512194	0.2958163163244893	0.09566829929442566	0.5	0.04248531193053806	0.032999535523721306	0.19038733311557218	0.02690414964964813	0.06102603645655676	0.036724540453731976	0.05067858332737951	0.13787040280931098	0.04617857289035766	0.04332115167214015	0.03060534462817853	0.041973286383476305	0.04188822765822763	0.23874775399470893	0.19624155701975585	0.11412046763065298	0.08265460515360909	0.06797529157672397	0.03782464806869844	0.05028735919859811	0.06656109613053758	0.029188931645767007	0.19404996501286384	0.44948974278317805	0.043023138295405224	0.06961968836760336	1.0	0.30552726787943424	0.0848415887380617	0.585786437626905	0.03563930798674315
te	1.0	0.39564392373896007	0.585786437626905	0.585786437626905	0.39564392373896007	0.24254820451590545	0.2708131845707603	0.19440654804975302	0.2612038749637414	0.2612038749637415	0.4356120478348471	0.1907435698305462	0.39564392373896	0.2898979485566356	0.2674788903885893	0.2612038749637414	0.39564392373896007	0.39564392373896	0.39564392373896007	0.1699133639715599	0.09953108333517391	0.36602540378443865	0.3534797987848214	0.2457570989038488	0.353889367864523	0.22901628833426058	0.3726822671238253	0.39564392373896007	0.20942771453851886	0.2739335927491396	0.30552726787943424	1.0	0.3380788308512194	0.39564392373896007	0.20234477816568255
vi	0.2572842744474721	0.40453726661826384	0.12115084134619733	0.44948974278317805	0.06119407726132223	0.08947343440303371	0.19404996501286384	0.044185067682683925	0.13334850714340155	0.07600073518920748	0.05426276706168519	0.1948102957023263	0.05909689240571903	0.061607318194016505	0.10199251141706699	0.08041015789243205	0.06423711822255247	0.2025519956555797	0.17331935664757372	0.1326835812146893	0.1441691057786387	0.13198753181024742	0.07248477636187478	0.0807487102396245	0.11062163805807669	0.06472753504569058	0.179128784747792	0.585786437626905	0.05237423622208215	0.07264645511359412	0.0848415887380617	0.3380788308512194	1.0	0.4142135623730951	0.041030688338016395
war	0.3164309725825328	1.0	0.5	0.585786437626905	0.44948974278317805	0.3726822671238253	0.5	0.2989350844248255	0.44948974278317805	0.3726822671238253	0.3090169943749474	0.585786437626905	0.585786437626905	0.4142135623730951	0.5	0.585786437626905	0.40453726661826384	0.585786437626905	0.585786437626905	0.32037724101704074	0.30383243470068705	0.585786437626905	0.3726822671238253	0.44948974278317805	0.44948974278317805	0.585786437626905	0.5	1.0	0.3726822671238253	0.2671496842001639	0.585786437626905	0.39564392373896007	0.4142135623730951	1.0	0.19071967963444592
zh	0.19862546504025097	0.15075638881616155	0.1638067073097595	0.23756573195443464	0.06467335606865686	0.072429890356283	0.05768276485858588	0.08016840667114582	0.025984881922143137	0.036045163237337606	0.10696237052260421	0.057209901100130404	0.0826377782925665	0.07027433932907497	0.029244437861429048	0.028572796439310055	0.04684024956574812	0.08830907386835651	0.11097909624870242	0.11928730815318198	0.11910387383206578	0.033069227056807995	0.04905774763513167	0.0627035226666608	0.04941142772780807	0.03331951296482448	0.08400532584280865	0.16265941452915686	0.11180935032511012	0.08861597537105444	0.03563930798674315	0.20234477816568255	0.041030688338016395	0.19071967963444592	1.0
