arz	bs	ceb	ckb	da	de	el	en	es	fr	he	hi	hu	id	it	ja	ko	lv	mk	ml	mr	nl	pl	pt	ro	ru	sh	si	simple	sr	sv	te	vi	war	zh
arz	0.1430205306122449	0.25	0.5	0.3333333333333333	0.16666666666666666	0.16666666666666666	0.14285714285714285	0.14287755102040817	0.14285714285714285	0.14285714285714285	0.16666666666666666	0.25	0.14285714285714285	0.14287755102040817	0.16666666666666666	0.16666666666666666	0.14285714285714285	0.2	0.16666666666666666	0.20003999999999997	0.25	0.14285714285714285	0.14285714285714285	0.14285714285714285	0.14287755102040817	0.14285714285714285	0.16666666666666666	1.0	0.16669444444444445	0.14285714285714285	0.16666666666666666	0.3333333333333333	0.14285714285714285	0.16666666666666666	0.14287755102040817
bs	0.25	0.10002000999999999	0.25	0.25	0.1111111111111111	0.125015625	0.1111111111111111	0.1	0.1111111111111111	0.1111111111111111	0.1	0.125	0.125	0.1111111111111111	0.125	0.125	0.1111111111111111	0.125	0.16666666666666666	0.16666666666666666	0.16669444444444442	0.125	0.1111111111111111	0.1111111111111111	0.125	0.11112345679012345	0.125	0.25	0.125	0.125	0.1	0.25	0.1111111111111111	0.25	0.11112345679012345
ceb	0.5	0.25	0.07735145062574594	0.3333333333333333	0.08336112500694444	0.07694082840236686	0.16666666666666666	0.07695266863905326	0.07692307692307693	0.07692899408284024	0.08339585416666667	0.11112345679012345	0.08338196528472222	0.09091735537190083	0.08333333333333333	0.09092561983471073	0.10003000999999999	0.11112345679012345	0.14289797959183673	0.20003999999999997	0.20008004	0.08334722222222221	0.07695859763905324	0.08335416666666667	0.09091735537190083	0.07693491124260354	0.125	0.5	0.10008008005001999	0.125093796890625	0.07694675147928993	0.5	0.10001999999999998	0.3333333333333333	0.09097523141322314
ckb	0.3333333333333333	0.25	0.3333333333333333	0.14289797961226533	0.16666666666666666	0.14285714285714285	0.2	0.142877571449	0.16666666666666666	0.14285714285714285	0.16666666666666666	0.16666666666666666	0.16666666666666666	0.16666666666666666	0.16666666666666666	0.16666666666666666	0.16666666666666666	0.16666666666666666	0.2	0.2	0.2	0.16666666666666666	0.16666666666666666	0.16666666666666666	0.16666666666666666	0.16666666666666666	0.2	0.5	0.2	0.16666666666666666	0.16666666666666666	0.25	0.16666666666666666	0.3333333333333333	0.16666666666666666
da	0.16666666666666666	0.1111111111111111	0.08336112500694444	0.16666666666666666	0.026385924333734042	0.033334444444444444	0.05263157894736842	0.02631994459833795	0.029411764705882353	0.028572244897959183	0.03448751605231867	0.05263157894736842	0.03705075994513032	0.03333889222555889	0.031251953124999995	0.034485136741973836	0.03448394768133174	0.058830449826989616	0.07142857142857142	0.08334722917361807	0.09090909090909091	0.033335555555555556	0.030304866850321393	0.0312509765625	0.03704115363511659	0.02941436072750951	0.05882698961937716	0.14287755102040817	0.03704801371742112	0.05001250499999999	0.030303948576675847	0.16666666666666666	0.040003199999999996	0.14285714285714285	0.030309459136822776
de	0.16666666666666666	0.125015625	0.07694082840236686	0.14285714285714285	0.033334444444444444	0.01760005287524189	0.043478260869565216	0.017860970345345346	0.020000399999999998	0.018184793719008264	0.029416955883218854	0.043480151228733464	0.03448632580261593	0.026318559556786702	0.02174007561436673	0.022729856405475726	0.027780864197530862	0.06666666666666667	0.0625	0.0625	0.06668	0.024393813206424746	0.025004376250625	0.023257977285018928	0.03125	0.020836805555555553	0.05555555555555555	0.125	0.03031497888981727	0.04166840277777777	0.02325635478637101	0.10000999999999999	0.03571428571428571	0.125	0.022735542359506197
el	0.14285714285714285	0.1111111111111111	0.16666666666666666	0.2	0.05263157894736842	0.043478260869565216	0.0357232181135204	0.03571428571428571	0.041666666666666664	0.041666666666666664	0.05	0.05555555555555555	0.05882698961937716	0.047619047619047616	0.041666666666666664	0.041666666666666664	0.05	0.08333333333333333	0.09090909090909091	0.07143367346938775	0.07692307692307693	0.05	0.05	0.04167013888888889	0.05555864197530863	0.04	0.07692307692307693	0.2	0.05263434903047091	0.05555555555555555	0.041666666666666664	0.1	0.05263157894736842	0.125	0.04348015122873346
en	0.14287755102040817	0.1	0.07695266863905326	0.142877571449	0.02631994459833795	0.017860970345345346	0.03571428571428571	0.006475965678477561	0.013514061358655951	0.011768166782422422	0.022733989669421487	0.029412629757785465	0.030314051424242424	0.016670834723056388	0.01370013135672734	0.015874527588813303	0.019233358357988162	0.058823529411764705	0.05883045328719723	0.05264266205263435	0.045475221086789266	0.01923224852071006	0.0200032008	0.017859693877551017	0.02631578947368421	0.01282248553583169	0.045460743801652895	0.08333333333333333	0.024400362882212968	0.033341111111111106	0.014287142857142858	0.0625078125	0.027780864969135805	0.125	0.01614178824714074
es	0.14285714285714285	0.1111111111111111	0.07692307692307693	0.16666666666666666	0.029411764705882353	0.020000399999999998	0.041666666666666664	0.013514061358655951	0.01299713898144898	0.015151744719926538	0.02631578947368421	0.04	0.030303948576675847	0.023255813953488372	0.018868636525453897	0.020833333333333332	0.023255813953488372	0.0625	0.06666666666666667	0.0625	0.06250390624999999	0.020833333333333332	0.023255813953488372	0.02	0.031250976562500005	0.016666666666666666	0.05263157894736842	0.1111111111111111	0.027779320987654316	0.038461538461538464	0.021739130434782608	0.1	0.03125	0.125	0.019232248890902737
fr	0.14285714285714285	0.1111111111111111	0.07692899408284024	0.14285714285714285	0.028572244897959183	0.018184793719008264	0.041666666666666664	0.011768166782422422	0.015151744719926538	0.01140121156032353	0.024397383700178462	0.037037037037037035	0.030310380168045915	0.020835069444444444	0.018518518518518517	0.019608996539792388	0.02040941274468971	0.0625	0.058823529411764705	0.05556481481481482	0.050017507499999996	0.02083376736111111	0.02222469234567901	0.020408579758433985	0.029412629757785465	0.016394517602794947	0.05	0.1	0.02778240740740741	0.03846745562130177	0.02174007561436673	0.08333333333333333	0.031251953125	0.125	0.0175481702062173
he	0.16666666666666666	0.1	0.08339585416666667	0.16666666666666666	0.03448751605231867	0.029416955883218854	0.05	0.022733989669421487	0.02631578947368421	0.024397383700178462	0.022322430741985068	0.05263157894736842	0.038468940832844675	0.02857551102122531	0.029415224913494808	0.03125097754004004	0.03333666666666667	0.0625	0.07143367346938775	0.08334722222222221	0.0909421735785372	0.030303948576675847	0.03333666666666667	0.025002499999999997	0.03704115226337448	0.025001249999999996	0.05555864197530863	0.14285714285714285	0.035724494901788265	0.04763265759863945	0.03333777777777778	0.16672225002780558	0.035719387755102035	0.14285714285714285	0.027789354166666665
hi	0.25	0.125	0.11112345679012345	0.16666666666666666	0.05263157894736842	0.043480151228733464	0.05555555555555555	0.029412629757785465	0.04	0.037037037037037035	0.05263157894736842	0.02943946887370934	0.05555555555555555	0.03846449704142012	0.043478260869565216	0.0400016	0.047619047619047616	0.07142857142857142	0.08333333333333333	0.0625	0.04762358276643991	0.05263157894736842	0.04762358276643991	0.04762358276643991	0.05555555555555555	0.038463017751479284	0.07692307692307693	0.14285714285714285	0.05000999999999999	0.06250390624999999	0.0400016	0.06250390624999999	0.05555555555555555	0.16666666666666666	0.04545867768595041
hu	0.14285714285714285	0.125	0.08338196528472222	0.16666666666666666	0.03705075994513032	0.03448632580261593	0.05882698961937716	0.030314051424242424	0.030303948576675847	0.030310380168045915	0.038468940832844675	0.05555555555555555	0.030413624048426468	0.03846893786982248	0.03571556250127678	0.035715561224489795	0.03704115363511659	0.06667111111111111	0.07143367346938775	0.08334027777777778	0.08335418056250694	0.03448632699167657	0.034487514863258024	0.03448989298454221	0.03846745562130177	0.030311297521580346	0.055561728395061724	0.14285714285714285	0.03848226035946893	0.05000999999999999	0.03448870392390012	0.20004004004004003	0.04545867768595041	0.125015625	0.032274720085327786
id	0.14287755102040817	0.1111111111111111	0.09091735537190083	0.16666666666666666	0.03333889222555889	0.026318559556786702	0.047619047619047616	0.016670834723056388	0.023255813953488372	0.020835069444444444	0.02857551102122531	0.03846449704142012	0.03846893786982248	0.01672128192644129	0.025642998685075608	0.025002499999999997	0.02702994959824689	0.06250390624999999	0.06667111111111111	0.06667111556000445	0.06251562499999999	0.029412629757785465	0.029416955017301037	0.026318559556786702	0.03333666666666667	0.021279312811679944	0.05882698961937716	0.14285714285714285	0.03448870511296076	0.045460743801652895	0.028572244897959183	0.09090909090909091	0.031250976562500005	0.125	0.02273295712913223
it	0.16666666666666666	0.125	0.08333333333333333	0.16666666666666666	0.031251953124999995	0.02174007561436673	0.041666666666666664	0.01370013135672734	0.018868636525453897	0.018518518518518517	0.029415224913494808	0.043478260869565216	0.03571556250127678	0.025642998685075608	0.0122171751313421	0.01923224852071006	0.02564168310322156	0.0625	0.0625	0.06250390624999999	0.06667111111111111	0.023810090702947845	0.023809523809523808	0.02272882283057851	0.02857142857142857	0.01818214876033058	0.05263434903047091	0.1	0.031251953124999995	0.038465977810650885	0.0169503016374605	0.1	0.030303030303030304	0.125	0.022223703703703704
ja	0.16666666666666666	0.125	0.09092561983471073	0.16666666666666666	0.034485136741973836	0.022729856405475726	0.041666666666666664	0.015874527588813303	0.020833333333333332	0.019608996539792388	0.03125097754004004	0.0400016	0.035715561224489795	0.025002499999999997	0.01923224852071006	0.015645777124292506	0.023811224489795918	0.06666666666666667	0.0625	0.0625	0.06250390624999999	0.026316481994459833	0.02702848794740686	0.027029218407596787	0.03226014568158169	0.02174007561436673	0.05555555555555555	0.1111111111111111	0.029416955883218854	0.04166840277777777	0.02127704843820733	0.09090909090909091	0.02941349480968858	0.125	0.022224197530864197
ko	0.14285714285714285	0.1111111111111111	0.10003000999999999	0.16666666666666666	0.03448394768133174	0.027780864197530862	0.05	0.019233358357988162	0.023255813953488372	0.02040941274468971	0.03333666666666667	0.047619047619047616	0.03704115363511659	0.02702994959824689	0.02564168310322156	0.023811224489795918	0.01758581369299335	0.06251171875	0.06250390624999999	0.08333333333333333	0.07695270419531958	0.03125	0.03125	0.02941436072750951	0.03846449852071006	0.024393218322427124	0.055561728395061724	0.1111111111111111	0.032265348595213315	0.05000249999999999	0.027778549382716046	0.14285714285714285	0.03333333333333333	0.125	0.021279764599366226
lv	0.2	0.125	0.11112345679012345	0.16666666666666666	0.058830449826989616	0.06666666666666667	0.08333333333333333	0.058823529411764705	0.0625	0.0625	0.0625	0.07142857142857142	0.06667111111111111	0.06250390624999999	0.0625	0.06666666666666667	0.06251171875	0.05884775778892733	0.08333333333333333	0.1111111111111111	0.1111111111111111	0.0625	0.058830449826989616	0.058823529411764705	0.05882698961937716	0.05882698961937716	0.07142857142857142	0.2	0.06666666666666667	0.0625	0.058823529411764705	0.2	0.0625	0.16666666666666666	0.06250390624999999
mk	0.16666666666666666	0.16666666666666666	0.14289797959183673	0.2	0.07142857142857142	0.0625	0.09090909090909091	0.05883045328719723	0.06666666666666667	0.058823529411764705	0.07143367346938775	0.08333333333333333	0.07143367346938775	0.06667111111111111	0.0625	0.0625	0.06250390624999999	0.08333333333333333	0.055620447601922925	0.125	0.14287755102040817	0.05882698961937716	0.06250390624999999	0.06667111111111111	0.0625	0.0625	0.07692307692307693	0.2	0.07143367346938775	0.06666666666666667	0.06667111111111111	0.25	0.06667111111111111	0.125	0.0625
ml	0.20003999999999997	0.16666666666666666	0.20003999999999997	0.2	0.08334722917361807	0.0625	0.07143367346938775	0.05264266205263435	0.0625	0.05556481481481482	0.08334722222222221	0.0625	0.08334027777777778	0.06667111556000445	0.06250390624999999	0.0625	0.08333333333333333	0.1111111111111111	0.125	0.052764865029564005	0.07143877551020407	0.07142857142857142	0.06667111111111111	0.07144387755102041	0.07693491124260354	0.05556481790432407	0.125	0.2	0.07694083431952663	0.09093389256198348	0.06667111111111111	0.08333333333333333	0.09091735537190082	0.16666666666666666	0.07695859765090535
mr	0.25	0.16669444444444442	0.20008004	0.2	0.09090909090909091	0.06668	0.07692307692307693	0.045475221086789266	0.06250390624999999	0.050017507499999996	0.0909421735785372	0.04762358276643991	0.08335418056250694	0.06251562499999999	0.06667111111111111	0.06250390624999999	0.07695270419531958	0.1111111111111111	0.14287755102040817	0.07143877551020407	0.045676739050464474	0.07692900000592308	0.07143367346938775	0.0769408343254497	0.08334027777777778	0.050017505	0.1111111111111111	0.16666666666666666	0.083361125	0.1	0.0625078125	0.07693492308876924	0.10000999999999999	0.2	0.07694675147928995
nl	0.14285714285714285	0.125	0.08334722222222221	0.16666666666666666	0.033335555555555556	0.024393813206424746	0.05	0.01923224852071006	0.020833333333333332	0.02083376736111111	0.030303948576675847	0.05263157894736842	0.03448632699167657	0.029412629757785465	0.023810090702947845	0.026316481994459833	0.03125	0.0625	0.05882698961937716	0.07142857142857142	0.07692900000592308	0.01889002173907264	0.027777777777777776	0.026316481994459833	0.03225910509885536	0.022223209876543207	0.047619047619047616	0.125	0.033335555555555556	0.04166840277777777	0.02564168310322156	0.14285714285714285	0.03571428571428571	0.125	0.0263192527700831
pl	0.14285714285714285	0.1111111111111111	0.07695859763905324	0.16666666666666666	0.030304866850321393	0.025004376250625	0.05	0.0200032008	0.023255813953488372	0.02222469234567901	0.03333666666666667	0.04762358276643991	0.034487514863258024	0.029416955017301037	0.023809523809523808	0.02702848794740686	0.03125	0.058830449826989616	0.06250390624999999	0.06667111111111111	0.07143367346938775	0.027777777777777776	0.019277495172936525	0.027779320987654316	0.031251953124999995	0.022224691358024688	0.05263157894736842	0.125	0.03226951300728408	0.04167534895833333	0.025642340565417487	0.125015625	0.037037037037037035	0.125	0.027782408179012345
pt	0.14285714285714285	0.1111111111111111	0.08335416666666667	0.16666666666666666	0.0312509765625	0.023257977285018928	0.04167013888888889	0.017859693877551017	0.02	0.020408579758433985	0.025002499999999997	0.04762358276643991	0.03448989298454221	0.026318559556786702	0.02272882283057851	0.027029218407596787	0.02941436072750951	0.058823529411764705	0.06667111111111111	0.07144387755102041	0.0769408343254497	0.026316481994459833	0.027779320987654316	0.01728488907848804	0.030304866850321393	0.019232988165680472	0.05	0.125	0.029418689447231836	0.03846745562130177	0.02564168310322156	0.125015625	0.035715561224489795	0.125	0.023262305571119524
ro	0.14287755102040817	0.125	0.09091735537190083	0.16666666666666666	0.03704115363511659	0.03125	0.05555864197530863	0.02631578947368421	0.031250976562500005	0.029412629757785465	0.03704115226337448	0.05555555555555555	0.03846745562130177	0.03333666666666667	0.02857142857142857	0.03226014568158169	0.03846449852071006	0.05882698961937716	0.0625	0.07693491124260354	0.08334027777777778	0.03225910509885536	0.031251953124999995	0.030304866850321393	0.026359491794471817	0.027780092592592592	0.05555555555555555	0.16666666666666666	0.041673611111111106	0.04167361458506944	0.030303030303030304	0.16666666666666666	0.04	0.125	0.034485136741973836
ru	0.14285714285714285	0.11112345679012345	0.07693491124260354	0.16666666666666666	0.02941436072750951	0.020836805555555553	0.04	0.01282248553583169	0.016666666666666666	0.016394517602794947	0.025001249999999996	0.038463017751479284	0.030311297521580346	0.021279312811679944	0.01818214876033058	0.02174007561436673	0.024393218322427124	0.05882698961937716	0.0625	0.05556481790432407	0.050017505	0.022223209876543207	0.022224691358024688	0.019232988165680472	0.027780092592592592	0.012090737277882664	0.05000249999999999	0.1	0.026324104574101802	0.03703840877914952	0.019231878698224854	0.08333333333333333	0.030303030303030304	0.125	0.0200044008
sh	0.16666666666666666	0.125	0.125	0.2	0.05882698961937716	0.05555555555555555	0.07692307692307693	0.045460743801652895	0.05263157894736842	0.05	0.05555864197530863	0.07692307692307693	0.055561728395061724	0.05882698961937716	0.05263434903047091	0.05555555555555555	0.055561728395061724	0.07142857142857142	0.07692307692307693	0.125	0.1111111111111111	0.047619047619047616	0.05263157894736842	0.05	0.05555555555555555	0.05000249999999999	0.04549382438842975	0.14285714285714285	0.05882698961937716	0.05000249999999999	0.05555555555555555	0.25	0.058823529411764705	0.14285714285714285	0.05000249999999999
si	1.0	0.25	0.5	0.5	0.14287755102040817	0.125	0.2	0.08333333333333333	0.1111111111111111	0.1	0.14285714285714285	0.14285714285714285	0.14285714285714285	0.14285714285714285	0.1	0.1111111111111111	0.1111111111111111	0.2	0.2	0.2	0.16666666666666666	0.125	0.125	0.125	0.16666666666666666	0.1	0.14285714285714285	0.08334722222222221	0.14285714285714285	0.16666666666666666	0.1111111111111111	0.25	0.16666666666666666	0.5	0.1
simple	0.16669444444444445	0.125	0.10008008005001999	0.2	0.03704801371742112	0.03031497888981727	0.05263434903047091	0.024400362882212968	0.027779320987654316	0.02778240740740741	0.035724494901788265	0.05000999999999999	0.03848226035946893	0.03448870511296076	0.031251953124999995	0.029416955883218854	0.032265348595213315	0.06666666666666667	0.07143367346938775	0.07694083431952663	0.083361125	0.033335555555555556	0.03226951300728408	0.029418689447231836	0.041673611111111106	0.026324104574101802	0.05882698961937716	0.14285714285714285	0.024556784441767707	0.045475210743801654	0.03226118626430801	0.125	0.0400048	0.14285714285714285	0.02780481871765132
sr	0.14285714285714285	0.125	0.125093796890625	0.16666666666666666	0.05001250499999999	0.04166840277777777	0.05555555555555555	0.033341111111111106	0.038461538461538464	0.03846745562130177	0.04763265759863945	0.06250390624999999	0.05000999999999999	0.045460743801652895	0.038465977810650885	0.04166840277777777	0.05000249999999999	0.0625	0.06666666666666667	0.09093389256198348	0.1	0.04166840277777777	0.04167534895833333	0.03846745562130177	0.04167361458506944	0.03703840877914952	0.05000249999999999	0.16666666666666666	0.045475210743801654	0.03343922885902443	0.045454545454545456	0.14287755102040817	0.05000249999999999	0.125015625	0.0400112032
sv	0.16666666666666666	0.1	0.07694675147928993	0.16666666666666666	0.030303948576675847	0.02325635478637101	0.041666666666666664	0.014287142857142858	0.021739130434782608	0.02174007561436673	0.03333777777777778	0.0400016	0.03448870392390012	0.028572244897959183	0.0169503016374605	0.02127704843820733	0.027778549382716046	0.058823529411764705	0.06667111111111111	0.06667111111111111	0.0625078125	0.02564168310322156	0.025642340565417487	0.02564168310322156	0.030303030303030304	0.019231878698224854	0.05555555555555555	0.1111111111111111	0.03226118626430801	0.045454545454545456	0.012529440618307807	0.1	0.033335555555555556	0.14285714285714285	0.025002499999999997
te	0.3333333333333333	0.25	0.5	0.25	0.16666666666666666	0.10000999999999999	0.1	0.0625078125	0.1	0.08333333333333333	0.16672225002780558	0.06250390624999999	0.20004004004004003	0.09090909090909091	0.1	0.09090909090909091	0.14285714285714285	0.2	0.25	0.08333333333333333	0.07693492308876924	0.14285714285714285	0.125015625	0.125015625	0.16666666666666666	0.08333333333333333	0.25	0.25	0.125	0.14287755102040817	0.1	0.06254692583208209	0.16666666666666666	0.25	0.125
vi	0.14285714285714285	0.1111111111111111	0.10001999999999998	0.16666666666666666	0.040003199999999996	0.03571428571428571	0.05263157894736842	0.027780864969135805	0.03125	0.031251953125	0.035719387755102035	0.05555555555555555	0.04545867768595041	0.031250976562500005	0.030303030303030304	0.02941349480968858	0.03333333333333333	0.0625	0.06667111111111111	0.09091735537190082	0.10000999999999999	0.03571428571428571	0.037037037037037035	0.035715561224489795	0.04	0.030303030303030304	0.058823529411764705	0.16666666666666666	0.0400048	0.05000249999999999	0.033335555555555556	0.16666666666666666	0.027810989232286296	0.125	0.031255861328124995
war	0.16666666666666666	0.25	0.3333333333333333	0.3333333333333333	0.14285714285714285	0.125	0.125	0.125	0.125	0.125	0.14285714285714285	0.16666666666666666	0.125015625	0.125	0.125	0.125	0.125	0.16666666666666666	0.125	0.16666666666666666	0.2	0.125	0.125	0.125	0.125	0.125	0.14285714285714285	0.5	0.14285714285714285	0.125015625	0.14285714285714285	0.25	0.125	0.125015625	0.125
zh	0.14287755102040817	0.11112345679012345	0.09097523141322314	0.16666666666666666	0.030309459136822776	0.022735542359506197	0.04348015122873346	0.01614178824714074	0.019232248890902737	0.0175481702062173	0.027789354166666665	0.04545867768595041	0.032274720085327786	0.02273295712913223	0.022223703703703704	0.022224197530864197	0.021279764599366226	0.06250390624999999	0.0625	0.07695859765090535	0.07694675147928995	0.0263192527700831	0.027782408179012345	0.023262305571119524	0.034485136741973836	0.0200044008	0.05000249999999999	0.1	0.02780481871765132	0.0400112032	0.025002499999999997	0.125	0.031255861328124995	0.125	0.015272767456789746
