arz	bs	ceb	ckb	da	de	el	en	es	fr	he	hi	hu	id	it	ja	ko	lv	mk	ml	mr	nl	pl	pt	ro	ru	sh	si	simple	sr	sv	te	tr	vi	war	zh
arz	0.0	0.0	0.0	0.0	0.0	0.0	0.0	0.0	0.0	0.0	0.0	0.0	0.0	0.0	0.0	0.0	0.0	0.0	0.0	0.0	0.0	0.0	0.0	0.0	0.0	0.0	0.0	0.0	0.0	0.0	0.0	0.0	0.0	0.0	0.0	0.0
bs	0.0	1.0	0.7624399116538911	0.0	0.8834207913771096	0.701025459688826	0.0	0.428496365706279	0.6341655556902194	0.4611571779311623	0.0	0.0	0.28895281145127044	0.6871479179975608	0.8900828143179796	0.0	0.0	0.5662862159789289	0.0	0.0	0.0	0.9118687225915971	0.8118187787261983	0.14747859181731685	0.8449349945828819	0.0	0.14286778398510241	0.0	0.8853402782537181	0.0	0.566196167319184	0.0	0.0	0.7237613212573255	0.0006749662516874156	0.07070482952444346
ceb	0.0	0.7624399116538911	1.0	0.0	0.7591953648850986	0.7232342225878482	0.0	0.4396919328169872	0.6468539865513929	0.4723065599411169	0.0	0.0	0.2787983288016447	0.7084804630969609	0.7876742853504807	0.0	0.0	0.4804711297637582	0.0	0.0	0.0	0.781904206364638	0.814695039130716	0.1430493591105446	0.7689606741573034	0.0	0.12170889220069547	0.0	0.8065099457504521	0.0	0.5844969199178645	0.0	-1.0	0.7255223000851398	0.0004347826086956522	0.06775300171526587
ckb	0.0	0.0	0.0	0.0	0.0	0.0	0.0	0.0	0.0	0.0	0.0	0.0	0.0	0.0	0.0	0.0	0.0	0.0	0.0	0.0	0.0	0.0	0.0	0.0	0.0	0.0	0.0	0.0	0.0	0.0	0.0	0.0	0.0	0.0	0.0	0.0
da	0.0	0.8834207913771096	0.7591953648850986	0.0	1.0	0.6946605374823197	0.0	0.4252651880424301	0.6312784694807166	0.4589928057553957	0.0	0.0	0.28852775099848504	0.6808757767582322	0.8842386464826358	0.0	0.0	0.5453819923093666	0.0	0.0	0.0	0.8771440524334123	0.8076948372245971	0.14848417791546803	0.8358814774726018	0.0	0.1409421103871789	0.0	0.8789686621408489	0.0	0.5621616047027278	0.0	0.0	0.7202349172450614	0.0006048234671505254	0.07087494410493367
de	0.0	0.701025459688826	0.7232342225878482	0.0	0.6946605374823197	1.0	0.0	0.4864668715846995	0.6758806965116947	0.5235278179190751	0.0	0.0	0.3003527009467236	0.7293557671020588	0.7239764052741152	0.0	0.0	0.4371042377009255	0.0	0.0	0.0	0.7164924233525197	0.7446995431650463	0.13127413127413126	0.728671246550408	0.0	0.11253488962192337	0.0	0.7403327865010546	0.0	0.6455325593134781	0.0	0.0	0.6625614305169045	0.00051513200257566	0.06299413414945167
el	0.0	0.0	0.0	0.0	0.0	0.0	0.0	0.0	0.0	0.0	0.0	0.0	0.0	0.0	0.0	0.0	0.0	0.0	0.0	0.0	0.0	0.0	0.0	0.0	0.0	0.0	0.0	0.0	0.0	0.0	0.0	0.0	0.0	0.0	0.0	0.0
en	0.0	0.428496365706279	0.4396919328169872	0.0	0.4252651880424301	0.4864668715846995	0.0	1.0	0.43655641853564886	0.5550947621614897	0.0	0.0	0.19408164248879464	0.49169081302198736	0.4544036736992592	0.0	0.0	0.27660368556099835	0.0	0.0	0.0	0.4388031056442467	0.45225521599861485	0.08430232558139535	0.44387910415307674	0.0	0.07494700716664984	0.0	0.4498310371718222	0.0	0.5244863731656184	0.0	0.0016501650165016502	0.40691971189960674	0.0004147011559794723	0.04207466340269278
es	0.0	0.6341655556902194	0.6468539865513929	0.0	0.6312784694807166	0.6758806965116947	0.0	0.43655641853564886	1.0	0.4701048063160811	0.0	0.0	0.2820358076845705	0.6676136363636364	0.6513842877425462	0.0	0.0	0.41422893999609095	0.0	0.0	0.0	0.6454331988680836	0.672141957916192	0.12609247251198197	0.654652489938127	0.0	0.11243866012374654	0.0	0.6646513020053876	0.0	0.5771305285868392	0.0	0.0	0.6022887216204639	0.0005133846718005134	0.06218100783552584
fr	0.0	0.4611571779311623	0.4723065599411169	0.0	0.4589928057553957	0.5235278179190751	0.0	0.5550947621614897	0.4701048063160811	1.0	0.0	0.0	0.20758371132969777	0.5280843205261024	0.48975193727360267	0.0	0.0	0.2981970857001729	0.0	0.0	0.0	0.4719940943065424	0.4894261204642415	0.09058105598301937	0.47957068496936756	0.0	0.08083400160384924	0.0	0.48552685903023074	0.0	0.5660570007990766	0.0	0.0	0.4372225596934723	0.0004393431819429952	0.04537842363999784
he	0.0	0.0	0.0	0.0	0.0	0.0	0.0	0.0	0.0	0.0	0.0	0.0	0.0	0.0	0.0	0.0	0.0	0.0	0.0	0.0	0.0	0.0	0.0	0.0	0.0	0.0	0.0	0.0	0.0	0.0	0.0	0.0	0.0	0.0	0.0	0.0
hi	0.0	0.0	0.0	0.0	0.0	0.0	0.0	0.0	0.0	0.0	0.0	0.0	0.0	0.0	0.0	0.0	0.0	0.0	0.0	0.0	0.0	0.0	0.0	0.0	0.0	0.0	0.0	0.0	0.0	0.0	0.0	0.0	0.0	0.0	0.0	0.0
hu	0.0	0.28895281145127044	0.2787983288016447	0.0	0.28852775099848504	0.3003527009467236	0.0	0.19408164248879464	0.2820358076845705	0.20758371132969777	0.0	0.0	1.0	0.27728915662650605	0.2921105954637558	0.0	0.0	0.23037836856909535	0.0	0.0	0.0	0.29363366603722685	0.2822077922077922	0.10671378091872792	0.2928552386030392	0.0	0.09097525473071325	0.0	0.2990419557317476	0.0	0.25249888938249665	0.0	0.0	0.2758010893400297	0.00018201674554058973	0.055069234442145475
id	0.0	0.6871479179975608	0.7084804630969609	0.0	0.6808757767582322	0.7293557671020588	0.0	0.49169081302198736	0.6676136363636364	0.5280843205261024	0.0	0.0	0.27728915662650605	1.0	0.7324439824439825	0.0	0.0	0.4340566606389391	0.0	0.0	0.0	0.7068825441039925	0.730374047564073	0.1274032459425718	0.7174240667748667	0.0	0.11051246710938478	0.0	0.7262647262647263	0.0	0.6521870590606732	0.0	0.0	0.6487022455526392	0.0004453209491697945	0.06291766485941243
it	0.0	0.8900828143179796	0.7876742853504807	0.0	0.8842386464826358	0.7239764052741152	0.0	0.4544036736992592	0.6513842877425462	0.48975193727360267	0.0	0.0	0.2921105954637558	0.7324439824439825	1.0	0.0	0.0	0.5439226519337017	0.0	0.0	0.0	0.885437024058225	0.8388094317742559	0.14717449803353344	0.8734799654462091	0.0	0.13724258289703317	0.0	0.9157802612091019	0.0	0.6015018389865141	0.0	0.004761904761904762	0.7458520398204177	0.0006301638425990758	0.06984325149119157
ja	0.0	0.0	0.0	0.0	0.0	0.0	0.0	0.0	0.0	0.0	0.0	0.0	0.0	0.0	0.0	0.0	0.0	0.0	0.0	0.0	0.0	0.0	0.0	0.0	0.0	0.0	0.0	0.0	0.0	0.0	0.0	0.0	0.0	0.0	0.0	0.0
ko	0.0	0.0	0.0	0.0	0.0	0.0	0.0	0.0	0.0	0.0	0.0	0.0	0.0	0.0	0.0	0.0	0.0	0.0	0.0	0.0	0.0	0.0	0.0	0.0	0.0	0.0	0.0	0.0	0.0	0.0	0.0	0.0	0.0	0.0	0.0	0.0
lv	0.0	0.5662862159789289	0.4804711297637582	0.0	0.5453819923093666	0.4371042377009255	0.0	0.27660368556099835	0.41422893999609095	0.2981970857001729	0.0	0.0	0.23037836856909535	0.4340566606389391	0.5439226519337017	0.0	0.0	1.0	0.0	0.0	0.0	0.559902550874176	0.5049865229110512	0.13091619626574033	0.520890979524073	0.0	0.1303811659192825	0.0	0.5408961839462567	0.0	0.36018393291858264	0.0	0.0	0.47020245223838036	0.000866765725606736	0.06925754060324826
mk	0.0	0.0	0.0	0.0	0.0	0.0	0.0	0.0	0.0	0.0	0.0	0.0	0.0	0.0	0.0	0.0	0.0	0.0	0.0	0.0	0.0	0.0	0.0	0.0	0.0	0.0	0.0	0.0	0.0	0.0	0.0	0.0	0.0	0.0	0.0	0.0
ml	0.0	0.0	0.0	0.0	0.0	0.0	0.0	0.0	0.0	0.0	0.0	0.0	0.0	0.0	0.0	0.0	0.0	0.0	0.0	0.0	0.0	0.0	0.0	0.0	0.0	0.0	0.0	0.0	0.0	0.0	0.0	0.0	0.0	0.0	0.0	0.0
mr	0.0	0.0	0.0	0.0	0.0	0.0	0.0	0.0	0.0	0.0	0.0	0.0	0.0	0.0	0.0	0.0	0.0	0.0	0.0	0.0	0.0	0.0	0.0	0.0	0.0	0.0	0.0	0.0	0.0	0.0	0.0	0.0	0.0	0.0	0.0	0.0
nl	0.0	0.9118687225915971	0.781904206364638	0.0	0.8771440524334123	0.7164924233525197	0.0	0.4388031056442467	0.6454331988680836	0.4719940943065424	0.0	0.0	0.29363366603722685	0.7068825441039925	0.885437024058225	0.0	0.0	0.559902550874176	0.0	0.0	0.0	1.0	0.8313789715034392	0.1499856610266705	0.8646494664325274	0.0	0.14126880313930673	0.0	0.8796196385217157	0.0	0.579555373004056	0.0	0.000974184120798831	0.7386062533121357	0.000657126168224299	0.07048045015149329
pl	0.0	0.8118187787261983	0.814695039130716	0.0	0.8076948372245971	0.7446995431650463	0.0	0.45225521599861485	0.672141957916192	0.4894261204642415	0.0	0.0	0.2822077922077922	0.730374047564073	0.8388094317742559	0.0	0.0	0.5049865229110512	0.0	0.0	0.0	0.8313789715034392	1.0	0.14470872113064462	0.8202494023389546	0.0	0.12932111620158268	0.0	0.8338062685412099	0.0	0.5993159426208586	0.0	0.0	0.7473766538486606	0.0006311360448807854	0.06950423552284404
pt	0.0	0.14747859181731685	0.1430493591105446	0.0	0.14848417791546803	0.13127413127413126	0.0	0.08430232558139535	0.12609247251198197	0.09058105598301937	0.0	0.0	0.10671378091872792	0.1274032459425718	0.14717449803353344	0.0	0.0	0.13091619626574033	0.0	0.0	0.0	0.1499856610266705	0.14470872113064462	1.0	0.14446634750774429	0.0	0.07084870848708487	0.0	0.1497076837416481	0.0	0.10766860664156111	0.0	0.008620689655172414	0.14305448963929393	0.00042517006802721087	0.046832782948063645
ro	0.0	0.8449349945828819	0.7689606741573034	0.0	0.8358814774726018	0.728671246550408	0.0	0.44387910415307674	0.654652489938127	0.47957068496936756	0.0	0.0	0.2928552386030392	0.7174240667748667	0.8734799654462091	0.0	0.0	0.520890979524073	0.0	0.0	0.0	0.8646494664325274	0.8202494023389546	0.14446634750774429	1.0	0.0	0.13389359732212805	0.0	0.8669901621909066	0.0	0.5885248423319489	0.0	0.0	0.7287515515777095	0.0006469235192639448	0.07008316156087853
ru	0.0	0.0	0.0	0.0	0.0	0.0	0.0	0.0	0.0	0.0	0.0	0.0	0.0	0.0	0.0	0.0	0.0	0.0	0.0	0.0	0.0	0.0	0.0	0.0	0.0	0.0	0.0	0.0	0.0	0.0	0.0	0.0	0.0	0.0	0.0	0.0
sh	0.0	0.14286778398510241	0.12170889220069547	0.0	0.1409421103871789	0.11253488962192337	0.0	0.07494700716664984	0.11243866012374654	0.08083400160384924	0.0	0.0	0.09097525473071325	0.11051246710938478	0.13724258289703317	0.0	0.0	0.1303811659192825	0.0	0.0	0.0	0.14126880313930673	0.12932111620158268	0.07084870848708487	0.13389359732212805	0.0	1.0	0.0	0.13516167496668302	0.0	0.09530370880698129	0.0	0.0	0.12816737698566447	0.0004957858205255329	0.04301786896095301
si	0.0	0.0	0.0	0.0	0.0	0.0	0.0	0.0	0.0	0.0	0.0	0.0	0.0	0.0	0.0	0.0	0.0	0.0	0.0	0.0	0.0	0.0	0.0	0.0	0.0	0.0	0.0	0.0	0.0	0.0	0.0	0.0	0.0	0.0	0.0	0.0
simple	0.0	0.8853402782537181	0.8065099457504521	0.0	0.8789686621408489	0.7403327865010546	0.0	0.4498310371718222	0.6646513020053876	0.48552685903023074	0.0	0.0	0.2990419557317476	0.7262647262647263	0.9157802612091019	0.0	0.0	0.5408961839462567	0.0	0.0	0.0	0.8796196385217157	0.8338062685412099	0.1497076837416481	0.8669901621909066	0.0	0.13516167496668302	0.0	1.0	0.0	0.5979950900163666	0.0	0.0	0.762397784225798	0.0006349206349206349	0.06976744186046512
sr	0.0	0.0	0.0	0.0	0.0	0.0	0.0	0.0	0.0	0.0	0.0	0.0	0.0	0.0	0.0	0.0	0.0	0.0	0.0	0.0	0.0	0.0	0.0	0.0	0.0	0.0	0.0	0.0	0.0	0.0	0.0	0.0	0.0	0.0	0.0	0.0
sv	0.0	0.566196167319184	0.5844969199178645	0.0	0.5621616047027278	0.6455325593134781	0.0	0.5244863731656184	0.5771305285868392	0.5660570007990766	0.0	0.0	0.25249888938249665	0.6521870590606732	0.6015018389865141	0.0	0.0	0.36018393291858264	0.0	0.0	0.0	0.579555373004056	0.5993159426208586	0.10766860664156111	0.5885248423319489	0.0	0.09530370880698129	0.0	0.5979950900163666	0.0	1.0	0.0	0.027777777777777776	0.5378504672897196	0.0003514526710402999	0.052047830858991395
te	0.0	0.0	0.0	0.0	0.0	0.0	0.0	0.0	0.0	0.0	0.0	0.0	0.0	0.0	0.0	0.0	0.0	0.0	0.0	0.0	0.0	0.0	0.0	0.0	0.0	0.0	0.0	0.0	0.0	0.0	0.0	0.0	0.0	0.0	0.0	0.0
tr	0.0	0.0	-1.0	0.0	0.0	0.0	0.0	0.0016501650165016502	0.0	0.0	0.0	0.0	0.0	0.0	0.004761904761904762	0.0	0.0	0.0	0.0	0.0	0.0	0.000974184120798831	0.0	0.008620689655172414	0.0	0.0	0.0	0.0	0.0	0.0	0.027777777777777776	0.0	1.0	0.0	0.0	0.0
vi	0.0	0.7237613212573255	0.7255223000851398	0.0	0.7202349172450614	0.6625614305169045	0.0	0.40691971189960674	0.6022887216204639	0.4372225596934723	0.0	0.0	0.2758010893400297	0.6487022455526392	0.7458520398204177	0.0	0.0	0.47020245223838036	0.0	0.0	0.0	0.7386062533121357	0.7473766538486606	0.14305448963929393	0.7287515515777095	0.0	0.12816737698566447	0.0	0.762397784225798	0.0	0.5378504672897196	0.0	0.0	1.0	0.0006373994104055454	0.07160745030521208
war	0.0	0.0006749662516874156	0.0004347826086956522	0.0	0.0006048234671505254	0.00051513200257566	0.0	0.0004147011559794723	0.0005133846718005134	0.0004393431819429952	0.0	0.0	0.00018201674554058973	0.0004453209491697945	0.0006301638425990758	0.0	0.0	0.000866765725606736	0.0	0.0	0.0	0.000657126168224299	0.0006311360448807854	0.00042517006802721087	0.0006469235192639448	0.0	0.0004957858205255329	0.0	0.0006349206349206349	0.0	0.0003514526710402999	0.0	0.0	0.0006373994104055454	1.0	0.0008688097306689834
zh	0.0	0.07070482952444346	0.06775300171526587	0.0	0.07087494410493367	0.06299413414945167	0.0	0.04207466340269278	0.06218100783552584	0.04537842363999784	0.0	0.0	0.055069234442145475	0.06291766485941243	0.06984325149119157	0.0	0.0	0.06925754060324826	0.0	0.0	0.0	0.07048045015149329	0.06950423552284404	0.046832782948063645	0.07008316156087853	0.0	0.04301786896095301	0.0	0.06976744186046512	0.0	0.052047830858991395	0.0	0.0	0.07160745030521208	0.0008688097306689834	1.0
