arz	bs	ceb	ckb	da	de	el	en	es	fr	he	hi	hu	id	it	ja	ko	lv	mk	ml	mr	nl	pl	pt	ro	ru	sh	si	simple	sr	sv	te	vi	war	zh
arz	1.0	0.27429188517743175	0.0	0.585786437626905	0.3021694792519622	0.1987625491245426	0.15862574460640438	0.16132721888127932	0.44948974278317805	0.10103444056404018	0.14450193505989226	1.0	0.3721897513507093	0.1933534121762682	0.18312009000101978	0.30552726787943424	0.17642017677311195	0.2193450929151803	0.3483314773547883	0.5	0.3090169943749474	0.3660254037844386	0.26427884169111276	0.19944185984864793	0.10531750732318097	0.37218975135070936	0.5	1.0	0.3164309725825327	0.5	0.203075234310397	0.0	0.2612038749637414	1.0	0.19912196317434655
bs	0.27429188517743175	1.0	0.0	0.21955887415618858	0.09293362233184191	0.08070214317174387	0.09222324772800698	0.05020250459819273	0.02158409301567313	0.09770112894627749	0.10242640669111454	0.3726822671238253	0.09224049411734962	0.10008564778984776	0.06282009755718365	0.08140370839939452	0.088763583975901	0.11863876111290905	0.17442569871757188	0.2853029657789964	0.4911106028966795	0.08035644526807124	0.08697994211397798	0.05579990543341751	0.08915568298404125	0.08181130061275903	0.13889746939270023	1.0	0.04184286694810831	0.10149712668713504	0.08081453705537606	0.0	0.06278122045436428	1.0	0.07033271067343959
ceb	0.0	0.0	1.0	0.0	1.0	1.0	1.0	1.0	1.0	1.0	1.0	1.0	1.0	1.0	1.0	1.0	1.0	1.0	1.0	0.0	1.0	1.0	1.0	1.0	1.0	1.0	1.0	0.0	1.0	1.0	1.0	0.0	1.0	0.0	1.0
ckb	0.585786437626905	0.21955887415618858	0.0	1.0	0.49851311685382416	0.5	0.3483314773547883	0.5	0.585786437626905	0.2989350844248255	0.585786437626905	0.585786437626905	0.44948974278317805	0.33263437454003325	0.44948974278317805	0.585786437626905	0.3726822671238253	0.2534242729847843	0.44948974278317805	0.44948974278317805	0.2240092377397959	0.40453726661826384	0.33263437454003325	0.5	0.24179033438163736	0.5	1.0	1.0	0.585786437626905	0.2674788903885893	0.3726822671238253	0.0	0.5	1.0	0.3333333333333333
da	0.3021694792519622	0.09293362233184191	1.0	0.49851311685382416	1.0	0.07493183907645515	0.08622880819577225	0.04925580867598751	0.011811083795114993	0.05941367391290009	0.0979627958177238	0.5	0.0854760763555624	0.10603713064156378	0.05259417692457047	0.06574525778999143	0.0811685193070007	0.1030126658728293	0.08323572094460932	0.44948974278317805	0.16628329990241125	0.05133592065753486	0.08261506337615689	0.06601728350105192	0.06967634064044441	0.08213713468903111	0.3164309725825328	0.3090169943749474	0.023818048065071255	0.13649778274077728	0.05674685949984236	0.0	0.07050201514088561	0.3164309725825328	0.07475760663098305
de	0.1987625491245426	0.08070214317174387	1.0	0.5	0.07493183907645515	1.0	0.04738379861016494	0.018145707592027705	0.00431693559079573	0.01947287852178859	0.07724329157039517	0.585786437626905	0.041964060931670245	0.09208463546012721	0.019025732649001138	0.026215989235212584	0.04274316628809934	0.09889931008091868	0.07108986790513093	0.35388936786452296	0.14224543658769573	0.02155951315831952	0.027541392674271546	0.03334037880124623	0.028609991317281626	0.025877104317160136	0.14567616546986245	0.4364916731037085	0.015956208104022804	0.0646409925371467	0.041284807138114485	0.0	0.08680740976872252	1.0	0.03288716474522244
el	0.15862574460640438	0.09222324772800698	1.0	0.3483314773547883	0.08622880819577225	0.04738379861016494	1.0	0.043780158515964986	0.008087372170908356	0.05130440229980645	0.06756738246395806	0.5	0.05716729376219648	0.10130077640723642	0.04612263720574944	0.05275810775083888	0.05148888261639499	0.1252475922520177	0.1212190052364141	0.30901699437494745	0.14945456230662077	0.048615487115227195	0.05018943373852644	0.046272724038514665	0.045544794015644284	0.049728965592090425	0.2204812092115424	1.0	0.021036812048607606	0.11770877310043038	0.05943867907175307	0.0	0.058006326226281824	1.0	0.050735863534652606
en	0.16132721888127932	0.05020250459819273	1.0	0.5	0.04925580867598751	0.018145707592027705	0.043780158515964986	1.0	0.004097381002888006	0.015352146385082229	0.04943616292066932	0.5	0.04103338556751368	0.0596852424625354	0.016826861004671633	0.02982104763702015	0.040763437441373084	0.042021855623710615	0.05936129709268275	0.35388936786452296	0.14753004845046014	0.022213871055613985	0.025487146591770378	0.0240868863445333	0.026052875502571796	0.025069677146361755	0.14822693275055912	0.1774053291584318	0.015531709253096571	0.04306651342136668	0.03463646401322148	0.0	0.05548405353221444	0.27792629762666365	0.021591313279677827
es	0.44948974278317805	0.02158409301567313	1.0	0.585786437626905	0.011811083795114993	0.00431693559079573	0.008087372170908356	0.004097381002888006	1.0	0.004546886433361559	0.01122573645483644	0.585786437626905	0.0060630578592475014	0.014029382879090866	0.0043286472698938015	0.0057770721489698515	0.006750274265647034	0.025351024699554883	0.05840861693498556	0.35388936786452296	0.15737805306275918	0.004032444504439343	0.0050305880083420665	0.004393698772577235	0.006187548932533528	0.004838779226967964	0.21393876913398135	1.0	0.06838792954095732	0.017054674914606393	0.00903165238290265	0.0	0.012576599153914047	1.0	0.00481230109796127
fr	0.10103444056404018	0.09770112894627749	1.0	0.2989350844248255	0.05941367391290009	0.01947287852178859	0.05130440229980645	0.015352146385082229	0.004546886433361559	1.0	0.08231370249600345	0.585786437626905	0.029386240359083635	0.09995017171941709	0.01805559061588737	0.02768178872277058	0.03283221351844399	0.12480287264761729	0.19360894481127303	0.28989794855663564	0.24277712462792475	0.020947089634173906	0.024905154712654608	0.02243708722301894	0.026387454843538438	0.024397190485121734	0.17894304029237865	1.0	0.01768834810189174	0.11988078254259385	0.05985613701551598	0.0	0.08672324055783717	1.0	0.025173536344492067
he	0.14450193505989226	0.10242640669111454	1.0	0.585786437626905	0.0979627958177238	0.07724329157039517	0.06756738246395806	0.04943616292066932	0.01122573645483644	0.08231370249600345	1.0	0.3655636559687688	0.09026223056630175	0.11154286907453172	0.057003529367499785	0.07717533312879801	0.08158114479593567	0.1239502914889678	0.16095664183360217	0.44948974278317805	0.17771044416047063	0.07948290493016746	0.07412211330845668	0.07866309977921902	0.06289736706912603	0.0668007701994906	0.19939048943547868	1.0	0.024615389277611643	0.11734872431664663	0.09325270965145306	0.0	0.04636829238742717	1.0	0.07888236792690549
hi	1.0	0.3726822671238253	1.0	0.585786437626905	0.5	0.585786437626905	0.5	0.5	0.585786437626905	0.585786437626905	0.3655636559687688	1.0	0.585786437626905	0.5	0.585786437626905	1.0	0.5	0.37926872769071385	0.40453726661826384	1.0	0.585786437626905	0.585786437626905	0.5	1.0	0.40453726661826384	0.585786437626905	1.0	1.0	0.585786437626905	0.5	0.5	0.0	0.585786437626905	1.0	0.5
hu	0.3721897513507093	0.09224049411734962	1.0	0.44948974278317805	0.0854760763555624	0.041964060931670245	0.05716729376219648	0.04103338556751368	0.0060630578592475014	0.029386240359083635	0.09026223056630175	0.585786437626905	1.0	0.10038005575769136	0.040415705947644584	0.040903719206263185	0.05301409802710348	0.11877361779357594	0.11178824168467497	0.2958163163244893	0.16613187177808245	0.04508404504768132	0.04867163087489706	0.046539673739918457	0.03788032726236932	0.048617839852028166	0.2843646522044218	1.0	0.021857701915723365	0.11787227884876118	0.05916566197885481	0.0	0.061244938588668224	1.0	0.051137722449509475
id	0.1933534121762682	0.10008564778984776	1.0	0.33263437454003325	0.10603713064156378	0.09208463546012721	0.10130077640723642	0.0596852424625354	0.014029382879090866	0.09995017171941709	0.11154286907453172	0.5	0.10038005575769136	1.0	0.07466494844134137	0.08312248576185645	0.06640625422114205	0.12423418113606033	0.1754863579474152	0.4038740830864499	0.3136777304291716	0.09224388672689833	0.0960294072951234	0.0607988723511008	0.07467598925114369	0.09207962222679984	0.14894082131433822	0.585786437626905	0.03021008978221299	0.09764598696998343	0.10444077199223728	0.0	0.06721465811459311	0.5	0.08329678616352912
it	0.18312009000101978	0.06282009755718365	1.0	0.44948974278317805	0.05259417692457047	0.019025732649001138	0.04612263720574944	0.016826861004671633	0.0043286472698938015	0.01805559061588737	0.057003529367499785	0.585786437626905	0.040415705947644584	0.07466494844134137	1.0	0.03029091722704539	0.041536482029736255	0.09331499983930286	0.08526079523319914	0.32449979983983984	0.16250008456640638	0.021795387074435568	0.026093505165182936	0.022241539142407098	0.02838594235950218	0.025201104368161895	0.13339191983317902	0.3430703308172536	0.016820652606756505	0.06167947579929097	0.04674935267871752	0.0	0.0691802720103734	0.39564392373896007	0.022327127262684023
ja	0.30552726787943424	0.08140370839939452	1.0	0.585786437626905	0.06574525778999143	0.026215989235212584	0.05275810775083888	0.02982104763702015	0.0057770721489698515	0.02768178872277058	0.07717533312879801	1.0	0.040903719206263185	0.08312248576185645	0.03029091722704539	1.0	0.04462969064336561	0.10301054434521859	0.08385872875016108	0.39564392373896007	0.18022265423180764	0.034747381941187455	0.033962364894970086	0.03318319442175688	0.0354074488843027	0.030285522124068043	0.2864923218285822	1.0	0.018578108913372193	0.11029592629029863	0.06089703991519993	0.0	0.08883682264012568	1.0	0.03386658865323936
ko	0.17642017677311195	0.088763583975901	1.0	0.3726822671238253	0.0811685193070007	0.04274316628809934	0.05148888261639499	0.040763437441373084	0.006750274265647034	0.03283221351844399	0.08158114479593567	0.5	0.05301409802710348	0.06640625422114205	0.041536482029736255	0.04462969064336561	1.0	0.1239755048207363	0.09142934141749301	0.3430703308172536	0.15365525145549136	0.046129358468580725	0.046295993805793224	0.045466127252856224	0.044243610992059715	0.04482336192969892	0.17624750113479662	1.0	0.01771543788718747	0.08566270311852663	0.06683452908467702	0.0	0.06437640161880859	1.0	0.04487673220259623
lv	0.2193450929151803	0.11863876111290905	1.0	0.2534242729847843	0.1030126658728293	0.09889931008091868	0.1252475922520177	0.042021855623710615	0.025351024699554883	0.12480287264761729	0.1239502914889678	0.37926872769071385	0.11877361779357594	0.12423418113606033	0.09331499983930286	0.10301054434521859	0.1239755048207363	1.0	0.18884264924565805	0.323896456059952	0.4554118308755341	0.10176998280564181	0.1005783137807918	0.04732200939456871	0.10410219807249528	0.11598209724982018	0.15474033937685946	1.0	0.04508698103734345	0.13353601553125086	0.0937528375926907	0.0	0.07752774855530697	1.0	0.0863107037151073
mk	0.3483314773547883	0.17442569871757188	1.0	0.44948974278317805	0.08323572094460932	0.07108986790513093	0.1212190052364141	0.05936129709268275	0.05840861693498556	0.19360894481127303	0.16095664183360217	0.40453726661826384	0.11178824168467497	0.1754863579474152	0.08526079523319914	0.08385872875016108	0.09142934141749301	0.18884264924565805	1.0	0.4142135623730951	0.21593400352994613	0.11845647987039441	0.08441554002491355	0.06003397126511297	0.19703709132272546	0.07071916899115827	0.3430703308172536	1.0	0.10418741285255592	0.16382846096278134	0.11563901737743694	0.0	0.14212960625543147	1.0	0.08965409331417777
ml	0.5	0.2853029657789964	0.0	0.44948974278317805	0.44948974278317805	0.35388936786452296	0.30901699437494745	0.35388936786452296	0.35388936786452296	0.28989794855663564	0.44948974278317805	1.0	0.2958163163244893	0.4038740830864499	0.32449979983983984	0.39564392373896007	0.3430703308172536	0.323896456059952	0.4142135623730951	1.0	0.3010461113285242	0.3380788308512194	0.3090169943749474	0.35388936786452296	0.3413283892770492	0.3430703308172536	0.585786437626905	1.0	0.35388936786452296	0.35388936786452296	0.3797958971132712	0.0	0.44948974278317805	1.0	0.2766967754673749
mr	0.3090169943749474	0.4911106028966795	1.0	0.2240092377397959	0.16628329990241125	0.14224543658769573	0.14945456230662077	0.14753004845046014	0.15737805306275918	0.24277712462792475	0.17771044416047063	0.585786437626905	0.16613187177808245	0.3136777304291716	0.16250008456640638	0.18022265423180764	0.15365525145549136	0.4554118308755341	0.21593400352994613	0.3010461113285242	1.0	0.1450811271706094	0.15360875036387556	0.14277959114120195	0.41477422342892717	0.1611046054628617	0.37926872769071385	1.0	0.14064497963140699	0.2079775936381154	0.18976335903827068	0.0	0.17902803734171396	1.0	0.15374533396722348
nl	0.3660254037844386	0.08035644526807124	1.0	0.40453726661826384	0.05133592065753486	0.02155951315831952	0.048615487115227195	0.022213871055613985	0.004032444504439343	0.020947089634173906	0.07948290493016746	0.585786437626905	0.04508404504768132	0.09224388672689833	0.021795387074435568	0.034747381941187455	0.046129358468580725	0.10176998280564181	0.11845647987039441	0.3380788308512194	0.1450811271706094	1.0	0.030620811444833092	0.029211260541095185	0.03201766280147921	0.028534702174091094	0.1886378647726465	0.3266316347104093	0.018179828807719327	0.07765472844931494	0.03799096619526011	0.0	0.05297713732673998	0.3430703308172536	0.03559462179458923
pl	0.26427884169111276	0.08697994211397798	1.0	0.33263437454003325	0.08261506337615689	0.027541392674271546	0.05018943373852644	0.025487146591770378	0.0050305880083420665	0.024905154712654608	0.07412211330845668	0.5	0.04867163087489706	0.0960294072951234	0.026093505165182936	0.033962364894970086	0.046295993805793224	0.1005783137807918	0.08441554002491355	0.3090169943749474	0.15360875036387556	0.030620811444833092	1.0	0.029886303544182848	0.03327649391341798	0.028268303590325138	0.17025921636942778	1.0	0.017864366690875884	0.07344085908255468	0.05856193801225128	0.0	0.06691449797318433	1.0	0.040059785626399794
pt	0.19944185984864793	0.05579990543341751	1.0	0.5	0.06601728350105192	0.03334037880124623	0.046272724038514665	0.0240868863445333	0.004393698772577235	0.02243708722301894	0.07866309977921902	1.0	0.046539673739918457	0.0607988723511008	0.022241539142407098	0.03318319442175688	0.045466127252856224	0.04732200939456871	0.06003397126511297	0.35388936786452296	0.14277959114120195	0.029211260541095185	0.029886303544182848	1.0	0.030568448096850487	0.04152904106172119	0.3019332452378656	0.5	0.01831282400616296	0.05064011830393839	0.06150181562766677	0.0	0.055281365173250004	0.5	0.04048458635182169
ro	0.10531750732318097	0.08915568298404125	1.0	0.24179033438163736	0.06967634064044441	0.028609991317281626	0.045544794015644284	0.026052875502571796	0.006187548932533528	0.026387454843538438	0.06289736706912603	0.40453726661826384	0.03788032726236932	0.07467598925114369	0.02838594235950218	0.0354074488843027	0.044243610992059715	0.10410219807249528	0.19703709132272546	0.3413283892770492	0.41477422342892717	0.03201766280147921	0.03327649391341798	0.030568448096850487	1.0	0.03130877630233104	0.17872976918817204	1.0	0.022994813247198202	0.0905277561219319	0.053202642689556386	0.0	0.060469932016757356	1.0	0.03458597493278862
ru	0.37218975135070936	0.08181130061275903	1.0	0.5	0.08213713468903111	0.025877104317160136	0.049728965592090425	0.025069677146361755	0.004838779226967964	0.024397190485121734	0.0668007701994906	0.585786437626905	0.048617839852028166	0.09207962222679984	0.025201104368161895	0.030285522124068043	0.04482336192969892	0.11598209724982018	0.07071916899115827	0.3430703308172536	0.1611046054628617	0.028534702174091094	0.028268303590325138	0.04152904106172119	0.03130877630233104	1.0	0.2503936736304814	1.0	0.016952864167760782	0.06563185094859884	0.05568871435535954	0.0	0.07049633525708074	1.0	0.02844711963428694
sh	0.5	0.13889746939270023	1.0	1.0	0.3164309725825328	0.14567616546986245	0.2204812092115424	0.14822693275055912	0.21393876913398135	0.17894304029237865	0.19939048943547868	1.0	0.2843646522044218	0.14894082131433822	0.13339191983317902	0.2864923218285822	0.17624750113479662	0.15474033937685946	0.3430703308172536	0.585786437626905	0.37926872769071385	0.1886378647726465	0.17025921636942778	0.3019332452378656	0.17872976918817204	0.2503936736304814	1.0	0.585786437626905	0.44948974278317805	0.12323647543865635	0.2372732414640341	0.0	0.5	0.585786437626905	0.22646721143623746
si	1.0	1.0	0.0	1.0	0.3090169943749474	0.4364916731037085	1.0	0.1774053291584318	1.0	1.0	1.0	1.0	1.0	0.585786437626905	0.3430703308172536	1.0	1.0	1.0	1.0	1.0	1.0	0.3266316347104093	1.0	0.5	1.0	1.0	0.585786437626905	1.0	1.0	1.0	1.0	1.0	1.0	1.0	1.0
simple	0.3164309725825327	0.04184286694810831	1.0	0.585786437626905	0.023818048065071255	0.015956208104022804	0.021036812048607606	0.015531709253096571	0.06838792954095732	0.01768834810189174	0.024615389277611643	0.585786437626905	0.021857701915723365	0.03021008978221299	0.016820652606756505	0.018578108913372193	0.01771543788718747	0.04508698103734345	0.10418741285255592	0.35388936786452296	0.14064497963140699	0.018179828807719327	0.017864366690875884	0.01831282400616296	0.022994813247198202	0.016952864167760782	0.44948974278317805	1.0	1.0	0.0378130136302911	0.021317271687007828	0.0	0.04827199702134336	0.5	0.01762428513543929
sr	0.5	0.10149712668713504	1.0	0.2674788903885893	0.13649778274077728	0.0646409925371467	0.11770877310043038	0.04306651342136668	0.017054674914606393	0.11988078254259385	0.11734872431664663	0.5	0.11787227884876118	0.09764598696998343	0.06167947579929097	0.11029592629029863	0.08566270311852663	0.13353601553125086	0.16382846096278134	0.35388936786452296	0.2079775936381154	0.07765472844931494	0.07344085908255468	0.05064011830393839	0.0905277561219319	0.06563185094859884	0.12323647543865635	1.0	0.0378130136302911	1.0	0.1282113855008991	0.0	0.0662151163384279	1.0	0.07107407125735206
sv	0.203075234310397	0.08081453705537606	1.0	0.3726822671238253	0.05674685949984236	0.041284807138114485	0.05943867907175307	0.03463646401322148	0.00903165238290265	0.05985613701551598	0.09325270965145306	0.5	0.05916566197885481	0.10444077199223728	0.04674935267871752	0.06089703991519993	0.06683452908467702	0.0937528375926907	0.11563901737743694	0.3797958971132712	0.18976335903827068	0.03799096619526011	0.05856193801225128	0.06150181562766677	0.053202642689556386	0.05568871435535954	0.2372732414640341	1.0	0.021317271687007828	0.1282113855008991	1.0	0.0	0.08812092238870799	0.585786437626905	0.05188765561779207
te	0.0	0.0	0.0	0.0	0.0	0.0	0.0	0.0	0.0	0.0	0.0	0.0	0.0	0.0	0.0	0.0	0.0	0.0	0.0	0.0	0.0	0.0	0.0	0.0	0.0	0.0	0.0	1.0	0.0	0.0	0.0	0.0	0.0	1.0	0.0
vi	0.2612038749637414	0.06278122045436428	1.0	0.5	0.07050201514088561	0.08680740976872252	0.058006326226281824	0.05548405353221444	0.012576599153914047	0.08672324055783717	0.04636829238742717	0.585786437626905	0.061244938588668224	0.06721465811459311	0.0691802720103734	0.08883682264012568	0.06437640161880859	0.07752774855530697	0.14212960625543147	0.44948974278317805	0.17902803734171396	0.05297713732673998	0.06691449797318433	0.055281365173250004	0.060469932016757356	0.07049633525708074	0.5	1.0	0.04827199702134336	0.0662151163384279	0.08812092238870799	0.0	1.0	1.0	0.08463367734912904
war	1.0	1.0	0.0	1.0	0.3164309725825328	1.0	1.0	0.27792629762666365	1.0	1.0	1.0	1.0	1.0	0.5	0.39564392373896007	1.0	1.0	1.0	1.0	1.0	1.0	0.3430703308172536	1.0	0.5	1.0	1.0	0.585786437626905	1.0	0.5	1.0	0.585786437626905	1.0	1.0	1.0	1.0
zh	0.19912196317434655	0.07033271067343959	1.0	0.3333333333333333	0.07475760663098305	0.03288716474522244	0.050735863534652606	0.021591313279677827	0.00481230109796127	0.025173536344492067	0.07888236792690549	0.5	0.051137722449509475	0.08329678616352912	0.022327127262684023	0.03386658865323936	0.04487673220259623	0.0863107037151073	0.08965409331417777	0.2766967754673749	0.15374533396722348	0.03559462179458923	0.040059785626399794	0.04048458635182169	0.03458597493278862	0.02844711963428694	0.22646721143623746	1.0	0.01762428513543929	0.07107407125735206	0.05188765561779207	0.0	0.08463367734912904	1.0	1.0
