arz	bs	ceb	ckb	da	de	el	en	es	fr	he	hi	hu	id	it	ja	ko	lv	mk	ml	mr	nl	pl	pt	ro	ru	sh	si	simple	sr	sv	te	vi	war	zh
arz	1.0	0.0	0.0	0.0	0.0	8e-05	0.00022904260192395785	0.0	0.0	2.044320876604792e-05	0.0003455425017277125	0.0	0.0001335113484646195	0.0	6.469979296066253e-05	0.0	0.0	0.0005184033177812338	0.0	0.0	0.0	0.0	0.0	0.0	2.7274710888064588e-05	0.00012431626056688214	0.025	0.0	0.0	0.0	0.0	0.0	0.0	0.0	0.0
bs	0.0	1.0	0.0	0.0004385964912280702	0.03529918209212225	0.010061601642710472	0.028735632183908046	0.00367249945992655	0.0023816612086930635	0.007699578590839274	0.05618207914701661	0.0	0.021483965625654997	0.08279831746734559	0.007680054613721698	0.014061010486177312	0.01705360911777121	0.166016713091922	0.009837467921300257	0.0004380201489268506	0.007755277897457992	0.006491217764201375	0.014880682333726521	0.007459250391380422	0.01828789702265711	0.014876847290640394	0.0013077593722755014	0.0	0.0016927634363097758	0.1048680618744313	0.019787359716479623	0.0	0.007172413793103448	0.0	0.013909818013214326
ceb	0.0	0.0	0.0	0.0	0.0	0.0	0.0	0.0	0.0	0.0	0.0	0.0	0.0	0.0	0.0	0.0	0.0	0.0	0.0	0.0	0.0	0.0	0.0	0.0	0.0	0.0	0.0	0.0	0.0	0.0	0.0	0.0	0.0	0.0	0.0
ckb	0.0	0.0004385964912280702	0.0	1.0	0.0003952569169960474	0.0	0.0	0.0	0.0	0.0	0.00034831069313827936	0.0	0.0	0.00038299502106472615	0.0	0.0	0.0	0.0005246589716684155	0.0	0.0	0.0	0.0	0.00011229646266142616	0.0	0.0	0.0	0.0	0.0	0.0	0.0	0.0	0.0	0.0	0.0	0.0
da	0.0	0.03529918209212225	0.0	0.0003952569169960474	1.0	0.006910896403650027	0.016866400355082113	0.003460701416390167	0.0022166805209199226	0.007642113926282994	0.027783063748810656	0.0	0.016161821508436675	0.030673616680032077	0.0071768993552004485	0.010730356524749048	0.011765673852229718	0.04524033930254477	0.002688172043010753	0.0	0.0003863987635239567	0.006766807641825872	0.008733239237826394	0.004668701741784881	0.008444249929202173	0.010245116813481425	0.0	0.0	0.0015308075009567547	0.030468119451170297	0.020390702980179667	0.0	0.006190353366004642	0.0	0.008858488450325185
de	8e-05	0.010061601642710472	0.0	0.0	0.006910896403650027	1.0	0.01154678854943469	0.012660584621113387	0.0015506165546776932	0.028179868650314972	0.00920568122041031	0.0	0.018018477872492472	0.009500869797939248	0.01950613676212741	0.017624979600718054	0.01109090909090909	0.009545869305818768	0.0003186235462800701	0.0	0.00015956598053295037	0.01911528764611506	0.0171733028875886	0.009697143403076335	0.026628208343783964	0.017674510972098104	8.004482510205715e-05	0.0	7.959882193743533e-05	0.008710801393728223	0.007540500736377025	0.0	0.0023887079261672097	0.0	0.014947763193142245
el	0.00022904260192395785	0.028735632183908046	0.0	0.0	0.016866400355082113	0.01154678854943469	1.0	0.005069155364576339	0.0009216589861751152	0.014598818372403278	0.03441353599082306	0.0	0.020919778699861686	0.024907885040530583	0.013166658127977867	0.019674028353746747	0.01884612607408477	0.03631840796019901	0.001358080579447714	0.0	0.000681973175721755	0.009755690819644792	0.018293620292083014	0.008062640514768587	0.024087956021989005	0.018619212390838687	0.00022941041523285156	0.0	0.0018091361374943465	0.022156573116691284	0.015281865519583427	0.0	0.005101143359718558	0.0	0.01416643212308847
en	0.0	0.00367249945992655	0.0	0.0	0.003460701416390167	0.012660584621113387	0.005069155364576339	1.0	0.0014637441825551718	0.024255757992437264	0.004233252195999577	0.0	0.00875640712716622	0.003700672526064833	0.014790630951497612	0.00727940245600709	0.006431966303326977	0.0028442240373395566	0.0	0.0	7.79635910030016e-05	0.016505437085157462	0.009155259155259155	0.006020381192916507	0.015882084095063986	0.00885301002340796	3.904419803217242e-05	0.0	3.89377774316642e-05	0.0032047858134814657	0.005991611743559017	0.0	0.0018947837717342845	0.0	0.007478397486252945
es	0.0	0.0023816612086930635	0.0	0.0	0.0022166805209199226	0.0015506165546776932	0.0009216589861751152	0.0014637441825551718	1.0	0.002708396027685826	0.0030410542321338066	0.0	0.002931175987806308	0.002168021680216802	0.0021839359378791555	0.0027408524050979853	0.0014762871378483115	0.002008704385671242	0.0	0.0	0.0	0.0015140503875968993	0.0026088701585390327	0.0014384054248433166	0.0021781862614886046	0.00275239458328746	0.0	0.0	0.0008525149190110827	0.0024623803009575923	0.0014022787028921998	0.0	0.0012219959266802445	0.0	0.00252156602521566
fr	2.044320876604792e-05	0.007699578590839274	0.0	0.0	0.007642113926282994	0.028179868650314972	0.014598818372403278	0.024255757992437264	0.002708396027685826	1.0	0.012478973516410438	0.0	0.02706150341685649	0.007649717293056561	0.03179135121262672	0.021344796279483425	0.018473505104521146	0.007576809409524565	0.00018380475850097007	0.0	0.00030651654167603243	0.03572800614675375	0.024151678922654383	0.016909322213584	0.06499489503697986	0.023798816355165404	0.0	0.0	0.00038806396928167317	0.007457574037464033	0.009449620883473538	0.0	0.0022132275237772415	0.0	0.01589165779718868
he	0.0003455425017277125	0.05618207914701661	0.0	0.00034831069313827936	0.027783063748810656	0.00920568122041031	0.03441353599082306	0.004233252195999577	0.0030410542321338066	0.012478973516410438	1.0	0.00034831069313827936	0.021238763212486418	0.04200722296141418	0.008484848484848486	0.021207360861759426	0.021170006464124112	0.0710762331838565	0.003740224413464808	0.0	0.001367053998632946	0.008651870713851675	0.017277125086385625	0.008307100384749912	0.020533615724358807	0.016613776367369798	0.0	0.0	0.0006765899864682003	0.05072324011571842	0.021111413783710162	0.0	0.003786086133459536	0.0	0.019098548510313215
hi	0.0	0.0	0.0	0.0	0.0	0.0	0.0	0.0	0.0	0.0	0.00034831069313827936	1.0	0.0	0.0	0.0	0.0	0.0	0.0005246589716684155	0.0	0.0	0.0	0.0	0.0	0.00011547344110854503	0.0	0.0	0.0	0.0	0.0	0.0	0.0	0.0	0.0	0.0	0.0
hu	0.0001335113484646195	0.021483965625654997	0.0	0.0	0.016161821508436675	0.018018477872492472	0.020919778699861686	0.00875640712716622	0.002931175987806308	0.02706150341685649	0.021238763212486418	0.0	1.0	0.022835684563077236	0.019635780756044347	0.021782916822081312	0.014659994112452163	0.025155856939735318	0.0013266118333775537	0.0	0.0007978723404255319	0.017065374303980203	0.02229160162347799	0.013957874882112543	0.039743529300834475	0.020088256602779426	0.0	0.0	0.000794912559618442	0.01639344262295082	0.01196652719665272	0.0	0.005804028678729942	0.0	0.012277515437704322
id	0.0	0.08279831746734559	0.0	0.00038299502106472615	0.030673616680032077	0.009500869797939248	0.024907885040530583	0.003700672526064833	0.002168021680216802	0.007649717293056561	0.04200722296141418	0.0	0.022835684563077236	1.0	0.006863456280341499	0.020193861066235864	0.021792966815255076	0.10063352826510721	0.0026070763500931097	0.00038255547054322876	0.0037593984962406013	0.006575119283137437	0.012840809146877748	0.005890227576974565	0.01639089567311427	0.016929698708751793	0.00038066235249333843	0.0	0.002973977695167286	0.059856996935648624	0.017432869394067203	0.0	0.00912316269640142	0.0	0.014641779367385716
it	6.469979296066253e-05	0.007680054613721698	0.0	0.0	0.0071768993552004485	0.01950613676212741	0.013166658127977867	0.014790630951497612	0.0021839359378791555	0.03179135121262672	0.008484848484848486	0.0	0.019635780756044347	0.006863456280341499	1.0	0.016088180112570356	0.010870873280115528	0.007261531311723016	0.00038689708537529015	0.0	0.0001291155584247902	0.018908465835840136	0.019563487076368815	0.011036508602601762	0.026129108536296998	0.01735056823110957	0.0	0.0	6.443714156840002e-05	0.006426376082704666	0.008141930944363471	0.0	0.0025056675814341964	0.0	0.012669934338296496
ja	0.0	0.014061010486177312	0.0	0.0	0.010730356524749048	0.017624979600718054	0.019674028353746747	0.00727940245600709	0.0027408524050979853	0.021344796279483425	0.021207360861759426	0.0	0.021782916822081312	0.020193861066235864	0.016088180112570356	1.0	0.018657666836474785	0.01636477201748907	0.0009516256938937351	0.0	0.0003181167488468268	0.011861579602319362	0.017205457356005108	0.010039343372676706	0.02520506014300404	0.018583375026802944	0.0004804612427930814	0.0	0.0009507209633972429	0.012298850574712644	0.01278104300774326	0.0	0.0071551609911223	0.0	0.01722480371735299
ko	0.0	0.01705360911777121	0.0	0.0	0.011765673852229718	0.01109090909090909	0.01884612607408477	0.006431966303326977	0.0014762871378483115	0.018473505104521146	0.021170006464124112	0.0	0.014659994112452163	0.021792966815255076	0.010870873280115528	0.018657666836474785	1.0	0.018230983949755756	0.0008130081300813008	0.00010235414534288638	0.00030540568054565815	0.01074800290486565	0.013900955690703735	0.008317373461012311	0.021010714364288387	0.015760621288259478	0.0	0.0	0.0006092607636068237	0.013298308980462978	0.011596851279167838	0.0	0.003966107806021273	0.0	0.013105341987019471
lv	0.0005184033177812338	0.166016713091922	0.0	0.0005246589716684155	0.04524033930254477	0.009545869305818768	0.03631840796019901	0.0028442240373395566	0.002008704385671242	0.007576809409524565	0.0710762331838565	0.0005246589716684155	0.025155856939735318	0.10063352826510721	0.007261531311723016	0.01636477201748907	0.018230983949755756	1.0	0.011195928753180661	0.0010482180293501049	0.01288659793814433	0.006264473606080399	0.013974864003001313	0.007629219912263971	0.018710853880916516	0.014615699100572362	0.0020844189682126106	0.0	0.000502008032128514	0.14449834056676028	0.023343255522481593	0.0	0.009861325115562404	0.0	0.013680387409200969
mk	0.0	0.009837467921300257	0.0	0.0	0.002688172043010753	0.0003186235462800701	0.001358080579447714	0.0	0.0	0.00018380475850097007	0.003740224413464808	0.0	0.0013266118333775537	0.0026070763500931097	0.00038689708537529015	0.0009516256938937351	0.0008130081300813008	0.011195928753180661	1.0	0.0	0.029411764705882353	0.0003431387840409271	0.000779596837064261	0.0004578230513906375	0.001090453083256093	0.0002469135802469136	0.010309278350515464	0.0	0.005988023952095809	0.00529500756429652	0.0014893617021276596	0.0	0.0006891798759476223	0.0	0.001070172756459257
ml	0.0	0.0004380201489268506	0.0	0.0	0.0	0.0	0.0	0.0	0.0	0.0	0.0	0.0	0.0	0.00038255547054322876	0.0	0.0	0.00010235414534288638	0.0010482180293501049	0.0	1.0	0.05	0.0	0.0	0.0	8.18732601932209e-05	0.0001246261216350947	0.0	0.0	0.0	0.0	0.0	0.0	0.0	0.0	0.0
mr	0.0	0.007755277897457992	0.0	0.0	0.0003863987635239567	0.00015956598053295037	0.000681973175721755	7.79635910030016e-05	0.0	0.00030651654167603243	0.001367053998632946	0.0	0.0007978723404255319	0.0037593984962406013	0.0001291155584247902	0.0003181167488468268	0.00030540568054565815	0.01288659793814433	0.029411764705882353	0.05	1.0	9.362419249133976e-05	0.00033478406427854036	0.00022943673282092462	0.000654378885374632	0.00012377769525931428	0.013333333333333334	0.0	0.0	0.0034259611724400457	0.0010683760683760685	0.0	0.0006997900629811056	0.0	0.0007667535654040791
nl	0.0	0.006491217764201375	0.0	0.0	0.006766807641825872	0.01911528764611506	0.009755690819644792	0.016505437085157462	0.0015140503875968993	0.03572800614675375	0.008651870713851675	0.0	0.017065374303980203	0.006575119283137437	0.018908465835840136	0.011861579602319362	0.01074800290486565	0.006264473606080399	0.0003431387840409271	0.0	9.362419249133976e-05	1.0	0.01723923480683599	0.013362917902819675	0.032403646538496256	0.014633156653394538	6.249609399412537e-05	0.0	0.00012472715933894605	0.0059078606559762525	0.011241230735237253	0.0	0.0032481203007518797	0.0	0.011202272010097823
pl	0.0	0.014880682333726521	0.0	0.00011229646266142616	0.008733239237826394	0.0171733028875886	0.018293620292083014	0.009155259155259155	0.0026088701585390327	0.024151678922654383	0.017277125086385625	0.0	0.02229160162347799	0.012840809146877748	0.019563487076368815	0.017205457356005108	0.013900955690703735	0.013974864003001313	0.000779596837064261	0.0	0.00033478406427854036	0.01723923480683599	1.0	0.009830976198689204	0.025649109374648142	0.02142296783537505	0.0002242152466367713	0.0	0.0002224694104560623	0.014579835645489087	0.01173919545386571	0.0	0.0032217123889485503	0.0	0.015323645970937912
pt	0.0	0.007459250391380422	0.0	0.0	0.004668701741784881	0.009697143403076335	0.008062640514768587	0.006020381192916507	0.0014384054248433166	0.016909322213584	0.008307100384749912	0.00011547344110854503	0.013957874882112543	0.005890227576974565	0.011036508602601762	0.010039343372676706	0.008317373461012311	0.007629219912263971	0.0004578230513906375	0.0	0.00022943673282092462	0.013362917902819675	0.009830976198689204	1.0	0.019994145858194673	0.009440242057488654	0.0001152604887044721	0.0	0.0005719514985129262	0.00581811672037236	0.005753217259651779	0.0	0.001397624039133473	0.0	0.009072109932626242
ro	2.7274710888064588e-05	0.01828789702265711	0.0	0.0	0.008444249929202173	0.026628208343783964	0.024087956021989005	0.015882084095063986	0.0021781862614886046	0.06499489503697986	0.020533615724358807	0.0	0.039743529300834475	0.01639089567311427	0.026129108536296998	0.02520506014300404	0.021010714364288387	0.018710853880916516	0.001090453083256093	8.18732601932209e-05	0.000654378885374632	0.032403646538496256	0.025649109374648142	0.019994145858194673	1.0	0.02727941852976355	8.184422316191516e-05	0.0	0.00043582479843103073	0.013254101537269086	0.012140684783675072	0.0	0.002928682620511332	0.0	0.020766735336601075
ru	0.00012431626056688214	0.014876847290640394	0.0	0.0	0.010245116813481425	0.017674510972098104	0.018619212390838687	0.00885301002340796	0.00275239458328746	0.023798816355165404	0.016613776367369798	0.0	0.020088256602779426	0.016929698708751793	0.01735056823110957	0.018583375026802944	0.015760621288259478	0.014615699100572362	0.0002469135802469136	0.0001246261216350947	0.00012377769525931428	0.014633156653394538	0.02142296783537505	0.009440242057488654	0.02727941852976355	1.0	0.0	0.0	0.0002467308166790032	0.010488176964149503	0.00885449904275686	0.0	0.003955104222340994	0.0	0.017630118704783312
sh	0.025	0.0013077593722755014	0.0	0.0	0.0	8.004482510205715e-05	0.00022941041523285156	3.904419803217242e-05	0.0	0.0	0.0	0.0	0.0	0.00038066235249333843	0.0	0.0004804612427930814	0.0	0.0020844189682126106	0.010309278350515464	0.0	0.013333333333333334	6.249609399412537e-05	0.0002242152466367713	0.0001152604887044721	8.184422316191516e-05	0.0	1.0	0.0	0.0	0.0019312475859405175	0.0	0.0	0.0	0.0	0.0
si	0.0	0.0	0.0	0.0	0.0	0.0	0.0	0.0	0.0	0.0	0.0	0.0	0.0	0.0	0.0	0.0	0.0	0.0	0.0	0.0	0.0	0.0	0.0	0.0	0.0	0.0	0.0	0.0	0.0	0.0	0.0	0.0	0.0	0.0	0.0
simple	0.0	0.0016927634363097758	0.0	0.0	0.0015308075009567547	7.959882193743533e-05	0.0018091361374943465	3.89377774316642e-05	0.0008525149190110827	0.00038806396928167317	0.0006765899864682003	0.0	0.000794912559618442	0.002973977695167286	6.443714156840002e-05	0.0009507209633972429	0.0006092607636068237	0.000502008032128514	0.005988023952095809	0.0	0.0	0.00012472715933894605	0.0002224694104560623	0.0005719514985129262	0.00043582479843103073	0.0002467308166790032	0.0	0.0	1.0	0.0011273957158962795	0.0008494372478233171	0.0	0.0013736263736263737	0.0	0.00030525030525030525
sr	0.0	0.1048680618744313	0.0	0.0	0.030468119451170297	0.008710801393728223	0.022156573116691284	0.0032047858134814657	0.0024623803009575923	0.007457574037464033	0.05072324011571842	0.0	0.01639344262295082	0.059856996935648624	0.006426376082704666	0.012298850574712644	0.013298308980462978	0.14449834056676028	0.00529500756429652	0.0	0.0034259611724400457	0.0059078606559762525	0.014579835645489087	0.00581811672037236	0.013254101537269086	0.010488176964149503	0.0019312475859405175	0.0	0.0011273957158962795	1.0	0.017372881355932204	0.0	0.0056036678553234845	0.0	0.012312513991493173
sv	0.0	0.019787359716479623	0.0	0.0	0.020390702980179667	0.007540500736377025	0.015281865519583427	0.005991611743559017	0.0014022787028921998	0.009449620883473538	0.021111413783710162	0.0	0.01196652719665272	0.017432869394067203	0.008141930944363471	0.01278104300774326	0.011596851279167838	0.023343255522481593	0.0014893617021276596	0.0	0.0010683760683760685	0.011241230735237253	0.01173919545386571	0.005753217259651779	0.012140684783675072	0.00885449904275686	0.0	0.0	0.0008494372478233171	0.017372881355932204	1.0	0.0	0.007899159663865547	0.0	0.009831588529813381
te	0.0	0.0	0.0	0.0	0.0	0.0	0.0	0.0	0.0	0.0	0.0	0.0	0.0	0.0	0.0	0.0	0.0	0.0	0.0	0.0	0.0	0.0	0.0	0.0	0.0	0.0	0.0	0.0	0.0	0.0	0.0	0.0	0.0	0.0	0.0
vi	0.0	0.007172413793103448	0.0	0.0	0.006190353366004642	0.0023887079261672097	0.005101143359718558	0.0018947837717342845	0.0012219959266802445	0.0022132275237772415	0.003786086133459536	0.0	0.005804028678729942	0.00912316269640142	0.0025056675814341964	0.0071551609911223	0.003966107806021273	0.009861325115562404	0.0006891798759476223	0.0	0.0006997900629811056	0.0032481203007518797	0.0032217123889485503	0.001397624039133473	0.002928682620511332	0.003955104222340994	0.0	0.0	0.0013736263736263737	0.0056036678553234845	0.007899159663865547	0.0	1.0	0.0	0.003585147247119078
war	0.0	0.0	0.0	0.0	0.0	0.0	0.0	0.0	0.0	0.0	0.0	0.0	0.0	0.0	0.0	0.0	0.0	0.0	0.0	0.0	0.0	0.0	0.0	0.0	0.0	0.0	0.0	0.0	0.0	0.0	0.0	0.0	0.0	0.0	0.0
zh	0.0	0.013909818013214326	0.0	0.0	0.008858488450325185	0.014947763193142245	0.01416643212308847	0.007478397486252945	0.00252156602521566	0.01589165779718868	0.019098548510313215	0.0	0.012277515437704322	0.014641779367385716	0.012669934338296496	0.01722480371735299	0.013105341987019471	0.013680387409200969	0.001070172756459257	0.0	0.0007667535654040791	0.011202272010097823	0.015323645970937912	0.009072109932626242	0.020766735336601075	0.017630118704783312	0.0	0.0	0.00030525030525030525	0.012312513991493173	0.009831588529813381	0.0	0.003585147247119078	0.0	1.0
