arz	bs	ceb	ckb	da	de	el	en	es	fr	he	hi	hu	id	it	ja	ko	lv	mk	ml	mr	nl	pl	pt	ro	ru	sh	si	simple	sr	sv	te	tr	vi	war	zh
arz	0.5	0.125	0.0	0.1	0.09090909090909091	0.015873015873015872	0.1	0.0072992700729927005	0.0196078431372549	0.014084507042253521	0.03125	0.07142857142857142	0.05	0.08333333333333333	0.02127659574468085	0.017857142857142856	0.023809523809523808	0.14285714285714285	0.125	0.2	0.3333333333333333	0.023255813953488372	0.02702702702702703	0.022727272727272728	0.07692307692307693	0.01694915254237288	0.125	0.125	0.07692307692307693	0.0625	0.03225806451612903	0.5	0.05555555555555555	0.0625	0.25	0.02
bs	0.125	1.0	0.013888888888888888	0.0005773672055427252	0.002886836027713626	0.21472146990363072	0.04715199984502478	0.1428768876383635	0.08871744614134267	0.36366730555787236	0.007451181197423657	0.0005773672055427252	0.042517830905310236	0.029279542452174064	0.04083866416393999	0.037069329474587416	0.04444893232451715	0.0005773672055427252	0.48385236447520186	0.0005773672055427252	0.1875	0.5104563639810246	0.4630793997093427	0.4625413889778433	0.06924807171169478	0.4676074470308714	0.4281328792686936	0.1875	0.0023094688221709007	0.5041639393274541	0.03860592221081443	0.125	0.18421052631578946	0.07559623408137976	0.25	0.2737061575527937
ceb	0.0	0.013888888888888888	0.5	0.0	0.0048543689320388345	0.0011389521640091116	0.0	0.00035587188612099647	0.0007639419404125286	0.0003184713375796178	0.0038461538461538464	0.006756756756756757	0.0033783783783783786	0.004651162790697674	0.0015772870662460567	0.0034482758620689655	0.005235602094240838	0.00819672131147541	0.006666666666666667	0.009615384615384616	0.0	0.001006036217303823	0.0022026431718061676	0.002070393374741201	0.006493506493506494	0.0014749262536873156	0.005434782608695652	0.02702702702702703	0.006756756756756757	0.0037593984962406013	0.001838235294117647	0.0	-1.0	0.006993006993006993	0.038461538461538464	0.002631578947368421
ckb	0.1	0.0005773672055427252	0.0	0.5	0.0	0.0012853470437017994	0.006329113924050633	0.001953125	0.0	0.0008278145695364238	0.0	0.0	0.0	0.0	0.0	0.006578947368421052	0.0	0.0	0.0005952380952380953	0.0	0.15	0.0005868544600938967	0.0006031363088057901	0.0006075334143377885	0.0	0.0005980861244019139	0.0006915629322268327	0.15	0.0	0.000580046403712297	0.007142857142857143	0.1	0.2	0.0	0.2	0.0010245901639344263
da	0.09090909090909091	0.002886836027713626	0.0048543689320388345	0.0	0.5	0.005128205128205128	0.012195121951219513	0.007782101167315175	0.012195121951219513	0.003305785123966942	0.06818181818181818	0.1	0.019736842105263157	0.018518518518518517	0.02247191011235955	0.025974025974025976	0.024390243902439025	0.1	0.0017814726840855108	0.1	0.13636363636363635	0.0023446658851113715	0.0024096385542168677	0.0024271844660194173	0.01293103448275862	0.0023894862604540022	0.0020689655172413794	0.13636363636363635	0.14285714285714285	0.002317497103128621	0.020833333333333332	0.09090909090909091	0.13043478260869565	0.015151515151515152	0.18181818181818182	0.00408997955010225
de	0.015873015873015872	0.21472146990363072	0.0011389521640091116	0.0012853470437017994	0.005128205128205128	1.0	0.099172734164272	0.24814065798052803	0.18165201354150878	0.17821382023008647	0.023017902813299233	0.0012853470437017994	0.08888615256639687	0.062091291298374304	0.09510427275380297	0.09497807436333555	0.09984566909645622	0.0012853470437017994	0.21536670547147846	0.0012853470437017994	0.023809523809523808	0.21487926070963503	0.22662665119020722	0.2297423777568182	0.1445275548441435	0.20416292256786353	0.17190888514145952	0.023809523809523808	0.005141388174807198	0.21486730876225385	0.08880589107861836	0.015873015873015872	0.1044776119402985	0.15849765038327635	0.031746031746031744	0.18203983278353988
el	0.1	0.04715199984502478	0.0	0.006329113924050633	0.012195121951219513	0.099172734164272	1.0	0.15640705265496394	0.18908478605388274	0.06364184466924383	0.026595744680851064	0.006329113924050633	0.24766003794533062	0.2022909588943633	0.10151056370093799	0.16932246493575642	0.21777606771835323	0.006329113924050633	0.04702380952380952	0.006329113924050633	0.15	0.0472171950165868	0.048483289999858896	0.048025700871463226	0.24359327172121498	0.040859625223261586	0.05014968830866637	0.15	0.006097560975609756	0.04694496396068126	0.15450877192982457	0.1	0.2	0.19487952610934706	0.2	0.07473631341034656
en	0.0072992700729927005	0.1428768876383635	0.00035587188612099647	0.001953125	0.007782101167315175	0.24814065798052803	0.15640705265496394	1.0	0.2822841822548469	0.17890748171876383	0.0390625	0.001953125	0.15501155558868984	0.10455407246258946	0.1495909345243196	0.1488398874991617	0.1659416488144683	0.001953125	0.13646922183507548	0.001953125	0.010948905109489052	0.14442207395151593	0.15255498309866422	0.15074854968498533	0.2672768455685186	0.1331296210646676	0.14385551899193394	0.010948905109489052	0.0078125	0.13936598334570913	0.12034065326776365	0.0072992700729927005	0.06569343065693431	0.2636584454781308	0.014598540145985401	0.18990504386675194
es	0.0196078431372549	0.08871744614134267	0.0007639419404125286	0.0	0.012195121951219513	0.18165201354150878	0.18908478605388274	0.2822841822548469	1.0	0.1257268982605979	0.03823529411764706	0.003067484662576687	0.21617500931561295	0.15573283203187763	0.15706806282722513	0.17897727272727273	0.23243047322756757	0.003067484662576687	0.09069493521790342	0.003067484662576687	0.029411764705882353	0.09086493850383935	0.09759036144578313	0.09613059250302297	0.32631772221083555	0.08013937282229965	0.09474938397883656	0.029411764705882353	0.012269938650306749	0.08776814154002055	0.143646408839779	0.0196078431372549	0.12727272727272726	0.3279453038621824	0.0392156862745098	0.14741228147340146
fr	0.014084507042253521	0.36366730555787236	0.0003184713375796178	0.0008278145695364238	0.003305785123966942	0.17821382023008647	0.06364184466924383	0.17890748171876383	0.1257268982605979	1.0	0.011475409836065573	0.0008278145695364238	0.06194019628116862	0.04206973846545103	0.059081227060140414	0.0574380595114106	0.06797781287111619	0.0008278145695364238	0.33371824480369516	0.0008278145695364238	0.02112676056338028	0.3637822275800617	0.3574214746440856	0.35733828433753817	0.10367531754844424	0.3331210596410696	0.4028204251373077	0.02112676056338028	0.0033112582781456954	0.34285017608027685	0.055291096131258106	0.014084507042253521	0.10135135135135136	0.10188452224349814	0.028169014084507043	0.3941769974207431
he	0.03125	0.007451181197423657	0.0038461538461538464	0.0	0.06818181818181818	0.023017902813299233	0.026595744680851064	0.0390625	0.03823529411764706	0.011475409836065573	1.0	0.025	0.022222222222222223	0.014492753623188406	0.08695652173913043	0.07142857142857142	0.04891304347826087	0.025	0.007674144037780401	0.025	0.046875	0.007566938300349243	0.012062726176115802	0.011529126213592233	0.027619427008957857	0.011961722488038277	0.006130790190735695	0.046875	0.045454545454545456	0.007479861910241657	0.03571428571428571	0.03125	0.125	0.024305555555555556	0.0625	0.01417004048582996
hi	0.07142857142857142	0.0005773672055427252	0.006756756756756757	0.0	0.1	0.0012853470437017994	0.006329113924050633	0.001953125	0.003067484662576687	0.0008278145695364238	0.025	0.5	0.006756756756756757	0.00980392156862745	0.005681818181818182	0.006578947368421052	0.006172839506172839	0.5	0.0005952380952380953	0.5	0.10714285714285714	0.0005868544600938967	0.0006031363088057901	0.0006075334143377885	0.0043859649122807015	0.0005980861244019139	0.0	0.10714285714285714	0.125	0.000580046403712297	0.007142857142857143	0.07142857142857142	0.16666666666666666	0.003816793893129771	0.14285714285714285	0.0010245901639344263
hu	0.05	0.042517830905310236	0.0033783783783783786	0.0	0.019736842105263157	0.08888615256639687	0.24766003794533062	0.15501155558868984	0.21617500931561295	0.06194019628116862	0.022222222222222223	0.006756756756756757	1.0	0.30719596501880075	0.13513208762886597	0.2027992571163967	0.4289456537386258	0.006756756756756757	0.042111506524317915	0.006756756756756757	0.075	0.044084096743769056	0.04522451626706604	0.043309993235763365	0.3615801542630811	0.03788889466419484	0.046966388121837795	0.075	0.013157894736842105	0.042034770869081466	0.16901899285589822	0.05	0.13333333333333333	0.26375040372068986	0.1	0.07773031293067723
id	0.08333333333333333	0.029279542452174064	0.004651162790697674	0.0	0.018518518518518517	0.062091291298374304	0.2022909588943633	0.10455407246258946	0.15573283203187763	0.04206973846545103	0.014492753623188406	0.00980392156862745	0.30719596501880075	1.0	0.10045026699248802	0.21781215039642005	0.28537985714773934	0.00980392156862745	0.029726516052318668	0.00980392156862745	0.125	0.029694966082359414	0.03137850845012623	0.030886552681448295	0.21349168818173897	0.026257888417263692	0.03354366995988411	0.125	0.028846153846153848	0.029266798594234825	0.19022851296043655	0.08333333333333333	0.21428571428571427	0.1794543275077308	0.16666666666666666	0.052023216972863925
it	0.02127659574468085	0.04083866416393999	0.0015772870662460567	0.0	0.02247191011235955	0.09510427275380297	0.10151056370093799	0.1495909345243196	0.15706806282722513	0.059081227060140414	0.08695652173913043	0.005681818181818182	0.13513208762886597	0.10045026699248802	1.0	0.19491525423728814	0.13691364517152996	0.005681818181818182	0.041423570595099185	0.005681818181818182	0.031914893617021274	0.0427662907858694	0.05068429907620735	0.04879518072289157	0.1284632500850821	0.04739336492890995	0.04001783783950956	0.031914893617021274	0.022727272727272728	0.040386803185438	0.14227642276422764	0.02127659574468085	0.15	0.11990351364043889	0.0425531914893617	0.0691699604743083
ja	0.017857142857142856	0.037069329474587416	0.0034482758620689655	0.006578947368421052	0.025974025974025976	0.09497807436333555	0.16932246493575642	0.1488398874991617	0.17897727272727273	0.0574380595114106	0.07142857142857142	0.006578947368421052	0.2027992571163967	0.21781215039642005	0.19491525423728814	1.0	0.21429210134128165	0.006578947368421052	0.03755868544600939	0.006578947368421052	0.026785714285714284	0.03705762248724083	0.045838359469240045	0.04550970873786408	0.16973532504076025	0.0441527446300716	0.03770883160264398	0.026785714285714284	0.01282051282051282	0.036652252587193165	0.22277227722772278	0.017857142857142856	0.1271186440677966	0.1482071492007105	0.03571428571428571	0.0696969696969697
ko	0.023809523809523808	0.04444893232451715	0.005235602094240838	0.0	0.024390243902439025	0.09984566909645622	0.21777606771835323	0.1659416488144683	0.23243047322756757	0.06797781287111619	0.04891304347826087	0.006172839506172839	0.4289456537386258	0.28537985714773934	0.13691364517152996	0.21429210134128165	1.0	0.006172839506172839	0.044326241134751775	0.006172839506172839	0.03571428571428571	0.04519205152570098	0.048302086815090864	0.04910844835653293	0.3339520637274267	0.039158715654626114	0.050868264240326755	0.03571428571428571	0.012048192771084338	0.04404599454620876	0.15909078216190556	0.023809523809523808	0.13829787234042554	0.27163561076604553	0.047619047619047616	0.08245446984945823
lv	0.14285714285714285	0.0005773672055427252	0.00819672131147541	0.0	0.1	0.0012853470437017994	0.006329113924050633	0.001953125	0.003067484662576687	0.0008278145695364238	0.025	0.5	0.006756756756756757	0.00980392156862745	0.005681818181818182	0.006578947368421052	0.006172839506172839	0.5	0.0005952380952380953	0.5	0.21428571428571427	0.0005868544600938967	0.0006031363088057901	0.0006075334143377885	0.0043859649122807015	0.0005980861244019139	0.0	0.21428571428571427	0.125	0.000580046403712297	0.007142857142857143	0.14285714285714285	0.19444444444444445	0.003816793893129771	0.2857142857142857	0.0010245901639344263
mk	0.125	0.48385236447520186	0.006666666666666667	0.0005952380952380953	0.0017814726840855108	0.21536670547147846	0.04702380952380952	0.13646922183507548	0.09069493521790342	0.33371824480369516	0.007674144037780401	0.0005952380952380953	0.042111506524317915	0.029726516052318668	0.041423570595099185	0.03755868544600939	0.044326241134751775	0.0005952380952380953	0.5	0.0005952380952380953	0.1875	0.486013986013986	0.4591954022988506	0.461271676300578	0.0665083135391924	0.4632183908045977	0.4045138888888889	0.1875	0.002380952380952381	0.4838150289017341	0.03909952606635071	0.125	0.2222222222222222	0.07591933570581258	0.25	0.2703016241299304
ml	0.2	0.0005773672055427252	0.009615384615384616	0.0	0.1	0.0012853470437017994	0.006329113924050633	0.001953125	0.003067484662576687	0.0008278145695364238	0.025	0.5	0.006756756756756757	0.00980392156862745	0.005681818181818182	0.006578947368421052	0.006172839506172839	0.5	0.0005952380952380953	0.5	0.3	0.0005868544600938967	0.0006031363088057901	0.0006075334143377885	0.0043859649122807015	0.0005980861244019139	0.0	0.3	0.125	0.000580046403712297	0.007142857142857143	0.2	0.1388888888888889	0.003816793893129771	0.4	0.0010245901639344263
mr	0.3333333333333333	0.1875	0.0	0.15	0.13636363636363635	0.023809523809523808	0.15	0.010948905109489052	0.029411764705882353	0.02112676056338028	0.046875	0.10714285714285714	0.075	0.125	0.031914893617021274	0.026785714285714284	0.03571428571428571	0.21428571428571427	0.1875	0.3	0.5	0.03488372093023256	0.04054054054054054	0.03409090909090909	0.11538461538461539	0.025423728813559324	0.1875	0.1	0.11538461538461539	0.09375	0.04838709677419355	0.3333333333333333	0.08333333333333333	0.09375	0.375	0.03
nl	0.023255813953488372	0.5104563639810246	0.001006036217303823	0.0005868544600938967	0.0023446658851113715	0.21487926070963503	0.0472171950165868	0.14442207395151593	0.09086493850383935	0.3637822275800617	0.007566938300349243	0.0005868544600938967	0.044084096743769056	0.029694966082359414	0.0427662907858694	0.03705762248724083	0.04519205152570098	0.0005868544600938967	0.486013986013986	0.0005868544600938967	0.03488372093023256	1.0	0.46933376696054374	0.4700640126341818	0.07030022263203321	0.4774344341064234	0.41805737646891356	0.03488372093023256	0.002347417840375587	0.49288546034541614	0.03986407294316229	0.023255813953488372	0.14893617021276595	0.07618291464526505	0.046511627906976744	0.2792448597102757
pl	0.02702702702702703	0.4630793997093427	0.0022026431718061676	0.0006031363088057901	0.0024096385542168677	0.22662665119020722	0.048483289999858896	0.15255498309866422	0.09759036144578313	0.3574214746440856	0.012062726176115802	0.0006031363088057901	0.04522451626706604	0.03137850845012623	0.05068429907620735	0.045838359469240045	0.048302086815090864	0.0006031363088057901	0.4591954022988506	0.0006031363088057901	0.04054054054054054	0.46933376696054374	1.0	0.4909158977876169	0.07035307171283495	0.46377740452616695	0.386989518143407	0.04054054054054054	0.0024125452352231603	0.46035834071545095	0.04156626506024096	0.02702702702702703	0.125	0.07918586520399602	0.05405405405405406	0.2908140027899188
pt	0.022727272727272728	0.4625413889778433	0.002070393374741201	0.0006075334143377885	0.0024271844660194173	0.2297423777568182	0.048025700871463226	0.15074854968498533	0.09613059250302297	0.35733828433753817	0.011529126213592233	0.0006075334143377885	0.043309993235763365	0.030886552681448295	0.04879518072289157	0.04550970873786408	0.04910844835653293	0.0006075334143377885	0.461271676300578	0.0006075334143377885	0.03409090909090909	0.4700640126341818	0.4909158977876169	1.0	0.06941479084642888	0.45937117313756715	0.3883442505143751	0.03409090909090909	0.002430133657351154	0.46003324822428154	0.041868932038834954	0.022727272727272728	0.17391304347826086	0.07910473408368417	0.045454545454545456	0.291436601170596
ro	0.07692307692307693	0.06924807171169478	0.006493506493506494	0.0	0.01293103448275862	0.1445275548441435	0.24359327172121498	0.2672768455685186	0.32631772221083555	0.10367531754844424	0.027619427008957857	0.0043859649122807015	0.3615801542630811	0.21349168818173897	0.1284632500850821	0.16973532504076025	0.3339520637274267	0.0043859649122807015	0.0665083135391924	0.0043859649122807015	0.11538461538461539	0.07030022263203321	0.07035307171283495	0.06941479084642888	1.0	0.05408776228263497	0.0789562463819787	0.11538461538461539	0.013043478260869565	0.06777636246229511	0.14467448210110245	0.07692307692307693	0.23809523809523808	0.40696047003798735	0.15384615384615385	0.11960739819499956
ru	0.01694915254237288	0.4676074470308714	0.0014749262536873156	0.0005980861244019139	0.0023894862604540022	0.20416292256786353	0.040859625223261586	0.1331296210646676	0.08013937282229965	0.3331210596410696	0.011961722488038277	0.0005980861244019139	0.03788889466419484	0.026257888417263692	0.04739336492890995	0.0441527446300716	0.039158715654626114	0.0005980861244019139	0.4632183908045977	0.0005980861244019139	0.025423728813559324	0.4774344341064234	0.46377740452616695	0.45937117313756715	0.05408776228263497	1.0	0.387914391523988	0.025423728813559324	0.0023923444976076554	0.4653561540544369	0.041414562757721825	0.01694915254237288	0.12096774193548387	0.06319884148305949	0.03389830508474576	0.2686000972629159
sh	0.125	0.4281328792686936	0.005434782608695652	0.0006915629322268327	0.0020689655172413794	0.17190888514145952	0.05014968830866637	0.14385551899193394	0.09474938397883656	0.4028204251373077	0.006130790190735695	0.0	0.046966388121837795	0.03354366995988411	0.04001783783950956	0.03770883160264398	0.050868264240326755	0.0	0.4045138888888889	0.0	0.1875	0.41805737646891356	0.386989518143407	0.3883442505143751	0.0789562463819787	0.387914391523988	1.0	0.1875	0.001379310344827586	0.4210447115133625	0.04095142257663196	0.125	0.2222222222222222	0.0825155441984611	0.25	0.316161059707433
si	0.125	0.1875	0.02702702702702703	0.15	0.13636363636363635	0.023809523809523808	0.15	0.010948905109489052	0.029411764705882353	0.02112676056338028	0.046875	0.10714285714285714	0.075	0.125	0.031914893617021274	0.026785714285714284	0.03571428571428571	0.21428571428571427	0.1875	0.3	0.1	0.03488372093023256	0.04054054054054054	0.03409090909090909	0.11538461538461539	0.025423728813559324	0.1875	0.5	0.11538461538461539	0.09375	0.04838709677419355	0.125	0.08333333333333333	0.09375	0.2	0.03
simple	0.07692307692307693	0.0023094688221709007	0.006756756756756757	0.0	0.14285714285714285	0.005141388174807198	0.006097560975609756	0.0078125	0.012269938650306749	0.0033112582781456954	0.045454545454545456	0.125	0.013157894736842105	0.028846153846153848	0.022727272727272728	0.01282051282051282	0.012048192771084338	0.125	0.002380952380952381	0.125	0.11538461538461539	0.002347417840375587	0.0024125452352231603	0.002430133657351154	0.013043478260869565	0.0023923444976076554	0.001379310344827586	0.11538461538461539	0.5	0.002320185614849188	0.02112676056338028	0.07692307692307693	0.20454545454545456	0.011363636363636364	0.15384615384615385	0.004098360655737705
sr	0.0625	0.5041639393274541	0.0037593984962406013	0.000580046403712297	0.002317497103128621	0.21486730876225385	0.04694496396068126	0.13936598334570913	0.08776814154002055	0.34285017608027685	0.007479861910241657	0.000580046403712297	0.042034770869081466	0.029266798594234825	0.040386803185438	0.036652252587193165	0.04404599454620876	0.000580046403712297	0.4838150289017341	0.000580046403712297	0.09375	0.49288546034541614	0.46035834071545095	0.46003324822428154	0.06777636246229511	0.4653561540544369	0.4210447115133625	0.09375	0.002320185614849188	1.0	0.03818397188422782	0.0625	0.20833333333333334	0.07526693962748876	0.125	0.27233556926573044
sv	0.03225806451612903	0.03860592221081443	0.001838235294117647	0.007142857142857143	0.020833333333333332	0.08880589107861836	0.15450877192982457	0.12034065326776365	0.143646408839779	0.055291096131258106	0.03571428571428571	0.007142857142857143	0.16901899285589822	0.19022851296043655	0.14227642276422764	0.22277227722772278	0.15909078216190556	0.007142857142857143	0.03909952606635071	0.007142857142857143	0.04838709677419355	0.03986407294316229	0.04156626506024096	0.041868932038834954	0.14467448210110245	0.041414562757721825	0.04095142257663196	0.04838709677419355	0.02112676056338028	0.03818397188422782	1.0	0.03225806451612903	0.18055555555555555	0.12898336909871244	0.06451612903225806	0.06393612382821015
te	0.5	0.125	0.0	0.1	0.09090909090909091	0.015873015873015872	0.1	0.0072992700729927005	0.0196078431372549	0.014084507042253521	0.03125	0.07142857142857142	0.05	0.08333333333333333	0.02127659574468085	0.017857142857142856	0.023809523809523808	0.14285714285714285	0.125	0.2	0.3333333333333333	0.023255813953488372	0.02702702702702703	0.022727272727272728	0.07692307692307693	0.01694915254237288	0.125	0.125	0.07692307692307693	0.0625	0.03225806451612903	0.5	0.05555555555555555	0.0625	0.25	0.02
tr	0.05555555555555555	0.18421052631578946	-1.0	0.2	0.13043478260869565	0.1044776119402985	0.2	0.06569343065693431	0.12727272727272726	0.10135135135135136	0.125	0.16666666666666666	0.13333333333333333	0.21428571428571427	0.15	0.1271186440677966	0.13829787234042554	0.19444444444444445	0.2222222222222222	0.1388888888888889	0.08333333333333333	0.14893617021276595	0.125	0.17391304347826086	0.23809523809523808	0.12096774193548387	0.2222222222222222	0.08333333333333333	0.20454545454545456	0.20833333333333334	0.18055555555555555	0.05555555555555555	1.0	0.18	0.1111111111111111	0.15384615384615385
vi	0.0625	0.07559623408137976	0.006993006993006993	0.0	0.015151515151515152	0.15849765038327635	0.19487952610934706	0.2636584454781308	0.3279453038621824	0.10188452224349814	0.024305555555555556	0.003816793893129771	0.26375040372068986	0.1794543275077308	0.11990351364043889	0.1482071492007105	0.27163561076604553	0.003816793893129771	0.07591933570581258	0.003816793893129771	0.09375	0.07618291464526505	0.07918586520399602	0.07910473408368417	0.40696047003798735	0.06319884148305949	0.0825155441984611	0.09375	0.011363636363636364	0.07526693962748876	0.12898336909871244	0.0625	0.18	1.0	0.125	0.12550023110981365
war	0.25	0.25	0.038461538461538464	0.2	0.18181818181818182	0.031746031746031744	0.2	0.014598540145985401	0.0392156862745098	0.028169014084507043	0.0625	0.14285714285714285	0.1	0.16666666666666666	0.0425531914893617	0.03571428571428571	0.047619047619047616	0.2857142857142857	0.25	0.4	0.375	0.046511627906976744	0.05405405405405406	0.045454545454545456	0.15384615384615385	0.03389830508474576	0.25	0.2	0.15384615384615385	0.125	0.06451612903225806	0.25	0.1111111111111111	0.125	1.0	0.04
zh	0.02	0.2737061575527937	0.002631578947368421	0.0010245901639344263	0.00408997955010225	0.18203983278353988	0.07473631341034656	0.18990504386675194	0.14741228147340146	0.3941769974207431	0.01417004048582996	0.0010245901639344263	0.07773031293067723	0.052023216972863925	0.0691699604743083	0.0696969696969697	0.08245446984945823	0.0010245901639344263	0.2703016241299304	0.0010245901639344263	0.03	0.2792448597102757	0.2908140027899188	0.291436601170596	0.11960739819499956	0.2686000972629159	0.316161059707433	0.03	0.004098360655737705	0.27233556926573044	0.06393612382821015	0.02	0.15384615384615385	0.12550023110981365	0.04	1.0
