arz	bs	ceb	ckb	da	de	el	en	es	fr	he	hi	hu	id	it	ja	ko	lv	mk	ml	mr	nl	pl	pt	ro	ru	sh	si	simple	sr	sv	te	vi	war	zh
arz	0.01725387604816201	0.03225910509885536	0.5	0.058823529411764705	0.02702702702702703	0.02	0.029411764705882353	0.0196078431372549	0.019608227604767395	0.02	0.02127659574468085	0.027779320987654316	0.027777777777777776	0.025	0.020408579758433985	0.020408579758433985	0.02040816326530612	0.037037037037037035	0.03226014568158169	0.041666666666666664	0.05	0.02040816326530612	0.02040816326530612	0.020408579758433985	0.022727789256198346	0.02040816326530612	0.02564102564102564	0.05555864197530863	0.02564102564102564	0.021739130434782608	0.020833333333333332	0.047619047619047616	0.023809523809523808	0.07142857142857142	0.021739130434782608
bs	0.03225910509885536	0.004824183139411456	0.16666666666666666	0.019230769230769232	0.007575814967860423	0.0051813471502590676	0.007633762601247013	0.004926302506733965	0.005181427689333941	0.005154851764268254	0.006060679522497705	0.00819672131147541	0.008130147399034966	0.006493506493506494	0.0053478223569447215	0.005682173295454545	0.006211450175533351	0.010526426592797785	0.009615477071005917	0.011904903628117915	0.02173960302457467	0.005347679373159084	0.0053192338162064276	0.005235794002357391	0.008264462809917356	0.0053195450430058855	0.006451779396462018	0.02127704843820733	0.007352941176470588	0.006060679522497705	0.0055251671499648965	0.019230769230769232	0.006622648129468005	0.027777777777777776	0.005714514285714286
ceb	0.5	0.16666666666666666	0.125078140625	0.2	0.16666666666666666	0.125	0.14285714285714285	0.125	0.125	0.125	0.125	0.125	0.14285714285714285	0.125	0.14285714285714285	0.125	0.125	0.2	0.14285714285714285	0.14285714285714285	0.16666666666666666	0.14285714285714285	0.125	0.125	0.125	0.125	0.16666666666666666	0.16669444444444445	0.14285714285714285	0.125	0.14285714285714285	0.25	0.14285714285714285	0.16666666666666666	0.14285714285714285
ckb	0.058823529411764705	0.019230769230769232	0.2	0.009618714312500184	0.012987012987012988	0.01	0.013333333333333334	0.009708737864077669	0.009900990099009901	0.010101010101010102	0.010752688172043012	0.014705882352941176	0.014084507042253521	0.011494252873563218	0.01	0.010526426592797785	0.010869565217391304	0.014925373134328358	0.015873015873015872	0.017543859649122806	0.029411764705882353	0.010416666666666666	0.010309278350515464	0.0100001	0.012987012987012988	0.01020408163265306	0.013513513513513514	0.02702702702702703	0.012345679012345678	0.012195121951219513	0.01086968336483932	0.02631578947368421	0.011494252873563218	0.034482758620689655	0.010869565217391304
da	0.02702702702702703	0.007575814967860423	0.16666666666666666	0.012987012987012988	0.0020004604440761677	0.002232157804528061	0.0044444641975308645	0.0020790323347495906	0.002207520138005643	0.002188207748181701	0.0026385433128424335	0.004854463191629748	0.003921630142252979	0.0033444816053511705	0.0022624792694662266	0.0024510344579008066	0.0027548361147159044	0.0059171947760932745	0.00588242214532872	0.007246586851501785	0.014492753623188406	0.0023148201731824415	0.002352968858131488	0.002222276543209876	0.003968316956412195	0.0023697187843938817	0.004273559062020601	0.01639344262295082	0.0035087965527854726	0.0032573396004201634	0.0024155231160587175	0.013333333333333334	0.0034246927190842566	0.023809523809523808	0.002564181459566075
de	0.02	0.0051813471502590676	0.125	0.01	0.002232157804528061	0.00036268972195534845	0.002512575440014141	0.0004066999752427824	0.0005543317145073032	0.0005488703156685994	0.0011441791599683718	0.0028653623533468524	0.0023866519329463834	0.0015873116654069033	0.0005797414018910309	0.0008741648460804922	0.0012820808678500983	0.004405305750160104	0.003816837596876639	0.004807738535502959	0.010989131747373506	0.0007622032557123974	0.0005787110714591905	0.0006561985497998769	0.00232559221200649	0.0007102681339989018	0.002457044715029973	0.011904903628117915	0.0020366847657011544	0.001428589795918367	0.0009425417141547501	0.008403361344537815	0.0015923896532313686	0.022222222222222223	0.0010953538363350835
el	0.029411764705882353	0.007633762601247013	0.14285714285714285	0.013333333333333334	0.0044444641975308645	0.002512575440014141	0.002243404179571987	0.0022884604359869926	0.002457014530724604	0.002487636444642459	0.0030303673094582186	0.004761950113378685	0.004629672496570645	0.003521139158897044	0.002590774262396306	0.0027028342074579986	0.003076989349112426	0.0059524518140589575	0.005682076446280992	0.007874139748279498	0.014084705415592145	0.0027027173119065014	0.0025974295834036093	0.002519012239148779	0.0040983942488578345	0.002681180789051887	0.004587303257301574	0.015873015873015872	0.003876059131061835	0.0035336188490304537	0.0028090834490594623	0.012345831428135955	0.003571479591836735	0.023255813953488372	0.0028987859693341738
en	0.0196078431372549	0.004926302506733965	0.125	0.009708737864077669	0.0020790323347495906	0.0004066999752427824	0.0022884604359869926	0.0002137566784941227	0.00043940206104966297	0.00043392871293227684	0.0009941010072764202	0.0025446134322656667	0.0022422278750829495	0.0014124732715694722	0.0004573628070821712	0.0007311528910679775	0.0011287586217012566	0.004115277142711985	0.0035337187379040815	0.0043861572791628195	0.010526980609418283	0.0006592253319778616	0.0004785000370877499	0.0005212391936008673	0.002178701449110266	0.0005629255034444117	0.0022076419747671886	0.011364024018853565	0.0017700336784399712	0.001243829051261107	0.000823853523149064	0.008000064	0.001353280685049649	0.022222222222222223	0.0008875469255650429
es	0.019608227604767395	0.005181427689333941	0.125	0.009900990099009901	0.002207520138005643	0.0005543317145073032	0.002457014530724604	0.00043940206104966297	0.000424520799742539	0.0005714475105306118	0.0011160851303411987	0.0027548361147159044	0.0023529854726643596	0.0015408439201236466	0.0005865456970614282	0.0008665931775243364	0.0012376559283403582	0.004219444889529812	0.0036765111375432523	0.00454547520661157	0.010752919412648861	0.0007734041770518747	0.0006222876041308075	0.0006250296886718746	0.002320185614849188	0.0007194596563324876	0.0023696907077558906	0.011627906976744186	0.0019685271870543736	0.0013831354296394496	0.0009354825733464823	0.008333333333333333	0.0014992751000811435	0.022222222222222223	0.0010384830687676634
fr	0.02	0.005154851764268254	0.125	0.010101010101010102	0.002188207748181701	0.0005488703156685994	0.002487636444642459	0.00043392871293227684	0.0005714475105306118	0.00039775498181006944	0.0011325490035129385	0.0028169648879190637	0.0023810090702947842	0.0015773144324254394	0.0006021270739542731	0.0008796196505338528	0.0012500640687499991	0.004273522536343049	0.003676578719723183	0.004629843964334705	0.01086968336483932	0.0007716317324924265	0.0006357509454078253	0.0006584301429221516	0.002288366174614728	0.0007430574306381352	0.002409719849034693	0.01176484429065744	0.0019380408328826388	0.0014430514191596435	0.0009329437339886379	0.008474719908072394	0.0015267688363148997	0.022222222222222223	0.0010777360273785848
he	0.02127659574468085	0.006060679522497705	0.125	0.010752688172043012	0.0026385433128424335	0.0011441791599683718	0.0030303673094582186	0.0009941010072764202	0.0011160851303411987	0.0011325490035129385	0.0009842722499856752	0.0033784468704346235	0.002949922120413153	0.002114191723022049	0.0011601681798130397	0.0013889486902006166	0.001675092382627823	0.004807761649408285	0.004255464010864645	0.005649813272048262	0.01176484429065744	0.001288688024763524	0.00120483814777181	0.001153462405329863	0.0028249066360241312	0.001285414780499732	0.0029070443482963762	0.0125	0.0023585239409042364	0.0019455480022407602	0.0013889564101080241	0.009259259259259259	0.0020080764826373764	0.023809523809523808	0.00153152021885326
hi	0.027779320987654316	0.00819672131147541	0.125	0.014705882352941176	0.004854463191629748	0.0028653623533468524	0.004761950113378685	0.0025446134322656667	0.0027548361147159044	0.0028169648879190637	0.0033784468704346235	0.002529301954071192	0.0050761678991986395	0.0036232146607855496	0.002949939523672784	0.0030304683379247014	0.003344537533137213	0.006579033933518006	0.006451821019771072	0.0068029524735064096	0.012987350312025636	0.0030395321550983454	0.003012066337639715	0.0028012302960399847	0.0046297367969821675	0.0030213032100838803	0.005025176131915861	0.014492963663095989	0.0041153618181510275	0.0038610336757054905	0.0031747644242882335	0.01086991965973535	0.0035842679307819783	0.024390243902439025	0.0031748753036029225
hu	0.027777777777777776	0.008130147399034966	0.14285714285714285	0.014084507042253521	0.003921630142252979	0.0023866519329463834	0.004629672496570645	0.0022422278750829495	0.0023529854726643596	0.0023810090702947842	0.002949922120413153	0.0050761678991986395	0.002192987306051346	0.0035211887522317	0.0024876488205737477	0.0027933975219250336	0.0031250585937499997	0.006369507890786645	0.006097784057108864	0.00775199807703864	0.014084507042253521	0.0025510529466888795	0.0024449997309915652	0.002398185049083035	0.004166701388888889	0.0025317673642108697	0.004566314297033007	0.016393711367911852	0.003984095490547769	0.003401406821231894	0.0027934287319372054	0.011627906976744186	0.003546199901916403	0.024390243902439025	0.0028903655651959887
id	0.025	0.006493506493506494	0.125	0.011494252873563218	0.0033444816053511705	0.0015873116654069033	0.003521139158897044	0.0014124732715694722	0.0015408439201236466	0.0015773144324254394	0.002114191723022049	0.0036232146607855496	0.0035211887522317	0.0013740848221904425	0.001610342261325948	0.0018904306373976646	0.0022272062142548892	0.005347679373159084	0.004975173881834608	0.005848021613487911	0.012048192771084338	0.0017301127860059144	0.0016978043992724565	0.0015698981464848248	0.0033557384802486373	0.001692113226886088	0.003378435445580716	0.013157894736842105	0.003021221054937432	0.0024154764405236993	0.0018797663837731107	0.009900990099009901	0.002403875046227811	0.023255813953488372	0.0020704662500160747
it	0.020408579758433985	0.0053478223569447215	0.14285714285714285	0.01	0.0022624792694662266	0.0005797414018910309	0.002590774262396306	0.0004573628070821712	0.0005865456970614282	0.0006021270739542731	0.0011601681798130397	0.002949939523672784	0.0024876488205737477	0.001610342261325948	0.00044218369125968986	0.0009125544681422818	0.0013004865166962305	0.004347901701323252	0.0038024403996009776	0.00469494588816152	0.011494649227110581	0.0007943114585311408	0.0006575011037679365	0.0006515910195359096	0.002409696617796487	0.0007560138991115412	0.0024511305807862357	0.012658227848101266	0.002032602947980699	0.0014556740018941917	0.0009824591758947957	0.008695727788279773	0.0016078075133631783	0.022727272727272728	0.0010848022442546865
ja	0.020408579758433985	0.005682173295454545	0.125	0.010526426592797785	0.0024510344579008066	0.0008741648460804922	0.0027028342074579986	0.0007311528910679775	0.0008665931775243364	0.0008796196505338528	0.0013889486902006166	0.0030304683379247014	0.0027933975219250336	0.0018904306373976646	0.0009125544681422818	0.0007192129721136774	0.0014307543435236512	0.004629779663923182	0.004081949237817575	0.004975297641147496	0.01087015595463138	0.001078787054783441	0.0009506137142361456	0.0009243758819405812	0.002702768444119795	0.0010440494931245941	0.0027474338923439198	0.011905045351473922	0.0021506763926465488	0.0017731251005985611	0.0011864056841014332	0.008772083718067099	0.0018083836643133459	0.022222222222222223	0.0012806770137861266
ko	0.02040816326530612	0.006211450175533351	0.125	0.010869565217391304	0.0027548361147159044	0.0012820808678500983	0.003076989349112426	0.0011287586217012566	0.0012376559283403582	0.0012500640687499991	0.001675092382627823	0.003344537533137213	0.0031250585937499997	0.0022272062142548892	0.0013004865166962305	0.0014307543435236512	0.0011256087542510667	0.005076193666417584	0.004651314223904813	0.0054945356840961235	0.011363765495867768	0.0014326934918432526	0.001373654676367588	0.0012788606906695395	0.002890256941428046	0.0013851624124277737	0.0029763144929846937	0.01250015625	0.0023866918051275625	0.002040866309870887	0.0015315061478556966	0.009708737864077669	0.0020576809175430573	0.022727272727272728	0.0016209189390867607
lv	0.037037037037037035	0.010526426592797785	0.2	0.014925373134328358	0.0059171947760932745	0.004405305750160104	0.0059524518140589575	0.004115277142711985	0.004219444889529812	0.004273522536343049	0.004807761649408285	0.006579033933518006	0.006369507890786645	0.005347679373159084	0.004347901701323252	0.004629779663923182	0.005076193666417584	0.004123932536965107	0.007692485266272188	0.008849949095465581	0.01587326782564878	0.004464325573979592	0.004366831296123262	0.004291863913499973	0.005848021613487911	0.004504626247869491	0.006536118586868298	0.017544167436134194	0.0058826297577854675	0.005347622179644828	0.004694879763715312	0.015625	0.005102066847147022	0.025	0.004831034563233681
mk	0.03226014568158169	0.009615477071005917	0.14285714285714285	0.015873015873015872	0.00588242214532872	0.003816837596876639	0.005682076446280992	0.0035337187379040815	0.0036765111375432523	0.003676578719723183	0.004255464010864645	0.006451821019771072	0.006097784057108864	0.004975173881834608	0.0038024403996009776	0.004081949237817575	0.004651314223904813	0.007692485266272188	0.0034768082557375744	0.00970902064285041	0.018518518518518517	0.00398406374501992	0.003937085374170748	0.0037039369135802467	0.005347707969916211	0.003937240389980781	0.006060899944903581	0.018518518518518517	0.005376575326627355	0.004784917950596369	0.004000272048016016	0.01694915254237288	0.004762108866213152	0.02631578947368421	0.00421972974416493
ml	0.041666666666666664	0.011904903628117915	0.14285714285714285	0.017543859649122806	0.007246586851501785	0.004807738535502959	0.007874139748279498	0.0043861572791628195	0.00454547520661157	0.004629843964334705	0.005649813272048262	0.0068029524735064096	0.00775199807703864	0.005848021613487911	0.00469494588816152	0.004975297641147496	0.0054945356840961235	0.008849949095465581	0.00970902064285041	0.004361841585573892	0.016666944444444443	0.004975198633697185	0.004950568571708656	0.004694857722233243	0.006711499482005315	0.004926351088378751	0.0072993233523363	0.01818214876033058	0.006451696149843913	0.006289308176100629	0.0052633795013850414	0.014084507042253521	0.005813953488372093	0.024390243902439025	0.00531957342128797
mr	0.05	0.02173960302457467	0.16666666666666666	0.029411764705882353	0.014492753623188406	0.010989131747373506	0.014084705415592145	0.010526980609418283	0.010752919412648861	0.01086968336483932	0.01176484429065744	0.012987350312025636	0.014084507042253521	0.012048192771084338	0.011494649227110581	0.01087015595463138	0.011363765495867768	0.01587326782564878	0.018518518518518517	0.016666944444444443	0.010561554272767941	0.011363636363636364	0.011363765495867768	0.011111234567901236	0.013513513513513514	0.011494384991412341	0.014925595901091559	0.029411764705882353	0.012048628247931483	0.012821170282708743	0.011494384991412341	0.02040816326530612	0.011236207549551824	0.03225806451612903	0.01098961478082357
nl	0.02040816326530612	0.005347679373159084	0.14285714285714285	0.010416666666666666	0.0023148201731824415	0.0007622032557123974	0.0027027173119065014	0.0006592253319778616	0.0007734041770518747	0.0007716317324924265	0.001288688024763524	0.0030395321550983454	0.0025510529466888795	0.0017301127860059144	0.0007943114585311408	0.001078787054783441	0.0014326934918432526	0.004464325573979592	0.00398406374501992	0.004975198633697185	0.011363636363636364	0.0006350508233698353	0.000847466963516231	0.0008467737490509121	0.002557577462209169	0.0009225551820508973	0.0025840060359620482	0.012345679012345678	0.002136770399590912	0.001607742889341508	0.0010764575495254567	0.008695652173913044	0.0017482853684776761	0.022222222222222223	0.001253197219238572
pl	0.02040816326530612	0.0053192338162064276	0.125	0.010309278350515464	0.002352968858131488	0.0005787110714591905	0.0025974295834036093	0.0004785000370877499	0.0006222876041308075	0.0006357509454078253	0.00120483814777181	0.003012066337639715	0.0024449997309915652	0.0016978043992724565	0.0006575011037679365	0.0009506137142361456	0.001373654676367588	0.004366831296123262	0.003937085374170748	0.004950568571708656	0.011363765495867768	0.000847466963516231	0.0004505056104314429	0.0007231039651506329	0.002475284285854328	0.0007943335425760568	0.0025000312499999996	0.012195121951219513	0.00211866651106004	0.0014903307339846881	0.0010417079003906243	0.008772006771314251	0.0016778720553128233	0.022727272727272728	0.0011481807653422364
pt	0.020408579758433985	0.005235794002357391	0.125	0.0100001	0.002222276543209876	0.0006561985497998769	0.002519012239148779	0.0005212391936008673	0.0006250296886718746	0.0006584301429221516	0.001153462405329863	0.0028012302960399847	0.002398185049083035	0.0015698981464848248	0.0006515910195359096	0.0009243758819405812	0.0012788606906695395	0.004291863913499973	0.0037039369135802467	0.004694857722233243	0.011111234567901236	0.0008467737490509121	0.0007231039651506329	0.0005126487090691908	0.0022831884239277746	0.0007882090251962168	0.0023810430952380945	0.01176484429065744	0.001957027584912741	0.0014663401609054806	0.0009873286174129211	0.008474648089629418	0.0015361785366245	0.022727272727272728	0.0010931542464988578
ro	0.022727789256198346	0.008264462809917356	0.125	0.012987012987012988	0.003968316956412195	0.00232559221200649	0.0040983942488578345	0.002178701449110266	0.002320185614849188	0.002288366174614728	0.0028249066360241312	0.0046297367969821675	0.004166701388888889	0.0033557384802486373	0.002409696617796487	0.002702768444119795	0.002890256941428046	0.005848021613487911	0.005347707969916211	0.006711499482005315	0.013513513513513514	0.002557577462209169	0.002475284285854328	0.0022831884239277746	0.002119906492799426	0.0024331965889380237	0.00432906054983977	0.015384615384615385	0.00371758267575075	0.0031250683593749993	0.0026738754325259513	0.012345679012345678	0.0033003409251816268	0.023809523809523808	0.0028170442531402656
ru	0.02040816326530612	0.0053195450430058855	0.125	0.01020408163265306	0.0023697187843938817	0.0007102681339989018	0.002681180789051887	0.0005629255034444117	0.0007194596563324876	0.0007430574306381352	0.001285414780499732	0.0030213032100838803	0.0025317673642108697	0.001692113226886088	0.0007560138991115412	0.0010440494931245941	0.0013851624124277737	0.004504626247869491	0.003937240389980781	0.004926351088378751	0.011494384991412341	0.0009225551820508973	0.0007943335425760568	0.0007882090251962168	0.0024331965889380237	0.0005316343256106388	0.0025001062687500003	0.011904903628117915	0.0021646614802945966	0.0015129485673611468	0.0011027230678041329	0.00854708159836365	0.001689311892234294	0.022222222222222223	0.0012394952852457387
sh	0.02564102564102564	0.006451779396462018	0.16666666666666666	0.013513513513513514	0.004273559062020601	0.002457044715029973	0.004587303257301574	0.0022076419747671886	0.0023696907077558906	0.002409719849034693	0.0029070443482963762	0.005025176131915861	0.004566314297033007	0.003378435445580716	0.0024511305807862357	0.0027474338923439198	0.0029763144929846937	0.006536118586868298	0.006060899944903581	0.0072993233523363	0.014925595901091559	0.0025840060359620482	0.0025000312499999996	0.0023810430952380945	0.00432906054983977	0.0025001062687500003	0.0021422862018906853	0.014925595901091559	0.0038168813006235064	0.002415499778291208	0.0027101519524680338	0.012048192771084338	0.003484356978960531	0.023809523809523808	0.0029071880239318545
si	0.05555864197530863	0.02127704843820733	0.16669444444444445	0.02702702702702703	0.01639344262295082	0.011904903628117915	0.015873015873015872	0.011364024018853565	0.011627906976744186	0.01176484429065744	0.0125	0.014492963663095989	0.016393711367911852	0.013157894736842105	0.012658227848101266	0.011905045351473922	0.01250015625	0.017544167436134194	0.018518518518518517	0.01818214876033058	0.029411764705882353	0.012345679012345678	0.012195121951219513	0.01176484429065744	0.015384615384615385	0.011904903628117915	0.014925595901091559	0.011386928299391775	0.013333511111111113	0.013158067867036011	0.012500468749999999	0.027777777777777776	0.01282051282051282	0.03571428571428571	0.011764982698961937
simple	0.02564102564102564	0.007352941176470588	0.14285714285714285	0.012345679012345678	0.0035087965527854726	0.0020366847657011544	0.003876059131061835	0.0017700336784399712	0.0019685271870543736	0.0019380408328826388	0.0023585239409042364	0.0041153618181510275	0.003984095490547769	0.003021221054937432	0.002032602947980699	0.0021506763926465488	0.0023866918051275625	0.0058826297577854675	0.005376575326627355	0.006451696149843913	0.012048628247931483	0.002136770399590912	0.00211866651106004	0.001957027584912741	0.00371758267575075	0.0021646614802945966	0.0038168813006235064	0.013333511111111113	0.001757169651866634	0.002967411881763509	0.002242258038569044	0.01098901098901099	0.0028090124352985737	0.023255813953488372	0.002267779371763823
sr	0.021739130434782608	0.006060679522497705	0.125	0.012195121951219513	0.0032573396004201634	0.001428589795918367	0.0035336188490304537	0.001243829051261107	0.0013831354296394496	0.0014430514191596435	0.0019455480022407602	0.0038610336757054905	0.003401406821231894	0.0024154764405236993	0.0014556740018941917	0.0017731251005985611	0.002040866309870887	0.005347622179644828	0.004784917950596369	0.006289308176100629	0.012821170282708743	0.001607742889341508	0.0014903307339846881	0.0014663401609054806	0.0031250683593749993	0.0015129485673611468	0.002415499778291208	0.013158067867036011	0.002967411881763509	0.0012147286472938093	0.0017857621205357138	0.010204185755935027	0.0025381161586229997	0.023255813953488372	0.001912192136848378
sv	0.020833333333333332	0.0055251671499648965	0.14285714285714285	0.01086968336483932	0.0024155231160587175	0.0009425417141547501	0.0028090834490594623	0.000823853523149064	0.0009354825733464823	0.0009329437339886379	0.0013889564101080241	0.0031747644242882335	0.0027934287319372054	0.0018797663837731107	0.0009824591758947957	0.0011864056841014332	0.0015315061478556966	0.004694879763715312	0.004000272048016016	0.0052633795013850414	0.011494384991412341	0.0010764575495254567	0.0010417079003906243	0.0009873286174129211	0.0026738754325259513	0.0011027230678041329	0.0027101519524680338	0.012500468749999999	0.002242258038569044	0.0017857621205357138	0.0008127800045302746	0.009259259259259259	0.0019194705295073327	0.022222222222222223	0.0014067269510089585
te	0.047619047619047616	0.019230769230769232	0.25	0.02631578947368421	0.013333333333333334	0.008403361344537815	0.012345831428135955	0.008000064	0.008333333333333333	0.008474719908072394	0.009259259259259259	0.01086991965973535	0.011627906976744186	0.009900990099009901	0.008695727788279773	0.008772083718067099	0.009708737864077669	0.015625	0.01694915254237288	0.014084507042253521	0.02040816326530612	0.008695652173913044	0.008772006771314251	0.008474648089629418	0.012345679012345678	0.00854708159836365	0.012048192771084338	0.027777777777777776	0.01098901098901099	0.010204185755935027	0.009259259259259259	0.008007622596931972	0.009901186158219782	0.04	0.008849714151460568
vi	0.023809523809523808	0.006622648129468005	0.14285714285714285	0.011494252873563218	0.0034246927190842566	0.0015923896532313686	0.003571479591836735	0.001353280685049649	0.0014992751000811435	0.0015267688363148997	0.0020080764826373764	0.0035842679307819783	0.003546199901916403	0.002403875046227811	0.0016078075133631783	0.0018083836643133459	0.0020576809175430573	0.005102066847147022	0.004762108866213152	0.005813953488372093	0.011236207549551824	0.0017482853684776761	0.0016778720553128233	0.0015361785366245	0.0033003409251816268	0.001689311892234294	0.003484356978960531	0.01282051282051282	0.0028090124352985737	0.0025381161586229997	0.0019194705295073327	0.009901186158219782	0.0013527131381548888	0.022727272727272728	0.0018976412257992498
war	0.07142857142857142	0.027777777777777776	0.16666666666666666	0.034482758620689655	0.023809523809523808	0.022222222222222223	0.023255813953488372	0.022222222222222223	0.022222222222222223	0.022222222222222223	0.023809523809523808	0.024390243902439025	0.024390243902439025	0.023255813953488372	0.022727272727272728	0.022222222222222223	0.022727272727272728	0.025	0.02631578947368421	0.024390243902439025	0.03225806451612903	0.022222222222222223	0.022727272727272728	0.022727272727272728	0.023809523809523808	0.022222222222222223	0.023809523809523808	0.03571428571428571	0.023255813953488372	0.023255813953488372	0.022222222222222223	0.04	0.022727272727272728	0.022223703703703704	0.022222222222222223
zh	0.021739130434782608	0.005714514285714286	0.14285714285714285	0.010869565217391304	0.002564181459566075	0.0010953538363350835	0.0028987859693341738	0.0008875469255650429	0.0010384830687676634	0.0010777360273785848	0.00153152021885326	0.0031748753036029225	0.0028903655651959887	0.0020704662500160747	0.0010848022442546865	0.0012806770137861266	0.0016209189390867607	0.004831034563233681	0.00421972974416493	0.00531957342128797	0.01098961478082357	0.001253197219238572	0.0011481807653422364	0.0010931542464988578	0.0028170442531402656	0.0012394952852457387	0.0029071880239318545	0.011764982698961937	0.002267779371763823	0.001912192136848378	0.0014067269510089585	0.008849714151460568	0.0018976412257992498	0.022222222222222223	0.0008976087319577264
