arz	bs	ceb	ckb	da	de	el	en	es	fr	he	hi	hu	id	it	ja	ko	lv	mk	ml	mr	nl	pl	pt	ro	ru	sh	si	simple	sr	sv	te	vi	war	zh
arz	1.0	0.0	0.0	0.0	1.0	1.0	1.0	1.0	1.0	1.0	0.0	1.0	1.0	1.0	1.0	1.0	1.0	1.0	0.0	1.0	0.0	1.0	1.0	1.0	1.0	1.0	1.0	0.0	1.0	1.0	1.0	0.0	1.0	0.0	1.0
bs	0.0	0.5	1.0	1.0	0.5	0.5	1.0	0.5	0.5	0.5	0.5	0.5	0.5	0.5	0.5	0.5	0.5	0.5	0.5	1.0	1.0	0.5	0.5	0.5	0.5	0.5	0.5	0.0	0.5	0.5	0.5	0.2	0.5	0.0	0.5
ceb	0.0	1.0	1.0	1.0	1.0	1.0	1.0	1.0	1.0	1.0	1.0	1.0	1.0	1.0	1.0	1.0	1.0	1.0	0.0	1.0	0.0	1.0	1.0	1.0	1.0	0.0	1.0	0.0	1.0	1.0	1.0	1.0	1.0	0.0	1.0
ckb	0.0	1.0	1.0	0.25	0.25	0.25	1.0	0.25	0.25	0.25	0.3333333333333333	0.3333333333333333	0.3333333333333333	0.25	0.25	0.25	0.25	0.5	1.0	0.0	1.0	0.25	0.25	0.25	0.25	0.25	0.25	0.5	0.5	0.25	0.25	0.16666666666666666	0.5	0.0	0.25
da	1.0	0.5	1.0	0.25	0.04775091025431318	0.05556173148148148	0.2	0.04764853741496598	0.058823529411764705	0.05555864197530863	0.125	0.16666666666666666	0.14285714285714285	0.08333333333333333	0.05001500750500501	0.07142857142857142	0.06666666666666667	0.16666666666666666	0.5	0.5	0.5	0.06667111556000445	0.07692307692307693	0.0526398891966759	0.125	0.07142857142857142	0.1	0.5	0.125	0.1	0.05882698961937716	0.125	0.125	1.0	0.07692307692307693
de	1.0	0.5	1.0	0.25	0.05556173148148148	0.021317872949148605	0.08333333333333333	0.022732956096074376	0.026318559556786702	0.02631786703601108	0.058823529411764705	0.125	0.06666666666666667	0.047621315192743756	0.027032140248356464	0.043478260869565216	0.047619047619047616	0.14285714285714285	0.5	0.5	0.5	0.029411764705882353	0.033334444444444444	0.029412629757785465	0.08333333333333333	0.030303030303030304	0.055561728395061724	0.5	0.1	0.05	0.047619047619047616	0.1	0.09091735537190083	1.0	0.041666666666666664
el	1.0	1.0	1.0	1.0	0.2	0.08333333333333333	0.05263157894736842	0.058823529411764705	0.058823529411764705	0.058823529411764705	0.14285714285714285	0.25	0.09090909090909091	0.125	0.058823529411764705	0.08333333333333333	0.1	0.25	1.0	0.5	1.0	0.1	0.1	0.07692307692307693	0.14285714285714285	0.08333333333333333	0.125	0.5	0.16666666666666666	0.1111111111111111	0.1	0.16666666666666666	0.2	1.0	0.09090909090909091
en	1.0	0.5	1.0	0.25	0.04764853741496598	0.022732956096074376	0.058823529411764705	0.012518015151510043	0.01786001307397959	0.017550019702990464	0.05	0.1111111111111111	0.0526398891966759	0.04545867768595041	0.018211951492714644	0.030303030303030304	0.038461538461538464	0.14285714285714285	0.5	0.5	0.5	0.025003750624999998	0.03333666666666667	0.020844189237847657	0.06667111111111111	0.023809523809523808	0.04169271527777777	0.5	0.08333333333333333	0.045454545454545456	0.03572321428571428	0.09090909090909091	0.08333333333333333	1.0	0.034482758620689655
es	1.0	0.5	1.0	0.25	0.058823529411764705	0.026318559556786702	0.058823529411764705	0.01786001307397959	0.017266984598773898	0.020408579758433985	0.05555555555555555	0.1111111111111111	0.05263434903047091	0.05	0.022729855371900823	0.03225806451612903	0.04	0.14285714285714285	0.5	0.5	0.5	0.031250976562500005	0.037037037037037035	0.024390838786436643	0.06666666666666667	0.02702702702702703	0.05000249999999999	0.5	0.08333333333333333	0.047619047619047616	0.043482041587901706	0.09090909090909091	0.09090909090909091	1.0	0.037037037037037035
fr	1.0	0.5	1.0	0.25	0.05555864197530863	0.02631786703601108	0.058823529411764705	0.017550019702990464	0.020408579758433985	0.015909377102980408	0.05555555555555555	0.1111111111111111	0.05555864197530863	0.04762358276643991	0.022226668148148145	0.03333333333333333	0.041666666666666664	0.14285714285714285	0.5	0.5	0.5	0.02857306122448979	0.038461538461538464	0.02500375	0.07142857142857142	0.02631578947368421	0.0526398891966759	0.5	0.09090909090909091	0.05	0.04166840277777777	0.1	0.1	1.0	0.04
he	0.0	0.5	1.0	0.3333333333333333	0.125	0.058823529411764705	0.14285714285714285	0.05	0.05555555555555555	0.05555555555555555	0.05	0.16666666666666666	0.1111111111111111	0.09090909090909091	0.0625	0.06666666666666667	0.07142857142857142	0.25	0.5	1.0	0.5	0.08333333333333333	0.06666666666666667	0.06666666666666667	0.125	0.058823529411764705	0.07692307692307693	0.5	0.125	0.1	0.1	0.1	0.1111111111111111	1.0	0.07692307692307693
hi	1.0	0.5	1.0	0.3333333333333333	0.16666666666666666	0.125	0.25	0.1111111111111111	0.1111111111111111	0.1111111111111111	0.16666666666666666	0.1111111111111111	0.2	0.14285714285714285	0.1111111111111111	0.1111111111111111	0.1111111111111111	0.2	0.5	0.5	1.0	0.14285714285714285	0.125	0.125	0.2	0.1111111111111111	0.125	0.5	0.14285714285714285	0.16666666666666666	0.14285714285714285	0.125	0.16666666666666666	0.0	0.1111111111111111
hu	1.0	0.5	1.0	0.3333333333333333	0.14285714285714285	0.06666666666666667	0.09090909090909091	0.0526398891966759	0.05263434903047091	0.05555864197530863	0.1111111111111111	0.2	0.0526703822770083	0.1	0.05263434903047091	0.07692307692307693	0.09090909090909091	0.16666666666666666	0.5	0.5	0.5	0.07142857142857142	0.07142857142857142	0.07142857142857142	0.1	0.06666666666666667	0.08334027777777778	0.5	0.14285714285714285	0.09090909090909091	0.125	0.16666666666666666	0.2	1.0	0.09090909090909091
id	1.0	0.5	1.0	0.25	0.08333333333333333	0.047621315192743756	0.125	0.04545867768595041	0.05	0.04762358276643991	0.09090909090909091	0.14285714285714285	0.1	0.04351800571838947	0.04546281198347108	0.05555555555555555	0.058823529411764705	0.16666666666666666	0.5	0.5	0.5	0.05263434903047091	0.05555555555555555	0.045456611570247926	0.08333333333333333	0.05555555555555555	0.06667111111111111	0.5	0.1111111111111111	0.07142857142857142	0.06666666666666667	0.1111111111111111	0.125	1.0	0.058823529411764705
it	1.0	0.5	1.0	0.25	0.05001500750500501	0.027032140248356464	0.058823529411764705	0.018211951492714644	0.022729855371900823	0.022226668148148145	0.0625	0.1111111111111111	0.05263434903047091	0.04546281198347108	0.01708527606686579	0.04	0.043478260869565216	0.14285714285714285	0.5	0.5	0.5	0.031253907226562495	0.03571428571428571	0.023260141698215255	0.07143877551020407	0.03125	0.05264820775623268	0.5	0.09090909090909091	0.05	0.04167708333333334	0.09090909090909091	0.09090909090909091	1.0	0.038461538461538464
ja	1.0	0.5	1.0	0.25	0.07142857142857142	0.043478260869565216	0.08333333333333333	0.030303030303030304	0.03225806451612903	0.03333333333333333	0.06666666666666667	0.1111111111111111	0.07692307692307693	0.05555555555555555	0.04	0.027027757487216943	0.038461538461538464	0.14285714285714285	0.5	0.5	0.5	0.043478260869565216	0.05	0.038461538461538464	0.08333333333333333	0.038461538461538464	0.05263157894736842	0.5	0.08333333333333333	0.06666666666666667	0.0625	0.1	0.1111111111111111	1.0	0.03571428571428571
ko	1.0	0.5	1.0	0.25	0.06666666666666667	0.047619047619047616	0.1	0.038461538461538464	0.04	0.041666666666666664	0.07142857142857142	0.1111111111111111	0.09090909090909091	0.058823529411764705	0.043478260869565216	0.038461538461538464	0.03448394768133174	0.14285714285714285	0.5	0.5	0.5	0.05	0.05	0.045454545454545456	0.08333333333333333	0.043478260869565216	0.06666666666666667	0.5	0.08333333333333333	0.07142857142857142	0.05555555555555555	0.1	0.1111111111111111	1.0	0.041666666666666664
lv	1.0	0.5	1.0	0.5	0.16666666666666666	0.14285714285714285	0.25	0.14285714285714285	0.14285714285714285	0.14285714285714285	0.25	0.2	0.16666666666666666	0.16666666666666666	0.14285714285714285	0.14285714285714285	0.14285714285714285	0.14285714285714285	0.5	0.5	0.5	0.14285714285714285	0.14285714285714285	0.14285714285714285	0.16666666666666666	0.14285714285714285	0.16666666666666666	0.5	0.14285714285714285	0.16666666666666666	0.16666666666666666	0.16666666666666666	0.2	1.0	0.16666666666666666
mk	0.0	0.5	0.0	1.0	0.5	0.5	1.0	0.5	0.5	0.5	0.5	0.5	0.5	0.5	0.5	0.5	0.5	0.5	0.3333333333333333	1.0	1.0	0.5	0.5	0.5	0.5	0.3333333333333333	0.5	0.5	0.5	0.5	0.5	0.2	0.5	0.0	0.5
ml	1.0	1.0	1.0	0.0	0.5	0.5	0.5	0.5	0.5	0.5	1.0	0.5	0.5	0.5	0.5	0.5	0.5	0.5	1.0	0.5	0.0	0.5	0.5	0.5	0.5	0.5	0.5	0.5	0.5	0.5	0.5	0.2	0.5	0.0	0.5
mr	0.0	1.0	0.0	1.0	0.5	0.5	1.0	0.5	0.5	0.5	0.5	1.0	0.5	0.5	0.5	0.5	0.5	0.5	1.0	0.0	0.5	0.5	0.5	0.5	0.5	0.5	0.5	1.0	0.5	0.5	0.5	0.25	0.5	1.0	1.0
nl	1.0	0.5	1.0	0.25	0.06667111556000445	0.029411764705882353	0.1	0.025003750624999998	0.031250976562500005	0.02857306122448979	0.08333333333333333	0.14285714285714285	0.07142857142857142	0.05263434903047091	0.031253907226562495	0.043478260869565216	0.05	0.14285714285714285	0.5	0.5	0.5	0.021297441394760988	0.03571428571428571	0.033334444444444444	0.07692307692307693	0.03225806451612903	0.05263157894736842	0.5	0.1	0.05555555555555555	0.05263157894736842	0.1	0.125	1.0	0.047619047619047616
pl	1.0	0.5	1.0	0.25	0.07692307692307693	0.033334444444444444	0.1	0.03333666666666667	0.037037037037037035	0.038461538461538464	0.06666666666666667	0.125	0.07142857142857142	0.05555555555555555	0.03571428571428571	0.05	0.05	0.14285714285714285	0.5	0.5	0.5	0.03571428571428571	0.027044566111032873	0.038463017751479284	0.08333333333333333	0.03333333333333333	0.055561728395061724	0.5	0.09090909090909091	0.058823529411764705	0.05263157894736842	0.1	0.125	1.0	0.047619047619047616
pt	1.0	0.5	1.0	0.25	0.0526398891966759	0.029412629757785465	0.07692307692307693	0.020844189237847657	0.024390838786436643	0.02500375	0.06666666666666667	0.125	0.07142857142857142	0.045456611570247926	0.023260141698215255	0.038461538461538464	0.045454545454545456	0.14285714285714285	0.5	0.5	0.5	0.033334444444444444	0.038463017751479284	0.020462455188361386	0.07143878061735204	0.03125	0.04762585260770975	0.5	0.09090909090909091	0.05	0.045454545454545456	0.09090909090909091	0.09090909090909091	1.0	0.041666666666666664
ro	1.0	0.5	1.0	0.25	0.125	0.08333333333333333	0.14285714285714285	0.06667111111111111	0.06666666666666667	0.07142857142857142	0.125	0.2	0.1	0.08333333333333333	0.07143877551020407	0.08333333333333333	0.08333333333333333	0.16666666666666666	0.5	0.5	0.5	0.07692307692307693	0.08333333333333333	0.07143878061735204	0.0667022400044489	0.07142857142857142	0.1	0.5	0.14285714285714285	0.08333333333333333	0.09090909090909091	0.16666666666666666	0.2	1.0	0.08333333333333333
ru	1.0	0.5	0.0	0.25	0.07142857142857142	0.030303030303030304	0.08333333333333333	0.023809523809523808	0.02702702702702703	0.02631578947368421	0.058823529411764705	0.1111111111111111	0.06666666666666667	0.05555555555555555	0.03125	0.038461538461538464	0.043478260869565216	0.14285714285714285	0.3333333333333333	0.5	0.5	0.03225806451612903	0.03333333333333333	0.03125	0.07142857142857142	0.020408996251561846	0.05555555555555555	0.5	0.08333333333333333	0.05263157894736842	0.05	0.1	0.1111111111111111	1.0	0.04
sh	1.0	0.5	1.0	0.25	0.1	0.055561728395061724	0.125	0.04169271527777777	0.05000249999999999	0.0526398891966759	0.07692307692307693	0.125	0.08334027777777778	0.06667111111111111	0.05264820775623268	0.05263157894736842	0.06666666666666667	0.16666666666666666	0.5	0.5	0.5	0.05263157894736842	0.055561728395061724	0.04762585260770975	0.1	0.05555555555555555	0.04179028050983643	0.5	0.1111111111111111	0.06666666666666667	0.09090909090909091	0.1	0.125	1.0	0.0625
si	0.0	0.0	0.0	0.5	0.5	0.5	0.5	0.5	0.5	0.5	0.5	0.5	0.5	0.5	0.5	0.5	0.5	0.5	0.5	0.5	1.0	0.5	0.5	0.5	0.5	0.5	0.5	0.5	0.5	0.5	0.5	0.5	0.5	1.0	0.5
simple	1.0	0.5	1.0	0.5	0.125	0.1	0.16666666666666666	0.08333333333333333	0.08333333333333333	0.09090909090909091	0.125	0.14285714285714285	0.14285714285714285	0.1111111111111111	0.09090909090909091	0.08333333333333333	0.08333333333333333	0.14285714285714285	0.5	0.5	0.5	0.1	0.09090909090909091	0.09090909090909091	0.14285714285714285	0.08333333333333333	0.1111111111111111	0.5	0.08335417361111111	0.125	0.1	0.1111111111111111	0.14285714285714285	1.0	0.09090909090909091
sr	1.0	0.5	1.0	0.25	0.1	0.05	0.1111111111111111	0.045454545454545456	0.047619047619047616	0.05	0.1	0.16666666666666666	0.09090909090909091	0.07142857142857142	0.05	0.06666666666666667	0.07142857142857142	0.16666666666666666	0.5	0.5	0.5	0.05555555555555555	0.058823529411764705	0.05	0.08333333333333333	0.05263157894736842	0.06666666666666667	0.5	0.125	0.045454545454545456	0.07142857142857142	0.1	0.14285714285714285	1.0	0.0625
sv	1.0	0.5	1.0	0.25	0.05882698961937716	0.047619047619047616	0.1	0.03572321428571428	0.043482041587901706	0.04166840277777777	0.1	0.14285714285714285	0.125	0.06666666666666667	0.04167708333333334	0.0625	0.05555555555555555	0.16666666666666666	0.5	0.5	0.5	0.05263157894736842	0.05263157894736842	0.045454545454545456	0.09090909090909091	0.05	0.09090909090909091	0.5	0.1	0.07142857142857142	0.03229034548804579	0.1	0.14285714285714285	1.0	0.0625
te	0.0	0.2	1.0	0.16666666666666666	0.125	0.1	0.16666666666666666	0.09090909090909091	0.09090909090909091	0.1	0.1	0.125	0.16666666666666666	0.1111111111111111	0.09090909090909091	0.1	0.1	0.16666666666666666	0.2	0.2	0.25	0.1	0.1	0.09090909090909091	0.16666666666666666	0.1	0.1	0.5	0.1111111111111111	0.1	0.1	0.09090909090909091	0.1111111111111111	0.5	0.1
vi	1.0	0.5	1.0	0.5	0.125	0.09091735537190083	0.2	0.08333333333333333	0.09090909090909091	0.1	0.1111111111111111	0.16666666666666666	0.2	0.125	0.09090909090909091	0.1111111111111111	0.1111111111111111	0.2	0.5	0.5	0.5	0.125	0.125	0.09090909090909091	0.2	0.1111111111111111	0.125	0.5	0.14285714285714285	0.14285714285714285	0.14285714285714285	0.1111111111111111	0.08334722916666666	1.0	0.125
war	0.0	0.0	0.0	0.0	1.0	1.0	1.0	1.0	1.0	1.0	1.0	0.0	1.0	1.0	1.0	1.0	1.0	1.0	0.0	0.0	1.0	1.0	1.0	1.0	1.0	1.0	1.0	1.0	1.0	1.0	1.0	0.5	1.0	1.0	0.0
zh	1.0	0.5	1.0	0.25	0.07692307692307693	0.041666666666666664	0.09090909090909091	0.034482758620689655	0.037037037037037035	0.04	0.07692307692307693	0.1111111111111111	0.09090909090909091	0.058823529411764705	0.038461538461538464	0.03571428571428571	0.041666666666666664	0.16666666666666666	0.5	0.5	1.0	0.047619047619047616	0.047619047619047616	0.041666666666666664	0.08333333333333333	0.04	0.0625	0.5	0.09090909090909091	0.0625	0.0625	0.1	0.125	0.0	0.030303030303030304
