arz	bs	ceb	ckb	da	de	el	en	es	fr	he	hi	hu	id	it	ja	ko	lv	mk	ml	mr	nl	pl	pt	ro	ru	sh	si	simple	sr	sv	te	vi	war	zh
arz	1.0	1.0	0.0	1.0	1.0	1.0	1.0	0.8216064286890065	1.0	1.0	1.0	1.0	1.0	1.0	1.0	1.0	1.0	1.0	0.0	1.0	0.0	1.0	1.0	1.0	1.0	1.0	0.5660160774121898	0.0	1.0	1.0	1.0	0.0	1.0	1.0	1.0
bs	1.0	1.0	1.0	1.0	1.0	0.7100198980007999	1.0	0.6276249203344167	0.6499913553099703	0.6108040630281099	0.7347168825662656	1.0	1.0	0.7347168825662657	0.6093096912777514	0.7322034805959263	0.7322034805959263	1.0	1.0	1.0	1.0	0.6312857573679255	0.6529251858459503	0.4582524115965346	1.0	0.7347168825662656	0.4654641479085238	0.0	1.0	0.5039028765454094	0.5207228296261335	1.0	1.0	1.0	0.7322034805959263
ceb	0.0	1.0	1.0	1.0	1.0	1.0	1.0	1.0	1.0	1.0	1.0	1.0	1.0	1.0	1.0	1.0	1.0	1.0	0.0	1.0	0.0	1.0	1.0	1.0	1.0	0.0	1.0	0.0	1.0	1.0	1.0	1.0	1.0	0.0	1.0
ckb	1.0	1.0	1.0	1.0	0.7411828468492556	0.6110569957520273	1.0	0.5191777507195428	1.0	0.6436895599575894	1.0	1.0	0.3751780377121209	0.7376607345031153	0.6436895599575894	1.0	1.0	1.0	1.0	1.0	1.0	0.7044529601756674	0.5410229996946755	0.511782106253158	1.0	1.0	0.6046727351060613	1.0	0.6841174893561722	0.7106824291060085	1.0	1.0	1.0	1.0	1.0
da	1.0	1.0	1.0	0.7411828468492556	1.0	0.37332881861325073	0.7248485669756152	0.2271507299295968	0.4124321457060167	0.3490453220560749	0.5285637632781094	0.7248485669756152	0.527783860003759	0.4005791631509359	0.2459806483056225	0.5285637632781093	0.6432357517002909	0.7280991208898608	0.7510341748895939	0.7300208629885034	1.0	0.34030087463274006	0.39374205221598885	0.33371358050577304	0.5643198815449839	0.5126606007955509	0.46983242107471845	1.0	0.4886847814221268	0.32130253085437654	0.405621898669002	1.0	0.7189258117174849	1.0	0.554232549965628
de	1.0	0.7100198980007999	1.0	0.6110569957520273	0.37332881861325073	1.0	0.5242180581376747	0.16600097602146957	0.20560785927401487	0.1676112611664962	0.37464733106008286	0.651610424238932	0.32931273726647553	0.3009053417864171	0.18757274586404168	0.3478673366357877	0.3843762183518454	0.6675294721024074	0.6216387126951446	0.726387596483245	1.0	0.18971525388567773	0.22706235941507785	0.2064495156318247	0.42563284326860285	0.264924330137159	0.35561081672672373	1.0	0.2893173034642197	0.19765362792669564	0.2108399337883526	0.7347168825662656	0.40038314178673784	1.0	0.37109813751389065
el	1.0	1.0	1.0	1.0	0.7248485669756152	0.5242180581376747	1.0	0.44031106020085437	0.538962804925602	0.48106293153344204	1.0	1.0	0.6740515375688697	0.5683200904034081	0.4914025494511728	1.0	1.0	1.0	1.0	1.0	1.0	0.512411641007259	0.47271102137153415	0.3013902580703579	0.7221793916855704	1.0	0.4920819827299562	1.0	0.6897980180502761	0.5095080854406874	0.5342348451789267	1.0	1.0	1.0	1.0
en	0.8216064286890065	0.6276249203344167	1.0	0.5191777507195428	0.2271507299295968	0.16600097602146957	0.44031106020085437	1.0	0.15426626262533008	0.13503117715418161	0.24309725739212018	0.34425089965809197	0.2233837108490934	0.23954010060697958	0.14473487375343835	0.22958255760796792	0.2100271469701116	0.29251139713961394	0.5193060539158594	0.4378360294848413	1.0	0.17662139668541393	0.16830224533528168	0.18096197552684154	0.3278861302602339	0.2167679350585986	0.25721210787492277	0.5455381281950756	0.23287997664238716	0.17469352219636544	0.15688666919080205	0.5215270430435422	0.274223372594155	0.5020797777427737	0.23163039582083667
es	1.0	0.6499913553099703	1.0	1.0	0.4124321457060167	0.20560785927401487	0.538962804925602	0.15426626262533008	1.0	0.15637450580629889	0.4882113380577933	0.5622861214779106	0.33351708652644196	0.34906308041905265	0.171008215482096	0.3721372830465982	0.372741646307309	0.6168816456971772	1.0	0.7234532828151788	0.7510341748895938	0.20567069438280786	0.2188641516479854	0.20205565176168344	0.38364721833489995	0.2616281479016148	0.4063374744705689	1.0	0.35822002022624516	0.2376079287425565	0.2300492771411839	1.0	0.5295388809633359	1.0	0.36393818472784756
fr	1.0	0.6108040630281099	1.0	0.6436895599575894	0.3490453220560749	0.1676112611664962	0.48106293153344204	0.13503117715418161	0.15637450580629889	1.0	0.20556100002325625	0.5634063863934067	0.2900037632317415	0.19249568663536804	0.1477779970127616	0.2339077057576575	0.21714834121065743	0.5511906496614016	0.3586597500562896	0.661251134120194	1.0	0.1512941023877776	0.18525717851527246	0.1605929791629876	0.35768382560673767	0.23048372743424156	0.28504273085721116	1.0	0.24040885432984516	0.19088042295079471	0.17279949440276518	0.7347168825662656	0.24251144261536065	1.0	0.20485616827978134
he	1.0	0.7347168825662656	1.0	1.0	0.5285637632781094	0.37464733106008286	1.0	0.24309725739212018	0.4882113380577933	0.20556100002325625	1.0	1.0	0.304427710337286	0.4057535659362254	0.2604080098532377	1.0	1.0	0.7744097047377118	1.0	1.0	1.0	0.3309632149413296	0.3723293634917362	0.2740872554059935	0.5556156122029273	1.0	0.519752961796525	1.0	0.4800096695606942	0.27967339567760935	0.3150199891935436	1.0	1.0	1.0	1.0
hi	1.0	1.0	1.0	1.0	0.7248485669756152	0.651610424238932	1.0	0.34425089965809197	0.5622861214779106	0.5634063863934067	1.0	1.0	0.7347168825662657	0.5952778259726503	0.4626774114595379	1.0	1.0	1.0	1.0	1.0	1.0	0.37342193523109557	0.5700694622883211	0.34771743211561407	1.0	1.0	0.5405464922926102	1.0	0.661251134120194	0.5649879395951222	0.3628551009646947	1.0	1.0	1.0	1.0
hu	1.0	1.0	1.0	0.3751780377121209	0.527783860003759	0.32931273726647553	0.6740515375688697	0.2233837108490934	0.33351708652644196	0.2900037632317415	0.304427710337286	0.7347168825662657	1.0	0.3208736139764931	0.30093000586637186	0.33573437872146655	0.3396165037879729	0.7376607345031152	1.0	0.7411828468492555	1.0	0.28834370509699486	0.273225733262321	0.2870976024463246	0.31871816637955214	0.3067008979716289	0.3015776366298195	1.0	0.3365491509433815	0.27727712372813257	0.29116244743839553	0.7510341748895937	0.33833034307385706	1.0	0.31089682692383724
id	1.0	0.7347168825662657	1.0	0.7376607345031153	0.4005791631509359	0.3009053417864171	0.5683200904034081	0.23954010060697958	0.34906308041905265	0.19249568663536804	0.4057535659362254	0.5952778259726503	0.3208736139764931	1.0	0.2585759064169855	0.4200573656191066	0.475687684625004	0.6964150026889473	0.7347168825662657	0.7263875964832448	1.0	0.27196337108590035	0.30553548512905615	0.2543865698824339	0.45033712018070454	0.3928848611898689	0.4380211661735171	1.0	0.4489801762760749	0.3127471687878248	0.3035495219028426	0.7376607345031153	0.5304093799508098	1.0	0.4090074970773186
it	1.0	0.6093096912777514	1.0	0.6436895599575894	0.2459806483056225	0.18757274586404168	0.4914025494511728	0.14473487375343835	0.171008215482096	0.1477779970127616	0.2604080098532377	0.4626774114595379	0.30093000586637186	0.2585759064169855	1.0	0.2293696998488334	0.22021577324125252	0.552764044353973	0.5973329889831545	0.5195477327193403	1.0	0.1992841850342657	0.17358298433350935	0.18336833981581527	0.36552630963001165	0.22209460451775875	0.31733361186587383	1.0	0.30435472441976796	0.1858022042326395	0.18447553023487825	0.7865377663035593	0.3238954985988899	1.0	0.29988314754213147
ja	1.0	0.7322034805959263	1.0	1.0	0.5285637632781093	0.3478673366357877	1.0	0.22958255760796792	0.3721372830465982	0.2339077057576575	1.0	1.0	0.33573437872146655	0.4200573656191066	0.2293696998488334	1.0	1.0	0.7763354016084122	1.0	1.0	1.0	0.2644786099393662	0.3467898904015695	0.26115014668052017	0.5517260065831702	0.7045114748188589	0.49347514771740875	1.0	0.4790596911887731	0.2702655314290445	0.26281035710261447	1.0	0.7128329397683223	1.0	1.0
ko	1.0	0.7322034805959263	1.0	1.0	0.6432357517002909	0.3843762183518454	1.0	0.2100271469701116	0.372741646307309	0.21714834121065743	1.0	1.0	0.3396165037879729	0.475687684625004	0.22021577324125252	1.0	1.0	0.7784614227396944	1.0	1.0	1.0	0.4233082291944907	0.3621121094901896	0.2919864747960401	0.5586948029842127	1.0	0.5179053890966017	1.0	0.43318929835910075	0.28249631746213166	0.32143193491797944	1.0	1.0	1.0	1.0
lv	1.0	1.0	1.0	1.0	0.7280991208898608	0.6675294721024074	1.0	0.29251139713961394	0.6168816456971772	0.5511906496614016	0.7744097047377118	1.0	0.7376607345031152	0.6964150026889473	0.552764044353973	0.7763354016084122	0.7784614227396944	1.0	1.0	1.0	1.0	0.6020056866376875	0.6168816456971771	0.5147890621697357	0.6638546162332061	0.68703359906731	0.4207819974459262	1.0	0.6740515375688697	0.5522503081443824	0.6168816456971771	1.0	1.0	1.0	0.7763354016084122
mk	0.0	1.0	0.0	1.0	0.7510341748895939	0.6216387126951446	1.0	0.5193060539158594	1.0	0.3586597500562896	1.0	1.0	1.0	0.7347168825662657	0.5973329889831545	1.0	1.0	1.0	1.0	1.0	1.0	0.7768919196669596	0.6044414021866646	0.5450648050563937	0.7411828468492556	1.0	0.49466666487866257	1.0	0.6841174893561722	0.6786291688147436	0.6865635069209995	1.0	1.0	1.0	1.0
ml	1.0	1.0	1.0	1.0	0.7300208629885034	0.726387596483245	1.0	0.4378360294848413	0.7234532828151788	0.661251134120194	1.0	1.0	0.7411828468492555	0.7263875964832448	0.5195477327193403	1.0	1.0	1.0	1.0	1.0	1.0	0.6937565381177957	0.7263875964832448	0.4647166489866994	1.0	1.0	0.5184318393693899	1.0	0.6638546162332061	0.4559258765839884	0.7248485669756152	1.0	1.0	1.0	1.0
mr	0.0	1.0	0.0	1.0	1.0	1.0	1.0	1.0	0.7510341748895938	1.0	1.0	1.0	1.0	1.0	1.0	1.0	1.0	1.0	1.0	1.0	1.0	0.7165917843272872	1.0	0.3711355186296653	1.0	1.0	0.6639313044146836	1.0	1.0	0.7510341748895937	1.0	1.0	1.0	1.0	1.0
nl	1.0	0.6312857573679255	1.0	0.7044529601756674	0.34030087463274006	0.18971525388567773	0.512411641007259	0.17662139668541393	0.20567069438280786	0.1512941023877776	0.3309632149413296	0.37342193523109557	0.28834370509699486	0.27196337108590035	0.1992841850342657	0.2644786099393662	0.4233082291944907	0.6020056866376875	0.7768919196669596	0.6937565381177957	0.7165917843272872	1.0	0.2137186826783681	0.20467881532048762	0.39395679417821583	0.2903568864518176	0.2760523933401289	1.0	0.4005469670300583	0.18477914640165435	0.2179353827534476	0.7083400949896052	0.29447855400108053	1.0	0.29237129450792537
pl	1.0	0.6529251858459503	1.0	0.5410229996946755	0.39374205221598885	0.22706235941507785	0.47271102137153415	0.16830224533528168	0.2188641516479854	0.18525717851527246	0.3723293634917362	0.5700694622883211	0.273225733262321	0.30553548512905615	0.17358298433350935	0.3467898904015695	0.3621121094901896	0.6168816456971771	0.6044414021866646	0.7263875964832448	1.0	0.2137186826783681	1.0	0.2251327413067257	0.35823146293213026	0.3077604350501716	0.3419206583572433	1.0	0.35426610760040145	0.2487967653262161	0.2509732223030308	1.0	0.40766314824075106	1.0	0.3400139176470585
pt	1.0	0.4582524115965346	1.0	0.511782106253158	0.33371358050577304	0.2064495156318247	0.3013902580703579	0.18096197552684154	0.20205565176168344	0.1605929791629876	0.2740872554059935	0.34771743211561407	0.2870976024463246	0.2543865698824339	0.18336833981581527	0.26115014668052017	0.2919864747960401	0.5147890621697357	0.5450648050563937	0.4647166489866994	0.3711355186296653	0.20467881532048762	0.2251327413067257	1.0	0.296301839366388	0.2575752295246525	0.29990872371754584	0.8216064286890065	0.2674950019850047	0.20780490364434687	0.19649125428582678	0.31427151303614137	0.27556864699279315	1.0	0.28810616409719886
ro	1.0	1.0	1.0	1.0	0.5643198815449839	0.42563284326860285	0.7221793916855704	0.3278861302602339	0.38364721833489995	0.35768382560673767	0.5556156122029273	1.0	0.31871816637955214	0.45033712018070454	0.36552630963001165	0.5517260065831702	0.5586948029842127	0.6638546162332061	0.7411828468492556	1.0	1.0	0.39395679417821583	0.35823146293213026	0.296301839366388	1.0	0.47481287637890013	0.4263196420507602	1.0	0.6143589292419388	0.30097890109685554	0.4092263540413683	1.0	1.0	1.0	0.5339136007955033
ru	1.0	0.7347168825662656	0.0	1.0	0.5126606007955509	0.264924330137159	1.0	0.2167679350585986	0.2616281479016148	0.23048372743424156	1.0	1.0	0.3067008979716289	0.3928848611898689	0.22209460451775875	0.7045114748188589	1.0	0.68703359906731	1.0	1.0	1.0	0.2903568864518176	0.3077604350501716	0.2575752295246525	0.47481287637890013	1.0	0.5196270577953829	1.0	0.33205443876376967	0.2580762863569592	0.18271738705753937	1.0	1.0	1.0	0.706084982097984
sh	0.5660160774121898	0.4654641479085238	1.0	0.6046727351060613	0.46983242107471845	0.35561081672672373	0.4920819827299562	0.25721210787492277	0.4063374744705689	0.28504273085721116	0.519752961796525	0.5405464922926102	0.3015776366298195	0.4380211661735171	0.31733361186587383	0.49347514771740875	0.5179053890966017	0.4207819974459262	0.49466666487866257	0.5184318393693899	0.6639313044146836	0.2760523933401289	0.3419206583572433	0.29990872371754584	0.4263196420507602	0.5196270577953829	1.0	0.8216064286890065	0.49871224059192054	0.2886021708793536	0.3776589544189169	0.414890672978727	0.5064149920345289	0.4582960478122589	0.5303154911422747
si	0.0	0.0	0.0	1.0	1.0	1.0	1.0	0.5455381281950756	1.0	1.0	1.0	1.0	1.0	1.0	1.0	1.0	1.0	1.0	1.0	1.0	1.0	1.0	1.0	0.8216064286890065	1.0	1.0	0.8216064286890065	1.0	1.0	1.0	1.0	1.0	1.0	1.0	1.0
simple	1.0	1.0	1.0	0.6841174893561722	0.4886847814221268	0.2893173034642197	0.6897980180502761	0.23287997664238716	0.35822002022624516	0.24040885432984516	0.4800096695606942	0.661251134120194	0.3365491509433815	0.4489801762760749	0.30435472441976796	0.4790596911887731	0.43318929835910075	0.6740515375688697	0.6841174893561722	0.6638546162332061	1.0	0.4005469670300583	0.35426610760040145	0.2674950019850047	0.6143589292419388	0.33205443876376967	0.49871224059192054	1.0	1.0	0.2838500029389727	0.29518517132673144	0.7376607345031153	0.48037615141212914	0.7863954451402115	0.43837196269250284
sr	1.0	0.5039028765454094	1.0	0.7106824291060085	0.32130253085437654	0.19765362792669564	0.5095080854406874	0.17469352219636544	0.2376079287425565	0.19088042295079471	0.27967339567760935	0.5649879395951222	0.27727712372813257	0.3127471687878248	0.1858022042326395	0.2702655314290445	0.28249631746213166	0.5522503081443824	0.6786291688147436	0.4559258765839884	0.7510341748895937	0.18477914640165435	0.2487967653262161	0.20780490364434687	0.30097890109685554	0.2580762863569592	0.2886021708793536	1.0	0.2838500029389727	1.0	0.22426484541654876	0.6044414021866648	0.33595638473778	0.7863954451402115	0.28877545467256654
sv	1.0	0.5207228296261335	1.0	1.0	0.405621898669002	0.2108399337883526	0.5342348451789267	0.15688666919080205	0.2300492771411839	0.17279949440276518	0.3150199891935436	0.3628551009646947	0.29116244743839553	0.3035495219028426	0.18447553023487825	0.26281035710261447	0.32143193491797944	0.6168816456971771	0.6865635069209995	0.7248485669756152	1.0	0.2179353827534476	0.2509732223030308	0.19649125428582678	0.4092263540413683	0.18271738705753937	0.3776589544189169	1.0	0.29518517132673144	0.22426484541654876	1.0	1.0	0.3819795467160677	1.0	0.3271577330889198
te	0.0	1.0	1.0	1.0	1.0	0.7347168825662656	1.0	0.5215270430435422	1.0	0.7347168825662656	1.0	1.0	0.7510341748895937	0.7376607345031153	0.7865377663035593	1.0	1.0	1.0	1.0	1.0	1.0	0.7083400949896052	1.0	0.31427151303614137	1.0	1.0	0.414890672978727	1.0	0.7376607345031153	0.6044414021866648	1.0	1.0	1.0	1.0	1.0
vi	1.0	1.0	1.0	1.0	0.7189258117174849	0.40038314178673784	1.0	0.274223372594155	0.5295388809633359	0.24251144261536065	1.0	1.0	0.33833034307385706	0.5304093799508098	0.3238954985988899	0.7128329397683223	1.0	1.0	1.0	1.0	1.0	0.29447855400108053	0.40766314824075106	0.27556864699279315	1.0	1.0	0.5064149920345289	1.0	0.48037615141212914	0.33595638473778	0.3819795467160677	1.0	1.0	1.0	0.7111374370280844
war	1.0	1.0	0.0	1.0	1.0	1.0	1.0	0.5020797777427737	1.0	1.0	1.0	1.0	1.0	1.0	1.0	1.0	1.0	1.0	1.0	1.0	1.0	1.0	1.0	1.0	1.0	1.0	0.4582960478122589	1.0	0.7863954451402115	0.7863954451402115	1.0	1.0	1.0	1.0	1.0
zh	1.0	0.7322034805959263	1.0	1.0	0.554232549965628	0.37109813751389065	1.0	0.23163039582083667	0.36393818472784756	0.20485616827978134	1.0	1.0	0.31089682692383724	0.4090074970773186	0.29988314754213147	1.0	1.0	0.7763354016084122	1.0	1.0	1.0	0.29237129450792537	0.3400139176470585	0.28810616409719886	0.5339136007955033	0.706084982097984	0.5303154911422747	1.0	0.43837196269250284	0.28877545467256654	0.3271577330889198	1.0	0.7111374370280844	1.0	1.0
