arz	bs	ceb	ckb	da	de	el	en	es	fr	he	hi	hu	id	it	ja	ko	lv	mk	ml	mr	nl	pl	pt	ro	ru	sh	si	simple	sr	sv	te	tr	vi	war	zh
arz	1.0	1.0	0.14342762372277806	1.0	1.0	1.0	1.0	0.585786437626905	1.0	1.0	1.0	1.0	1.0	1.0	1.0	1.0	1.0	1.0	1.0	1.0	1.0	0.585786437626905	1.0	1.0	1.0	1.0	1.0	1.0	1.0	1.0	1.0	0.0	1.0	1.0	1.0	1.0
bs	1.0	1.0	0.10007340863000493	1.0	1.0	1.0	1.0	0.5	1.0	0.585786437626905	1.0	1.0	1.0	1.0	0.585786437626905	1.0	1.0	1.0	1.0	1.0	1.0	0.4364916731037085	1.0	1.0	1.0	1.0	1.0	0.038964458251780305	1.0	1.0	1.0	0.0	0.11686429123411514	1.0	0.010428618646898577	1.0
ceb	0.14342762372277806	0.10007340863000493	1.0	0.010781499594380739	0.09113513408402002	0.0779429966284565	0.010165303074460764	0.05975620336278839	0.06326774804524535	0.06038931785730533	0.01059716333438203	0.011070186912936094	0.04170062668922062	0.07693549561045786	0.1046101694059021	0.010165303074460764	0.010165303074460764	0.05278288056531348	0.010781499594380739	0.010781499594380739	0.010781499594380739	0.10190778444112338	0.08594045653751464	0.06202670919009373	0.09070955937005273	0.010165303074460764	0.06085139156629816	0.04062568923127787	0.10084690121417997	0.01059716333438203	0.06794826661398935	0.013600657436370968	-1.0	0.06733136550296542	0.010785234046644311	0.07459687870465175
ckb	1.0	1.0	0.010781499594380739	1.0	1.0	1.0	1.0	0.585786437626905	1.0	0.585786437626905	1.0	0.0	1.0	1.0	1.0	1.0	1.0	1.0	1.0	0.0	1.0	1.0	1.0	1.0	1.0	1.0	1.0	1.0	1.0	1.0	1.0	0.0	1.0	1.0	0.3203772410170407	1.0
da	1.0	1.0	0.09113513408402002	1.0	1.0	0.3288130902060995	0.5	0.17826035697019474	0.32881309020609956	0.24660605559646726	0.39564392373896007	1.0	0.585786437626905	0.5	0.24336073281110826	0.3430703308172536	0.4364916731037085	1.0	0.2857142857142857	1.0	1.0	0.15596663560480617	0.3483314773547883	0.2857142857142857	0.3726822671238253	0.27429188517743175	0.39564392373896007	0.03918173050027656	0.585786437626905	0.585786437626905	0.2410176379007698	0.0	0.20658711810431302	0.585786437626905	0.010492235132562639	0.3430703308172536
de	1.0	1.0	0.0779429966284565	1.0	0.3288130902060995	1.0	0.36602540378443865	0.03386756859897957	0.12822661956538922	0.08439738052090949	1.0	1.0	0.28436465220442186	0.24660605559646726	0.08020774115193058	0.14794976728674608	0.353889367864523	0.585786437626905	0.3660254037844386	1.0	1.0	0.058447009077492645	0.28989794855663564	0.27429188517743175	0.3797958971132712	0.08505092891976561	0.28680701059046687	0.03956292681253966	0.36602540378443865	0.585786437626905	0.25	0.0	0.16685875326498437	1.0	0.010611961298070962	0.162232901101684
el	1.0	1.0	0.010165303074460764	1.0	0.5	0.36602540378443865	1.0	0.09759314798169781	0.585786437626905	0.39564392373896007	1.0	1.0	0.585786437626905	0.5	0.2449655295864104	1.0	1.0	1.0	1.0	1.0	1.0	0.3164309725825328	1.0	1.0	0.585786437626905	1.0	1.0	1.0	0.5	1.0	0.44948974278317805	0.0	1.0	1.0	0.3203772410170407	1.0
en	0.585786437626905	0.5	0.05975620336278839	0.585786437626905	0.17826035697019474	0.03386756859897957	0.09759314798169781	1.0	0.035583153149107566	0.02932450370923338	0.25	0.3333333333333333	0.12163968666033644	0.07281776426411506	0.039918807439976785	0.029562723171698224	0.0743746774119616	0.36602540378443865	0.049517435919762806	1.0	0.585786437626905	0.055343755160857384	0.0466555540734407	0.039948250146870534	0.179128784747792	0.023540616368208974	0.09808191864311953	0.04124549659236376	0.15832308079092328	0.3164309725825328	0.06587846155098169	1.0	0.15896491203384563	0.2020331186045411	0.01106120048039643	0.03237264746755545
es	1.0	1.0	0.06326774804524535	1.0	0.32881309020609956	0.12822661956538922	0.585786437626905	0.035583153149107566	1.0	0.1486518372739164	1.0	1.0	0.3333333333333333	0.3483314773547883	0.1331870665911764	0.44948974278317805	0.5	1.0	0.585786437626905	1.0	1.0	0.08454544838491251	0.44948974278317805	0.585786437626905	0.5	0.36602540378443865	0.22547340809847535	0.04060241291494565	0.32881309020609956	1.0	0.25824569976124334	0.0	0.16232969891886792	0.585786437626905	0.010918509084924569	0.5
fr	1.0	0.585786437626905	0.06038931785730533	0.585786437626905	0.24660605559646726	0.08439738052090949	0.39564392373896007	0.02932450370923338	0.1486518372739164	1.0	0.4364916731037085	1.0	0.28989794855663564	0.2402530733520421	0.04651860133942926	0.10499266839576207	0.28172904669025317	0.585786437626905	0.13752076280197198	1.0	1.0	0.06009937889354583	0.2612038749637414	0.18200213598171075	0.3797958971132712	0.09785171972967724	0.14688514472199188	0.04113616161535854	0.3164309725825328	0.585786437626905	0.2402530733520421	0.0	0.16304635530904296	0.585786437626905	0.011028493231964753	0.14218195625986843
he	1.0	1.0	0.01059716333438203	1.0	0.39564392373896007	1.0	1.0	0.25	1.0	0.4364916731037085	1.0	1.0	1.0	0.585786437626905	0.44948974278317805	1.0	1.0	1.0	1.0	1.0	1.0	0.44948974278317805	1.0	1.0	0.585786437626905	1.0	1.0	1.0	1.0	1.0	0.5	0.0	0.585786437626905	1.0	0.3203772410170407	1.0
hi	1.0	1.0	0.011070186912936094	0.0	1.0	1.0	1.0	0.3333333333333333	1.0	1.0	1.0	1.0	0.585786437626905	0.585786437626905	1.0	1.0	1.0	1.0	1.0	1.0	1.0	0.5	1.0	1.0	1.0	1.0	1.0	1.0	1.0	1.0	1.0	1.0	1.0	1.0	0.3203772410170407	1.0
hu	1.0	1.0	0.04170062668922062	1.0	0.585786437626905	0.28436465220442186	0.585786437626905	0.12163968666033644	0.3333333333333333	0.28989794855663564	1.0	0.585786437626905	1.0	0.4142135623730951	0.26968623182294527	0.3333333333333333	0.5	1.0	0.39564392373896007	1.0	1.0	0.17518814002874858	0.3483314773547883	0.39564392373896007	0.5	0.3333333333333333	1.0	0.04222510699985883	0.39564392373896007	1.0	0.5	0.0	1.0	0.5	0.012653980883083452	0.3333333333333333
id	1.0	1.0	0.07693549561045786	1.0	0.5	0.24660605559646726	0.5	0.07281776426411506	0.3483314773547883	0.2402530733520421	0.585786437626905	0.585786437626905	0.4142135623730951	1.0	0.1983555576735248	0.32449979983983984	0.5	1.0	0.3430703308172536	1.0	1.0	0.15393396908374432	0.32449979983983984	0.36602540378443865	0.44948974278317805	0.2958163163244893	1.0	0.03984535841731528	0.32037724101704074	1.0	0.32881309020609956	1.0	0.25824569976124334	0.585786437626905	0.010622041279316763	0.3430703308172536
it	1.0	0.585786437626905	0.1046101694059021	1.0	0.24336073281110826	0.08020774115193058	0.2449655295864104	0.039918807439976785	0.1331870665911764	0.04651860133942926	0.44948974278317805	1.0	0.26968623182294527	0.1983555576735248	1.0	0.11309410860626547	0.2612038749637414	0.39564392373896007	0.1876127897984334	1.0	1.0	0.07195599601013132	0.1951941016011038	0.1548242231105025	0.25824569976124334	0.045371762181764946	0.1744328890878361	0.03884193555718095	0.28436465220442186	0.39564392373896007	0.17537851543706728	0.0	0.1699060036895323	0.4142135623730951	0.01038099880962819	0.09598708942276948
ja	1.0	1.0	0.010165303074460764	1.0	0.3430703308172536	0.14794976728674608	1.0	0.029562723171698224	0.44948974278317805	0.10499266839576207	1.0	1.0	0.3333333333333333	0.32449979983983984	0.11309410860626547	1.0	1.0	1.0	1.0	1.0	1.0	0.068115775707184	0.5	1.0	0.5	1.0	0.17464760748059102	1.0	0.3430703308172536	1.0	0.2612038749637414	1.0	0.30216947925196225	1.0	0.3203772410170407	1.0
ko	1.0	1.0	0.010165303074460764	1.0	0.4364916731037085	0.353889367864523	1.0	0.0743746774119616	0.5	0.28172904669025317	1.0	1.0	0.5	0.5	0.2612038749637414	1.0	1.0	1.0	1.0	1.0	1.0	0.21712927295533244	0.585786437626905	1.0	0.5	1.0	1.0	1.0	0.585786437626905	1.0	0.585786437626905	0.0	0.38742588672279304	1.0	0.3203772410170407	1.0
lv	1.0	1.0	0.05278288056531348	1.0	1.0	0.585786437626905	1.0	0.36602540378443865	1.0	0.585786437626905	1.0	1.0	1.0	1.0	0.39564392373896007	1.0	1.0	1.0	1.0	1.0	1.0	0.36602540378443865	1.0	1.0	1.0	1.0	1.0	0.043478260869565216	1.0	1.0	0.585786437626905	0.0	0.44948974278317805	1.0	0.011595075667302574	1.0
mk	1.0	1.0	0.010781499594380739	1.0	0.2857142857142857	0.3660254037844386	1.0	0.049517435919762806	0.585786437626905	0.13752076280197198	1.0	1.0	0.39564392373896007	0.3430703308172536	0.1876127897984334	1.0	1.0	1.0	1.0	1.0	1.0	0.12580527500924846	0.44948974278317805	1.0	0.585786437626905	1.0	0.36602540378443865	1.0	0.5	1.0	0.585786437626905	0.0	1.0	1.0	0.3203772410170407	1.0
ml	1.0	1.0	0.010781499594380739	0.0	1.0	1.0	1.0	1.0	1.0	1.0	1.0	1.0	1.0	1.0	1.0	1.0	1.0	1.0	1.0	1.0	0.0	1.0	1.0	1.0	1.0	1.0	1.0	1.0	1.0	1.0	1.0	0.0	0.3797958971132712	1.0	0.3203772410170407	1.0
mr	1.0	1.0	0.010781499594380739	1.0	1.0	1.0	1.0	0.585786437626905	1.0	1.0	1.0	1.0	1.0	1.0	1.0	1.0	1.0	1.0	1.0	0.0	1.0	1.0	1.0	1.0	1.0	1.0	1.0	1.0	1.0	1.0	1.0	1.0	1.0	0.0	0.3203772410170407	1.0
nl	0.585786437626905	0.4364916731037085	0.10190778444112338	1.0	0.15596663560480617	0.058447009077492645	0.3164309725825328	0.055343755160857384	0.08454544838491251	0.06009937889354583	0.44948974278317805	0.5	0.17518814002874858	0.15393396908374432	0.07195599601013132	0.068115775707184	0.21712927295533244	0.36602540378443865	0.12580527500924846	1.0	1.0	1.0	0.10090137454053809	0.13695014760230834	0.32037724101704074	0.06053885285910581	0.23393289457303418	0.038882646210846805	0.3164309725825327	0.3430703308172536	0.15942427352931443	0.0	0.06405410737736336	0.585786437626905	0.010403874523612367	0.0929033110662672
pl	1.0	1.0	0.08594045653751464	1.0	0.3483314773547883	0.28989794855663564	1.0	0.0466555540734407	0.44948974278317805	0.2612038749637414	1.0	1.0	0.3483314773547883	0.32449979983983984	0.1951941016011038	0.5	0.585786437626905	1.0	0.44948974278317805	1.0	1.0	0.10090137454053809	1.0	0.585786437626905	0.585786437626905	0.44948974278317805	0.2958163163244893	0.03945590904002302	0.36602540378443865	1.0	0.38742588672279304	0.0	0.1956579219005593	1.0	0.01051272305799395	0.585786437626905
pt	1.0	1.0	0.06202670919009373	1.0	0.2857142857142857	0.27429188517743175	1.0	0.039948250146870534	0.585786437626905	0.18200213598171075	1.0	1.0	0.39564392373896007	0.36602540378443865	0.1548242231105025	1.0	1.0	1.0	1.0	1.0	1.0	0.13695014760230834	0.585786437626905	1.0	0.5	1.0	0.22547340809847535	0.043426798520473736	0.5	1.0	0.3430703308172536	0.0	0.18324402332786965	1.0	0.01160759893301044	1.0
ro	1.0	1.0	0.09070955937005273	1.0	0.3726822671238253	0.3797958971132712	0.585786437626905	0.179128784747792	0.5	0.3797958971132712	0.585786437626905	1.0	0.5	0.44948974278317805	0.25824569976124334	0.5	0.5	1.0	0.585786437626905	1.0	1.0	0.32037724101704074	0.585786437626905	0.5	1.0	0.5	1.0	0.03922353493794955	0.44948974278317805	1.0	0.35388936786452296	0.0	0.39564392373896007	1.0	0.010488540621722626	0.5
ru	1.0	1.0	0.010165303074460764	1.0	0.27429188517743175	0.08505092891976561	1.0	0.023540616368208974	0.36602540378443865	0.09785171972967724	1.0	1.0	0.3333333333333333	0.2958163163244893	0.045371762181764946	1.0	1.0	1.0	1.0	1.0	1.0	0.06053885285910581	0.44948974278317805	1.0	0.5	1.0	0.19367338768973053	1.0	0.3430703308172536	1.0	0.2791745113185196	1.0	0.19900804996708035	1.0	0.3203772410170407	1.0
sh	1.0	1.0	0.06085139156629816	1.0	0.39564392373896007	0.28680701059046687	1.0	0.09808191864311953	0.22547340809847535	0.14688514472199188	1.0	1.0	1.0	1.0	0.1744328890878361	0.17464760748059102	1.0	1.0	0.36602540378443865	1.0	1.0	0.23393289457303418	0.2958163163244893	0.22547340809847535	1.0	0.19367338768973053	1.0	0.04197969011341565	0.5	1.0	0.3090169943749474	0.0	0.4142135623730951	0.39564392373896007	0.011683178746362878	0.17464760748059102
si	1.0	0.038964458251780305	0.04062568923127787	1.0	0.03918173050027656	0.03956292681253966	1.0	0.04124549659236376	0.04060241291494565	0.04113616161535854	1.0	1.0	0.04222510699985883	0.03984535841731528	0.03884193555718095	1.0	1.0	0.043478260869565216	1.0	1.0	1.0	0.038882646210846805	0.03945590904002302	0.043426798520473736	0.03922353493794955	1.0	0.04197969011341565	1.0	0.03894395618175351	1.0	0.04029210143602082	1.0	1.0	0.040337618596001136	0.585786437626905	0.041583052589427974
simple	1.0	1.0	0.10084690121417997	1.0	0.585786437626905	0.36602540378443865	0.5	0.15832308079092328	0.32881309020609956	0.3164309725825328	1.0	1.0	0.39564392373896007	0.32037724101704074	0.28436465220442186	0.3430703308172536	0.585786437626905	1.0	0.5	1.0	1.0	0.3164309725825327	0.36602540378443865	0.5	0.44948974278317805	0.3430703308172536	0.5	0.03894395618175351	1.0	0.585786437626905	0.32037724101704074	0.0	0.20991366558572697	0.585786437626905	0.010402357575442254	0.3430703308172536
sr	1.0	1.0	0.01059716333438203	1.0	0.585786437626905	0.585786437626905	1.0	0.3164309725825328	1.0	0.585786437626905	1.0	1.0	1.0	1.0	0.39564392373896007	1.0	1.0	1.0	1.0	1.0	1.0	0.3430703308172536	1.0	1.0	1.0	1.0	1.0	1.0	0.585786437626905	1.0	0.585786437626905	0.0	0.585786437626905	1.0	0.3203772410170407	1.0
sv	1.0	1.0	0.06794826661398935	1.0	0.2410176379007698	0.25	0.44948974278317805	0.06587846155098169	0.25824569976124334	0.2402530733520421	0.5	1.0	0.5	0.32881309020609956	0.17537851543706728	0.2612038749637414	0.585786437626905	0.585786437626905	0.585786437626905	1.0	1.0	0.15942427352931443	0.38742588672279304	0.3430703308172536	0.35388936786452296	0.2791745113185196	0.3090169943749474	0.04029210143602082	0.32037724101704074	0.585786437626905	1.0	1.0	0.27429188517743175	0.5	0.010794543396802128	0.2708131845707603
te	0.0	0.0	0.013600657436370968	0.0	0.0	0.0	0.0	1.0	0.0	0.0	0.0	1.0	0.0	1.0	0.0	1.0	0.0	0.0	0.0	0.0	1.0	0.0	0.0	0.0	0.0	1.0	0.0	1.0	0.0	0.0	1.0	1.0	0.585786437626905	0.0	0.34833147735478825	0.0
tr	1.0	0.11686429123411514	-1.0	1.0	0.20658711810431302	0.16685875326498437	1.0	0.15896491203384563	0.16232969891886792	0.16304635530904296	0.585786437626905	1.0	1.0	0.25824569976124334	0.1699060036895323	0.30216947925196225	0.38742588672279304	0.44948974278317805	1.0	0.3797958971132712	1.0	0.06405410737736336	0.1956579219005593	0.18324402332786965	0.39564392373896007	0.19900804996708035	0.4142135623730951	1.0	0.20991366558572697	0.585786437626905	0.27429188517743175	0.585786437626905	1.0	0.23006275550355904	1.0	0.2402530733520421
vi	1.0	1.0	0.06733136550296542	1.0	0.585786437626905	1.0	1.0	0.2020331186045411	0.585786437626905	0.585786437626905	1.0	1.0	0.5	0.585786437626905	0.4142135623730951	1.0	1.0	1.0	1.0	1.0	0.0	0.585786437626905	1.0	1.0	1.0	1.0	0.39564392373896007	0.040337618596001136	0.585786437626905	1.0	0.5	0.0	0.23006275550355904	1.0	0.010818781039670204	1.0
war	1.0	0.010428618646898577	0.010785234046644311	0.3203772410170407	0.010492235132562639	0.010611961298070962	0.3203772410170407	0.01106120048039643	0.010918509084924569	0.011028493231964753	0.3203772410170407	0.3203772410170407	0.012653980883083452	0.010622041279316763	0.01038099880962819	0.3203772410170407	0.3203772410170407	0.011595075667302574	0.3203772410170407	0.3203772410170407	0.3203772410170407	0.010403874523612367	0.01051272305799395	0.01160759893301044	0.010488540621722626	0.3203772410170407	0.011683178746362878	0.585786437626905	0.010402357575442254	0.3203772410170407	0.010794543396802128	0.34833147735478825	1.0	0.010818781039670204	1.0	0.011017115430135126
zh	1.0	1.0	0.07459687870465175	1.0	0.3430703308172536	0.162232901101684	1.0	0.03237264746755545	0.5	0.14218195625986843	1.0	1.0	0.3333333333333333	0.3430703308172536	0.09598708942276948	1.0	1.0	1.0	1.0	1.0	1.0	0.0929033110662672	0.585786437626905	1.0	0.5	1.0	0.17464760748059102	0.041583052589427974	0.3430703308172536	1.0	0.2708131845707603	0.0	0.2402530733520421	1.0	0.011017115430135126	1.0
