arz	bs	ceb	ckb	da	de	el	en	es	fr	he	hi	hu	id	it	ja	ko	lv	mk	ml	mr	nl	pl	pt	ro	ru	sh	si	simple	sr	sv	te	vi	war	zh
arz	1.0	0.0	0.0	0.0	1.0	1.0	1.0	1.0	1.0	1.0	0.0	1.0	1.0	1.0	1.0	1.0	1.0	1.0	0.0	1.0	0.0	1.0	1.0	1.0	1.0	1.0	1.0	0.0	1.0	1.0	1.0	0.0	1.0	0.0	1.0
bs	0.0	1.0	1.0	1.0	1.0	1.0	1.0	0.585786437626905	1.0	1.0	1.0	1.0	1.0	1.0	0.585786437626905	1.0	1.0	1.0	1.0	1.0	1.0	1.0	1.0	1.0	0.5	1.0	1.0	0.0	1.0	1.0	1.0	1.0	1.0	0.0	1.0
ceb	0.0	1.0	1.0	1.0	1.0	1.0	1.0	1.0	1.0	1.0	1.0	1.0	1.0	1.0	1.0	1.0	1.0	1.0	0.0	1.0	0.0	1.0	1.0	1.0	1.0	0.0	1.0	0.0	1.0	1.0	1.0	1.0	1.0	0.0	1.0
ckb	0.0	1.0	1.0	1.0	0.36602540378443865	0.5	1.0	0.585786437626905	1.0	0.4364916731037085	1.0	1.0	1.0	1.0	0.585786437626905	1.0	1.0	1.0	1.0	0.0	1.0	1.0	1.0	0.585786437626905	1.0	1.0	0.4364916731037085	1.0	1.0	1.0	1.0	1.0	1.0	0.0	1.0
da	1.0	1.0	1.0	0.36602540378443865	1.0	0.08312909113185159	0.585786437626905	0.12760066293416555	0.08168428097648857	0.08225755911115751	0.4364916731037085	0.3797958971132712	0.3597752501562547	0.140507398898049	0.09257640213877058	0.0973366881823024	0.09708231133180277	0.3797958971132712	1.0	1.0	1.0	0.09277914374346799	0.1111111111111111	0.0720802809270658	0.19230570902491237	0.10687604006510096	0.2152133048436267	1.0	0.3380788308512194	0.16713169773043432	0.08519162975711597	1.0	0.4142135623730951	1.0	0.10960059084055324
de	1.0	1.0	1.0	0.5	0.08312909113185159	1.0	0.27429188517743175	0.03599995854600531	0.05394021550384019	0.044534515577480734	0.1797153602962883	0.5	0.19152850794894227	0.1274462250295403	0.04201780403192505	0.15395385841142584	0.1409155867112616	1.0	1.0	1.0	1.0	0.07800814990259401	0.06481932851686152	0.05104611552777078	0.2674788903885893	0.06345963400137736	0.07379642145189462	1.0	0.44948974278317805	0.21712927295533244	0.14070385372908664	1.0	0.35388936786452296	1.0	0.13344744727755592
el	1.0	1.0	1.0	1.0	0.585786437626905	0.27429188517743175	1.0	0.06996239667436939	0.26427884169111276	0.28989794855663564	1.0	1.0	0.39564392373896007	1.0	0.08462632608958592	1.0	1.0	1.0	1.0	1.0	1.0	1.0	1.0	0.27429188517743175	1.0	1.0	0.36602540378443865	1.0	0.585786437626905	1.0	0.44948974278317805	1.0	1.0	1.0	1.0
en	1.0	0.585786437626905	1.0	0.585786437626905	0.12760066293416555	0.03599995854600531	0.06996239667436939	1.0	0.02673290111592875	0.03371905155054181	0.061943455133433856	0.1490948810446894	0.07013398177719522	0.0584277643683134	0.1117276662253372	0.03917950127759082	0.046962297386378735	0.2025519956555797	0.585786437626905	0.585786437626905	1.0	0.03272440544420706	0.04140869356386142	0.06670491259480103	0.08641599493230198	0.030424152863695538	0.12040426031667006	1.0	0.11741708448984602	0.05754795238303675	0.04613880037400816	0.5	0.10744067005830887	1.0	0.04475316452074179
es	1.0	1.0	1.0	1.0	0.08168428097648857	0.05394021550384019	0.26427884169111276	0.02673290111592875	1.0	0.036642021736826694	0.3164309725825328	0.585786437626905	0.15591576688082018	0.14229378603797288	0.030704494618903025	0.16766828222228466	0.18528919924132578	1.0	1.0	1.0	1.0	0.11213886021699114	0.15707061676257178	0.037717227659362404	0.22772999919644132	0.06843458633091973	0.0628752051230331	1.0	0.38742588672279304	0.2063099139372659	0.16800234228426775	0.585786437626905	0.3721897513507093	1.0	0.20991366558572697
fr	1.0	1.0	1.0	0.4364916731037085	0.08225755911115751	0.044534515577480734	0.28989794855663564	0.03371905155054181	0.036642021736826694	1.0	0.2225758785102318	0.4364916731037085	0.18212510583143446	0.10544505017467212	0.03406947944753926	0.09543765259371806	0.11617691476661923	1.0	1.0	1.0	1.0	0.06337627279802063	0.08951739650477385	0.042859580370984356	0.21059720827495354	0.06665079945232313	0.07200543142985158	1.0	0.44948974278317805	0.15366717774838984	0.11496935639446146	0.585786437626905	0.5	1.0	0.10783861923549447
he	0.0	1.0	1.0	1.0	0.4364916731037085	0.1797153602962883	1.0	0.061943455133433856	0.3164309725825328	0.2225758785102318	1.0	1.0	0.39564392373896007	0.39564392373896007	0.08709187275883641	1.0	1.0	1.0	1.0	1.0	1.0	0.39564392373896007	0.4142135623730951	0.1023021629920016	0.5	1.0	0.12353916657968082	1.0	0.585786437626905	1.0	0.585786437626905	1.0	0.585786437626905	1.0	1.0
hi	1.0	1.0	1.0	1.0	0.3797958971132712	0.5	1.0	0.1490948810446894	0.585786437626905	0.4364916731037085	1.0	1.0	0.585786437626905	0.5	0.2449655295864104	1.0	1.0	1.0	1.0	1.0	1.0	1.0	0.585786437626905	0.44948974278317805	0.5	1.0	0.2402530733520421	1.0	1.0	1.0	0.585786437626905	1.0	1.0	0.0	1.0
hu	1.0	1.0	1.0	1.0	0.3597752501562547	0.19152850794894227	0.39564392373896007	0.07013398177719522	0.15591576688082018	0.18212510583143446	0.39564392373896007	0.585786437626905	1.0	0.32037724101704074	0.06501387412988097	0.252650308587072	0.3430703308172536	0.585786437626905	1.0	1.0	1.0	0.27195617308673004	0.23800671553691075	0.18933139574356017	0.4142135623730951	0.22966848451216434	0.1547289086740508	1.0	0.3726822671238253	0.36602540378443865	0.38742588672279304	0.585786437626905	1.0	1.0	0.2958163163244893
id	1.0	1.0	1.0	1.0	0.140507398898049	0.1274462250295403	1.0	0.0584277643683134	0.14229378603797288	0.10544505017467212	0.39564392373896007	0.5	0.32037724101704074	1.0	0.059121938973199444	0.19612533584707842	0.2222222222222222	0.585786437626905	1.0	1.0	1.0	0.19329916803145003	0.2037341583014049	0.11091177727419017	0.22646721143623746	0.2025519956555797	0.1138163709787683	1.0	0.3380788308512194	0.24257131419419417	0.1827439976315568	1.0	0.585786437626905	1.0	0.1951941016011038
it	1.0	0.585786437626905	1.0	0.585786437626905	0.09257640213877058	0.04201780403192505	0.08462632608958592	0.1117276662253372	0.030704494618903025	0.03406947944753926	0.08709187275883641	0.2449655295864104	0.06501387412988097	0.059121938973199444	1.0	0.04918988736686402	0.05363458319777184	0.4364916731037085	0.585786437626905	1.0	1.0	0.04100038613825751	0.04388629569602759	0.05226620244132313	0.12146517888828845	0.039643383847000224	0.07665304355268875	1.0	0.1926158925399513	0.06543279239943695	0.05543658198367446	0.44948974278317805	0.12378962990462623	1.0	0.04817126126339935
ja	1.0	1.0	1.0	1.0	0.0973366881823024	0.15395385841142584	1.0	0.03917950127759082	0.16766828222228466	0.09543765259371806	1.0	1.0	0.252650308587072	0.19612533584707842	0.04918988736686402	1.0	1.0	1.0	1.0	1.0	1.0	0.2791745113185196	0.38742588672279304	0.09212256177703344	0.29429805508554946	1.0	0.06716618409727734	1.0	0.44948974278317805	1.0	0.2612038749637414	1.0	0.585786437626905	1.0	1.0
ko	1.0	1.0	1.0	1.0	0.09708231133180277	0.1409155867112616	1.0	0.046962297386378735	0.18528919924132578	0.11617691476661923	1.0	1.0	0.3430703308172536	0.2222222222222222	0.05363458319777184	1.0	1.0	1.0	1.0	1.0	1.0	0.2791745113185196	0.3660254037844386	0.10210398216832245	0.29429805508554946	1.0	0.0944720193269921	1.0	0.44948974278317805	1.0	0.23582845781094	1.0	0.585786437626905	1.0	1.0
lv	1.0	1.0	1.0	1.0	0.3797958971132712	1.0	1.0	0.2025519956555797	1.0	1.0	1.0	1.0	0.585786437626905	0.585786437626905	0.4364916731037085	1.0	1.0	1.0	1.0	1.0	1.0	1.0	1.0	0.585786437626905	0.39564392373896007	1.0	0.2857142857142857	1.0	1.0	1.0	0.585786437626905	1.0	1.0	1.0	1.0
mk	0.0	1.0	0.0	1.0	1.0	1.0	1.0	0.585786437626905	1.0	1.0	1.0	1.0	1.0	1.0	0.585786437626905	1.0	1.0	1.0	1.0	1.0	1.0	1.0	1.0	1.0	0.5	1.0	1.0	1.0	1.0	1.0	1.0	1.0	1.0	0.0	1.0
ml	1.0	1.0	1.0	0.0	1.0	1.0	1.0	0.585786437626905	1.0	1.0	1.0	1.0	1.0	1.0	1.0	1.0	1.0	1.0	1.0	1.0	0.0	1.0	1.0	1.0	1.0	1.0	1.0	1.0	1.0	1.0	1.0	1.0	1.0	0.0	1.0
mr	0.0	1.0	0.0	1.0	1.0	1.0	1.0	1.0	1.0	1.0	1.0	1.0	1.0	1.0	1.0	1.0	1.0	1.0	1.0	0.0	1.0	1.0	1.0	1.0	1.0	1.0	0.585786437626905	1.0	1.0	1.0	1.0	1.0	1.0	1.0	1.0
nl	1.0	1.0	1.0	1.0	0.09277914374346799	0.07800814990259401	1.0	0.03272440544420706	0.11213886021699114	0.06337627279802063	0.39564392373896007	1.0	0.27195617308673004	0.19329916803145003	0.04100038613825751	0.2791745113185196	0.2791745113185196	1.0	1.0	1.0	1.0	1.0	0.17100799366294794	0.05301550734413735	0.23582845781094	0.15966587815641597	0.06658224857461108	1.0	0.40453726661826384	0.36602540378443865	0.1886378647726465	0.5	1.0	1.0	0.36602540378443865
pl	1.0	1.0	1.0	1.0	0.1111111111111111	0.06481932851686152	1.0	0.04140869356386142	0.15707061676257178	0.08951739650477385	0.4142135623730951	0.585786437626905	0.23800671553691075	0.2037341583014049	0.04388629569602759	0.38742588672279304	0.3660254037844386	1.0	1.0	1.0	1.0	0.17100799366294794	1.0	0.06065011051816911	0.2553967929896867	0.22646721143623746	0.07056885849052803	1.0	0.44948974278317805	0.5	0.17768887145983384	0.5	0.585786437626905	1.0	0.3660254037844386
pt	1.0	1.0	1.0	0.585786437626905	0.0720802809270658	0.05104611552777078	0.27429188517743175	0.06670491259480103	0.037717227659362404	0.042859580370984356	0.1023021629920016	0.44948974278317805	0.18933139574356017	0.11091177727419017	0.05226620244132313	0.09212256177703344	0.10210398216832245	0.585786437626905	1.0	1.0	1.0	0.05301550734413735	0.06065011051816911	1.0	0.24741546549521673	0.04833828168392161	0.07858960168466972	1.0	0.2708131845707603	0.11551750829599614	0.11663650709358647	0.25824569976124334	0.25824569976124334	1.0	0.08925793878241789
ro	1.0	0.5	1.0	1.0	0.19230570902491237	0.2674788903885893	1.0	0.08641599493230198	0.22772999919644132	0.21059720827495354	0.5	0.5	0.4142135623730951	0.22646721143623746	0.12146517888828845	0.29429805508554946	0.29429805508554946	0.39564392373896007	0.5	1.0	1.0	0.23582845781094	0.2553967929896867	0.24741546549521673	1.0	0.27429188517743175	0.18790357975464342	1.0	0.39564392373896	0.29429805508554946	0.2409950157865829	1.0	0.5	1.0	0.29429805508554946
ru	1.0	1.0	0.0	1.0	0.10687604006510096	0.06345963400137736	1.0	0.030424152863695538	0.06843458633091973	0.06665079945232313	1.0	1.0	0.22966848451216434	0.2025519956555797	0.039643383847000224	1.0	1.0	1.0	1.0	1.0	1.0	0.15966587815641597	0.22646721143623746	0.04833828168392161	0.27429188517743175	1.0	0.06825042719609466	1.0	0.44948974278317805	1.0	0.22772999919644132	1.0	0.585786437626905	1.0	0.585786437626905
sh	1.0	1.0	1.0	0.4364916731037085	0.2152133048436267	0.07379642145189462	0.36602540378443865	0.12040426031667006	0.0628752051230331	0.07200543142985158	0.12353916657968082	0.2402530733520421	0.1547289086740508	0.1138163709787683	0.07665304355268875	0.06716618409727734	0.0944720193269921	0.2857142857142857	1.0	1.0	0.585786437626905	0.06658224857461108	0.07056885849052803	0.07858960168466972	0.18790357975464342	0.06825042719609466	1.0	0.585786437626905	0.16210563513668505	0.12297975901832305	0.1652960191502465	0.1252238426491463	0.4142135623730951	1.0	0.09777762486896531
si	0.0	0.0	0.0	1.0	1.0	1.0	1.0	1.0	1.0	1.0	1.0	1.0	1.0	1.0	1.0	1.0	1.0	1.0	1.0	1.0	1.0	1.0	1.0	1.0	1.0	1.0	0.585786437626905	1.0	1.0	1.0	1.0	1.0	1.0	1.0	1.0
simple	1.0	1.0	1.0	1.0	0.3380788308512194	0.44948974278317805	0.585786437626905	0.11741708448984602	0.38742588672279304	0.44948974278317805	0.585786437626905	1.0	0.3726822671238253	0.3380788308512194	0.1926158925399513	0.44948974278317805	0.44948974278317805	1.0	1.0	1.0	1.0	0.40453726661826384	0.44948974278317805	0.2708131845707603	0.39564392373896	0.44948974278317805	0.16210563513668505	1.0	1.0	1.0	0.44948974278317805	1.0	1.0	1.0	0.44948974278317805
sr	1.0	1.0	1.0	1.0	0.16713169773043432	0.21712927295533244	1.0	0.05754795238303675	0.2063099139372659	0.15366717774838984	1.0	1.0	0.36602540378443865	0.24257131419419417	0.06543279239943695	1.0	1.0	1.0	1.0	1.0	1.0	0.36602540378443865	0.5	0.11551750829599614	0.29429805508554946	1.0	0.12297975901832305	1.0	1.0	1.0	0.28989794855663564	1.0	0.585786437626905	1.0	1.0
sv	1.0	1.0	1.0	1.0	0.08519162975711597	0.14070385372908664	0.44948974278317805	0.04613880037400816	0.16800234228426775	0.11496935639446146	0.585786437626905	0.585786437626905	0.38742588672279304	0.1827439976315568	0.05543658198367446	0.2612038749637414	0.23582845781094	0.585786437626905	1.0	1.0	1.0	0.1886378647726465	0.17768887145983384	0.11663650709358647	0.2409950157865829	0.22772999919644132	0.1652960191502465	1.0	0.44948974278317805	0.28989794855663564	1.0	1.0	1.0	1.0	0.25355482027512377
te	0.0	1.0	1.0	1.0	1.0	1.0	1.0	0.5	0.585786437626905	0.585786437626905	1.0	1.0	0.585786437626905	1.0	0.44948974278317805	1.0	1.0	1.0	1.0	1.0	1.0	0.5	0.5	0.25824569976124334	1.0	1.0	0.1252238426491463	1.0	1.0	1.0	1.0	1.0	1.0	1.0	1.0
vi	1.0	1.0	1.0	1.0	0.4142135623730951	0.35388936786452296	1.0	0.10744067005830887	0.3721897513507093	0.5	0.585786437626905	1.0	1.0	0.585786437626905	0.12378962990462623	0.585786437626905	0.585786437626905	1.0	1.0	1.0	1.0	1.0	0.585786437626905	0.25824569976124334	0.5	0.585786437626905	0.4142135623730951	1.0	1.0	0.585786437626905	1.0	1.0	1.0	1.0	0.585786437626905
war	0.0	0.0	0.0	0.0	1.0	1.0	1.0	1.0	1.0	1.0	1.0	0.0	1.0	1.0	1.0	1.0	1.0	1.0	0.0	0.0	1.0	1.0	1.0	1.0	1.0	1.0	1.0	1.0	1.0	1.0	1.0	1.0	1.0	1.0	0.0
zh	1.0	1.0	1.0	1.0	0.10960059084055324	0.13344744727755592	1.0	0.04475316452074179	0.20991366558572697	0.10783861923549447	1.0	1.0	0.2958163163244893	0.1951941016011038	0.04817126126339935	1.0	1.0	1.0	1.0	1.0	1.0	0.36602540378443865	0.3660254037844386	0.08925793878241789	0.29429805508554946	0.585786437626905	0.09777762486896531	1.0	0.44948974278317805	1.0	0.25355482027512377	1.0	0.585786437626905	0.0	1.0
