arz	bs	ceb	ckb	da	de	el	en	es	fr	he	hi	hu	id	it	ja	ko	lv	mk	ml	mr	nl	pl	pt	ro	ru	sh	si	simple	sr	sv	te	vi	war	zh
arz	1.0	0.585786437626905	0.0	1.0	0.28989794855663564	0.44948974278317805	1.0	0.30216947925196225	1.0	0.4364916731037085	1.0	1.0	1.0	0.585786437626905	0.4142135623730951	1.0	1.0	1.0	1.0	1.0	1.0	0.4142135623730951	0.585786437626905	0.4142135623730951	1.0	1.0	0.585786437626905	1.0	0.5	1.0	0.5	1.0	1.0	1.0	1.0
bs	0.585786437626905	1.0	0.0	0.39564392373896007	0.11580511596327714	0.12985754503645516	0.16202097927744855	0.06919300491210922	0.12492566476076226	0.13192136053297496	0.14530287106967552	0.3090169943749474	0.21498516621900873	0.12037271684309245	0.09460031888746488	0.14713345700845937	0.141516769699476	0.2402530733520421	0.19404996501286384	0.3430703308172536	0.38742588672279304	0.11601797579589657	0.14285714285714285	0.1339532340710256	0.139263840218951	0.1368227865524485	0.11339925180817256	1.0	0.21239994067041815	0.139263840218951	0.156234931905558	1.0	0.15143323323844604	0.353889367864523	0.13340176474671567
ceb	0.0	0.0	1.0	0.0	1.0	1.0	1.0	1.0	1.0	1.0	1.0	1.0	1.0	1.0	1.0	1.0	1.0	1.0	1.0	0.0	1.0	1.0	1.0	1.0	1.0	1.0	1.0	0.0	1.0	1.0	1.0	0.0	1.0	0.0	1.0
ckb	1.0	0.39564392373896007	0.0	1.0	0.4364916731037085	0.585786437626905	1.0	1.0	1.0	1.0	1.0	1.0	1.0	0.585786437626905	0.5	1.0	1.0	1.0	1.0	1.0	1.0	0.5	0.4364916731037085	0.585786437626905	1.0	1.0	1.0	1.0	1.0	1.0	0.5	1.0	1.0	1.0	1.0
da	0.28989794855663564	0.11580511596327714	1.0	0.4364916731037085	1.0	0.010515535345198078	0.02055476766504654	0.016232734869320566	0.00916807097987434	0.009201234823317264	0.013904050915921534	0.13285739300077617	0.024490318729969714	0.010701760671237051	0.01793629188270471	0.011364643687071092	0.011099870958293756	0.0598169135369768	0.09899733557210628	0.10216990956091021	0.15402579489467522	0.013672586617244808	0.011027275324720026	0.009842455919747545	0.015086770668418447	0.008568924232354664	0.013455569584455526	0.585786437626905	0.038383380817082514	0.011053399955698704	0.010306772332835034	0.585786437626905	0.014436795784184268	0.44948974278317805	0.010455238760770562
de	0.44948974278317805	0.12985754503645516	1.0	0.585786437626905	0.010515535345198078	1.0	0.14763410387308012	0.0034855857400346454	0.02192512473973804	0.005256732928726573	0.0902957297493029	0.27429188517743175	0.1334017647467157	0.018981150419529105	0.00403160274311126	0.06350060602195208	0.06676211421813397	0.34833147735478825	0.26533119314590375	0.38742588672279304	0.38742588672279304	0.005501440523191931	0.023671170345858965	0.00823966810474873	0.12603641814311306	0.013026305535486008	0.019826946284333537	1.0	0.14577950968030293	0.06180143455275058	0.02773791653937203	0.585786437626905	0.11881849050177154	0.585786437626905	0.06868107517331848
el	1.0	0.16202097927744855	1.0	1.0	0.02055476766504654	0.14763410387308012	1.0	0.008290674649829044	0.0952892862071363	0.06326273949581145	1.0	1.0	1.0	0.08378807823257645	0.009608781643440796	1.0	1.0	0.585786437626905	1.0	1.0	1.0	0.014832074121225357	0.11080380219393614	0.08006965872577144	0.38742588672279304	1.0	0.05222794768382554	1.0	0.22901628833426058	0.44948974278317805	0.10364091225170544	1.0	1.0	1.0	1.0
en	0.30216947925196225	0.06919300491210922	1.0	1.0	0.016232734869320566	0.0034855857400346454	0.008290674649829044	1.0	0.0030507298299466894	0.005784272759262512	0.006134864778251832	0.036031890153703915	0.008417258745942334	0.005394152148859071	0.02082230803996686	0.004423725273917791	0.004535890162375128	0.034412893002532176	0.016243375913669113	0.08044436092278791	0.08010067832063947	0.016432199955501242	0.003987799345634782	0.005383906781320147	0.008235499577622596	0.002518995838818318	0.006811144085978041	0.4142135623730951	0.021652210882364773	0.004363447343054052	0.00501948103613991	0.5	0.006941380660451249	0.44948974278317805	0.004436910761655177
es	1.0	0.12492566476076226	1.0	1.0	0.00916807097987434	0.02192512473973804	0.0952892862071363	0.0030507298299466894	1.0	0.003714420619154652	0.07329517732617084	0.21393876913398135	0.09890772657493047	0.006625489893804882	0.003535216170187452	0.05690060006391157	0.05795163611399376	0.2303268468157938	0.21290885543182675	0.26427884169111276	0.3333333333333333	0.005196554856996553	0.02573282392256968	0.004816067510514066	0.1098975648997931	0.01732999550913874	0.016090941800356535	0.585786437626905	0.1247219569701368	0.04707135941214737	0.021498607043715288	1.0	0.07773746345405848	1.0	0.058562705882944675
fr	0.4364916731037085	0.13192136053297496	1.0	1.0	0.009201234823317264	0.005256732928726573	0.06326273949581145	0.005784272759262512	0.003714420619154652	1.0	0.039597898120510525	0.2	0.05549212256129257	0.0062958056589359065	0.005577936059193446	0.015119160493317125	0.009961715976406497	0.18933139574356017	0.12353916657968082	0.226969554074083	0.25728427444747215	0.005372713653932941	0.007678095447682966	0.0052449389265167784	0.05039494688080891	0.0034278336030491765	0.017295101073021214	0.585786437626905	0.10597054697083991	0.00894984722935361	0.009897735226524923	1.0	0.027118804221853962	1.0	0.008926896118699556
he	1.0	0.14530287106967552	1.0	1.0	0.013904050915921534	0.0902957297493029	1.0	0.006134864778251832	0.07329517732617084	0.039597898120510525	1.0	1.0	1.0	0.04467828938502095	0.007059079369129103	1.0	1.0	0.44948974278317805	1.0	1.0	1.0	0.00952945441740526	0.08141932068611889	0.03363715576361594	0.2791745113185196	1.0	0.06300088080864016	1.0	0.18933139574356017	0.38742588672279304	0.055738022189151804	1.0	1.0	1.0	1.0
hi	1.0	0.3090169943749474	1.0	1.0	0.13285739300077617	0.27429188517743175	1.0	0.036031890153703915	0.21393876913398135	0.2	1.0	1.0	1.0	0.1896812679802183	0.044212781607122116	1.0	1.0	1.0	1.0	1.0	1.0	0.13507810593582123	0.2	0.21712927295533244	0.585786437626905	1.0	0.1898921977639714	1.0	0.3090169943749474	1.0	0.1921904042583698	1.0	1.0	1.0	1.0
hu	1.0	0.21498516621900873	1.0	1.0	0.024490318729969714	0.1334017647467157	1.0	0.008417258745942334	0.09890772657493047	0.05549212256129257	1.0	1.0	1.0	0.09049875621120891	0.009326557496724718	0.5	1.0	0.585786437626905	1.0	1.0	1.0	0.019382479541803173	0.1014777448122928	0.0985341041014044	0.31264808514230086	0.44948974278317805	0.08378807823257643	1.0	0.24660605559646726	0.38742588672279304	0.09551783993490068	1.0	1.0	1.0	0.585786437626905
id	0.585786437626905	0.12037271684309245	1.0	0.585786437626905	0.010701760671237051	0.018981150419529105	0.08378807823257645	0.005394152148859071	0.006625489893804882	0.0062958056589359065	0.04467828938502095	0.1896812679802183	0.09049875621120891	1.0	0.005202653591772708	0.040488942543271136	0.03420097105732353	0.17161467957214657	0.18151291824946006	0.30216947925196225	0.38742588672279304	0.00668663999474394	0.027205342778588625	0.006413154395855972	0.07600540174603233	0.005618020756354194	0.034276624964914376	1.0	0.12085491391842823	0.02916224225804337	0.021259871889532912	1.0	0.05909577555679468	0.5	0.025020558400043153
it	0.4142135623730951	0.09460031888746488	1.0	0.5	0.01793629188270471	0.00403160274311126	0.009608781643440796	0.02082230803996686	0.003535216170187452	0.005577936059193446	0.007059079369129103	0.044212781607122116	0.009326557496724718	0.005202653591772708	1.0	0.004871749292041627	0.005442171806239462	0.03191433694491218	0.019046210227116705	0.0508782654356704	0.11573600688397494	0.015046125688928368	0.0045984621628584145	0.005340536367013147	0.009019503728219174	0.003100930610336657	0.006603615065140324	0.5	0.021118199151964473	0.004850526159810235	0.0063364360369766596	0.44948974278317805	0.008621541628625082	0.27429188517743175	0.005307804178089868
ja	1.0	0.14713345700845937	1.0	1.0	0.011364643687071092	0.06350060602195208	1.0	0.004423725273917791	0.05690060006391157	0.015119160493317125	1.0	1.0	0.5	0.040488942543271136	0.004871749292041627	1.0	1.0	0.4142135623730951	1.0	1.0	1.0	0.0068274521568453565	0.054507351602479534	0.021139869007218634	0.2958163163244893	1.0	0.034315314674649905	1.0	0.1852891992413258	0.34833147735478825	0.045454545454545456	1.0	1.0	1.0	1.0
ko	1.0	0.141516769699476	1.0	1.0	0.011099870958293756	0.06676211421813397	1.0	0.004535890162375128	0.05795163611399376	0.009961715976406497	1.0	1.0	1.0	0.03420097105732353	0.005442171806239462	1.0	1.0	0.44948974278317805	1.0	1.0	1.0	0.008709850034629376	0.05076877188399982	0.014682727966328383	0.27429188517743175	1.0	0.048445405870381965	1.0	0.1715130857640215	0.34833147735478825	0.04759638833562649	1.0	1.0	1.0	1.0
lv	1.0	0.2402530733520421	1.0	1.0	0.0598169135369768	0.34833147735478825	0.585786437626905	0.034412893002532176	0.2303268468157938	0.18933139574356017	0.44948974278317805	1.0	0.585786437626905	0.17161467957214657	0.03191433694491218	0.4142135623730951	0.44948974278317805	1.0	0.585786437626905	0.585786437626905	1.0	0.07192439819071868	0.16879264089884097	0.12382188472844839	0.3660254037844386	0.38742588672279304	0.1345119598232219	1.0	0.25175647872610657	0.4142135623730951	0.17025921636942778	1.0	0.44948974278317805	1.0	0.4142135623730951
mk	1.0	0.19404996501286384	1.0	1.0	0.09899733557210628	0.26533119314590375	1.0	0.016243375913669113	0.21290885543182675	0.12353916657968082	1.0	1.0	1.0	0.18151291824946006	0.019046210227116705	1.0	1.0	0.585786437626905	1.0	1.0	1.0	0.07400710448195769	0.17656335067683893	0.15352447281755405	0.38742588672279304	1.0	0.13100580420257674	1.0	0.2958163163244893	0.585786437626905	0.2372732414640341	1.0	1.0	1.0	1.0
ml	1.0	0.3430703308172536	0.0	1.0	0.10216990956091021	0.38742588672279304	1.0	0.08044436092278791	0.26427884169111276	0.226969554074083	1.0	1.0	1.0	0.30216947925196225	0.0508782654356704	1.0	1.0	0.585786437626905	1.0	1.0	1.0	0.1639607805437114	0.28989794855663564	0.28436465220442186	1.0	1.0	0.2958163163244893	1.0	0.38742588672279304	1.0	0.20856217852254144	1.0	1.0	1.0	1.0
mr	1.0	0.38742588672279304	1.0	1.0	0.15402579489467522	0.38742588672279304	1.0	0.08010067832063947	0.3333333333333333	0.25728427444747215	1.0	1.0	1.0	0.38742588672279304	0.11573600688397494	1.0	1.0	1.0	1.0	1.0	1.0	0.2240092377397959	0.2612038749637414	0.2612038749637414	1.0	1.0	0.30216947925196225	1.0	0.44948974278317805	1.0	0.2612038749637414	1.0	1.0	1.0	1.0
nl	0.4142135623730951	0.11601797579589657	1.0	0.5	0.013672586617244808	0.005501440523191931	0.014832074121225357	0.016432199955501242	0.005196554856996553	0.005372713653932941	0.00952945441740526	0.13507810593582123	0.019382479541803173	0.00668663999474394	0.015046125688928368	0.0068274521568453565	0.008709850034629376	0.07192439819071868	0.07400710448195769	0.1639607805437114	0.2240092377397959	1.0	0.006966711926835438	0.005847753128857712	0.016435960316774204	0.0052257976692356494	0.009437043299318977	0.585786437626905	0.051258375652117376	0.006944130703215018	0.008410162507362403	0.5	0.017604911722339422	0.44948974278317805	0.007415507844835711
pl	0.585786437626905	0.14285714285714285	1.0	0.4364916731037085	0.011027275324720026	0.023671170345858965	0.11080380219393614	0.003987799345634782	0.02573282392256968	0.007678095447682966	0.08141932068611889	0.2	0.1014777448122928	0.027205342778588625	0.0045984621628584145	0.054507351602479534	0.05076877188399982	0.16879264089884097	0.17656335067683893	0.28989794855663564	0.2612038749637414	0.006966711926835438	1.0	0.012172834078457925	0.09253723771177337	0.019894931852146837	0.03614898033860007	1.0	0.12057151363073157	0.0452671551503895	0.02725551997339121	1.0	0.10989756489979312	1.0	0.0603997891539587
pt	0.4142135623730951	0.1339532340710256	1.0	0.585786437626905	0.009842455919747545	0.00823966810474873	0.08006965872577144	0.005383906781320147	0.004816067510514066	0.0052449389265167784	0.03363715576361594	0.21712927295533244	0.0985341041014044	0.006413154395855972	0.005340536367013147	0.021139869007218634	0.014682727966328383	0.12382188472844839	0.15352447281755405	0.28436465220442186	0.2612038749637414	0.005847753128857712	0.012172834078457925	1.0	0.06790482024680472	0.004510458410519997	0.019791999573765477	0.5	0.109893037149876	0.012456903295402133	0.020349818322429096	1.0	0.057601955959040135	1.0	0.015527249499217952
ro	1.0	0.139263840218951	1.0	1.0	0.015086770668418447	0.12603641814311306	0.38742588672279304	0.008235499577622596	0.1098975648997931	0.05039494688080891	0.2791745113185196	0.585786437626905	0.31264808514230086	0.07600540174603233	0.009019503728219174	0.2958163163244893	0.27429188517743175	0.3660254037844386	0.38742588672279304	1.0	1.0	0.016435960316774204	0.09253723771177337	0.06790482024680472	1.0	0.24025307335204216	0.07074116772760893	1.0	0.2118949818756026	0.3090169943749474	0.088977351867786	1.0	0.32449979983983984	1.0	0.28436465220442186
ru	1.0	0.1368227865524485	1.0	1.0	0.008568924232354664	0.013026305535486008	1.0	0.002518995838818318	0.01732999550913874	0.0034278336030491765	1.0	1.0	0.44948974278317805	0.005618020756354194	0.003100930610336657	1.0	1.0	0.38742588672279304	1.0	1.0	1.0	0.0052257976692356494	0.019894931852146837	0.004510458410519997	0.24025307335204216	1.0	0.011711635454406894	1.0	0.1657488886375548	0.23166247903554	0.014280807037607165	1.0	1.0	1.0	1.0
sh	0.585786437626905	0.11339925180817256	1.0	1.0	0.013455569584455526	0.019826946284333537	0.05222794768382554	0.006811144085978041	0.016090941800356535	0.017295101073021214	0.06300088080864016	0.1898921977639714	0.08378807823257643	0.034276624964914376	0.006603615065140324	0.034315314674649905	0.048445405870381965	0.1345119598232219	0.13100580420257674	0.2958163163244893	0.30216947925196225	0.009437043299318977	0.03614898033860007	0.019791999573765477	0.07074116772760893	0.011711635454406894	1.0	0.4142135623730951	0.12817291240865636	0.01547936982310342	0.03909963637762435	1.0	0.08923625778607343	0.5	0.04289550430788044
si	1.0	1.0	0.0	1.0	0.585786437626905	1.0	1.0	0.4142135623730951	0.585786437626905	0.585786437626905	1.0	1.0	1.0	1.0	0.5	1.0	1.0	1.0	1.0	1.0	1.0	0.585786437626905	1.0	0.5	1.0	1.0	0.4142135623730951	1.0	0.585786437626905	1.0	0.44948974278317805	1.0	1.0	1.0	1.0
simple	0.5	0.21239994067041815	1.0	1.0	0.038383380817082514	0.14577950968030293	0.22901628833426058	0.021652210882364773	0.1247219569701368	0.10597054697083991	0.18933139574356017	0.3090169943749474	0.24660605559646726	0.12085491391842823	0.021118199151964473	0.1852891992413258	0.1715130857640215	0.25175647872610657	0.2958163163244893	0.38742588672279304	0.44948974278317805	0.051258375652117376	0.12057151363073157	0.109893037149876	0.2118949818756026	0.1657488886375548	0.12817291240865636	0.585786437626905	1.0	0.183369720635175	0.11696132920126338	1.0	0.20894541729001367	1.0	0.1757340838011157
sr	1.0	0.139263840218951	1.0	1.0	0.011053399955698704	0.06180143455275058	0.44948974278317805	0.004363447343054052	0.04707135941214737	0.00894984722935361	0.38742588672279304	1.0	0.38742588672279304	0.02916224225804337	0.004850526159810235	0.34833147735478825	0.34833147735478825	0.4142135623730951	0.585786437626905	1.0	1.0	0.006944130703215018	0.0452671551503895	0.012456903295402133	0.3090169943749474	0.23166247903554	0.01547936982310342	1.0	0.183369720635175	1.0	0.0384991430792434	1.0	0.38742588672279304	1.0	0.32449979983983984
sv	0.5	0.156234931905558	1.0	0.5	0.010306772332835034	0.02773791653937203	0.10364091225170544	0.00501948103613991	0.021498607043715288	0.009897735226524923	0.055738022189151804	0.1921904042583698	0.09551783993490068	0.021259871889532912	0.0063364360369766596	0.045454545454545456	0.04759638833562649	0.17025921636942778	0.2372732414640341	0.20856217852254144	0.2612038749637414	0.008410162507362403	0.02725551997339121	0.020349818322429096	0.088977351867786	0.014280807037607165	0.03909963637762435	0.44948974278317805	0.11696132920126338	0.0384991430792434	1.0	1.0	0.09009410830061462	0.5	0.038608035463236136
te	1.0	1.0	0.0	1.0	0.585786437626905	0.585786437626905	1.0	0.5	1.0	1.0	1.0	1.0	1.0	1.0	0.44948974278317805	1.0	1.0	1.0	1.0	1.0	1.0	0.5	1.0	1.0	1.0	1.0	1.0	1.0	1.0	1.0	1.0	1.0	1.0	1.0	1.0
vi	1.0	0.15143323323844604	1.0	1.0	0.014436795784184268	0.11881849050177154	1.0	0.006941380660451249	0.07773746345405848	0.027118804221853962	1.0	1.0	1.0	0.05909577555679468	0.008621541628625082	1.0	1.0	0.44948974278317805	1.0	1.0	1.0	0.017604911722339422	0.10989756489979312	0.057601955959040135	0.32449979983983984	1.0	0.08923625778607343	1.0	0.20894541729001367	0.38742588672279304	0.09009410830061462	1.0	1.0	1.0	1.0
war	1.0	0.353889367864523	0.0	1.0	0.44948974278317805	0.585786437626905	1.0	0.44948974278317805	1.0	1.0	1.0	1.0	1.0	0.5	0.27429188517743175	1.0	1.0	1.0	1.0	1.0	1.0	0.44948974278317805	1.0	1.0	1.0	1.0	0.5	1.0	1.0	1.0	0.5	1.0	1.0	1.0	1.0
zh	1.0	0.13340176474671567	1.0	1.0	0.010455238760770562	0.06868107517331848	1.0	0.004436910761655177	0.058562705882944675	0.008926896118699556	1.0	1.0	0.585786437626905	0.025020558400043153	0.005307804178089868	1.0	1.0	0.4142135623730951	1.0	1.0	1.0	0.007415507844835711	0.0603997891539587	0.015527249499217952	0.28436465220442186	1.0	0.04289550430788044	1.0	0.1757340838011157	0.32449979983983984	0.038608035463236136	1.0	1.0	1.0	1.0
