arz	bs	ceb	ckb	da	de	el	en	es	fr	he	hi	hu	id	it	ja	ko	lv	mk	ml	mr	nl	pl	pt	ro	ru	sh	si	simple	sr	sv	te	vi	war	zh
arz	1.0	0.0008688097306689834	0.0	0.0	0.0003916960438699569	0.0	0.0004581901489117984	0.0	0.0	4.088725339875294e-05	0.0003455425017277125	0.0	0.0	0.0	0.0	0.0	0.00020431096128307284	0.001037344398340249	0.0	0.037037037037037035	0.024691358024691357	3.124023742580444e-05	0.0	0.0	0.0001091077712010038	0.00012431626056688214	0.0	0.0	0.0	0.0003846153846153846	0.0	0.0	0.0	0.0	0.0003082139004469102
bs	0.0008688097306689834	1.0	0.0	0.0	0.03932584269662921	0.009716045159083133	0.03161993769470405	0.002805957263112454	0.0026801667659321023	0.007699578590839274	0.05748306302607267	0.0004385964912280702	0.0223410950283197	0.07636443661971831	0.00796676719968133	0.01418186151829341	0.017569051440155418	0.16504313943779572	0.00854335753951303	0.0008764241893076249	0.006887645286267757	0.005929840011742258	0.011301989150090416	0.007088281321918439	0.018554380822778185	0.013279559315364942	0.0008714596949891067	0.0	0.0021168501270110076	0.10839799178457325	0.027678571428571427	0.0	0.00995850622406639	0.0	0.013557358053302434
ceb	0.0	0.0	0.0	0.0	0.0	0.0	0.0	0.0	0.0	0.0	0.0	0.0	0.0	0.0	0.0	0.0	0.0	0.0	0.0	0.0	0.0	0.0	0.0	0.0	0.0	0.0	0.0	0.0	0.0	0.0	0.0	0.0	0.0	0.0	0.0
ckb	0.0	0.0	0.0	1.0	0.0	0.0	0.0	0.0	0.0	2.0452825557850817e-05	0.0	0.0	0.0	0.0	0.0	0.00016051364365971107	0.0	0.0005246589716684155	0.0	0.0	0.01694915254237288	0.0	0.00011229646266142616	0.0	2.7291831554815644e-05	0.00012467273407305821	0.0	0.0	0.0	0.0	0.0	0.0	0.0	0.0	0.00015463120457708364
da	0.0003916960438699569	0.03932584269662921	0.0	0.0	1.0	0.006910896403650027	0.015214180206794683	0.003460701416390167	0.003050471436494731	0.007582882671055726	0.02466325175488522	0.0	0.014511873350923483	0.03212206384260189	0.006386912432069024	0.012131715771230503	0.011599210266535044	0.04376470588235294	0.002688172043010753	0.0007898894154818325	0.0015473887814313346	0.006766807641825872	0.009178360250639837	0.004668701741784881	0.009223713704171283	0.008121536403592585	0.0	0.0	0.002297970126388357	0.029429550493852045	0.021701884637350087	0.0	0.006709677419354839	0.0	0.009311195871662552
de	0.0	0.009716045159083133	0.0	0.0	0.006910896403650027	1.0	0.013497228247770547	0.011853190528078242	0.0022906968151924926	0.028593456690801825	0.00986971969996052	0.0	0.019423430791249235	0.00909577314071696	0.01753618433045317	0.015525758645024701	0.011734740289274993	0.008342680874929894	0.0003186235462800701	0.0	0.0003191828917969997	0.01981651376146789	0.016641308482312666	0.00989010989010989	0.026692585857319037	0.0193952655659439	0.0	0.0	7.959882193743533e-05	0.00959023539668701	0.009324284449690174	0.0	0.0027516292541636496	0.0	0.014947763193142245
el	0.0004581901489117984	0.03161993769470405	0.0	0.0	0.015214180206794683	0.013497228247770547	1.0	0.00510289723704972	0.002399852316780506	0.01423155327782964	0.028367783321454027	0.00023025558369790466	0.02136123843293263	0.025361250368622825	0.011715352739550827	0.016146083613647284	0.018478417785477118	0.030507915567282322	0.0020385050962627408	0.0002300966405890474	0.00022722108611679165	0.009503167722574191	0.017355244970050684	0.008531761420926084	0.022733511341801214	0.016692706191925005	0.0004589261128958238	0.0	0.00135623869801085	0.023971589227582125	0.01482235799954741	0.0	0.004571026722925457	0.0	0.015691064549469134
en	0.0	0.002805957263112454	0.0	0.0	0.003460701416390167	0.011853190528078242	0.00510289723704972	1.0	0.0016517136529148992	0.022736946164513338	0.003914515446466356	0.0	0.008325709057639524	0.0036292474648639034	0.014439362096674496	0.0071837716383429855	0.006031122869904128	0.0028442240373395566	0.0002337267734018932	3.906402593851322e-05	0.0	0.01636190341711381	0.00933239716810017	0.006197679541782935	0.01614746603970742	0.008187380038387716	0.0	0.0	0.00019471921489212554	0.0038482095136290755	0.005924643855678338	0.0	0.0018203432647299206	0.0	0.007763389489564999
es	0.0	0.0026801667659321023	0.0	0.0	0.003050471436494731	0.0022906968151924926	0.002399852316780506	0.0016517136529148992	1.0	0.0023464292160519824	0.0025329280648429585	0.0	0.002931175987806308	0.0029834553837808516	0.0026096983674212537	0.0027408524050979853	0.0024011821204285187	0.002008704385671242	0.0	0.0	0.0	0.001787066484931092	0.0026088701585390327	0.0018501387604070306	0.0023379383634431457	0.00231099372730274	0.0	0.0	0.0	0.0032858707557502738	0.00280849569949096	0.0	0.000407000407000407	0.0	0.001856763925729443
fr	4.088725339875294e-05	0.007699578590839274	0.0	2.0452825557850817e-05	0.007582882671055726	0.028593456690801825	0.01423155327782964	0.022736946164513338	0.0023464292160519824	1.0	0.012241386053424069	0.0	0.026500318732355886	0.008596886321355135	0.03172515557836659	0.021401571301512008	0.0187565126780132	0.007836679628600905	0.00030637880675667394	0.0	0.0002247604258188431	0.03462832435751474	0.024587403166049175	0.016945259214757747	0.06398805821619605	0.02475737769855417	2.044613465824286e-05	0.0	0.000245057997059304	0.007220993718322538	0.009621007753400366	0.0	0.0022531953500428705	0.0	0.015407190022010272
he	0.0003455425017277125	0.05748306302607267	0.0	0.0	0.02466325175488522	0.00986971969996052	0.028367783321454027	0.003914515446466356	0.0025329280648429585	0.012241386053424069	1.0	0.0	0.01792044111855061	0.03943875616230565	0.008762744557729402	0.020062766195920196	0.021830530401034928	0.07735678845286423	0.0030581039755351682	0.0	0.002051983584131327	0.007777038943016566	0.01780466724286949	0.007338167205381323	0.01940144478844169	0.019182183961822776	0.0	0.0	0.0013540961408259986	0.0503181029496819	0.019029495718363463	0.0	0.006166982922201139	0.0	0.01621503972140603
hi	0.0	0.0004385964912280702	0.0	0.0	0.0	0.0	0.00023025558369790466	0.0	0.0	0.0	0.0	1.0	0.0	0.00038299502106472615	0.0	0.0	0.0	0.0	0.0	0.0	0.0	0.0	0.0	0.0	0.0	0.0	0.0	0.0	0.0	0.00038804811796662784	0.0	0.0	0.0	0.0	0.0
hu	0.0	0.0223410950283197	0.0	0.0	0.014511873350923483	0.019423430791249235	0.02136123843293263	0.008325709057639524	0.002931175987806308	0.026500318732355886	0.01792044111855061	0.0	1.0	0.021487938374214473	0.017732545220212434	0.020184716222255327	0.013585837793330589	0.024707554389417297	0.0013266118333775537	0.0	0.0005317734645041213	0.017222709224978084	0.02133499688084841	0.015234497954044697	0.03625044050276048	0.018344401341311066	0.00013363624214887077	0.0	0.00013239772275916854	0.018557955582598113	0.013578073925069148	0.0	0.005003411416875142	0.0	0.013455524038111863
id	0.0	0.07636443661971831	0.0	0.0	0.03212206384260189	0.00909577314071696	0.025361250368622825	0.0036292474648639034	0.0029834553837808516	0.008596886321355135	0.03943875616230565	0.00038299502106472615	0.021487938374214473	1.0	0.006638772663877267	0.020311598384304675	0.019772614928324272	0.10170731707317072	0.0048525569242254575	0.0	0.0022522522522522522	0.006311625607166749	0.010352693454992104	0.007328626329430691	0.01662781662781663	0.015278838808250574	0.0	0.0	0.001856665428889714	0.05661914460285132	0.01628984693161073	0.0	0.012201321809862735	0.0	0.014075067024128687
it	0.0	0.00796676719968133	0.0	0.0	0.006386912432069024	0.01753618433045317	0.011715352739550827	0.014439362096674496	0.0026096983674212537	0.03172515557836659	0.008762744557729402	0.0	0.017732545220212434	0.006638772663877267	1.0	0.01532620922384702	0.010911424903722721	0.006150989380839088	0.00019341112758687384	0.0	0.00032285142377477886	0.018492665220472947	0.01815595716198126	0.011291134989926125	0.025482473414730207	0.016468752708676433	0.0001294665976178146	0.0	0.0005157297576070139	0.006538869949142123	0.007686124786496534	0.0	0.0025654793866714395	0.0	0.01252947431688936
ja	0.0	0.01418186151829341	0.0	0.00016051364365971107	0.012131715771230503	0.015525758645024701	0.016146083613647284	0.0071837716383429855	0.0027408524050979853	0.021401571301512008	0.020062766195920196	0.0	0.020184716222255327	0.020311598384304675	0.01532620922384702	1.0	0.0221072135965753	0.017	0.000792895654931811	0.0	0.0006364359586316627	0.012022349919233111	0.01597637108142579	0.012511899904800762	0.02505798244984817	0.021430619266055047	0.0001601024655779699	0.0	0.0004751346214760849	0.01299746951920865	0.012308839985080195	0.0	0.0060886829913964265	0.0	0.01584126730138411
ko	0.00020431096128307284	0.017569051440155418	0.0	0.0	0.011599210266535044	0.011734740289274993	0.018478417785477118	0.006031122869904128	0.0024011821204285187	0.0187565126780132	0.021830530401034928	0.0	0.013585837793330589	0.019772614928324272	0.010911424903722721	0.0221072135965753	1.0	0.018319811567652448	0.0005079752108097125	0.00020472924557273008	0.0013247732599612758	0.009867943694674213	0.014727460464105212	0.010141431860541608	0.020561651969300463	0.01500713266761769	0.0	0.0	0.0005076657528683116	0.014630938681571592	0.01074438202247191	0.0	0.003604253018561903	0.0	0.015196047776874493
lv	0.001037344398340249	0.16504313943779572	0.0	0.0005246589716684155	0.04376470588235294	0.008342680874929894	0.030507915567282322	0.0028442240373395566	0.002008704385671242	0.007836679628600905	0.07735678845286423	0.0	0.024707554389417297	0.10170731707317072	0.006150989380839088	0.017	0.018319811567652448	1.0	0.009141696292534281	0.0010482180293501049	0.01184346035015448	0.005488311380087813	0.01292982291764265	0.007917580845177907	0.0185224330180204	0.014304689894758353	0.001041124414367517	0.0	0.0025150905432595573	0.14158390628978865	0.022862511744440966	0.0	0.010172626387176326	0.0	0.013557680668199975
mk	0.0	0.00854335753951303	0.0	0.0	0.002688172043010753	0.0003186235462800701	0.0020385050962627408	0.0002337267734018932	0.0	0.00030637880675667394	0.0030581039755351682	0.0	0.0013266118333775537	0.0048525569242254575	0.00019341112758687384	0.000792895654931811	0.0005079752108097125	0.009141696292534281	1.0	0.011904761904761904	0.014492753623188406	0.00015594298724386365	0.00044533511467379205	0.00011441647597254005	0.000872172254020169	0.0003704161007531794	0.0	0.0	0.0	0.009111617312072893	0.0004250797024442083	0.0	0.0	0.0	0.00030553009471432935
ml	0.037037037037037035	0.0008764241893076249	0.0	0.0	0.0007898894154818325	0.0	0.0002300966405890474	3.906402593851322e-05	0.0	0.0	0.0	0.0	0.0	0.0	0.0	0.0	0.00020472924557273008	0.0010482180293501049	0.011904761904761904	1.0	0.03278688524590164	0.0	0.0001122586439155815	0.0	2.7289597205545246e-05	0.0	0.0	0.0	0.0	0.0003875968992248062	0.0	0.0	0.0	0.0	0.0
mr	0.024691358024691357	0.006887645286267757	0.0	0.01694915254237288	0.0015473887814313346	0.0003191828917969997	0.00022722108611679165	0.0	0.0	0.0002247604258188431	0.002051983584131327	0.0	0.0005317734645041213	0.0022522522522522522	0.00032285142377477886	0.0006364359586316627	0.0013247732599612758	0.01184346035015448	0.014492753623188406	0.03278688524590164	1.0	0.00018726591760299626	0.0005580980020091528	0.00022943673282092462	0.0005452562704471102	0.0006191950464396285	0.0	0.0	0.006896551724137931	0.005339435545385202	0.0002134927412467976	0.0	0.0	0.0	0.0001532567049808429
nl	3.124023742580444e-05	0.005929840011742258	0.0	0.0	0.006766807641825872	0.01981651376146789	0.009503167722574191	0.01636190341711381	0.001787066484931092	0.03462832435751474	0.007777038943016566	0.0	0.017222709224978084	0.006311625607166749	0.018492665220472947	0.012022349919233111	0.009867943694674213	0.005488311380087813	0.00015594298724386365	0.0	0.00018726591760299626	1.0	0.015269260371924423	0.013994910941475827	0.030388565251336257	0.014761832293410439	3.1247070587132453e-05	0.0	0.00018710240738430833	0.006464387630306913	0.011436780021547556	0.0	0.00315760983971371	0.0	0.012480252764612954
pl	0.0	0.011301989150090416	0.0	0.00011229646266142616	0.009178360250639837	0.016641308482312666	0.017355244970050684	0.00933239716810017	0.0026088701585390327	0.024587403166049175	0.01780466724286949	0.0	0.02133499688084841	0.010352693454992104	0.01815595716198126	0.01597637108142579	0.014727460464105212	0.01292982291764265	0.00044533511467379205	0.0001122586439155815	0.0005580980020091528	0.015269260371924423	1.0	0.011284472335770625	0.025857020586512906	0.02099167571480275	0.0	0.0	0.0004450378282153983	0.01413177883766119	0.008647036898993665	0.0	0.00273224043715847	0.0	0.01338255652976465
pt	0.0	0.007088281321918439	0.0	0.0	0.004668701741784881	0.00989010989010989	0.008531761420926084	0.006197679541782935	0.0018501387604070306	0.016945259214757747	0.007338167205381323	0.0	0.015234497954044697	0.007328626329430691	0.011291134989926125	0.012511899904800762	0.010141431860541608	0.007917580845177907	0.00011441647597254005	0.0	0.00022943673282092462	0.013994910941475827	0.011284472335770625	1.0	0.017474114502616624	0.01072467280659234	0.0	0.0	0.0	0.0065388749552131855	0.00522054929257774	0.0	0.002198021780397642	0.0	0.007861949496968485
ro	0.0001091077712010038	0.018554380822778185	0.0	2.7291831554815644e-05	0.009223713704171283	0.026692585857319037	0.022733511341801214	0.01614746603970742	0.0023379383634431457	0.06398805821619605	0.01940144478844169	0.0	0.03625044050276048	0.01662781662781663	0.025482473414730207	0.02505798244984817	0.020561651969300463	0.0185224330180204	0.000872172254020169	2.7289597205545246e-05	0.0005452562704471102	0.030388565251336257	0.025857020586512906	0.017474114502616624	1.0	0.028556952696789647	2.7279919251439015e-05	0.0	0.0005720979649658103	0.013935210320845937	0.01199176026288685	0.0	0.0031139494379057372	0.0	0.020984320970110368
ru	0.00012431626056688214	0.013279559315364942	0.0	0.00012467273407305821	0.008121536403592585	0.0193952655659439	0.016692706191925005	0.008187380038387716	0.00231099372730274	0.02475737769855417	0.019182183961822776	0.0	0.018344401341311066	0.015278838808250574	0.016468752708676433	0.021430619266055047	0.01500713266761769	0.014304689894758353	0.0003704161007531794	0.0	0.0006191950464396285	0.014761832293410439	0.02099167571480275	0.01072467280659234	0.028556952696789647	1.0	0.0	0.0	0.0003701418877236274	0.012515524983280787	0.01062809653188429	0.0	0.004491978609625668	0.0	0.019276769382299143
sh	0.0	0.0008714596949891067	0.0	0.0	0.0	0.0	0.0004589261128958238	0.0	0.0	2.044613465824286e-05	0.0	0.0	0.00013363624214887077	0.0	0.0001294665976178146	0.0001601024655779699	0.0	0.001041124414367517	0.0	0.0	0.0	3.1247070587132453e-05	0.0	0.0	2.7279919251439015e-05	0.0	1.0	0.0	0.0	0.0011578541103820917	0.0	0.0	0.0	0.0	0.00015424957581366652
si	0.0	0.0	0.0	0.0	0.0	0.0	0.0	0.0	0.0	0.0	0.0	0.0	0.0	0.0	0.0	0.0	0.0	0.0	0.0	0.0	0.0	0.0	0.0	0.0	0.0	0.0	0.0	0.0	0.0	0.0	0.0	0.0	0.0	0.0	0.0
simple	0.0	0.0021168501270110076	0.0	0.0	0.002297970126388357	7.959882193743533e-05	0.00135623869801085	0.00019471921489212554	0.0	0.000245057997059304	0.0013540961408259986	0.0	0.00013239772275916854	0.001856665428889714	0.0005157297576070139	0.0004751346214760849	0.0005076657528683116	0.0025150905432595573	0.0	0.0	0.006896551724137931	0.00018710240738430833	0.0004450378282153983	0.0	0.0005720979649658103	0.0003701418877236274	0.0	0.0	1.0	0.0011273957158962795	0.0008494372478233171	0.0	0.0006863417982155113	0.0	0.0006106870229007634
sr	0.0003846153846153846	0.10839799178457325	0.0	0.0	0.029429550493852045	0.00959023539668701	0.023971589227582125	0.0038482095136290755	0.0032858707557502738	0.007220993718322538	0.0503181029496819	0.00038804811796662784	0.018557955582598113	0.05661914460285132	0.006538869949142123	0.01299746951920865	0.014630938681571592	0.14158390628978865	0.009111617312072893	0.0003875968992248062	0.005339435545385202	0.006464387630306913	0.01413177883766119	0.0065388749552131855	0.013935210320845937	0.012515524983280787	0.0011578541103820917	0.0	0.0011273957158962795	1.0	0.018091872791519435	0.0	0.007399846899719316	0.0	0.012312513991493173
sv	0.0	0.027678571428571427	0.0	0.0	0.021701884637350087	0.009324284449690174	0.01482235799954741	0.005924643855678338	0.00280849569949096	0.009621007753400366	0.019029495718363463	0.0	0.013578073925069148	0.01628984693161073	0.007686124786496534	0.012308839985080195	0.01074438202247191	0.022862511744440966	0.0004250797024442083	0.0	0.0002134927412467976	0.011436780021547556	0.008647036898993665	0.00522054929257774	0.01199176026288685	0.01062809653188429	0.0	0.0	0.0008494372478233171	0.018091872791519435	1.0	0.0	0.010787122872071465	0.0	0.009280320262032573
te	0.0	0.0	0.0	0.0	0.0	0.0	0.0	0.0	0.0	0.0	0.0	0.0	0.0	0.0	0.0	0.0	0.0	0.0	0.0	0.0	0.0	0.0	0.0	0.0	0.0	0.0	0.0	0.0	0.0	0.0	0.0	0.0	0.0	0.0	0.0
vi	0.0	0.00995850622406639	0.0	0.0	0.006709677419354839	0.0027516292541636496	0.004571026722925457	0.0018203432647299206	0.000407000407000407	0.0022531953500428705	0.006166982922201139	0.0	0.005003411416875142	0.012201321809862735	0.0025654793866714395	0.0060886829913964265	0.003604253018561903	0.010172626387176326	0.0	0.0	0.0	0.00315760983971371	0.00273224043715847	0.002198021780397642	0.0031139494379057372	0.004491978609625668	0.0	0.0	0.0006863417982155113	0.007399846899719316	0.010787122872071465	0.0	1.0	0.0	0.004099410709710479
war	0.0	0.0	0.0	0.0	0.0	0.0	0.0	0.0	0.0	0.0	0.0	0.0	0.0	0.0	0.0	0.0	0.0	0.0	0.0	0.0	0.0	0.0	0.0	0.0	0.0	0.0	0.0	0.0	0.0	0.0	0.0	0.0	0.0	0.0	0.0
zh	0.0003082139004469102	0.013557358053302434	0.0	0.00015463120457708364	0.009311195871662552	0.014947763193142245	0.015691064549469134	0.007763389489564999	0.001856763925729443	0.015407190022010272	0.01621503972140603	0.0	0.013455524038111863	0.014075067024128687	0.01252947431688936	0.01584126730138411	0.015196047776874493	0.013557680668199975	0.00030553009471432935	0.0	0.0001532567049808429	0.012480252764612954	0.01338255652976465	0.007861949496968485	0.020984320970110368	0.019276769382299143	0.00015424957581366652	0.0	0.0006106870229007634	0.012312513991493173	0.009280320262032573	0.0	0.004099410709710479	0.0	1.0
