arz	bs	ceb	ckb	da	de	el	en	es	fr	he	hi	hu	id	it	ja	ko	lv	mk	ml	mr	nl	pl	pt	ro	ru	sh	si	simple	sr	sv	te	tr	vi	war	zh
arz	1.0	0.0	0.0	0.0	1.0	1.0	1.0	1.0	1.0	1.0	0.0	1.0	1.0	1.0	1.0	1.0	1.0	1.0	0.0	1.0	0.0	1.0	1.0	1.0	1.0	1.0	1.0	1.0225000000000009	1.0	1.0	1.0	1.0450000000000004	1.0	1.0	0.0	1.0
bs	0.0	1.0225000000000009	1.0	1.0	1.015789473684211	1.0225000000000009	1.0	1.015789473684211	1.0391304347826091	1.0391304347826091	1.0225000000000009	1.0225000000000009	1.0225000000000009	1.0225000000000009	1.0225000000000009	1.0225000000000009	1.0225000000000009	1.0225000000000009	1.0225000000000009	1.0	1.0	1.015789473684211	1.0225000000000009	1.0391304347826091	1.0391304347826091	1.0225000000000009	1.0225000000000009	1.0225000000000009	1.0225000000000009	1.0225000000000009	1.0391304347826091	1.1124999999999978	1.0225000000000009	1.0225000000000009	0.0	1.0225000000000009
ceb	0.0	1.0	1.0	1.0	1.0	1.0	1.0	1.0	1.0	1.0	1.0	1.0	1.0	1.0	1.0	1.0	1.0	1.0	0.0	1.0	0.0	1.0	1.0	1.0	1.0	0.0	1.0	0.0	1.0	1.0	1.0	1.0	1.0	1.0	0.0	1.0
ckb	0.0	1.0	1.0	1.0675000000000008	1.0675000000000008	1.0735714285714293	1.0	1.059740496729548	1.1070689655172417	1.0692152466367717	1.0450000000000004	1.0450000000000004	1.0450000000000004	1.0585074242111783	1.0635567010309284	1.0675000000000008	1.0675000000000008	1.0225000000000009	1.0	0.0	1.0	1.0675000000000008	1.0675000000000008	1.084130434782609	1.0735714285714293	1.0675000000000008	1.073792596944771	1.0675000000000008	1.0225000000000009	1.0675000000000008	1.1070689655172417	1.1124999999999978	1.0635567010309286	1.0225000000000009	0.0	1.0675000000000008
da	1.0	1.015789473684211	1.0	1.0675000000000008	1.0	0.0	0.0	0.0	0.0	1.0	0.0	0.0	0.0	0.0	0.0	0.0	0.0	1.1097080291970784	1.015789473684211	0.0	1.0225000000000009	0.0	0.0	0.0	0.0	0.0	0.0	1.0675000000000008	1.1441608413929578	0.0	0.0	1.2250000000000003	0.0	0.0	1.0	0.0
de	1.0	1.0225000000000009	1.0	1.0735714285714293	0.0	4.998772029674278	1.0	1.490555555555557	1.0450000000000004	1.0675000000000008	1.0225000000000009	1.0	1.0225000000000009	1.0	1.0225000000000009	1.0225000000000009	1.0225000000000009	1.1325176419190657	1.0225000000000009	1.0	1.015789473684211	1.0675000000000008	1.0225000000000009	1.0450000000000004	0.0	1.0900000000000025	1.0	1.0867307692307715	1.3395270662115852	1.0	1.0	1.2971507861292069	1.0	1.0	1.0	1.0450000000000004
el	1.0	1.0	1.0	1.0	0.0	1.0	1.0	1.0	1.0	1.0	1.0	0.0	1.0	1.0	1.0	1.0	0.0	1.0675000000000008	1.0	1.0	1.0	1.0	0.0	1.0	0.0	1.0	1.0	1.0675000000000008	1.1124999999999978	1.0	1.0	1.1799999999999986	0.0	1.0	1.0	1.0
en	1.0	1.015789473684211	1.0	1.059740496729548	0.0	1.490555555555557	1.0	5.127392744384717	1.0977013422818813	1.3446657381615592	1.0735714285714293	1.0	1.0391304347826091	1.079365464632455	1.0735714285714293	1.0735714285714293	1.0225000000000009	1.1329884972506592	1.015789473684211	1.0391304347826091	1.0391304347826091	1.3513934426229504	1.0744230769230771	1.0977013422818813	0.0	1.2416866028708125	1.0	1.3145548150222295	1.3752974024405111	1.0	1.0391304347826091	1.4020960286801107	1.0391304347826091	1.0	1.0	1.1813953488372095
es	1.0	1.0391304347826091	1.0	1.1070689655172417	0.0	1.0450000000000004	1.0	1.0977013422818813	1.2025000000000023	1.0450000000000004	1.0225000000000009	0.0	1.0	1.0157894736842112	1.0450000000000004	1.0450000000000004	0.0	1.1562499999999987	1.0391304347826091	1.0	1.0391304347826091	1.0225000000000009	0.0	1.0450000000000004	0.0	1.0675000000000008	1.0	1.0801542699840663	1.953243564701699	1.0	1.0	1.3101822473414164	1.0	1.0	1.0	1.0
fr	1.0	1.0391304347826091	1.0	1.0692152466367717	1.0	1.0675000000000008	1.0	1.3446657381615592	1.0450000000000004	1.844823394628666	1.0225000000000009	1.0	1.0	1.0157894736842112	1.1381886241867603	1.0225000000000009	0.0	1.138562600752282	1.0391304347826091	1.0	1.0391304347826091	1.073792596944771	1.0	1.0225000000000009	0.0	1.1124999999999978	1.0	1.1411760083115756	1.6118111655838978	1.0	1.0225000000000009	1.2890888566449303	1.0225000000000009	1.0	1.0	1.0450000000000004
he	0.0	1.0225000000000009	1.0	1.0450000000000004	0.0	1.0225000000000009	1.0	1.0735714285714293	1.0225000000000009	1.0225000000000009	1.0675000000000008	0.0	1.0	1.0157894736842112	1.0450000000000004	1.0450000000000004	0.0	1.0675000000000008	1.0225000000000009	1.0	1.0225000000000009	1.0225000000000009	1.0	1.0450000000000004	0.0	1.0450000000000004	1.0	1.0900000000000025	1.1574999999999984	1.0	1.0	1.2925000000000002	1.0	1.0	1.0	1.0
hi	1.0	1.0225000000000009	1.0	1.0450000000000004	0.0	1.0	0.0	1.0	0.0	1.0	0.0	1.0	0.0	0.0	0.0	0.0	0.0	1.0900000000000025	1.0225000000000009	0.0	1.0	0.0	0.0	0.0	0.0	0.0	0.0	1.0450000000000004	1.128992146596857	0.0	0.0	1.2025000000000023	1.0	0.0	0.0	0.0
hu	1.0	1.0225000000000009	1.0	1.0450000000000004	0.0	1.0225000000000009	1.0	1.0391304347826091	1.0	1.0	1.0	0.0	1.0450000000000004	1.0	1.0	1.0	0.0	1.1124999999999978	1.0225000000000009	1.0	1.0225000000000009	1.0	0.0	1.0	0.0	1.0	1.0	1.0675000000000008	1.132563694267514	1.0	1.0	1.1349999999999978	0.0	1.0	1.0	1.0
id	1.0	1.0225000000000009	1.0	1.0585074242111783	0.0	1.0	1.0	1.079365464632455	1.0157894736842112	1.0157894736842112	1.0157894736842112	0.0	1.0	1.1369387755102045	1.0157894736842112	1.0157894736842112	0.0	1.104098397150488	1.0225000000000009	1.0	1.0225000000000009	1.0	1.0	1.0157894736842112	0.0	1.0157894736842112	1.0	1.0867307692307713	1.1792940660534774	1.0	1.0	1.2712925852138635	1.0	1.0	1.0	1.0
it	1.0	1.0225000000000009	1.0	1.0635567010309284	0.0	1.0225000000000009	1.0	1.0735714285714293	1.0450000000000004	1.1381886241867603	1.0450000000000004	0.0	1.0	1.0157894736842112	1.5641969462082448	1.0675000000000008	0.0	1.1411827321111754	1.0225000000000009	1.0	1.0225000000000009	1.0	0.0	1.0675000000000008	0.0	1.0450000000000004	1.0	1.0842910447761214	1.5546296607889283	1.0	1.0	1.419137422843758	1.0	1.0	1.0	1.0225000000000009
ja	1.0	1.0225000000000009	1.0	1.0675000000000008	0.0	1.0225000000000009	1.0	1.0735714285714293	1.0450000000000004	1.0225000000000009	1.0450000000000004	0.0	1.0	1.0157894736842112	1.0675000000000008	1.0900000000000025	0.0	1.1349999999999978	1.0225000000000009	1.0	1.0225000000000009	1.0	0.0	1.0675000000000008	0.0	1.0450000000000004	1.0	1.0900000000000025	1.2435567010309272	1.0	1.0	1.2925000000000002	1.0	1.0	1.0	1.0
ko	1.0	1.0225000000000009	1.0	1.0675000000000008	0.0	1.0225000000000009	0.0	1.0225000000000009	0.0	0.0	0.0	0.0	0.0	0.0	0.0	0.0	1.0225000000000009	1.1349999999999978	1.0225000000000009	0.0	1.0225000000000009	1.0	0.0	0.0	0.0	1.0	0.0	1.0900000000000025	1.2435567010309272	0.0	0.0	1.2925000000000002	0.0	0.0	1.0	0.0
lv	1.0	1.0225000000000009	1.0	1.0225000000000009	1.1097080291970784	1.1325176419190657	1.0675000000000008	1.1329884972506592	1.1562499999999987	1.138562600752282	1.0675000000000008	1.0900000000000025	1.1124999999999978	1.104098397150488	1.1411827321111754	1.1349999999999978	1.1349999999999978	1.1349999999999978	1.0225000000000009	1.0225000000000009	1.0225000000000009	1.1411827321111758	1.1386905582356979	1.268682732111176	1.121395348837208	1.1349999999999978	1.1095030659172187	1.0675000000000008	1.132563694267514	1.1124999999999978	1.1419230769230757	1.1780583756345167	1.1030805295091022	1.0900000000000025	1.0	1.1124999999999978
mk	0.0	1.0225000000000009	0.0	1.0	1.015789473684211	1.0225000000000009	1.0	1.015789473684211	1.0391304347826091	1.0391304347826091	1.0225000000000009	1.0225000000000009	1.0225000000000009	1.0225000000000009	1.0225000000000009	1.0225000000000009	1.0225000000000009	1.0225000000000009	1.0450000000000004	1.0	1.0	1.015789473684211	1.0225000000000009	1.0391304347826091	1.0391304347826091	1.0450000000000004	1.0225000000000009	1.0450000000000004	1.0225000000000009	1.0225000000000009	1.0391304347826091	1.1124999999999978	1.0225000000000009	1.0225000000000009	0.0	1.0225000000000009
ml	1.0	1.0	1.0	0.0	0.0	1.0	1.0	1.0391304347826091	1.0	1.0	1.0	0.0	1.0	1.0	1.0	1.0	0.0	1.0225000000000009	1.0	1.0225000000000009	0.0	1.0	0.0	1.0	0.0	1.0	1.0	1.0450000000000004	1.0225000000000009	1.0	1.0	1.1349999999999978	0.0	1.0	0.0	1.0
mr	0.0	1.0	0.0	1.0	1.0225000000000009	1.015789473684211	1.0	1.0391304347826091	1.0391304347826091	1.0391304347826091	1.0225000000000009	1.0	1.0225000000000009	1.0225000000000009	1.0225000000000009	1.0225000000000009	1.0225000000000009	1.0225000000000009	1.0	0.0	1.0225000000000009	1.0225000000000009	1.0225000000000009	1.1500000000000004	1.0225000000000009	1.0225000000000009	1.0225000000000009	1.0225000000000009	1.0225000000000009	1.0225000000000009	1.0391304347826091	1.0900000000000025	1.0225000000000009	1.0225000000000009	1.0	1.0
nl	1.0	1.015789473684211	1.0	1.0675000000000008	0.0	1.0675000000000008	1.0	1.3513934426229504	1.0225000000000009	1.073792596944771	1.0225000000000009	0.0	1.0	1.0	1.0	1.0	1.0	1.1411827321111758	1.015789473684211	1.0	1.0225000000000009	8.015586135879015	1.0225000000000009	1.0	0.0	1.0900000000000025	1.0	1.0675000000000003	1.2998711845690973	1.0	1.0225000000000009	1.3404502064394486	0.0	1.0	1.0	1.0225000000000009
pl	1.0	1.0225000000000009	1.0	1.0675000000000008	0.0	1.0225000000000009	0.0	1.0744230769230771	0.0	1.0	1.0	0.0	0.0	1.0	0.0	0.0	0.0	1.1386905582356979	1.0225000000000009	0.0	1.0225000000000009	1.0225000000000009	1.0450000000000004	0.0	0.0	1.0	0.0	1.0900000000000025	1.2830726859042276	0.0	0.0	1.3472565678486363	0.0	0.0	1.0	1.0
pt	1.0	1.0391304347826091	1.0	1.084130434782609	0.0	1.0450000000000004	1.0	1.0977013422818813	1.0450000000000004	1.0225000000000009	1.0450000000000004	0.0	1.0	1.0157894736842112	1.0675000000000008	1.0675000000000008	0.0	1.268682732111176	1.0391304347826091	1.0	1.1500000000000004	1.0	0.0	1.1124999999999978	0.0	1.0450000000000004	1.0	1.0881698564593314	1.5228871421236525	1.0	1.0	1.3121606569827275	1.0	1.0	1.0	1.0
ro	1.0	1.0391304347826091	1.0	1.0735714285714293	0.0	0.0	0.0	0.0	0.0	0.0	0.0	0.0	0.0	0.0	0.0	0.0	0.0	1.121395348837208	1.0391304347826091	0.0	1.0225000000000009	0.0	0.0	0.0	1.0225000000000009	0.0	0.0	1.0675000000000008	1.1448076923076904	0.0	0.0	1.1799999999999986	0.0	0.0	1.0	0.0
ru	1.0	1.0225000000000009	0.0	1.0675000000000008	0.0	1.0900000000000025	1.0	1.2416866028708125	1.0675000000000008	1.1124999999999978	1.0450000000000004	0.0	1.0	1.0157894736842112	1.0450000000000004	1.0450000000000004	1.0	1.1349999999999978	1.0450000000000004	1.0	1.0225000000000009	1.0900000000000025	1.0	1.0450000000000004	0.0	1.2474999999999996	1.0	1.0900000000000025	1.2435567010309272	1.0	1.0225000000000009	1.2925000000000002	1.0	1.0	1.0	1.0225000000000009
sh	1.0	1.0225000000000009	1.0	1.073792596944771	0.0	1.0	1.0	1.0	1.0	1.0	1.0	0.0	1.0	1.0	1.0	1.0	0.0	1.1095030659172187	1.0225000000000009	1.0	1.0225000000000009	1.0	0.0	1.0	0.0	1.0	1.0	1.1070689655172417	1.1997096569155221	1.0	1.0	1.3397027330452493	0.0	1.0	1.0	1.0
si	1.0225000000000009	1.0225000000000009	0.0	1.0675000000000008	1.0675000000000008	1.0867307692307715	1.0675000000000008	1.3145548150222295	1.0801542699840663	1.1411760083115756	1.0900000000000025	1.0450000000000004	1.0675000000000008	1.0867307692307713	1.0842910447761214	1.0900000000000025	1.0900000000000025	1.0675000000000008	1.0450000000000004	1.0450000000000004	1.0225000000000009	1.0675000000000003	1.0900000000000025	1.0881698564593314	1.0675000000000008	1.0900000000000025	1.1070689655172417	1.1925659331877012	1.0900000000000025	1.0900000000000025	1.0900000000000025	1.0675000000000008	1.0675000000000008	1.0900000000000025	1.0225000000000009	1.0900000000000025
simple	1.0	1.0225000000000009	1.0	1.0225000000000009	1.1441608413929578	1.3395270662115852	1.1124999999999978	1.3752974024405111	1.953243564701699	1.6118111655838978	1.1574999999999984	1.128992146596857	1.132563694267514	1.1792940660534774	1.5546296607889283	1.2435567010309272	1.2435567010309272	1.132563694267514	1.0225000000000009	1.0225000000000009	1.0225000000000009	1.2998711845690973	1.2830726859042276	1.5228871421236525	1.1448076923076904	1.2435567010309272	1.1997096569155221	1.0900000000000025	1.4470902052998889	1.1688375763353849	1.2685116159348948	1.2474999999999996	1.1544363181756283	1.132563694267514	1.0	1.2207656826568267
sr	1.0	1.0225000000000009	1.0	1.0675000000000008	0.0	1.0	1.0	1.0	1.0	1.0	1.0	0.0	1.0	1.0	1.0	1.0	0.0	1.1124999999999978	1.0225000000000009	1.0	1.0225000000000009	1.0	0.0	1.0	0.0	1.0	1.0	1.0900000000000025	1.1688375763353849	1.0	1.0	1.2912121212121217	0.0	1.0	1.0	1.0
sv	1.0	1.0391304347826091	1.0	1.1070689655172417	0.0	1.0	1.0	1.0391304347826091	1.0	1.0225000000000009	1.0	0.0	1.0	1.0	1.0	1.0	0.0	1.1419230769230757	1.0391304347826091	1.0	1.0391304347826091	1.0225000000000009	0.0	1.0	0.0	1.0225000000000009	1.0	1.0900000000000025	1.2685116159348948	1.0	1.0225000000000009	1.2912121212121217	0.0	1.0	1.0	1.0
te	1.0450000000000004	1.1124999999999978	1.0	1.1124999999999978	1.2250000000000003	1.2971507861292069	1.1799999999999986	1.4020960286801107	1.3101822473414164	1.2890888566449303	1.2925000000000002	1.2025000000000023	1.1349999999999978	1.2712925852138635	1.419137422843758	1.2925000000000002	1.2925000000000002	1.1780583756345167	1.1124999999999978	1.1349999999999978	1.0900000000000025	1.3404502064394486	1.3472565678486363	1.3121606569827275	1.1799999999999986	1.2925000000000002	1.3397027330452493	1.0675000000000008	1.2474999999999996	1.2912121212121217	1.2912121212121217	1.3150000000000022	1.2025000000000023	1.2474999999999996	1.0225000000000009	1.3150000000000022
tr	1.0	1.0225000000000009	1.0	1.0635567010309286	0.0	1.0	0.0	1.0391304347826091	1.0	1.0225000000000009	1.0	1.0	0.0	1.0	1.0	1.0	0.0	1.1030805295091022	1.0225000000000009	0.0	1.0225000000000009	0.0	0.0	1.0	0.0	1.0	0.0	1.0675000000000008	1.1544363181756283	0.0	0.0	1.2025000000000023	1.0450000000000004	0.0	1.0	0.0
vi	1.0	1.0225000000000009	1.0	1.0225000000000009	0.0	1.0	1.0	1.0	1.0	1.0	1.0	0.0	1.0	1.0	1.0	1.0	0.0	1.0900000000000025	1.0225000000000009	1.0	1.0225000000000009	1.0	0.0	1.0	0.0	1.0	1.0	1.0900000000000025	1.132563694267514	1.0	1.0	1.2474999999999996	0.0	1.0	1.0	1.0
war	0.0	0.0	0.0	0.0	1.0	1.0	1.0	1.0	1.0	1.0	1.0	0.0	1.0	1.0	1.0	1.0	1.0	1.0	0.0	0.0	1.0	1.0	1.0	1.0	1.0	1.0	1.0	1.0225000000000009	1.0	1.0	1.0	1.0225000000000009	1.0	1.0	1.0	0.0
zh	1.0	1.0225000000000009	1.0	1.0675000000000008	0.0	1.0450000000000004	1.0	1.1813953488372095	1.0	1.0450000000000004	1.0	0.0	1.0	1.0	1.0225000000000009	1.0	0.0	1.1124999999999978	1.0225000000000009	1.0	1.0	1.0225000000000009	1.0	1.0	0.0	1.0225000000000009	1.0	1.0900000000000025	1.2207656826568267	1.0	1.0	1.3150000000000022	0.0	1.0	0.0	1.0675000000000008
