arz	bs	ceb	ckb	da	de	el	en	es	fr	he	hi	hu	id	it	ja	ko	lv	mk	ml	mr	nl	pl	pt	ro	ru	sh	si	simple	sr	sv	te	tr	vi	war	zh
arz	1.0	1.0	0.8440887874000278	1.0	1.0	1.0	1.0	1.0	1.0	1.0	1.0	1.0	1.0	1.0	1.0	1.0	1.0	1.0	0.0	1.0	1.0	1.0	1.0	1.0	1.0	1.0	1.0	0.0	1.0	1.0	1.0	1.0	1.0	1.0	1.0	1.0
bs	1.0	1.0	0.7596754971413088	1.0	0.7690990303325336	0.6688083895376623	1.0	0.6784883121583714	0.49428242464254296	0.6994017365373274	0.7584325078215763	1.0	0.7690990303325336	1.0	0.6688083895376623	0.7690990303325336	1.0	1.0	1.0	1.0	1.0	0.6290066987253158	0.7018603305578873	0.5606098994051191	0.72653347084664	0.6688083895376623	0.5332591016479749	0.0	1.0	0.6820827727511621	0.6604928506158132	1.0	0.41349810096075057	0.7584325078215763	1.0	0.7510341748895938
ceb	0.8440887874000278	0.7596754971413088	1.0	0.7987082496404937	0.7451928239945975	0.7069842310868242	0.7940112752748908	0.6195447718258693	0.6457084720732421	0.6344663785131831	0.7979304361030488	0.7994176591909632	0.4439176817795874	0.7062446156239494	0.7748250835584484	0.7940112752748908	0.7940112752748908	0.5547894868926919	0.7987082496404937	0.7987082496404937	0.7987082496404937	0.7655645817134867	0.7380514074903266	0.33423591286275406	0.7435610543605176	0.7940112752748908	0.3228272047872302	0.8467263061254917	0.7625969262336537	0.7979304361030488	0.6670300849288054	0.8143323337777102	-1.0	0.6602436705491807	0.4522519499040336	0.23684662302869822
ckb	1.0	1.0	0.7987082496404937	1.0	1.0	1.0	1.0	1.0	0.7863954451402115	1.0	1.0	1.0	1.0	1.0	1.0	1.0	1.0	1.0	1.0	1.0	1.0	1.0	1.0	0.749506019670501	1.0	1.0	1.0	0.0	1.0	1.0	1.0	1.0	1.0	1.0	1.0	1.0
da	1.0	0.7690990303325336	0.7451928239945975	1.0	1.0	0.6056476768620068	1.0	0.5993923200937556	0.5592680065437606	0.7248485669756152	1.0	1.0	0.7411828468492556	1.0	0.728099120889861	0.7347168825662656	0.7455134344225701	1.0	1.0	1.0	1.0	0.7300208629885034	0.661251134120194	0.48504330795221595	1.0	1.0	0.52803871231374	1.0	0.6572846022672738	0.6128508099341461	0.6841174893561722	1.0	0.3918692570758731	1.0	1.0	0.7376607345031152
de	1.0	0.6688083895376623	0.7069842310868242	1.0	0.6056476768620068	1.0	1.0	0.15628268662456038	0.30019482015464527	0.343635589564901	0.7189258117174852	1.0	0.8240243516608119	0.6455519993951537	0.31484738249211014	0.5932464233149595	0.6549329476340925	1.0	1.0	1.0	1.0	0.31680685199667136	0.2831293999193524	0.26209185362689935	0.5993923200937556	0.5064619640000735	0.3070480227811797	1.0	0.6638546162332061	0.4784956901354735	0.4430785884073877	1.0	0.3247993394251583	0.651610424238932	1.0	0.6423162003593037
el	1.0	1.0	0.7940112752748908	1.0	1.0	1.0	1.0	1.0	0.7411828468492555	1.0	1.0	1.0	1.0	1.0	1.0	1.0	1.0	1.0	1.0	1.0	1.0	1.0	1.0	0.5846701681620466	1.0	1.0	1.0	1.0	1.0	0.7584325078215765	1.0	1.0	0.7106922308883378	1.0	1.0	1.0
en	1.0	0.6784883121583714	0.6195447718258693	1.0	0.5993923200937556	0.15628268662456038	1.0	1.0	0.14148431315386184	0.16129215402106217	0.4919073797941196	0.7376607345031152	0.6464097068539042	0.6930715138829229	0.18921173425938814	0.2954505238301148	0.5453111577010743	1.0	1.0	1.0	1.0	0.23366903497314662	0.14101649676413852	0.15437582395565388	0.5559901201502317	0.27075309901874917	0.33736995332991376	1.0	0.5561218435665388	0.40992630349304526	0.33027612931492073	1.0	0.2751743415450249	0.4671472132122978	1.0	0.2470450561711106
es	1.0	0.49428242464254296	0.6457084720732421	0.7863954451402115	0.5592680065437606	0.30019482015464527	0.7411828468492555	0.14148431315386184	1.0	0.2861454088110186	0.5604180666859991	0.7455134344225701	0.5895598144787592	0.6667969795412325	0.3019726719952891	0.5310742086185168	0.6549329476340923	0.7584325078215763	1.0	1.0	0.7863954451402115	0.455570618307721	0.2675274713839659	0.2412159758422331	0.5835722801493989	0.41570242810968494	0.30192482509546464	1.0	0.6031722582632506	0.3997961731517864	0.4179855003389333	1.0	0.22442812152173008	0.521400084063061	1.0	0.5967739643846038
fr	1.0	0.6994017365373274	0.6344663785131831	1.0	0.7248485669756152	0.343635589564901	1.0	0.16129215402106217	0.2861454088110186	1.0	0.7210092110599264	1.0	0.728099120889861	1.0	0.31089158004733153	0.5977755651747494	1.0	1.0	1.0	1.0	1.0	0.3384835499448383	0.32593574503813383	0.21020936011401486	0.7221793916855703	0.4700171377099323	0.36837949495955963	1.0	0.7300208629885034	0.48267214200031394	0.4550062264249284	1.0	0.28636728795228034	1.0	1.0	0.7122412578101113
he	1.0	0.7584325078215763	0.7979304361030488	1.0	1.0	0.7189258117174852	1.0	0.4919073797941196	0.5604180666859991	0.7210092110599264	1.0	1.0	1.0	1.0	1.0	1.0	1.0	1.0	1.0	1.0	1.0	1.0	0.7210092110599263	0.4910924082035093	1.0	1.0	0.3803422191055981	1.0	1.0	0.6701591524560107	0.6638546162332061	1.0	1.0	1.0	1.0	1.0
hi	1.0	1.0	0.7994176591909632	1.0	1.0	1.0	1.0	0.7376607345031152	0.7455134344225701	1.0	1.0	1.0	1.0	1.0	1.0	1.0	1.0	1.0	1.0	1.0	1.0	1.0	1.0	0.5744284027918678	1.0	1.0	1.0	1.0	1.0	0.7510341748895937	1.0	1.0	0.6300331949870974	1.0	1.0	1.0
hu	1.0	0.7690990303325336	0.4439176817795874	1.0	0.7411828468492556	0.8240243516608119	1.0	0.6464097068539042	0.5895598144787592	0.728099120889861	1.0	1.0	1.0	1.0	0.728099120889861	1.0	1.0	1.0	1.0	1.0	1.0	0.40105550461749023	0.7300208629885035	0.5145119746202259	1.0	1.0	0.6166910188501604	1.0	0.7376607345031153	0.7510341748895938	0.7411828468492555	1.0	0.7510341748895938	1.0	1.0	1.0
id	1.0	1.0	0.7062446156239494	1.0	1.0	0.6455519993951537	1.0	0.6930715138829229	0.6667969795412325	1.0	1.0	1.0	1.0	1.0	1.0	1.0	1.0	1.0	1.0	1.0	1.0	0.7347168825662657	1.0	0.38429289800732813	1.0	1.0	0.7106922308883379	1.0	1.0	0.7455134344225701	0.7376607345031153	1.0	0.33763919141933757	1.0	1.0	1.0
it	1.0	0.6688083895376623	0.7748250835584484	1.0	0.728099120889861	0.31484738249211014	1.0	0.18921173425938814	0.3019726719952891	0.31089158004733153	1.0	1.0	0.728099120889861	1.0	1.0	0.7128329397683222	1.0	1.0	1.0	1.0	1.0	0.3696903400938318	0.33176441361751086	0.2710300532727747	1.0	0.5082485709685512	0.3547420206465615	1.0	0.7263875964832448	0.4569836136369567	0.5200450612840005	1.0	0.34501048179710486	1.0	1.0	0.6442100898340133
ja	1.0	0.7690990303325336	0.7940112752748908	1.0	0.7347168825662656	0.5932464233149595	1.0	0.2954505238301148	0.5310742086185168	0.5977755651747494	1.0	1.0	1.0	1.0	0.7128329397683222	1.0	1.0	1.0	1.0	1.0	1.0	0.653200231972572	0.709195387537678	0.3915456604296831	1.0	1.0	0.3515472965443987	1.0	0.6740515375688697	0.6380558066189798	0.5912384651224017	1.0	0.43141606996545206	1.0	1.0	1.0
ko	1.0	1.0	0.7940112752748908	1.0	0.7455134344225701	0.6549329476340925	1.0	0.5453111577010743	0.6549329476340923	1.0	1.0	1.0	1.0	1.0	1.0	1.0	1.0	1.0	1.0	1.0	1.0	1.0	1.0	0.48376824531605406	0.7411828468492556	1.0	0.6994017365373274	1.0	0.7376607345031153	0.6701591524560107	1.0	1.0	0.47859627852262326	1.0	1.0	1.0
lv	1.0	1.0	0.5547894868926919	1.0	1.0	1.0	1.0	1.0	0.7584325078215763	1.0	1.0	1.0	1.0	1.0	1.0	1.0	1.0	1.0	1.0	1.0	1.0	1.0	1.0	0.6571702826516208	1.0	1.0	1.0	1.0	1.0	0.7690990303325336	1.0	1.0	0.5911597341675383	1.0	1.0	1.0
mk	0.0	1.0	0.7987082496404937	1.0	1.0	1.0	1.0	1.0	1.0	1.0	1.0	1.0	1.0	1.0	1.0	1.0	1.0	1.0	1.0	0.0	1.0	1.0	1.0	0.7690990303325336	1.0	1.0	0.7495060196705011	0.0	1.0	1.0	1.0	0.0	0.7106922308883379	1.0	0.0	1.0
ml	1.0	1.0	0.7987082496404937	1.0	1.0	1.0	1.0	1.0	1.0	1.0	1.0	1.0	1.0	1.0	1.0	1.0	1.0	1.0	0.0	1.0	1.0	1.0	1.0	1.0	1.0	1.0	1.0	1.0	1.0	0.7863954451402115	1.0	1.0	0.563274352466313	1.0	1.0	1.0
mr	1.0	1.0	0.7987082496404937	1.0	1.0	1.0	1.0	1.0	0.7863954451402115	1.0	1.0	1.0	1.0	1.0	1.0	1.0	1.0	1.0	1.0	1.0	1.0	1.0	1.0	0.7863954451402115	1.0	1.0	1.0	1.0	1.0	1.0	1.0	1.0	1.0	1.0	1.0	1.0
nl	1.0	0.6290066987253158	0.7655645817134867	1.0	0.7300208629885034	0.31680685199667136	1.0	0.23366903497314662	0.455570618307721	0.3384835499448383	1.0	1.0	0.40105550461749023	0.7347168825662657	0.3696903400938318	0.653200231972572	1.0	1.0	1.0	1.0	1.0	1.0	0.3316520250089747	0.321953281815922	0.3918142584287959	0.36029704669792023	0.3731091860353203	1.0	0.7300208629885034	0.5505784876864254	0.4938059648800642	1.0	0.30628980720553445	1.0	1.0	0.718925811717485
pl	1.0	0.7018603305578873	0.7380514074903266	1.0	0.661251134120194	0.2831293999193524	1.0	0.14101649676413852	0.2675274713839659	0.32593574503813383	0.7210092110599263	1.0	0.7300208629885035	1.0	0.33176441361751086	0.709195387537678	1.0	1.0	1.0	1.0	1.0	0.3316520250089747	1.0	0.23966567519279916	0.7248485669756152	0.504652186146567	0.3620416151272666	1.0	0.6667969795412325	0.43048347227661127	0.49970789955793127	1.0	0.24054178653887254	1.0	1.0	0.6414463581614512
pt	1.0	0.5606098994051191	0.33423591286275406	0.749506019670501	0.48504330795221595	0.26209185362689935	0.5846701681620466	0.15437582395565388	0.2412159758422331	0.21020936011401486	0.4910924082035093	0.5744284027918678	0.5145119746202259	0.38429289800732813	0.2710300532727747	0.3915456604296831	0.48376824531605406	0.6571702826516208	0.7690990303325336	1.0	0.7863954451402115	0.321953281815922	0.23966567519279916	1.0	0.5286780593391838	0.3494332568182992	0.31344380968895263	1.0	0.4930707178613807	0.4237109778645406	0.3969839656383773	1.0	0.2699427161897309	0.5197734977560443	1.0	0.47904908013441866
ro	1.0	0.72653347084664	0.7435610543605176	1.0	1.0	0.5993923200937556	1.0	0.5559901201502317	0.5835722801493989	0.7221793916855703	1.0	1.0	1.0	1.0	1.0	1.0	0.7411828468492556	1.0	1.0	1.0	1.0	0.3918142584287959	0.7248485669756152	0.5286780593391838	1.0	1.0	0.37484386906387607	1.0	1.0	0.6786291688147437	0.6499913553099702	1.0	0.7510341748895938	0.7322034805959263	1.0	0.7347168825662656
ru	1.0	0.6688083895376623	0.7940112752748908	1.0	1.0	0.5064619640000735	1.0	0.27075309901874917	0.41570242810968494	0.4700171377099323	1.0	1.0	1.0	1.0	0.5082485709685512	1.0	1.0	1.0	1.0	1.0	1.0	0.36029704669792023	0.504652186146567	0.3494332568182992	1.0	1.0	0.3659529080098592	1.0	0.7300208629885035	0.5934547476672744	0.5066252007760635	1.0	0.3549644092632494	1.0	1.0	1.0
sh	1.0	0.5332591016479749	0.3228272047872302	1.0	0.52803871231374	0.3070480227811797	1.0	0.33736995332991376	0.30192482509546464	0.36837949495955963	0.3803422191055981	1.0	0.6166910188501604	0.7106922308883379	0.3547420206465615	0.3515472965443987	0.6994017365373274	1.0	0.7495060196705011	1.0	1.0	0.3731091860353203	0.3620416151272666	0.31344380968895263	0.37484386906387607	0.3659529080098592	1.0	1.0	0.3798809438153706	0.3075797731702466	0.3386415877283821	1.0	0.3620494220898521	0.36169843437143784	1.0	0.3361507445100896
si	0.0	0.0	0.8467263061254917	0.0	1.0	1.0	1.0	1.0	1.0	1.0	1.0	1.0	1.0	1.0	1.0	1.0	1.0	1.0	0.0	1.0	1.0	1.0	1.0	1.0	1.0	1.0	1.0	1.0	1.0	1.0	1.0	0.0	1.0	1.0	0.0	1.0
simple	1.0	1.0	0.7625969262336537	1.0	0.6572846022672738	0.6638546162332061	1.0	0.5561218435665388	0.6031722582632506	0.7300208629885034	1.0	1.0	0.7376607345031153	1.0	0.7263875964832448	0.6740515375688697	0.7376607345031153	1.0	1.0	1.0	1.0	0.7300208629885034	0.6667969795412325	0.4930707178613807	1.0	0.7300208629885035	0.3798809438153706	1.0	1.0	0.7411828468492555	1.0	1.0	0.28097193023013295	0.7411828468492555	1.0	0.7322034805959263
sr	1.0	0.6820827727511621	0.7979304361030488	1.0	0.6128508099341461	0.4784956901354735	0.7584325078215765	0.40992630349304526	0.3997961731517864	0.48267214200031394	0.6701591524560107	0.7510341748895937	0.7510341748895938	0.7455134344225701	0.4569836136369567	0.6380558066189798	0.6701591524560107	0.7690990303325336	1.0	0.7863954451402115	1.0	0.5505784876864254	0.43048347227661127	0.4237109778645406	0.6786291688147437	0.5934547476672744	0.3075797731702466	1.0	0.7411828468492555	1.0	0.47833505585698155	1.0	0.5451532472240879	0.6189014223491325	1.0	0.6340032589308151
sv	1.0	0.6604928506158132	0.6670300849288054	1.0	0.6841174893561722	0.4430785884073877	1.0	0.33027612931492073	0.4179855003389333	0.4550062264249284	0.6638546162332061	1.0	0.7411828468492555	0.7376607345031153	0.5200450612840005	0.5912384651224017	1.0	1.0	1.0	1.0	1.0	0.4938059648800642	0.49970789955793127	0.3969839656383773	0.6499913553099702	0.5066252007760635	0.3386415877283821	1.0	1.0	0.47833505585698155	1.0	1.0	0.5050601732772354	0.661251134120194	1.0	0.5322870716671166
te	1.0	1.0	0.8143323337777102	1.0	1.0	1.0	1.0	1.0	1.0	1.0	1.0	1.0	1.0	1.0	1.0	1.0	1.0	1.0	0.0	1.0	1.0	1.0	1.0	1.0	1.0	1.0	1.0	0.0	1.0	1.0	1.0	1.0	1.0	1.0	1.0	1.0
tr	1.0	0.41349810096075057	-1.0	1.0	0.3918692570758731	0.3247993394251583	0.7106922308883378	0.2751743415450249	0.22442812152173008	0.28636728795228034	1.0	0.6300331949870974	0.7510341748895938	0.33763919141933757	0.34501048179710486	0.43141606996545206	0.47859627852262326	0.5911597341675383	0.7106922308883379	0.563274352466313	1.0	0.30628980720553445	0.24054178653887254	0.2699427161897309	0.7510341748895938	0.3549644092632494	0.3620494220898521	1.0	0.28097193023013295	0.5451532472240879	0.5050601732772354	1.0	1.0	0.5754935734014651	1.0	0.46185974954102527
vi	1.0	0.7584325078215763	0.6602436705491807	1.0	1.0	0.651610424238932	1.0	0.4671472132122978	0.521400084063061	1.0	1.0	1.0	1.0	1.0	1.0	1.0	1.0	1.0	1.0	1.0	1.0	1.0	1.0	0.5197734977560443	0.7322034805959263	1.0	0.36169843437143784	1.0	0.7411828468492555	0.6189014223491325	0.661251134120194	1.0	0.5754935734014651	1.0	1.0	1.0
war	1.0	1.0	0.4522519499040336	1.0	1.0	1.0	1.0	1.0	1.0	1.0	1.0	1.0	1.0	1.0	1.0	1.0	1.0	1.0	0.0	1.0	1.0	1.0	1.0	1.0	1.0	1.0	1.0	0.0	1.0	1.0	1.0	1.0	1.0	1.0	1.0	1.0
zh	1.0	0.7510341748895938	0.23684662302869822	1.0	0.7376607345031152	0.6423162003593037	1.0	0.2470450561711106	0.5967739643846038	0.7122412578101113	1.0	1.0	1.0	1.0	0.6442100898340133	1.0	1.0	1.0	1.0	1.0	1.0	0.718925811717485	0.6414463581614512	0.47904908013441866	0.7347168825662656	1.0	0.3361507445100896	1.0	0.7322034805959263	0.6340032589308151	0.5322870716671166	1.0	0.46185974954102527	1.0	1.0	1.0
