arz	bs	ceb	ckb	da	de	el	en	es	fr	he	hi	hu	id	it	ja	ko	lv	mk	ml	mr	nl	pl	pt	ro	ru	sh	si	simple	sr	sv	te	vi	war	zh
arz	1.0	1.0	0.0	0.0	0.0	1.0	0.0	0.6290808149140177	1.0	1.0	1.0	1.0	1.0	0.7584325078215763	1.0	1.0	1.0	0.0	1.0	0.0	0.0	1.0	1.0	1.0	1.0	1.0	1.0	0.0	0.0	1.0	1.0	0.0	1.0	0.0	1.0
bs	1.0	1.0	1.0	1.0	0.6161562425375515	0.5378525345837122	1.0	0.27885049381268284	0.6122131884607099	0.5263012899692616	0.6667969795412325	1.0	0.7322034805959263	0.5363782641057677	0.5918733145998426	0.7234532828151788	0.7263875964832448	1.0	1.0	1.0	0.0	0.59862929599179	0.7347168825662656	0.583133552931004	0.6015200458244364	0.5808852645006568	0.3561083119650857	1.0	1.0	0.5986292959917902	1.0	1.0	1.0	1.0	0.6568318202362041
ceb	0.0	1.0	1.0	0.0	1.0	1.0	0.0	1.0	1.0	1.0	1.0	1.0	1.0	1.0	1.0	1.0	1.0	1.0	1.0	1.0	0.0	1.0	1.0	1.0	1.0	1.0	1.0	1.0	1.0	1.0	1.0	0.0	1.0	1.0	1.0
ckb	0.0	1.0	0.0	1.0	1.0	1.0	1.0	0.7248485669756152	1.0	0.728099120889861	1.0	1.0	1.0	1.0	0.728099120889861	1.0	1.0	1.0	0.0	1.0	1.0	1.0	1.0	1.0	1.0	1.0	1.0	1.0	1.0	1.0	0.7347168825662656	1.0	1.0	1.0	1.0
da	0.0	0.6161562425375515	1.0	1.0	1.0	0.2663288608696003	0.5808519206891736	0.18626031591669695	0.24014739969127583	0.22200646502307614	0.3469805069477914	0.5549287818434789	0.41428783630503846	0.2830979876497061	0.2839757343362435	0.2739174716627604	0.34794459996534205	0.41691170415342604	0.39348868705949636	0.5292570379976855	1.0	0.2787228669641391	0.3056122700021877	0.2828247772538347	0.39448981256208027	0.29470648663959315	0.6549329476340925	0.5936597225568959	0.532226197206393	0.36321780287111693	0.27655943235689956	1.0	0.3185536973769041	1.0	0.31935886334513425
de	1.0	0.5378525345837122	1.0	1.0	0.2663288608696003	1.0	0.705751191025248	0.06361963684771807	0.1381692754049045	0.09220817181507056	0.27859308594614146	0.42012406343035275	0.39167936839062334	0.16166711130733527	0.10790493246701956	0.21988912377512837	0.3135297794871727	0.7199285383279772	1.0	0.5285637632781092	1.0	0.13216242039478482	0.2729207060389752	0.2104936459876396	0.3019911518505775	0.14110549258401733	0.2798536732287932	0.5882745708346903	0.4622020682745953	0.31543284830256846	0.1837092772119959	1.0	0.3283325958040284	0.6841174893561722	0.2390221074877948
el	0.0	1.0	0.0	1.0	0.5808519206891736	0.705751191025248	1.0	0.23878704801743705	0.3504450901252023	0.40785783215178945	1.0	1.0	1.0	0.2443621467785364	0.2695219623738154	1.0	1.0	1.0	1.0	1.0	1.0	0.4496000881635621	0.7116768074483948	1.0	0.5977755651747495	1.0	0.48043513843666696	1.0	0.4892325874993647	0.7111374370280845	0.46354051318462386	1.0	1.0	1.0	1.0
en	0.6290808149140177	0.27885049381268284	1.0	0.7248485669756152	0.18626031591669695	0.06361963684771807	0.23878704801743705	1.0	0.058236141175389465	0.043835909930897504	0.11296873403458133	0.2036203074175112	0.17330679601064244	0.09224405688296933	0.05537901132101756	0.10445353363791006	0.13648515481216814	0.5988341345139978	0.30930256093238223	0.48128190480268007	1.0	0.08262161513144019	0.09526835480355288	0.06829703393310206	0.1403236661894096	0.06517511566543323	0.19669537636884668	0.5614722194590257	0.23690702540877356	0.16591084093581948	0.10453575673685989	0.7865377663035593	0.20200872983530624	0.7084467217334423	0.09054721276845419
es	1.0	0.6122131884607099	1.0	1.0	0.24014739969127583	0.1381692754049045	0.3504450901252023	0.058236141175389465	1.0	0.07016296332708806	0.23196427827706137	0.34178165876970407	0.35030684066477347	0.12564783305804608	0.1134500946584909	0.2993326831857091	0.3371449122796894	1.0	0.6298101507615229	1.0	1.0	0.13205113998241322	0.21747878781557942	0.18977239106006988	0.2072564596537093	0.20867721250444055	0.22335784945208118	1.0	0.29701517161892604	0.3241611447573535	0.18506578567657686	1.0	0.3442521448105064	0.6786291688147437	0.29052023238158814
fr	1.0	0.5263012899692616	1.0	0.728099120889861	0.22200646502307614	0.09220817181507056	0.40785783215178945	0.043835909930897504	0.07016296332708806	1.0	0.14928647748109217	0.32279604052101024	0.2777699320441705	0.10978802648516213	0.07591742164169239	0.13021627970849614	0.20826422675712755	0.3764699521395027	0.378781143108389	0.6377047307628825	1.0	0.11243897475958962	0.14865129200973565	0.11963780078460642	0.16773893215830277	0.08974696011565975	0.25040455262966943	0.6452450558286369	0.272621231105077	0.22274055589609393	0.14614909696449874	1.0	0.2615709339333169	0.6119059359420476	0.12022657986666949
he	1.0	0.6667969795412325	1.0	1.0	0.3469805069477914	0.27859308594614146	1.0	0.11296873403458133	0.23196427827706137	0.14928647748109217	1.0	1.0	1.0	0.21934197165904232	0.22540347126191856	1.0	1.0	1.0	1.0	1.0	1.0	0.25766509090158385	0.412326935715804	0.5711397827209619	0.3320419014264043	1.0	0.3647843442458269	1.0	0.48923135015308883	0.6496472013713527	0.2949243153206393	1.0	1.0	0.6841174893561722	1.0
hi	1.0	1.0	1.0	1.0	0.5549287818434789	0.42012406343035275	1.0	0.2036203074175112	0.34178165876970407	0.32279604052101024	1.0	1.0	1.0	0.4026070294208153	0.3152361513155484	1.0	1.0	1.0	1.0	1.0	1.0	0.3931753364602946	0.3664237281316053	1.0	0.5141418512706507	1.0	0.5110763276649514	1.0	0.5718484386136876	0.7075325319701224	0.42051688868507797	1.0	1.0	0.6786291688147437	1.0
hu	1.0	0.7322034805959263	1.0	1.0	0.41428783630503846	0.39167936839062334	1.0	0.17330679601064244	0.35030684066477347	0.2777699320441705	1.0	1.0	1.0	0.35506112106015386	0.30166948816163747	1.0	1.0	1.0	1.0	1.0	1.0	0.3499202610046035	0.5896644872662041	0.6999032064515076	0.4499851900731559	1.0	0.7162976956558117	1.0	0.6165311787060569	0.6358400943144777	0.3435890399519549	1.0	1.0	0.7510341748895939	1.0
id	0.7584325078215763	0.5363782641057677	1.0	1.0	0.2830979876497061	0.16166711130733527	0.2443621467785364	0.09224405688296933	0.12564783305804608	0.10978802648516213	0.21934197165904232	0.4026070294208153	0.35506112106015386	1.0	0.12158895321631465	0.20909030526885697	0.21774378345417075	0.6667969795412325	0.4109522142425045	0.5788148614446594	1.0	0.15227380912753757	0.19598579890967494	0.13987667087174682	0.18895578090188464	0.13320065294282238	0.20593096752558704	0.7210092110599264	0.45729177494404655	0.16097336243242688	0.18353003197512793	1.0	0.3395511776700279	0.6841174893561722	0.1446288376910191
it	1.0	0.5918733145998426	1.0	0.728099120889861	0.2839757343362435	0.10790493246701956	0.2695219623738154	0.05537901132101756	0.1134500946584909	0.07591742164169239	0.22540347126191856	0.3152361513155484	0.30166948816163747	0.12158895321631465	1.0	0.227308038520302	0.23943286269351374	0.7234532828151787	0.5104713310014778	0.5592986004145182	0.7376607345031153	0.12112621739891469	0.19400167453614992	0.11183362928483025	0.20164016013089286	0.1239690187740071	0.2762690736141532	0.5901654686514952	0.39071725122062967	0.29050244947836706	0.1880483774114888	1.0	0.2804687823416417	0.7411828468492556	0.1572493105308008
ja	1.0	0.7234532828151788	1.0	1.0	0.2739174716627604	0.21988912377512837	1.0	0.10445353363791006	0.2993326831857091	0.13021627970849614	1.0	1.0	1.0	0.20909030526885697	0.227308038520302	1.0	1.0	1.0	1.0	1.0	1.0	0.24635369185354203	0.4230609875003088	0.6942947212438486	0.45033895738285973	1.0	0.5105014696959952	1.0	0.4318725033963247	0.7028911840705583	0.2690616285727258	1.0	1.0	0.7411828468492556	1.0
ko	1.0	0.7263875964832448	1.0	1.0	0.34794459996534205	0.3135297794871727	1.0	0.13648515481216814	0.3371449122796894	0.20826422675712755	1.0	1.0	1.0	0.21774378345417075	0.23943286269351374	1.0	1.0	1.0	1.0	1.0	1.0	0.29230874733750317	0.3385170781006039	0.6951943257764673	0.3069202085347621	1.0	0.4105479001839388	1.0	0.47567284095511975	0.7042230825271827	0.3419545993154633	1.0	1.0	0.6841174893561722	1.0
lv	0.0	1.0	1.0	1.0	0.41691170415342604	0.7199285383279772	1.0	0.5988341345139978	1.0	0.3764699521395027	1.0	1.0	1.0	0.6667969795412325	0.7234532828151787	1.0	1.0	1.0	1.0	1.0	1.0	0.585120930900478	1.0	1.0	1.0	1.0	1.0	1.0	0.7376607345031153	1.0	0.728099120889861	1.0	1.0	0.7106922308883379	1.0
mk	1.0	1.0	1.0	0.0	0.39348868705949636	1.0	1.0	0.30930256093238223	0.6298101507615229	0.378781143108389	1.0	1.0	1.0	0.4109522142425045	0.5104713310014778	1.0	1.0	1.0	1.0	1.0	1.0	0.4407520562670353	0.7189258117174852	1.0	0.6475250169846577	1.0	1.0	1.0	0.7300208629885034	0.7134542832283586	0.6432357517002907	1.0	1.0	0.7690990303325336	1.0
ml	0.0	1.0	1.0	1.0	0.5292570379976855	0.5285637632781092	1.0	0.48128190480268007	1.0	0.6377047307628825	1.0	1.0	1.0	0.5788148614446594	0.5592986004145182	1.0	1.0	1.0	1.0	1.0	1.0	0.5649915685942817	1.0	1.0	0.7199285383279772	1.0	0.5998186767392314	1.0	0.6081387406547981	1.0	0.5243458652583507	1.0	1.0	0.6994017365373274	1.0
mr	0.0	0.0	0.0	1.0	1.0	1.0	1.0	1.0	1.0	1.0	1.0	1.0	1.0	1.0	0.7376607345031153	1.0	1.0	1.0	1.0	1.0	1.0	1.0	0.4105554771798753	1.0	1.0	1.0	1.0	1.0	1.0	1.0	1.0	1.0	1.0	1.0	1.0
nl	1.0	0.59862929599179	1.0	1.0	0.2787228669641391	0.13216242039478482	0.4496000881635621	0.08262161513144019	0.13205113998241322	0.11243897475958962	0.25766509090158385	0.3931753364602946	0.3499202610046035	0.15227380912753757	0.12112621739891469	0.24635369185354203	0.29230874733750317	0.585120930900478	0.4407520562670353	0.5649915685942817	1.0	1.0	0.2239766909212426	0.17145798946687926	0.24169519526584096	0.1357073329652144	0.30387857537482765	0.6167131210802118	0.40209138045369913	0.2439846238322441	0.18241547979866077	1.0	0.3781010961119065	0.5535074992202065	0.2039913763411691
pl	1.0	0.7347168825662656	1.0	1.0	0.3056122700021877	0.2729207060389752	0.7116768074483948	0.09526835480355288	0.21747878781557942	0.14865129200973565	0.412326935715804	0.3664237281316053	0.5896644872662041	0.19598579890967494	0.19400167453614992	0.4230609875003088	0.3385170781006039	1.0	0.7189258117174852	1.0	0.4105554771798753	0.2239766909212426	1.0	0.2854433747395371	0.39058599625321316	0.24126859601008063	0.5566555729386352	0.3871046741624734	0.46584532891672586	0.33058113991520877	0.3039118799184033	0.4695960115558277	0.7067849872559716	0.6908587525207898	0.27674403507960804
pt	1.0	0.583133552931004	1.0	1.0	0.2828247772538347	0.2104936459876396	1.0	0.06829703393310206	0.18977239106006988	0.11963780078460642	0.5711397827209619	1.0	0.6999032064515076	0.13987667087174682	0.11183362928483025	0.6942947212438486	0.6951943257764673	1.0	1.0	1.0	1.0	0.17145798946687926	0.2854433747395371	1.0	0.3184682244728813	0.41187082102079997	0.3050041504093846	1.0	0.42122260919791754	0.5282412596952449	0.1894082485803052	1.0	1.0	0.6908587525207898	0.5640652864207093
ro	1.0	0.6015200458244364	1.0	1.0	0.39448981256208027	0.3019911518505775	0.5977755651747495	0.1403236661894096	0.2072564596537093	0.16773893215830277	0.3320419014264043	0.5141418512706507	0.4499851900731559	0.18895578090188464	0.20164016013089286	0.45033895738285973	0.3069202085347621	1.0	0.6475250169846577	0.7199285383279772	1.0	0.24169519526584096	0.39058599625321316	0.3184682244728813	1.0	0.2987491367522794	0.3503206695885352	0.6638546162332061	0.6518557391770693	0.4266459812077888	0.35797687195732075	1.0	0.5037488165532039	0.7510341748895938	0.2757681243712388
ru	1.0	0.5808852645006568	1.0	1.0	0.29470648663959315	0.14110549258401733	1.0	0.06517511566543323	0.20867721250444055	0.08974696011565975	1.0	1.0	1.0	0.13320065294282238	0.1239690187740071	1.0	1.0	1.0	1.0	1.0	1.0	0.1357073329652144	0.24126859601008063	0.41187082102079997	0.2987491367522794	1.0	0.27888183528333665	1.0	0.4209245596321352	0.5722693275190259	0.18275851544164518	1.0	1.0	0.6786291688147437	1.0
sh	1.0	0.3561083119650857	1.0	1.0	0.6549329476340925	0.2798536732287932	0.48043513843666696	0.19669537636884668	0.22335784945208118	0.25040455262966943	0.3647843442458269	0.5110763276649514	0.7162976956558117	0.20593096752558704	0.2762690736141532	0.5105014696959952	0.4105479001839388	1.0	1.0	0.5998186767392314	1.0	0.30387857537482765	0.5566555729386352	0.3050041504093846	0.3503206695885352	0.27888183528333665	1.0	1.0	0.3598368210694159	0.3023128973571442	0.4013654965519763	1.0	1.0	0.7690990303325336	0.3194082945084459
si	0.0	1.0	1.0	1.0	0.5936597225568959	0.5882745708346903	1.0	0.5614722194590257	1.0	0.6452450558286369	1.0	1.0	1.0	0.7210092110599264	0.5901654686514952	1.0	1.0	1.0	1.0	1.0	1.0	0.6167131210802118	0.3871046741624734	1.0	0.6638546162332061	1.0	1.0	1.0	0.6216387126951446	1.0	0.7234532828151787	1.0	1.0	0.6994017365373274	1.0
simple	0.0	1.0	1.0	1.0	0.532226197206393	0.4622020682745953	0.4892325874993647	0.23690702540877356	0.29701517161892604	0.272621231105077	0.48923135015308883	0.5718484386136876	0.6165311787060569	0.45729177494404655	0.39071725122062967	0.4318725033963247	0.47567284095511975	0.7376607345031153	0.7300208629885034	0.6081387406547981	1.0	0.40209138045369913	0.46584532891672586	0.42122260919791754	0.6518557391770693	0.4209245596321352	0.3598368210694159	0.6216387126951446	1.0	0.5730676573302766	0.425169502723085	1.0	0.5534820477371724	0.6181412553572269	0.41825033947865015
sr	1.0	0.5986292959917902	1.0	1.0	0.36321780287111693	0.31543284830256846	0.7111374370280845	0.16591084093581948	0.3241611447573535	0.22274055589609393	0.6496472013713527	0.7075325319701224	0.6358400943144777	0.16097336243242688	0.29050244947836706	0.7028911840705583	0.7042230825271827	1.0	0.7134542832283586	1.0	1.0	0.2439846238322441	0.33058113991520877	0.5282412596952449	0.4266459812077888	0.5722693275190259	0.3023128973571442	1.0	0.5730676573302766	1.0	0.3451900142201611	1.0	0.6336822667335663	0.6841174893561722	0.5297656599227828
sv	1.0	1.0	1.0	0.7347168825662656	0.27655943235689956	0.1837092772119959	0.46354051318462386	0.10453575673685989	0.18506578567657686	0.14614909696449874	0.2949243153206393	0.42051688868507797	0.3435890399519549	0.18353003197512793	0.1880483774114888	0.2690616285727258	0.3419545993154633	0.728099120889861	0.6432357517002907	0.5243458652583507	1.0	0.18241547979866077	0.3039118799184033	0.1894082485803052	0.35797687195732075	0.18275851544164518	0.4013654965519763	0.7234532828151787	0.425169502723085	0.3451900142201611	1.0	0.7510341748895938	0.4588392008551818	0.6236857269851577	0.18293533191760467
te	0.0	1.0	0.0	1.0	1.0	1.0	1.0	0.7865377663035593	1.0	1.0	1.0	1.0	1.0	1.0	1.0	1.0	1.0	1.0	1.0	1.0	1.0	1.0	0.4695960115558277	1.0	1.0	1.0	1.0	1.0	1.0	1.0	0.7510341748895938	1.0	1.0	1.0	1.0
vi	1.0	1.0	1.0	1.0	0.3185536973769041	0.3283325958040284	1.0	0.20200872983530624	0.3442521448105064	0.2615709339333169	1.0	1.0	1.0	0.3395511776700279	0.2804687823416417	1.0	1.0	1.0	1.0	1.0	1.0	0.3781010961119065	0.7067849872559716	1.0	0.5037488165532039	1.0	1.0	1.0	0.5534820477371724	0.6336822667335663	0.4588392008551818	1.0	1.0	0.6841174893561722	1.0
war	0.0	1.0	1.0	1.0	1.0	0.6841174893561722	1.0	0.7084467217334423	0.6786291688147437	0.6119059359420476	0.6841174893561722	0.6786291688147437	0.7510341748895939	0.6841174893561722	0.7411828468492556	0.7411828468492556	0.6841174893561722	0.7106922308883379	0.7690990303325336	0.6994017365373274	1.0	0.5535074992202065	0.6908587525207898	0.6908587525207898	0.7510341748895938	0.6786291688147437	0.7690990303325336	0.6994017365373274	0.6181412553572269	0.6841174893561722	0.6236857269851577	1.0	0.6841174893561722	1.0	0.6841174893561722
zh	1.0	0.6568318202362041	1.0	1.0	0.31935886334513425	0.2390221074877948	1.0	0.09054721276845419	0.29052023238158814	0.12022657986666949	1.0	1.0	1.0	0.1446288376910191	0.1572493105308008	1.0	1.0	1.0	1.0	1.0	1.0	0.2039913763411691	0.27674403507960804	0.5640652864207093	0.2757681243712388	1.0	0.3194082945084459	1.0	0.41825033947865015	0.5297656599227828	0.18293533191760467	1.0	1.0	0.6841174893561722	1.0
