arz	bs	ceb	ckb	da	de	el	en	es	fr	he	hi	hu	id	it	ja	ko	lv	mk	ml	mr	nl	pl	pt	ro	ru	sh	si	simple	sr	sv	te	vi	war	zh
arz	1.0	0.3240749299922019	0.0	0.585786437626905	0.21712927295533244	0.19069151177756724	0.12177801432455976	0.12297884598809761	0.2958163163244893	0.1105954284283138	0.27195617308673004	0.585786437626905	0.26460746274239644	0.17658274358943535	0.1878277504209361	0.21604504884817852	0.1491406434762285	0.22204428984844665	0.38742588672279304	0.5	0.31615407452837835	0.2791745113185196	0.2612038749637415	0.16133604949436964	0.11470944966746685	0.2572842744474721	1.0	1.0	0.2184127398728598	0.3288130902060995	0.21558705646251694	0.0	0.217082786806547	1.0	0.1707398476745177
bs	0.3240749299922019	1.0	0.0	0.585786437626905	0.39564392373896007	0.25175647872610657	0.585786437626905	0.16952084719853724	0.25	0.2240092377397959	0.3430703308172536	0.2	0.34833147735478825	0.353889367864523	0.22966848451216434	0.28172904669025317	0.2216368750839041	1.0	0.2958163163244893	0.585786437626905	1.0	0.39564392373896007	0.3164309725825328	0.2843646522044218	0.2928060946961875	0.2632403810669918	0.31451985913875646	0.585786437626905	0.585786437626905	0.38742588672279304	0.2928060946961875	1.0	0.35388936786452296	1.0	0.2113939262657986
ceb	0.0	0.0	1.0	0.0	1.0	1.0	1.0	1.0	1.0	1.0	1.0	1.0	1.0	1.0	1.0	1.0	1.0	1.0	1.0	0.0	1.0	1.0	1.0	1.0	1.0	1.0	1.0	0.0	1.0	1.0	1.0	0.0	1.0	0.0	1.0
ckb	0.585786437626905	0.585786437626905	0.0	1.0	0.3090169943749474	0.13989593640151518	0.2474401533514073	0.1090504535237125	0.11034777731716484	0.13637995088478327	0.17137314946041832	0.2187841884486319	0.134888555745649	0.2791745113185196	0.21089672205953397	0.1391072219492311	0.16187887821543875	0.30216947925196225	0.28436465220442186	0.44948974278317805	1.0	0.14756957260021789	0.13989593640151518	0.1100605031933427	0.24660605559646726	0.13637995088478327	0.4364916731037085	0.585786437626905	0.4142135623730951	0.3090169943749474	0.15309887413431528	1.0	0.14032241079427224	1.0	0.10616197030680322
da	0.21712927295533244	0.39564392373896007	1.0	0.3090169943749474	1.0	0.1571856809867317	0.2958163163244893	0.11519216806670013	0.14069896952729996	0.14170948234325778	0.1560469703786189	0.2240092377397959	0.1907435698305462	0.2402530733520421	0.13665003358479544	0.1508906849579797	0.16689866385884233	0.5	0.32881309020609956	0.2674788903885893	1.0	0.1797153602962883	0.1886378647726465	0.13792469328664408	0.27195617308673004	0.12582697286446293	0.44948974278317805	0.585786437626905	0.3660254037844386	0.2113939262657986	0.17826035697019474	1.0	0.20211929788176028	1.0	0.12017494462146865
de	0.19069151177756724	0.25175647872610657	1.0	0.13989593640151518	0.1571856809867317	1.0	0.16952084719853724	0.010066633888520816	0.022646765840544023	0.003664804705493694	0.008015077522310073	0.03617375991786526	0.06053065407852549	0.05357579479724955	0.004457358618289227	0.009690700377291769	0.006332574748118942	0.23329952500316292	0.11787845042814334	0.20942771453851886	1.0	0.05690060006391157	0.040627236959901364	0.009670696289783703	0.141599379761988	0.019023443870179638	0.1951941016011038	0.585786437626905	0.3203772410170407	0.10772555881323806	0.08750187292164367	1.0	0.04179227882744164	1.0	0.00468946830032311
el	0.12177801432455976	0.585786437626905	1.0	0.2474401533514073	0.2958163163244893	0.16952084719853724	1.0	0.1449894239323116	0.15384615384615385	0.1380262631157473	0.1368970350053999	0.2025519956555797	0.1907435698305462	0.25355482027512377	0.10003485268846266	0.1809073112342927	0.16484708315636035	0.25824569976124334	0.30552726787943424	0.4142135623730951	1.0	0.1765633506768389	0.17253779651421453	0.15511784463218828	0.3090169943749474	0.1517411551652719	0.3430703308172536	1.0	0.34833147735478825	0.19292728076790167	0.20799159651347807	1.0	0.23582845781094	1.0	0.12550542596546663
en	0.12297884598809761	0.16952084719853724	1.0	0.1090504535237125	0.11519216806670013	0.010066633888520816	0.1449894239323116	1.0	0.005255223982810444	0.0018526962798798097	0.004927043778987642	0.029611236212138476	0.03154745702678678	0.051538577353177004	0.0028329703508115037	0.0031593517386289288	0.0039457136030699915	0.21912016549069163	0.10171118008217982	0.19636040545626823	1.0	0.037589130927835696	0.02891885844227765	0.0039211915125580265	0.08419932092875516	0.0037446679413300683	0.1774053291584318	0.585786437626905	0.29893508442482547	0.06900224668869866	0.03408648284072307	1.0	0.014793333437794043	1.0	0.003157516288577776
es	0.2958163163244893	0.25	1.0	0.11034777731716484	0.14069896952729996	0.022646765840544023	0.15384615384615385	0.005255223982810444	1.0	0.0069185743325859165	0.012035082489481864	0.039431921601181245	0.06085919625400888	0.05404031108122385	0.005558147307212639	0.01643273742962342	0.0095110256913415	0.2158344610587697	0.11402332857195834	0.20942771453851886	1.0	0.049618115377753375	0.041199109410197325	0.008152345006531045	0.1339070033627123	0.02063904968096392	0.19367338768973055	0.5	0.2553967929896867	0.07683079226293228	0.07102974706658867	1.0	0.04176667458958637	1.0	0.00600391417034805
fr	0.1105954284283138	0.2240092377397959	1.0	0.13637995088478327	0.14170948234325778	0.003664804705493694	0.1380262631157473	0.0018526962798798097	0.0069185743325859165	1.0	0.00630031998087794	0.04141789515304825	0.0359099721020136	0.06219977174287887	0.00433885335790883	0.005959147738174105	0.005597969753299771	0.2218704056061979	0.1040627374887013	0.20386840968093525	1.0	0.031264246448118954	0.024337755313519917	0.005854517846127184	0.11497686110163649	0.004097681327312251	0.2	0.585786437626905	0.21089672205953397	0.09208841566684414	0.05300100042484097	1.0	0.02975573030550008	1.0	0.004556526267121215
he	0.27195617308673004	0.3430703308172536	1.0	0.17137314946041832	0.1560469703786189	0.008015077522310073	0.1368970350053999	0.004927043778987642	0.012035082489481864	0.00630031998087794	1.0	0.050577153166238495	0.045784727812729305	0.08651421189832686	0.0069802275862830224	0.010229488750807878	0.012439640535316099	0.18483552380704546	0.14700913454621642	0.2204812092115424	1.0	0.03182990990966374	0.0225712171541426	0.018452578284096147	0.13333333333333333	0.008466569728875863	0.24179033438163736	0.585786437626905	0.21393876913398135	0.09086483105534705	0.03863536111468617	1.0	0.06519342377880794	1.0	0.00827534582109783
hi	0.585786437626905	0.2	1.0	0.2187841884486319	0.2240092377397959	0.03617375991786526	0.2025519956555797	0.029611236212138476	0.039431921601181245	0.04141789515304825	0.050577153166238495	1.0	0.09138518330689237	0.1357939382825356	0.042398196232458094	0.05028679202444814	0.03538416805181187	0.22798535284586735	0.2843646522044218	0.2928060946961875	1.0	0.05801159629735096	0.0583298383859911	0.03475044842496984	0.12322669491947313	0.03758426329416091	0.5	0.40453726661826384	0.17673071881839839	0.10373863910152135	0.060744780363144416	1.0	0.0745552225562267	1.0	0.030202768022338945
hu	0.26460746274239644	0.34833147735478825	1.0	0.134888555745649	0.1907435698305462	0.06053065407852549	0.1907435698305462	0.03154745702678678	0.06085919625400888	0.0359099721020136	0.045784727812729305	0.09138518330689237	1.0	0.11533640921041903	0.030084311215056492	0.06614392801528528	0.03782446292361812	0.2225758785102318	0.14118784806383944	0.21393876913398135	1.0	0.08296756330998213	0.07210533220243914	0.054809211994660226	0.1652960191502465	0.04304699410516236	0.23582845781094	0.585786437626905	0.3660254037844386	0.14488602176971208	0.09334858774523903	1.0	0.07979214086871815	1.0	0.030200098530665995
id	0.17658274358943535	0.353889367864523	1.0	0.2791745113185196	0.2402530733520421	0.05357579479724955	0.25355482027512377	0.051538577353177004	0.05404031108122385	0.06219977174287887	0.08651421189832686	0.1357939382825356	0.11533640921041903	1.0	0.06483004772992589	0.09049099206476277	0.06865905379708663	0.28436465220442186	0.30216947925196225	0.3483314773547883	1.0	0.07284401068324085	0.06910608137830311	0.054032991526716465	0.15438708879488486	0.05369459780377314	0.27792629762666365	0.585786437626905	0.1947338276786998	0.11740856758248709	0.12520903888156412	1.0	0.14732056773523425	1.0	0.0534816256690523
it	0.1878277504209361	0.22966848451216434	1.0	0.21089672205953397	0.13665003358479544	0.004457358618289227	0.10003485268846266	0.0028329703508115037	0.005558147307212639	0.00433885335790883	0.0069802275862830224	0.042398196232458094	0.030084311215056492	0.06483004772992589	1.0	0.005345578618267658	0.006696859412707279	0.18740992571549211	0.14854172778241148	0.21239994067041815	1.0	0.014231906088164471	0.007145842219625083	0.006331514691453756	0.07443761333936653	0.0044660013628825485	0.18740992571549211	0.585786437626905	0.17100799366294794	0.05528272661144995	0.02431304886882816	1.0	0.041295428658111186	1.0	0.006169926505900634
ja	0.21604504884817852	0.28172904669025317	1.0	0.1391072219492311	0.1508906849579797	0.009690700377291769	0.1809073112342927	0.0031593517386289288	0.01643273742962342	0.005959147738174105	0.010229488750807878	0.05028679202444814	0.06614392801528528	0.09049099206476277	0.005345578618267658	1.0	0.007647181249760001	0.21912016549069163	0.1367380867204732	0.20942771453851886	1.0	0.03832558214781399	0.041326369501911986	0.016537172427690268	0.14010866035929065	0.01383440304531566	0.25	0.585786437626905	0.24179033438163736	0.10417297580531154	0.051716032639609145	1.0	0.057346476753821755	1.0	0.006880155075131537
ko	0.1491406434762285	0.2216368750839041	1.0	0.16187887821543875	0.16689866385884233	0.006332574748118942	0.16484708315636035	0.0039457136030699915	0.0095110256913415	0.005597969753299771	0.012439640535316099	0.03538416805181187	0.03782446292361812	0.06865905379708663	0.006696859412707279	0.007647181249760001	1.0	0.19277917334584202	0.15399995855425522	0.20658711810431302	1.0	0.02290302469769153	0.02381336347148074	0.01845403532041544	0.09280695981558489	0.006668794708614761	0.24804047652051098	0.5	0.22522719139308142	0.08781564526602725	0.04797420603019744	1.0	0.04846693331303848	1.0	0.0069679880652520326
lv	0.22204428984844665	1.0	1.0	0.30216947925196225	0.5	0.23329952500316292	0.25824569976124334	0.21912016549069163	0.2158344610587697	0.2218704056061979	0.18483552380704546	0.22798535284586735	0.2225758785102318	0.28436465220442186	0.18740992571549211	0.21912016549069163	0.19277917334584202	1.0	0.585786437626905	0.3266316347104093	1.0	0.2225758785102318	0.2225758785102318	0.21912016549069163	0.3726822671238253	0.2041350519664497	0.585786437626905	0.585786437626905	0.44948974278317805	0.28436465220442186	0.3164309725825327	1.0	0.3164309725825328	1.0	0.19427705374478665
mk	0.38742588672279304	0.2958163163244893	1.0	0.28436465220442186	0.32881309020609956	0.11787845042814334	0.30552726787943424	0.10171118008217982	0.11402332857195834	0.1040627374887013	0.14700913454621642	0.2843646522044218	0.14118784806383944	0.30216947925196225	0.14854172778241148	0.1367380867204732	0.15399995855425522	0.585786437626905	1.0	0.585786437626905	1.0	0.1734770368584626	0.1512290518085545	0.15042098700897008	0.30216947925196225	0.11063210366061711	0.36602540378443865	0.585786437626905	0.44948974278317805	0.23441237831492112	0.1827439976315568	1.0	0.1582671253296993	1.0	0.1088991612778292
ml	0.5	0.585786437626905	0.0	0.44948974278317805	0.2674788903885893	0.20942771453851886	0.4142135623730951	0.19636040545626823	0.20942771453851886	0.20386840968093525	0.2204812092115424	0.2928060946961875	0.21393876913398135	0.3483314773547883	0.21239994067041815	0.20942771453851886	0.20658711810431302	0.3266316347104093	0.585786437626905	1.0	1.0	0.20658711810431302	0.20658711810431302	0.21393876913398135	0.29429805508554946	0.19636040545626823	0.5	0.40453726661826384	0.44948974278317805	0.3266316347104093	0.2222222222222222	1.0	0.25921926045307553	1.0	0.20942771453851886
mr	0.31615407452837835	1.0	1.0	1.0	1.0	1.0	1.0	1.0	1.0	1.0	1.0	1.0	1.0	1.0	1.0	1.0	1.0	1.0	1.0	1.0	1.0	1.0	1.0	1.0	1.0	1.0	1.0	1.0	1.0	1.0	1.0	1.0	1.0	1.0	1.0
nl	0.2791745113185196	0.39564392373896007	1.0	0.14756957260021789	0.1797153602962883	0.05690060006391157	0.1765633506768389	0.037589130927835696	0.049618115377753375	0.031264246448118954	0.03182990990966374	0.05801159629735096	0.08296756330998213	0.07284401068324085	0.014231906088164471	0.03832558214781399	0.02290302469769153	0.2225758785102318	0.1734770368584626	0.20658711810431302	1.0	1.0	0.07919190374812897	0.03854703308358546	0.19367338768973055	0.04881833257332413	0.2766967754673749	0.585786437626905	0.3203772410170407	0.129313683619401	0.10796379294215792	1.0	0.06104938252404543	1.0	0.01773900487424724
pl	0.2612038749637415	0.3164309725825328	1.0	0.13989593640151518	0.1886378647726465	0.040627236959901364	0.17253779651421453	0.02891885844227765	0.041199109410197325	0.024337755313519917	0.0225712171541426	0.0583298383859911	0.07210533220243914	0.06910608137830311	0.007145842219625083	0.041326369501911986	0.02381336347148074	0.2225758785102318	0.1512290518085545	0.20658711810431302	1.0	0.07919190374812897	1.0	0.024561209574835978	0.10257662803504108	0.03663296804162254	0.2553967929896867	0.585786437626905	0.28989794855663564	0.1052957628440899	0.10163318267220205	1.0	0.05962966274032653	1.0	0.009187232994320147
pt	0.16133604949436964	0.2843646522044218	1.0	0.1100605031933427	0.13792469328664408	0.009670696289783703	0.15511784463218828	0.0039211915125580265	0.008152345006531045	0.005854517846127184	0.018452578284096147	0.03475044842496984	0.054809211994660226	0.054032991526716465	0.006331514691453756	0.016537172427690268	0.01845403532041544	0.21912016549069163	0.15042098700897008	0.21393876913398135	1.0	0.03854703308358546	0.024561209574835978	1.0	0.12097221717826216	0.008764323053017865	0.25921926045307553	0.5	0.28172904669025317	0.08689740338701063	0.06629942626445137	1.0	0.05340752621533367	1.0	0.006870696447431104
ro	0.11470944966746685	0.2928060946961875	1.0	0.24660605559646726	0.27195617308673004	0.141599379761988	0.3090169943749474	0.08419932092875516	0.1339070033627123	0.11497686110163649	0.13333333333333333	0.12322669491947313	0.1652960191502465	0.15438708879488486	0.07443761333936653	0.14010866035929065	0.09280695981558489	0.3726822671238253	0.30216947925196225	0.29429805508554946	1.0	0.19367338768973055	0.10257662803504108	0.12097221717826216	1.0	0.11787845042814334	0.3164309725825327	0.585786437626905	0.38742588672279304	0.2204812092115424	0.1951941016011038	1.0	0.1482675827043134	1.0	0.0670348455535311
ru	0.2572842744474721	0.2632403810669918	1.0	0.13637995088478327	0.12582697286446293	0.019023443870179638	0.1517411551652719	0.0037446679413300683	0.02063904968096392	0.004097681327312251	0.008466569728875863	0.03758426329416091	0.04304699410516236	0.05369459780377314	0.0044660013628825485	0.01383440304531566	0.006668794708614761	0.2041350519664497	0.11063210366061711	0.19636040545626823	1.0	0.04881833257332413	0.03663296804162254	0.008764323053017865	0.11787845042814334	1.0	0.17706699104120874	0.585786437626905	0.25	0.07281819443442572	0.0769436310807142	1.0	0.026732250179814555	1.0	0.00470531801166539
sh	1.0	0.31451985913875646	1.0	0.4364916731037085	0.44948974278317805	0.1951941016011038	0.3430703308172536	0.1774053291584318	0.19367338768973055	0.2	0.24179033438163736	0.5	0.23582845781094	0.27792629762666365	0.18740992571549211	0.25	0.24804047652051098	0.585786437626905	0.36602540378443865	0.5	1.0	0.2766967754673749	0.2553967929896867	0.25921926045307553	0.3164309725825327	0.17706699104120874	1.0	1.0	0.44948974278317805	0.19715062508814155	0.22966848451216434	1.0	0.4142135623730951	1.0	0.20799159651347807
si	1.0	0.585786437626905	0.0	0.585786437626905	0.585786437626905	0.585786437626905	1.0	0.585786437626905	0.5	0.585786437626905	0.585786437626905	0.40453726661826384	0.585786437626905	0.585786437626905	0.585786437626905	0.585786437626905	0.5	0.585786437626905	0.585786437626905	0.40453726661826384	1.0	0.585786437626905	0.585786437626905	0.5	0.585786437626905	0.585786437626905	1.0	1.0	1.0	0.585786437626905	0.585786437626905	1.0	0.5	1.0	0.44948974278317805
simple	0.2184127398728598	0.585786437626905	1.0	0.4142135623730951	0.3660254037844386	0.3203772410170407	0.34833147735478825	0.29893508442482547	0.2553967929896867	0.21089672205953397	0.21393876913398135	0.17673071881839839	0.3660254037844386	0.1947338276786998	0.17100799366294794	0.24179033438163736	0.22522719139308142	0.44948974278317805	0.44948974278317805	0.44948974278317805	1.0	0.3203772410170407	0.28989794855663564	0.28172904669025317	0.38742588672279304	0.25	0.44948974278317805	1.0	1.0	0.3090169943749474	0.3333333333333333	1.0	0.2553967929896867	1.0	0.2061257833323215
sr	0.3288130902060995	0.38742588672279304	1.0	0.3090169943749474	0.2113939262657986	0.10772555881323806	0.19292728076790167	0.06900224668869866	0.07683079226293228	0.09208841566684414	0.09086483105534705	0.10373863910152135	0.14488602176971208	0.11740856758248709	0.05528272661144995	0.10417297580531154	0.08781564526602725	0.28436465220442186	0.23441237831492112	0.3266316347104093	1.0	0.129313683619401	0.1052957628440899	0.08689740338701063	0.2204812092115424	0.07281819443442572	0.19715062508814155	0.585786437626905	0.3090169943749474	1.0	0.12857745109633426	1.0	0.18627359303375404	1.0	0.07373618183465147
sv	0.21558705646251694	0.2928060946961875	1.0	0.15309887413431528	0.17826035697019474	0.08750187292164367	0.20799159651347807	0.03408648284072307	0.07102974706658867	0.05300100042484097	0.03863536111468617	0.060744780363144416	0.09334858774523903	0.12520903888156412	0.02431304886882816	0.051716032639609145	0.04797420603019744	0.3164309725825327	0.1827439976315568	0.2222222222222222	1.0	0.10796379294215792	0.10163318267220205	0.06629942626445137	0.1951941016011038	0.0769436310807142	0.22966848451216434	0.585786437626905	0.3333333333333333	0.12857745109633426	1.0	1.0	0.07295567185501219	1.0	0.02280910296850378
te	0.0	1.0	0.0	1.0	1.0	1.0	1.0	1.0	1.0	1.0	1.0	1.0	1.0	1.0	1.0	1.0	1.0	1.0	1.0	1.0	1.0	1.0	1.0	1.0	1.0	1.0	1.0	1.0	1.0	1.0	1.0	1.0	1.0	1.0	1.0
vi	0.217082786806547	0.35388936786452296	1.0	0.14032241079427224	0.20211929788176028	0.04179227882744164	0.23582845781094	0.014793333437794043	0.04176667458958637	0.02975573030550008	0.06519342377880794	0.0745552225562267	0.07979214086871815	0.14732056773523425	0.041295428658111186	0.057346476753821755	0.04846693331303848	0.3164309725825328	0.1582671253296993	0.25921926045307553	1.0	0.06104938252404543	0.05962966274032653	0.05340752621533367	0.1482675827043134	0.026732250179814555	0.4142135623730951	0.5	0.2553967929896867	0.18627359303375404	0.07295567185501219	1.0	1.0	1.0	0.035403572964365984
war	1.0	1.0	0.0	1.0	1.0	1.0	1.0	1.0	1.0	1.0	1.0	1.0	1.0	1.0	1.0	1.0	1.0	1.0	1.0	1.0	1.0	1.0	1.0	1.0	1.0	1.0	1.0	1.0	1.0	1.0	1.0	1.0	1.0	1.0	1.0
zh	0.1707398476745177	0.2113939262657986	1.0	0.10616197030680322	0.12017494462146865	0.00468946830032311	0.12550542596546663	0.003157516288577776	0.00600391417034805	0.004556526267121215	0.00827534582109783	0.030202768022338945	0.030200098530665995	0.0534816256690523	0.006169926505900634	0.006880155075131537	0.0069679880652520326	0.19427705374478665	0.1088991612778292	0.20942771453851886	1.0	0.01773900487424724	0.009187232994320147	0.006870696447431104	0.0670348455535311	0.00470531801166539	0.20799159651347807	0.44948974278317805	0.2061257833323215	0.07373618183465147	0.02280910296850378	1.0	0.035403572964365984	1.0	1.0
