arz	bs	ceb	ckb	da	de	el	en	es	fr	he	hi	hu	id	it	ja	ko	lv	mk	ml	mr	nl	pl	pt	ro	ru	sh	si	simple	sr	sv	te	vi	war	zh
arz	1.0	0.30216947925196225	0.0	1.0	0.5	0.25355482027512377	0.11347326242232163	0.1482573250551755	0.30216947925196225	0.10229390068090205	0.162232901101684	1.0	0.22233610210193425	0.20894541729001367	0.25728427444747215	0.3748621042051911	0.12147940625294547	0.23156573164840064	0.3483314773547883	0.44948974278317805	0.30216947925196225	0.14297867917722398	0.24179033438163736	0.18180917205344904	0.11276898688738934	0.24660605559646726	0.585786437626905	1.0	0.44948974278317805	0.2708131845707603	0.25237830515907816	0.0	0.35388936786452296	1.0	0.2222222222222222
bs	0.30216947925196225	1.0	0.0	0.22966848451216434	0.09258068355027442	0.07231365669730691	0.09350647515064231	0.03908995034747308	0.021546208940200425	0.0982191210516792	0.10065343322528918	0.3533135708365462	0.09343244014708472	0.10004752821662626	0.05500904146551316	0.09011372677279501	0.08328191073299826	0.11757046431517756	0.20209701968993107	0.30794491411916075	0.4999462819387337	0.0813756397885406	0.0827227452617741	0.044842626717949384	0.0884307158801375	0.07231305205187644	0.15126723474322287	0.4364916731037085	0.04703937854930592	0.10244541757986883	0.08563306455880212	0.0	0.04388945114241717	0.5	0.06919785046204956
ceb	0.0	0.0	1.0	0.0	1.0	1.0	1.0	1.0	1.0	1.0	1.0	1.0	1.0	1.0	1.0	1.0	1.0	1.0	1.0	0.0	1.0	1.0	0.585786437626905	1.0	1.0	1.0	1.0	0.0	1.0	1.0	1.0	0.0	1.0	0.0	1.0
ckb	1.0	0.22966848451216434	0.0	1.0	0.44948974278317805	0.5	0.44948974278317805	0.40453726661826384	0.585786437626905	0.3534797987848214	0.44948974278317805	1.0	0.585786437626905	0.4142135623730951	0.5	0.44948974278317805	0.44948974278317805	0.22637743188966133	0.4364916731037085	0.44948974278317805	0.22030781010290035	0.3726822671238253	0.3726822671238253	0.5	0.2069848961964577	0.5	1.0	1.0	0.585786437626905	0.22772999919644132	0.252650308587072	0.0	0.5	1.0	0.3483314773547883
da	0.5	0.09258068355027442	1.0	0.44948974278317805	1.0	0.0561921326290015	0.08643031940512069	0.04718100511276495	0.011816913117994756	0.06056163652313419	0.09886942351018455	0.585786437626905	0.06337784888052288	0.10670483507314031	0.05355504345635606	0.07669609183531483	0.062242366699336665	0.1259895726474535	0.19810243821318194	0.4142135623730951	0.1694920753003203	0.05102133951327002	0.06325872075953098	0.055172281471140554	0.06849286707180545	0.06688243300158951	0.18515875475716992	0.32449979983983984	0.023876194034376248	0.08566666813343243	0.0697938850628784	0.0	0.051734888889856154	0.44948974278317805	0.05888511118832761
de	0.25355482027512377	0.07231365669730691	1.0	0.5	0.0561921326290015	1.0	0.04706377717379838	0.01821875797959868	0.004621550161967631	0.01947256946321394	0.07652895670847804	0.585786437626905	0.0421100650076236	0.0729065965930449	0.01912111030561588	0.030993704407086493	0.04273410023071116	0.07290007242870628	0.06259861449258433	0.4142135623730951	0.14109423523255876	0.021603078301493515	0.02702164413480959	0.029942240756883846	0.028737785576492095	0.02590874756061493	0.14419980727136059	1.0	0.01639545144339429	0.06895670137709131	0.04284419611897966	0.0	0.04710834845021399	0.5	0.03268222152494255
el	0.11347326242232163	0.09350647515064231	1.0	0.44948974278317805	0.08643031940512069	0.04706377717379838	1.0	0.04426199758812391	0.008103165628323751	0.03896052356869562	0.06666885717184387	0.5	0.05498219030364776	0.09964168995723474	0.04552882188279613	0.05135942347383131	0.05162648741572293	0.12336111990038273	0.10725891405224462	0.3660254037844386	0.17082299177178553	0.04619175525576674	0.049936724061826546	0.04774444210069001	0.045556555284773384	0.04960851707136602	0.17934174688785265	1.0	0.02094285497660926	0.08929477031063379	0.07073164683040738	0.0	0.05600896184374605	1.0	0.05035388842134764
en	0.1482573250551755	0.03908995034747308	1.0	0.40453726661826384	0.04718100511276495	0.01821875797959868	0.04426199758812391	1.0	0.003987743473056306	0.015392055742601666	0.053850786162111065	0.49851311685382416	0.04172374059003999	0.0583798716204333	0.01672310001755477	0.02905247916307942	0.04052983009309574	0.04356144118385271	0.06149458757629304	0.38742588672279304	0.14114865072058716	0.022193292483519377	0.02537780212954059	0.024107471395035666	0.02612166708880291	0.025199271077017367	0.17904043690790597	0.28436465220442186	0.015614676004030298	0.0405763703417885	0.034835859694582014	0.0	0.04959870101744286	0.27429188517743175	0.024925557644232772
es	0.30216947925196225	0.021546208940200425	1.0	0.585786437626905	0.011816913117994756	0.004621550161967631	0.008103165628323751	0.003987743473056306	1.0	0.004932682369949008	0.011239243656915865	0.585786437626905	0.006129230954120866	0.014015693714696804	0.004362210673596042	0.005776389862796183	0.006760496942225939	0.025331470790697003	0.056815217684766044	0.44948974278317805	0.15366717774838984	0.00439615282640247	0.005093474002042269	0.004448310357227806	0.006306772869124542	0.0049336220365103186	0.2240092377397959	1.0	0.04752912012291363	0.0193605313677611	0.008101929348853405	0.0	0.012831785892710189	1.0	0.005038770005539013
fr	0.10229390068090205	0.0982191210516792	1.0	0.3534797987848214	0.06056163652313419	0.01947256946321394	0.03896052356869562	0.015392055742601666	0.004932682369949008	1.0	0.08237751594778718	0.5	0.029372151140519595	0.10139144785717095	0.017969043148463964	0.027653033075892005	0.04397304886541639	0.12767777645826162	0.3055791236981859	0.38742588672279304	0.19024932992818275	0.020910703585456186	0.024898230946308202	0.02236355636173453	0.02637774674120031	0.024399090983552616	0.15001847428967857	0.585786437626905	0.018159592624036734	0.08583530842448418	0.060065992935584865	0.0	0.06432190556802654	0.585786437626905	0.025120961818469713
he	0.162232901101684	0.10065343322528918	1.0	0.44948974278317805	0.09886942351018455	0.07652895670847804	0.06666885717184387	0.053850786162111065	0.011239243656915865	0.08237751594778718	1.0	0.5	0.09087403054573938	0.11433310164188622	0.07532142781370862	0.0767361464527611	0.06323924889162835	0.11374785913808678	0.11900557417953284	0.44948974278317805	0.17704990582105856	0.07968919865872526	0.07441186085957477	0.05862008591743595	0.06299678429677215	0.07132074596857424	0.18262322351704904	1.0	0.024965573038097925	0.09506214621958661	0.08818424819375591	0.0	0.053433419693280824	1.0	0.06667514844293547
hi	1.0	0.3533135708365462	1.0	1.0	0.585786437626905	0.585786437626905	0.5	0.49851311685382416	0.585786437626905	0.5	0.5	1.0	1.0	0.5	0.585786437626905	0.585786437626905	0.5	0.38742588672279304	0.5	0.585786437626905	0.585786437626905	0.585786437626905	0.585786437626905	0.585786437626905	0.4356120478348471	0.40453726661826384	1.0	1.0	0.585786437626905	0.5	0.49851311685382416	0.0	0.585786437626905	1.0	0.5
hu	0.22233610210193425	0.09343244014708472	1.0	0.585786437626905	0.06337784888052288	0.0421100650076236	0.05498219030364776	0.04172374059003999	0.006129230954120866	0.029372151140519595	0.09087403054573938	1.0	1.0	0.10023582392581253	0.040539212268159874	0.050580915559733264	0.0557784564223595	0.11735953248674022	0.08395648906023234	0.4142135623730951	0.14609448991432333	0.04435807645380917	0.04748075130631406	0.039435850882126096	0.037789685722176114	0.048471765627061424	0.28989794855663564	1.0	0.022213394103972342	0.08759911389179287	0.060041459975150334	0.0	0.05262202581767862	1.0	0.05162175415019761
id	0.20894541729001367	0.10004752821662626	1.0	0.4142135623730951	0.10670483507314031	0.0729065965930449	0.09964168995723474	0.0583798716204333	0.014015693714696804	0.10139144785717095	0.11433310164188622	0.5	0.10023582392581253	1.0	0.06436980331407394	0.08167902387178257	0.08732932403906055	0.12374306396923652	0.15479790641439545	0.44948974278317805	0.16652327022809899	0.08980971789670439	0.09544836001773928	0.04926649576275133	0.07455570928929642	0.0778609093455832	0.19416907218329651	1.0	0.030042271644689023	0.09738847456913188	0.10828532646535391	0.0	0.048055854709832674	1.0	0.07137755343825795
it	0.25728427444747215	0.05500904146551316	1.0	0.5	0.05355504345635606	0.01912111030561588	0.04552882188279613	0.01672310001755477	0.004362210673596042	0.017969043148463964	0.07532142781370862	0.585786437626905	0.040539212268159874	0.06436980331407394	1.0	0.03069203749842616	0.04162543914463716	0.0602705670509485	0.059528264956313554	0.44948974278317805	0.15366717774838984	0.02132687041080641	0.022603158620306627	0.0220511674303491	0.028301380972963298	0.022820643209719393	0.16596759489976218	0.36602540378443865	0.016162876845524487	0.060146191506784685	0.040306852277117035	0.0	0.05313966509589825	0.4142135623730951	0.03201349133817477
ja	0.3748621042051911	0.09011372677279501	1.0	0.44948974278317805	0.07669609183531483	0.030993704407086493	0.05135942347383131	0.02905247916307942	0.005776389862796183	0.027653033075892005	0.0767361464527611	0.585786437626905	0.050580915559733264	0.08167902387178257	0.03069203749842616	1.0	0.03846337802266101	0.12340801423544806	0.08079943543779798	0.5	0.18210698955357468	0.03480757312113882	0.034151435739336246	0.03259858525304851	0.03542659101074445	0.03249095474323459	0.24825874766188624	1.0	0.01860313052813462	0.08584427760801462	0.061587580246587705	0.0	0.05245160520245116	1.0	0.03469715197047235
ko	0.12147940625294547	0.08328191073299826	1.0	0.44948974278317805	0.062242366699336665	0.04273410023071116	0.05162648741572293	0.04052983009309574	0.006760496942225939	0.04397304886541639	0.06323924889162835	0.5	0.0557784564223595	0.08732932403906055	0.04162543914463716	0.03846337802266101	1.0	0.12173779779598723	0.07771791781416798	0.3597752501562547	0.17300526012589237	0.04513279608960724	0.045889764355087286	0.04520803206870861	0.0439962359368235	0.0445952446740677	0.17663720719750814	1.0	0.017732327869967618	0.08583233038206166	0.0545067866572289	0.0	0.055328930641902134	1.0	0.0444099937771532
lv	0.23156573164840064	0.11757046431517756	1.0	0.22637743188966133	0.1259895726474535	0.07290007242870628	0.12336111990038273	0.04356144118385271	0.025331470790697003	0.12767777645826162	0.11374785913808678	0.38742588672279304	0.11735953248674022	0.12374306396923652	0.0602705670509485	0.12340801423544806	0.12173779779598723	1.0	0.21766402154214592	0.3013672106395509	0.445902906222806	0.11865456207643159	0.10051322959188222	0.041367573012360916	0.12677049979808355	0.11500793004089585	0.16795942992298873	1.0	0.04520305810968021	0.13259254615109162	0.10256184415979426	0.0	0.05313443525462587	1.0	0.05726611891708395
mk	0.3483314773547883	0.20209701968993107	1.0	0.4364916731037085	0.19810243821318194	0.06259861449258433	0.10725891405224462	0.06149458757629304	0.056815217684766044	0.3055791236981859	0.11900557417953284	0.5	0.08395648906023234	0.15479790641439545	0.059528264956313554	0.08079943543779798	0.07771791781416798	0.21766402154214592	1.0	0.4134900434704663	0.20641483940944377	0.10271107015604417	0.07669408259448993	0.05775250630077545	0.2074327864198918	0.06731686943892382	0.3655636559687688	1.0	0.0984243396117938	0.19385989257268998	0.079950149684529	0.0	0.11893220181937282	1.0	0.05898130696025695
ml	0.44948974278317805	0.30794491411916075	0.0	0.44948974278317805	0.4142135623730951	0.4142135623730951	0.3660254037844386	0.38742588672279304	0.44948974278317805	0.38742588672279304	0.44948974278317805	0.585786437626905	0.4142135623730951	0.44948974278317805	0.44948974278317805	0.5	0.3597752501562547	0.3013672106395509	0.4134900434704663	1.0	0.24615318616281448	0.4229043080276937	0.5	0.44948974278317805	0.23956487654149192	0.5	0.585786437626905	1.0	0.44948974278317805	0.29845524420134995	0.3126480851423008	0.0	0.44948974278317805	1.0	0.44948974278317805
mr	0.30216947925196225	0.4999462819387337	1.0	0.22030781010290035	0.1694920753003203	0.14109423523255876	0.17082299177178553	0.14114865072058716	0.15366717774838984	0.19024932992818275	0.17704990582105856	0.585786437626905	0.14609448991432333	0.16652327022809899	0.15366717774838984	0.18210698955357468	0.17300526012589237	0.445902906222806	0.20641483940944377	0.24615318616281448	1.0	0.1489210999672669	0.14831883026914444	0.14154806329998088	0.41211309618564324	0.15650920186463865	0.3660254037844386	1.0	0.1380262631157473	0.4763033003444605	0.20376075745841588	0.0	0.1844029763056224	1.0	0.14428843027937596
nl	0.14297867917722398	0.0813756397885406	1.0	0.3726822671238253	0.05102133951327002	0.021603078301493515	0.04619175525576674	0.022193292483519377	0.00439615282640247	0.020910703585456186	0.07968919865872526	0.585786437626905	0.04435807645380917	0.08980971789670439	0.02132687041080641	0.03480757312113882	0.04513279608960724	0.11865456207643159	0.10271107015604417	0.4229043080276937	0.1489210999672669	1.0	0.029935111881141594	0.029195030652689264	0.0317819912790059	0.028948737529601	0.15486019152772	1.0	0.018262259136602524	0.07883782818498528	0.03779126755685973	0.0	0.05149850616792398	0.4142135623730951	0.03549312429319735
pl	0.24179033438163736	0.0827227452617741	0.585786437626905	0.3726822671238253	0.06325872075953098	0.02702164413480959	0.049936724061826546	0.02537780212954059	0.005093474002042269	0.024898230946308202	0.07441186085957477	0.585786437626905	0.04748075130631406	0.09544836001773928	0.022603158620306627	0.034151435739336246	0.045889764355087286	0.10051322959188222	0.07669408259448993	0.5	0.14831883026914444	0.029935111881141594	1.0	0.030727178722848004	0.03344791497999518	0.028246094990374004	0.13740703086456862	1.0	0.01806131976529568	0.06667792079509471	0.05790831841018935	0.0	0.06107727086936284	1.0	0.040292147056382475
pt	0.18180917205344904	0.044842626717949384	1.0	0.5	0.055172281471140554	0.029942240756883846	0.04774444210069001	0.024107471395035666	0.004448310357227806	0.02236355636173453	0.05862008591743595	0.585786437626905	0.039435850882126096	0.04926649576275133	0.0220511674303491	0.03259858525304851	0.04520803206870861	0.041367573012360916	0.05775250630077545	0.44948974278317805	0.14154806329998088	0.029195030652689264	0.030727178722848004	1.0	0.030671578981275326	0.031241105288185876	0.1951941016011038	1.0	0.01829613082424049	0.04243230215962297	0.05715594593565775	0.0	0.044481557882701056	1.0	0.036039470535431155
ro	0.11276898688738934	0.0884307158801375	1.0	0.2069848961964577	0.06849286707180545	0.028737785576492095	0.045556555284773384	0.02612166708880291	0.006306772869124542	0.02637774674120031	0.06299678429677215	0.4356120478348471	0.037789685722176114	0.07455570928929642	0.028301380972963298	0.03542659101074445	0.0439962359368235	0.12677049979808355	0.2074327864198918	0.23956487654149192	0.41211309618564324	0.0317819912790059	0.03344791497999518	0.030671578981275326	1.0	0.03103052806958711	0.17620223652357775	0.585786437626905	0.023216897014341	0.0900137521986467	0.05248137614810368	0.0	0.05131323660353675	1.0	0.034515220204571984
ru	0.24660605559646726	0.07231305205187644	1.0	0.5	0.06688243300158951	0.02590874756061493	0.04960851707136602	0.025199271077017367	0.0049336220365103186	0.024399090983552616	0.07132074596857424	0.40453726661826384	0.048471765627061424	0.0778609093455832	0.022820643209719393	0.03249095474323459	0.0445952446740677	0.11500793004089585	0.06731686943892382	0.5	0.15650920186463865	0.028948737529601	0.028246094990374004	0.031241105288185876	0.03103052806958711	1.0	0.2025519956555797	1.0	0.01820711661893973	0.07578926248677306	0.05646392650504589	0.0	0.057945894577790404	1.0	0.03726512179184916
sh	0.585786437626905	0.15126723474322287	1.0	1.0	0.18515875475716992	0.14419980727136059	0.17934174688785265	0.17904043690790597	0.2240092377397959	0.15001847428967857	0.18262322351704904	1.0	0.28989794855663564	0.19416907218329651	0.16596759489976218	0.24825874766188624	0.17663720719750814	0.16795942992298873	0.3655636559687688	0.585786437626905	0.3660254037844386	0.15486019152772	0.13740703086456862	0.1951941016011038	0.17620223652357775	0.2025519956555797	1.0	0.44948974278317805	0.585786437626905	0.12145547482028966	0.2552630519097368	0.0	0.585786437626905	0.585786437626905	0.18008779013636345
si	1.0	0.4364916731037085	0.0	1.0	0.32449979983983984	1.0	1.0	0.28436465220442186	1.0	0.585786437626905	1.0	1.0	1.0	1.0	0.36602540378443865	1.0	1.0	1.0	1.0	1.0	1.0	1.0	1.0	1.0	0.585786437626905	1.0	0.44948974278317805	1.0	1.0	1.0	0.585786437626905	1.0	1.0	1.0	1.0
simple	0.44948974278317805	0.04703937854930592	1.0	0.585786437626905	0.023876194034376248	0.01639545144339429	0.02094285497660926	0.015614676004030298	0.04752912012291363	0.018159592624036734	0.024965573038097925	0.585786437626905	0.022213394103972342	0.030042271644689023	0.016162876845524487	0.01860313052813462	0.017732327869967618	0.04520305810968021	0.0984243396117938	0.44948974278317805	0.1380262631157473	0.018262259136602524	0.01806131976529568	0.01829613082424049	0.023216897014341	0.01820711661893973	0.585786437626905	1.0	1.0	0.03772647959066664	0.02153429106379582	0.0	0.04500425406814507	1.0	0.01707365797769168
sr	0.2708131845707603	0.10244541757986883	1.0	0.22772999919644132	0.08566666813343243	0.06895670137709131	0.08929477031063379	0.0405763703417885	0.0193605313677611	0.08583530842448418	0.09506214621958661	0.5	0.08759911389179287	0.09738847456913188	0.060146191506784685	0.08584427760801462	0.08583233038206166	0.13259254615109162	0.19385989257268998	0.29845524420134995	0.4763033003444605	0.07883782818498528	0.06667792079509471	0.04243230215962297	0.0900137521986467	0.07578926248677306	0.12145547482028966	1.0	0.03772647959066664	1.0	0.07998893833238076	0.0	0.04693080627975761	1.0	0.0667973479541406
sv	0.25237830515907816	0.08563306455880212	1.0	0.252650308587072	0.0697938850628784	0.04284419611897966	0.07073164683040738	0.034835859694582014	0.008101929348853405	0.060065992935584865	0.08818424819375591	0.49851311685382416	0.060041459975150334	0.10828532646535391	0.040306852277117035	0.061587580246587705	0.0545067866572289	0.10256184415979426	0.079950149684529	0.3126480851423008	0.20376075745841588	0.03779126755685973	0.05790831841018935	0.05715594593565775	0.05248137614810368	0.05646392650504589	0.2552630519097368	0.585786437626905	0.02153429106379582	0.07998893833238076	1.0	0.0	0.06970071219923615	0.585786437626905	0.05138123619641979
te	0.0	0.0	0.0	0.0	0.0	0.0	0.0	0.0	0.0	0.0	0.0	0.0	0.0	0.0	0.0	0.0	0.0	0.0	0.0	0.0	0.0	0.0	0.0	0.0	0.0	0.0	0.0	1.0	0.0	0.0	0.0	0.0	0.0	1.0	0.0
vi	0.35388936786452296	0.04388945114241717	1.0	0.5	0.051734888889856154	0.04710834845021399	0.05600896184374605	0.04959870101744286	0.012831785892710189	0.06432190556802654	0.053433419693280824	0.585786437626905	0.05262202581767862	0.048055854709832674	0.05313966509589825	0.05245160520245116	0.055328930641902134	0.05313443525462587	0.11893220181937282	0.44948974278317805	0.1844029763056224	0.05149850616792398	0.06107727086936284	0.044481557882701056	0.05131323660353675	0.057945894577790404	0.585786437626905	1.0	0.04500425406814507	0.04693080627975761	0.06970071219923615	0.0	1.0	1.0	0.06046277399110189
war	1.0	0.5	0.0	1.0	0.44948974278317805	0.5	1.0	0.27429188517743175	1.0	0.585786437626905	1.0	1.0	1.0	1.0	0.4142135623730951	1.0	1.0	1.0	1.0	1.0	1.0	0.4142135623730951	1.0	1.0	1.0	1.0	0.585786437626905	1.0	1.0	1.0	0.585786437626905	1.0	1.0	1.0	1.0
zh	0.2222222222222222	0.06919785046204956	1.0	0.3483314773547883	0.05888511118832761	0.03268222152494255	0.05035388842134764	0.024925557644232772	0.005038770005539013	0.025120961818469713	0.06667514844293547	0.5	0.05162175415019761	0.07137755343825795	0.03201349133817477	0.03469715197047235	0.0444099937771532	0.05726611891708395	0.05898130696025695	0.44948974278317805	0.14428843027937596	0.03549312429319735	0.040292147056382475	0.036039470535431155	0.034515220204571984	0.03726512179184916	0.18008779013636345	1.0	0.01707365797769168	0.0667973479541406	0.05138123619641979	0.0	0.06046277399110189	1.0	1.0
