arz	bs	ceb	ckb	da	de	el	en	es	fr	he	hi	hu	id	it	ja	ko	lv	mk	ml	mr	nl	pl	pt	ro	ru	sh	si	simple	sr	sv	te	vi	war	zh
arz	1.0	0.540480554674241	0.0	1.0	0.4287672954902229	0.2985185900791558	0.39224801277679	0.32616505273549645	0.5458669770194232	0.4305799563826602	0.49246231728412293	1.0	0.34610716349161114	0.2831151235524591	0.45365044121730513	0.3544135559075712	0.3133421482066132	0.6489965269998149	0.4839202376981613	0.45204333721911527	0.5401771721884192	0.4225794050523614	0.321178844026439	0.39397290297240933	0.5612020798341015	0.3530509512359987	0.7690990303325336	1.0	0.5775663472330606	0.8050223018539815	0.5353798654281757	0.0	0.5107771147748821	1.0	0.4571935431591476
bs	0.540480554674241	1.0	0.0	0.649536273949475	0.3144640378051002	0.24688274482330072	0.31668860811880023	0.17390141606660203	0.3709577486398099	0.4029617410589701	0.3805452962246801	0.7370499628693186	0.3184861062096818	0.3849809007019447	0.2036274477671277	0.27006252963173033	0.2963216825215258	0.5527883510173792	0.3085663315431675	0.42857108262599447	0.591197397923938	0.2973650760754474	0.2556905232313824	0.18236146414194115	0.44539548203585594	0.24438055314117696	0.44494278388557873	0.6395657813917608	0.370777113113866	0.45290814269054774	0.2984634047336396	0.0	0.2707225985220949	0.6740515375688697	0.22400128883811615
ceb	0.0	0.0	1.0	0.0	1.0	1.0	1.0	1.0	1.0	1.0	1.0	1.0	1.0	1.0	1.0	1.0	1.0	1.0	1.0	0.0	1.0	1.0	0.8216064286890065	0.5660160774121898	1.0	1.0	1.0	0.0	1.0	1.0	1.0	0.0	1.0	0.0	1.0
ckb	1.0	0.649536273949475	0.0	1.0	0.637182453736968	0.6640237664404941	0.6786664531359496	0.5879511749463611	0.7510341748895938	0.41561759260537645	0.36874585547804684	1.0	0.3888165473209022	0.6530383168374824	0.6604928506158132	0.4420506348858667	0.36589397082404285	0.7425580650014767	0.6983438190355966	0.399852256061183	0.601592978893678	0.3634599574352474	0.5493170643608516	0.6444151565043333	0.7271556337251942	0.422747941420402	1.0	1.0	0.7584325078215763	0.6015418658171842	0.5464391680090687	0.0	0.670237182162907	1.0	0.5626512561644924
da	0.4287672954902229	0.3144640378051002	1.0	0.637182453736968	1.0	0.2039921503015847	0.25666941481082617	0.16865545077972482	0.17658580144638403	0.2633480364599676	0.28144064284480386	0.7863954451402115	0.2502693167055011	0.28659649161879075	0.201673893220734	0.23306474042758812	0.2488272106337675	0.328589425220484	0.2851802916820699	0.38265854875266936	0.3460860061972426	0.22570667915950032	0.22825691201682788	0.18383471679446106	0.30484570535673566	0.2222061700778477	0.4412785581715433	0.507194584168764	0.21050201720098974	0.3072336462757168	0.22855297002021815	0.0	0.1985015938837354	0.6221982196391784	0.20164613486865457
de	0.2985185900791558	0.24688274482330072	1.0	0.6640237664404941	0.2039921503015847	1.0	0.18914549291116348	0.12231640737403512	0.08298368331485986	0.16991079459807482	0.21190021153714236	0.7863954451402115	0.1786624387454708	0.23328876238619972	0.14049112244306966	0.16745194123764964	0.18179110187905947	0.2761874262020067	0.35161868275419145	0.357174481364047	0.5744216240892939	0.1551217192058509	0.15865286651491134	0.14446577012281303	0.2019333558746069	0.15689344729138563	0.3035218815676575	1.0	0.1748832062488536	0.24184832046330212	0.18622485178419276	0.0	0.16835268402748574	0.612612409469375	0.15427385941185837
el	0.39224801277679	0.31668860811880023	1.0	0.6786664531359496	0.25666941481082617	0.18914549291116348	1.0	0.1642642387278944	0.15579273024978085	0.2507117738282353	0.267114665615316	0.9124215507796029	0.23701236005177934	0.28843647927597205	0.18557980665113524	0.22098021351462763	0.23324161250209682	0.3199127318275927	0.2537746520733485	0.3707400639052945	0.502241420771121	0.2208386511773957	0.20548249131775245	0.17447790713077466	0.27518452145184247	0.20158409052854517	0.41373449557194736	1.0	0.2121210518997869	0.3054899382066049	0.22458675615106483	0.0	0.19200522969915285	1.0	0.19647892648866858
en	0.32616505273549645	0.17390141606660203	1.0	0.5879511749463611	0.16865545077972482	0.12231640737403512	0.1642642387278944	1.0	0.06210777432330828	0.14164569952467268	0.18757629520423463	0.8356339363276537	0.155801845346867	0.16715293010000204	0.11728865178384941	0.14611940007910032	0.1568690398988914	0.20835340198892238	0.3298486930936508	0.35215283485817067	0.4363554372373318	0.1294890624667227	0.13776438131591728	0.12361409264243532	0.17130991859767047	0.1382864517654212	0.42694473559217916	0.45460762414559736	0.15327846087854105	0.17535355520421417	0.1556778041833769	0.0	0.14596270646939088	0.5418615014829912	0.13247607199075007
es	0.5458669770194232	0.3709577486398099	1.0	0.7510341748895938	0.17658580144638403	0.08298368331485986	0.15579273024978085	0.06210777432330828	1.0	0.0820835550959102	0.18652867060502776	0.7863954451402115	0.11994545091306431	0.25883653460819805	0.07089598449811937	0.11085861413911711	0.13391782372784874	0.46621579581677963	0.3929543566817326	0.3693476374884171	0.7003561656092361	0.08764985376918329	0.10041854296413202	0.0889953627665927	0.11765857099255624	0.09229647120664433	0.48838726146822414	1.0	0.19291898105350277	0.3344689076717538	0.148842689539192	0.0	0.17463278037303667	1.0	0.09921845949267485
fr	0.4305799563826602	0.4029617410589701	1.0	0.41561759260537645	0.2633480364599676	0.16991079459807482	0.2507117738282353	0.14164569952467268	0.0820835550959102	1.0	0.3082531925983397	0.6827447964042134	0.23177417760164923	0.3376464028691668	0.16360789470594436	0.20844682214614077	0.2294257287098224	0.45118224100686893	0.38308788007917727	0.30966364454339323	0.44409754833121956	0.20184981364828186	0.1960377906995928	0.16556372806686712	0.29920939365370114	0.1922642829129463	0.3190995770442284	0.3866516195742559	0.21699839726711362	0.38406264177705146	0.23509977825824835	0.0	0.1988585810421093	0.7234532828151787	0.18680381046787667
he	0.49246231728412293	0.3805452962246801	1.0	0.36874585547804684	0.28144064284480386	0.21190021153714236	0.267114665615316	0.18757629520423463	0.18652867060502776	0.3082531925983397	1.0	0.4479930418116573	0.27249001475466444	0.32643482967382254	0.21143091671079509	0.24275555898977985	0.2613762778027513	0.39888777283899923	0.27604792756228586	0.40790364358597425	0.4492889436314059	0.2630876956855336	0.24108159623509606	0.17258798129387976	0.33922909533814644	0.24300156407640552	0.430355260024969	1.0	0.2533520293795661	0.35712004766720856	0.25347337019692096	0.0	0.21216190761933115	1.0	0.2156237041078268
hi	1.0	0.7370499628693186	1.0	1.0	0.7863954451402115	0.7863954451402115	0.9124215507796029	0.8356339363276537	0.7863954451402115	0.6827447964042134	0.4479930418116573	1.0	0.4997632928369257	0.9124215507796029	0.7863954451402115	0.5084267432279024	0.6827447964042134	0.7101719911449633	0.6775915738325127	0.5455381281950756	0.5660160774121898	0.7863954451402115	0.7863954451402115	0.7863954451402115	0.7435165738527852	0.6294386766852437	1.0	1.0	0.7863954451402115	0.42818026303783213	0.8356339363276537	0.0	0.7863954451402115	1.0	0.7935709274445446
hu	0.34610716349161114	0.3184861062096818	1.0	0.3888165473209022	0.2502693167055011	0.1786624387454708	0.23701236005177934	0.155801845346867	0.11994545091306431	0.23177417760164923	0.27249001475466444	0.4997632928369257	1.0	0.28270000285729374	0.17801616318100721	0.2088268088339093	0.22739706973140306	0.3452698523302308	0.30830969512111245	0.5249119129563046	0.5273023516625637	0.205025025188486	0.19662427266706461	0.16977606166733353	0.26874041597959814	0.19787917378441391	0.3299586847881954	1.0	0.22968046711963663	0.32106831375301187	0.22350518657096952	0.0	0.2055650563182552	1.0	0.19091455914203753
id	0.2831151235524591	0.3849809007019447	1.0	0.6530383168374824	0.28659649161879075	0.23328876238619972	0.28843647927597205	0.16715293010000204	0.25883653460819805	0.3376464028691668	0.32643482967382254	0.9124215507796029	0.28270000285729374	1.0	0.21910377298639405	0.25094525688403907	0.260317524448587	0.4295946141187454	0.2440946002026301	0.4785596291366586	0.5161951795925868	0.2625910412780638	0.23448450948703276	0.21523665650996424	0.3747848301916075	0.2485627261978227	0.43805212480935524	1.0	0.31282638470086604	0.37806852755520326	0.26280919603094055	0.0	0.21544146166540862	1.0	0.2244119019607588
it	0.45365044121730513	0.2036274477671277	1.0	0.6604928506158132	0.201673893220734	0.14049112244306966	0.18557980665113524	0.11728865178384941	0.07089598449811937	0.16360789470594436	0.21143091671079509	0.7863954451402115	0.17801616318100721	0.21910377298639405	1.0	0.16558183339820295	0.17952403571473693	0.21485374253060768	0.33539256642618415	0.3693476374884171	0.700356165609236	0.1546452679292343	0.15367429632665458	0.13929259394109272	0.20160511311304558	0.1545059541560708	0.35506635513394963	0.6068415109520329	0.18133067892668853	0.22278234536985234	0.18254610937743096	0.0	0.16438758579137555	0.6505522366750781	0.15039550879531766
ja	0.3544135559075712	0.27006252963173033	1.0	0.4420506348858667	0.23306474042758812	0.16745194123764964	0.22098021351462763	0.14611940007910032	0.11085861413911711	0.20844682214614077	0.24275555898977985	0.5084267432279024	0.2088268088339093	0.25094525688403907	0.16558183339820295	1.0	0.20389905514893317	0.28968114228953545	0.32213575425190927	0.5385854358965897	0.32288445113906195	0.19047092487389927	0.18659429665124644	0.16199318767579882	0.23973143580842135	0.18130938025840337	0.3161839676469767	1.0	0.19431180107396767	0.295882844186793	0.2104548607458219	0.0	0.18151511934256018	1.0	0.17891972426624927
ko	0.3133421482066132	0.2963216825215258	1.0	0.36589397082404285	0.2488272106337675	0.18179110187905947	0.23324161250209682	0.1568690398988914	0.13391782372784874	0.2294257287098224	0.2613762778027513	0.6827447964042134	0.22739706973140306	0.260317524448587	0.17952403571473693	0.20389905514893317	1.0	0.3115470848241566	0.21078433963899496	0.3161121337035809	0.44029618759006467	0.21371069943856938	0.2013437078093661	0.16877836919147018	0.2706256914355817	0.1957553371991352	0.3291793137440061	1.0	0.20206821687613918	0.2925686437085699	0.2189867171001123	0.0	0.2122804904746591	1.0	0.18412980312458108
lv	0.6489965269998149	0.5527883510173792	1.0	0.7425580650014767	0.328589425220484	0.2761874262020067	0.3199127318275927	0.20835340198892238	0.46621579581677963	0.45118224100686893	0.39888777283899923	0.7101719911449633	0.3452698523302308	0.4295946141187454	0.21485374253060768	0.28968114228953545	0.3115470848241566	1.0	0.33764103604953233	0.3946164731016163	0.6548590942770846	0.31437034248129003	0.2590540932085901	0.2039612592334969	0.504315865662183	0.2675285255316637	0.5024640605342106	1.0	0.454377086790156	0.4744281451583314	0.2581293381909125	0.0	0.3144661111962076	1.0	0.2535512248838688
mk	0.4839202376981613	0.3085663315431675	1.0	0.6983438190355966	0.2851802916820699	0.35161868275419145	0.2537746520733485	0.3298486930936508	0.3929543566817326	0.38308788007917727	0.27604792756228586	0.6775915738325127	0.30830969512111245	0.2440946002026301	0.33539256642618415	0.32213575425190927	0.21078433963899496	0.33764103604953233	1.0	0.4047964857636295	0.40703915287979836	0.3339243406089323	0.2924534740575895	0.19322260977134095	0.4072095533891215	0.3749557453484579	0.41366890179016524	1.0	0.3646889536032778	0.30414964041942005	0.3074728565454851	0.0	0.40108117073640054	1.0	0.3252989075186803
ml	0.45204333721911527	0.42857108262599447	0.0	0.399852256061183	0.38265854875266936	0.357174481364047	0.3707400639052945	0.35215283485817067	0.3693476374884171	0.30966364454339323	0.40790364358597425	0.5455381281950756	0.5249119129563046	0.4785596291366586	0.3693476374884171	0.5385854358965897	0.3161121337035809	0.3946164731016163	0.4047964857636295	1.0	0.3537419421270571	0.3825137147538086	0.40958230361833553	0.3693476374884171	0.41123411548398126	0.41078361921306	0.8216064286890065	1.0	0.3693476374884171	0.4118197963280197	0.34231432272587425	0.0	0.399852256061183	1.0	0.3596957974536731
mr	0.5401771721884192	0.591197397923938	1.0	0.601592978893678	0.3460860061972426	0.5744216240892939	0.502241420771121	0.4363554372373318	0.7003561656092361	0.44409754833121956	0.4492889436314059	0.5660160774121898	0.5273023516625637	0.5161951795925868	0.700356165609236	0.32288445113906195	0.44029618759006467	0.6548590942770846	0.40703915287979836	0.3537419421270571	1.0	0.3326312198870419	0.5309589631392881	0.5838310604042275	0.5481800036156683	0.30714829166916996	0.8755395908437883	1.0	0.7051696974604009	0.5899736832946993	0.5801977409181572	0.0	0.5418391282207984	1.0	0.5749256751621119
nl	0.4225794050523614	0.2973650760754474	1.0	0.3634599574352474	0.22570667915950032	0.1551217192058509	0.2208386511773957	0.1294890624667227	0.08764985376918329	0.20184981364828186	0.2630876956855336	0.7863954451402115	0.205025025188486	0.2625910412780638	0.1546452679292343	0.19047092487389927	0.21371069943856938	0.31437034248129003	0.3339243406089323	0.3825137147538086	0.3326312198870419	1.0	0.17309018163966047	0.14678537001408495	0.24501150973633187	0.17578864869215224	0.40554021430883885	1.0	0.19622464048899058	0.29705351578257716	0.19829458929134416	0.0	0.18304004139590377	0.5982000748211033	0.16876287176991578
pl	0.321178844026439	0.2556905232313824	0.8216064286890065	0.5493170643608516	0.22825691201682788	0.15865286651491134	0.20548249131775245	0.13776438131591728	0.10041854296413202	0.1960377906995928	0.24108159623509606	0.7863954451402115	0.19662427266706461	0.23448450948703276	0.15367429632665458	0.18659429665124644	0.2013437078093661	0.2590540932085901	0.2924534740575895	0.40958230361833553	0.5309589631392881	0.17309018163966047	1.0	0.1568538071007095	0.22296594950878423	0.17238726511152974	0.28117863837359475	1.0	0.19829844598264829	0.2487636657925048	0.20144420908831123	0.0	0.1723322358080225	1.0	0.169159849955832
pt	0.39397290297240933	0.18236146414194115	0.5660160774121898	0.6444151565043333	0.18383471679446106	0.14446577012281303	0.17447790713077466	0.12361409264243532	0.0889953627665927	0.16556372806686712	0.17258798129387976	0.7863954451402115	0.16977606166733353	0.21523665650996424	0.13929259394109272	0.16199318767579882	0.16877836919147018	0.2039612592334969	0.19322260977134095	0.3693476374884171	0.5838310604042275	0.14678537001408495	0.1568538071007095	1.0	0.18528955299722125	0.1553783920333113	0.35368867193064624	1.0	0.16843405922463048	0.18072546691988192	0.17670083103635817	0.0	0.15140225825650735	1.0	0.15216708306379914
ro	0.5612020798341015	0.44539548203585594	1.0	0.7271556337251942	0.30484570535673566	0.2019333558746069	0.27518452145184247	0.17130991859767047	0.11765857099255624	0.29920939365370114	0.33922909533814644	0.7435165738527852	0.26874041597959814	0.3747848301916075	0.20160511311304558	0.23973143580842135	0.2706256914355817	0.504315865662183	0.4072095533891215	0.41123411548398126	0.5481800036156683	0.24501150973633187	0.22296594950878423	0.18528955299722125	1.0	0.21774884811406106	0.4142938844641662	0.7300208629885034	0.24790181318804458	0.41867232727491915	0.2708405240841718	0.0	0.2071063097748885	1.0	0.21308480391445372
ru	0.3530509512359987	0.24438055314117696	1.0	0.422747941420402	0.2222061700778477	0.15689344729138563	0.20158409052854517	0.1382864517654212	0.09229647120664433	0.1922642829129463	0.24300156407640552	0.6294386766852437	0.19787917378441391	0.2485627261978227	0.1545059541560708	0.18130938025840337	0.1957553371991352	0.2675285255316637	0.3749557453484579	0.41078361921306	0.30714829166916996	0.17578864869215224	0.17238726511152974	0.1553783920333113	0.21774884811406106	1.0	0.2734894393746816	1.0	0.18748841234624167	0.26804842805006235	0.19847441401338883	0.0	0.1872523769452058	1.0	0.16469059517915532
sh	0.7690990303325336	0.44494278388557873	1.0	1.0	0.4412785581715433	0.3035218815676575	0.41373449557194736	0.42694473559217916	0.48838726146822414	0.3190995770442284	0.430355260024969	1.0	0.3299586847881954	0.43805212480935524	0.35506635513394963	0.3161839676469767	0.3291793137440061	0.5024640605342106	0.41366890179016524	0.8216064286890065	0.8755395908437883	0.40554021430883885	0.28117863837359475	0.35368867193064624	0.4142938844641662	0.2734894393746816	1.0	0.5904506347892131	0.7584325078215765	0.4373027703571769	0.5503224853076465	0.0	0.7690990303325336	0.7248485669756152	0.3973294869599098
si	1.0	0.6395657813917608	0.0	1.0	0.507194584168764	1.0	1.0	0.45460762414559736	1.0	0.3866516195742559	1.0	1.0	1.0	1.0	0.6068415109520329	1.0	1.0	1.0	1.0	1.0	1.0	1.0	1.0	1.0	0.7300208629885034	1.0	0.5904506347892131	1.0	1.0	1.0	0.7263875964832448	1.0	1.0	1.0	1.0
simple	0.5775663472330606	0.370777113113866	1.0	0.7584325078215763	0.21050201720098974	0.1748832062488536	0.2121210518997869	0.15327846087854105	0.19291898105350277	0.21699839726711362	0.2533520293795661	0.7863954451402115	0.22968046711963663	0.31282638470086604	0.18133067892668853	0.19431180107396767	0.20206821687613918	0.454377086790156	0.3646889536032778	0.3693476374884171	0.7051696974604009	0.19622464048899058	0.19829844598264829	0.16843405922463048	0.24790181318804458	0.18748841234624167	0.7584325078215765	1.0	1.0	0.3877784686701071	0.19491592301745625	0.0	0.2412358204596781	1.0	0.18993076718372437
sr	0.8050223018539815	0.45290814269054774	1.0	0.6015418658171842	0.3072336462757168	0.24184832046330212	0.3054899382066049	0.17535355520421417	0.3344689076717538	0.38406264177705146	0.35712004766720856	0.42818026303783213	0.32106831375301187	0.37806852755520326	0.22278234536985234	0.295882844186793	0.2925686437085699	0.4744281451583314	0.30414964041942005	0.4118197963280197	0.5899736832946993	0.29705351578257716	0.2487636657925048	0.18072546691988192	0.41867232727491915	0.26804842805006235	0.4373027703571769	1.0	0.3877784686701071	1.0	0.2676230686031169	0.0	0.29706740778260654	1.0	0.23898476019915918
sv	0.5353798654281757	0.2984634047336396	1.0	0.5464391680090687	0.22855297002021815	0.18622485178419276	0.22458675615106483	0.1556778041833769	0.148842689539192	0.23509977825824835	0.25347337019692096	0.8356339363276537	0.22350518657096952	0.26280919603094055	0.18254610937743096	0.2104548607458219	0.2189867171001123	0.2581293381909125	0.3074728565454851	0.34231432272587425	0.5801977409181572	0.19829458929134416	0.20144420908831123	0.17670083103635817	0.2708405240841718	0.19847441401338883	0.5503224853076465	0.7263875964832448	0.19491592301745625	0.2676230686031169	1.0	0.0	0.18029191153823207	0.7234532828151787	0.19237550440666285
te	0.0	0.0	0.0	0.0	0.0	0.0	0.0	0.0	0.0	0.0	0.0	0.0	0.0	0.0	0.0	0.0	0.0	0.0	0.0	0.0	0.0	0.0	0.0	0.0	0.0	0.0	0.0	1.0	0.0	0.0	0.0	0.0	0.0	1.0	0.0
vi	0.5107771147748821	0.2707225985220949	1.0	0.670237182162907	0.1985015938837354	0.16835268402748574	0.19200522969915285	0.14596270646939088	0.17463278037303667	0.1988585810421093	0.21216190761933115	0.7863954451402115	0.2055650563182552	0.21544146166540862	0.16438758579137555	0.18151511934256018	0.2122804904746591	0.3144661111962076	0.40108117073640054	0.399852256061183	0.5418391282207984	0.18304004139590377	0.1723322358080225	0.15140225825650735	0.2071063097748885	0.1872523769452058	0.7690990303325336	1.0	0.2412358204596781	0.29706740778260654	0.18029191153823207	0.0	1.0	1.0	0.1702909836248177
war	1.0	0.6740515375688697	0.0	1.0	0.6221982196391784	0.612612409469375	1.0	0.5418615014829912	1.0	0.7234532828151787	1.0	1.0	1.0	1.0	0.6505522366750781	1.0	1.0	1.0	1.0	1.0	1.0	0.5982000748211033	1.0	1.0	1.0	1.0	0.7248485669756152	1.0	1.0	1.0	0.7234532828151787	1.0	1.0	1.0	1.0
zh	0.4571935431591476	0.22400128883811615	1.0	0.5626512561644924	0.20164613486865457	0.15427385941185837	0.19647892648866858	0.13247607199075007	0.09921845949267485	0.18680381046787667	0.2156237041078268	0.7935709274445446	0.19091455914203753	0.2244119019607588	0.15039550879531766	0.17891972426624927	0.18412980312458108	0.2535512248838688	0.3252989075186803	0.3596957974536731	0.5749256751621119	0.16876287176991578	0.169159849955832	0.15216708306379914	0.21308480391445372	0.16469059517915532	0.3973294869599098	1.0	0.18993076718372437	0.23898476019915918	0.19237550440666285	0.0	0.1702909836248177	1.0	1.0
