arz	bs	ceb	ckb	da	de	el	en	es	fr	he	hi	hu	id	it	ja	ko	lv	mk	ml	mr	nl	pl	pt	ro	ru	sh	si	simple	sr	sv	te	vi	war	zh
arz	1.0	0.3430703308172536	1.0	1.0	0.18200213598171075	0.36602540378443865	1.0	0.14010866035929065	0.32449979983983984	0.17001194913688772	1.0	1.0	0.1607677430268676	0.23371479611805132	0.18905299528192201	1.0	1.0	1.0	1.0	1.0	1.0	0.3660254037844386	0.26968623182294527	0.28436465220442186	0.20799159651347807	1.0	0.3203772410170407	1.0	0.5	1.0	0.23441237831492112	1.0	0.252650308587072	1.0	1.0
bs	0.3430703308172536	1.0	0.2204812092115424	0.36602540378443865	0.07581655242357564	0.06945524373655049	0.09085011837982834	0.06728756339223685	0.07126561817304881	0.07488876816191166	0.08361095578922549	0.21551468935838852	0.07611481149099815	0.09180816889241336	0.07061150823048049	0.0738616338853657	0.09979233936341347	0.13603863460387838	0.14118784806383944	0.18822566650963435	0.2449655295864104	0.07293066870501161	0.07287900367776738	0.07277485476700989	0.09116649110198555	0.07175794754281464	0.07093146850049449	0.585786437626905	0.13226347979766379	0.07859367456874092	0.07021806526210786	1.0	0.11240180982087272	0.15799872400692302	0.07175794754281464
ceb	1.0	0.2204812092115424	1.0	1.0	0.07991071304933718	0.11358673131971067	1.0	0.007792205899958973	0.13757104980321125	0.04308369042516952	1.0	1.0	0.031768773467105174	0.11978243827074596	0.041032782777599995	0.585786437626905	1.0	0.3660254037844386	1.0	1.0	1.0	0.10510060395752727	0.12240832007091208	0.08733194358009445	0.085296537673365	0.5	0.12097221717826216	1.0	0.21551468935838852	0.585786437626905	0.06048372143637918	1.0	0.139263840218951	1.0	1.0
ckb	1.0	0.36602540378443865	1.0	1.0	0.36602540378443865	0.585786437626905	1.0	0.34833147735478825	0.5	0.585786437626905	1.0	1.0	0.44948974278317805	0.585786437626905	0.36602540378443865	1.0	1.0	0.585786437626905	1.0	1.0	1.0	1.0	1.0	0.4142135623730951	0.585786437626905	1.0	0.585786437626905	1.0	0.5	1.0	0.585786437626905	1.0	0.4364916731037085	1.0	1.0
da	0.18200213598171075	0.07581655242357564	0.07991071304933718	0.36602540378443865	1.0	0.007586871341377922	0.015033457952029402	0.010565432005891738	0.008059122383855881	0.007917028314178409	0.010125327787696262	0.04278178098619632	0.011904273241800468	0.011480773439620982	0.007961121262636857	0.008769972765575845	0.01220670569148885	0.06524705259244616	0.05313251250595385	0.04117736220484656	0.2240092377397959	0.008324210640843805	0.008501338909018165	0.00821659727692781	0.016734080079376636	0.007861852266158858	0.010302828006767253	0.5	0.029759499132703426	0.01302466618549272	0.007898219754219291	0.4142135623730951	0.013399575878587349	0.08295026921233913	0.0096703326454833
de	0.36602540378443865	0.06945524373655049	0.11358673131971067	0.585786437626905	0.007586871341377922	1.0	0.1090504535237125	0.0015778245376575019	0.016944861514303557	0.002064099648012024	0.0956465760504327	0.3090169943749474	0.0045449749835203	0.006164783587618026	0.0021367157141545796	0.09422857628619621	0.15174115516527187	0.2008390199171533	0.25	0.34833147735478825	0.585786437626905	0.00511886652762241	0.009409797887857507	0.004161364832845062	0.008292990629674523	0.03735776388152375	0.005687378048452816	1.0	0.08392600481205836	0.15776505912784203	0.0038993090032919515	1.0	0.0163084956418298	0.44948974278317805	0.09191792161679892
el	1.0	0.09085011837982834	1.0	1.0	0.015033457952029402	0.1090504535237125	1.0	0.0050590575159593166	0.09358879321382112	0.015764176454386818	1.0	1.0	0.010611049097991189	0.033071926456011785	0.014030455060352883	1.0	1.0	0.23166247903554	1.0	1.0	1.0	0.059533279987873694	0.08293051816425738	0.060443809066845974	0.02729381683909606	0.585786437626905	0.020411182005758286	1.0	0.14328432723886902	0.5	0.031144485809302333	1.0	0.04507296407234645	1.0	1.0
en	0.14010866035929065	0.06728756339223685	0.007792205899958973	0.34833147735478825	0.010565432005891738	0.0015778245376575019	0.0050590575159593166	1.0	0.002315905381816947	0.005693717649444918	0.004888863657361827	0.05513143109328564	0.009591038462597774	0.007235740059600602	0.008175724779283956	0.0041312014842357315	0.006958779353022073	0.08282706307152299	0.05872765235000248	0.04890889587099696	0.21089672205953397	0.003351935004312695	0.0031884774375027926	0.003936655159550683	0.010136032955340985	0.0023315081520627967	0.007013535239772044	0.5	0.03856324840973706	0.0069231223659247535	0.004987514579304632	0.26968623182294527	0.006791770828626004	0.12624696352237338	0.004127836753604735
es	0.32449979983983984	0.07126561817304881	0.13757104980321125	0.5	0.008059122383855881	0.016944861514303557	0.09358879321382112	0.002315905381816947	1.0	0.0027379877904384377	0.09383852528904046	0.2612038749637414	0.0050813673612186165	0.006327350095438094	0.002622339141022249	0.0722270279186898	0.14700913454621642	0.18933139574356017	0.26533119314590375	0.26968623182294527	0.5	0.007180465174262994	0.011309916004683349	0.004792457920615875	0.00843765188857075	0.034975227421064244	0.005762801418880362	0.585786437626905	0.08598344475655936	0.11309410860626547	0.004676739169747098	0.585786437626905	0.014753734770832102	0.34833147735478825	0.07915597204275508
fr	0.17001194913688772	0.07488876816191166	0.04308369042516952	0.585786437626905	0.007917028314178409	0.002064099648012024	0.015764176454386818	0.005693717649444918	0.0027379877904384377	1.0	0.0229675512347394	0.15331120368114004	0.0050133972951073216	0.006162569646113051	0.004416191667939529	0.009511536139461475	0.04560285935115869	0.14763410387308015	0.15278212615814146	0.14593533700330263	0.34833147735478825	0.0038383287073145466	0.004077087835853468	0.004092939847058033	0.008403147110423016	0.003094450716107531	0.005474614418439712	0.585786437626905	0.07356478705881153	0.043463947145500864	0.004463923722163067	0.585786437626905	0.011800035421311693	0.22772999919644132	0.00976575870729425
he	1.0	0.08361095578922549	1.0	1.0	0.010125327787696262	0.0956465760504327	1.0	0.004888863657361827	0.09383852528904046	0.0229675512347394	1.0	1.0	0.008130081300813009	0.021814016993270534	0.009603753289472565	1.0	1.0	0.22646721143623746	1.0	1.0	1.0	0.037661436428368895	0.05058029687021285	0.03237476676022256	0.012996133205803269	1.0	0.01591542779648267	1.0	0.10731163837586757	0.5	0.022916827847850128	1.0	0.020625586067352864	0.585786437626905	1.0
hi	1.0	0.21551468935838852	1.0	1.0	0.04278178098619632	0.3090169943749474	1.0	0.05513143109328564	0.2612038749637414	0.15331120368114004	1.0	1.0	0.10414144201428256	0.13833239685076654	0.13231996486433337	1.0	1.0	0.3660254037844386	1.0	1.0	1.0	0.2612038749637414	0.24660605559646726	0.2240092377397959	0.1566130288262323	1.0	0.13413866172981215	1.0	0.25728427444747215	0.5	0.14750843551604803	1.0	0.15707061676257178	1.0	1.0
hu	0.1607677430268676	0.07611481149099815	0.031768773467105174	0.44948974278317805	0.011904273241800468	0.0045449749835203	0.010611049097991189	0.009591038462597774	0.0050813673612186165	0.0050133972951073216	0.008130081300813009	0.10414144201428256	1.0	0.009119235712536911	0.005887550929374402	0.006519490130881847	0.011287517174083259	0.11279491050022598	0.0994491992362644	0.08748352363937141	0.25355482027512377	0.0060568914409456255	0.005845778760942516	0.005657609858489242	0.012154203292434234	0.005068783593714236	0.00847728256389208	0.585786437626905	0.04774222721724342	0.011714980827335212	0.005929261239316627	0.44948974278317805	0.011457389898160478	0.1194584024218499	0.007270224121368748
id	0.23371479611805132	0.09180816889241336	0.11978243827074596	0.585786437626905	0.011480773439620982	0.006164783587618026	0.033071926456011785	0.007235740059600602	0.006327350095438094	0.006162569646113051	0.021814016993270534	0.13833239685076654	0.009119235712536911	1.0	0.006303782868005265	0.015680285197592417	0.04279332194875199	0.15295783961613652	0.11591908091717261	0.18030816435569247	0.34833147735478825	0.009126594159426906	0.009601932877355569	0.008194497814969634	0.014260603706410972	0.006855253069522897	0.015482030046818066	0.585786437626905	0.08323800267977638	0.039623409804667435	0.011479483189348464	1.0	0.023386547174694162	0.19612533584707845	0.01398841668345431
it	0.18905299528192201	0.07061150823048049	0.041032782777599995	0.36602540378443865	0.007961121262636857	0.0021367157141545796	0.014030455060352883	0.008175724779283956	0.002622339141022249	0.004416191667939529	0.009603753289472565	0.13231996486433337	0.005887550929374402	0.006303782868005265	1.0	0.006318782782382728	0.029689850119010708	0.11389110379301375	0.10676232268609791	0.11189119247086728	0.30216947925196225	0.003681233257983844	0.0037138635709492605	0.004125054469545436	0.008462400973067009	0.00302771881399998	0.005897666419718472	0.585786437626905	0.07146129987510616	0.024858140996630786	0.004592807427259667	0.585786437626905	0.014044366504722296	0.19636040545626823	0.007095048884716341
ja	1.0	0.0738616338853657	0.585786437626905	1.0	0.008769972765575845	0.09422857628619621	1.0	0.0041312014842357315	0.0722270279186898	0.009511536139461475	1.0	1.0	0.006519490130881847	0.015680285197592417	0.006318782782382728	1.0	1.0	0.2216368750839041	1.0	1.0	1.0	0.04316154127687633	0.05127612924366374	0.023448995979033934	0.010417123568176702	0.585786437626905	0.010939370104793284	1.0	0.09364914489897824	0.5	0.011839564459362722	1.0	0.022004174448276466	0.585786437626905	1.0
ko	1.0	0.09979233936341347	1.0	1.0	0.01220670569148885	0.15174115516527187	1.0	0.006958779353022073	0.14700913454621642	0.04560285935115869	1.0	1.0	0.011287517174083259	0.04279332194875199	0.029689850119010708	1.0	1.0	0.23166247903554	1.0	1.0	1.0	0.061434743285603124	0.09551783993490068	0.06903903633610613	0.015218864701123718	1.0	0.03381128713476867	1.0	0.12037271684309245	0.5	0.04231651738017018	1.0	0.04668818677676742	1.0	1.0
lv	1.0	0.13603863460387838	0.3660254037844386	0.585786437626905	0.06524705259244616	0.2008390199171533	0.23166247903554	0.08282706307152299	0.18933139574356017	0.14763410387308015	0.22646721143623746	0.3660254037844386	0.11279491050022598	0.15295783961613652	0.11389110379301375	0.2216368750839041	0.23166247903554	1.0	0.38742588672279304	0.34833147735478825	0.5	0.16484708315636035	0.179128784747792	0.14357137511492318	0.08886292053285567	0.21498516621900873	0.14548268842493628	0.585786437626905	0.1583512993162321	0.24660605559646726	0.1618099389409039	1.0	0.10984728320358089	0.3660254037844386	0.23441237831492112
mk	1.0	0.14118784806383944	1.0	1.0	0.05313251250595385	0.25	1.0	0.05872765235000248	0.26533119314590375	0.15278212615814146	1.0	1.0	0.0994491992362644	0.11591908091717261	0.10676232268609791	1.0	1.0	0.38742588672279304	1.0	1.0	1.0	0.2222222222222222	0.1879524791852023	0.1365270594958143	0.0869265320523703	1.0	0.09404439720080432	1.0	0.25	0.585786437626905	0.15278212615814146	1.0	0.1486518372739164	1.0	1.0
ml	1.0	0.18822566650963435	1.0	1.0	0.04117736220484656	0.34833147735478825	1.0	0.04890889587099696	0.26968623182294527	0.14593533700330263	1.0	1.0	0.08748352363937141	0.18030816435569247	0.11189119247086728	1.0	1.0	0.34833147735478825	1.0	1.0	1.0	0.15707061676257178	0.2402530733520421	0.1583512993162321	0.08338599414654324	1.0	0.12371884312458155	1.0	0.1951941016011038	1.0	0.16502618927924417	1.0	0.15493412373279505	1.0	1.0
mr	1.0	0.2449655295864104	1.0	1.0	0.2240092377397959	0.585786437626905	1.0	0.21089672205953397	0.5	0.34833147735478825	1.0	1.0	0.25355482027512377	0.34833147735478825	0.30216947925196225	1.0	1.0	0.5	1.0	1.0	1.0	0.44948974278317805	0.5	0.44948974278317805	0.2372732414640341	1.0	0.3203772410170407	1.0	0.3244997998398398	0.585786437626905	0.30901699437494745	1.0	0.3660254037844386	1.0	1.0
nl	0.3660254037844386	0.07293066870501161	0.10510060395752727	1.0	0.008324210640843805	0.00511886652762241	0.059533279987873694	0.003351935004312695	0.007180465174262994	0.0038383287073145466	0.037661436428368895	0.2612038749637414	0.0060568914409456255	0.009126594159426906	0.003681233257983844	0.04316154127687633	0.061434743285603124	0.16484708315636035	0.2222222222222222	0.15707061676257178	0.44948974278317805	1.0	0.012778034785220169	0.007416915583720381	0.00957259396529502	0.013263706303593751	0.006667502632706843	0.585786437626905	0.08913979188415323	0.0640625742703278	0.0058701146197540095	1.0	0.01670104140317322	0.2187841884486319	0.047393923678019305
pl	0.26968623182294527	0.07287900367776738	0.12240832007091208	1.0	0.008501338909018165	0.009409797887857507	0.08293051816425738	0.0031884774375027926	0.011309916004683349	0.004077087835853468	0.05058029687021285	0.24660605559646726	0.005845778760942516	0.009601932877355569	0.0037138635709492605	0.05127612924366374	0.09551783993490068	0.179128784747792	0.1879524791852023	0.2402530733520421	0.5	0.012778034785220169	1.0	0.009825215086861459	0.008824401228559705	0.013961292302496521	0.00666255246633173	0.585786437626905	0.08815170219611887	0.07740314320105346	0.006594385457918159	1.0	0.016031346512377052	0.30552726787943424	0.054233517710535174
pt	0.28436465220442186	0.07277485476700989	0.08733194358009445	0.4142135623730951	0.00821659727692781	0.004161364832845062	0.060443809066845974	0.003936655159550683	0.004792457920615875	0.004092939847058033	0.03237476676022256	0.2240092377397959	0.005657609858489242	0.008194497814969634	0.004125054469545436	0.023448995979033934	0.06903903633610613	0.14357137511492318	0.1365270594958143	0.1583512993162321	0.44948974278317805	0.007416915583720381	0.009825215086861459	1.0	0.009378237087019162	0.005605517353067648	0.007364895047937683	0.585786437626905	0.08179977728257459	0.06645231023536019	0.005304018182995927	1.0	0.01501910962934638	0.38742588672279304	0.024105351013427544
ro	0.20799159651347807	0.09116649110198555	0.085296537673365	0.585786437626905	0.016734080079376636	0.008292990629674523	0.02729381683909606	0.010136032955340985	0.00843765188857075	0.008403147110423016	0.012996133205803269	0.1566130288262323	0.012154203292434234	0.014260603706410972	0.008462400973067009	0.010417123568176702	0.015218864701123718	0.08886292053285567	0.0869265320523703	0.08338599414654324	0.2372732414640341	0.00957259396529502	0.008824401228559705	0.009378237087019162	1.0	0.008833605813538661	0.011477813235398258	0.585786437626905	0.08825204197860444	0.022900806038339168	0.00901313937059111	1.0	0.018148017927700058	0.12928630681253678	0.011315566087882293
ru	1.0	0.07175794754281464	0.5	1.0	0.007861852266158858	0.03735776388152375	0.585786437626905	0.0023315081520627967	0.034975227421064244	0.003094450716107531	1.0	1.0	0.005068783593714236	0.006855253069522897	0.00302771881399998	0.585786437626905	1.0	0.21498516621900873	1.0	1.0	1.0	0.013263706303593751	0.013961292302496521	0.005605517353067648	0.008833605813538661	1.0	0.0062987928856594756	1.0	0.08301951253873768	0.4142135623730951	0.004926629827602485	1.0	0.01722747172869923	0.5	0.585786437626905
sh	0.3203772410170407	0.07093146850049449	0.12097221717826216	0.585786437626905	0.010302828006767253	0.005687378048452816	0.020411182005758286	0.007013535239772044	0.005762801418880362	0.005474614418439712	0.01591542779648267	0.13413866172981215	0.00847728256389208	0.015482030046818066	0.005897666419718472	0.010939370104793284	0.03381128713476867	0.14548268842493628	0.09404439720080432	0.12371884312458155	0.3203772410170407	0.006667502632706843	0.00666255246633173	0.007364895047937683	0.011477813235398258	0.0062987928856594756	1.0	0.5	0.07821246405304179	0.02953613590419639	0.007956925955853332	1.0	0.02846334153566556	0.1437155838813476	0.010658867731881783
si	1.0	0.585786437626905	1.0	1.0	0.5	1.0	1.0	0.5	0.585786437626905	0.585786437626905	1.0	1.0	0.585786437626905	0.585786437626905	0.585786437626905	1.0	1.0	0.585786437626905	1.0	1.0	1.0	0.585786437626905	0.585786437626905	0.585786437626905	0.585786437626905	1.0	0.5	1.0	1.0	1.0	0.585786437626905	1.0	1.0	1.0	1.0
simple	0.5	0.13226347979766379	0.21551468935838852	0.5	0.029759499132703426	0.08392600481205836	0.14328432723886902	0.03856324840973706	0.08598344475655936	0.07356478705881153	0.10731163837586757	0.25728427444747215	0.04774222721724342	0.08323800267977638	0.07146129987510616	0.09364914489897824	0.12037271684309245	0.1583512993162321	0.25	0.1951941016011038	0.3244997998398398	0.08913979188415323	0.08815170219611887	0.08179977728257459	0.08825204197860444	0.08301951253873768	0.07821246405304179	1.0	1.0	0.12219988139184167	0.07025355588527293	0.585786437626905	0.10070203872693176	0.22901628833426058	0.09488213349077174
sr	1.0	0.07859367456874092	0.585786437626905	1.0	0.01302466618549272	0.15776505912784203	0.5	0.0069231223659247535	0.11309410860626547	0.043463947145500864	0.5	0.5	0.011714980827335212	0.039623409804667435	0.024858140996630786	0.5	0.5	0.24660605559646726	0.585786437626905	1.0	0.585786437626905	0.0640625742703278	0.07740314320105346	0.06645231023536019	0.022900806038339168	0.4142135623730951	0.02953613590419639	1.0	0.12219988139184167	1.0	0.0492547411692686	1.0	0.04065678756394544	0.44948974278317805	0.5
sv	0.23441237831492112	0.07021806526210786	0.06048372143637918	0.585786437626905	0.007898219754219291	0.0038993090032919515	0.031144485809302333	0.004987514579304632	0.004676739169747098	0.004463923722163067	0.022916827847850128	0.14750843551604803	0.005929261239316627	0.011479483189348464	0.004592807427259667	0.011839564459362722	0.04231651738017018	0.1618099389409039	0.15278212615814146	0.16502618927924417	0.30901699437494745	0.0058701146197540095	0.006594385457918159	0.005304018182995927	0.00901313937059111	0.004926629827602485	0.007956925955853332	0.585786437626905	0.07025355588527293	0.0492547411692686	1.0	0.585786437626905	0.015253280546260833	0.19404996501286384	0.020576110759089324
te	1.0	1.0	1.0	1.0	0.4142135623730951	1.0	1.0	0.26968623182294527	0.585786437626905	0.585786437626905	1.0	1.0	0.44948974278317805	1.0	0.585786437626905	1.0	1.0	1.0	1.0	1.0	1.0	1.0	1.0	1.0	1.0	1.0	1.0	1.0	0.585786437626905	1.0	0.585786437626905	1.0	0.585786437626905	1.0	1.0
vi	0.252650308587072	0.11240180982087272	0.139263840218951	0.4364916731037085	0.013399575878587349	0.0163084956418298	0.04507296407234645	0.006791770828626004	0.014753734770832102	0.011800035421311693	0.020625586067352864	0.15707061676257178	0.011457389898160478	0.023386547174694162	0.014044366504722296	0.022004174448276466	0.04668818677676742	0.10984728320358089	0.1486518372739164	0.15493412373279505	0.3660254037844386	0.01670104140317322	0.016031346512377052	0.01501910962934638	0.018148017927700058	0.01722747172869923	0.02846334153566556	1.0	0.10070203872693176	0.04065678756394544	0.015253280546260833	0.585786437626905	1.0	0.13109831227503557	0.023694164668495537
war	1.0	0.15799872400692302	1.0	1.0	0.08295026921233913	0.44948974278317805	1.0	0.12624696352237338	0.34833147735478825	0.22772999919644132	0.585786437626905	1.0	0.1194584024218499	0.19612533584707845	0.19636040545626823	0.585786437626905	1.0	0.3660254037844386	1.0	1.0	1.0	0.2187841884486319	0.30552726787943424	0.38742588672279304	0.12928630681253678	0.5	0.1437155838813476	1.0	0.22901628833426058	0.44948974278317805	0.19404996501286384	1.0	0.13109831227503557	1.0	1.0
zh	1.0	0.07175794754281464	1.0	1.0	0.0096703326454833	0.09191792161679892	1.0	0.004127836753604735	0.07915597204275508	0.00976575870729425	1.0	1.0	0.007270224121368748	0.01398841668345431	0.007095048884716341	1.0	1.0	0.23441237831492112	1.0	1.0	1.0	0.047393923678019305	0.054233517710535174	0.024105351013427544	0.011315566087882293	0.585786437626905	0.010658867731881783	1.0	0.09488213349077174	0.5	0.020576110759089324	1.0	0.023694164668495537	1.0	1.0
