arz	bs	ceb	ckb	da	de	el	en	es	fr	he	hi	hu	id	it	ja	ko	lv	mk	ml	mr	nl	pl	pt	ro	ru	sh	si	simple	sr	sv	te	vi	war	zh
arz	1.0	1.0	0.0	0.0	0.0	1.0	0.0	0.7263875964832448	1.0	1.0	1.0	1.0	1.0	0.7584325078215763	1.0	1.0	1.0	0.0	1.0	0.0	0.0	1.0	1.0	1.0	1.0	1.0	1.0	0.0	0.0	1.0	1.0	0.0	1.0	0.0	1.0
bs	1.0	1.0	1.0	0.5660160774121898	0.32332097962312717	0.5820975319804192	1.0	0.3117507075023024	0.3777628111835336	0.35988818552994345	0.6964150026889472	0.6608521442956614	1.0	0.38606975217031514	0.5834651442431742	0.5952778259726503	0.3918142584287958	1.0	1.0	1.0	0.0	0.3701999257288028	0.6786291688147437	0.3772168040409027	0.661251134120194	0.3723336840321246	0.5147278124494055	1.0	0.6994017365373274	0.6193113617177751	0.6638546162332061	1.0	0.7347168825662656	1.0	0.6108239160974152
ceb	0.0	1.0	1.0	0.0	1.0	1.0	0.0	1.0	1.0	1.0	1.0	1.0	1.0	1.0	1.0	1.0	1.0	1.0	1.0	1.0	0.0	1.0	1.0	1.0	1.0	1.0	1.0	1.0	1.0	1.0	1.0	0.0	1.0	1.0	1.0
ckb	0.0	0.5660160774121898	0.0	1.0	0.42489828324440826	1.0	1.0	0.7248485669756152	1.0	1.0	1.0	1.0	1.0	0.7376607345031153	1.0	1.0	1.0	1.0	0.0	1.0	1.0	1.0	1.0	1.0	1.0	1.0	0.7690990303325336	1.0	1.0	1.0	0.7347168825662656	1.0	1.0	1.0	1.0
da	0.0	0.32332097962312717	1.0	0.42489828324440826	1.0	0.1969744611323394	0.3059152058190397	0.13720033096493084	0.18860413214035468	0.21316799439282202	0.26043912403155256	0.29490947455301875	0.26509008301867804	0.24314006804744956	0.26396555854206827	0.24688540250310143	0.25565317232594337	0.7411828468492555	0.6638546162332061	0.3191674686512645	1.0	0.2083837052875847	0.4357619566680734	0.2991937447852832	0.3095194548806972	0.24151794294070048	0.37816135925381555	0.5936597225568959	0.3563906949858033	0.3942980732480919	0.21905941974014448	0.5660160774121898	0.3217239664710756	0.672370045633007	0.26226405010824466
de	1.0	0.5820975319804192	1.0	1.0	0.1969744611323394	1.0	0.4996707975141852	0.06348394303477503	0.13432479565013608	0.08324607253762036	0.30056891965147664	0.43137432769578693	0.3747564528869748	0.16660373837879336	0.13135979222943503	0.24080598069813067	0.3632987701123728	0.7199285383279772	0.610948763982604	0.36552534471791337	1.0	0.12090788673275316	0.2310690287442051	0.1859410573382941	0.22288980004415312	0.15805460641828428	0.34301505377057817	0.7199285383279772	0.4042204623320401	0.416774162865375	0.2028417715608962	1.0	0.38072067105039475	0.8453349384065367	0.21364098699491507
el	0.0	1.0	0.0	1.0	0.3059152058190397	0.4996707975141852	1.0	0.3285203978391295	1.0	0.4080243219107251	1.0	1.0	1.0	0.4237102177513203	0.44677387758267395	1.0	1.0	1.0	1.0	1.0	1.0	0.4039537193920374	0.7116768074483948	1.0	0.47215042228506876	1.0	0.67663065926818	1.0	0.6501445840862392	0.6398385892358057	0.359517351485433	1.0	1.0	1.0	1.0
en	0.7263875964832448	0.3117507075023024	1.0	0.7248485669756152	0.13720033096493084	0.06348394303477503	0.3285203978391295	1.0	0.060976600003996774	0.04494160595823074	0.10882408864998493	0.19763037520607765	0.19191637741417156	0.09948124419756395	0.058964912452614225	0.10335977545588314	0.13436710399334545	0.5691170853853889	0.3691126550933334	0.5638650716932528	0.7248485669756151	0.08571954278696493	0.1063694007064757	0.08106921513651666	0.142488089329075	0.06447997390306676	0.18310066447367043	0.3446034586260599	0.2536792239886026	0.19237990274760317	0.10364037030445128	0.7322034805959263	0.1904047145279375	0.5251510515130738	0.08998453699113092
es	1.0	0.3777628111835336	1.0	1.0	0.18860413214035468	0.13432479565013608	1.0	0.060976600003996774	1.0	0.07977226249141009	0.42709275123291224	0.4680355001540223	0.5151188371757027	0.16914047521593858	0.11712599067577512	0.39250594092489033	0.5342520241252002	1.0	0.6298101507615229	1.0	1.0	0.15584840268608463	0.2671548546892487	0.2419972418823749	0.2644379069399236	0.2561120352789185	0.3554238281612209	0.7134542832283588	0.4425899457151189	0.43609616481804464	0.19073265498172182	1.0	0.37818648849236874	0.6786291688147437	0.32721283193104467
fr	1.0	0.35988818552994345	1.0	1.0	0.21316799439282202	0.08324607253762036	0.4080243219107251	0.04494160595823074	0.07977226249141009	1.0	0.15606145780636752	0.2827400221242384	0.26519719773882583	0.12911737156763642	0.08247173893618566	0.15665567292053476	0.20070297921097713	0.6487871090048528	0.4693687896314295	0.4361306902545671	0.4076738337198827	0.10525372008382926	0.1616080858644677	0.11557809596008994	0.2045004244328182	0.09178505333482581	0.29068897552642503	0.37112154476243153	0.41363581024836127	0.25668373345198997	0.1622571909487173	0.42489828324440826	0.27136364508591915	0.7126095066991411	0.13847838167355966
he	1.0	0.6964150026889472	1.0	1.0	0.26043912403155256	0.30056891965147664	1.0	0.10882408864998493	0.42709275123291224	0.15606145780636752	1.0	1.0	1.0	0.25291562109388055	0.26693701368689327	1.0	1.0	1.0	1.0	1.0	1.0	0.2883856651354604	0.33918939705655143	0.6953009332395165	0.3714975002049891	1.0	0.3539820957057626	1.0	0.4817061667119897	0.5814403037423783	0.3126030363363352	1.0	1.0	0.7376607345031152	1.0
hi	1.0	0.6608521442956614	1.0	1.0	0.29490947455301875	0.43137432769578693	1.0	0.19763037520607765	0.4680355001540223	0.2827400221242384	1.0	1.0	1.0	0.269343156859813	0.4031052815419925	1.0	1.0	1.0	1.0	1.0	1.0	0.3479485451628405	0.7096516635440986	1.0	0.483389759971101	1.0	0.37112154476243153	1.0	0.55600098489494	0.7521779460952408	0.349511564516691	1.0	1.0	0.6786291688147437	1.0
hu	1.0	1.0	1.0	1.0	0.26509008301867804	0.3747564528869748	1.0	0.19191637741417156	0.5151188371757027	0.26519719773882583	1.0	1.0	1.0	0.38755014801030363	0.44033195707801603	1.0	1.0	1.0	1.0	1.0	1.0	0.26917735772889845	1.0	1.0	0.45502818548807444	1.0	0.6475250169846577	1.0	1.0	1.0	0.4244206479992036	1.0	1.0	1.0	1.0
id	0.7584325078215763	0.38606975217031514	1.0	0.7376607345031153	0.24314006804744956	0.16660373837879336	0.4237102177513203	0.09948124419756395	0.16914047521593858	0.12911737156763642	0.25291562109388055	0.269343156859813	0.38755014801030363	1.0	0.15864683459231385	0.239381799842308	0.23656574649676285	0.6667969795412325	0.3435520712104779	0.36542359744620295	0.7376607345031153	0.19009812794620662	0.2862367613569588	0.1721814249245799	0.23418896538804818	0.16141034834118845	0.3515874378299294	0.6167131210802118	0.40722767981707925	0.27246943819517666	0.21658764047763157	1.0	0.3105683570211522	0.7376607345031152	0.22248949800019283
it	1.0	0.5834651442431742	1.0	1.0	0.26396555854206827	0.13135979222943503	0.44677387758267395	0.058964912452614225	0.11712599067577512	0.08247173893618566	0.26693701368689327	0.4031052815419925	0.44033195707801603	0.15864683459231385	1.0	0.2552612872931709	0.23923381514797026	0.7234532828151787	0.39138266659217724	0.5529390606691029	1.0	0.1363856593889211	0.22541445852958963	0.16178092984205497	0.23771535023956392	0.136916774993311	0.3194523741441932	1.0	0.4668656460294831	0.30414084358425825	0.189072705425501	0.7584325078215763	0.34682558179706685	1.0	0.19425221240468657
ja	1.0	0.5952778259726503	1.0	1.0	0.24688540250310143	0.24080598069813067	1.0	0.10335977545588314	0.39250594092489033	0.15665567292053476	1.0	1.0	1.0	0.239381799842308	0.2552612872931709	1.0	1.0	1.0	1.0	1.0	1.0	0.23266853594895806	0.44838530542221994	0.5697166340355716	0.4007955194657931	1.0	0.545359334473187	1.0	0.5030966579190499	0.7028911840705583	0.26631535149739866	1.0	1.0	1.0	0.6934049242589717
ko	1.0	0.3918142584287958	1.0	1.0	0.25565317232594337	0.3632987701123728	1.0	0.13436710399334545	0.5342520241252002	0.20070297921097713	1.0	1.0	1.0	0.23656574649676285	0.23923381514797026	1.0	1.0	1.0	1.0	1.0	1.0	0.2591510873934896	0.38415213983126156	0.6185254943607426	0.41041059141122105	1.0	0.5536438376835795	1.0	0.6024121817672691	0.7042230825271828	0.3354863321499397	1.0	1.0	0.7376607345031152	1.0
lv	0.0	1.0	1.0	1.0	0.7411828468492555	0.7199285383279772	1.0	0.5691170853853889	1.0	0.6487871090048528	1.0	1.0	1.0	0.6667969795412325	0.7234532828151787	1.0	1.0	1.0	1.0	1.0	1.0	0.33573437872146655	0.7234532828151787	1.0	0.7234532828151787	1.0	1.0	1.0	1.0	1.0	0.394280886381459	1.0	1.0	0.7510341748895938	1.0
mk	1.0	1.0	1.0	0.0	0.6638546162332061	0.610948763982604	1.0	0.3691126550933334	0.6298101507615229	0.4693687896314295	1.0	1.0	1.0	0.3435520712104779	0.39138266659217724	1.0	1.0	1.0	1.0	1.0	1.0	0.35555717954794985	1.0	0.707152466483344	0.6475250169846578	1.0	1.0	1.0	0.6701591524560107	0.6432357517002909	0.6432357517002909	1.0	1.0	1.0	1.0
ml	0.0	1.0	1.0	1.0	0.3191674686512645	0.36552534471791337	1.0	0.5638650716932528	1.0	0.4361306902545671	1.0	1.0	1.0	0.36542359744620295	0.5529390606691029	1.0	1.0	1.0	1.0	1.0	1.0	0.5424374048545174	1.0	1.0	0.5444334690836456	1.0	0.7263875964832449	1.0	0.6549329476340925	1.0	0.5988341345139977	1.0	1.0	0.74551343442257	1.0
mr	0.0	0.0	0.0	1.0	1.0	1.0	1.0	0.7248485669756151	1.0	0.4076738337198827	1.0	1.0	1.0	0.7376607345031153	1.0	1.0	1.0	1.0	1.0	1.0	1.0	1.0	1.0	1.0	1.0	1.0	0.7863954451402115	1.0	1.0	1.0	0.7584325078215763	1.0	1.0	1.0	1.0
nl	1.0	0.3701999257288028	1.0	1.0	0.2083837052875847	0.12090788673275316	0.4039537193920374	0.08571954278696493	0.15584840268608463	0.10525372008382926	0.2883856651354604	0.3479485451628405	0.26917735772889845	0.19009812794620662	0.1363856593889211	0.23266853594895806	0.2591510873934896	0.33573437872146655	0.35555717954794985	0.5424374048545174	1.0	1.0	0.20706758930527114	0.1494878025788029	0.212539980347164	0.14179696486271592	0.20789630196278563	0.7210092110599263	0.4110188312907921	0.20570843168785724	0.1900699296660257	0.7455134344225701	0.20059050100497525	0.6788722231702808	0.15689432280653534
pl	1.0	0.6786291688147437	1.0	1.0	0.4357619566680734	0.2310690287442051	0.7116768074483948	0.1063694007064757	0.2671548546892487	0.1616080858644677	0.33918939705655143	0.7096516635440986	1.0	0.2862367613569588	0.22541445852958963	0.44838530542221994	0.38415213983126156	0.7234532828151787	1.0	1.0	1.0	0.20706758930527114	1.0	0.3838994122566238	0.4512661402483239	0.23662449753140788	0.6067636116293127	1.0	0.5172027383163426	0.5872806911783579	0.22102543308832093	1.0	0.38669884739464805	0.7411828468492556	0.2631765902823546
pt	1.0	0.3772168040409027	1.0	1.0	0.2991937447852832	0.1859410573382941	1.0	0.08106921513651666	0.2419972418823749	0.11557809596008994	0.6953009332395165	1.0	1.0	0.1721814249245799	0.16178092984205497	0.5697166340355716	0.6185254943607426	1.0	0.707152466483344	1.0	1.0	0.1494878025788029	0.3838994122566238	1.0	0.3111529238879752	0.4584546367508575	0.3051767505255632	1.0	0.4521862067019247	0.5909242798308062	0.17391029431627603	1.0	0.6972289799846169	0.7411828468492556	0.5625178604573763
ro	1.0	0.661251134120194	1.0	1.0	0.3095194548806972	0.22288980004415312	0.47215042228506876	0.142488089329075	0.2644379069399236	0.2045004244328182	0.3714975002049891	0.483389759971101	0.45502818548807444	0.23418896538804818	0.23771535023956392	0.4007955194657931	0.41041059141122105	0.7234532828151787	0.6475250169846578	0.5444334690836456	1.0	0.212539980347164	0.4512661402483239	0.3111529238879752	1.0	0.2812598459056381	0.527210919500494	0.7263875964832448	0.5703201182703302	0.3344180895857134	0.3266471798944411	1.0	0.4777628364702158	0.7510341748895938	0.3098609519361624
ru	1.0	0.3723336840321246	1.0	1.0	0.24151794294070048	0.15805460641828428	1.0	0.06447997390306676	0.2561120352789185	0.09178505333482581	1.0	1.0	1.0	0.16141034834118845	0.136916774993311	1.0	1.0	1.0	1.0	1.0	1.0	0.14179696486271592	0.23662449753140788	0.4584546367508575	0.2812598459056381	1.0	0.3412961203753176	1.0	0.38982081056140394	0.4904529621384987	0.1902509833938362	1.0	1.0	0.7347168825662656	1.0
sh	1.0	0.5147278124494055	1.0	0.7690990303325336	0.37816135925381555	0.34301505377057817	0.67663065926818	0.18310066447367043	0.3554238281612209	0.29068897552642503	0.3539820957057626	0.37112154476243153	0.6475250169846577	0.3515874378299294	0.3194523741441932	0.545359334473187	0.5536438376835795	1.0	1.0	0.7263875964832449	0.7863954451402115	0.20789630196278563	0.6067636116293127	0.3051767505255632	0.527210919500494	0.3412961203753176	1.0	0.7347168825662656	0.6431915320584143	0.3782038913793332	0.4860167179590041	0.4695960115558277	0.651610424238932	1.0	0.4173382991669171
si	0.0	1.0	1.0	1.0	0.5936597225568959	0.7199285383279772	1.0	0.3446034586260599	0.7134542832283588	0.37112154476243153	1.0	1.0	1.0	0.6167131210802118	1.0	1.0	1.0	1.0	1.0	1.0	1.0	0.7210092110599263	1.0	1.0	0.7263875964832448	1.0	0.7347168825662656	1.0	1.0	1.0	0.6589257440209708	1.0	1.0	0.74551343442257	1.0
simple	0.0	0.6994017365373274	1.0	1.0	0.3563906949858033	0.4042204623320401	0.6501445840862392	0.2536792239886026	0.4425899457151189	0.41363581024836127	0.4817061667119897	0.55600098489494	1.0	0.40722767981707925	0.4668656460294831	0.5030966579190499	0.6024121817672691	1.0	0.6701591524560107	0.6549329476340925	1.0	0.4110188312907921	0.5172027383163426	0.4521862067019247	0.5703201182703302	0.38982081056140394	0.6431915320584143	1.0	1.0	0.7162976956558119	0.48297187554291016	1.0	0.6373862411874234	0.7411828468492556	0.4127460598377386
sr	1.0	0.6193113617177751	1.0	1.0	0.3942980732480919	0.416774162865375	0.6398385892358057	0.19237990274760317	0.43609616481804464	0.25668373345198997	0.5814403037423783	0.7521779460952408	1.0	0.27246943819517666	0.30414084358425825	0.7028911840705583	0.7042230825271828	1.0	0.6432357517002909	1.0	1.0	0.20570843168785724	0.5872806911783579	0.5909242798308062	0.3344180895857134	0.4904529621384987	0.3782038913793332	1.0	0.7162976956558119	1.0	0.3208726417444993	1.0	1.0	0.7376607345031152	0.6999032064515078
sv	1.0	0.6638546162332061	1.0	0.7347168825662656	0.21905941974014448	0.2028417715608962	0.359517351485433	0.10364037030445128	0.19073265498172182	0.1622571909487173	0.3126030363363352	0.349511564516691	0.4244206479992036	0.21658764047763157	0.189072705425501	0.26631535149739866	0.3354863321499397	0.394280886381459	0.6432357517002909	0.5988341345139977	0.7584325078215763	0.1900699296660257	0.22102543308832093	0.17391029431627603	0.3266471798944411	0.1902509833938362	0.4860167179590041	0.6589257440209708	0.48297187554291016	0.3208726417444993	1.0	0.43526109167898114	0.32327175238998995	0.74551343442257	0.24572060630399037
te	0.0	1.0	0.0	1.0	0.5660160774121898	1.0	1.0	0.7322034805959263	1.0	0.42489828324440826	1.0	1.0	1.0	1.0	0.7584325078215763	1.0	1.0	1.0	1.0	1.0	1.0	0.7455134344225701	1.0	1.0	1.0	1.0	0.4695960115558277	1.0	1.0	1.0	0.43526109167898114	1.0	1.0	1.0	1.0
vi	1.0	0.7347168825662656	1.0	1.0	0.3217239664710756	0.38072067105039475	1.0	0.1904047145279375	0.37818648849236874	0.27136364508591915	1.0	1.0	1.0	0.3105683570211522	0.34682558179706685	1.0	1.0	1.0	1.0	1.0	1.0	0.20059050100497525	0.38669884739464805	0.6972289799846169	0.4777628364702158	1.0	0.651610424238932	1.0	0.6373862411874234	1.0	0.32327175238998995	1.0	1.0	0.7376607345031152	1.0
war	0.0	1.0	1.0	1.0	0.672370045633007	0.8453349384065367	1.0	0.5251510515130738	0.6786291688147437	0.7126095066991411	0.7376607345031152	0.6786291688147437	1.0	0.7376607345031152	1.0	1.0	0.7376607345031152	0.7510341748895938	1.0	0.74551343442257	1.0	0.6788722231702808	0.7411828468492556	0.7411828468492556	0.7510341748895938	0.7347168825662656	1.0	0.74551343442257	0.7411828468492556	0.7376607345031152	0.74551343442257	1.0	0.7376607345031152	1.0	0.7376607345031152
zh	1.0	0.6108239160974152	1.0	1.0	0.26226405010824466	0.21364098699491507	1.0	0.08998453699113092	0.32721283193104467	0.13847838167355966	1.0	1.0	1.0	0.22248949800019283	0.19425221240468657	0.6934049242589717	1.0	1.0	1.0	1.0	1.0	0.15689432280653534	0.2631765902823546	0.5625178604573763	0.3098609519361624	1.0	0.4173382991669171	1.0	0.4127460598377386	0.6999032064515078	0.24572060630399037	1.0	1.0	0.7376607345031152	1.0
