arz	bs	ceb	ckb	da	de	el	en	es	fr	he	hi	hu	id	it	ja	ko	lv	mk	ml	mr	nl	pl	pt	ro	ru	sh	si	simple	sr	sv	te	vi	war	zh
arz	1.0	0.0	0.0	0.0	1.0	1.0	1.0	1.0	1.0	1.0	1.0	0.0	1.0	1.0	1.0	1.0	1.0	1.0	1.0	0.0	1.0	1.0	1.0	1.0	1.0	1.0	0.0	1.0	1.0	1.0	1.0	0.0	1.0	1.0	1.0
bs	0.0	1.0	0.0	0.0	1.0	1.0	1.0	1.0	1.0	1.0	1.0	1.0	1.0	0.0	1.0	1.0	1.0	0.0	0.0	0.0	0.0	1.0	1.0	1.0	1.0	1.0	1.0	0.0	0.0	1.0	1.0	0.0	1.0	0.3430703308172536	1.0
ceb	0.0	0.0	1.0	0.0	0.0	1.0	0.0	1.0	1.0	1.0	0.0	0.0	0.0	0.0	0.0	1.0	0.0	0.0	0.0	0.0	0.0	1.0	1.0	1.0	0.0	0.0	0.0	0.0	0.0	0.0	1.0	0.0	0.0	1.0	0.0
ckb	0.0	0.0	0.0	1.0	0.0	1.0	0.0	1.0	1.0	1.0	1.0	0.0	0.0	0.0	1.0	1.0	0.0	0.0	0.0	0.0	0.0	1.0	0.0	0.0	0.0	1.0	1.0	0.0	1.0	0.0	0.0	0.0	1.0	0.4364916731037085	0.0
da	1.0	1.0	0.0	0.0	1.0	1.0	1.0	0.20913790076975997	1.0	1.0	1.0	1.0	1.0	1.0	1.0	1.0	1.0	1.0	1.0	1.0	1.0	1.0	1.0	1.0	0.585786437626905	1.0	1.0	1.0	1.0	1.0	1.0	0.0	1.0	0.4364916731037085	1.0
de	1.0	1.0	1.0	1.0	1.0	1.0	1.0	0.02901545700373651	0.22772999919644132	0.21290885543182675	0.5	0.0	1.0	1.0	0.3660254037844386	0.5	1.0	1.0	1.0	1.0	1.0	0.26427884169111276	0.3660254037844386	0.5	0.25824569976124334	0.44948974278317805	1.0	1.0	1.0	1.0	0.27792629762666365	0.0	0.585786437626905	0.40453726661826384	0.5
el	1.0	1.0	0.0	0.0	1.0	1.0	1.0	0.3483314773547883	1.0	1.0	1.0	0.0	1.0	1.0	1.0	1.0	1.0	1.0	1.0	1.0	1.0	1.0	1.0	1.0	0.4364916731037085	1.0	0.0	1.0	1.0	1.0	1.0	0.0	1.0	0.4364916731037085	1.0
en	1.0	1.0	1.0	1.0	0.20913790076975997	0.02901545700373651	0.3483314773547883	1.0	0.01074023988498692	0.03461454670717084	0.38742588672279304	1.0	0.585786437626905	0.28708594921778513	0.179128784747792	0.1661140561654733	0.36602540378443865	1.0	1.0	1.0	1.0	0.15815511491062575	0.23582845781094	0.25728427444747215	0.12408067293206396	0.12973190755680383	0.585786437626905	1.0	0.44948974278317805	1.0	0.16597681693032765	1.0	1.0	0.40453726661826384	0.25355482027512377
es	1.0	1.0	1.0	1.0	1.0	0.22772999919644132	1.0	0.01074023988498692	1.0	0.38742588672279304	1.0	1.0	1.0	1.0	0.2958163163244893	1.0	1.0	1.0	1.0	1.0	1.0	0.4142135623730951	1.0	1.0	0.3333333333333333	1.0	1.0	1.0	1.0	1.0	1.0	0.0	1.0	0.4364916731037085	0.585786437626905
fr	1.0	1.0	1.0	1.0	1.0	0.21290885543182675	1.0	0.03461454670717084	0.38742588672279304	1.0	1.0	1.0	1.0	1.0	0.2592192604530755	0.585786437626905	1.0	1.0	1.0	1.0	1.0	0.32881309020609956	0.585786437626905	0.5	0.39564392373896	0.585786437626905	1.0	1.0	0.585786437626905	1.0	0.5	1.0	1.0	0.4364916731037085	0.585786437626905
he	1.0	1.0	0.0	1.0	1.0	0.5	1.0	0.38742588672279304	1.0	1.0	1.0	0.0	1.0	1.0	1.0	1.0	1.0	1.0	1.0	1.0	1.0	1.0	1.0	1.0	0.25	1.0	1.0	1.0	1.0	1.0	1.0	0.0	1.0	0.4364916731037085	1.0
hi	0.0	1.0	0.0	0.0	1.0	0.0	0.0	1.0	1.0	1.0	0.0	1.0	0.0	1.0	0.0	1.0	0.0	0.0	0.0	1.0	1.0	1.0	0.0	0.0	0.0	1.0	1.0	0.0	1.0	1.0	1.0	1.0	0.0	0.4364916731037085	0.0
hu	1.0	1.0	0.0	0.0	1.0	1.0	1.0	0.585786437626905	1.0	1.0	1.0	0.0	1.0	1.0	1.0	1.0	1.0	1.0	1.0	1.0	1.0	1.0	1.0	1.0	0.44948974278317805	1.0	1.0	1.0	1.0	1.0	1.0	0.0	1.0	0.40453726661826384	1.0
id	1.0	0.0	0.0	0.0	1.0	1.0	1.0	0.28708594921778513	1.0	1.0	1.0	1.0	1.0	1.0	0.585786437626905	1.0	1.0	1.0	1.0	1.0	1.0	1.0	1.0	1.0	1.0	1.0	1.0	1.0	0.585786437626905	1.0	1.0	0.0	1.0	0.40453726661826384	1.0
it	1.0	1.0	0.0	1.0	1.0	0.3660254037844386	1.0	0.179128784747792	0.2958163163244893	0.2592192604530755	1.0	0.0	1.0	0.585786437626905	1.0	0.5	1.0	1.0	1.0	1.0	1.0	0.5	0.585786437626905	0.585786437626905	0.3164309725825328	0.585786437626905	1.0	1.0	1.0	1.0	0.4142135623730951	0.0	0.585786437626905	0.40453726661826384	1.0
ja	1.0	1.0	1.0	1.0	1.0	0.5	1.0	0.1661140561654733	1.0	0.585786437626905	1.0	1.0	1.0	1.0	0.5	1.0	1.0	1.0	1.0	1.0	1.0	0.585786437626905	1.0	1.0	1.0	1.0	1.0	1.0	1.0	1.0	1.0	0.0	1.0	0.4364916731037085	1.0
ko	1.0	1.0	0.0	0.0	1.0	1.0	1.0	0.36602540378443865	1.0	1.0	1.0	0.0	1.0	1.0	1.0	1.0	1.0	1.0	1.0	1.0	1.0	1.0	1.0	1.0	0.4364916731037085	1.0	1.0	1.0	1.0	1.0	1.0	0.0	1.0	0.4364916731037085	1.0
lv	1.0	0.0	0.0	0.0	1.0	1.0	1.0	1.0	1.0	1.0	1.0	0.0	1.0	1.0	1.0	1.0	1.0	1.0	1.0	0.0	1.0	1.0	1.0	1.0	1.0	1.0	0.0	1.0	1.0	1.0	1.0	0.0	1.0	0.4364916731037085	1.0
mk	1.0	0.0	0.0	0.0	1.0	1.0	1.0	1.0	1.0	1.0	1.0	0.0	1.0	1.0	1.0	1.0	1.0	1.0	1.0	0.0	1.0	1.0	1.0	1.0	1.0	1.0	0.0	1.0	1.0	1.0	1.0	0.0	1.0	0.4364916731037085	1.0
ml	0.0	0.0	0.0	0.0	1.0	1.0	1.0	1.0	1.0	1.0	1.0	1.0	1.0	1.0	1.0	1.0	1.0	0.0	0.0	1.0	1.0	1.0	1.0	1.0	0.0	1.0	1.0	0.0	1.0	0.0	1.0	1.0	1.0	0.4364916731037085	1.0
mr	1.0	0.0	0.0	0.0	1.0	1.0	1.0	1.0	1.0	1.0	1.0	1.0	1.0	1.0	1.0	1.0	1.0	1.0	1.0	1.0	1.0	1.0	1.0	1.0	1.0	1.0	0.0	1.0	0.585786437626905	1.0	1.0	0.0	1.0	0.4364916731037085	1.0
nl	1.0	1.0	1.0	1.0	1.0	0.26427884169111276	1.0	0.15815511491062575	0.4142135623730951	0.32881309020609956	1.0	1.0	1.0	1.0	0.5	0.585786437626905	1.0	1.0	1.0	1.0	1.0	1.0	0.585786437626905	0.585786437626905	0.28989794855663564	0.5	1.0	1.0	1.0	1.0	1.0	1.0	1.0	0.40453726661826384	0.585786437626905
pl	1.0	1.0	1.0	0.0	1.0	0.3660254037844386	1.0	0.23582845781094	1.0	0.585786437626905	1.0	0.0	1.0	1.0	0.585786437626905	1.0	1.0	1.0	1.0	1.0	1.0	0.585786437626905	1.0	1.0	0.39564392373896	0.585786437626905	1.0	1.0	1.0	1.0	1.0	0.0	1.0	0.3797958971132712	1.0
pt	1.0	1.0	1.0	0.0	1.0	0.5	1.0	0.25728427444747215	1.0	0.5	1.0	0.0	1.0	1.0	0.585786437626905	1.0	1.0	1.0	1.0	1.0	1.0	0.585786437626905	1.0	1.0	1.0	1.0	1.0	1.0	1.0	1.0	1.0	0.0	1.0	0.4364916731037085	1.0
ro	1.0	1.0	0.0	0.0	0.585786437626905	0.25824569976124334	0.4364916731037085	0.12408067293206396	0.3333333333333333	0.39564392373896	0.25	0.0	0.44948974278317805	1.0	0.3164309725825328	1.0	0.4364916731037085	1.0	1.0	0.0	1.0	0.28989794855663564	0.39564392373896	1.0	1.0	0.3090169943749474	0.0	1.0	1.0	1.0	0.4364916731037085	0.0	1.0	0.3797958971132712	0.585786437626905
ru	1.0	1.0	0.0	1.0	1.0	0.44948974278317805	1.0	0.12973190755680383	1.0	0.585786437626905	1.0	1.0	1.0	1.0	0.585786437626905	1.0	1.0	1.0	1.0	1.0	1.0	0.5	0.585786437626905	1.0	0.3090169943749474	1.0	1.0	1.0	0.585786437626905	1.0	1.0	1.0	1.0	0.4364916731037085	1.0
sh	0.0	1.0	0.0	1.0	1.0	1.0	0.0	0.585786437626905	1.0	1.0	1.0	1.0	1.0	1.0	1.0	1.0	1.0	0.0	0.0	1.0	0.0	1.0	1.0	1.0	0.0	1.0	1.0	0.0	1.0	1.0	1.0	0.0	1.0	0.4364916731037085	1.0
si	1.0	0.0	0.0	0.0	1.0	1.0	1.0	1.0	1.0	1.0	1.0	0.0	1.0	1.0	1.0	1.0	1.0	1.0	1.0	0.0	1.0	1.0	1.0	1.0	1.0	1.0	0.0	1.0	1.0	1.0	1.0	0.0	1.0	0.4364916731037085	1.0
simple	1.0	0.0	0.0	1.0	1.0	1.0	1.0	0.44948974278317805	1.0	0.585786437626905	1.0	1.0	1.0	0.585786437626905	1.0	1.0	1.0	1.0	1.0	1.0	0.585786437626905	1.0	1.0	1.0	1.0	0.585786437626905	1.0	1.0	1.0	1.0	1.0	0.0	1.0	0.3797958971132712	1.0
sr	1.0	1.0	0.0	0.0	1.0	1.0	1.0	1.0	1.0	1.0	1.0	1.0	1.0	1.0	1.0	1.0	1.0	1.0	1.0	0.0	1.0	1.0	1.0	1.0	1.0	1.0	1.0	1.0	1.0	1.0	1.0	0.0	1.0	0.4364916731037085	1.0
sv	1.0	1.0	1.0	0.0	1.0	0.27792629762666365	1.0	0.16597681693032765	1.0	0.5	1.0	1.0	1.0	1.0	0.4142135623730951	1.0	1.0	1.0	1.0	1.0	1.0	1.0	1.0	1.0	0.4364916731037085	1.0	1.0	1.0	1.0	1.0	1.0	0.0	1.0	0.4364916731037085	1.0
te	0.0	0.0	0.0	0.0	0.0	0.0	0.0	1.0	0.0	1.0	0.0	1.0	0.0	0.0	0.0	0.0	0.0	0.0	0.0	1.0	0.0	1.0	0.0	0.0	0.0	1.0	0.0	0.0	0.0	0.0	0.0	1.0	0.0	0.585786437626905	0.0
vi	1.0	1.0	0.0	1.0	1.0	0.585786437626905	1.0	1.0	1.0	1.0	1.0	0.0	1.0	1.0	0.585786437626905	1.0	1.0	1.0	1.0	1.0	1.0	1.0	1.0	1.0	1.0	1.0	1.0	1.0	1.0	1.0	1.0	0.0	1.0	0.4364916731037085	1.0
war	1.0	0.3430703308172536	1.0	0.4364916731037085	0.4364916731037085	0.40453726661826384	0.4364916731037085	0.40453726661826384	0.4364916731037085	0.4364916731037085	0.4364916731037085	0.4364916731037085	0.40453726661826384	0.40453726661826384	0.40453726661826384	0.4364916731037085	0.4364916731037085	0.4364916731037085	0.4364916731037085	0.4364916731037085	0.4364916731037085	0.40453726661826384	0.3797958971132712	0.4364916731037085	0.3797958971132712	0.4364916731037085	0.4364916731037085	0.4364916731037085	0.3797958971132712	0.4364916731037085	0.4364916731037085	0.585786437626905	0.4364916731037085	1.0	0.4364916731037085
zh	1.0	1.0	0.0	0.0	1.0	0.5	1.0	0.25355482027512377	0.585786437626905	0.585786437626905	1.0	0.0	1.0	1.0	1.0	1.0	1.0	1.0	1.0	1.0	1.0	0.585786437626905	1.0	1.0	0.585786437626905	1.0	1.0	1.0	1.0	1.0	1.0	0.0	1.0	0.4364916731037085	1.0
