arz	bs	ceb	ckb	da	de	el	en	es	fr	he	hi	hu	id	it	ja	ko	lv	mk	ml	mr	nl	pl	pt	ro	ru	sh	si	simple	sr	sv	te	tr	vi	war	zh
arz	1.0	1.0	0.0	1.0	1.0	1.0	1.0	1.0	1.0	1.0	1.0	1.0	1.0	1.0	1.0	1.0	1.0	1.0	1.0	1.0	1.0	1.0	1.0	1.0	1.0	1.0	1.0	1.0	1.0	1.0	1.0	1.0	1.0	1.0	1.0	1.0
bs	1.0	1.0	1.0	1.0	0.2741219255031908	0.0804598152141505	0.3333333333333333	0.07424194667507522	0.07923299632261739	0.08665479518275088	0.30216947925196225	0.3430703308172536	0.2989350844248255	0.16633900085711875	0.1038788501427243	0.07827371299106872	0.14602640382184875	0.3726822671238253	0.3430703308172536	0.2674788903885893	0.585786437626905	0.17037281742390578	0.07665542210571552	0.07791874514995295	0.3597752501562547	0.0718910130021613	0.31916328117913445	1.0	0.12923839549831098	0.2402530733520421	0.1890340223184008	0.585786437626905	0.13591741351252096	0.11123994497832239	1.0	0.09036324830924584
ceb	0.0	1.0	1.0	0.0	1.0	1.0	0.0	1.0	1.0	1.0	1.0	1.0	1.0	1.0	1.0	1.0	1.0	1.0	1.0	1.0	0.0	1.0	1.0	1.0	1.0	1.0	1.0	1.0	1.0	1.0	1.0	0.0	-1.0	1.0	1.0	1.0
ckb	1.0	1.0	0.0	1.0	1.0	1.0	1.0	1.0	1.0	1.0	1.0	1.0	1.0	0.585786437626905	0.585786437626905	1.0	1.0	1.0	1.0	1.0	1.0	0.585786437626905	1.0	1.0	1.0	1.0	1.0	1.0	1.0	1.0	1.0	1.0	0.585786437626905	1.0	1.0	1.0
da	1.0	0.2741219255031908	1.0	1.0	1.0	0.1002398085928247	1.0	0.11315659145272179	0.12000730284189715	0.15497081249817662	0.252650308587072	0.29429805508554946	0.3090169943749474	0.13419201594104357	0.15346312809066412	0.12564291516648915	0.28172904669025317	0.28436465220442186	0.29429805508554946	0.36602540378443865	1.0	0.08196827924851717	0.11885245482135821	0.12062850216080083	0.2708131845707603	0.11718851276519608	0.28172904669025317	1.0	0.16966058324107536	0.2612038749637414	0.14144205741455348	0.4142135623730951	0.2012628451930092	0.28172904669025317	1.0	0.1537693686269095
de	1.0	0.0804598152141505	1.0	1.0	0.1002398085928247	1.0	0.585786437626905	0.02521901893423844	0.026158101592757277	0.023831163631466683	0.39564392373896007	0.585786437626905	0.32449979983983984	0.06558769973648441	0.032814069407438896	0.16202097927744855	0.30216947925196225	0.21878418844863196	1.0	0.3430703308172536	1.0	0.02956511572156188	0.021219996293563984	0.03585805007454658	0.22772999919644132	0.025144919501645012	0.17729231889993316	1.0	0.0719877430979512	0.16308953050448227	0.10261056551191254	0.5	0.16556507131964315	0.22584440001865322	1.0	0.14423856110165295
el	1.0	0.3333333333333333	0.0	1.0	1.0	0.585786437626905	1.0	1.0	0.44948974278317805	0.39564392373896007	1.0	1.0	1.0	0.5	0.36602540378443865	1.0	1.0	1.0	1.0	1.0	1.0	0.27792629762666365	0.5	0.3090169943749474	1.0	1.0	1.0	1.0	0.5	1.0	1.0	1.0	0.5	1.0	1.0	1.0
en	1.0	0.07424194667507522	1.0	1.0	0.11315659145272179	0.02521901893423844	1.0	1.0	0.028771594688444483	0.04004480135772654	0.2145646002858569	0.3430703308172536	0.14201473202245876	0.05283483256186668	0.051439492787270974	0.03269345765896616	0.1368227865524485	0.16307748715009193	0.3430703308172536	0.20799159651347807	1.0	0.09185573684507711	0.02018682575031979	0.018559115924003822	0.17093187196226328	0.019744939253945302	0.1391999823889641	1.0	0.053163802499625025	0.09638443621544168	0.05748271694016643	0.3797958971132712	0.1183605264559891	0.05385895495549423	1.0	0.042462944960708106
es	1.0	0.07923299632261739	1.0	1.0	0.12000730284189715	0.026158101592757277	0.44948974278317805	0.028771594688444483	1.0	0.025404335086565293	0.4142135623730951	0.4142135623730951	0.28436465220442186	0.05710829187609978	0.03148750564305615	0.11280403388263667	0.24257131419419417	0.22966848451216434	0.585786437626905	0.3333333333333333	1.0	0.02678918134992191	0.021746156945664057	0.03309413528576901	0.22204428984844665	0.03838346466455371	0.1393161703394676	1.0	0.07988077150473438	0.14034892870142554	0.12537377298221222	0.5	0.16797932715021768	0.2372732414640341	0.585786437626905	0.11709097923679435
fr	1.0	0.08665479518275088	1.0	1.0	0.15497081249817662	0.023831163631466683	0.39564392373896007	0.04004480135772654	0.025404335086565293	1.0	0.39564392373896007	0.585786437626905	0.38742588672279304	0.04939588605118351	0.038339205620474805	0.09295246109649374	0.2204812092115424	0.21393876913398135	0.36602540378443865	0.585786437626905	1.0	0.04099504566778549	0.02287068038305206	0.02142527546097462	0.2612038749637414	0.022782073191393908	0.14874365392559422	1.0	0.07450585274950663	0.14535085355449615	0.057523729655500656	1.0	0.16360412152856188	0.14794976728674605	1.0	0.09239205604391885
he	1.0	0.30216947925196225	1.0	1.0	0.252650308587072	0.39564392373896007	1.0	0.2145646002858569	0.4142135623730951	0.39564392373896007	1.0	1.0	1.0	0.25	0.26968623182294527	1.0	1.0	0.44948974278317805	1.0	1.0	1.0	0.08179977728257459	0.4142135623730951	0.585786437626905	0.585786437626905	1.0	0.5	1.0	0.23371479611805132	0.585786437626905	0.5	1.0	0.5	1.0	1.0	1.0
hi	1.0	0.3430703308172536	1.0	1.0	0.29429805508554946	0.585786437626905	1.0	0.3430703308172536	0.4142135623730951	0.585786437626905	1.0	1.0	1.0	0.28989794855663564	0.4142135623730951	1.0	1.0	0.5	1.0	1.0	1.0	0.131657717156152	0.44948974278317805	0.39564392373896007	0.585786437626905	1.0	0.5	1.0	0.25824569976124334	0.585786437626905	0.585786437626905	1.0	0.5	1.0	1.0	1.0
hu	1.0	0.2989350844248255	1.0	1.0	0.3090169943749474	0.32449979983983984	1.0	0.14201473202245876	0.28436465220442186	0.38742588672279304	1.0	1.0	1.0	0.2565236958429578	0.25	1.0	1.0	0.585786437626905	1.0	1.0	1.0	0.07023876142218666	0.36602540378443865	0.4142135623730951	0.5	1.0	0.44948974278317805	1.0	0.36602540378443865	0.28989794855663564	1.0	1.0	0.585786437626905	1.0	1.0	1.0
id	1.0	0.16633900085711875	1.0	0.585786437626905	0.13419201594104357	0.06558769973648441	0.5	0.05283483256186668	0.05710829187609978	0.04939588605118351	0.25	0.28989794855663564	0.2565236958429578	1.0	0.09799057023699871	0.13367660240019172	0.27429188517743175	0.22814485875271995	0.3430703308172536	0.27792629762666365	1.0	0.07989273210568065	0.04713849801637658	0.05490808991711899	0.28172904669025317	0.07237982001823152	0.19667348396105963	1.0	0.0964664315775175	0.16139047779640892	0.07903456518469319	0.4364916731037085	0.17548962033545326	0.16893748062498007	1.0	0.13321952658018657
it	1.0	0.1038788501427243	1.0	0.585786437626905	0.15346312809066412	0.032814069407438896	0.36602540378443865	0.051439492787270974	0.03148750564305615	0.038339205620474805	0.26968623182294527	0.4142135623730951	0.25	0.09799057023699871	1.0	0.07522591742310905	0.30216947925196225	0.17627969453945155	0.4364916731037085	0.4142135623730951	1.0	0.06028842810121181	0.02779986305583219	0.02929070439868979	0.2372732414640341	0.028394740385309234	0.2012628451930092	1.0	0.10172205638319419	0.1154708015399036	0.05949743632103957	0.5	0.15460015193311524	0.12204428147722324	1.0	0.05525275729427144
ja	1.0	0.07827371299106872	1.0	1.0	0.12564291516648915	0.16202097927744855	1.0	0.03269345765896616	0.11280403388263667	0.09295246109649374	1.0	1.0	1.0	0.13367660240019172	0.07522591742310905	1.0	1.0	0.3333333333333333	1.0	1.0	1.0	0.033782985669706465	0.12161530084703875	0.17192062304130262	0.32449979983983984	1.0	0.2674788903885893	1.0	0.12481442192361682	0.29429805508554946	0.28172904669025317	1.0	0.28989794855663564	1.0	1.0	1.0
ko	1.0	0.14602640382184875	1.0	1.0	0.28172904669025317	0.30216947925196225	1.0	0.1368227865524485	0.24257131419419417	0.2204812092115424	1.0	1.0	1.0	0.27429188517743175	0.30216947925196225	1.0	1.0	0.5	1.0	1.0	1.0	0.0652091500578555	0.2791745113185196	0.4142135623730951	0.5	1.0	0.36602540378443865	1.0	0.19519410160110381	0.585786437626905	0.5	1.0	0.2612038749637414	1.0	1.0	1.0
lv	1.0	0.3726822671238253	1.0	1.0	0.28436465220442186	0.21878418844863196	1.0	0.16307748715009193	0.22966848451216434	0.21393876913398135	0.44948974278317805	0.5	0.585786437626905	0.22814485875271995	0.17627969453945155	0.3333333333333333	0.5	1.0	1.0	0.585786437626905	1.0	0.1072151568639104	0.22204428984844665	0.21712927295533244	0.44948974278317805	0.2204812092115424	0.2663977630850204	1.0	0.23164263455849537	0.3333333333333333	0.24257131419419417	0.585786437626905	0.3483314773547883	0.5	1.0	0.27429188517743175
mk	1.0	0.3430703308172536	1.0	1.0	0.29429805508554946	1.0	1.0	0.3430703308172536	0.585786437626905	0.36602540378443865	1.0	1.0	1.0	0.3430703308172536	0.4364916731037085	1.0	1.0	1.0	1.0	1.0	1.0	0.13231996486433337	0.39564392373896007	0.5	0.39564392373896007	1.0	0.4364916731037085	1.0	0.3266316347104093	0.585786437626905	0.585786437626905	1.0	1.0	1.0	1.0	1.0
ml	1.0	0.2674788903885893	1.0	1.0	0.36602540378443865	0.3430703308172536	1.0	0.20799159651347807	0.3333333333333333	0.585786437626905	1.0	1.0	1.0	0.27792629762666365	0.4142135623730951	1.0	1.0	0.585786437626905	1.0	1.0	1.0	0.09551783993490068	0.4142135623730951	0.2708131845707603	0.4364916731037085	1.0	0.585786437626905	1.0	0.24399845080999227	1.0	1.0	1.0	0.36602540378443865	1.0	1.0	1.0
mr	1.0	0.585786437626905	0.0	1.0	1.0	1.0	1.0	1.0	1.0	1.0	1.0	1.0	1.0	1.0	1.0	1.0	1.0	1.0	1.0	1.0	1.0	1.0	1.0	1.0	1.0	1.0	0.585786437626905	1.0	1.0	1.0	1.0	1.0	1.0	1.0	1.0	1.0
nl	1.0	0.17037281742390578	1.0	0.585786437626905	0.08196827924851717	0.02956511572156188	0.27792629762666365	0.09185573684507711	0.02678918134992191	0.04099504566778549	0.08179977728257459	0.131657717156152	0.07023876142218666	0.07989273210568065	0.06028842810121181	0.033782985669706465	0.0652091500578555	0.1072151568639104	0.13231996486433337	0.09551783993490068	1.0	1.0	0.020256467656563554	0.01944584102982964	0.08961067501846844	0.018383333847692345	0.1019977410543994	1.0	0.05007397401290585	0.042227303536462424	0.032944565262217874	0.14732056773523425	0.06868579616880688	0.04342679852047372	1.0	0.036093519534513875
pl	1.0	0.07665542210571552	1.0	1.0	0.11885245482135821	0.021219996293563984	0.5	0.02018682575031979	0.021746156945664057	0.02287068038305206	0.4142135623730951	0.44948974278317805	0.36602540378443865	0.04713849801637658	0.02779986305583219	0.12161530084703875	0.2791745113185196	0.22204428984844665	0.39564392373896007	0.4142135623730951	1.0	0.020256467656563554	1.0	0.029937959654138032	0.28172904669025317	0.04057649867335691	0.13718454680302142	1.0	0.06899716183688114	0.16139047779640892	0.10455380004103547	0.585786437626905	0.15082329980793807	0.18464218557642828	1.0	0.14184812878937272
pt	1.0	0.07791874514995295	1.0	1.0	0.12062850216080083	0.03585805007454658	0.3090169943749474	0.018559115924003822	0.03309413528576901	0.02142527546097462	0.585786437626905	0.39564392373896007	0.4142135623730951	0.05490808991711899	0.02929070439868979	0.17192062304130262	0.4142135623730951	0.21712927295533244	0.5	0.2708131845707603	1.0	0.01944584102982964	0.029937959654138032	1.0	0.19636040545626823	0.050616682622761824	0.14257458343761814	1.0	0.08084057830034301	0.15438708879488486	0.14053719616945776	1.0	0.15717284306616133	0.28989794855663564	1.0	0.1951941016011038
ro	1.0	0.3597752501562547	1.0	1.0	0.2708131845707603	0.22772999919644132	1.0	0.17093187196226328	0.22204428984844665	0.2612038749637414	0.585786437626905	0.585786437626905	0.5	0.28172904669025317	0.2372732414640341	0.32449979983983984	0.5	0.44948974278317805	0.39564392373896007	0.4364916731037085	1.0	0.08961067501846844	0.28172904669025317	0.19636040545626823	1.0	0.22966848451216434	0.5	1.0	0.3333333333333333	0.2612038749637414	0.5	1.0	0.5	0.5	1.0	0.3430703308172536
ru	1.0	0.0718910130021613	1.0	1.0	0.11718851276519608	0.025144919501645012	1.0	0.019744939253945302	0.03838346466455371	0.022782073191393908	1.0	1.0	1.0	0.07237982001823152	0.028394740385309234	1.0	1.0	0.2204812092115424	1.0	1.0	1.0	0.018383333847692345	0.04057649867335691	0.050616682622761824	0.22966848451216434	1.0	0.14518338349164053	1.0	0.0723401117403318	0.203075234310397	0.22584440001865322	1.0	0.1744328890878361	1.0	1.0	1.0
sh	1.0	0.31916328117913445	1.0	1.0	0.28172904669025317	0.17729231889993316	1.0	0.1391999823889641	0.1393161703394676	0.14874365392559422	0.5	0.5	0.44948974278317805	0.19667348396105963	0.2012628451930092	0.2674788903885893	0.36602540378443865	0.2663977630850204	0.4364916731037085	0.585786437626905	0.585786437626905	0.1019977410543994	0.13718454680302142	0.14257458343761814	0.5	0.14518338349164053	1.0	1.0	0.20113409300569868	0.26968623182294527	0.17684258135111194	0.585786437626905	0.3597752501562547	0.5	1.0	0.2674788903885893
si	1.0	1.0	1.0	1.0	1.0	1.0	1.0	1.0	1.0	1.0	1.0	1.0	1.0	1.0	1.0	1.0	1.0	1.0	1.0	1.0	1.0	1.0	1.0	1.0	1.0	1.0	1.0	1.0	1.0	1.0	1.0	1.0	1.0	1.0	1.0	1.0
simple	1.0	0.12923839549831098	1.0	1.0	0.16966058324107536	0.0719877430979512	0.5	0.053163802499625025	0.07988077150473438	0.07450585274950663	0.23371479611805132	0.25824569976124334	0.36602540378443865	0.0964664315775175	0.10172205638319419	0.12481442192361682	0.19519410160110381	0.23164263455849537	0.3266316347104093	0.24399845080999227	1.0	0.05007397401290585	0.06899716183688114	0.08084057830034301	0.3333333333333333	0.0723401117403318	0.20113409300569868	1.0	1.0	0.1975496259559987	0.11729625583494523	0.39564392373896007	0.1924840598000365	0.26427884169111276	1.0	0.12632380015122013
sr	1.0	0.2402530733520421	1.0	1.0	0.2612038749637414	0.16308953050448227	1.0	0.09638443621544168	0.14034892870142554	0.14535085355449615	0.585786437626905	0.585786437626905	0.28989794855663564	0.16139047779640892	0.1154708015399036	0.29429805508554946	0.585786437626905	0.3333333333333333	0.585786437626905	1.0	1.0	0.042227303536462424	0.16139047779640892	0.15438708879488486	0.2612038749637414	0.203075234310397	0.26968623182294527	1.0	0.1975496259559987	1.0	0.30216947925196225	1.0	0.5	0.585786437626905	1.0	0.3483314773547883
sv	1.0	0.1890340223184008	1.0	1.0	0.14144205741455348	0.10261056551191254	1.0	0.05748271694016643	0.12537377298221222	0.057523729655500656	0.5	0.585786437626905	1.0	0.07903456518469319	0.05949743632103957	0.28172904669025317	0.5	0.24257131419419417	0.585786437626905	1.0	1.0	0.032944565262217874	0.10455380004103547	0.14053719616945776	0.5	0.22584440001865322	0.17684258135111194	1.0	0.11729625583494523	0.30216947925196225	1.0	1.0	0.252650308587072	0.4142135623730951	1.0	0.44948974278317805
te	1.0	0.585786437626905	0.0	1.0	0.4142135623730951	0.5	1.0	0.3797958971132712	0.5	1.0	1.0	1.0	1.0	0.4364916731037085	0.5	1.0	1.0	0.585786437626905	1.0	1.0	1.0	0.14732056773523425	0.585786437626905	1.0	1.0	1.0	0.585786437626905	1.0	0.39564392373896007	1.0	1.0	1.0	0.5	1.0	1.0	1.0
tr	1.0	0.13591741351252096	-1.0	0.585786437626905	0.2012628451930092	0.16556507131964315	0.5	0.1183605264559891	0.16797932715021768	0.16360412152856188	0.5	0.5	0.585786437626905	0.17548962033545326	0.15460015193311524	0.28989794855663564	0.2612038749637414	0.3483314773547883	1.0	0.36602540378443865	1.0	0.06868579616880688	0.15082329980793807	0.15717284306616133	0.5	0.1744328890878361	0.3597752501562547	1.0	0.1924840598000365	0.5	0.252650308587072	0.5	1.0	0.252650308587072	1.0	0.2612038749637414
vi	1.0	0.11123994497832239	1.0	1.0	0.28172904669025317	0.22584440001865322	1.0	0.05385895495549423	0.2372732414640341	0.14794976728674605	1.0	1.0	1.0	0.16893748062498007	0.12204428147722324	1.0	1.0	0.5	1.0	1.0	1.0	0.04342679852047372	0.18464218557642828	0.28989794855663564	0.5	1.0	0.5	1.0	0.26427884169111276	0.585786437626905	0.4142135623730951	1.0	0.252650308587072	1.0	1.0	1.0
war	1.0	1.0	1.0	1.0	1.0	1.0	1.0	1.0	0.585786437626905	1.0	1.0	1.0	1.0	1.0	1.0	1.0	1.0	1.0	1.0	1.0	1.0	1.0	1.0	1.0	1.0	1.0	1.0	1.0	1.0	1.0	1.0	1.0	1.0	1.0	1.0	1.0
zh	1.0	0.09036324830924584	1.0	1.0	0.1537693686269095	0.14423856110165295	1.0	0.042462944960708106	0.11709097923679435	0.09239205604391885	1.0	1.0	1.0	0.13321952658018657	0.05525275729427144	1.0	1.0	0.27429188517743175	1.0	1.0	1.0	0.036093519534513875	0.14184812878937272	0.1951941016011038	0.3430703308172536	1.0	0.2674788903885893	1.0	0.12632380015122013	0.3483314773547883	0.44948974278317805	1.0	0.2612038749637414	1.0	1.0	1.0
