arz	bs	ceb	ckb	da	de	el	en	es	fr	he	hi	hu	id	it	ja	ko	lv	mk	ml	mr	nl	pl	pt	ro	ru	sh	si	simple	sr	sv	te	vi	war	zh
arz	1.0	1.0	0.0	0.0	1.0	1.0	1.0	0.585786437626905	1.0	0.0	1.0	0.0	1.0	1.0	1.0	1.0	1.0	1.0	1.0	0.0	0.0	0.585786437626905	1.0	1.0	1.0	1.0	1.0	0.0	1.0	1.0	1.0	0.0	1.0	0.0	0.585786437626905
bs	1.0	1.0	0.36602540378443865	1.0	0.3333333333333333	0.3333333333333333	0.585786437626905	0.3333333333333333	0.3333333333333333	0.44948974278317805	0.353889367864523	1.0	0.3333333333333333	0.3534797987848214	0.3333333333333333	0.3333333333333333	0.3333333333333333	0.585786437626905	0.5	0.585786437626905	1.0	0.3333333333333333	0.3333333333333333	0.3333333333333333	0.3333333333333333	0.3333333333333333	0.4142135623730951	1.0	0.44948974278317805	0.32037724101704074	0.2958163163244893	1.0	0.3090169943749474	1.0	0.3333333333333333
ceb	0.0	0.36602540378443865	1.0	0.36602540378443865	0.36602540378443865	0.36602540378443865	0.585786437626905	0.36602540378443865	0.36602540378443865	0.36602540378443865	0.585786437626905	0.585786437626905	0.36602540378443865	0.36602540378443865	0.36602540378443865	0.36602540378443865	0.36602540378443865	0.36602540378443865	0.36602540378443865	0.585786437626905	0.585786437626905	0.36602540378443865	0.36602540378443865	0.36602540378443865	0.36602540378443865	0.36602540378443865	0.36602540378443865	0.0	0.37905490691606286	0.36602540378443865	0.36602540378443865	1.0	0.36602540378443865	0.585786437626905	0.36602540378443865
ckb	0.0	1.0	0.36602540378443865	1.0	1.0	1.0	1.0	1.0	1.0	1.0	1.0	1.0	1.0	0.585786437626905	1.0	1.0	1.0	1.0	1.0	1.0	1.0	1.0	1.0	1.0	1.0	1.0	1.0	0.0	0.585786437626905	1.0	1.0	1.0	1.0	1.0	1.0
da	1.0	0.3333333333333333	0.36602540378443865	1.0	1.0	0.34833147735478825	0.585786437626905	0.2673227391912118	0.34833147735478825	0.3090169943749474	0.585786437626905	0.585786437626905	0.5	0.28989794855663564	0.34833147735478825	0.38742588672279304	0.44948974278317805	1.0	0.585786437626905	0.585786437626905	0.585786437626905	0.38742588672279304	0.3430703308172536	0.3203772410170407	0.44948974278317805	0.34833147735478825	0.4142135623730951	1.0	0.44948974278317805	0.4142135623730951	0.3021694792519622	0.585786437626905	0.44948974278317805	1.0	0.3660254037844386
de	1.0	0.3333333333333333	0.36602540378443865	1.0	0.34833147735478825	1.0	1.0	0.0842393965379443	0.26533119314590375	0.1955803702461375	0.44948974278317805	1.0	0.3660254037844386	0.2553967929896867	0.18059811982850651	0.3430703308172536	0.44948974278317805	1.0	1.0	1.0	1.0	0.3203772410170407	0.21089672205953397	0.28172904669025317	0.44948974278317805	0.28172904669025317	0.44948974278317805	1.0	0.4142135623730951	0.34833147735478825	0.2466060555964672	1.0	0.2928060946961875	1.0	0.4142135623730951
el	1.0	0.585786437626905	0.585786437626905	1.0	0.585786437626905	1.0	1.0	0.44948974278317805	1.0	0.585786437626905	1.0	1.0	1.0	0.585786437626905	1.0	1.0	1.0	1.0	1.0	1.0	1.0	1.0	1.0	0.585786437626905	0.585786437626905	1.0	1.0	0.0	0.585786437626905	1.0	1.0	1.0	1.0	1.0	1.0
en	0.585786437626905	0.3333333333333333	0.36602540378443865	1.0	0.2673227391912118	0.0842393965379443	0.44948974278317805	1.0	0.05644937943888864	0.05293693113444691	0.16893748062498004	0.44948974278317805	0.2474401533514073	0.17011071785351697	0.07302997562586219	0.0929033110662672	0.1513748062943529	0.585786437626905	0.585786437626905	0.44948974278317805	0.585786437626905	0.13367660240019172	0.1346057977023629	0.09828744644908126	0.2843646522044218	0.08727335946183108	0.12596012945349366	1.0	0.2489655093579841	0.12346752509553721	0.14129721966721076	0.39564392373896007	0.049073683268016144	1.0	0.11045582272443313
es	1.0	0.3333333333333333	0.36602540378443865	1.0	0.34833147735478825	0.26533119314590375	1.0	0.05644937943888864	1.0	0.21089672205953397	1.0	1.0	0.4142135623730951	0.2184498952542088	0.2612038749637414	0.44948974278317805	0.44948974278317805	1.0	1.0	1.0	1.0	0.3660254037844386	0.2553967929896867	0.29893508442482547	0.5	0.29429805508554946	0.5	1.0	0.4142135623730951	0.36602540378443865	0.28989794855663564	1.0	0.21822796141133347	1.0	0.4142135623730951
fr	0.0	0.44948974278317805	0.36602540378443865	1.0	0.3090169943749474	0.1955803702461375	0.585786437626905	0.05293693113444691	0.21089672205953397	1.0	0.44948974278317805	0.585786437626905	0.44948974278317805	0.2553967929896867	0.16879264089884097	0.34833147735478825	0.38742588672279304	1.0	1.0	1.0	1.0	0.3203772410170407	0.2372732414640341	0.22966848451216434	0.4142135623730951	0.3203772410170407	0.31264808514230086	1.0	0.44948974278317805	0.2814673788296004	0.3203772410170407	1.0	0.22966848451216434	1.0	0.38742588672279304
he	1.0	0.353889367864523	0.585786437626905	1.0	0.585786437626905	0.44948974278317805	1.0	0.16893748062498004	1.0	0.44948974278317805	1.0	1.0	1.0	0.2989350844248255	0.5	1.0	1.0	1.0	1.0	1.0	1.0	1.0	0.36602540378443865	0.585786437626905	0.585786437626905	1.0	0.585786437626905	1.0	0.585786437626905	0.585786437626905	0.39564392373896007	1.0	0.44948974278317805	1.0	1.0
hi	0.0	1.0	0.585786437626905	1.0	0.585786437626905	1.0	1.0	0.44948974278317805	1.0	0.585786437626905	1.0	1.0	1.0	1.0	0.585786437626905	1.0	1.0	1.0	1.0	1.0	1.0	1.0	1.0	1.0	1.0	1.0	1.0	1.0	0.585786437626905	0.585786437626905	1.0	1.0	0.5	1.0	1.0
hu	1.0	0.3333333333333333	0.36602540378443865	1.0	0.5	0.3660254037844386	1.0	0.2474401533514073	0.4142135623730951	0.44948974278317805	1.0	1.0	1.0	0.3333333333333333	0.34833147735478825	0.5	0.5	1.0	1.0	1.0	1.0	0.44948974278317805	0.3164309725825328	0.38742588672279304	0.5	0.5	0.5	1.0	0.44948974278317805	1.0	0.38742588672279304	1.0	0.5	1.0	0.5
id	1.0	0.3534797987848214	0.36602540378443865	0.585786437626905	0.28989794855663564	0.2553967929896867	0.585786437626905	0.17011071785351697	0.2184498952542088	0.2553967929896867	0.2989350844248255	1.0	0.3333333333333333	1.0	0.22696955407408306	0.28989794855663564	0.36602540378443865	0.4364916731037085	1.0	1.0	1.0	0.2449655295864104	0.2704699731522706	0.2671496842001639	0.3726822671238253	0.24257131419419417	0.38742588672279304	1.0	0.40453726661826384	0.34833147735478825	0.21540844303582035	1.0	0.3333333333333333	1.0	0.25
it	1.0	0.3333333333333333	0.36602540378443865	1.0	0.34833147735478825	0.18059811982850651	1.0	0.07302997562586219	0.2612038749637414	0.16879264089884097	0.5	0.585786437626905	0.34833147735478825	0.22696955407408306	1.0	0.34833147735478825	0.3660254037844386	1.0	1.0	0.585786437626905	1.0	0.3203772410170407	0.18693931815255607	0.2402530733520421	0.44948974278317805	0.28436465220442186	0.28989794855663564	1.0	0.4142135623730951	0.3660254037844386	0.24336073281110826	1.0	0.2592192604530755	1.0	0.34833147735478825
ja	1.0	0.3333333333333333	0.36602540378443865	1.0	0.38742588672279304	0.3430703308172536	1.0	0.0929033110662672	0.44948974278317805	0.34833147735478825	1.0	1.0	0.5	0.28989794855663564	0.34833147735478825	1.0	1.0	1.0	1.0	1.0	1.0	0.5	0.3090169943749474	0.3660254037844386	0.5	1.0	0.5	1.0	0.44948974278317805	0.44948974278317805	0.32449979983983984	1.0	0.2612038749637414	1.0	1.0
ko	1.0	0.3333333333333333	0.36602540378443865	1.0	0.44948974278317805	0.44948974278317805	1.0	0.1513748062943529	0.44948974278317805	0.38742588672279304	1.0	1.0	0.5	0.36602540378443865	0.3660254037844386	1.0	1.0	1.0	1.0	1.0	1.0	0.585786437626905	0.44948974278317805	0.3660254037844386	0.5	1.0	0.5	1.0	0.5	0.5	0.36602540378443865	1.0	0.3090169943749474	1.0	1.0
lv	1.0	0.585786437626905	0.36602540378443865	1.0	1.0	1.0	1.0	0.585786437626905	1.0	1.0	1.0	1.0	1.0	0.4364916731037085	1.0	1.0	1.0	1.0	1.0	1.0	1.0	1.0	1.0	1.0	1.0	1.0	1.0	1.0	0.585786437626905	1.0	1.0	1.0	1.0	1.0	1.0
mk	1.0	0.5	0.36602540378443865	1.0	0.585786437626905	1.0	1.0	0.585786437626905	1.0	1.0	1.0	1.0	1.0	1.0	1.0	1.0	1.0	1.0	1.0	1.0	1.0	1.0	0.585786437626905	1.0	1.0	1.0	1.0	0.0	0.585786437626905	1.0	1.0	1.0	1.0	1.0	1.0
ml	0.0	0.585786437626905	0.585786437626905	1.0	0.585786437626905	1.0	1.0	0.44948974278317805	1.0	1.0	1.0	1.0	1.0	1.0	0.585786437626905	1.0	1.0	1.0	1.0	1.0	1.0	1.0	1.0	1.0	0.585786437626905	1.0	1.0	1.0	0.585786437626905	1.0	1.0	1.0	0.585786437626905	1.0	1.0
mr	0.0	1.0	0.585786437626905	1.0	0.585786437626905	1.0	1.0	0.585786437626905	1.0	1.0	1.0	1.0	1.0	1.0	1.0	1.0	1.0	1.0	1.0	1.0	1.0	0.585786437626905	1.0	1.0	1.0	1.0	1.0	0.0	0.585786437626905	1.0	1.0	1.0	1.0	1.0	1.0
nl	0.585786437626905	0.3333333333333333	0.36602540378443865	1.0	0.38742588672279304	0.3203772410170407	1.0	0.13367660240019172	0.3660254037844386	0.3203772410170407	1.0	1.0	0.44948974278317805	0.2449655295864104	0.3203772410170407	0.5	0.585786437626905	1.0	1.0	1.0	0.585786437626905	1.0	0.28172904669025317	0.3333333333333333	0.5	1.0	0.585786437626905	1.0	0.44948974278317805	0.5	0.3164309725825327	0.585786437626905	0.28436465220442186	1.0	0.44948974278317805
pl	1.0	0.3333333333333333	0.36602540378443865	1.0	0.3430703308172536	0.21089672205953397	1.0	0.1346057977023629	0.2553967929896867	0.2372732414640341	0.36602540378443865	1.0	0.3164309725825328	0.2704699731522706	0.18693931815255607	0.3090169943749474	0.44948974278317805	1.0	0.585786437626905	1.0	1.0	0.28172904669025317	1.0	0.2187841884486319	0.5	0.23582845781094	0.5	1.0	0.3660254037844386	0.4142135623730951	0.20521309615767266	1.0	0.2928060946961875	1.0	0.3090169943749474
pt	1.0	0.3333333333333333	0.36602540378443865	1.0	0.3203772410170407	0.28172904669025317	0.585786437626905	0.09828744644908126	0.29893508442482547	0.22966848451216434	0.585786437626905	1.0	0.38742588672279304	0.2671496842001639	0.2402530733520421	0.3660254037844386	0.3660254037844386	1.0	1.0	1.0	1.0	0.3333333333333333	0.2187841884486319	1.0	0.44948974278317805	0.34833147735478825	0.34833147735478825	1.0	0.44948974278317805	0.3333333333333333	0.2674788903885893	1.0	0.2572842744474721	1.0	0.4142135623730951
ro	1.0	0.3333333333333333	0.36602540378443865	1.0	0.44948974278317805	0.44948974278317805	0.585786437626905	0.2843646522044218	0.5	0.4142135623730951	0.585786437626905	1.0	0.5	0.3726822671238253	0.44948974278317805	0.5	0.5	1.0	1.0	0.585786437626905	1.0	0.5	0.5	0.44948974278317805	1.0	0.5	0.44948974278317805	1.0	0.4142135623730951	0.44948974278317805	0.353889367864523	1.0	0.38742588672279304	1.0	0.5
ru	1.0	0.3333333333333333	0.36602540378443865	1.0	0.34833147735478825	0.28172904669025317	1.0	0.08727335946183108	0.29429805508554946	0.3203772410170407	1.0	1.0	0.5	0.24257131419419417	0.28436465220442186	1.0	1.0	1.0	1.0	1.0	1.0	1.0	0.23582845781094	0.34833147735478825	0.5	1.0	0.5	1.0	0.44948974278317805	0.44948974278317805	0.3090169943749474	1.0	0.2791745113185196	1.0	1.0
sh	1.0	0.4142135623730951	0.36602540378443865	1.0	0.4142135623730951	0.44948974278317805	1.0	0.12596012945349366	0.5	0.31264808514230086	0.585786437626905	1.0	0.5	0.38742588672279304	0.28989794855663564	0.5	0.5	1.0	1.0	1.0	1.0	0.585786437626905	0.5	0.34833147735478825	0.44948974278317805	0.5	1.0	1.0	0.5	0.17936207676789126	0.3726822671238253	1.0	0.24660605559646726	1.0	0.4364916731037085
si	0.0	1.0	0.0	0.0	1.0	1.0	0.0	1.0	1.0	1.0	1.0	1.0	1.0	1.0	1.0	1.0	1.0	1.0	0.0	1.0	0.0	1.0	1.0	1.0	1.0	1.0	1.0	1.0	0.0	1.0	1.0	0.0	1.0	1.0	1.0
simple	1.0	0.44948974278317805	0.37905490691606286	0.585786437626905	0.44948974278317805	0.4142135623730951	0.585786437626905	0.2489655093579841	0.4142135623730951	0.44948974278317805	0.585786437626905	0.585786437626905	0.44948974278317805	0.40453726661826384	0.4142135623730951	0.44948974278317805	0.5	0.585786437626905	0.585786437626905	0.585786437626905	0.585786437626905	0.44948974278317805	0.3660254037844386	0.44948974278317805	0.4142135623730951	0.44948974278317805	0.5	0.0	1.0	0.5	0.4142135623730951	1.0	0.5	0.585786437626905	0.5
sr	1.0	0.32037724101704074	0.36602540378443865	1.0	0.4142135623730951	0.34833147735478825	1.0	0.12346752509553721	0.36602540378443865	0.2814673788296004	0.585786437626905	0.585786437626905	1.0	0.34833147735478825	0.3660254037844386	0.44948974278317805	0.5	1.0	1.0	1.0	1.0	0.5	0.4142135623730951	0.3333333333333333	0.44948974278317805	0.44948974278317805	0.17936207676789126	1.0	0.5	1.0	0.3866297038941519	1.0	0.21712927295533244	1.0	0.5
sv	1.0	0.2958163163244893	0.36602540378443865	1.0	0.3021694792519622	0.2466060555964672	1.0	0.14129721966721076	0.28989794855663564	0.3203772410170407	0.39564392373896007	1.0	0.38742588672279304	0.21540844303582035	0.24336073281110826	0.32449979983983984	0.36602540378443865	1.0	1.0	1.0	1.0	0.3164309725825327	0.20521309615767266	0.2674788903885893	0.353889367864523	0.3090169943749474	0.3726822671238253	1.0	0.4142135623730951	0.3866297038941519	1.0	1.0	0.3021694792519622	1.0	0.3430703308172536
te	0.0	1.0	1.0	1.0	0.585786437626905	1.0	1.0	0.39564392373896007	1.0	1.0	1.0	1.0	1.0	1.0	1.0	1.0	1.0	1.0	1.0	1.0	1.0	0.585786437626905	1.0	1.0	1.0	1.0	1.0	0.0	1.0	1.0	1.0	1.0	1.0	1.0	1.0
vi	1.0	0.3090169943749474	0.36602540378443865	1.0	0.44948974278317805	0.2928060946961875	1.0	0.049073683268016144	0.21822796141133347	0.22966848451216434	0.44948974278317805	0.5	0.5	0.3333333333333333	0.2592192604530755	0.2612038749637414	0.3090169943749474	1.0	1.0	0.585786437626905	1.0	0.28436465220442186	0.2928060946961875	0.2572842744474721	0.38742588672279304	0.2791745113185196	0.24660605559646726	1.0	0.5	0.21712927295533244	0.3021694792519622	1.0	1.0	1.0	0.28989794855663564
war	0.0	1.0	0.585786437626905	1.0	1.0	1.0	1.0	1.0	1.0	1.0	1.0	1.0	1.0	1.0	1.0	1.0	1.0	1.0	1.0	1.0	1.0	1.0	1.0	1.0	1.0	1.0	1.0	1.0	0.585786437626905	1.0	1.0	1.0	1.0	1.0	1.0
zh	0.585786437626905	0.3333333333333333	0.36602540378443865	1.0	0.3660254037844386	0.4142135623730951	1.0	0.11045582272443313	0.4142135623730951	0.38742588672279304	1.0	1.0	0.5	0.25	0.34833147735478825	1.0	1.0	1.0	1.0	1.0	1.0	0.44948974278317805	0.3090169943749474	0.4142135623730951	0.5	1.0	0.4364916731037085	1.0	0.5	0.5	0.3430703308172536	1.0	0.28989794855663564	1.0	1.0
