arz	bs	ceb	ckb	da	de	el	en	es	fr	he	hi	hu	id	it	ja	ko	lv	mk	ml	mr	nl	pl	pt	ro	ru	sh	si	simple	sr	sv	te	vi	war	zh
arz	1.0	0.4530317685951677	1.0	1.0	0.43009686696664384	0.5449057789543422	0.3587113301372004	0.3419274894373844	0.37699985949132514	0.3292979517712531	0.3706878317513056	0.7690990303325336	0.3501209360264591	0.29968777384178913	0.5449057789543422	0.5449057789543422	0.4041034332915389	0.37981216497058035	0.483881939828664	0.36045829536241286	0.4606815765005153	0.3358155250310937	0.3810239410503477	0.3587113301372004	0.34214382885515937	0.34605785072761663	0.3189937202909069	1.0	0.382169900209841	0.3411497094735546	0.3570402243417847	1.0	0.3587113301372004	0.5449057789543422	0.3651609677205316
bs	0.4530317685951677	1.0	0.6589896480612497	1.0	0.5701790492511497	0.5456186664700217	0.6157731712916621	0.2973589295105387	0.6157731712916621	0.6841174893561722	0.47124598740214596	0.5242980053815397	0.6172869577688365	0.35053581600188766	0.6389297609593436	0.7249168679245883	0.396018469893912	0.6908587525207897	0.5506662736405656	0.38331899032629224	0.5602414695438928	0.6908587525207897	0.5415207779494983	0.4601706481808759	0.42045307776178553	0.4776761015533256	0.5747704100565708	0.7690990303325336	0.5353487929408394	0.59442122719045	0.6127083494889939	1.0	0.615770989928321	0.7690990303325336	0.4387824095139255
ceb	1.0	0.6589896480612497	1.0	0.8862616044261856	0.3793899167303941	0.32046926981377083	0.754760434585707	0.44025625016805564	0.49840782426550495	0.38702802407880654	0.4044997260563136	0.4244572294112827	0.2706160075050898	0.3546608653207108	0.5162661505034855	0.5377988133223112	0.5623581600974192	0.5682333401091433	0.5483860587014094	0.7370688154311974	0.419603103634664	0.4588534865031548	0.39049145585772455	0.3723837543056828	0.5545535185257442	0.43590808115805635	0.4538063752569934	0.8216064286890065	0.43523010495299824	0.5330992938455797	0.49595973446310515	1.0	0.41235255528992687	0.5480953166963739	0.4222541435970471
ckb	1.0	1.0	0.8862616044261856	1.0	0.6475874673024765	0.7778087616891123	0.8252244849082945	0.8055567530094857	0.7510341748895939	0.6869344569380453	0.6059099440128329	0.7510341748895939	0.7132806270707754	0.43276884020401285	0.6624525348502385	0.7510341748895939	0.6640237664404942	0.7510341748895939	0.6684560499369148	0.388878943088341	0.3688839859531017	0.7510341748895939	0.6290066987253159	0.7510341748895939	0.48736110761512386	0.7510341748895939	0.6337267807987903	1.0	0.4623405858715412	0.6640237664404942	0.7510341748895939	0.7690990303325336	0.7510341748895939	1.0	0.43231162093864345
da	0.43009686696664384	0.5701790492511497	0.3793899167303941	0.6475874673024765	1.0	0.2798359418276087	0.3449294852497042	0.20966056605646774	0.22179853596052304	0.20625748091457655	0.2560492953488099	0.22001591027305084	0.27717262585210034	0.2196134142955979	0.25614043049138824	0.27539253333506053	0.21821703987211255	0.409915665791035	0.2991921834210396	0.2644430096899186	0.3367816940431961	0.2549922357388482	0.24021556181372195	0.21892932916856242	0.2609271743506163	0.19432994312133256	0.35166949419875426	0.33110552217389494	0.24812755660510058	0.2956888507363421	0.21743578471605282	0.42818944265099507	0.2639842577926152	0.7324113330954057	0.255575775838124
de	0.5449057789543422	0.5456186664700217	0.32046926981377083	0.7778087616891123	0.2798359418276087	1.0	0.31173307867172584	0.19615540231709624	0.21952465953593198	0.1932057600841953	0.21395707859811747	0.23441014338696703	0.22322276410205388	0.22183576618348141	0.20492577470941647	0.2167617172766635	0.25597675741268244	0.3196806021366104	0.2805763918008621	0.25223141379564734	0.4132954937569675	0.22269022285070625	0.23403279458228937	0.2214783174468947	0.18359211797246217	0.1683952761603922	0.31253673039197744	0.6813557556905478	0.3052471746720243	0.278571453034261	0.1717295904943317	0.4117974253562297	0.1810201523818907	0.6088742372232854	0.23418541281146477
el	0.3587113301372004	0.6157731712916621	0.754760434585707	0.8252244849082945	0.3449294852497042	0.31173307867172584	1.0	0.29576466437256416	0.4021892060154421	0.36789335051485883	0.3307153997830593	0.40703035497386336	0.4236158319120668	0.3271925082675195	0.42530458203557736	0.3510819764059362	0.34884912218192116	0.595714911241876	0.5129971096256937	0.30116195380645727	0.4807963508570991	0.38421874141346857	0.33439634757690917	0.21767749961715424	0.3720815123808899	0.34976984645855513	0.44504438445546685	0.6722221621197193	0.4606516537695089	0.3171638532857195	0.4087936698939117	0.5647323080021033	0.42601193714021796	0.7411828468492556	0.30598440708853636
en	0.3419274894373844	0.2973589295105387	0.44025625016805564	0.8055567530094857	0.20966056605646774	0.19615540231709624	0.29576466437256416	1.0	0.18676289270095578	0.16254893729607894	0.23393182591350054	0.20772546867605796	0.1819294394272636	0.17660160952705173	0.15659293188081264	0.18026878035543822	0.20985373161977372	0.3146123154954841	0.2370091719603822	0.245736454304364	0.31682625260288166	0.16577900654906716	0.20911081939765244	0.18991819818317868	0.17770234206448857	0.1686456651248089	0.2154033699645501	0.517075055307151	0.2707214449831352	0.2045672037652841	0.1678416670601819	0.42594518061822473	0.19428008274338238	0.6562661056221565	0.2266429036789445
es	0.37699985949132514	0.6157731712916621	0.49840782426550495	0.7510341748895939	0.22179853596052304	0.21952465953593198	0.4021892060154421	0.18676289270095578	1.0	0.17944146489561294	0.26961000282880504	0.24946444077899232	0.3035659449134888	0.18392950670929023	0.22551209884910461	0.22176898537764436	0.2261955538244448	0.47416421943416553	0.3739614013399734	0.2716788533743219	0.4471458264688433	0.2127036998120792	0.2301493412862637	0.22431254565962916	0.21999909258724698	0.17822796977018132	0.36582310093654824	0.7376607345031153	0.33107589778129504	0.26708352753180303	0.16228032086958658	0.570213362857108	0.30224157330692203	0.575783891745346	0.25118187068956266
fr	0.3292979517712531	0.6841174893561722	0.38702802407880654	0.6869344569380453	0.20625748091457655	0.1932057600841953	0.36789335051485883	0.16254893729607894	0.17944146489561294	1.0	0.21901787612061216	0.24770560777912673	0.2242000952330311	0.18092463915970597	0.17173344495388787	0.172875177418094	0.2016999121212868	0.4861697604182345	0.2921823514328381	0.2673752456717018	0.3341228541888589	0.18276714817408926	0.20343580434463693	0.1865570861225818	0.17578925683403324	0.17132693509649616	0.2610009908507368	0.3152301328604377	0.23577045159368085	0.2687314446997291	0.15529830918834248	0.44337517478797717	0.17913684232494978	0.583823359730413	0.18238727830362755
he	0.3706878317513056	0.47124598740214596	0.4044997260563136	0.6059099440128329	0.2560492953488099	0.21395707859811747	0.3307153997830593	0.23393182591350054	0.26961000282880504	0.21901787612061216	1.0	0.2708225070731488	0.2224560458446414	0.222029810684249	0.2622698943210316	0.28916816348327423	0.25018440333738123	0.380145873746737	0.322876318480553	0.19400697000429787	0.30525796561936847	0.23201155825657155	0.25637410045065195	0.2155861604598746	0.1942932622572396	0.2121319868198819	0.2754522831231331	0.4019163776963562	0.3508960089459325	0.21936273241968324	0.18010779615029382	0.5879511749463611	0.2526133747421637	0.574500010571968	0.266382503926072
hi	0.7690990303325336	0.5242980053815397	0.4244572294112827	0.7510341748895939	0.22001591027305084	0.23441014338696703	0.40703035497386336	0.20772546867605796	0.24946444077899232	0.24770560777912673	0.2708225070731488	1.0	0.2858774124595796	0.23956505292017058	0.23582454842667935	0.23029357150200308	0.2316045603466781	0.3060076640143469	0.4675097101357281	0.2863173155223993	0.352430809177248	0.3057116821302506	0.2607429813396795	0.2293508578843388	0.2715162720406755	0.23951587244172656	0.283078399636056	0.641462921690623	0.2618858318242518	0.2560859023740785	0.24626928514055754	0.4000397327561554	0.30529796546349963	0.7510341748895938	0.2097856856777253
hu	0.3501209360264591	0.6172869577688365	0.2706160075050898	0.7132806270707754	0.27717262585210034	0.22322276410205388	0.4236158319120668	0.1819294394272636	0.3035659449134888	0.2242000952330311	0.2224560458446414	0.2858774124595796	1.0	0.2649160447060787	0.2793906719617677	0.27087569872074285	0.25008737095407507	0.3799119003816689	0.39637715000875984	0.24662305168168835	0.3850662006120564	0.2423709186639016	0.2885003743508435	0.25776097970499673	0.2658059140184692	0.22755349988207205	0.27559809554235043	1.0	0.306289121595168	0.2578231499517499	0.2651049835366461	0.6666984105496916	0.29931857499511516	0.6649995104425663	0.2564330688589364
id	0.29968777384178913	0.35053581600188766	0.3546608653207108	0.43276884020401285	0.2196134142955979	0.22183576618348141	0.3271925082675195	0.17660160952705173	0.18392950670929023	0.18092463915970597	0.222029810684249	0.23956505292017058	0.2649160447060787	1.0	0.20445871441355953	0.2139059850508938	0.2256501580480807	0.33609886477903134	0.2993399266107069	0.2613467449170533	0.29376862693224326	0.22802007930030174	0.23146143634106114	0.18160396777923796	0.2117095310810334	0.16015020193980908	0.3500668935353122	0.428767295490223	0.2674381402428944	0.27394130495259855	0.2063323798084042	0.3219420963426287	0.23028149806742665	0.41280156544791025	0.21916789735537553
it	0.5449057789543422	0.6389297609593436	0.5162661505034855	0.6624525348502385	0.25614043049138824	0.20492577470941647	0.42530458203557736	0.15659293188081264	0.22551209884910461	0.17173344495388787	0.2622698943210316	0.23582454842667935	0.2793906719617677	0.20445871441355953	1.0	0.190974207478532	0.24537977112341566	0.49043176751971895	0.35117548760658174	0.32028768518411466	0.3218201146888266	0.15247824344582914	0.22706028142413956	0.2198395771774989	0.18183432583711662	0.1586865233049893	0.3317956964302099	0.508194368182688	0.3255526407559968	0.28734172284620974	0.13140710280468407	0.39911685676501385	0.24194238364985235	0.7411828468492556	0.22996515189840028
ja	0.5449057789543422	0.7249168679245883	0.5377988133223112	0.7510341748895939	0.27539253333506053	0.2167617172766635	0.3510819764059362	0.18026878035543822	0.22176898537764436	0.172875177418094	0.28916816348327423	0.23029357150200308	0.27087569872074285	0.2139059850508938	0.190974207478532	1.0	0.18525863451508934	0.6066184555038461	0.381285033442173	0.27018436455257383	0.3974015639813516	0.23171989036801946	0.25050158709991954	0.2440009066493032	0.20262473652327398	0.20822122093962425	0.40301956313921405	0.6538836485984503	0.23232467997361791	0.30207174169976075	0.14968011582720706	0.5076459921577057	0.23595679252185797	0.7411828468492556	0.19349519945814786
ko	0.4041034332915389	0.396018469893912	0.5623581600974192	0.6640237664404942	0.21821703987211255	0.25597675741268244	0.34884912218192116	0.20985373161977372	0.2261955538244448	0.2016999121212868	0.25018440333738123	0.2316045603466781	0.25008737095407507	0.2256501580480807	0.24537977112341566	0.18525863451508934	1.0	0.4466109314659485	0.354758653645	0.2970834807871737	0.2823452734265023	0.2324002601054761	0.25738679181877266	0.21204907467133988	0.26479034362049114	0.1864757558453935	0.33303288466622066	0.65857855151911	0.34957143728819867	0.33274947495750357	0.21554416620682373	0.7316304089809368	0.2769831119115337	0.6562661056221564	0.20675307154483918
lv	0.37981216497058035	0.6908587525207897	0.5682333401091433	0.7510341748895939	0.409915665791035	0.3196806021366104	0.595714911241876	0.3146123154954841	0.47416421943416553	0.4861697604182345	0.380145873746737	0.3060076640143469	0.3799119003816689	0.33609886477903134	0.49043176751971895	0.6066184555038461	0.4466109314659485	1.0	0.44074652443383694	0.3259961278373496	0.3639775435210413	0.5142110300324392	0.2336116042263803	0.35443971827437704	0.3294769082746082	0.41615870957649564	0.48332837914179916	0.7584325078215763	0.4492207062240039	0.33021539939666494	0.467482510983501	0.7584325078215765	0.4686635186220791	0.7370765140076342	0.37580559585869006
mk	0.483881939828664	0.5506662736405656	0.5483860587014094	0.6684560499369148	0.2991921834210396	0.2805763918008621	0.5129971096256937	0.2370091719603822	0.3739614013399734	0.2921823514328381	0.322876318480553	0.4675097101357281	0.39637715000875984	0.2993399266107069	0.35117548760658174	0.381285033442173	0.354758653645	0.44074652443383694	1.0	0.3059159589692624	0.5106237119076967	0.3836213980623673	0.3059000605888082	0.4366575325298944	0.2704698712206214	0.37660012326867476	0.4638571296183486	0.6704675947063354	0.42924128935309824	0.2848966016068431	0.42916103226140356	0.6983438190355966	0.4016563940215691	0.6598739539079332	0.28667383653468514
ml	0.36045829536241286	0.38331899032629224	0.7370688154311974	0.388878943088341	0.2644430096899186	0.25223141379564734	0.30116195380645727	0.245736454304364	0.2716788533743219	0.2673752456717018	0.19400697000429787	0.2863173155223993	0.24662305168168835	0.2613467449170533	0.32028768518411466	0.27018436455257383	0.2970834807871737	0.3259961278373496	0.3059159589692624	1.0	0.2566298123473256	0.24515067961314485	0.32400600178829403	0.25790096779188026	0.2719000339531322	0.24747950576466204	0.31566559683695394	0.685633341240947	0.24257646574416378	0.38227907401406164	0.2637385759942418	0.4128479752510719	0.2960131652364464	0.3621875006686715	0.2911069348801067
mr	0.4606815765005153	0.5602414695438928	0.419603103634664	0.3688839859531017	0.3367816940431961	0.4132954937569675	0.4807963508570991	0.31682625260288166	0.4471458264688433	0.3341228541888589	0.30525796561936847	0.352430809177248	0.3850662006120564	0.29376862693224326	0.3218201146888266	0.3974015639813516	0.2823452734265023	0.3639775435210413	0.5106237119076967	0.2566298123473256	1.0	0.3864141548561098	0.28487484785088896	0.2616831856040002	0.3773824468335514	0.34147601023678237	0.27504427273995624	0.6253274460904993	0.30442692579681035	0.35433396931613953	0.3775014710418473	0.4751978479803286	0.33636856577756885	0.49559051390325665	0.3381811868176227
nl	0.3358155250310937	0.6908587525207897	0.4588534865031548	0.7510341748895939	0.2549922357388482	0.22269022285070625	0.38421874141346857	0.16577900654906716	0.2127036998120792	0.18276714817408926	0.23201155825657155	0.3057116821302506	0.2423709186639016	0.22802007930030174	0.15247824344582914	0.23171989036801946	0.2324002601054761	0.5142110300324392	0.3836213980623673	0.24515067961314485	0.3864141548561098	1.0	0.24148297834391377	0.1944512271115958	0.20710227598699135	0.16334562451513548	0.30861196979872535	0.6333404237489203	0.30460822358266737	0.25975405078236885	0.186404589651871	0.6380732827477678	0.29767667575061474	0.712441350906339	0.21907311176759173
pl	0.3810239410503477	0.5415207779494983	0.39049145585772455	0.6290066987253159	0.24021556181372195	0.23403279458228937	0.33439634757690917	0.20911081939765244	0.2301493412862637	0.20343580434463693	0.25637410045065195	0.2607429813396795	0.2885003743508435	0.23146143634106114	0.22706028142413956	0.25050158709991954	0.25738679181877266	0.2336116042263803	0.3059000605888082	0.32400600178829403	0.28487484785088896	0.24148297834391377	1.0	0.20823378489634134	0.20215203547319455	0.18136073345489703	0.27320128663891585	0.6239725949460845	0.2892142861384844	0.272511392154039	0.21511837098158987	0.4813950067284009	0.2526244036973252	0.3382880325278358	0.26038933404034154
pt	0.3587113301372004	0.4601706481808759	0.3723837543056828	0.7510341748895939	0.21892932916856242	0.2214783174468947	0.21767749961715424	0.18991819818317868	0.22431254565962916	0.1865570861225818	0.2155861604598746	0.2293508578843388	0.25776097970499673	0.18160396777923796	0.2198395771774989	0.2440009066493032	0.21204907467133988	0.35443971827437704	0.4366575325298944	0.25790096779188026	0.2616831856040002	0.1944512271115958	0.20823378489634134	1.0	0.1865004110382327	0.1670079654575642	0.29924748233737736	0.8523100170540392	0.22378396569354006	0.18538092046424565	0.15285197859914612	0.4096401298076983	0.20040198744250085	0.7249168679245882	0.224523601083766
ro	0.34214382885515937	0.42045307776178553	0.5545535185257442	0.48736110761512386	0.2609271743506163	0.18359211797246217	0.3720815123808899	0.17770234206448857	0.21999909258724698	0.17578925683403324	0.1942932622572396	0.2715162720406755	0.2658059140184692	0.2117095310810334	0.18183432583711662	0.20262473652327398	0.26479034362049114	0.3294769082746082	0.2704698712206214	0.2719000339531322	0.3773824468335514	0.20710227598699135	0.20215203547319455	0.1865004110382327	1.0	0.17656816452277205	0.3110573103759313	0.37601168758039577	0.27236336146972434	0.21342708785880957	0.25644839862513247	0.3759477099333998	0.2552693815725173	0.33602852445615883	0.2710992946596029
ru	0.34605785072761663	0.4776761015533256	0.43590808115805635	0.7510341748895939	0.19432994312133256	0.1683952761603922	0.34976984645855513	0.1686456651248089	0.17822796977018132	0.17132693509649616	0.2121319868198819	0.23951587244172656	0.22755349988207205	0.16015020193980908	0.1586865233049893	0.20822122093962425	0.1864757558453935	0.41615870957649564	0.37660012326867476	0.24747950576466204	0.34147601023678237	0.16334562451513548	0.18136073345489703	0.1670079654575642	0.17656816452277205	1.0	0.4080781156447014	0.6119059359420477	0.20568214420441777	0.22869899488508608	0.14110210963747521	0.5440663610141502	0.2181870957074181	0.6084443983982945	0.14948548086782273
sh	0.3189937202909069	0.5747704100565708	0.4538063752569934	0.6337267807987903	0.35166949419875426	0.31253673039197744	0.44504438445546685	0.2154033699645501	0.36582310093654824	0.2610009908507368	0.2754522831231331	0.283078399636056	0.27559809554235043	0.3500668935353122	0.3317956964302099	0.40301956313921405	0.33303288466622066	0.48332837914179916	0.4638571296183486	0.31566559683695394	0.27504427273995624	0.30861196979872535	0.27320128663891585	0.29924748233737736	0.3110573103759313	0.4080781156447014	1.0	1.0	0.3707379955373519	0.285063494380143	0.3783472645997324	0.6983438190355966	0.388088194449732	0.5746497928690267	0.3688296859400153
si	1.0	0.7690990303325336	0.8216064286890065	1.0	0.33110552217389494	0.6813557556905478	0.6722221621197193	0.517075055307151	0.7376607345031153	0.3152301328604377	0.4019163776963562	0.641462921690623	1.0	0.428767295490223	0.508194368182688	0.6538836485984503	0.65857855151911	0.7584325078215763	0.6704675947063354	0.685633341240947	0.6253274460904993	0.6333404237489203	0.6239725949460845	0.8523100170540392	0.37601168758039577	0.6119059359420477	1.0	1.0	0.32675844324721653	0.6387280338305966	0.39890218361626445	0.7690990303325336	1.0	0.8216064286890065	0.3239711606028223
simple	0.382169900209841	0.5353487929408394	0.43523010495299824	0.4623405858715412	0.24812755660510058	0.3052471746720243	0.4606516537695089	0.2707214449831352	0.33107589778129504	0.23577045159368085	0.3508960089459325	0.2618858318242518	0.306289121595168	0.2674381402428944	0.3255526407559968	0.23232467997361791	0.34957143728819867	0.4492207062240039	0.42924128935309824	0.24257646574416378	0.30442692579681035	0.30460822358266737	0.2892142861384844	0.22378396569354006	0.27236336146972434	0.20568214420441777	0.3707379955373519	0.32675844324721653	1.0	0.3086520027301012	0.24858185809876357	0.46829517855555197	0.2309553806559202	0.45541120299159626	0.31140897523458644
sr	0.3411497094735546	0.59442122719045	0.5330992938455797	0.6640237664404942	0.2956888507363421	0.278571453034261	0.3171638532857195	0.2045672037652841	0.26708352753180303	0.2687314446997291	0.21936273241968324	0.2560859023740785	0.2578231499517499	0.27394130495259855	0.28734172284620974	0.30207174169976075	0.33274947495750357	0.33021539939666494	0.2848966016068431	0.38227907401406164	0.35433396931613953	0.25975405078236885	0.272511392154039	0.18538092046424565	0.21342708785880957	0.22869899488508608	0.285063494380143	0.6387280338305966	0.3086520027301012	1.0	0.3045422119377111	0.41417317702555706	0.26651849280664364	0.549973384001757	0.31661466932261106
sv	0.3570402243417847	0.6127083494889939	0.49595973446310515	0.7510341748895939	0.21743578471605282	0.1717295904943317	0.4087936698939117	0.1678416670601819	0.16228032086958658	0.15529830918834248	0.18010779615029382	0.24626928514055754	0.2651049835366461	0.2063323798084042	0.13140710280468407	0.14968011582720706	0.21554416620682373	0.467482510983501	0.42916103226140356	0.2637385759942418	0.3775014710418473	0.186404589651871	0.21511837098158987	0.15285197859914612	0.25644839862513247	0.14110210963747521	0.3783472645997324	0.39890218361626445	0.24858185809876357	0.3045422119377111	1.0	0.5363625022989622	0.19850273962099246	0.7778087616891123	0.18398620283192707
te	1.0	1.0	1.0	0.7690990303325336	0.42818944265099507	0.4117974253562297	0.5647323080021033	0.42594518061822473	0.570213362857108	0.44337517478797717	0.5879511749463611	0.4000397327561554	0.6666984105496916	0.3219420963426287	0.39911685676501385	0.5076459921577057	0.7316304089809368	0.7584325078215765	0.6983438190355966	0.4128479752510719	0.4751978479803286	0.6380732827477678	0.4813950067284009	0.4096401298076983	0.3759477099333998	0.5440663610141502	0.6983438190355966	0.7690990303325336	0.46829517855555197	0.41417317702555706	0.5363625022989622	1.0	0.7510341748895938	0.7690990303325336	0.39338132748471016
vi	0.3587113301372004	0.615770989928321	0.41235255528992687	0.7510341748895939	0.2639842577926152	0.1810201523818907	0.42601193714021796	0.19428008274338238	0.30224157330692203	0.17913684232494978	0.2526133747421637	0.30529796546349963	0.29931857499511516	0.23028149806742665	0.24194238364985235	0.23595679252185797	0.2769831119115337	0.4686635186220791	0.4016563940215691	0.2960131652364464	0.33636856577756885	0.29767667575061474	0.2526244036973252	0.20040198744250085	0.2552693815725173	0.2181870957074181	0.388088194449732	1.0	0.2309553806559202	0.26651849280664364	0.19850273962099246	0.7510341748895938	1.0	0.7411828468492556	0.2560384532167956
war	0.5449057789543422	0.7690990303325336	0.5480953166963739	1.0	0.7324113330954057	0.6088742372232854	0.7411828468492556	0.6562661056221565	0.575783891745346	0.583823359730413	0.574500010571968	0.7510341748895938	0.6649995104425663	0.41280156544791025	0.7411828468492556	0.7411828468492556	0.6562661056221564	0.7370765140076342	0.6598739539079332	0.3621875006686715	0.49559051390325665	0.712441350906339	0.3382880325278358	0.7249168679245882	0.33602852445615883	0.6084443983982945	0.5746497928690267	0.8216064286890065	0.45541120299159626	0.549973384001757	0.7778087616891123	0.7690990303325336	0.7411828468492556	1.0	0.651811718903907
zh	0.3651609677205316	0.4387824095139255	0.4222541435970471	0.43231162093864345	0.255575775838124	0.23418541281146477	0.30598440708853636	0.2266429036789445	0.25118187068956266	0.18238727830362755	0.266382503926072	0.2097856856777253	0.2564330688589364	0.21916789735537553	0.22996515189840028	0.19349519945814786	0.20675307154483918	0.37580559585869006	0.28667383653468514	0.2911069348801067	0.3381811868176227	0.21907311176759173	0.26038933404034154	0.224523601083766	0.2710992946596029	0.14948548086782273	0.3688296859400153	0.3239711606028223	0.31140897523458644	0.31661466932261106	0.18398620283192707	0.39338132748471016	0.2560384532167956	0.651811718903907	1.0
