arz	bs	ceb	ckb	da	de	el	en	es	fr	he	hi	hu	id	it	ja	ko	lv	mk	ml	mr	nl	pl	pt	ro	ru	sh	si	simple	sr	sv	te	vi	war	zh
arz	1.0	0.15384615384615385	0.05555555555555555	0.13636363636363635	0.08155270655270655	0.05172413793103448	0.125	0.022435897435897436	0.052917232021709636	0.03977272727272727	0.06760973580195548	0.05405405405405406	0.113997113997114	0.058333333333333334	0.03614457831325301	0.046153846153846156	0.06490001226843332	0.13157894736842105	0.15789473684210525	0.11904761904761904	0.08	0.0660377358490566	0.0710670908039329	0.0603448275862069	0.09210526315789473	0.04216867469879518	0.13043478260869565	0.027777777777777776	0.07318295739348371	0.12656765676567658	0.037037037037037035	0.075	0.09722222222222222	0.3333333333333333	0.05586584178266598
bs	0.15384615384615385	1.0	0.11211247296322999	0.15384615384615385	0.12028657616892911	0.06779661016949153	0.15517241379310345	0.03205128205128205	0.057692307692307696	0.05056179775280899	0.1111111111111111	0.12626262626262624	0.11428571428571428	0.07377049180327869	0.047619047619047616	0.06060606060606061	0.07758620689655173	0.21052631578947367	0.13636363636363635	0.14063886424134872	0.11538461538461539	0.07272727272727272	0.08884266825137424	0.07627118644067797	0.1	0.05357142857142857	0.16666666666666666	0.1111111111111111	0.09302325581395349	0.125	0.0625	0.09090909090909091	0.12162162162162163	0.14285714285714285	0.06811656005685857
ceb	0.05555555555555555	0.11211247296322999	1.0	0.08823529411764706	0.15969410706252812	0.12001118333682811	0.08571428571428572	0.04409532483302975	0.08441558441558442	0.07664141414141415	0.1435433968409054	0.1282249742002064	0.19538950715421305	0.09246907591559544	0.07687631258980877	0.09307359307359307	0.0857487922705314	0.2206959706959707	0.151268115942029	0.09259259259259259	0.08898305084745763	0.12256149279050042	0.140625	0.1158458586504637	0.1450187969924812	0.08669314128020462	0.1537037037037037	0.043478260869565216	0.12683284457478006	0.12343205574912891	0.08318050193050193	0.037037037037037035	0.1282051282051282	0.08333333333333333	0.08511247138449289
ckb	0.13636363636363635	0.15384615384615385	0.08823529411764706	1.0	0.07692307692307693	0.06140350877192982	0.08333333333333333	0.022435897435897436	0.038461538461538464	0.03977272727272727	0.06521739130434782	0.08571428571428572	0.08823529411764706	0.04918032786885246	0.03614457831325301	0.046153846153846156	0.05172413793103448	0.16666666666666666	0.125	0.11904761904761904	0.10416666666666667	0.05555555555555555	0.05660377358490566	0.05084745762711865	0.07692307692307693	0.03571428571428571	0.10416666666666667	0.058823529411764705	0.05813953488372093	0.0967741935483871	0.037037037037037035	0.10526315789473684	0.08108108108108109	0.125	0.04477611940298507
da	0.08155270655270655	0.12028657616892911	0.15969410706252812	0.07692307692307693	1.0	0.23432794963044073	0.20212765957446807	0.12298534798534798	0.20987654320987653	0.19747565096402306	0.2803428428428429	0.1830331618067467	0.316034771679933	0.22058823529411764	0.18383431085043989	0.204064919594997	0.2196969696969697	0.2236842105263158	0.16666666666666666	0.1401360544217687	0.11466035689638174	0.2459016393442623	0.3007349454717876	0.2540816326530612	0.2785776887442093	0.20054368702538192	0.20187609927692007	0.08139534883720931	0.2703970557744143	0.21610535405872194	0.19585375816993464	0.0625	0.25859854431283	0.08974358974358974	0.2388773483689821
de	0.05172413793103448	0.06779661016949153	0.12001118333682811	0.06140350877192982	0.23432794963044073	1.0	0.18548387096774194	0.1809065914136065	0.30602240896358546	0.3109088746133714	0.2592838196286472	0.16911764705882354	0.24272164044081362	0.24585392269681175	0.248831584795895	0.2894878706199461	0.2403846153846154	0.1271186440677966	0.1405683447170925	0.13551673944687045	0.12243225524475525	0.30123368068032097	0.29477310525065337	0.3047839506172839	0.2560174342961228	0.2629882092851879	0.15004098360655738	0.06557377049180328	0.267239010989011	0.19595064303093498	0.23281059771580961	0.07936507936507936	0.21761675824175825	0.07017543859649122	0.28566492070420485
el	0.125	0.15517241379310345	0.08571428571428572	0.08333333333333333	0.20212765957446807	0.18548387096774194	1.0	0.08974358974358974	0.14814814814814814	0.13043478260869565	0.18867924528301888	0.20454545454545456	0.19715007215007213	0.15671641791044777	0.13953488372093023	0.17647058823529413	0.15384615384615385	0.18181818181818182	0.15714285714285714	0.21212121212121213	0.17567567567567569	0.16393442622950818	0.17045454545454544	0.1935483870967742	0.1875	0.14534883720930233	0.17567567567567569	0.07142857142857142	0.1917605633802817	0.22995049504950496	0.14285714285714285	0.14705882352941177	0.2111111111111111	0.14285714285714285	0.1619718309859155
en	0.022435897435897436	0.03205128205128205	0.04409532483302975	0.022435897435897436	0.12298534798534798	0.1809065914136065	0.08974358974358974	1.0	0.2342306540419748	0.27269225155875054	0.14464971753446657	0.10928414831760556	0.10842566524384706	0.19684541210349493	0.2226605569015766	0.2024419968267838	0.16441637076638477	0.05448717948717949	0.05445204254761177	0.06120418436369356	0.07199650003804306	0.16682386458466755	0.15998944528271034	0.1804165868466424	0.12270783588495092	0.24653941376349403	0.07051282051282051	0.038461538461538464	0.13629359878681638	0.09764816773184974	0.2139683734939759	0.051909797672509535	0.1156923076923077	0.02564102564102564	0.19878355704697986
es	0.052917232021709636	0.057692307692307696	0.08441558441558442	0.038461538461538464	0.20987654320987653	0.30602240896358546	0.14814814814814814	0.2342306540419748	1.0	0.3376560999039385	0.23003663003663005	0.14534883720930233	0.22564935064935063	0.2326604121293349	0.25	0.25806451612903225	0.23626373626373626	0.10256410256410256	0.09375	0.1	0.0963855421686747	0.30101626016260163	0.2527027027027027	0.29655667144906744	0.19686944499308712	0.3014245014245014	0.11875	0.05625	0.22248838559814169	0.16374058040724707	0.2072072072072072	0.060240963855421686	0.19753086419753085	0.05194805194805195	0.29090459713297084
fr	0.03977272727272727	0.05056179775280899	0.07664141414141415	0.03977272727272727	0.19747565096402306	0.3109088746133714	0.13043478260869565	0.27269225155875054	0.3376560999039385	1.0	0.23004258180188256	0.14210526315789473	0.1961848635235732	0.24730688935281836	0.23620689655172414	0.25515621267220556	0.2635615552903739	0.0898876404494382	0.09874186393222065	0.10409978598180845	0.11364275668073136	0.2609216589861751	0.24169647419519671	0.25837778362475183	0.18763161154465502	0.2833596837944664	0.11273448773448773	0.05555555555555555	0.20159847654221247	0.14655369165810794	0.1895728081932845	0.06521739130434782	0.1754190675746464	0.045454545454545456	0.30383949564633234
he	0.06760973580195548	0.1111111111111111	0.1435433968409054	0.06521739130434782	0.2803428428428429	0.2592838196286472	0.18867924528301888	0.14464971753446657	0.23003663003663005	0.23004258180188256	1.0	0.16482683982683982	0.2578864353312303	0.2537974683544304	0.1900420757363254	0.20954045954045955	0.21281094527363184	0.176316889632107	0.1451093951093951	0.11538461538461539	0.09983766233766234	0.2615384615384615	0.23798718008702568	0.3322532168686015	0.24487370994024987	0.23445958558894903	0.1882396794334172	0.07	0.25862068965517243	0.2030060882800609	0.15918008388580707	0.05454545454545454	0.26826616973367495	0.07608695652173914	0.25343705799151345
hi	0.05405405405405406	0.12626262626262624	0.1282249742002064	0.08571428571428572	0.1830331618067467	0.16911764705882354	0.20454545454545456	0.10928414831760556	0.14534883720930233	0.14210526315789473	0.16482683982683982	1.0	0.1836734693877551	0.19560124934929723	0.1264492100678801	0.17123287671232876	0.1529940119760479	0.1891891891891892	0.15	0.21621621621621623	0.3110294117647059	0.13970588235294118	0.16472317491425773	0.14788732394366197	0.16666666666666666	0.1444051304732419	0.1511627906976744	0.08974358974358974	0.1834363047955281	0.17063492063492064	0.14273254322507825	0.23529411764705882	0.17983367983367982	0.08333333333333333	0.14192654192654192
hu	0.113997113997114	0.11428571428571428	0.19538950715421305	0.08823529411764706	0.316034771679933	0.24272164044081362	0.19715007215007213	0.10842566524384706	0.22564935064935063	0.1961848635235732	0.2578864353312303	0.1836734693877551	1.0	0.20206843595527188	0.16467893872612566	0.21032429329889513	0.2222222222222222	0.21825396825396826	0.2000587544065805	0.15602409638554215	0.14850349358640108	0.25994152046783625	0.2735729228930066	0.24150455552819503	0.2944137507673419	0.20246266238548324	0.25054251331623595	0.09210526315789473	0.2917757417102967	0.24691220652052964	0.17753708040593286	0.056818181818181816	0.2371289729445758	0.12121212121212122	0.23824228582082596
id	0.058333333333333334	0.07377049180327869	0.09246907591559544	0.04918032786885246	0.22058823529411764	0.24585392269681175	0.15671641791044777	0.19684541210349493	0.2326604121293349	0.24730688935281836	0.2537974683544304	0.19560124934929723	0.20206843595527188	1.0	0.19077811429703642	0.24531545470173627	0.24045245398773007	0.13114754098360656	0.12136243386243385	0.11924511316872428	0.12790108442282355	0.21909612341772153	0.22107371794871794	0.24192477876106194	0.22644761029411764	0.24892389807162535	0.13076923076923078	0.05384615384615385	0.2077991452991453	0.16348884381338744	0.1679721496953873	0.08703084355258268	0.2542194092827004	0.06666666666666667	0.2818447514004384
it	0.03614457831325301	0.047619047619047616	0.07687631258980877	0.03614457831325301	0.18383431085043989	0.248831584795895	0.13953488372093023	0.2226605569015766	0.25	0.23620689655172414	0.1900420757363254	0.1264492100678801	0.16467893872612566	0.19077811429703642	1.0	0.2831174838112859	0.19854609929078015	0.0963855421686747	0.09821428571428571	0.0966817496229261	0.08822223209130879	0.23061414392059554	0.22826086956521738	0.23259132420091322	0.21066704193639177	0.2557471264367816	0.11176470588235295	0.05952380952380952	0.18056351231706683	0.1511627906976744	0.29091227149479576	0.056818181818181816	0.19674922600619196	0.04878048780487805	0.22068875440811528
ja	0.046153846153846156	0.06060606060606061	0.09307359307359307	0.046153846153846156	0.204064919594997	0.2894878706199461	0.17647058823529413	0.2024419968267838	0.25806451612903225	0.25515621267220556	0.20954045954045955	0.17123287671232876	0.21032429329889513	0.24531545470173627	0.2831174838112859	1.0	0.26582278481012656	0.11363636363636363	0.12121212121212122	0.12319086386250565	0.1169035153328347	0.24050632911392406	0.23417721518987342	0.21982097186700766	0.22171121969914726	0.2330847025721339	0.13720731010850942	0.06716417910447761	0.24360328638497653	0.17704654895666133	0.2422680412371134	0.07971014492753623	0.25757575757575757	0.0625	0.26801166747690813
ko	0.06490001226843332	0.07758620689655173	0.0857487922705314	0.05172413793103448	0.2196969696969697	0.2403846153846154	0.15384615384615385	0.16441637076638477	0.23626373626373626	0.2635615552903739	0.21281094527363184	0.1529940119760479	0.2222222222222222	0.24045245398773007	0.19854609929078015	0.26582278481012656	1.0	0.13793103448275862	0.13879834854411124	0.09375	0.10473484848484849	0.20512820512820512	0.20970791660446833	0.20987654320987653	0.1909310496267018	0.20941812491108266	0.15407693131897568	0.075	0.24371952120585194	0.15362054357035781	0.18132341184429002	0.05303030303030303	0.23809523809523808	0.07017543859649122	0.31690283400809716
lv	0.13157894736842105	0.21052631578947367	0.2206959706959707	0.16666666666666666	0.2236842105263158	0.1271186440677966	0.18181818181818182	0.05448717948717949	0.10256410256410256	0.0898876404494382	0.176316889632107	0.1891891891891892	0.21825396825396826	0.13114754098360656	0.0963855421686747	0.11363636363636363	0.13793103448275862	1.0	0.2608695652173913	0.16666666666666666	0.15442477876106195	0.14814814814814814	0.16346153846153846	0.14984119782214156	0.2236842105263158	0.10408749090321015	0.3216666666666667	0.10416666666666667	0.17795217355575643	0.2630150111785372	0.10882731958762887	0.08928571428571429	0.21621621621621623	0.15789473684210525	0.12034638130104196
mk	0.15789473684210525	0.13636363636363635	0.151268115942029	0.125	0.16666666666666666	0.1405683447170925	0.15714285714285714	0.05445204254761177	0.09375	0.09874186393222065	0.1451093951093951	0.15	0.2000587544065805	0.12136243386243385	0.09821428571428571	0.12121212121212122	0.13879834854411124	0.2608695652173913	1.0	0.1452839756592292	0.10999761393462182	0.16350496838301717	0.15504469987228608	0.12596286786490224	0.2	0.09733308114242481	0.24074074074074073	0.1	0.15892255892255894	0.23604465709728867	0.09036144578313253	0.06666666666666667	0.19230769230769232	0.2222222222222222	0.12041458649880617
ml	0.11904761904761904	0.14063886424134872	0.09259259259259259	0.11904761904761904	0.1401360544217687	0.13551673944687045	0.21212121212121213	0.06120418436369356	0.1	0.10409978598180845	0.11538461538461539	0.21621621621621623	0.15602409638554215	0.11924511316872428	0.0966817496229261	0.12319086386250565	0.09375	0.16666666666666666	0.1452839756592292	1.0	0.27250429237184204	0.1206896551724138	0.14569327731092435	0.11370178468624063	0.15690158465387824	0.10861778339654446	0.12121212121212122	0.09615384615384616	0.14138429209351194	0.15912533131389625	0.09141337386018238	0.2693441414885777	0.125	0.14285714285714285	0.09203216374269006
mr	0.08	0.11538461538461539	0.08898305084745763	0.10416666666666667	0.11466035689638174	0.12243225524475525	0.17567567567567569	0.07199650003804306	0.0963855421686747	0.11364275668073136	0.09983766233766234	0.3110294117647059	0.14850349358640108	0.12790108442282355	0.08822223209130879	0.1169035153328347	0.10473484848484849	0.15442477876106195	0.10999761393462182	0.27250429237184204	1.0	0.10483870967741936	0.12318840579710146	0.09899905235726131	0.13095238095238096	0.11890334023056459	0.12857142857142856	0.11177248677248677	0.12157376039421004	0.12404761904761905	0.09472393608606233	0.26	0.10416666666666667	0.1	0.09227564102564102
nl	0.0660377358490566	0.07272727272727272	0.12256149279050042	0.05555555555555555	0.2459016393442623	0.30123368068032097	0.16393442622950818	0.16682386458466755	0.30101626016260163	0.2609216589861751	0.2615384615384615	0.13970588235294118	0.25994152046783625	0.21909612341772153	0.23061414392059554	0.24050632911392406	0.20512820512820512	0.14814814814814814	0.16350496838301717	0.1206896551724138	0.10483870967741936	1.0	0.2662459093034128	0.2626894315399378	0.25833333333333336	0.2486691778476481	0.19444444444444445	0.07017543859649122	0.24032738095238096	0.21313009024873433	0.20945484063915235	0.056451612903225805	0.2343158890290038	0.07547169811320754	0.23800432735140636
pl	0.0710670908039329	0.08884266825137424	0.140625	0.05660377358490566	0.3007349454717876	0.29477310525065337	0.17045454545454544	0.15998944528271034	0.2527027027027027	0.24169647419519671	0.23798718008702568	0.16472317491425773	0.2735729228930066	0.22107371794871794	0.22826086956521738	0.23417721518987342	0.20970791660446833	0.16346153846153846	0.15504469987228608	0.14569327731092435	0.12318840579710146	0.2662459093034128	1.0	0.24508826169342776	0.2839265850945495	0.25240384615384615	0.17272727272727273	0.07142857142857142	0.2626903553299492	0.21377728566909204	0.2161290322580645	0.06666666666666667	0.22131147540983606	0.07692307692307693	0.22732469512195122
pt	0.0603448275862069	0.07627118644067797	0.1158458586504637	0.05084745762711865	0.2540816326530612	0.3047839506172839	0.1935483870967742	0.1804165868466424	0.29655667144906744	0.25837778362475183	0.3322532168686015	0.14788732394366197	0.24150455552819503	0.24192477876106194	0.23259132420091322	0.21982097186700766	0.20987654320987653	0.14984119782214156	0.12596286786490224	0.11370178468624063	0.09899905235726131	0.2626894315399378	0.24508826169342776	1.0	0.2667356797791581	0.2967431263915497	0.16971544715447154	0.06451612903225806	0.2663003663003663	0.20967741935483872	0.20303030303030303	0.06060606060606061	0.21478078658929722	0.06896551724137931	0.27147439483793967
ro	0.09210526315789473	0.1	0.1450187969924812	0.07692307692307693	0.2785776887442093	0.2560174342961228	0.1875	0.12270783588495092	0.19686944499308712	0.18763161154465502	0.24487370994024987	0.16666666666666666	0.2944137507673419	0.22644761029411764	0.21066704193639177	0.22171121969914726	0.1909310496267018	0.2236842105263158	0.2	0.15690158465387824	0.13095238095238096	0.25833333333333336	0.2839265850945495	0.2667356797791581	1.0	0.213177135260884	0.21428571428571427	0.06818181818181818	0.2241165362827084	0.2759119861030689	0.19411764705882353	0.0625	0.2598639455782313	0.10526315789473684	0.19418657565415245
ru	0.04216867469879518	0.05357142857142857	0.08669314128020462	0.03571428571428571	0.20054368702538192	0.2629882092851879	0.14534883720930233	0.24653941376349403	0.3014245014245014	0.2833596837944664	0.23445958558894903	0.1444051304732419	0.20246266238548324	0.24892389807162535	0.2557471264367816	0.2330847025721339	0.20941812491108266	0.10408749090321015	0.09733308114242481	0.10861778339654446	0.11890334023056459	0.2486691778476481	0.25240384615384615	0.2967431263915497	0.213177135260884	1.0	0.11925996204933587	0.058823529411764705	0.22985880398671096	0.16219867630092902	0.23632628444343926	0.06896551724137931	0.19335747110430304	0.04990509985146064	0.2568515813262414
sh	0.13043478260869565	0.16666666666666666	0.1537037037037037	0.10416666666666667	0.20187609927692007	0.15004098360655738	0.17567567567567569	0.07051282051282051	0.11875	0.11273448773448773	0.1882396794334172	0.1511627906976744	0.25054251331623595	0.13076923076923078	0.11176470588235295	0.13720731010850942	0.15407693131897568	0.3216666666666667	0.24074074074074073	0.12121212121212122	0.12857142857142856	0.19444444444444445	0.17272727272727273	0.16971544715447154	0.21428571428571427	0.11925996204933587	1.0	0.12962962962962962	0.18647179788484136	0.3125	0.10714285714285714	0.058823529411764705	0.21551379448220712	0.15217391304347827	0.14983660130718954
si	0.027777777777777776	0.1111111111111111	0.043478260869565216	0.058823529411764705	0.08139534883720931	0.06557377049180328	0.07142857142857142	0.038461538461538464	0.05625	0.05555555555555555	0.07	0.08974358974358974	0.09210526315789473	0.05384615384615385	0.05952380952380952	0.06716417910447761	0.075	0.10416666666666667	0.1	0.09615384615384616	0.11177248677248677	0.07017543859649122	0.07142857142857142	0.06451612903225806	0.06818181818181818	0.058823529411764705	0.12962962962962962	1.0	0.07787907121707964	0.08333333333333333	0.05421686746987952	0.08333333333333333	0.07142857142857142	0.05555555555555555	0.07352941176470588
simple	0.07318295739348371	0.09302325581395349	0.12683284457478006	0.05813953488372093	0.2703970557744143	0.267239010989011	0.1917605633802817	0.13629359878681638	0.22248838559814169	0.20159847654221247	0.25862068965517243	0.1834363047955281	0.2917757417102967	0.2077991452991453	0.18056351231706683	0.24360328638497653	0.24371952120585194	0.17795217355575643	0.15892255892255894	0.14138429209351194	0.12157376039421004	0.24032738095238096	0.2626903553299492	0.2663003663003663	0.2241165362827084	0.22985880398671096	0.18647179788484136	0.07787907121707964	1.0	0.2354487000279564	0.17655122655122654	0.08336275686745286	0.24510159651669086	0.08333333333333333	0.26696542893725994
sr	0.12656765676567658	0.125	0.12343205574912891	0.0967741935483871	0.21610535405872194	0.19595064303093498	0.22995049504950496	0.09764816773184974	0.16374058040724707	0.14655369165810794	0.2030060882800609	0.17063492063492064	0.24691220652052964	0.16348884381338744	0.1511627906976744	0.17704654895666133	0.15362054357035781	0.2630150111785372	0.23604465709728867	0.15912533131389625	0.12404761904761905	0.21313009024873433	0.21377728566909204	0.20967741935483872	0.2759119861030689	0.16219867630092902	0.3125	0.08333333333333333	0.2354487000279564	1.0	0.125	0.08974358974358974	0.22104093938432243	0.13333333333333333	0.17930837054849422
sv	0.037037037037037035	0.0625	0.08318050193050193	0.037037037037037035	0.19585375816993464	0.23281059771580961	0.14285714285714285	0.2139683734939759	0.2072072072072072	0.1895728081932845	0.15918008388580707	0.14273254322507825	0.17753708040593286	0.1679721496953873	0.29091227149479576	0.2422680412371134	0.18132341184429002	0.10882731958762887	0.09036144578313253	0.09141337386018238	0.09472393608606233	0.20945484063915235	0.2161290322580645	0.20303030303030303	0.19411764705882353	0.23632628444343926	0.10714285714285714	0.05421686746987952	0.17655122655122654	0.125	1.0	0.05813953488372093	0.17659251769464104	0.043209876543209874	0.19150410404008103
te	0.075	0.09090909090909091	0.037037037037037035	0.10526315789473684	0.0625	0.07936507936507936	0.14705882352941177	0.051909797672509535	0.060240963855421686	0.06521739130434782	0.05454545454545454	0.23529411764705882	0.056818181818181816	0.08703084355258268	0.056818181818181816	0.07971014492753623	0.05303030303030303	0.08928571428571429	0.06666666666666667	0.2693441414885777	0.26	0.056451612903225805	0.06666666666666667	0.06060606060606061	0.0625	0.06896551724137931	0.058823529411764705	0.08333333333333333	0.08336275686745286	0.08974358974358974	0.05813953488372093	1.0	0.06521739130434782	0.1	0.05405405405405406
vi	0.09722222222222222	0.12162162162162163	0.1282051282051282	0.08108108108108109	0.25859854431283	0.21761675824175825	0.2111111111111111	0.1156923076923077	0.19753086419753085	0.1754190675746464	0.26826616973367495	0.17983367983367982	0.2371289729445758	0.2542194092827004	0.19674922600619196	0.25757575757575757	0.23809523809523808	0.21621621621621623	0.19230769230769232	0.125	0.10416666666666667	0.2343158890290038	0.22131147540983606	0.21478078658929722	0.2598639455782313	0.19335747110430304	0.21551379448220712	0.07142857142857142	0.24510159651669086	0.22104093938432243	0.17659251769464104	0.06521739130434782	1.0	0.1111111111111111	0.23034134007585333
war	0.3333333333333333	0.14285714285714285	0.08333333333333333	0.125	0.08974358974358974	0.07017543859649122	0.14285714285714285	0.02564102564102564	0.05194805194805195	0.045454545454545456	0.07608695652173914	0.08333333333333333	0.12121212121212122	0.06666666666666667	0.04878048780487805	0.0625	0.07017543859649122	0.15789473684210525	0.2222222222222222	0.14285714285714285	0.1	0.07547169811320754	0.07692307692307693	0.06896551724137931	0.10526315789473684	0.04990509985146064	0.15217391304347827	0.05555555555555555	0.08333333333333333	0.13333333333333333	0.043209876543209874	0.1	0.1111111111111111	1.0	0.06060606060606061
zh	0.05586584178266598	0.06811656005685857	0.08511247138449289	0.04477611940298507	0.2388773483689821	0.28566492070420485	0.1619718309859155	0.19878355704697986	0.29090459713297084	0.30383949564633234	0.25343705799151345	0.14192654192654192	0.23824228582082596	0.2818447514004384	0.22068875440811528	0.26801166747690813	0.31690283400809716	0.12034638130104196	0.12041458649880617	0.09203216374269006	0.09227564102564102	0.23800432735140636	0.22732469512195122	0.27147439483793967	0.19418657565415245	0.2568515813262414	0.14983660130718954	0.07352941176470588	0.26696542893725994	0.17930837054849422	0.19150410404008103	0.05405405405405406	0.23034134007585333	0.06060606060606061	1.0
