arz	bs	ceb	ckb	da	de	el	en	es	fr	he	hi	hu	id	it	ja	ko	lv	mk	ml	mr	nl	pl	pt	ro	ru	sh	si	simple	sr	sv	te	vi	war	zh
arz	1.0	0.023472922073332052	0.0	0.07142857142857142	0.022404428146132763	0.01206140350877193	0.0302652750698062	0.009795132614453634	0.008976660682226212	0.013112784350071202	0.030303030303030304	0.05263157894736842	0.015881560672187975	0.03475794300262386	0.009823182711198428	0.01607142857142857	0.020051072522982636	0.038397460077958	0.07142857142857142	0.075	0.08943089430894309	0.008257378360471143	0.013155497976339487	0.017084282460136675	0.018001131663968533	0.015094391597260533	0.07142857142857142	0.04054054054054054	0.055565862708719854	0.02	0.019148936170212766	0.0	0.023668639053254437	0.07352941176470588	0.018041113458752756
bs	0.023472922073332052	1.0	0.0	0.03424657534246575	0.1978904470813856	0.08218714466306382	0.16683760056228458	0.044212198895764644	0.060799542842425516	0.06970163788009481	0.2373140306191329	0.020833333333333332	0.1324682746768091	0.28957336780866194	0.07342253227703978	0.11645850119163509	0.11662905442142137	0.3497817338517154	0.10640533175744443	0.027616270348436025	0.04902920962199313	0.0649650545313159	0.1005403750668086	0.06757174392935983	0.10965413129563677	0.10889697572509786	0.059095438127696194	0.059322033898305086	0.11448274535451852	0.32017935732136144	0.15066188453633136	0.0	0.09328902737240673	0.10185185185185185	0.10552235813392333
ceb	0.0	0.0	0.5	0.0	0.0031645569620253164	0.002036659877800407	0.0058823529411764705	0.0013623978201634877	0.0019342359767891683	0.0019011406844106464	0.004464285714285714	0.006578947368421052	0.006024096385542169	0.0027247956403269754	0.00196078431372549	0.0032679738562091504	0.0034129692832764505	0.006024096385542169	0.004629629629629629	0.0	0.018867924528301886	0.0031446540880503146	0.0026109660574412533	0.002398081534772182	0.005988023952095809	0.0016051364365971107	0.004149377593360996	0.0	0.010869565217391304	0.0015873015873015873	0.0037313432835820895	0.0	0.00510204081632653	0.0	0.003472222222222222
ckb	0.07142857142857142	0.03424657534246575	0.0	1.0	0.016778523489932886	0.0066815144766146995	0.015659169242626156	0.003667481662591687	0.00546448087431694	0.006622516556291391	0.02032520325203252	0.14285714285714285	0.01020408163265306	0.023148148148148147	0.005988023952095809	0.009191176470588236	0.010255274424707939	0.046296296296296294	0.08333333333333333	0.2857142857142857	0.22727272727272727	0.00558659217877095	0.008928571428571428	0.006880733944954129	0.010033444816053512	0.009202453987730062	0.05555555555555555	0.0625	0.027472527472527472	0.028735632183908046	0.01327433628318584	0.0	0.015625	0.15	0.009146341463414634
da	0.022404428146132763	0.1978904470813856	0.0031645569620253164	0.016778523489932886	1.0	0.12489169236441644	0.20250241636718175	0.09077264199215418	0.10614306248268218	0.12335932838398558	0.2192351252272569	0.010135135135135136	0.1834786019197165	0.22512062726176116	0.1299516324743368	0.15338957016360463	0.15730126077947296	0.18541016183806242	0.05329213796955733	0.013422818791946308	0.028410852713178295	0.12282051859628418	0.14297804769826516	0.10297705711455488	0.12005444802526948	0.1446494750842577	0.02258064516129032	0.040372670807453416	0.1476962514148745	0.1832862038183546	0.23898847143495072	0.0	0.128977804413883	0.050955414012738856	0.1574474470315018
de	0.01206140350877193	0.08218714466306382	0.002036659877800407	0.0066815144766146995	0.12489169236441644	1.0	0.180599808694922	0.2655996093054054	0.2955092459951741	0.3167102642974794	0.12976102786316182	0.0033407572383073497	0.24263486587759472	0.10587487893021172	0.3100582769897239	0.25892322759671366	0.18677699705745598	0.058880913002175676	0.022252592200688148	0.005567928730512249	0.010119684034149845	0.2844697341362139	0.2702874504445512	0.2311603282943379	0.2280118915661294	0.28576958159375343	0.01452449567723343	0.013131313131313131	0.08991459653978082	0.08643537560743787	0.16324688467064544	0.0	0.09819003843137233	0.01524390243902439	0.2686411440479226
el	0.0302652750698062	0.16683760056228458	0.0058823529411764705	0.015659169242626156	0.20250241636718175	0.180599808694922	1.0	0.11707160118738508	0.15285119477758338	0.17909761850571523	0.2522257623971889	0.007772020725388601	0.21551932889388567	0.2006784365122196	0.1767272023159012	0.23661852166525063	0.2063961782384122	0.1489284347493303	0.05218784838350055	0.01306841619594219	0.02376444576785015	0.1495437696624349	0.21162775751046692	0.15714692687426546	0.20859538442971887	0.2277688117422151	0.022727272727272728	0.03428571428571429	0.14679684081019262	0.1578191279471244	0.19331792759451027	0.0	0.11526115261152611	0.03757225433526012	0.20985875767723144
en	0.009795132614453634	0.044212198895764644	0.0013623978201634877	0.003667481662591687	0.09077264199215418	0.2655996093054054	0.11707160118738508	1.0	0.3076788408882099	0.26980596223800346	0.07495103206690248	0.0018337408312958435	0.15158548855222384	0.06634920200632455	0.3004032684798067	0.16611222835680473	0.12855189084917296	0.03307674012038006	0.01282051282051282	0.003075766731795663	0.005552980467217175	0.26710984716934133	0.2016147020707811	0.19838339565742724	0.1497292987537952	0.19672373524180936	0.007936507936507936	0.011580381471389645	0.054412438987383495	0.05356640067634049	0.1363570424696703	0.0	0.09828459228820254	0.010899182561307902	0.20089864520776082
es	0.008976660682226212	0.060799542842425516	0.0019342359767891683	0.00546448087431694	0.10614306248268218	0.2955092459951741	0.15285119477758338	0.3076788408882099	1.0	0.3029541980138429	0.11054057721989516	0.00273224043715847	0.20329430174832722	0.08616195942094569	0.3441232060361627	0.22128781751304716	0.16338160551416833	0.04928547467292855	0.019090909090909092	0.004553734061930784	0.007696209353378929	0.2526072393752066	0.24983427439679445	0.256035860641531	0.1940060577076359	0.2678519960690941	0.010889292196007259	0.013461538461538462	0.07258064516129033	0.06879865337912053	0.13395885469662386	0.0	0.08189178614068002	0.015473887814313346	0.24157141410738414
fr	0.013112784350071202	0.06970163788009481	0.0019011406844106464	0.006622516556291391	0.12335932838398558	0.3167102642974794	0.17909761850571523	0.26980596223800346	0.3029541980138429	1.0	0.1339786463949776	0.0033112582781456954	0.24859442700993825	0.10159992419749361	0.3340609443486934	0.2554526806149351	0.19075305196468997	0.05919319461703565	0.021017171882234387	0.005539215785865419	0.008893370533679472	0.2576682326271794	0.26635072297477724	0.25532489202474	0.25222114239929033	0.27861327567581656	0.009855997967088949	0.015180265654648957	0.08149297867733052	0.07610302997800363	0.15019063404467276	0.0	0.09310275005143136	0.015209125475285171	0.2336797483536349
he	0.030303030303030304	0.2373140306191329	0.004464285714285714	0.02032520325203252	0.2192351252272569	0.12976102786316182	0.2522257623971889	0.07495103206690248	0.11054057721989516	0.1339786463949776	1.0	0.012295081967213115	0.1791591760705235	0.24717687255389278	0.11991064249068485	0.1956740428878581	0.18574470763485304	0.2414235372436649	0.07278726708074534	0.016260162601626018	0.0332840563081947	0.106003033592817	0.1694612277714435	0.12295522817655812	0.16549026397364008	0.18580427546950923	0.03142319016279875	0.02850877192982456	0.18118324461608043	0.229822398758161	0.1811217370320631	0.0	0.10339154298129874	0.03333333333333333	0.17215632194541858
hi	0.05263157894736842	0.020833333333333332	0.006578947368421052	0.14285714285714285	0.010135135135135136	0.0033407572383073497	0.007772020725388601	0.0018337408312958435	0.00273224043715847	0.0033112582781456954	0.012295081967213115	1.0	0.006214502279977255	0.014018691588785047	0.0029940119760479044	0.003676470588235294	0.005153233608381409	0.02856421627828704	0.06818181818181818	0.16666666666666666	0.09090909090909091	0.002793296089385475	0.004464285714285714	0.0034403669724770644	0.005016722408026756	0.004601226993865031	0.03125	0.05421686746987952	0.016666666666666666	0.01744186046511628	0.00663716814159292	0.0	0.009433962264150943	0.06172839506172839	0.004650486333995858
hu	0.015881560672187975	0.1324682746768091	0.006024096385542169	0.01020408163265306	0.1834786019197165	0.24263486587759472	0.21551932889388567	0.15158548855222384	0.20329430174832722	0.24859442700993825	0.1791591760705235	0.006214502279977255	1.0	0.17067375678372654	0.23694868122135962	0.24660574412532638	0.17069256407409583	0.11467151226958786	0.04098183962086207	0.010245901639344262	0.01876628310898828	0.20089546479925363	0.24146485658669736	0.21637700364682147	0.2611119346176948	0.23857512741434145	0.014011041228644156	0.03197674418604651	0.11225169388434696	0.12901225917305417	0.18440504489556758	0.0	0.132074948840382	0.03529411764705882	0.1964378264477745
id	0.03475794300262386	0.28957336780866194	0.0027247956403269754	0.023148148148148147	0.22512062726176116	0.10587487893021172	0.2006784365122196	0.06634920200632455	0.08616195942094569	0.10159992419749361	0.24717687255389278	0.014018691588785047	0.17067375678372654	1.0	0.09754718561536743	0.17494322857741124	0.17185464837284914	0.28159286877441514	0.07416220438043168	0.018709796253790132	0.038954584049537146	0.08765029112346656	0.12991905740241094	0.09987061187567434	0.13467287019137336	0.14792970005303246	0.03577903739999595	0.01891891891891892	0.1487687062868753	0.24642233143473138	0.15867830585405254	0.0	0.13891992551210428	0.021798365122615803	0.15351656794846966
it	0.009823182711198428	0.07342253227703978	0.00196078431372549	0.005988023952095809	0.1299516324743368	0.3100582769897239	0.1767272023159012	0.3004032684798067	0.3441232060361627	0.3340609443486934	0.11991064249068485	0.0029940119760479044	0.23694868122135962	0.09754718561536743	1.0	0.24712670614449056	0.1782676862819077	0.054693228940494186	0.021045283726473858	0.00499001996007984	0.008016844061518558	0.2652379757703061	0.2848140019375226	0.2504786358574432	0.21191070461639241	0.2788484045920574	0.012948207171314742	0.011650485436893204	0.08182181258665172	0.07665229483452594	0.1555553303589364	0.0	0.10098384115437363	0.013671875	0.2539086667125565
ja	0.01607142857142857	0.11645850119163509	0.0032679738562091504	0.009191176470588236	0.15338957016360463	0.25892322759671366	0.23661852166525063	0.16611222835680473	0.22128781751304716	0.2554526806149351	0.1956740428878581	0.003676470588235294	0.24660574412532638	0.17494322857741124	0.24712670614449056	1.0	0.23917329440585255	0.09695607763023494	0.029118659704369446	0.007433159369956871	0.01293278100216064	0.19674349760170753	0.24254829863593938	0.21432876625771247	0.23089150222494864	0.2927152773186023	0.01638439905887594	0.020967741935483872	0.12280986407936716	0.11317595298289392	0.18870517242615684	0.0	0.1349316240645954	0.024429967426710098	0.27305081750467985
ko	0.020051072522982636	0.11662905442142137	0.0034129692832764505	0.010255274424707939	0.15730126077947296	0.18677699705745598	0.2063961782384122	0.12855189084917296	0.16338160551416833	0.19075305196468997	0.18574470763485304	0.005153233608381409	0.17069256407409583	0.17185464837284914	0.1782676862819077	0.23917329440585255	1.0	0.09362625929120147	0.032393036051572635	0.008605765983330583	0.015457861804527368	0.14278013191089717	0.18677356259017586	0.1675468864978819	0.169091175608326	0.20808034664675773	0.015050167224080268	0.02364864864864865	0.12363045625305753	0.11211928246756815	0.1612644432968439	0.0	0.10087286573639154	0.027303754266211604	0.21224271664648953
lv	0.038397460077958	0.3497817338517154	0.006024096385542169	0.046296296296296294	0.18541016183806242	0.058880913002175676	0.1489284347493303	0.03307674012038006	0.04928547467292855	0.05919319461703565	0.2414235372436649	0.02856421627828704	0.11467151226958786	0.28159286877441514	0.054693228940494186	0.09695607763023494	0.09362625929120147	1.0	0.11855734379676122	0.037298954271191044	0.08126764539808018	0.05033752752380706	0.08190869844106985	0.06061812016537121	0.09194849787510172	0.08588695310886438	0.06857786016949152	0.0625	0.1292080958062663	0.3323562535891303	0.11723323248461773	0.0	0.07993074495962352	0.08333333333333333	0.0846042832591548
mk	0.07142857142857142	0.10640533175744443	0.004629629629629629	0.08333333333333333	0.05329213796955733	0.022252592200688148	0.05218784838350055	0.01282051282051282	0.019090909090909092	0.021017171882234387	0.07278726708074534	0.06818181818181818	0.04098183962086207	0.07416220438043168	0.021045283726473858	0.029118659704369446	0.032393036051572635	0.11855734379676122	1.0	0.08695652173913043	0.12633352049410446	0.0196570948243544	0.03143563546782079	0.025458269323860458	0.03536789753372394	0.029060587989586318	0.08064516129032258	0.025423728813559324	0.06565656565656566	0.09719734397520599	0.0393429746338308	0.0	0.03304259634888439	0.049107142857142856	0.03399516072507103
ml	0.075	0.027616270348436025	0.0	0.2857142857142857	0.013422818791946308	0.005567928730512249	0.01306841619594219	0.003075766731795663	0.004553734061930784	0.005539215785865419	0.016260162601626018	0.16666666666666666	0.010245901639344262	0.018709796253790132	0.00499001996007984	0.007433159369956871	0.008605765983330583	0.037298954271191044	0.08695652173913043	1.0	0.25	0.004671123366647981	0.00744047619047619	0.005733944954128441	0.00838849435532591	0.007668711656441718	0.058823529411764705	0.043478260869565216	0.027777777777777776	0.022988505747126436	0.00881057268722467	0.0	0.0125	0.06060606060606061	0.007621951219512195
mr	0.08943089430894309	0.04902920962199313	0.018867924528301886	0.22727272727272727	0.028410852713178295	0.010119684034149845	0.02376444576785015	0.005552980467217175	0.007696209353378929	0.008893370533679472	0.0332840563081947	0.09090909090909091	0.01876628310898828	0.038954584049537146	0.008016844061518558	0.01293278100216064	0.015457861804527368	0.08126764539808018	0.12633352049410446	0.25	1.0	0.008395519357908898	0.01368801190918649	0.010584377489812285	0.015190808482799977	0.01225701079884917	0.07142857142857142	0.038461538461538464	0.052898825312618414	0.047167526040765476	0.015711101927423785	0.0	0.022656094543504025	0.056451612903225805	0.013677811550151976
nl	0.008257378360471143	0.0649650545313159	0.0031446540880503146	0.00558659217877095	0.12282051859628418	0.2844697341362139	0.1495437696624349	0.26710984716934133	0.2526072393752066	0.2576682326271794	0.106003033592817	0.002793296089385475	0.20089546479925363	0.08765029112346656	0.2652379757703061	0.19674349760170753	0.14278013191089717	0.05033752752380706	0.0196570948243544	0.004671123366647981	0.008395519357908898	1.0	0.23317182166813719	0.27094882207313264	0.18457150087767477	0.23418537397393654	0.009257767712742735	0.021806853582554516	0.06805952532683948	0.06801172757976665	0.1817180615662113	0.0	0.11533541867647061	0.025157232704402517	0.22654085568998772
pl	0.013155497976339487	0.1005403750668086	0.0026109660574412533	0.008928571428571428	0.14297804769826516	0.2702874504445512	0.21162775751046692	0.2016147020707811	0.24983427439679445	0.26635072297477724	0.1694612277714435	0.004464285714285714	0.24146485658669736	0.12991905740241094	0.2848140019375226	0.24254829863593938	0.18677356259017586	0.08190869844106985	0.03143563546782079	0.00744047619047619	0.01368801190918649	0.23317182166813719	1.0	0.21974785376400546	0.21967449440760953	0.2907254689689052	0.017863586913259216	0.016795865633074936	0.1052248710688644	0.11635561729962841	0.1708402046284053	0.0	0.1009824252464752	0.020887728459530026	0.23847035341710568
pt	0.017084282460136675	0.06757174392935983	0.002398081534772182	0.006880733944954129	0.10297705711455488	0.2311603282943379	0.15714692687426546	0.19838339565742724	0.256035860641531	0.25532489202474	0.12295522817655812	0.0034403669724770644	0.21637700364682147	0.09987061187567434	0.2504786358574432	0.21432876625771247	0.1675468864978819	0.06061812016537121	0.025458269323860458	0.005733944954128441	0.010584377489812285	0.27094882207313264	0.21974785376400546	1.0	0.21182560432611397	0.21284005539300718	0.01020408163265306	0.016666666666666666	0.08202995328275672	0.07237324391151707	0.13377189469620715	0.0	0.0808708886568087	0.019184652278177457	0.19738384343727336
ro	0.018001131663968533	0.10965413129563677	0.005988023952095809	0.010033444816053512	0.12005444802526948	0.2280118915661294	0.20859538442971887	0.1497292987537952	0.1940060577076359	0.25222114239929033	0.16549026397364008	0.005016722408026756	0.2611119346176948	0.13467287019137336	0.21191070461639241	0.23089150222494864	0.169091175608326	0.09194849787510172	0.03536789753372394	0.00838849435532591	0.015190808482799977	0.18457150087767477	0.21967449440760953	0.21182560432611397	1.0	0.25116469273267356	0.01314203476182639	0.03488372093023256	0.09683005418083797	0.10098547161719205	0.1462770109614033	0.0	0.09797732906208487	0.044642857142857144	0.22298007010397175
ru	0.015094391597260533	0.10889697572509786	0.0016051364365971107	0.009202453987730062	0.1446494750842577	0.28576958159375343	0.2277688117422151	0.19672373524180936	0.2678519960690941	0.27861327567581656	0.18580427546950923	0.004601226993865031	0.23857512741434145	0.14792970005303246	0.2788484045920574	0.2927152773186023	0.20808034664675773	0.08588695310886438	0.029060587989586318	0.007668711656441718	0.01225701079884917	0.23418537397393654	0.2907254689689052	0.21284005539300718	0.25116469273267356	1.0	0.015275955171425555	0.013643659711075442	0.11194977682621476	0.10297257099373941	0.17644341841766	0.0	0.11816882412662312	0.012841091492776886	0.2815075663558883
sh	0.07142857142857142	0.059095438127696194	0.004149377593360996	0.05555555555555555	0.02258064516129032	0.01452449567723343	0.022727272727272728	0.007936507936507936	0.010889292196007259	0.009855997967088949	0.03142319016279875	0.03125	0.014011041228644156	0.03577903739999595	0.012948207171314742	0.01638439905887594	0.015050167224080268	0.06857786016949152	0.08064516129032258	0.058823529411764705	0.07142857142857142	0.009257767712742735	0.017863586913259216	0.01020408163265306	0.01314203476182639	0.015275955171425555	1.0	0.028688524590163935	0.025252525252525252	0.06895401895401895	0.017349091503365076	0.0	0.011834319526627219	0.030991735537190084	0.015060240963855422
si	0.04054054054054054	0.059322033898305086	0.0	0.0625	0.040372670807453416	0.013131313131313131	0.03428571428571429	0.011580381471389645	0.013461538461538462	0.015180265654648957	0.02850877192982456	0.05421686746987952	0.03197674418604651	0.01891891891891892	0.011650485436893204	0.020967741935483872	0.02364864864864865	0.0625	0.025423728813559324	0.043478260869565216	0.038461538461538464	0.021806853582554516	0.016795865633074936	0.016666666666666666	0.03488372093023256	0.013643659711075442	0.028688524590163935	0.5	0.061855670103092786	0.020440251572327043	0.025830258302583026	0.03225806451612903	0.035175879396984924	0.1111111111111111	0.024054982817869417
simple	0.055565862708719854	0.11448274535451852	0.010869565217391304	0.027472527472527472	0.1476962514148745	0.08991459653978082	0.14679684081019262	0.054412438987383495	0.07258064516129033	0.08149297867733052	0.18118324461608043	0.016666666666666666	0.11225169388434696	0.1487687062868753	0.08182181258665172	0.12280986407936716	0.12363045625305753	0.1292080958062663	0.06565656565656566	0.027777777777777776	0.052898825312618414	0.06805952532683948	0.1052248710688644	0.08202995328275672	0.09683005418083797	0.11194977682621476	0.025252525252525252	0.061855670103092786	1.0	0.12028200771710307	0.12225951325177964	0.0	0.08760732184250397	0.06842105263157895	0.11141645462256149
sr	0.02	0.32017935732136144	0.0015873015873015873	0.028735632183908046	0.1832862038183546	0.08643537560743787	0.1578191279471244	0.05356640067634049	0.06879865337912053	0.07610302997800363	0.229822398758161	0.01744186046511628	0.12901225917305417	0.24642233143473138	0.07665229483452594	0.11317595298289392	0.11211928246756815	0.3323562535891303	0.09719734397520599	0.022988505747126436	0.047167526040765476	0.06801172757976665	0.11635561729962841	0.07237324391151707	0.10098547161719205	0.10297257099373941	0.06895401895401895	0.020440251572327043	0.12028200771710307	1.0	0.1300567287472533	0.0	0.08024810672454943	0.022151898734177215	0.1046875
sv	0.019148936170212766	0.15066188453633136	0.0037313432835820895	0.01327433628318584	0.23898847143495072	0.16324688467064544	0.19331792759451027	0.1363570424696703	0.13395885469662386	0.15019063404467276	0.1811217370320631	0.00663716814159292	0.18440504489556758	0.15867830585405254	0.1555553303589364	0.18870517242615684	0.1612644432968439	0.11723323248461773	0.0393429746338308	0.00881057268722467	0.015711101927423785	0.1817180615662113	0.1708402046284053	0.13377189469620715	0.1462770109614033	0.17644341841766	0.017349091503365076	0.025830258302583026	0.12225951325177964	0.1300567287472533	1.0	0.0	0.17502030469346067	0.029850746268656716	0.17520463506178366
te	0.0	0.0	0.0	0.0	0.0	0.0	0.0	0.0	0.0	0.0	0.0	0.0	0.0	0.0	0.0	0.0	0.0	0.0	0.0	0.0	0.0	0.0	0.0	0.0	0.0	0.0	0.0	0.03225806451612903	0.0	0.0	0.0	0.0	0.0	0.03333333333333333	0.0
vi	0.023668639053254437	0.09328902737240673	0.00510204081632653	0.015625	0.128977804413883	0.09819003843137233	0.11526115261152611	0.09828459228820254	0.08189178614068002	0.09310275005143136	0.10339154298129874	0.009433962264150943	0.132074948840382	0.13891992551210428	0.10098384115437363	0.1349316240645954	0.10087286573639154	0.07993074495962352	0.03304259634888439	0.0125	0.022656094543504025	0.11533541867647061	0.1009824252464752	0.0808708886568087	0.09797732906208487	0.11816882412662312	0.011834319526627219	0.035175879396984924	0.08760732184250397	0.08024810672454943	0.17502030469346067	0.0	1.0	0.04081632653061224	0.12775658390633587
war	0.07352941176470588	0.10185185185185185	0.0	0.15	0.050955414012738856	0.01524390243902439	0.03757225433526012	0.010899182561307902	0.015473887814313346	0.015209125475285171	0.03333333333333333	0.06172839506172839	0.03529411764705882	0.021798365122615803	0.013671875	0.024429967426710098	0.027303754266211604	0.08333333333333333	0.049107142857142856	0.06060606060606061	0.056451612903225805	0.025157232704402517	0.020887728459530026	0.019184652278177457	0.044642857142857144	0.012841091492776886	0.030991735537190084	0.1111111111111111	0.06842105263157895	0.022151898734177215	0.029850746268656716	0.03333333333333333	0.04081632653061224	0.5	0.027777777777777776
zh	0.018041113458752756	0.10552235813392333	0.003472222222222222	0.009146341463414634	0.1574474470315018	0.2686411440479226	0.20985875767723144	0.20089864520776082	0.24157141410738414	0.2336797483536349	0.17215632194541858	0.004650486333995858	0.1964378264477745	0.15351656794846966	0.2539086667125565	0.27305081750467985	0.21224271664648953	0.0846042832591548	0.03399516072507103	0.007621951219512195	0.013677811550151976	0.22654085568998772	0.23847035341710568	0.19738384343727336	0.22298007010397175	0.2815075663558883	0.015060240963855422	0.024054982817869417	0.11141645462256149	0.1046875	0.17520463506178366	0.0	0.12775658390633587	0.027777777777777776	1.0
