arz	bs	ceb	ckb	da	de	el	en	es	fr	he	hi	hu	id	it	ja	ko	lv	mk	ml	mr	nl	pl	pt	ro	ru	sh	si	simple	sr	sv	te	tr	vi	war	zh
arz	0.029411764705882353	0.05	0.058823529411764705	0.047619047619047616	0.037037037037037035	0.0	0.0	0.0	0.0	0.0	0.037037037037037035	0.037037037037037035	0.03333333333333333	0.03125	0.0	0.0	0.0	0.03333333333333333	0.037037037037037035	0.047619047619047616	0.045454545454545456	0.0	0.0	0.0	0.038461538461538464	0.0	0.043478260869565216	0.08333333333333333	0.03125	0.041666666666666664	0.0	0.09090909090909091	0.5	0.03333333333333333	0.06666666666666667	0.0
bs	0.05	0.03039975207998664	0.058823529411764705	0.0625	0.032260145681581684	0.0	0.0	0.0	0.0	0.0	0.037037037037037035	0.041666666666666664	0.031259767578125	0.03333333333333333	0.0	0.0	0.0	0.03226014568158169	0.037037037037037035	0.05263157894736842	0.043478260869565216	0.0	0.0	0.0	0.031251953124999995	0.0	0.03333333333333333	0.09090909090909091	0.03226014568158169	0.03571428571428571	0.0	0.1	0.09093389256198346	0.03571428571428571	0.0625	0.0
ceb	0.058823529411764705	0.058823529411764705	0.03227055775234131	0.05555555555555555	0.04	0.0	0.0	0.0	0.0	0.0	0.038461538461538464	0.04	0.03571683673469388	0.034482758620689655	0.0	0.0	0.0	0.03571428571428571	0.04	0.041666666666666664	0.04	0.0	0.0	0.0	0.038461538461538464	0.0	0.04	0.08333333333333333	0.038461538461538464	0.04	0.0	0.09090909090909091	-1.0	0.03333333333333333	0.05555555555555555	0.0
ckb	0.047619047619047616	0.0625	0.05555555555555555	0.02564102564102564	0.037037037037037035	0.0	0.0	0.0	0.0	0.0	0.03571428571428571	0.034482758620689655	0.03225806451612903	0.02857142857142857	0.0	0.0	0.0	0.034482758620689655	0.03225806451612903	0.03333333333333333	0.034482758620689655	0.0	0.0	0.0	0.037037037037037035	0.0	0.037037037037037035	0.08333333333333333	0.030303030303030304	0.03571428571428571	0.0	0.07142857142857142	0.3333333333333333	0.03225806451612903	0.06666666666666667	0.0
da	0.037037037037037035	0.032260145681581684	0.04	0.037037037037037035	0.009285134703682371	0.0	0.0	0.0	0.0	0.0	0.015625	0.017857142857142856	0.014087284665740923	0.012195419393218321	0.0	0.0	0.0	0.012987012987012988	0.013888888888888888	0.02	0.020833333333333332	0.0	0.0	0.0	0.014286530612244896	0.0	0.01612955254942768	0.058823529411764705	0.014084507042253521	0.015384615384615385	0.0	0.0625	0.09090909090909091	0.013513513513513514	0.045454545454545456	0.0
de	0.0	0.0	0.0	0.0	0.0	0.5	1.0	0.5	0.5	1.0	0.0	0.0	0.0	0.0	1.0	1.0	1.0	0.0	0.0	0.0	0.0	0.0	0.0	1.0	0.0	1.0	0.0	0.0	0.0	0.0	1.0	0.0	0.05555864197530863	0.0	0.0	0.5
el	0.0	0.0	0.0	0.0	0.0	1.0	0.5	0.5	1.0	0.0	0.0	0.0	0.0	0.0	0.0	0.5	1.0	0.0	0.0	0.0	0.0	0.0	0.0	0.0	0.0	1.0	0.0	0.0	0.0	0.0	0.0	0.0	0.16666666666666666	0.0	0.0	1.0
en	0.0	0.0	0.0	0.0	0.0	0.5	0.5	0.09093388429752067	0.3333333333333333	1.0	0.0	0.0	0.0	0.0	1.0	0.5	0.5	0.0	0.0	0.0	0.0	0.0	0.0	1.0	0.0	0.5	0.0	0.0	0.0	0.0	1.0	0.0	0.05263157894736842	0.0	0.0	0.5
es	0.0	0.0	0.0	0.0	0.0	0.5	1.0	0.3333333333333333	0.25	1.0	0.0	0.0	0.0	0.0	1.0	1.0	0.5	0.0	0.0	0.0	0.0	0.0	0.0	1.0	0.0	0.5	0.0	0.0	0.0	0.0	1.0	0.0	0.05555555555555555	0.0	0.0	0.5
fr	0.0	0.0	0.0	0.0	0.0	1.0	0.0	1.0	1.0	1.0	0.0	0.0	0.0	0.0	1.0	0.0	0.0	0.0	0.0	0.0	0.0	0.0	0.0	1.0	0.0	0.0	0.0	0.0	0.0	0.0	1.0	0.0	0.05263434903047091	0.0	0.0	1.0
he	0.037037037037037035	0.037037037037037035	0.038461538461538464	0.03571428571428571	0.015625	0.0	0.0	0.0	0.0	0.0	0.009708737864077669	0.016666666666666666	0.01282051282051282	0.011627906976744186	0.0	0.0	0.0	0.012048192771084338	0.012048192771084338	0.01818181818181818	0.0196078431372549	0.0	0.0	0.0	0.0136986301369863	0.0	0.01694915254237288	0.05555555555555555	0.015151515151515152	0.014925373134328358	0.0	0.0625	0.14285714285714285	0.01282051282051282	0.05263157894736842	0.0
hi	0.037037037037037035	0.041666666666666664	0.04	0.034482758620689655	0.017857142857142856	0.0	0.0	0.0	0.0	0.0	0.016666666666666666	0.008771929824561403	0.017543859649122806	0.011111111111111112	0.0	0.0	0.0	0.015384615384615385	0.014705882352941176	0.016666666666666666	0.017857142857142856	0.0	0.0	0.0	0.017857142857142856	0.0	0.017543859649122806	0.06666666666666667	0.013888888888888888	0.018518518518518517	0.0	0.05263157894736842	0.14285714285714285	0.013157894736842105	0.05263157894736842	0.0
hu	0.03333333333333333	0.031259767578125	0.03571683673469388	0.03225806451612903	0.014087284665740923	0.0	0.0	0.0	0.0	0.0	0.01282051282051282	0.017543859649122806	0.00834111875195939	0.01041775173611111	0.0	0.0	0.0	0.011629124256489994	0.010869565217391304	0.018518518518518517	0.02040816326530612	0.0	0.0	0.0	0.012502344062500002	0.0	0.01587351977828168	0.058823529411764705	0.01370013135672734	0.014084507042253521	0.0	0.06666666666666667	0.16666666666666666	0.011905045351473922	0.047619047619047616	0.0
id	0.03125	0.03333333333333333	0.034482758620689655	0.02857142857142857	0.012195419393218321	0.0	0.0	0.0	0.0	0.0	0.011627906976744186	0.011111111111111112	0.01041775173611111	0.005091104972899697	0.0	0.0	0.0	0.009524172335600906	0.008333333333333333	0.013157894736842105	0.016129032258064516	0.0	0.0	0.0	0.011236586415856583	0.0	0.012195716835217132	0.05263157894736842	0.009708737864077669	0.012048192771084338	0.0	0.05	0.07142857142857142	0.008264462809917356	0.045454545454545456	0.0
it	0.0	0.0	0.0	0.0	0.0	1.0	0.0	1.0	1.0	1.0	0.0	0.0	0.0	0.0	1.0	0.0	0.0	0.0	0.0	0.0	0.0	0.0	0.0	1.0	0.0	0.0	0.0	0.0	0.0	0.0	1.0	0.0	0.05882698961937716	0.0	0.0	1.0
ja	0.0	0.0	0.0	0.0	0.0	1.0	0.5	0.5	1.0	0.0	0.0	0.0	0.0	0.0	0.0	0.5	1.0	0.0	0.0	0.0	0.0	0.0	0.0	0.0	0.0	1.0	0.0	0.0	0.0	0.0	0.0	0.0	0.06666666666666667	0.0	0.0	1.0
ko	0.0	0.0	0.0	0.0	0.0	1.0	1.0	0.5	0.5	0.0	0.0	0.0	0.0	0.0	0.0	1.0	0.5	0.0	0.0	0.0	0.0	0.0	0.0	0.0	0.0	0.5	0.0	0.0	0.0	0.0	0.0	0.0	0.09090909090909091	0.0	0.0	1.0
lv	0.03333333333333333	0.03226014568158169	0.03571428571428571	0.034482758620689655	0.012987012987012988	0.0	0.0	0.0	0.0	0.0	0.012048192771084338	0.015384615384615385	0.011629124256489994	0.009524172335600906	0.0	0.0	0.0	0.008487380813175672	0.01020408163265306	0.015384615384615385	0.017857142857142856	0.0	0.0	0.0	0.012500468749999999	0.0	0.014925595901091559	0.05555555555555555	0.012048337930033388	0.013157894736842105	0.0	0.0625	0.14285714285714285	0.010638297872340425	0.05	0.0
mk	0.037037037037037035	0.037037037037037035	0.04	0.03225806451612903	0.013888888888888888	0.0	0.0	0.0	0.0	0.0	0.012048192771084338	0.014705882352941176	0.010869565217391304	0.008333333333333333	0.0	0.0	0.0	0.01020408163265306	0.005128205128205128	0.014084507042253521	0.01818181818181818	0.0	0.0	0.0	0.012195121951219513	0.0	0.014084507042253521	0.0625	0.012658227848101266	0.012345679012345678	0.0	0.06666666666666667	0.16666666666666666	0.009900990099009901	0.05555555555555555	0.0
ml	0.047619047619047616	0.05263157894736842	0.041666666666666664	0.03333333333333333	0.02	0.0	0.0	0.0	0.0	0.0	0.01818181818181818	0.016666666666666666	0.018518518518518517	0.013157894736842105	0.0	0.0	0.0	0.015384615384615385	0.014084507042253521	0.011111111111111112	0.020833333333333332	0.0	0.0	0.0	0.018867924528301886	0.0	0.019230769230769232	0.0625	0.01639344262295082	0.017241379310344827	0.0	0.05	0.1111111111111111	0.013888888888888888	0.05555555555555555	0.0
mr	0.045454545454545456	0.043478260869565216	0.04	0.034482758620689655	0.020833333333333332	0.0	0.0	0.0	0.0	0.0	0.0196078431372549	0.017857142857142856	0.02040816326530612	0.016129032258064516	0.0	0.0	0.0	0.017857142857142856	0.01818181818181818	0.020833333333333332	0.014925373134328358	0.0	0.0	0.0	0.02040816326530612	0.0	0.021739130434782608	0.06666666666666667	0.017857142857142856	0.02040816326530612	0.0	0.05555555555555555	0.5	0.01694915254237288	0.05555555555555555	0.0
nl	0.0	0.0	0.0	0.0	0.0	0.0	0.0	0.0	0.0	0.0	0.0	0.0	0.0	0.0	0.0	0.0	0.0	0.0	0.0	0.0	0.0	0.5	0.0	0.0	0.0	0.0	0.0	0.0	0.0	0.0	0.0	0.0	0.05263989196675899	0.0	0.0	0.0
pl	0.0	0.0	0.0	0.0	0.0	0.0	0.0	0.0	0.0	0.0	0.0	0.0	0.0	0.0	0.0	0.0	0.0	0.0	0.0	0.0	0.0	0.0	0.0	0.0	0.0	0.0	0.0	0.0	0.0	0.0	0.0	0.0	0.05555864197530863	0.0	0.0	0.0
pt	0.0	0.0	0.0	0.0	0.0	1.0	0.0	1.0	1.0	1.0	0.0	0.0	0.0	0.0	1.0	0.0	0.0	0.0	0.0	0.0	0.0	0.0	0.0	1.0	0.0	0.0	0.0	0.0	0.0	0.0	1.0	0.0	0.05263157894736842	0.0	0.0	1.0
ro	0.038461538461538464	0.031251953124999995	0.038461538461538464	0.037037037037037035	0.014286530612244896	0.0	0.0	0.0	0.0	0.0	0.0136986301369863	0.017857142857142856	0.012502344062500002	0.011236586415856583	0.0	0.0	0.0	0.012500468749999999	0.012195121951219513	0.018867924528301886	0.02040816326530612	0.0	0.0	0.0	0.009733972846378579	0.0	0.015384615384615385	0.058823529411764705	0.013889660686728393	0.013888888888888888	0.0	0.06666666666666667	0.16666666666666666	0.0125	0.045454545454545456	0.0
ru	0.0	0.0	0.0	0.0	0.0	1.0	1.0	0.5	0.5	0.0	0.0	0.0	0.0	0.0	0.0	1.0	0.5	0.0	0.0	0.0	0.0	0.0	0.0	0.0	0.0	0.5	0.0	0.0	0.0	0.0	0.0	0.0	0.05263157894736842	0.0	0.0	1.0
sh	0.043478260869565216	0.03333333333333333	0.04	0.037037037037037035	0.01612955254942768	0.0	0.0	0.0	0.0	0.0	0.01694915254237288	0.017543859649122806	0.01587351977828168	0.012195716835217132	0.0	0.0	0.0	0.014925595901091559	0.014084507042253521	0.019230769230769232	0.021739130434782608	0.0	0.0	0.0	0.015384615384615385	0.0	0.008351150572893668	0.07142857142857142	0.013889081790123457	0.014925373134328358	0.0	0.05555555555555555	0.14285714285714285	0.013158067867036011	0.05	0.0
si	0.08333333333333333	0.09090909090909091	0.08333333333333333	0.08333333333333333	0.058823529411764705	0.0	0.0	0.0	0.0	0.0	0.05555555555555555	0.06666666666666667	0.058823529411764705	0.05263157894736842	0.0	0.0	0.0	0.05555555555555555	0.0625	0.0625	0.06666666666666667	0.0	0.0	0.0	0.058823529411764705	0.0	0.07142857142857142	0.05263157894736842	0.05555555555555555	0.07692307692307693	0.0	0.08333333333333333	1.0	0.05263157894736842	0.08333333333333333	0.0
simple	0.03125	0.03226014568158169	0.038461538461538464	0.030303030303030304	0.014084507042253521	0.0	0.0	0.0	0.0	0.0	0.015151515151515152	0.013888888888888888	0.01370013135672734	0.009708737864077669	0.0	0.0	0.0	0.012048337930033388	0.012658227848101266	0.01639344262295082	0.017857142857142856	0.0	0.0	0.0	0.013889660686728393	0.0	0.013889081790123457	0.05555555555555555	0.00765356781381161	0.014705882352941176	0.0	0.05263157894736842	0.07143877551020407	0.011235955056179775	0.043478260869565216	0.0
sr	0.041666666666666664	0.03571428571428571	0.04	0.03571428571428571	0.015384615384615385	0.0	0.0	0.0	0.0	0.0	0.014925373134328358	0.018518518518518517	0.014084507042253521	0.012048192771084338	0.0	0.0	0.0	0.013157894736842105	0.012345679012345678	0.017241379310344827	0.02040816326530612	0.0	0.0	0.0	0.013888888888888888	0.0	0.014925373134328358	0.07692307692307693	0.014705882352941176	0.009804402153018069	0.0	0.058823529411764705	0.1	0.013333333333333334	0.047619047619047616	0.0
sv	0.0	0.0	0.0	0.0	0.0	1.0	0.0	1.0	1.0	1.0	0.0	0.0	0.0	0.0	1.0	0.0	0.0	0.0	0.0	0.0	0.0	0.0	0.0	1.0	0.0	0.0	0.0	0.0	0.0	0.0	1.0	0.0	0.07692307692307693	0.0	0.0	1.0
te	0.09090909090909091	0.1	0.09090909090909091	0.07142857142857142	0.0625	0.0	0.0	0.0	0.0	0.0	0.0625	0.05263157894736842	0.06666666666666667	0.05	0.0	0.0	0.0	0.0625	0.06666666666666667	0.05	0.05555555555555555	0.0	0.0	0.0	0.06666666666666667	0.0	0.05555555555555555	0.08333333333333333	0.05263157894736842	0.058823529411764705	0.0	0.05	0.16666666666666666	0.05263157894736842	0.09090909090909091	0.0
tr	0.5	0.09093389256198346	-1.0	0.3333333333333333	0.09090909090909091	0.05555864197530863	0.16666666666666666	0.05263157894736842	0.05555555555555555	0.05263434903047091	0.14285714285714285	0.14285714285714285	0.16666666666666666	0.07142857142857142	0.05882698961937716	0.06666666666666667	0.09090909090909091	0.14285714285714285	0.16666666666666666	0.1111111111111111	0.5	0.05263989196675899	0.05555864197530863	0.05263157894736842	0.16666666666666666	0.05263157894736842	0.14285714285714285	1.0	0.07143877551020407	0.1	0.07692307692307693	0.16666666666666666	0.05004003003003003	0.07692307692307693	0.5	0.06666666666666667
vi	0.03333333333333333	0.03571428571428571	0.03333333333333333	0.03225806451612903	0.013513513513513514	0.0	0.0	0.0	0.0	0.0	0.01282051282051282	0.013157894736842105	0.011905045351473922	0.008264462809917356	0.0	0.0	0.0	0.010638297872340425	0.009900990099009901	0.013888888888888888	0.01694915254237288	0.0	0.0	0.0	0.0125	0.0	0.013158067867036011	0.05263157894736842	0.011235955056179775	0.013333333333333334	0.0	0.05263157894736842	0.07692307692307693	0.006251289335976563	0.045454545454545456	0.0
war	0.06666666666666667	0.0625	0.05555555555555555	0.06666666666666667	0.045454545454545456	0.0	0.0	0.0	0.0	0.0	0.05263157894736842	0.05263157894736842	0.047619047619047616	0.045454545454545456	0.0	0.0	0.0	0.05	0.05555555555555555	0.05555555555555555	0.05555555555555555	0.0	0.0	0.0	0.045454545454545456	0.0	0.05	0.08333333333333333	0.043478260869565216	0.047619047619047616	0.0	0.09090909090909091	0.5	0.045454545454545456	0.0400080016	0.0
zh	0.0	0.0	0.0	0.0	0.0	0.5	1.0	0.5	0.5	1.0	0.0	0.0	0.0	0.0	1.0	1.0	1.0	0.0	0.0	0.0	0.0	0.0	0.0	1.0	0.0	1.0	0.0	0.0	0.0	0.0	1.0	0.0	0.06666666666666667	0.0	0.0	0.5
