arz	bs	ceb	ckb	da	de	el	en	es	fr	he	hi	hu	id	it	ja	ko	lv	mk	ml	mr	nl	pl	pt	ro	ru	sh	si	simple	sr	sv	te	vi	war	zh
arz	1.0	0.0	0.0	0.0	1.0	1.0	0.0	0.5	1.0	1.0	1.0	0.0	1.0	1.0	1.0	1.0	1.0	0.0	1.0	0.0	0.0	1.0	1.0	1.0	1.0	1.0	0.0	0.0	1.0	0.0	1.0	0.0	1.0	0.0	1.0
bs	0.0	1.0	0.0	1.0	1.0	1.0	1.0	0.585786437626905	1.0	1.0	1.0	1.0	1.0	1.0	1.0	1.0	1.0	1.0	1.0	1.0	0.0	1.0	1.0	1.0	0.0	1.0	1.0	0.0	1.0	1.0	1.0	0.0	1.0	0.0	1.0
ceb	0.0	0.0	1.0	0.0	1.0	1.0	0.0	1.0	1.0	1.0	1.0	0.0	0.0	1.0	1.0	1.0	1.0	1.0	1.0	1.0	0.0	1.0	1.0	1.0	1.0	1.0	0.0	0.0	1.0	1.0	1.0	0.0	1.0	0.0	1.0
ckb	0.0	1.0	0.0	1.0	1.0	1.0	1.0	0.24210172369314836	1.0	1.0	1.0	1.0	1.0	1.0	1.0	1.0	1.0	1.0	1.0	1.0	0.0	1.0	1.0	1.0	0.0	1.0	0.0	0.0	1.0	1.0	1.0	0.0	1.0	0.0	1.0
da	1.0	1.0	1.0	1.0	1.0	0.16952084719853724	0.585786437626905	0.03618290295772926	0.3483314773547883	0.23166247903554	1.0	1.0	0.5	0.199502021824356	0.08644251393540926	0.5	1.0	1.0	0.39564392373896007	1.0	0.0	0.16440202257687123	0.23874775399470888	0.26968623182294527	1.0	0.4142135623730951	1.0	0.0	1.0	1.0	0.1050196198887212	0.0	1.0	1.0	0.5
de	1.0	1.0	1.0	1.0	0.16952084719853724	1.0	0.38742588672279304	0.006306487553071953	0.07423924863003188	0.009323879564106767	0.36602540378443865	0.585786437626905	0.11405820446888813	0.03588540670636808	0.011660504482460336	0.13390700336271227	0.2708131845707603	0.585786437626905	0.44948974278317805	1.0	0.0	0.011213704226318037	0.018434722745382413	0.015862614431354848	0.34833147735478825	0.020441922217824142	0.32449979983983984	0.0	0.38742588672279304	0.5	0.027484552972497252	0.0	0.3333333333333333	1.0	0.1463924816619788
el	0.0	1.0	0.0	1.0	0.585786437626905	0.38742588672279304	1.0	0.02027641272422463	1.0	0.15438708879488486	1.0	1.0	0.38742588672279304	0.2204812092115424	0.035362361189448174	1.0	1.0	1.0	1.0	1.0	0.0	0.30216947925196225	0.2284989041564256	0.071039393121306	1.0	1.0	1.0	0.0	0.585786437626905	1.0	0.15079444971560022	0.0	1.0	1.0	1.0
en	0.5	0.585786437626905	1.0	0.24210172369314836	0.03618290295772926	0.006306487553071953	0.02027641272422463	1.0	0.005550701509106726	0.023086183465500853	0.07948345406122419	0.3430703308172536	0.03209270029089822	0.03939807827558765	0.033479685196706646	0.00774253162466357	0.017405597330952437	0.3483314773547883	0.02114200921759386	0.36602540378443865	1.0	0.013143431452710994	0.01936714669890632	0.032313808189582426	0.17826035697019474	0.0037446549512509613	0.12301125604210733	1.0	0.07687273163812228	0.11556422070450495	0.031671489426083464	0.0	0.06929826351812289	1.0	0.006629129494381585
es	1.0	1.0	1.0	1.0	0.3483314773547883	0.07423924863003188	1.0	0.005550701509106726	1.0	0.009036012867724062	1.0	1.0	0.17331935664757372	0.05102760717584209	0.012251034658151761	0.22646721143623746	0.44948974278317805	1.0	0.44948974278317805	1.0	0.0	0.030575976588890975	0.02236581550847572	0.013426406549692174	0.4142135623730951	0.17518814002874858	0.4142135623730951	0.0	0.3660254037844386	1.0	0.029825930503922106	0.0	0.585786437626905	1.0	0.28989794855663564
fr	1.0	1.0	1.0	1.0	0.23166247903554	0.009323879564106767	0.15438708879488486	0.023086183465500853	0.009036012867724062	1.0	0.2025519956555797	0.3483314773547883	0.09468839649156531	0.036107647340850084	0.016623349350832508	0.013528451600660362	0.08796451339590479	0.44948974278317805	0.13610807193834953	0.5	0.0	0.012866732936280241	0.01598272671520771	0.01750206689836766	0.2766967754673749	0.007172295183809549	0.24336073281110826	1.0	0.17052986665286413	0.44948974278317805	0.03085465151091007	1.0	0.1987625491245426	1.0	0.03191577153378453
he	1.0	1.0	1.0	1.0	1.0	0.36602540378443865	1.0	0.07948345406122419	1.0	0.2025519956555797	1.0	1.0	0.4364916731037085	0.3164309725825328	0.05641252749443305	1.0	1.0	1.0	1.0	1.0	0.0	0.3164309725825328	0.22966848451216434	0.1757340838011157	1.0	1.0	1.0	0.0	0.585786437626905	1.0	0.252650308587072	0.0	1.0	1.0	1.0
hi	0.0	1.0	0.0	1.0	1.0	0.585786437626905	1.0	0.3430703308172536	1.0	0.3483314773547883	1.0	1.0	1.0	1.0	0.2989350844248255	1.0	1.0	1.0	1.0	1.0	1.0	1.0	0.39564392373896007	0.3333333333333333	1.0	1.0	1.0	0.0	0.585786437626905	1.0	0.44948974278317805	1.0	1.0	1.0	1.0
hu	1.0	1.0	0.0	1.0	0.5	0.11405820446888813	0.38742588672279304	0.03209270029089822	0.17331935664757372	0.09468839649156531	0.4364916731037085	1.0	1.0	0.3597752501562547	0.042446900229425044	0.25355482027512377	0.3660254037844386	0.5	0.3164309725825328	1.0	0.0	0.15844962176067068	0.1968040243189877	0.13047318876054764	0.585786437626905	0.11417003203561367	0.585786437626905	0.0	0.585786437626905	1.0	0.22584440001865322	0.0	0.5	1.0	0.3090169943749474
id	1.0	1.0	1.0	1.0	0.199502021824356	0.03588540670636808	0.2204812092115424	0.03939807827558765	0.05102760717584209	0.036107647340850084	0.3164309725825328	1.0	0.3597752501562547	1.0	0.04331375645756521	0.06295483664234718	0.1042203323339354	1.0	0.4142135623730951	0.585786437626905	0.0	0.051693918100778495	0.09545145470602394	0.06074745089197215	0.44948974278317805	0.03825369212147933	0.3430703308172536	1.0	0.4142135623730951	0.44948974278317805	0.095648455139006	0.0	0.27429188517743175	1.0	0.062359427241889885
it	1.0	1.0	1.0	1.0	0.08644251393540926	0.011660504482460336	0.035362361189448174	0.033479685196706646	0.012251034658151761	0.016623349350832508	0.05641252749443305	0.2989350844248255	0.042446900229425044	0.04331375645756521	1.0	0.018085662262137047	0.037055516794998175	0.4142135623730951	0.08013950503440914	0.5	0.0	0.015395097798822205	0.019495646095048173	0.0238025004618627	0.1101503860388727	0.009720402753566351	0.11133635536335278	1.0	0.06050919573136726	0.12801221467776566	0.02943908006258288	0.0	0.13367660240019172	1.0	0.02096854984842359
ja	1.0	1.0	1.0	1.0	0.5	0.13390700336271227	1.0	0.00774253162466357	0.22646721143623746	0.013528451600660362	1.0	1.0	0.25355482027512377	0.06295483664234718	0.018085662262137047	1.0	1.0	1.0	1.0	1.0	0.0	0.08217498142904515	0.03137040743036326	0.025645352154610564	0.4142135623730951	1.0	0.30216947925196225	0.0	0.29429805508554946	1.0	0.03910988051581536	1.0	1.0	1.0	1.0
ko	1.0	1.0	1.0	1.0	1.0	0.2708131845707603	1.0	0.017405597330952437	0.44948974278317805	0.08796451339590479	1.0	1.0	0.3660254037844386	0.1042203323339354	0.037055516794998175	1.0	1.0	1.0	1.0	1.0	0.0	0.2	0.18054705546755545	0.05066162516403252	0.5	1.0	1.0	0.0	0.44948974278317805	1.0	0.1918253663634734	0.0	1.0	1.0	1.0
lv	0.0	1.0	1.0	1.0	1.0	0.585786437626905	1.0	0.3483314773547883	1.0	0.44948974278317805	1.0	1.0	0.5	1.0	0.4142135623730951	1.0	1.0	1.0	1.0	1.0	0.0	0.4364916731037085	0.44948974278317805	0.585786437626905	1.0	1.0	1.0	0.0	1.0	1.0	0.585786437626905	0.0	1.0	1.0	1.0
mk	1.0	1.0	1.0	1.0	0.39564392373896007	0.44948974278317805	1.0	0.02114200921759386	0.44948974278317805	0.13610807193834953	1.0	1.0	0.3164309725825328	0.4142135623730951	0.08013950503440914	1.0	1.0	1.0	1.0	1.0	0.0	0.2791745113185196	0.28989794855663564	0.3203772410170407	0.585786437626905	1.0	0.5	0.0	1.0	1.0	0.22966848451216434	0.0	1.0	1.0	1.0
ml	0.0	1.0	1.0	1.0	1.0	1.0	1.0	0.36602540378443865	1.0	0.5	1.0	1.0	1.0	0.585786437626905	0.5	1.0	1.0	1.0	1.0	1.0	0.0	1.0	1.0	0.585786437626905	1.0	1.0	1.0	0.0	0.585786437626905	1.0	0.585786437626905	0.0	1.0	1.0	1.0
mr	0.0	0.0	0.0	0.0	0.0	0.0	0.0	1.0	0.0	0.0	0.0	1.0	0.0	0.0	0.0	0.0	0.0	0.0	0.0	0.0	1.0	0.0	0.0	0.0	0.0	0.0	0.0	0.0	0.0	0.0	0.0	0.0	0.0	0.0	0.0
nl	1.0	1.0	1.0	1.0	0.16440202257687123	0.011213704226318037	0.30216947925196225	0.013143431452710994	0.030575976588890975	0.012866732936280241	0.3164309725825328	1.0	0.15844962176067068	0.051693918100778495	0.015395097798822205	0.08217498142904515	0.2	0.4364916731037085	0.2791745113185196	1.0	0.0	1.0	0.03123015710996268	0.024671315844837192	0.44948974278317805	0.01562393441638734	0.31264808514230086	0.0	0.44948974278317805	0.3090169943749474	0.042583982993305236	0.0	0.28436465220442186	1.0	0.0686159452141786
pl	1.0	1.0	1.0	1.0	0.23874775399470888	0.018434722745382413	0.2284989041564256	0.01936714669890632	0.02236581550847572	0.01598272671520771	0.22966848451216434	0.39564392373896007	0.1968040243189877	0.09545145470602394	0.019495646095048173	0.03137040743036326	0.18054705546755545	0.44948974278317805	0.28989794855663564	1.0	0.0	0.03123015710996268	1.0	0.028107557324929575	0.3288130902060995	0.012504656371732282	0.2193450929151803	0.0	0.2402530733520421	0.44948974278317805	0.05809031401550202	1.0	0.25	1.0	0.08514618326962833
pt	1.0	1.0	1.0	1.0	0.26968623182294527	0.015862614431354848	0.071039393121306	0.032313808189582426	0.013426406549692174	0.01750206689836766	0.1757340838011157	0.3333333333333333	0.13047318876054764	0.06074745089197215	0.0238025004618627	0.025645352154610564	0.05066162516403252	0.585786437626905	0.3203772410170407	0.585786437626905	0.0	0.024671315844837192	0.028107557324929575	1.0	0.3333333333333333	0.01271879484401724	0.2674788903885893	0.0	0.20210660597023342	0.4142135623730951	0.031862509679252624	0.0	0.23166247903554	1.0	0.03948289504629994
ro	1.0	0.0	1.0	0.0	1.0	0.34833147735478825	1.0	0.17826035697019474	0.4142135623730951	0.2766967754673749	1.0	1.0	0.585786437626905	0.44948974278317805	0.1101503860388727	0.4142135623730951	0.5	1.0	0.585786437626905	1.0	0.0	0.44948974278317805	0.3288130902060995	0.3333333333333333	1.0	0.38742588672279304	0.585786437626905	0.0	0.585786437626905	0.585786437626905	0.33333333333333326	0.0	1.0	1.0	0.5
ru	1.0	1.0	1.0	1.0	0.4142135623730951	0.020441922217824142	1.0	0.0037446549512509613	0.17518814002874858	0.007172295183809549	1.0	1.0	0.11417003203561367	0.03825369212147933	0.009720402753566351	1.0	1.0	1.0	1.0	1.0	0.0	0.01562393441638734	0.012504656371732282	0.01271879484401724	0.38742588672279304	1.0	0.2791745113185196	1.0	0.3430703308172536	1.0	0.022309247898641096	1.0	1.0	1.0	1.0
sh	0.0	1.0	0.0	0.0	1.0	0.32449979983983984	1.0	0.12301125604210733	0.4142135623730951	0.24336073281110826	1.0	1.0	0.585786437626905	0.3430703308172536	0.11133635536335278	0.30216947925196225	1.0	1.0	0.5	1.0	0.0	0.31264808514230086	0.2193450929151803	0.2674788903885893	0.585786437626905	0.2791745113185196	1.0	0.0	1.0	0.5	0.30332513906922604	0.0	0.585786437626905	1.0	0.3430703308172536
si	0.0	0.0	0.0	0.0	0.0	0.0	0.0	1.0	0.0	1.0	0.0	0.0	0.0	1.0	1.0	0.0	0.0	0.0	0.0	0.0	0.0	0.0	0.0	0.0	0.0	1.0	0.0	1.0	0.0	0.0	1.0	0.0	0.0	0.0	0.0
simple	1.0	1.0	1.0	1.0	1.0	0.38742588672279304	0.585786437626905	0.07687273163812228	0.3660254037844386	0.17052986665286413	0.585786437626905	0.585786437626905	0.585786437626905	0.4142135623730951	0.06050919573136726	0.29429805508554946	0.44948974278317805	1.0	1.0	0.585786437626905	0.0	0.44948974278317805	0.2402530733520421	0.20210660597023342	0.585786437626905	0.3430703308172536	1.0	0.0	1.0	1.0	0.20742607609621763	0.0	0.585786437626905	0.0	0.44948974278317805
sr	0.0	1.0	1.0	1.0	1.0	0.5	1.0	0.11556422070450495	1.0	0.44948974278317805	1.0	1.0	1.0	0.44948974278317805	0.12801221467776566	1.0	1.0	1.0	1.0	1.0	0.0	0.3090169943749474	0.44948974278317805	0.4142135623730951	0.585786437626905	1.0	0.5	0.0	1.0	1.0	0.2553967929896867	0.0	1.0	1.0	1.0
sv	1.0	1.0	1.0	1.0	0.1050196198887212	0.027484552972497252	0.15079444971560022	0.031671489426083464	0.029825930503922106	0.03085465151091007	0.252650308587072	0.44948974278317805	0.22584440001865322	0.095648455139006	0.02943908006258288	0.03910988051581536	0.1918253663634734	0.585786437626905	0.22966848451216434	0.585786437626905	0.0	0.042583982993305236	0.05809031401550202	0.031862509679252624	0.33333333333333326	0.022309247898641096	0.30332513906922604	1.0	0.20742607609621763	0.2553967929896867	1.0	0.0	0.19013419193125958	1.0	0.06891353110930114
te	0.0	0.0	0.0	0.0	0.0	0.0	0.0	0.0	0.0	1.0	0.0	1.0	0.0	0.0	0.0	1.0	0.0	0.0	0.0	0.0	0.0	0.0	1.0	0.0	0.0	1.0	0.0	0.0	0.0	0.0	0.0	1.0	0.0	0.0	0.0
vi	1.0	1.0	1.0	1.0	1.0	0.3333333333333333	1.0	0.06929826351812289	0.585786437626905	0.1987625491245426	1.0	1.0	0.5	0.27429188517743175	0.13367660240019172	1.0	1.0	1.0	1.0	1.0	0.0	0.28436465220442186	0.25	0.23166247903554	1.0	1.0	0.585786437626905	0.0	0.585786437626905	1.0	0.19013419193125958	0.0	1.0	1.0	1.0
war	0.0	0.0	0.0	0.0	1.0	1.0	1.0	1.0	1.0	1.0	1.0	1.0	1.0	1.0	1.0	1.0	1.0	1.0	1.0	1.0	0.0	1.0	1.0	1.0	1.0	1.0	1.0	0.0	0.0	1.0	1.0	0.0	1.0	1.0	1.0
zh	1.0	1.0	1.0	1.0	0.5	0.1463924816619788	1.0	0.006629129494381585	0.28989794855663564	0.03191577153378453	1.0	1.0	0.3090169943749474	0.062359427241889885	0.02096854984842359	1.0	1.0	1.0	1.0	1.0	0.0	0.0686159452141786	0.08514618326962833	0.03948289504629994	0.5	1.0	0.3430703308172536	0.0	0.44948974278317805	1.0	0.06891353110930114	0.0	1.0	1.0	1.0
