arz	bs	ceb	ckb	da	de	el	en	es	fr	he	hi	hu	id	it	ja	ko	lv	mk	ml	mr	nl	pl	pt	ro	ru	sh	si	simple	sr	sv	te	vi	war	zh
arz	1.0	0.0	0.0	0.0	1.0	1.0	1.0	1.0	1.0	1.0	0.0	1.0	1.0	1.0	1.0	1.0	1.0	1.0	0.0	1.0	0.0	1.0	1.0	1.0	1.0	1.0	1.0	0.0	1.0	1.0	1.0	0.0	1.0	0.0	1.0
bs	0.0	1.0	1.0	1.0	1.0	1.0	1.0	1.0	1.0	1.0	1.0	1.0	1.0	1.0	1.0	1.0	1.0	1.0	1.0	1.0	1.0	1.0	1.0	1.0	0.585786437626905	1.0	1.0	0.0	1.0	1.0	1.0	1.0	1.0	0.0	1.0
ceb	0.0	1.0	1.0	1.0	1.0	1.0	1.0	1.0	1.0	1.0	1.0	1.0	1.0	1.0	1.0	1.0	1.0	1.0	0.0	1.0	0.0	1.0	1.0	1.0	1.0	0.0	1.0	0.0	1.0	1.0	1.0	1.0	1.0	0.0	1.0
ckb	0.0	1.0	1.0	1.0	1.0	1.0	1.0	0.36602540378443865	1.0	1.0	1.0	1.0	0.585786437626905	1.0	0.4364916731037085	1.0	1.0	1.0	1.0	0.0	1.0	1.0	1.0	0.5	0.585786437626905	1.0	0.585786437626905	1.0	1.0	1.0	0.585786437626905	1.0	1.0	0.0	1.0
da	1.0	1.0	1.0	1.0	1.0	0.07413173852841527	0.3333333333333333	0.14395014101904943	0.07960800275182899	0.07057430223660166	0.29429805508554946	0.23329952500316292	0.23431178659717375	0.12427355087717168	0.11389180378342964	0.1102221406577905	0.09079126427811156	0.24210172369314836	1.0	0.585786437626905	1.0	0.08896236117042394	0.11548121726099489	0.0773610705637878	0.20717200788607937	0.09997343569441336	0.16428217105547274	1.0	0.1894710940602016	0.14956087350246788	0.0854222813229423	1.0	0.17518814002874858	1.0	0.11913709945850207
de	1.0	1.0	1.0	1.0	0.07413173852841527	1.0	0.4142135623730951	0.04821664551328641	0.06313574233343007	0.0513141916890029	0.16321308977317922	0.585786437626905	0.18953926526416415	0.14740591831312344	0.03956176454771027	0.17411239489546831	0.18181818181818182	0.585786437626905	1.0	1.0	0.585786437626905	0.06512380223431555	0.06332807588444019	0.04443274097436475	0.3090169943749474	0.061521413074558814	0.0752548671166954	0.585786437626905	0.5	0.22584440001865322	0.13115745501460657	0.585786437626905	0.38742588672279304	1.0	0.12629634161955186
el	1.0	1.0	1.0	1.0	0.3333333333333333	0.4142135623730951	1.0	0.07401926690158717	0.44948974278317805	0.1907435698305462	1.0	1.0	0.3333333333333333	0.2989350844248255	0.07192439819071868	0.585786437626905	1.0	1.0	1.0	1.0	1.0	0.5	0.585786437626905	0.17706699104120874	0.5	1.0	0.353889367864523	1.0	1.0	1.0	0.36602540378443865	1.0	1.0	1.0	1.0
en	1.0	1.0	1.0	0.36602540378443865	0.14395014101904943	0.04821664551328641	0.07401926690158717	1.0	0.02784009904747926	0.03836453312663013	0.05808120129857578	0.1566130288262323	0.0715516600699729	0.06052135572796234	0.12971116708866576	0.03839648258393523	0.04920397623113561	0.17253779651421453	1.0	0.585786437626905	1.0	0.03557829623900322	0.042890210025081164	0.05623633919598397	0.08034807044425568	0.03281881735629136	0.12297563991818115	1.0	0.09990091249363948	0.05617548167796509	0.04742618886757772	0.4364916731037085	0.10421234752432612	1.0	0.04426411233563175
es	1.0	1.0	1.0	1.0	0.07960800275182899	0.06313574233343007	0.44948974278317805	0.02784009904747926	1.0	0.033139734852707235	0.2958163163244893	0.5	0.14453986650060843	0.1528995971645306	0.029079298837734104	0.12935727919154708	0.1784329590736899	0.585786437626905	1.0	1.0	1.0	0.0972401173541034	0.1788377977420068	0.03680861698612166	0.20991366558572697	0.09024519331009168	0.07100879120142148	1.0	0.30552726787943424	0.3090169943749474	0.1518588362793765	0.4364916731037085	0.38742588672279304	1.0	0.16879264089884097
fr	1.0	1.0	1.0	1.0	0.07057430223660166	0.0513141916890029	0.1907435698305462	0.03836453312663013	0.033139734852707235	1.0	0.2041350519664497	0.585786437626905	0.17481815391774239	0.11477653937161536	0.03443708567711494	0.08372794056207251	0.11670337237512289	0.585786437626905	1.0	1.0	1.0	0.07293753338517259	0.12353916657968082	0.039499148943624406	0.2372732414640341	0.09484844739006652	0.07586622193248796	1.0	0.319768262066329	0.16056186254883698	0.11159563795440167	0.5	0.5	1.0	0.11223079535876684
he	0.0	1.0	1.0	1.0	0.29429805508554946	0.16321308977317922	1.0	0.05808120129857578	0.2958163163244893	0.2041350519664497	1.0	1.0	0.5	0.353889367864523	0.09231972964287544	0.585786437626905	1.0	1.0	1.0	1.0	1.0	1.0	0.5	0.1327673435381234	0.44948974278317805	0.585786437626905	0.11945840242184987	1.0	0.585786437626905	1.0	0.39564392373896007	1.0	0.585786437626905	1.0	1.0
hi	1.0	1.0	1.0	1.0	0.23329952500316292	0.585786437626905	1.0	0.1566130288262323	0.5	0.585786437626905	1.0	1.0	0.585786437626905	0.39564392373896007	0.20521309615767264	1.0	1.0	1.0	1.0	1.0	1.0	1.0	1.0	0.27792629762666365	0.5	0.585786437626905	0.2612038749637414	1.0	0.5	1.0	0.4364916731037085	1.0	1.0	0.0	1.0
hu	1.0	1.0	1.0	0.585786437626905	0.23431178659717375	0.18953926526416415	0.3333333333333333	0.0715516600699729	0.14453986650060843	0.17481815391774239	0.5	0.585786437626905	1.0	0.2612038749637414	0.07433769964988948	0.25824569976124334	0.3333333333333333	0.585786437626905	1.0	1.0	1.0	0.23582845781094	0.2240092377397959	0.17561868998629737	0.2791745113185196	0.23166247903554	0.17554559350758847	1.0	0.585786437626905	0.3164309725825328	0.26000064059596756	0.585786437626905	1.0	1.0	0.36602540378443865
id	1.0	1.0	1.0	1.0	0.12427355087717168	0.14740591831312344	0.2989350844248255	0.06052135572796234	0.1528995971645306	0.11477653937161536	0.353889367864523	0.39564392373896007	0.2612038749637414	1.0	0.061899296534312746	0.182613136708006	0.2	0.36602540378443865	1.0	0.585786437626905	1.0	0.15570864314808475	0.23166247903554	0.08587005212835408	0.2402530733520421	0.2012628451930092	0.09827766484511352	1.0	0.3288130902060995	0.23800671553691075	0.17358241318593384	1.0	0.4142135623730951	1.0	0.23166247903554
it	1.0	1.0	1.0	0.4364916731037085	0.11389180378342964	0.03956176454771027	0.07192439819071868	0.12971116708866576	0.029079298837734104	0.03443708567711494	0.09231972964287544	0.20521309615767264	0.07433769964988948	0.061899296534312746	1.0	0.052095900580879755	0.05803667909297238	0.3090169943749474	1.0	1.0	1.0	0.03935922979388055	0.043438281415217765	0.05304808270087424	0.10119077920189529	0.0400887888630474	0.10289399279221136	1.0	0.21861512655276313	0.059765244310556895	0.0549182535230956	0.39564392373896007	0.1799486093979586	1.0	0.0474849881679664
ja	1.0	1.0	1.0	1.0	0.1102221406577905	0.17411239489546831	0.585786437626905	0.03839648258393523	0.12935727919154708	0.08372794056207251	0.585786437626905	1.0	0.25824569976124334	0.182613136708006	0.052095900580879755	1.0	0.5	1.0	1.0	1.0	1.0	0.20521309615767264	0.31264808514230086	0.06724572992434567	0.31264808514230086	0.5	0.07151235421368296	1.0	0.44948974278317805	0.585786437626905	0.20856217852254144	1.0	0.585786437626905	1.0	0.585786437626905
ko	1.0	1.0	1.0	1.0	0.09079126427811156	0.18181818181818182	1.0	0.04920397623113561	0.1784329590736899	0.11670337237512289	1.0	1.0	0.3333333333333333	0.2	0.05803667909297238	0.5	1.0	1.0	1.0	1.0	1.0	0.25	0.3430703308172536	0.11636218529287669	0.32449979983983984	0.585786437626905	0.08810478937330718	1.0	0.44948974278317805	1.0	0.19160741797296413	1.0	0.585786437626905	1.0	0.585786437626905
lv	1.0	1.0	1.0	1.0	0.24210172369314836	0.585786437626905	1.0	0.17253779651421453	0.585786437626905	0.585786437626905	1.0	1.0	0.585786437626905	0.36602540378443865	0.3090169943749474	1.0	1.0	1.0	1.0	1.0	1.0	0.585786437626905	1.0	0.5	0.5	1.0	0.39564392373896007	1.0	1.0	1.0	0.39564392373896007	1.0	1.0	1.0	1.0
mk	0.0	1.0	0.0	1.0	1.0	1.0	1.0	1.0	1.0	1.0	1.0	1.0	1.0	1.0	1.0	1.0	1.0	1.0	1.0	1.0	1.0	1.0	1.0	1.0	0.585786437626905	1.0	1.0	1.0	1.0	1.0	1.0	1.0	1.0	0.0	1.0
ml	1.0	1.0	1.0	0.0	0.585786437626905	1.0	1.0	0.585786437626905	1.0	1.0	1.0	1.0	1.0	0.585786437626905	1.0	1.0	1.0	1.0	1.0	1.0	0.0	1.0	1.0	1.0	1.0	1.0	1.0	1.0	1.0	1.0	1.0	1.0	1.0	0.0	1.0
mr	0.0	1.0	0.0	1.0	1.0	0.585786437626905	1.0	1.0	1.0	1.0	1.0	1.0	1.0	1.0	1.0	1.0	1.0	1.0	1.0	0.0	1.0	1.0	1.0	0.585786437626905	1.0	1.0	1.0	1.0	1.0	1.0	1.0	1.0	1.0	1.0	1.0
nl	1.0	1.0	1.0	1.0	0.08896236117042394	0.06512380223431555	0.5	0.03557829623900322	0.0972401173541034	0.07293753338517259	1.0	1.0	0.23582845781094	0.15570864314808475	0.03935922979388055	0.20521309615767264	0.25	0.585786437626905	1.0	1.0	1.0	1.0	0.15380993986527808	0.06202028745940221	0.33333333333333326	0.14858757526357158	0.07461639359478608	1.0	0.5	0.3660254037844386	0.17426982018161233	1.0	1.0	1.0	0.2240092377397959
pl	1.0	1.0	1.0	1.0	0.11548121726099489	0.06332807588444019	0.585786437626905	0.042890210025081164	0.1788377977420068	0.12353916657968082	0.5	1.0	0.2240092377397959	0.23166247903554	0.043438281415217765	0.31264808514230086	0.3430703308172536	1.0	1.0	1.0	1.0	0.15380993986527808	1.0	0.080594129054205	0.3660254037844386	0.19292728076790172	0.07398331603595842	1.0	0.44948974278317805	0.5	0.16538627648801704	0.585786437626905	1.0	1.0	0.28989794855663564
pt	1.0	1.0	1.0	0.5	0.0773610705637878	0.04443274097436475	0.17706699104120874	0.05623633919598397	0.03680861698612166	0.039499148943624406	0.1327673435381234	0.27792629762666365	0.17561868998629737	0.08587005212835408	0.05304808270087424	0.06724572992434567	0.11636218529287669	0.5	1.0	1.0	0.585786437626905	0.06202028745940221	0.080594129054205	1.0	0.1987505296412673	0.05416625934364699	0.07531333662116955	1.0	0.3333333333333333	0.12408067293206396	0.12025077790787218	0.25000000000000006	0.3090169943749474	1.0	0.0955637553229154
ro	1.0	0.585786437626905	1.0	0.585786437626905	0.20717200788607937	0.3090169943749474	0.5	0.08034807044425568	0.20991366558572697	0.2372732414640341	0.44948974278317805	0.5	0.2791745113185196	0.2402530733520421	0.10119077920189529	0.31264808514230086	0.32449979983983984	0.5	0.585786437626905	1.0	1.0	0.33333333333333326	0.3660254037844386	0.1987505296412673	1.0	0.2958163163244893	0.15269193304973847	1.0	0.44948974278317805	0.3430703308172536	0.2521127429279827	1.0	0.5	1.0	0.3090169943749474
ru	1.0	1.0	0.0	1.0	0.09997343569441336	0.061521413074558814	1.0	0.03281881735629136	0.09024519331009168	0.09484844739006652	0.585786437626905	0.585786437626905	0.23166247903554	0.2012628451930092	0.0400887888630474	0.5	0.585786437626905	1.0	1.0	1.0	1.0	0.14858757526357158	0.19292728076790172	0.05416625934364699	0.2958163163244893	1.0	0.07368176879108124	1.0	0.44948974278317805	0.585786437626905	0.18163482541075254	1.0	0.585786437626905	1.0	0.585786437626905
sh	1.0	1.0	1.0	0.585786437626905	0.16428217105547274	0.0752548671166954	0.353889367864523	0.12297563991818115	0.07100879120142148	0.07586622193248796	0.11945840242184987	0.2612038749637414	0.17554559350758847	0.09827766484511352	0.10289399279221136	0.07151235421368296	0.08810478937330718	0.39564392373896007	1.0	1.0	1.0	0.07461639359478608	0.07398331603595842	0.07531333662116955	0.15269193304973847	0.07368176879108124	1.0	1.0	0.17047189650770667	0.0843908814983967	0.13566892467595743	0.12556198186509598	0.21089672205953397	1.0	0.0919845130988077
si	0.0	0.0	0.0	1.0	1.0	0.585786437626905	1.0	1.0	1.0	1.0	1.0	1.0	1.0	1.0	1.0	1.0	1.0	1.0	1.0	1.0	1.0	1.0	1.0	1.0	1.0	1.0	1.0	1.0	1.0	1.0	1.0	1.0	1.0	1.0	1.0
simple	1.0	1.0	1.0	1.0	0.1894710940602016	0.5	1.0	0.09990091249363948	0.30552726787943424	0.319768262066329	0.585786437626905	0.5	0.585786437626905	0.3288130902060995	0.21861512655276313	0.44948974278317805	0.44948974278317805	1.0	1.0	1.0	1.0	0.5	0.44948974278317805	0.3333333333333333	0.44948974278317805	0.44948974278317805	0.17047189650770667	1.0	1.0	1.0	0.2857142857142857	1.0	1.0	1.0	0.44948974278317805
sr	1.0	1.0	1.0	1.0	0.14956087350246788	0.22584440001865322	1.0	0.05617548167796509	0.3090169943749474	0.16056186254883698	1.0	1.0	0.3164309725825328	0.23800671553691075	0.059765244310556895	0.585786437626905	1.0	1.0	1.0	1.0	1.0	0.3660254037844386	0.5	0.12408067293206396	0.3430703308172536	0.585786437626905	0.0843908814983967	1.0	1.0	1.0	0.23497542908541053	0.3483314773547883	1.0	1.0	1.0
sv	1.0	1.0	1.0	0.585786437626905	0.0854222813229423	0.13115745501460657	0.36602540378443865	0.04742618886757772	0.1518588362793765	0.11159563795440167	0.39564392373896007	0.4364916731037085	0.26000064059596756	0.17358241318593384	0.0549182535230956	0.20856217852254144	0.19160741797296413	0.39564392373896007	1.0	1.0	1.0	0.17426982018161233	0.16538627648801704	0.12025077790787218	0.2521127429279827	0.18163482541075254	0.13566892467595743	1.0	0.2857142857142857	0.23497542908541053	1.0	1.0	0.4364916731037085	1.0	0.2158344610587697
te	0.0	1.0	1.0	1.0	1.0	0.585786437626905	1.0	0.4364916731037085	0.4364916731037085	0.5	1.0	1.0	0.585786437626905	1.0	0.39564392373896007	1.0	1.0	1.0	1.0	1.0	1.0	1.0	0.585786437626905	0.25000000000000006	1.0	1.0	0.12556198186509598	1.0	1.0	0.3483314773547883	1.0	1.0	1.0	1.0	1.0
vi	1.0	1.0	1.0	1.0	0.17518814002874858	0.38742588672279304	1.0	0.10421234752432612	0.38742588672279304	0.5	0.585786437626905	1.0	1.0	0.4142135623730951	0.1799486093979586	0.585786437626905	0.585786437626905	1.0	1.0	1.0	1.0	1.0	1.0	0.3090169943749474	0.5	0.585786437626905	0.21089672205953397	1.0	1.0	1.0	0.4364916731037085	1.0	1.0	1.0	0.585786437626905
war	0.0	0.0	0.0	0.0	1.0	1.0	1.0	1.0	1.0	1.0	1.0	0.0	1.0	1.0	1.0	1.0	1.0	1.0	0.0	0.0	1.0	1.0	1.0	1.0	1.0	1.0	1.0	1.0	1.0	1.0	1.0	1.0	1.0	1.0	0.0
zh	1.0	1.0	1.0	1.0	0.11913709945850207	0.12629634161955186	1.0	0.04426411233563175	0.16879264089884097	0.11223079535876684	1.0	1.0	0.36602540378443865	0.23166247903554	0.0474849881679664	0.585786437626905	0.585786437626905	1.0	1.0	1.0	1.0	0.2240092377397959	0.28989794855663564	0.0955637553229154	0.3090169943749474	0.585786437626905	0.0919845130988077	1.0	0.44948974278317805	1.0	0.2158344610587697	1.0	0.585786437626905	0.0	1.0
