arz	bs	ceb	ckb	da	de	el	en	es	fr	he	hi	hu	id	it	ja	ko	lv	mk	ml	mr	nl	pl	pt	ro	ru	sh	si	simple	sr	sv	te	tr	vi	war	zh
arz	1.0	1.0	0.0	1.0	1.0	1.0	1.0	1.0	1.0	1.0	1.0	1.0	1.0	0.585786437626905	1.0	1.0	1.0	1.0	1.0	1.0	1.0	1.0	1.0	1.0	1.0	1.0	1.0	1.0	1.0	1.0	1.0	1.0	1.0	1.0	0.585786437626905	1.0
bs	1.0	1.0	1.0	0.585786437626905	0.4356120478348471	0.44948974278317805	1.0	0.4142135623730951	0.44948974278317805	0.44948974278317805	0.5	0.585786437626905	0.5	0.3660254037844386	0.44948974278317805	0.44948974278317805	0.44948974278317805	1.0	1.0	1.0	1.0	0.38606744123601333	0.44948974278317805	0.4142135623730951	0.585786437626905	0.44948974278317805	0.44948974278317805	1.0	0.4142135623730951	0.585786437626905	0.44948974278317805	1.0	0.585786437626905	0.44948974278317805	0.585786437626905	0.44948974278317805
ceb	0.0	1.0	1.0	0.0	1.0	1.0	0.0	1.0	1.0	1.0	1.0	1.0	1.0	1.0	1.0	1.0	1.0	1.0	1.0	1.0	0.0	1.0	1.0	1.0	1.0	1.0	1.0	1.0	1.0	1.0	1.0	0.0	-1.0	1.0	1.0	1.0
ckb	1.0	0.585786437626905	0.0	1.0	0.39564392373896007	1.0	1.0	0.585786437626905	1.0	1.0	1.0	1.0	1.0	0.44948974278317805	1.0	1.0	1.0	1.0	1.0	1.0	1.0	0.39564392373896007	1.0	0.585786437626905	1.0	1.0	0.4142135623730951	1.0	0.5	1.0	1.0	1.0	0.585786437626905	1.0	0.585786437626905	1.0
da	1.0	0.4356120478348471	1.0	0.39564392373896007	1.0	0.3483314773547883	0.585786437626905	0.3483314773547883	0.36602540378443865	0.3483314773547883	0.5	0.39564392373896	0.5	0.3380788308512194	0.36602540378443865	0.36602540378443865	0.36602540378443865	0.585786437626905	0.585786437626905	0.585786437626905	1.0	0.32306442938790814	0.36602540378443865	0.36602540378443865	0.39564392373896007	0.36602540378443865	0.37926872769071385	1.0	0.4142135623730951	0.36602540378443865	0.3483314773547883	1.0	0.39564392373896007	0.39564392373896007	0.585786437626905	0.36602540378443865
de	1.0	0.44948974278317805	1.0	1.0	0.3483314773547883	1.0	1.0	0.12332463270596312	0.21393876913398135	0.1618099389409039	0.5	0.4364916731037085	0.44948974278317805	0.29429805508554946	0.12789210656028413	0.24257131419419417	0.44948974278317805	1.0	1.0	1.0	1.0	0.11831198871792989	0.34833147735478825	0.22772999919644132	0.585786437626905	0.21089672205953397	0.4142135623730951	1.0	0.4142135623730951	0.44948974278317805	0.33333333333333326	1.0	0.3288130902060995	1.0	0.585786437626905	0.2742918851774318
el	1.0	1.0	0.0	1.0	0.585786437626905	1.0	1.0	0.585786437626905	0.585786437626905	0.4364916731037085	1.0	1.0	1.0	0.5	0.585786437626905	1.0	1.0	1.0	1.0	1.0	1.0	0.585786437626905	0.585786437626905	1.0	1.0	1.0	0.585786437626905	1.0	0.5	0.585786437626905	1.0	1.0	0.39564392373896007	1.0	0.585786437626905	1.0
en	1.0	0.4142135623730951	1.0	0.585786437626905	0.3483314773547883	0.12332463270596312	0.585786437626905	1.0	0.1552653218004957	0.11419804257149406	0.3660254037844386	0.585786437626905	0.4142135623730951	0.27792629762666365	0.11651106980622213	0.17379378377786506	0.26968623182294527	0.585786437626905	0.585786437626905	0.585786437626905	1.0	0.10328575028023758	0.23441237831492112	0.1951941016011038	0.44948974278317805	0.2402530733520421	0.38742588672279304	0.585786437626905	0.38742588672279304	0.44948974278317805	0.21604850763119507	1.0	0.3021694792519622	0.585786437626905	0.585786437626905	0.24336073281110826
es	1.0	0.44948974278317805	1.0	1.0	0.36602540378443865	0.21393876913398135	0.585786437626905	0.1552653218004957	1.0	0.2372732414640341	0.44948974278317805	0.585786437626905	0.44948974278317805	0.4142135623730951	0.20168959288722538	0.26533119314590375	0.36602540378443865	1.0	1.0	1.0	1.0	0.18713916788445778	0.2791745113185196	0.25175647872610657	0.5	0.30216947925196225	0.4142135623730951	1.0	0.5	0.44948974278317805	0.252650308587072	1.0	0.5	1.0	0.585786437626905	0.34833147735478825
fr	1.0	0.44948974278317805	1.0	1.0	0.3483314773547883	0.1618099389409039	0.4364916731037085	0.11419804257149406	0.2372732414640341	1.0	0.36602540378443865	1.0	0.44948974278317805	0.38742588672279304	0.1639607805437114	0.3090169943749474	0.5	1.0	1.0	1.0	1.0	0.1290212480860341	0.28172904669025317	0.21712927295533244	0.585786437626905	0.2958163163244893	0.4142135623730951	1.0	0.4142135623730951	0.44948974278317805	0.3288130902060995	1.0	0.36602540378443865	1.0	0.585786437626905	0.38742588672279304
he	1.0	0.5	1.0	1.0	0.5	0.5	1.0	0.3660254037844386	0.44948974278317805	0.36602540378443865	1.0	1.0	1.0	0.39564392373896007	0.3660254037844386	1.0	1.0	1.0	1.0	1.0	1.0	0.2043134457775982	0.5	0.44948974278317805	1.0	1.0	0.585786437626905	1.0	0.44948974278317805	0.585786437626905	0.36602540378443865	1.0	0.585786437626905	1.0	0.585786437626905	1.0
hi	1.0	0.585786437626905	1.0	1.0	0.39564392373896	0.4364916731037085	1.0	0.585786437626905	0.585786437626905	1.0	1.0	1.0	1.0	0.44948974278317805	0.36602540378443865	1.0	1.0	1.0	1.0	1.0	1.0	0.27718637277259645	1.0	0.585786437626905	1.0	1.0	0.44948974278317805	1.0	0.44948974278317805	0.585786437626905	1.0	1.0	0.585786437626905	1.0	0.585786437626905	1.0
hu	1.0	0.5	1.0	1.0	0.5	0.44948974278317805	1.0	0.4142135623730951	0.44948974278317805	0.44948974278317805	1.0	1.0	1.0	0.5	0.3660254037844386	1.0	1.0	1.0	1.0	1.0	1.0	0.23756573195443464	0.5	0.4142135623730951	1.0	1.0	0.585786437626905	1.0	0.4142135623730951	0.585786437626905	0.585786437626905	1.0	1.0	0.585786437626905	0.585786437626905	1.0
id	0.585786437626905	0.3660254037844386	1.0	0.44948974278317805	0.3380788308512194	0.29429805508554946	0.5	0.27792629762666365	0.4142135623730951	0.38742588672279304	0.39564392373896007	0.44948974278317805	0.5	1.0	0.28172904669025317	0.29429805508554946	0.4142135623730951	0.585786437626905	0.585786437626905	0.585786437626905	0.585786437626905	0.23654719877941746	0.28172904669025317	0.2674788903885893	0.36602540378443865	0.3090169943749474	0.4142135623730951	1.0	0.44948974278317805	0.44948974278317805	0.3430703308172536	0.585786437626905	0.2989350844248255	0.44948974278317805	1.0	0.3090169943749474
it	1.0	0.44948974278317805	1.0	1.0	0.36602540378443865	0.12789210656028413	0.585786437626905	0.11651106980622213	0.20168959288722538	0.1639607805437114	0.3660254037844386	0.36602540378443865	0.3660254037844386	0.28172904669025317	1.0	0.2240092377397959	0.26533119314590375	1.0	1.0	1.0	1.0	0.1329281544504398	0.21604850763119507	0.1523978050299707	0.4142135623730951	0.18660549686337075	0.44948974278317805	1.0	0.3660254037844386	0.38742588672279304	0.28172904669025317	1.0	0.3164309725825328	0.585786437626905	0.585786437626905	0.21290885543182675
ja	1.0	0.44948974278317805	1.0	1.0	0.36602540378443865	0.24257131419419417	1.0	0.17379378377786506	0.26533119314590375	0.3090169943749474	1.0	1.0	1.0	0.29429805508554946	0.2240092377397959	1.0	1.0	1.0	1.0	1.0	1.0	0.13610807193834956	0.34833147735478825	0.2958163163244893	0.5	1.0	0.4142135623730951	1.0	0.4142135623730951	0.5	0.29429805508554946	1.0	0.3430703308172536	1.0	0.585786437626905	1.0
ko	1.0	0.44948974278317805	1.0	1.0	0.36602540378443865	0.44948974278317805	1.0	0.26968623182294527	0.36602540378443865	0.5	1.0	1.0	1.0	0.4142135623730951	0.26533119314590375	1.0	1.0	1.0	1.0	1.0	1.0	0.15726803436609332	0.4142135623730951	0.3430703308172536	0.585786437626905	1.0	0.4142135623730951	1.0	0.4142135623730951	0.5	0.585786437626905	1.0	0.36602540378443865	1.0	0.585786437626905	1.0
lv	1.0	1.0	1.0	1.0	0.585786437626905	1.0	1.0	0.585786437626905	1.0	1.0	1.0	1.0	1.0	0.585786437626905	1.0	1.0	1.0	1.0	1.0	1.0	1.0	0.585786437626905	1.0	1.0	1.0	1.0	0.585786437626905	1.0	0.5	1.0	1.0	1.0	1.0	1.0	0.585786437626905	1.0
mk	1.0	1.0	1.0	1.0	0.585786437626905	1.0	1.0	0.585786437626905	1.0	1.0	1.0	1.0	1.0	0.585786437626905	1.0	1.0	1.0	1.0	1.0	1.0	1.0	0.4364916731037085	0.585786437626905	1.0	1.0	1.0	0.585786437626905	1.0	0.5	1.0	1.0	1.0	1.0	1.0	0.585786437626905	1.0
ml	1.0	1.0	1.0	1.0	0.585786437626905	1.0	1.0	0.585786437626905	1.0	1.0	1.0	1.0	1.0	0.585786437626905	1.0	1.0	1.0	1.0	1.0	1.0	1.0	0.585786437626905	1.0	1.0	1.0	1.0	0.585786437626905	1.0	0.5	1.0	1.0	1.0	1.0	1.0	0.585786437626905	1.0
mr	1.0	1.0	0.0	1.0	1.0	1.0	1.0	1.0	1.0	1.0	1.0	1.0	1.0	0.585786437626905	1.0	1.0	1.0	1.0	1.0	1.0	1.0	1.0	1.0	1.0	1.0	1.0	1.0	1.0	1.0	1.0	1.0	1.0	1.0	1.0	0.585786437626905	1.0
nl	1.0	0.38606744123601333	1.0	0.39564392373896007	0.32306442938790814	0.11831198871792989	0.585786437626905	0.10328575028023758	0.18713916788445778	0.1290212480860341	0.2043134457775982	0.27718637277259645	0.23756573195443464	0.23654719877941746	0.1329281544504398	0.13610807193834956	0.15726803436609332	0.585786437626905	0.4364916731037085	0.585786437626905	1.0	1.0	0.15522266075144928	0.14890977052086576	0.3164309725825328	0.1284962218472282	0.3477870010038738	1.0	0.324884655563302	0.2324306446460928	0.2958163163244893	1.0	0.2612038749637414	0.32449979983983984	0.585786437626905	0.14213411430869038
pl	1.0	0.44948974278317805	1.0	1.0	0.36602540378443865	0.34833147735478825	0.585786437626905	0.23441237831492112	0.2791745113185196	0.28172904669025317	0.5	1.0	0.5	0.28172904669025317	0.21604850763119507	0.34833147735478825	0.4142135623730951	1.0	0.585786437626905	1.0	1.0	0.15522266075144928	1.0	0.3203772410170407	0.44948974278317805	0.38742588672279304	0.44948974278317805	1.0	0.4142135623730951	0.4142135623730951	0.4142135623730951	1.0	0.3726822671238253	0.585786437626905	0.585786437626905	0.4142135623730951
pt	1.0	0.4142135623730951	1.0	0.585786437626905	0.36602540378443865	0.22772999919644132	1.0	0.1951941016011038	0.25175647872610657	0.21712927295533244	0.44948974278317805	0.585786437626905	0.4142135623730951	0.2674788903885893	0.1523978050299707	0.2958163163244893	0.3430703308172536	1.0	1.0	1.0	1.0	0.14890977052086576	0.3203772410170407	1.0	0.44948974278317805	0.2958163163244893	0.38742588672279304	1.0	0.38742588672279304	0.5	0.2898979485566356	1.0	0.28989794855663564	0.5	0.585786437626905	0.3164309725825328
ro	1.0	0.585786437626905	1.0	1.0	0.39564392373896007	0.585786437626905	1.0	0.44948974278317805	0.5	0.585786437626905	1.0	1.0	1.0	0.36602540378443865	0.4142135623730951	0.5	0.585786437626905	1.0	1.0	1.0	1.0	0.3164309725825328	0.44948974278317805	0.44948974278317805	1.0	0.585786437626905	0.4142135623730951	1.0	0.5	0.585786437626905	0.585786437626905	1.0	0.44948974278317805	0.585786437626905	0.585786437626905	0.5
ru	1.0	0.44948974278317805	1.0	1.0	0.36602540378443865	0.21089672205953397	1.0	0.2402530733520421	0.30216947925196225	0.2958163163244893	1.0	1.0	1.0	0.3090169943749474	0.18660549686337075	1.0	1.0	1.0	1.0	1.0	1.0	0.1284962218472282	0.38742588672279304	0.2958163163244893	0.585786437626905	1.0	0.44948974278317805	1.0	0.4142135623730951	0.5	0.32449979983983984	1.0	0.3430703308172536	1.0	0.585786437626905	1.0
sh	1.0	0.44948974278317805	1.0	0.4142135623730951	0.37926872769071385	0.4142135623730951	0.585786437626905	0.38742588672279304	0.4142135623730951	0.4142135623730951	0.585786437626905	0.44948974278317805	0.585786437626905	0.4142135623730951	0.44948974278317805	0.4142135623730951	0.4142135623730951	0.585786437626905	0.585786437626905	0.585786437626905	1.0	0.3477870010038738	0.44948974278317805	0.38742588672279304	0.4142135623730951	0.44948974278317805	1.0	0.585786437626905	0.5	0.44948974278317805	0.4142135623730951	1.0	0.38742588672279304	0.4142135623730951	0.585786437626905	0.4142135623730951
si	1.0	1.0	1.0	1.0	1.0	1.0	1.0	0.585786437626905	1.0	1.0	1.0	1.0	1.0	1.0	1.0	1.0	1.0	1.0	1.0	1.0	1.0	1.0	1.0	1.0	1.0	1.0	0.585786437626905	1.0	0.5	1.0	1.0	1.0	1.0	1.0	1.0	1.0
simple	1.0	0.4142135623730951	1.0	0.5	0.4142135623730951	0.4142135623730951	0.5	0.38742588672279304	0.5	0.4142135623730951	0.44948974278317805	0.44948974278317805	0.4142135623730951	0.44948974278317805	0.3660254037844386	0.4142135623730951	0.4142135623730951	0.5	0.5	0.5	1.0	0.324884655563302	0.4142135623730951	0.38742588672279304	0.5	0.4142135623730951	0.5	0.5	1.0	0.4142135623730951	0.4142135623730951	1.0	0.35388936786452296	0.5	0.585786437626905	0.4142135623730951
sr	1.0	0.585786437626905	1.0	1.0	0.36602540378443865	0.44948974278317805	0.585786437626905	0.44948974278317805	0.44948974278317805	0.44948974278317805	0.585786437626905	0.585786437626905	0.585786437626905	0.44948974278317805	0.38742588672279304	0.5	0.5	1.0	1.0	1.0	1.0	0.2324306446460928	0.4142135623730951	0.5	0.585786437626905	0.5	0.44948974278317805	1.0	0.4142135623730951	1.0	0.5	1.0	0.39564392373896007	1.0	0.585786437626905	0.5
sv	1.0	0.44948974278317805	1.0	1.0	0.3483314773547883	0.33333333333333326	1.0	0.21604850763119507	0.252650308587072	0.3288130902060995	0.36602540378443865	1.0	0.585786437626905	0.3430703308172536	0.28172904669025317	0.29429805508554946	0.585786437626905	1.0	1.0	1.0	1.0	0.2958163163244893	0.4142135623730951	0.2898979485566356	0.585786437626905	0.32449979983983984	0.4142135623730951	1.0	0.4142135623730951	0.5	1.0	1.0	0.3430703308172536	1.0	0.585786437626905	0.4142135623730951
te	1.0	1.0	0.0	1.0	1.0	1.0	1.0	1.0	1.0	1.0	1.0	1.0	1.0	0.585786437626905	1.0	1.0	1.0	1.0	1.0	1.0	1.0	1.0	1.0	1.0	1.0	1.0	1.0	1.0	1.0	1.0	1.0	1.0	1.0	1.0	0.585786437626905	1.0
tr	1.0	0.585786437626905	-1.0	0.585786437626905	0.39564392373896007	0.3288130902060995	0.39564392373896007	0.3021694792519622	0.5	0.36602540378443865	0.585786437626905	0.585786437626905	1.0	0.2989350844248255	0.3164309725825328	0.3430703308172536	0.36602540378443865	1.0	1.0	1.0	1.0	0.2612038749637414	0.3726822671238253	0.28989794855663564	0.44948974278317805	0.3430703308172536	0.38742588672279304	1.0	0.35388936786452296	0.39564392373896007	0.3430703308172536	1.0	1.0	0.585786437626905	0.585786437626905	0.3430703308172536
vi	1.0	0.44948974278317805	1.0	1.0	0.39564392373896007	1.0	1.0	0.585786437626905	1.0	1.0	1.0	1.0	0.585786437626905	0.44948974278317805	0.585786437626905	1.0	1.0	1.0	1.0	1.0	1.0	0.32449979983983984	0.585786437626905	0.5	0.585786437626905	1.0	0.4142135623730951	1.0	0.5	1.0	1.0	1.0	0.585786437626905	1.0	0.585786437626905	1.0
war	0.585786437626905	0.585786437626905	1.0	0.585786437626905	0.585786437626905	0.585786437626905	0.585786437626905	0.585786437626905	0.585786437626905	0.585786437626905	0.585786437626905	0.585786437626905	0.585786437626905	1.0	0.585786437626905	0.585786437626905	0.585786437626905	0.585786437626905	0.585786437626905	0.585786437626905	0.585786437626905	0.585786437626905	0.585786437626905	0.585786437626905	0.585786437626905	0.585786437626905	0.585786437626905	1.0	0.585786437626905	0.585786437626905	0.585786437626905	0.585786437626905	0.585786437626905	0.585786437626905	1.0	0.585786437626905
zh	1.0	0.44948974278317805	1.0	1.0	0.36602540378443865	0.2742918851774318	1.0	0.24336073281110826	0.34833147735478825	0.38742588672279304	1.0	1.0	1.0	0.3090169943749474	0.21290885543182675	1.0	1.0	1.0	1.0	1.0	1.0	0.14213411430869038	0.4142135623730951	0.3164309725825328	0.5	1.0	0.4142135623730951	1.0	0.4142135623730951	0.5	0.4142135623730951	1.0	0.3430703308172536	1.0	0.585786437626905	1.0
