arz	bs	ceb	ckb	da	de	el	en	es	fr	he	hi	hu	id	it	ja	ko	lv	mk	ml	mr	nl	pl	pt	ro	ru	sh	si	simple	sr	sv	te	vi	war	zh
arz	1.0	1.0	0.0	0.0	1.0	0.5660160774121898	1.0	0.44930756545688116	0.4695960115558277	0.0	0.5660160774121898	0.0	1.0	1.0	0.4695960115558277	0.4695960115558277	0.5020797777427737	1.0	1.0	0.0	0.0	0.4695960115558277	0.4695960115558277	0.5020797777427737	0.5020797777427737	0.4470243838006413	0.5660160774121898	0.0	1.0	0.5660160774121898	1.0	0.0	0.5020797777427737	0.0	0.4308507195827609
bs	1.0	1.0	0.0	1.0	0.8755395908437883	0.8755395908437883	0.741517517361894	0.49720675430425987	0.5197229446757986	0.0	0.45311018523618435	1.0	0.8216064286890065	0.741517517361894	0.41741662804927504	0.8678096919357617	0.8755395908437883	0.8755395908437883	0.741517517361894	0.8216064286890065	1.0	0.8755395908437883	0.4235163702697673	0.522106373779932	0.5992172631456886	0.5740816072170853	0.8755395908437883	1.0	0.741517517361894	0.741517517361894	0.8755395908437883	1.0	0.8216064286890065	0.8755395908437883	0.6556804245686874
ceb	0.0	0.0	1.0	0.0	1.0	1.0	1.0	1.0	1.0	0.0	1.0	0.0	0.0	0.0	1.0	1.0	1.0	1.0	0.0	0.0	0.0	1.0	1.0	1.0	1.0	1.0	1.0	0.0	0.0	0.0	1.0	0.0	1.0	0.0	1.0
ckb	0.0	1.0	0.0	1.0	1.0	1.0	1.0	1.0	1.0	0.0	1.0	1.0	1.0	1.0	1.0	1.0	1.0	1.0	1.0	1.0	1.0	1.0	1.0	1.0	0.8216064286890065	1.0	1.0	1.0	1.0	1.0	1.0	1.0	0.7863954451402115	1.0	1.0
da	1.0	0.8755395908437883	1.0	1.0	1.0	0.29203929862868255	0.3534554890346097	0.13283278671219365	0.19129531816601286	0.0	0.4047488544459792	1.0	0.6075140908270578	0.321055279272861	0.273950345360959	0.20480260418584254	0.5251774567285235	0.6011455215697223	0.6185142973250649	0.5723083188230346	1.0	0.18722857638895296	0.3283095701347629	0.3549776062229404	0.2847488793232091	0.21163673189076304	0.5142603811299	1.0	0.6431915320584143	0.6659907318777405	0.17390547900523645	1.0	0.32098405300918914	1.0	0.319224264193521
de	0.5660160774121898	0.8755395908437883	1.0	1.0	0.29203929862868255	1.0	0.15011989795902309	0.05513949217968886	0.1143902738771899	0.0	0.2541612242555279	1.0	0.27892078954750177	0.23180103524349507	0.07408191175079583	0.13445820475246562	0.46313596882790004	0.40543904030770705	0.7189258117174852	0.2631952984360194	1.0	0.10567056860495001	0.08372650997939243	0.13389078565463128	0.24113528867615205	0.07979657838628655	0.3726361271924376	1.0	0.6328184886337118	0.3450999555354326	0.1628512116108852	1.0	0.24440957709926994	1.0	0.15286058299315555
el	1.0	0.741517517361894	1.0	1.0	0.3534554890346097	0.15011989795902309	1.0	0.08553171453807734	0.15644349006007116	0.0	0.23069389607927226	1.0	0.48962885432502606	0.27144500713294073	0.1319067581196317	0.19765055140135207	0.45538828723633246	0.4496163472209398	0.7263875964832448	0.30425694109426543	1.0	0.12902542943762818	0.1366665371426419	0.1842888721093982	0.2516242846903108	0.15036927137191833	0.3032397516714856	1.0	0.5369225329455697	0.5741312018063599	0.17229122608189557	1.0	0.3233149795381904	1.0	0.19696326295880576
en	0.44930756545688116	0.49720675430425987	1.0	1.0	0.13283278671219365	0.05513949217968886	0.08553171453807734	1.0	0.04456867884169263	0.6134353192210044	0.10846077080225033	0.5464419672698064	0.19032225786623957	0.16210700500618322	0.033396455784541486	0.08719445210994674	0.35080987698965865	0.1747048255630522	0.39592599017377045	0.07718837243879877	1.0	0.04719058720975806	0.04190444242315895	0.050773388895648655	0.10296599053614185	0.04307300683913828	0.14231894355406663	0.7411828468492555	0.23412270079514783	0.24847096822056436	0.06818136509914849	1.0	0.1887209751253556	1.0	0.08309247468944346
es	0.4695960115558277	0.5197229446757986	1.0	1.0	0.19129531816601286	0.1143902738771899	0.15644349006007116	0.04456867884169263	1.0	1.0	0.19533659916353913	1.0	0.2698754029556534	0.17916552315587628	0.042879133579908565	0.12334931111393285	0.45565632755916574	0.36032713366148267	0.7134542832283588	0.1466355496373008	1.0	0.07138421224760617	0.05400159860131686	0.07941423177225396	0.19994090585070748	0.06094620015981012	0.320191542716846	1.0	0.4952502896423579	0.29877862342104056	0.1171532744094675	1.0	0.2269452929505821	1.0	0.1213657505892176
fr	0.0	0.0	0.0	0.0	0.0	0.0	0.0	0.6134353192210044	1.0	1.0	0.0	0.0	0.0	0.0	0.7263875964832448	0.0	0.0	0.0	0.0	0.0	0.0	1.0	1.0	1.0	0.0	1.0	0.0	0.0	0.0	0.0	0.0	0.0	0.0	0.0	1.0
he	0.5660160774121898	0.45311018523618435	1.0	1.0	0.4047488544459792	0.2541612242555279	0.23069389607927226	0.10846077080225033	0.19533659916353913	0.0	1.0	1.0	0.5544848179512238	0.31198160616475723	0.1431582462362415	0.16780375181092833	0.4355940387333966	0.27546537605178845	0.6443242360956813	0.304376175555588	1.0	0.15483760792825585	0.17919669357422066	0.18095616008897264	0.2388028839559058	0.14023076276693128	0.3211835004542382	1.0	0.4744014878538913	0.3710984211258912	0.2369579594656601	1.0	0.29987611385439084	1.0	0.16413219747158067
hi	0.0	1.0	0.0	1.0	1.0	1.0	1.0	0.5464419672698064	1.0	0.0	1.0	1.0	1.0	0.4695960115558277	0.6510253139194132	0.6704675947063355	1.0	1.0	1.0	1.0	1.0	0.4695960115558277	1.0	0.7376607345031152	1.0	0.7322034805959264	1.0	1.0	1.0	1.0	1.0	1.0	1.0	1.0	1.0
hu	1.0	0.8216064286890065	0.0	1.0	0.6075140908270578	0.27892078954750177	0.48962885432502606	0.19032225786623957	0.2698754029556534	0.0	0.5544848179512238	1.0	1.0	0.42534549395239046	0.3298307643305918	0.30528395812753467	0.6031722582632506	1.0	1.0	0.36434439468756835	1.0	0.3101132572684973	0.3172499839029396	0.38137987346994445	0.31316865425643375	0.30602229170499456	0.597846802739583	1.0	1.0	0.6908587525207898	0.33001435444962035	1.0	0.5043654833663136	1.0	0.3768953110478827
id	1.0	0.741517517361894	0.0	1.0	0.321055279272861	0.23180103524349507	0.27144500713294073	0.16210700500618322	0.17916552315587628	0.0	0.31198160616475723	0.4695960115558277	0.42534549395239046	1.0	0.20564241990339951	0.2341702182234249	0.5014140185971256	0.3977986655771467	0.6994017365373272	0.22762978979434467	1.0	0.22103963546155467	0.1932999093883313	0.18487621202785984	0.35716838310717386	0.20262374639913588	0.44218777539019133	0.7584325078215763	0.4639237748456214	0.5270438421350186	0.3321676323512665	1.0	0.3396145604346921	1.0	0.2287911155707323
it	0.4695960115558277	0.41741662804927504	1.0	1.0	0.273950345360959	0.07408191175079583	0.1319067581196317	0.033396455784541486	0.042879133579908565	0.7263875964832448	0.1431582462362415	0.6510253139194132	0.3298307643305918	0.20564241990339951	1.0	0.10740777053865053	0.4046538702541179	0.29796680748301907	0.5889899959755058	0.11063309306847142	1.0	0.059285246710494476	0.0437645400134967	0.06382218128314733	0.1840797651738427	0.04454406702914871	0.25161888795568577	1.0	0.3361321944446604	0.30717362163317113	0.10723987878488359	1.0	0.20924568027685517	1.0	0.11785486759783312
ja	0.4695960115558277	0.8678096919357617	1.0	1.0	0.20480260418584254	0.13445820475246562	0.19765055140135207	0.08719445210994674	0.12334931111393285	0.0	0.16780375181092833	0.6704675947063355	0.30528395812753467	0.2341702182234249	0.10740777053865053	1.0	0.35083191001812136	0.27638638914957414	0.5445835176701389	0.2050101960680179	1.0	0.12010697307451923	0.12088186559132316	0.1202169758413462	0.17716360018345828	0.09958351344828328	0.2543674362553391	1.0	0.33801649705551656	0.24507558505130864	0.1334047192721484	1.0	0.2140261105522902	0.7510341748895938	0.13538329606322
ko	0.5020797777427737	0.8755395908437883	1.0	1.0	0.5251774567285235	0.46313596882790004	0.45538828723633246	0.35080987698965865	0.45565632755916574	0.0	0.4355940387333966	1.0	0.6031722582632506	0.5014140185971256	0.4046538702541179	0.35083191001812136	1.0	0.7210092110599264	1.0	0.5499261341452261	1.0	0.3318307635699757	0.484242250409387	0.38385434173039906	0.30076797018538187	0.3189818285983988	0.5160313514686875	1.0	0.6413391080843026	0.5442839837199841	0.24510674781363	1.0	0.33966148957849057	1.0	0.30229011804665845
lv	1.0	0.8755395908437883	1.0	1.0	0.6011455215697223	0.40543904030770705	0.4496163472209398	0.1747048255630522	0.36032713366148267	0.0	0.27546537605178845	1.0	1.0	0.3977986655771467	0.29796680748301907	0.27638638914957414	0.7210092110599264	1.0	1.0	0.6047497340766421	1.0	0.2841990842750949	0.26282854779721637	0.21833612882584982	0.2384984380783915	0.24489573618911525	0.5236838095673273	1.0	0.6393867611309196	0.6042055995786251	0.30560665652954017	1.0	0.394045498970347	1.0	0.1747370573979538
mk	1.0	0.741517517361894	0.0	1.0	0.6185142973250649	0.7189258117174852	0.7263875964832448	0.39592599017377045	0.7134542832283588	0.0	0.6443242360956813	1.0	1.0	0.6994017365373272	0.5889899959755058	0.5445835176701389	1.0	1.0	1.0	1.0	1.0	0.3652918729618234	0.7179915061657698	1.0	0.5265756663793469	0.6351230907290178	1.0	1.0	1.0	1.0	0.7221793916855703	1.0	0.6841174893561722	1.0	0.7221793916855702
ml	0.0	0.8216064286890065	0.0	1.0	0.5723083188230346	0.2631952984360194	0.30425694109426543	0.07718837243879877	0.1466355496373008	0.0	0.304376175555588	1.0	0.36434439468756835	0.22762978979434467	0.11063309306847142	0.2050101960680179	0.5499261341452261	0.6047497340766421	1.0	1.0	1.0	0.1714500061845461	0.1742528779576339	0.1498501886298892	0.31385273783551426	0.12554352881751749	0.3943902568094446	0.7690990303325336	0.3799318376810542	0.5376077100104019	0.40385218161260694	0.8216064286890065	0.3341534619630822	0.7690990303325336	0.21331585998055316
mr	0.0	1.0	0.0	1.0	1.0	1.0	1.0	1.0	1.0	0.0	1.0	1.0	1.0	1.0	1.0	1.0	1.0	1.0	1.0	1.0	1.0	1.0	1.0	1.0	1.0	1.0	1.0	1.0	1.0	1.0	1.0	1.0	1.0	1.0	1.0
nl	0.4695960115558277	0.8755395908437883	1.0	1.0	0.18722857638895296	0.10567056860495001	0.12902542943762818	0.04719058720975806	0.07138421224760617	1.0	0.15483760792825585	0.4695960115558277	0.3101132572684973	0.22103963546155467	0.059285246710494476	0.12010697307451923	0.3318307635699757	0.2841990842750949	0.3652918729618234	0.1714500061845461	1.0	1.0	0.06963169810574323	0.11308053590374893	0.19373763848573441	0.0651341225168525	0.29089949414618077	1.0	0.45088574887453575	0.38981986558369724	0.11234820467247958	1.0	0.2177126565052193	1.0	0.14073080055832873
pl	0.4695960115558277	0.4235163702697673	1.0	1.0	0.3283095701347629	0.08372650997939243	0.1366665371426419	0.04190444242315895	0.05400159860131686	1.0	0.17919669357422066	1.0	0.3172499839029396	0.1932999093883313	0.0437645400134967	0.12088186559132316	0.484242250409387	0.26282854779721637	0.7179915061657698	0.1742528779576339	1.0	0.06963169810574323	1.0	0.09346952849460088	0.21647192352533762	0.05457837558402345	0.3212641494496966	1.0	0.33439662733184383	0.28058604580710844	0.12745143485846194	1.0	0.21557816735670754	1.0	0.14090417131373326
pt	0.5020797777427737	0.522106373779932	1.0	1.0	0.3549776062229404	0.13389078565463128	0.1842888721093982	0.050773388895648655	0.07941423177225396	1.0	0.18095616008897264	0.7376607345031152	0.38137987346994445	0.18487621202785984	0.06382218128314733	0.1202169758413462	0.38385434173039906	0.21833612882584982	1.0	0.1498501886298892	1.0	0.11308053590374893	0.09346952849460088	1.0	0.1537260791170382	0.07416800791453841	0.2852186003171814	1.0	0.47230442774745224	0.3220264088388914	0.1583109510746216	1.0	0.25073659711804974	1.0	0.1305753827665908
ro	0.5020797777427737	0.5992172631456886	1.0	0.8216064286890065	0.2847488793232091	0.24113528867615205	0.2516242846903108	0.10296599053614185	0.19994090585070748	0.0	0.2388028839559058	1.0	0.31316865425643375	0.35716838310717386	0.1840797651738427	0.17716360018345828	0.30076797018538187	0.2384984380783915	0.5265756663793469	0.31385273783551426	1.0	0.19373763848573441	0.21647192352533762	0.1537260791170382	1.0	0.18318588001122527	0.23500250480228016	1.0	0.3445735867370663	0.3650600310257715	0.2134515099310858	1.0	0.23619703984191043	0.7863954451402115	0.17045319071579426
ru	0.4470243838006413	0.5740816072170853	1.0	1.0	0.21163673189076304	0.07979657838628655	0.15036927137191833	0.04307300683913828	0.06094620015981012	1.0	0.14023076276693128	0.7322034805959264	0.30602229170499456	0.20262374639913588	0.04454406702914871	0.09958351344828328	0.3189818285983988	0.24489573618911525	0.6351230907290178	0.12554352881751749	1.0	0.0651341225168525	0.05457837558402345	0.07416800791453841	0.18318588001122527	1.0	0.24293021978753374	1.0	0.42555756923630866	0.268084286374748	0.10050292888960898	1.0	0.19053985325732958	1.0	0.10768976200764609
sh	0.5660160774121898	0.8755395908437883	1.0	1.0	0.5142603811299	0.3726361271924376	0.3032397516714856	0.14231894355406663	0.320191542716846	0.0	0.3211835004542382	1.0	0.597846802739583	0.44218777539019133	0.25161888795568577	0.2543674362553391	0.5160313514686875	0.5236838095673273	1.0	0.3943902568094446	1.0	0.29089949414618077	0.3212641494496966	0.2852186003171814	0.23500250480228016	0.24293021978753374	1.0	1.0	0.8030603337407819	0.43004717609390275	0.22929436523168242	1.0	0.3303502505449586	1.0	0.25688114657901295
si	0.0	1.0	0.0	1.0	1.0	1.0	1.0	0.7411828468492555	1.0	0.0	1.0	1.0	1.0	0.7584325078215763	1.0	1.0	1.0	1.0	1.0	0.7690990303325336	1.0	1.0	1.0	1.0	1.0	1.0	1.0	1.0	1.0	1.0	1.0	1.0	1.0	1.0	1.0
simple	1.0	0.741517517361894	0.0	1.0	0.6431915320584143	0.6328184886337118	0.5369225329455697	0.23412270079514783	0.4952502896423579	0.0	0.4744014878538913	1.0	1.0	0.4639237748456214	0.3361321944446604	0.33801649705551656	0.6413391080843026	0.6393867611309196	1.0	0.3799318376810542	1.0	0.45088574887453575	0.33439662733184383	0.47230442774745224	0.3445735867370663	0.42555756923630866	0.8030603337407819	1.0	1.0	0.6100541622387602	0.5024927934302719	1.0	0.47317961831254884	1.0	0.4126970785326181
sr	0.5660160774121898	0.741517517361894	0.0	1.0	0.6659907318777405	0.3450999555354326	0.5741312018063599	0.24847096822056436	0.29877862342104056	0.0	0.3710984211258912	1.0	0.6908587525207898	0.5270438421350186	0.30717362163317113	0.24507558505130864	0.5442839837199841	0.6042055995786251	1.0	0.5376077100104019	1.0	0.38981986558369724	0.28058604580710844	0.3220264088388914	0.3650600310257715	0.268084286374748	0.43004717609390275	1.0	0.6100541622387602	1.0	0.480667065224024	1.0	0.5802681416001652	1.0	0.3290725256572795
sv	1.0	0.8755395908437883	1.0	1.0	0.17390547900523645	0.1628512116108852	0.17229122608189557	0.06818136509914849	0.1171532744094675	0.0	0.2369579594656601	1.0	0.33001435444962035	0.3321676323512665	0.10723987878488359	0.1334047192721484	0.24510674781363	0.30560665652954017	0.7221793916855703	0.40385218161260694	1.0	0.11234820467247958	0.12745143485846194	0.1583109510746216	0.2134515099310858	0.10050292888960898	0.22929436523168242	1.0	0.5024927934302719	0.480667065224024	1.0	1.0	0.27213643086359984	1.0	0.2106287925746554
te	0.0	1.0	0.0	1.0	1.0	1.0	1.0	1.0	1.0	0.0	1.0	1.0	1.0	1.0	1.0	1.0	1.0	1.0	1.0	0.8216064286890065	1.0	1.0	1.0	1.0	1.0	1.0	1.0	1.0	1.0	1.0	1.0	1.0	0.7863954451402115	1.0	1.0
vi	0.5020797777427737	0.8216064286890065	1.0	0.7863954451402115	0.32098405300918914	0.24440957709926994	0.3233149795381904	0.1887209751253556	0.2269452929505821	0.0	0.29987611385439084	1.0	0.5043654833663136	0.3396145604346921	0.20924568027685517	0.2140261105522902	0.33966148957849057	0.394045498970347	0.6841174893561722	0.3341534619630822	1.0	0.2177126565052193	0.21557816735670754	0.25073659711804974	0.23619703984191043	0.19053985325732958	0.3303502505449586	1.0	0.47317961831254884	0.5802681416001652	0.27213643086359984	0.7863954451402115	1.0	1.0	0.20485853915847843
war	0.0	0.8755395908437883	0.0	1.0	1.0	1.0	1.0	1.0	1.0	0.0	1.0	1.0	1.0	1.0	1.0	0.7510341748895938	1.0	1.0	1.0	0.7690990303325336	1.0	1.0	1.0	1.0	0.7863954451402115	1.0	1.0	1.0	1.0	1.0	1.0	1.0	1.0	1.0	0.7584325078215765
zh	0.4308507195827609	0.6556804245686874	1.0	1.0	0.319224264193521	0.15286058299315555	0.19696326295880576	0.08309247468944346	0.1213657505892176	1.0	0.16413219747158067	1.0	0.3768953110478827	0.2287911155707323	0.11785486759783312	0.13538329606322	0.30229011804665845	0.1747370573979538	0.7221793916855702	0.21331585998055316	1.0	0.14073080055832873	0.14090417131373326	0.1305753827665908	0.17045319071579426	0.10768976200764609	0.25688114657901295	1.0	0.4126970785326181	0.3290725256572795	0.2106287925746554	1.0	0.20485853915847843	0.7584325078215765	1.0
