arz	bs	ceb	ckb	da	de	el	en	es	fr	he	hi	hu	id	it	ja	ko	lv	mk	ml	mr	nl	pl	pt	ro	ru	sh	si	simple	sr	sv	te	tr	vi	war	zh
arz	1.0	0.5183673469387755	0.515748031496063	0.699724517906336	0.5182186234817814	0.5164835164835164	0.6967418546365916	0.5135135135135135	0.5164835164835164	0.5140186915887851	0.6991869918699187	0.7005649717514124	0.5166051660516605	0.5163636363636364	0.5179282868525896	0.6974358974358974	0.6936936936936937	0.5183673469387755	0.699724517906336	0.699724517906336	0.699724517906336	0.5182186234817814	0.5175097276264592	0.5175097276264592	0.5177865612648221	0.6974358974358974	0.5183673469387755	0.7407407407407407	0.5179282868525896	0.6991869918699187	0.5151515151515151	0.7030716723549488	0.5263157894736842	0.5175097276264592	0.5183673469387755	0.5171102661596958
bs	0.5183673469387755	1.0	0.9188001233262238	0.6666666666666666	0.9676819811137585	0.895708197553202	0.656084656084656	0.7820254145931871	0.8765601060128376	0.797961578220198	0.664804469273743	0.6638176638176638	0.7687818949795024	0.8913384523536525	0.9660226246529388	0.6586021505376344	0.6446078431372549	0.8784210742275655	0.6666666666666666	0.6666666666666666	0.6666666666666666	0.9755648501156997	0.9402320452972966	0.7233433119918921	0.9516574368539349	0.6586021505376344	0.7273115119338247	0.5580524344569289	0.9644108376488426	0.664804469273743	0.840836370607072	0.6385542168674699	0.5915909988156337	0.9152798254752891	0.666966584189348	0.6881552469032804
ceb	0.515748031496063	0.9188001233262238	1.0	0.6575342465753424	0.9194912215111379	0.9083114206125417	0.6596858638743456	0.7909576347670562	0.8888828217177058	0.8071137925228816	0.6594005449591281	0.6546961325966851	0.7662653141969581	0.90335402170046	0.9275420654622155	0.6622340425531914	0.6480582524271845	0.8358510320667211	0.6575342465753424	0.6575342465753424	0.6575342465753424	0.9263185487732505	0.9434537816424053	0.7215679561420629	0.9249052043424743	0.6622340425531914	0.7099260213009247	0.5543478260869565	0.9361480594528464	0.6594005449591281	0.8519361770788261	0.6334310850439883	-1.0	0.9191443486557573	0.6578162131255919	0.6924039486490244
ckb	0.699724517906336	0.6666666666666666	0.6575342465753424	1.0	0.6657303370786517	0.6544502617801047	0.9763779527559056	0.6334841628959276	0.6544502617801047	0.6372093023255814	0.99581589958159	0.9936034115138592	0.6552631578947369	0.6536458333333334	0.663888888888889	0.9819639278557114	0.9511754068716095	0.6666666666666666	1.0	1.0	1.0	0.6657303370786517	0.6612021857923497	0.6612021857923497	0.6629834254143646	0.9819639278557114	0.6666666666666666	0.7740259740259741	0.663888888888889	0.99581589958159	0.645320197044335	0.9380530973451326	0.5348837209302326	0.6612021857923497	0.6666666666666666	0.6586021505376344
da	0.5182186234817814	0.9676819811137585	0.9194912215111379	0.6657303370786517	1.0	0.8956785571661557	0.6569920844327176	0.7819000290270993	0.8766835719580229	0.7986148418277266	0.6657381615598886	0.6628895184135978	0.7695949772000497	0.8914185983839024	0.9661212498324413	0.6595174262734586	0.6454767726161369	0.8706693552017409	0.6657303370786517	0.6657303370786517	0.6657303370786517	0.9641473541847048	0.9401494363831226	0.7238431406310534	0.9516459260175408	0.6595174262734586	0.7257650674298932	0.5576208178438662	0.9643597323530149	0.6657381615598886	0.8410984338053885	0.6396396396396395	0.582089552238806	0.9153023862632044	0.6660318541543556	0.6898176598757078
de	0.5164835164835164	0.895708197553202	0.9083114206125417	0.6544502617801047	0.8956785571661557	1.0	0.6649746192893401	0.8170025968727389	0.9061608554020774	0.8351733136665342	0.65625	0.6517150395778364	0.7838680978110333	0.9161254403635385	0.904449105286258	0.6590330788804072	0.6563981042654029	0.8175506082634716	0.6544502617801047	0.6544502617801047	0.6544502617801047	0.901635425106788	0.918536062914432	0.7119701076026097	0.9101322184254814	0.6624040920716113	0.7001459216200653	0.5525423728813559	0.9119282195167204	0.65625	0.8853664671379935	0.6312849162011173	0.5394736842105263	0.8953981358162543	0.6546156936550221	0.6862693617034802
el	0.6967418546365916	0.656084656084656	0.6596858638743456	0.9763779527559056	0.6569920844327176	0.6649746192893401	1.0	0.6431718061674009	0.6649746192893401	0.6470588235294118	0.9803921568627451	0.9702970297029704	0.6624365482233503	0.6624685138539043	0.6570680628272252	0.9865642994241843	0.9734513274336283	0.656084656084656	0.9763779527559056	0.9763779527559056	0.9763779527559056	0.6569920844327176	0.6614583333333334	0.6597402597402597	0.6596858638743456	0.9941972920696325	0.656084656084656	0.7648456057007126	0.6587926509186351	0.9803921568627451	0.6555023923444976	0.9256198347107438	0.5576923076923077	0.6614583333333334	0.656084656084656	0.6606683804627249
en	0.5135135135135135	0.7820254145931871	0.7909576347670562	0.6334841628959276	0.7819000290270993	0.8170025968727389	0.6431718061674009	1.0	0.8015875460860405	0.8677128968006211	0.6351351351351351	0.6309794988610479	0.7186516130034997	0.8191419425162213	0.7926543898325334	0.6407982261640798	0.6545842217484008	0.7351363134649365	0.6334841628959276	0.6334841628959276	0.6334841628959276	0.786226335553141	0.7971043628282356	0.6723807159963461	0.7918403569717861	0.6407982261640798	0.6625503074160014	0.543661971830986	0.7924715912181255	0.6351351351351351	0.8437747851667815	0.6124401913875598	0.5450236966824644	0.7829589427701846	0.6336505580846346	0.6576695915671452
es	0.5164835164835164	0.8765601060128376	0.8888828217177058	0.6544502617801047	0.8766835719580229	0.9061608554020774	0.6649746192893401	0.8015875460860405	1.0	0.8175845338269042	0.65625	0.6517150395778364	0.7733209867657345	0.901831374838467	0.8835906497088872	0.6590330788804072	0.6563981042654029	0.807032796159138	0.6544502617801047	0.6544502617801047	0.6544502617801047	0.8821434211467127	0.8970446278134527	0.7116846192461048	0.8896180980635593	0.6624040920716113	0.7003365483804415	0.5525423728813559	0.8906391428706704	0.65625	0.8648344784509682	0.6312849162011173	0.550561797752809	0.8769582530668724	0.6547329484349569	0.6859883031962671
fr	0.5140186915887851	0.797961578220198	0.8071137925228816	0.6372093023255814	0.7986148418277266	0.8351733136665342	0.6470588235294118	0.8677128968006211	0.8175845338269042	1.0	0.638888888888889	0.6346604215456675	0.7303952806529478	0.837355421337917	0.8101311560675377	0.6446469248291572	0.6557734204793028	0.746044227245669	0.6372093023255814	0.6372093023255814	0.6372093023255814	0.8022879875168758	0.8140135427762191	0.6774610374198993	0.8083314986906445	0.6446469248291572	0.6687858224781833	0.5451895043731778	0.8090621071984692	0.638888888888889	0.8638904235186252	0.6157635467980295	0.5458937198067633	0.7983367767522503	0.6374099650050493	0.6635694302119719
he	0.6991869918699187	0.664804469273743	0.6594005449591281	0.99581589958159	0.6657381615598886	0.65625	0.9803921568627451	0.6351351351351351	0.65625	0.638888888888889	1.0	0.9894736842105263	0.6570680628272252	0.655440414507772	0.6657458563535912	0.9860279441117764	0.9549549549549549	0.664804469273743	0.99581589958159	0.99581589958159	0.99581589958159	0.663888888888889	0.6630434782608696	0.6630434782608696	0.6648351648351649	0.9860279441117764	0.664804469273743	0.7723785166240409	0.6657458563535912	1.0	0.6470588235294118	0.9427312775330396	0.5555555555555556	0.6630434782608696	0.664804469273743	0.6604278074866311
hi	0.7005649717514124	0.6638176638176638	0.6546961325966851	0.9936034115138592	0.6628895184135978	0.6517150395778364	0.9702970297029704	0.6309794988610479	0.6517150395778364	0.6346604215456675	0.9894736842105263	1.0	0.6525198938992043	0.6509186351706038	0.6610644257703081	0.9758064516129034	0.9454545454545454	0.6638176638176638	0.9936034115138592	0.9936034115138592	0.9936034115138592	0.6628895184135978	0.6584022038567493	0.6584022038567493	0.6601671309192201	0.9758064516129034	0.6638176638176638	0.776595744680851	0.6610644257703081	0.9894736842105263	0.6426799007444168	0.9351230425055929	0.5636363636363636	0.6584022038567493	0.6638176638176638	0.6558265582655826
hu	0.5166051660516605	0.7687818949795024	0.7662653141969581	0.6552631578947369	0.7695949772000497	0.7838680978110333	0.6624365482233503	0.7186516130034997	0.7733209867657345	0.7303952806529478	0.6570680628272252	0.6525198938992043	1.0	0.7712493441560445	0.771233500227583	0.6564885496183206	0.655581947743468	0.74677927055189	0.6552631578947369	0.6552631578947369	0.6552631578947369	0.7702263313809047	0.7703683508276223	0.70099216380182	0.77585719543335	0.659846547314578	0.6926889360846079	0.552901023890785	0.7746162816676185	0.6570680628272252	0.7547613499399793	0.6320224719101124	0.5441176470588236	0.7627501914263866	0.6554976566014469	0.680619046311474
id	0.5163636363636364	0.8913384523536525	0.90335402170046	0.6536458333333334	0.8914185983839024	0.9161254403635385	0.6624685138539043	0.8191419425162213	0.901831374838467	0.837355421337917	0.655440414507772	0.6509186351706038	0.7712493441560445	1.0	0.9081761581985952	0.6598984771573604	0.657210401891253	0.8146378982254616	0.6536458333333334	0.6536458333333334	0.6536458333333334	0.897873072914856	0.9136992341808752	0.7107266713612802	0.9057101349239753	0.6615776081424937	0.699701466436244	0.5521885521885521	0.9069694768830872	0.655440414507772	0.8888711626863132	0.6305555555555556	0.5795454545454545	0.8903988399327013	0.6538632541608302	0.6869188315046212
it	0.5179282868525896	0.9660226246529388	0.9275420654622155	0.663888888888889	0.9661212498324413	0.904449105286258	0.6570680628272252	0.7926543898325334	0.8835906497088872	0.8101311560675377	0.6657458563535912	0.6610644257703081	0.771233500227583	0.9081761581985952	1.0	0.6613333333333333	0.6472019464720196	0.8664004860717325	0.663888888888889	0.663888888888889	0.663888888888889	0.9627617200874736	0.9494616772154262	0.723635578744847	0.9608412368635629	0.6595744680851063	0.7216151744299942	0.5567765567765568	0.9747186637853188	0.6657458563535912	0.8553457312940561	0.6398809523809524	0.5585214950886592	0.923019895817245	0.6641357084634817	0.6912981619535904
ja	0.6974358974358974	0.6586021505376344	0.6622340425531914	0.9819639278557114	0.6595174262734586	0.6590330788804072	0.9865642994241843	0.6407982261640798	0.6590330788804072	0.6446469248291572	0.9860279441117764	0.9758064516129034	0.6564885496183206	0.6598984771573604	0.6613333333333333	1.0	0.9645390070921985	0.6586021505376344	0.9819639278557114	0.9819639278557114	0.9819639278557114	0.6595174262734586	0.6640211640211641	0.662269129287599	0.6604774535809019	0.9921875	0.6586021505376344	0.7669902912621359	0.6613333333333333	0.9860279441117764	0.6514423076923077	0.9305263157894738	0.5700934579439253	0.6640211640211641	0.6586021505376344	0.6666666666666666
ko	0.6936936936936937	0.6446078431372549	0.6480582524271845	0.9511754068716095	0.6454767726161369	0.6563981042654029	0.9734513274336283	0.6545842217484008	0.6563981042654029	0.6557734204793028	0.9549549549549549	0.9454545454545454	0.655581947743468	0.657210401891253	0.6472019464720196	0.9645390070921985	1.0	0.6446078431372549	0.9511754068716095	0.9511754068716095	0.9511754068716095	0.6454767726161369	0.6497584541062803	0.6497584541062803	0.6480582524271845	0.9679715302491102	0.6446078431372549	0.7553648068669528	0.6472019464720196	0.9549549549549549	0.6613272311212816	0.9035916824196597	0.5797101449275363	0.6497584541062803	0.6446078431372549	0.6507177033492824
lv	0.5183673469387755	0.8784210742275655	0.8358510320667211	0.6666666666666666	0.8706693552017409	0.8175506082634716	0.656084656084656	0.7351363134649365	0.807032796159138	0.746044227245669	0.664804469273743	0.6638176638176638	0.74677927055189	0.8146378982254616	0.8664004860717325	0.6586021505376344	0.6446078431372549	1.0	0.6666666666666666	0.6666666666666666	0.6666666666666666	0.8745455642596883	0.8501432155468694	0.716745330356224	0.8586866876744911	0.6586021505376344	0.7213220302607576	0.5580524344569289	0.8658499551484953	0.664804469273743	0.7784438652516464	0.6385542168674699	0.5614035087719298	0.8380786318333693	0.6670517846090365	0.6861566911797325
mk	0.699724517906336	0.6666666666666666	0.6575342465753424	1.0	0.6657303370786517	0.6544502617801047	0.9763779527559056	0.6334841628959276	0.6544502617801047	0.6372093023255814	0.99581589958159	0.9936034115138592	0.6552631578947369	0.6536458333333334	0.663888888888889	0.9819639278557114	0.9511754068716095	0.6666666666666666	1.0	1.0	1.0	0.6657303370786517	0.6612021857923497	0.6612021857923497	0.6629834254143646	0.9819639278557114	0.6666666666666666	0.7740259740259741	0.663888888888889	0.99581589958159	0.645320197044335	0.9380530973451326	0.5535714285714286	0.6612021857923497	0.6666666666666666	0.6586021505376344
ml	0.699724517906336	0.6666666666666666	0.6575342465753424	1.0	0.6657303370786517	0.6544502617801047	0.9763779527559056	0.6334841628959276	0.6544502617801047	0.6372093023255814	0.99581589958159	0.9936034115138592	0.6552631578947369	0.6536458333333334	0.663888888888889	0.9819639278557114	0.9511754068716095	0.6666666666666666	1.0	1.0	1.0	0.6657303370786517	0.6612021857923497	0.6612021857923497	0.6629834254143646	0.9819639278557114	0.6666666666666666	0.7740259740259741	0.663888888888889	0.99581589958159	0.645320197044335	0.9380530973451326	0.5737704918032787	0.6612021857923497	0.6666666666666666	0.6586021505376344
mr	0.699724517906336	0.6666666666666666	0.6575342465753424	1.0	0.6657303370786517	0.6544502617801047	0.9763779527559056	0.6334841628959276	0.6544502617801047	0.6372093023255814	0.99581589958159	0.9936034115138592	0.6552631578947369	0.6536458333333334	0.663888888888889	0.9819639278557114	0.9511754068716095	0.6666666666666666	1.0	1.0	1.0	0.6657303370786517	0.6612021857923497	0.6612021857923497	0.6629834254143646	0.9819639278557114	0.6666666666666666	0.7740259740259741	0.663888888888889	0.99581589958159	0.645320197044335	0.9380530973451326	0.5238095238095238	0.6612021857923497	0.6666666666666666	0.6586021505376344
nl	0.5182186234817814	0.9755648501156997	0.9263185487732505	0.6657303370786517	0.9641473541847048	0.901635425106788	0.6569920844327176	0.786226335553141	0.8821434211467127	0.8022879875168758	0.663888888888889	0.6628895184135978	0.7702263313809047	0.897873072914856	0.9627617200874736	0.6595174262734586	0.6454767726161369	0.8745455642596883	0.6657303370786517	0.6657303370786517	0.6657303370786517	1.0	0.948059099935943	0.7245780860543833	0.9592494774862421	0.6595174262734586	0.7256510824860449	0.5576208178438662	0.9612427073744076	0.663888888888889	0.8465012491111219	0.6377245508982036	0.5314905607032244	0.9212995311436226	0.6659891443329661	0.6891352097812656
pl	0.5175097276264592	0.9402320452972966	0.9434537816424053	0.6612021857923497	0.9401494363831226	0.918536062914432	0.6614583333333334	0.7971043628282356	0.8970446278134527	0.8140135427762191	0.6630434782608696	0.6584022038567493	0.7703683508276223	0.9136992341808752	0.9494616772154262	0.6640211640211641	0.6497584541062803	0.8501432155468694	0.6612021857923497	0.6612021857923497	0.6612021857923497	0.948059099935943	1.0	0.7241199335421981	0.9463522970336399	0.6640211640211641	0.7158073677052917	0.5555555555555556	0.9479390898032162	0.6630434782608696	0.8596596489187512	0.6374269005847952	0.5428571428571428	0.9288996817738183	0.6614473889372664	0.6947191395455107
pt	0.5175097276264592	0.7233433119918921	0.7215679561420629	0.6612021857923497	0.7238431406310534	0.7119701076026097	0.6597402597402597	0.6723807159963461	0.7116846192461048	0.6774610374198993	0.6630434782608696	0.6584022038567493	0.70099216380182	0.7107266713612802	0.723635578744847	0.662269129287599	0.6497584541062803	0.716745330356224	0.6612021857923497	0.6612021857923497	0.6612021857923497	0.7245780860543833	0.7241199335421981	1.0	0.7241572634912449	0.662269129287599	0.6956493601689487	0.5555555555555556	0.7269842929266257	0.6630434782608696	0.6930664237212295	0.6374269005847952	0.5569241338698597	0.7260387547012415	0.661573995543235	0.6828911477579147
ro	0.5177865612648221	0.9516574368539349	0.9249052043424743	0.6629834254143646	0.9516459260175408	0.9101322184254814	0.6596858638743456	0.7918403569717861	0.8896180980635593	0.8083314986906445	0.6648351648351649	0.6601671309192201	0.77585719543335	0.9057101349239753	0.9608412368635629	0.6604774535809019	0.6480582524271845	0.8586866876744911	0.6629834254143646	0.6629834254143646	0.6629834254143646	0.9592494774862421	0.9463522970336399	0.7241572634912449	1.0	0.6622340425531914	0.7196200536291184	0.5563636363636364	0.9592595091222641	0.6648351648351649	0.8531733057809315	0.6390532544378698	0.5483870967741935	0.9198690466029723	0.6632677167386438	0.6903393066322715
ru	0.6974358974358974	0.6586021505376344	0.6622340425531914	0.9819639278557114	0.6595174262734586	0.6624040920716113	0.9941972920696325	0.6407982261640798	0.6624040920716113	0.6446469248291572	0.9860279441117764	0.9758064516129034	0.659846547314578	0.6615776081424937	0.6595744680851063	0.9921875	0.9679715302491102	0.6586021505376344	0.9819639278557114	0.9819639278557114	0.9819639278557114	0.6595174262734586	0.6640211640211641	0.662269129287599	0.6622340425531914	1.0	0.6586021505376344	0.7669902912621359	0.6613333333333333	0.9860279441117764	0.6530120481927711	0.9305263157894738	0.5549132947976879	0.6640211640211641	0.6586021505376344	0.6631853785900783
sh	0.5183673469387755	0.7273115119338247	0.7099260213009247	0.6666666666666666	0.7257650674298932	0.7001459216200653	0.656084656084656	0.6625503074160014	0.7003365483804415	0.6687858224781833	0.664804469273743	0.6638176638176638	0.6926889360846079	0.699701466436244	0.7216151744299942	0.6586021505376344	0.6446078431372549	0.7213220302607576	0.6666666666666666	0.6666666666666666	0.6666666666666666	0.7256510824860449	0.7158073677052917	0.6956493601689487	0.7196200536291184	0.6586021505376344	1.0	0.5580524344569289	0.7218048367942111	0.664804469273743	0.6826586237065376	0.6385542168674699	0.5573770491803278	0.7146930348587704	0.6671074380165288	0.6771368119047848
si	0.7407407407407407	0.5580524344569289	0.5543478260869565	0.7740259740259741	0.5576208178438662	0.5525423728813559	0.7648456057007126	0.543661971830986	0.5525423728813559	0.5451895043731778	0.7723785166240409	0.776595744680851	0.552901023890785	0.5521885521885521	0.5567765567765568	0.7669902912621359	0.7553648068669528	0.5580524344569289	0.7740259740259741	0.7740259740259741	0.7740259740259741	0.5576208178438662	0.5555555555555556	0.5555555555555556	0.5563636363636364	0.7669902912621359	0.5580524344569289	1.0	0.5567765567765568	0.7723785166240409	0.54858934169279	0.7936507936507936	0.5116279069767442	0.5555555555555556	0.5580524344569289	0.5543859649122806
simple	0.5179282868525896	0.9644108376488426	0.9361480594528464	0.663888888888889	0.9643597323530149	0.9119282195167204	0.6587926509186351	0.7924715912181255	0.8906391428706704	0.8090621071984692	0.6657458563535912	0.6610644257703081	0.7746162816676185	0.9069694768830872	0.9747186637853188	0.6613333333333333	0.6472019464720196	0.8658499551484953	0.663888888888889	0.663888888888889	0.663888888888889	0.9612427073744076	0.9479390898032162	0.7269842929266257	0.9592595091222641	0.6613333333333333	0.7218048367942111	0.5567765567765568	1.0	0.6657458563535912	0.8544579562590378	0.6398809523809524	0.5777777777777777	0.9319925328148343	0.6641686694726523	0.6917981020853023
sr	0.6991869918699187	0.664804469273743	0.6594005449591281	0.99581589958159	0.6657381615598886	0.65625	0.9803921568627451	0.6351351351351351	0.65625	0.638888888888889	1.0	0.9894736842105263	0.6570680628272252	0.655440414507772	0.6657458563535912	0.9860279441117764	0.9549549549549549	0.664804469273743	0.99581589958159	0.99581589958159	0.99581589958159	0.663888888888889	0.6630434782608696	0.6630434782608696	0.6648351648351649	0.9860279441117764	0.664804469273743	0.7723785166240409	0.6657458563535912	1.0	0.6470588235294118	0.9427312775330396	0.5639491398653702	0.6630434782608696	0.664804469273743	0.6604278074866311
sv	0.5151515151515151	0.840836370607072	0.8519361770788261	0.645320197044335	0.8410984338053885	0.8853664671379935	0.6555023923444976	0.8437747851667815	0.8648344784509682	0.8638904235186252	0.6470588235294118	0.6426799007444168	0.7547613499399793	0.8888711626863132	0.8553457312940561	0.6514423076923077	0.6613272311212816	0.7784438652516464	0.645320197044335	0.645320197044335	0.645320197044335	0.8465012491111219	0.8596596489187512	0.6930664237212295	0.8531733057809315	0.6530120481927711	0.6826586237065376	0.54858934169279	0.8544579562590378	0.6470588235294118	1.0	0.6230366492146596	0.5607476635514019	0.8417911625359872	0.6455397320275676	0.6738589343053853
te	0.7030716723549488	0.6385542168674699	0.6334310850439883	0.9380530973451326	0.6396396396396395	0.6312849162011173	0.9256198347107438	0.6124401913875598	0.6312849162011173	0.6157635467980295	0.9427312775330396	0.9351230425055929	0.6320224719101124	0.6305555555555556	0.6398809523809524	0.9305263157894738	0.9035916824196597	0.6385542168674699	0.9380530973451326	0.9380530973451326	0.9380530973451326	0.6377245508982036	0.6374269005847952	0.6374269005847952	0.6390532544378698	0.9305263157894738	0.6385542168674699	0.7936507936507936	0.6398809523809524	0.9427312775330396	0.6230366492146596	1.0	0.5576923076923077	0.6374269005847952	0.6385542168674699	0.6350574712643678
tr	0.5263157894736842	0.5915909988156337	-1.0	0.5348837209302326	0.582089552238806	0.5394736842105263	0.5576923076923077	0.5450236966824644	0.550561797752809	0.5458937198067633	0.5555555555555556	0.5636363636363636	0.5441176470588236	0.5795454545454545	0.5585214950886592	0.5700934579439253	0.5797101449275363	0.5614035087719298	0.5535714285714286	0.5737704918032787	0.5238095238095238	0.5314905607032244	0.5428571428571428	0.5569241338698597	0.5483870967741935	0.5549132947976879	0.5573770491803278	0.5116279069767442	0.5777777777777777	0.5639491398653702	0.5607476635514019	0.5576923076923077	1.0	0.5764705882352942	0.5238095238095238	0.5773195876288659
vi	0.5175097276264592	0.9152798254752891	0.9191443486557573	0.6612021857923497	0.9153023862632044	0.8953981358162543	0.6614583333333334	0.7829589427701846	0.8769582530668724	0.7983367767522503	0.6630434782608696	0.6584022038567493	0.7627501914263866	0.8903988399327013	0.923019895817245	0.6640211640211641	0.6497584541062803	0.8380786318333693	0.6612021857923497	0.6612021857923497	0.6612021857923497	0.9212995311436226	0.9288996817738183	0.7260387547012415	0.9198690466029723	0.6640211640211641	0.7146930348587704	0.5555555555555556	0.9319925328148343	0.6630434782608696	0.8417911625359872	0.6374269005847952	0.5764705882352942	1.0	0.6614459509456136	0.6939724554796264
war	0.5183673469387755	0.666966584189348	0.6578162131255919	0.6666666666666666	0.6660318541543556	0.6546156936550221	0.656084656084656	0.6336505580846346	0.6547329484349569	0.6374099650050493	0.664804469273743	0.6638176638176638	0.6554976566014469	0.6538632541608302	0.6641357084634817	0.6586021505376344	0.6446078431372549	0.6670517846090365	0.6666666666666666	0.6666666666666666	0.6666666666666666	0.6659891443329661	0.6614473889372664	0.661573995543235	0.6632677167386438	0.6586021505376344	0.6671074380165288	0.5580524344569289	0.6641686694726523	0.664804469273743	0.6455397320275676	0.6385542168674699	0.5238095238095238	0.6614459509456136	1.0	0.6589788909149916
zh	0.5171102661596958	0.6881552469032804	0.6924039486490244	0.6586021505376344	0.6898176598757078	0.6862693617034802	0.6606683804627249	0.6576695915671452	0.6859883031962671	0.6635694302119719	0.6604278074866311	0.6558265582655826	0.680619046311474	0.6869188315046212	0.6912981619535904	0.6666666666666666	0.6507177033492824	0.6861566911797325	0.6586021505376344	0.6586021505376344	0.6586021505376344	0.6891352097812656	0.6947191395455107	0.6828911477579147	0.6903393066322715	0.6631853785900783	0.6771368119047848	0.5543859649122806	0.6917981020853023	0.6604278074866311	0.6738589343053853	0.6350574712643678	0.5773195876288659	0.6939724554796264	0.6589788909149916	1.0
