arz	bs	ceb	ckb	da	de	el	en	es	fr	he	hi	hu	id	it	ja	ko	lv	mk	ml	mr	nl	pl	pt	ro	ru	sh	si	simple	sr	sv	te	vi	war	zh
arz	1.0	0.0	0.0	0.0	1.0	1.0	0.0	0.44948974278317805	1.0	1.0	1.0	0.0	1.0	1.0	1.0	1.0	1.0	0.0	1.0	0.0	0.0	1.0	1.0	1.0	1.0	1.0	0.0	0.0	1.0	0.0	1.0	0.0	1.0	0.0	1.0
bs	0.0	1.0	0.0	1.0	1.0	1.0	1.0	1.0	1.0	1.0	1.0	1.0	1.0	1.0	0.4364916731037085	1.0	1.0	1.0	1.0	1.0	0.0	1.0	1.0	1.0	0.0	1.0	1.0	0.0	1.0	1.0	1.0	0.0	1.0	0.0	1.0
ceb	0.0	0.0	1.0	0.0	1.0	1.0	0.0	1.0	1.0	1.0	1.0	0.0	0.0	1.0	1.0	1.0	1.0	1.0	1.0	1.0	0.0	1.0	1.0	1.0	1.0	1.0	0.0	0.0	1.0	1.0	1.0	0.0	1.0	0.0	1.0
ckb	0.0	1.0	0.0	1.0	1.0	1.0	1.0	0.3430703308172536	1.0	1.0	1.0	1.0	1.0	1.0	1.0	1.0	1.0	1.0	1.0	1.0	0.0	1.0	1.0	1.0	0.0	1.0	0.0	0.0	1.0	1.0	1.0	0.0	1.0	0.0	1.0
da	1.0	1.0	1.0	1.0	1.0	0.2070518364164892	0.585786437626905	0.04237189311657505	0.36602540378443865	0.18541948236599776	0.585786437626905	1.0	1.0	0.24257131419419417	0.07382806134949198	0.44948974278317805	0.585786437626905	1.0	0.44948974278317805	1.0	0.0	0.20342651452257512	0.2240092377397959	0.22646721143623746	1.0	0.3660254037844386	1.0	0.0	1.0	1.0	0.1508784005661213	0.0	0.585786437626905	1.0	0.5
de	1.0	1.0	1.0	1.0	0.2070518364164892	1.0	0.34833147735478825	0.006162423327587784	0.06365153407031864	0.009254253928025463	1.0	1.0	0.13730196849233783	0.04039695604771319	0.011666040742843935	0.13616022344521683	0.2958163163244893	0.585786437626905	0.30216947925196225	1.0	0.0	0.012103765806376865	0.01569390711464527	0.01576530624919541	0.4142135623730951	0.023900912511009266	0.34833147735478825	0.0	0.3090169943749474	0.5	0.02214361723678766	0.0	0.39564392373896007	1.0	0.14459058185587106
el	0.0	1.0	0.0	1.0	0.585786437626905	0.34833147735478825	1.0	0.01915783803452298	0.5	0.16893748062498007	1.0	1.0	0.4142135623730951	0.203075234310397	0.03321661913771415	1.0	1.0	1.0	1.0	1.0	0.0	0.44948974278317805	0.2958163163244893	0.11177870331193913	1.0	1.0	1.0	0.0	1.0	1.0	0.19675422795565722	0.0	1.0	1.0	1.0
en	0.44948974278317805	1.0	1.0	0.3430703308172536	0.04237189311657505	0.006162423327587784	0.01915783803452298	1.0	0.005248619713530721	0.021960087986673264	0.06829311897173397	0.24257131419419417	0.03742997428675553	0.03430606398873946	0.035666996694819326	0.007836502731464152	0.01817099698987376	0.4142135623730951	0.021814348616927926	0.5	1.0	0.012381629514450633	0.021905710690936574	0.03284366715714243	0.1152401856906733	0.00406283019013336	0.14907170226431357	1.0	0.07473825955556138	0.127806531818134	0.04110370528737136	0.0	0.08900958790582515	1.0	0.0065534425559466295
es	1.0	1.0	1.0	1.0	0.36602540378443865	0.06365153407031864	0.5	0.005248619713530721	1.0	0.009057878129447543	0.585786437626905	1.0	0.15174115516527187	0.060596189160075135	0.012137041610839956	0.24660605559646726	1.0	1.0	0.585786437626905	1.0	0.0	0.04346037095626546	0.02057806465497269	0.012572100513247931	0.585786437626905	0.16265941452915686	0.5	0.0	0.38742588672279304	1.0	0.03799522615068666	0.0	1.0	1.0	0.3430703308172536
fr	1.0	1.0	1.0	1.0	0.18541948236599776	0.009254253928025463	0.16893748062498007	0.021960087986673264	0.009057878129447543	1.0	0.2240092377397959	0.585786437626905	0.09462728899431355	0.04047304642265922	0.016765438680599244	0.013509415581712753	0.12247804808082567	1.0	0.17507960357339145	1.0	0.0	0.013485565111720403	0.01741760463769289	0.016110747392146543	0.26533119314590375	0.006969524486196067	0.2674788903885893	1.0	0.2402530733520421	0.585786437626905	0.029255910699005776	1.0	0.24257131419419417	1.0	0.03597540810806766
he	1.0	1.0	1.0	1.0	0.585786437626905	1.0	1.0	0.06829311897173397	0.585786437626905	0.2240092377397959	1.0	1.0	0.585786437626905	0.2449655295864104	0.0685553282103651	1.0	1.0	1.0	1.0	1.0	0.0	0.4142135623730951	0.2708131845707603	0.1141280565085234	1.0	1.0	1.0	0.0	0.5	1.0	0.22966848451216434	0.0	1.0	1.0	1.0
hi	0.0	1.0	0.0	1.0	1.0	1.0	1.0	0.24257131419419417	1.0	0.585786437626905	1.0	1.0	1.0	1.0	0.585786437626905	1.0	1.0	1.0	1.0	1.0	1.0	1.0	1.0	0.36602540378443865	1.0	1.0	1.0	0.0	0.585786437626905	1.0	0.39564392373896007	1.0	1.0	1.0	1.0
hu	1.0	1.0	0.0	1.0	1.0	0.13730196849233783	0.4142135623730951	0.03742997428675553	0.15174115516527187	0.09462728899431355	0.585786437626905	1.0	1.0	0.3090169943749474	0.042398274265395615	0.19636040545626823	0.3430703308172536	1.0	0.39564392373896007	1.0	0.0	0.15079444971560022	0.1766132100954005	0.17546042972129144	1.0	0.13143927813749226	0.585786437626905	0.0	0.4364916731037085	0.5	0.2170192881179452	0.0	0.585786437626905	1.0	0.2041350519664497
id	1.0	1.0	1.0	1.0	0.24257131419419417	0.04039695604771319	0.203075234310397	0.03430606398873946	0.060596189160075135	0.04047304642265922	0.2449655295864104	1.0	0.3090169943749474	1.0	0.03934794100762802	0.07150227539579748	0.08137272876208838	1.0	0.29429805508554946	0.585786437626905	0.0	0.06637749229475434	0.07486961213377535	0.0676362727212599	0.5	0.04283979138906124	0.3380788308512194	1.0	0.34833147735478825	0.44948974278317805	0.16807282579430866	0.0	0.2612038749637414	1.0	0.101906991881759
it	1.0	0.4364916731037085	1.0	1.0	0.07382806134949198	0.011666040742843935	0.03321661913771415	0.035666996694819326	0.012137041610839956	0.016765438680599244	0.0685553282103651	0.585786437626905	0.042398274265395615	0.03934794100762802	1.0	0.01792224105544433	0.03469709636026793	0.39564392373896007	0.06980804062167408	0.4364916731037085	0.0	0.01500810331970321	0.025795572377628844	0.024562206770989817	0.09785171972967724	0.009705043526135122	0.06856268944728514	1.0	0.0638619861194337	0.07330732036806288	0.031062715521555987	0.0	0.09885408209576929	1.0	0.02167118967166563
ja	1.0	1.0	1.0	1.0	0.44948974278317805	0.13616022344521683	1.0	0.007836502731464152	0.24660605559646726	0.013509415581712753	1.0	1.0	0.19636040545626823	0.07150227539579748	0.01792224105544433	1.0	1.0	1.0	1.0	1.0	0.0	0.061717743815364566	0.04886808781557788	0.03326282638962729	0.585786437626905	1.0	0.44948974278317805	0.0	0.34833147735478825	1.0	0.03872561039379969	1.0	1.0	1.0	1.0
ko	1.0	1.0	1.0	1.0	0.585786437626905	0.2958163163244893	1.0	0.01817099698987376	1.0	0.12247804808082567	1.0	1.0	0.3430703308172536	0.08137272876208838	0.03469709636026793	1.0	1.0	1.0	1.0	1.0	0.0	0.2193450929151803	0.1731621355286848	0.12027370322216945	0.585786437626905	1.0	0.585786437626905	0.0	0.4142135623730951	1.0	0.20386840968093525	0.0	1.0	1.0	1.0
lv	0.0	1.0	1.0	1.0	1.0	0.585786437626905	1.0	0.4142135623730951	1.0	1.0	1.0	1.0	1.0	1.0	0.39564392373896007	1.0	1.0	1.0	1.0	1.0	0.0	1.0	1.0	0.585786437626905	1.0	1.0	1.0	0.0	0.585786437626905	1.0	1.0	0.0	1.0	1.0	1.0
mk	1.0	1.0	1.0	1.0	0.44948974278317805	0.30216947925196225	1.0	0.021814348616927926	0.585786437626905	0.17507960357339145	1.0	1.0	0.39564392373896007	0.29429805508554946	0.06980804062167408	1.0	1.0	1.0	1.0	1.0	0.0	0.27429188517743175	0.26968623182294527	0.1987625491245426	1.0	1.0	0.585786437626905	0.0	1.0	1.0	0.11651106980622213	0.0	1.0	1.0	1.0
ml	0.0	1.0	1.0	1.0	1.0	1.0	1.0	0.5	1.0	1.0	1.0	1.0	1.0	0.585786437626905	0.4364916731037085	1.0	1.0	1.0	1.0	1.0	0.0	1.0	1.0	1.0	1.0	1.0	1.0	0.0	0.585786437626905	1.0	1.0	0.0	1.0	1.0	1.0
mr	0.0	0.0	0.0	0.0	0.0	0.0	0.0	1.0	0.0	0.0	0.0	1.0	0.0	0.0	0.0	0.0	0.0	0.0	0.0	0.0	1.0	0.0	0.0	0.0	0.0	0.0	0.0	0.0	0.0	0.0	0.0	0.0	0.0	0.0	0.0
nl	1.0	1.0	1.0	1.0	0.20342651452257512	0.012103765806376865	0.44948974278317805	0.012381629514450633	0.04346037095626546	0.013485565111720403	0.4142135623730951	1.0	0.15079444971560022	0.06637749229475434	0.01500810331970321	0.061717743815364566	0.2193450929151803	1.0	0.27429188517743175	1.0	0.0	1.0	0.024582164757143758	0.031052812789362665	0.585786437626905	0.019627673456762272	0.2553967929896867	0.0	0.3660254037844386	0.4142135623730951	0.04657494214884469	0.0	0.3430703308172536	1.0	0.06439091534429692
pl	1.0	1.0	1.0	1.0	0.2240092377397959	0.01569390711464527	0.2958163163244893	0.021905710690936574	0.02057806465497269	0.01741760463769289	0.2708131845707603	1.0	0.1766132100954005	0.07486961213377535	0.025795572377628844	0.04886808781557788	0.1731621355286848	1.0	0.26968623182294527	1.0	0.0	0.024582164757143758	1.0	0.029408888872082203	0.2958163163244893	0.012143129961863527	0.2674788903885893	0.0	0.24660605559646726	0.28436465220442186	0.04374809261387416	1.0	0.3164309725825328	1.0	0.10786987019664884
pt	1.0	1.0	1.0	1.0	0.22646721143623746	0.01576530624919541	0.11177870331193913	0.03284366715714243	0.012572100513247931	0.016110747392146543	0.1141280565085234	0.36602540378443865	0.17546042972129144	0.0676362727212599	0.024562206770989817	0.03326282638962729	0.12027370322216945	0.585786437626905	0.1987625491245426	1.0	0.0	0.031052812789362665	0.029408888872082203	1.0	0.44948974278317805	0.011969583960185345	0.3288130902060995	0.0	0.2240092377397959	0.36602540378443865	0.0364081128064059	0.0	0.20742607609621763	1.0	0.046542438098119275
ro	1.0	0.0	1.0	0.0	1.0	0.4142135623730951	1.0	0.1152401856906733	0.585786437626905	0.26533119314590375	1.0	1.0	1.0	0.5	0.09785171972967724	0.585786437626905	0.585786437626905	1.0	1.0	1.0	0.0	0.585786437626905	0.2958163163244893	0.44948974278317805	1.0	0.44948974278317805	0.585786437626905	0.0	1.0	1.0	0.3726822671238253	0.0	1.0	1.0	0.5
ru	1.0	1.0	1.0	1.0	0.3660254037844386	0.023900912511009266	1.0	0.00406283019013336	0.16265941452915686	0.006969524486196067	1.0	1.0	0.13143927813749226	0.04283979138906124	0.009705043526135122	1.0	1.0	1.0	1.0	1.0	0.0	0.019627673456762272	0.012143129961863527	0.011969583960185345	0.44948974278317805	1.0	0.33333333333333326	1.0	0.2958163163244893	1.0	0.022210498080781023	1.0	1.0	1.0	1.0
sh	0.0	1.0	0.0	0.0	1.0	0.34833147735478825	1.0	0.14907170226431357	0.5	0.2674788903885893	1.0	1.0	0.585786437626905	0.3380788308512194	0.06856268944728514	0.44948974278317805	0.585786437626905	1.0	0.585786437626905	1.0	0.0	0.2553967929896867	0.2674788903885893	0.3288130902060995	0.585786437626905	0.33333333333333326	1.0	0.0	0.5	0.5	0.2989350844248255	0.0	1.0	1.0	0.38742588672279304
si	0.0	0.0	0.0	0.0	0.0	0.0	0.0	1.0	0.0	1.0	0.0	0.0	0.0	1.0	1.0	0.0	0.0	0.0	0.0	0.0	0.0	0.0	0.0	0.0	0.0	1.0	0.0	1.0	0.0	0.0	1.0	0.0	0.0	0.0	0.0
simple	1.0	1.0	1.0	1.0	1.0	0.3090169943749474	1.0	0.07473825955556138	0.38742588672279304	0.2402530733520421	0.5	0.585786437626905	0.4364916731037085	0.34833147735478825	0.0638619861194337	0.34833147735478825	0.4142135623730951	0.585786437626905	1.0	0.585786437626905	0.0	0.3660254037844386	0.24660605559646726	0.2240092377397959	1.0	0.2958163163244893	0.5	0.0	1.0	1.0	0.2989350844248255	0.0	0.585786437626905	0.0	0.38742588672279304
sr	0.0	1.0	1.0	1.0	1.0	0.5	1.0	0.127806531818134	1.0	0.585786437626905	1.0	1.0	0.5	0.44948974278317805	0.07330732036806288	1.0	1.0	1.0	1.0	1.0	0.0	0.4142135623730951	0.28436465220442186	0.36602540378443865	1.0	1.0	0.5	0.0	1.0	1.0	0.2791745113185196	0.0	1.0	1.0	1.0
sv	1.0	1.0	1.0	1.0	0.1508784005661213	0.02214361723678766	0.19675422795565722	0.04110370528737136	0.03799522615068666	0.029255910699005776	0.22966848451216434	0.39564392373896007	0.2170192881179452	0.16807282579430866	0.031062715521555987	0.03872561039379969	0.20386840968093525	1.0	0.11651106980622213	1.0	0.0	0.04657494214884469	0.04374809261387416	0.0364081128064059	0.3726822671238253	0.022210498080781023	0.2989350844248255	1.0	0.2989350844248255	0.2791745113185196	1.0	0.0	0.39564392373896007	1.0	0.08730589116873722
te	0.0	0.0	0.0	0.0	0.0	0.0	0.0	0.0	0.0	1.0	0.0	1.0	0.0	0.0	0.0	1.0	0.0	0.0	0.0	0.0	0.0	0.0	1.0	0.0	0.0	1.0	0.0	0.0	0.0	0.0	0.0	1.0	0.0	0.0	0.0
vi	1.0	1.0	1.0	1.0	0.585786437626905	0.39564392373896007	1.0	0.08900958790582515	1.0	0.24257131419419417	1.0	1.0	0.585786437626905	0.2612038749637414	0.09885408209576929	1.0	1.0	1.0	1.0	1.0	0.0	0.3430703308172536	0.3164309725825328	0.20742607609621763	1.0	1.0	1.0	0.0	0.585786437626905	1.0	0.39564392373896007	0.0	1.0	1.0	1.0
war	0.0	0.0	0.0	0.0	1.0	1.0	1.0	1.0	1.0	1.0	1.0	1.0	1.0	1.0	1.0	1.0	1.0	1.0	1.0	1.0	0.0	1.0	1.0	1.0	1.0	1.0	1.0	0.0	0.0	1.0	1.0	0.0	1.0	1.0	1.0
zh	1.0	1.0	1.0	1.0	0.5	0.14459058185587106	1.0	0.0065534425559466295	0.3430703308172536	0.03597540810806766	1.0	1.0	0.2041350519664497	0.101906991881759	0.02167118967166563	1.0	1.0	1.0	1.0	1.0	0.0	0.06439091534429692	0.10786987019664884	0.046542438098119275	0.5	1.0	0.38742588672279304	0.0	0.38742588672279304	1.0	0.08730589116873722	0.0	1.0	1.0	1.0
