arz	bs	ceb	ckb	da	de	el	en	es	fr	he	hi	hu	id	it	ja	ko	lv	mk	ml	mr	nl	pl	pt	ro	ru	sh	si	simple	sr	sv	te	tr	vi	war	zh
arz	1.0	1.0	0.1417374030335042	1.0	1.0	1.0	1.0	1.0	1.0	1.0	1.0	1.0	1.0	1.0	1.0	1.0	1.0	1.0	0.0	1.0	1.0	1.0	1.0	1.0	1.0	1.0	1.0	0.0	1.0	1.0	1.0	1.0	1.0	1.0	1.0	1.0
bs	1.0	1.0	0.09985126044314876	1.0	1.0	0.39564392373896007	1.0	0.39564392373896007	0.39564392373896007	0.585786437626905	1.0	1.0	1.0	1.0	0.39564392373896007	1.0	1.0	1.0	1.0	1.0	1.0	0.5	0.5	0.5	1.0	0.39564392373896007	0.38742588672279304	0.0	1.0	0.44948974278317805	0.585786437626905	1.0	0.11958227425189417	1.0	1.0	0.585786437626905
ceb	0.1417374030335042	0.09985126044314876	1.0	0.01078023290985944	0.09159113733213639	0.07853731013883107	0.010165126211985943	0.05898020462292175	0.06352445601025639	0.06041614567347693	0.010597764788969644	0.011066758943927557	0.041590713587189396	0.07816423488764657	0.10446424697023046	0.010165126211985943	0.010165126211985943	0.05280509198215491	0.01078023290985944	0.01078023290985944	0.01078023290985944	0.1014726256479063	0.08628009267322807	0.0615516923042655	0.09047577442363525	0.010165126211985943	0.06116603958264903	0.04073093734534784	0.10147262564790628	0.010597764788969646	0.06810280204641161	0.013593861198859362	-1.0	0.06746278230983864	0.010783751662856219	0.05458074697312354
ckb	1.0	1.0	0.01078023290985944	1.0	1.0	1.0	1.0	1.0	1.0	0.585786437626905	1.0	1.0	1.0	1.0	1.0	1.0	1.0	1.0	1.0	1.0	1.0	1.0	1.0	1.0	1.0	1.0	1.0	0.0	1.0	1.0	0.585786437626905	1.0	1.0	1.0	1.0	1.0
da	1.0	1.0	0.09159113733213639	1.0	1.0	0.5	0.585786437626905	0.4142135623730951	0.585786437626905	0.44948974278317805	0.585786437626905	0.585786437626905	0.5	0.585786437626905	0.5	0.585786437626905	0.585786437626905	0.585786437626905	1.0	1.0	1.0	0.44948974278317805	0.5	0.5	0.585786437626905	0.585786437626905	0.27429188517743175	1.0	0.40453726661826384	0.44948974278317805	0.5	1.0	0.18933139574356014	0.585786437626905	1.0	0.585786437626905
de	1.0	0.39564392373896007	0.07853731013883107	1.0	0.5	1.0	1.0	0.056643298917694034	0.17358241318593384	0.17826035697019474	1.0	1.0	0.585786437626905	0.5	0.1852891992413258	0.5	1.0	1.0	1.0	1.0	1.0	0.23800671553691075	0.16760090740494846	0.11090594322914575	0.5	0.3430703308172536	0.08058375978680757	1.0	0.4364916731037085	0.19404996501286384	0.32881309020609956	1.0	0.179128784747792	0.585786437626905	1.0	0.4142135623730951
el	1.0	1.0	0.010165126211985943	1.0	0.585786437626905	1.0	1.0	1.0	1.0	1.0	1.0	1.0	1.0	1.0	1.0	1.0	1.0	1.0	1.0	1.0	1.0	0.585786437626905	1.0	1.0	1.0	1.0	0.4364916731037085	1.0	0.585786437626905	1.0	1.0	1.0	0.5	1.0	1.0	1.0
en	1.0	0.39564392373896007	0.05898020462292175	1.0	0.4142135623730951	0.056643298917694034	1.0	1.0	0.03952575088900685	0.06691888588381492	0.38742588672279304	1.0	0.5	0.44948974278317805	0.07890839083873688	0.16449072740645634	0.34833147735478825	1.0	1.0	1.0	1.0	0.17090754629853722	0.03615775924020744	0.04003567037367389	0.44948974278317805	0.12696057464887336	0.06774012951104759	1.0	0.4134900434704663	0.16316416748058693	0.17437934181076717	1.0	0.10005314559413568	0.5	1.0	0.2372732414640341
es	1.0	0.39564392373896007	0.06352445601025639	1.0	0.585786437626905	0.17358241318593384	1.0	0.03952575088900685	1.0	0.1918146546325605	0.5	1.0	0.585786437626905	1.0	0.17025921636942778	0.585786437626905	1.0	1.0	1.0	1.0	1.0	0.23582845781094	0.1655219585290672	0.10219740136238975	0.585786437626905	0.44948974278317805	0.07245374230424907	1.0	0.4364916731037085	0.17808829082195718	0.24257131419419417	1.0	0.20521309615767264	0.585786437626905	1.0	0.44948974278317805
fr	1.0	0.585786437626905	0.06041614567347693	0.585786437626905	0.44948974278317805	0.17826035697019474	1.0	0.06691888588381492	0.1918146546325605	1.0	0.3333333333333333	1.0	0.5	0.585786437626905	0.2187841884486319	0.38742588672279304	0.5	1.0	1.0	1.0	1.0	0.2216368750839041	0.14738310595414075	0.09143021439566133	0.5	0.4142135623730951	0.09594384755938334	1.0	0.40453726661826384	0.2016895928872254	0.24336073281110826	1.0	0.17712323667637822	0.5	1.0	0.2402530733520421
he	1.0	1.0	0.010597764788969644	1.0	0.585786437626905	1.0	1.0	0.38742588672279304	0.5	0.3333333333333333	1.0	1.0	0.585786437626905	1.0	0.4142135623730951	1.0	1.0	1.0	1.0	1.0	1.0	0.39564392373896007	1.0	0.44948974278317805	0.585786437626905	1.0	0.20342651452257512	1.0	0.4364916731037085	0.3430703308172536	0.585786437626905	1.0	0.585786437626905	1.0	1.0	1.0
hi	1.0	1.0	0.011066758943927557	1.0	0.585786437626905	1.0	1.0	1.0	1.0	1.0	1.0	1.0	1.0	1.0	1.0	1.0	1.0	1.0	1.0	1.0	1.0	0.585786437626905	1.0	1.0	1.0	1.0	0.4364916731037085	1.0	0.585786437626905	1.0	1.0	1.0	0.5	1.0	1.0	1.0
hu	1.0	1.0	0.041590713587189396	1.0	0.5	0.585786437626905	1.0	0.5	0.585786437626905	0.5	0.585786437626905	1.0	1.0	1.0	0.585786437626905	1.0	1.0	1.0	0.585786437626905	1.0	1.0	0.585786437626905	0.585786437626905	0.585786437626905	1.0	0.585786437626905	0.3380788308512194	1.0	0.40453726661826384	0.5	0.5	1.0	0.5	1.0	1.0	0.585786437626905
id	1.0	1.0	0.07816423488764657	1.0	0.585786437626905	0.5	1.0	0.44948974278317805	1.0	0.585786437626905	1.0	1.0	1.0	1.0	0.585786437626905	1.0	1.0	1.0	1.0	1.0	1.0	0.5	1.0	0.5	1.0	0.585786437626905	0.39564392373896007	1.0	0.585786437626905	1.0	0.585786437626905	1.0	0.13955985180135516	0.585786437626905	1.0	1.0
it	1.0	0.39564392373896007	0.10446424697023046	1.0	0.5	0.1852891992413258	1.0	0.07890839083873688	0.17025921636942778	0.2187841884486319	0.4142135623730951	1.0	0.585786437626905	0.585786437626905	1.0	0.5	1.0	1.0	1.0	1.0	1.0	0.2222222222222222	0.21604850763119507	0.11787845042814334	0.5	0.4142135623730951	0.0905570241534874	1.0	0.40453726661826384	0.2240092377397959	0.28989794855663564	1.0	0.1598326235418969	0.585786437626905	1.0	1.0
ja	1.0	1.0	0.010165126211985943	1.0	0.585786437626905	0.5	1.0	0.16449072740645634	0.585786437626905	0.38742588672279304	1.0	1.0	1.0	1.0	0.5	1.0	1.0	1.0	1.0	1.0	1.0	0.36602540378443865	0.4142135623730951	0.26968623182294527	0.585786437626905	1.0	0.19367338768973053	1.0	0.585786437626905	0.2958163163244893	0.4364916731037085	1.0	0.4142135623730951	1.0	1.0	1.0
ko	1.0	1.0	0.010165126211985943	1.0	0.585786437626905	1.0	1.0	0.34833147735478825	1.0	0.5	1.0	1.0	1.0	1.0	1.0	1.0	1.0	1.0	1.0	1.0	1.0	0.5	1.0	0.44948974278317805	1.0	1.0	0.2674788903885893	1.0	0.585786437626905	0.3797958971132712	0.39564392373896	1.0	0.36602540378443865	1.0	1.0	1.0
lv	1.0	1.0	0.05280509198215491	1.0	0.585786437626905	1.0	1.0	1.0	1.0	1.0	1.0	1.0	1.0	1.0	1.0	1.0	1.0	1.0	1.0	1.0	1.0	1.0	1.0	1.0	1.0	1.0	0.4364916731037085	1.0	0.585786437626905	1.0	1.0	1.0	0.3655636559687688	1.0	1.0	1.0
mk	0.0	1.0	0.01078023290985944	1.0	1.0	1.0	1.0	1.0	1.0	1.0	1.0	1.0	0.585786437626905	1.0	1.0	1.0	1.0	1.0	1.0	0.0	1.0	1.0	1.0	1.0	1.0	1.0	0.585786437626905	0.0	1.0	1.0	1.0	0.0	0.585786437626905	1.0	0.0	1.0
ml	1.0	1.0	0.01078023290985944	1.0	1.0	1.0	1.0	1.0	1.0	1.0	1.0	1.0	1.0	1.0	1.0	1.0	1.0	1.0	0.0	1.0	1.0	1.0	1.0	1.0	1.0	1.0	0.5	1.0	1.0	1.0	1.0	1.0	0.3090169943749474	1.0	1.0	1.0
mr	1.0	1.0	0.01078023290985944	1.0	1.0	1.0	1.0	1.0	1.0	1.0	1.0	1.0	1.0	1.0	1.0	1.0	1.0	1.0	1.0	1.0	1.0	1.0	1.0	1.0	1.0	1.0	0.585786437626905	1.0	1.0	1.0	1.0	1.0	1.0	1.0	1.0	1.0
nl	1.0	0.5	0.1014726256479063	1.0	0.44948974278317805	0.23800671553691075	0.585786437626905	0.17090754629853722	0.23582845781094	0.2216368750839041	0.39564392373896007	0.585786437626905	0.585786437626905	0.5	0.2222222222222222	0.36602540378443865	0.5	1.0	1.0	1.0	1.0	1.0	0.2766967754673749	0.1948102957023263	0.44948974278317805	0.24257131419419417	0.1498898345152252	1.0	0.4364916731037085	0.2216368750839041	0.3333333333333333	1.0	0.06865039615510905	1.0	1.0	0.585786437626905
pl	1.0	0.5	0.08628009267322807	1.0	0.5	0.16760090740494846	1.0	0.03615775924020744	0.1655219585290672	0.14738310595414075	1.0	1.0	0.585786437626905	1.0	0.21604850763119507	0.4142135623730951	1.0	1.0	1.0	1.0	1.0	0.2766967754673749	1.0	0.08754523700967462	0.5	0.2791745113185196	0.0905570241534874	1.0	0.4364916731037085	0.21089672205953397	0.32037724101704074	1.0	0.20490293198991966	0.585786437626905	1.0	0.44948974278317805
pt	1.0	0.5	0.0615516923042655	1.0	0.5	0.11090594322914575	1.0	0.04003567037367389	0.10219740136238975	0.09143021439566133	0.44948974278317805	1.0	0.585786437626905	0.5	0.11787845042814334	0.26968623182294527	0.44948974278317805	1.0	1.0	1.0	1.0	0.1948102957023263	0.08754523700967462	1.0	0.44948974278317805	0.22901628833426058	0.0928186039834723	1.0	0.40453726661826384	0.20658711810431302	0.25824569976124334	1.0	0.22281267964860224	0.585786437626905	1.0	0.2449655295864104
ro	1.0	1.0	0.09047577442363525	1.0	0.585786437626905	0.5	1.0	0.44948974278317805	0.585786437626905	0.5	0.585786437626905	1.0	1.0	1.0	0.5	0.585786437626905	1.0	1.0	1.0	1.0	1.0	0.44948974278317805	0.5	0.44948974278317805	1.0	0.585786437626905	0.15191308535297487	1.0	0.5	0.3084793492966736	0.5	1.0	0.44948974278317805	0.585786437626905	1.0	0.585786437626905
ru	1.0	0.39564392373896007	0.010165126211985943	1.0	0.585786437626905	0.3430703308172536	1.0	0.12696057464887336	0.44948974278317805	0.4142135623730951	1.0	1.0	0.585786437626905	0.585786437626905	0.4142135623730951	1.0	1.0	1.0	1.0	1.0	1.0	0.24257131419419417	0.2791745113185196	0.22901628833426058	0.585786437626905	1.0	0.12746602555403042	1.0	0.4364916731037085	0.2187841884486319	0.39564392373896007	1.0	0.22646721143623746	1.0	1.0	1.0
sh	1.0	0.38742588672279304	0.06116603958264903	1.0	0.27429188517743175	0.08058375978680757	0.4364916731037085	0.06774012951104759	0.07245374230424907	0.09594384755938334	0.20342651452257512	0.4364916731037085	0.3380788308512194	0.39564392373896007	0.0905570241534874	0.19367338768973053	0.2674788903885893	0.4364916731037085	0.585786437626905	0.5	0.585786437626905	0.1498898345152252	0.0905570241534874	0.0928186039834723	0.15191308535297487	0.12746602555403042	1.0	1.0	0.2791745113185196	0.06882207351371257	0.11056419933005458	1.0	0.2708131845707603	0.14213411430869038	1.0	0.17464760748059102
si	0.0	0.0	0.04073093734534784	0.0	1.0	1.0	1.0	1.0	1.0	1.0	1.0	1.0	1.0	1.0	1.0	1.0	1.0	1.0	0.0	1.0	1.0	1.0	1.0	1.0	1.0	1.0	1.0	1.0	1.0	1.0	1.0	0.0	1.0	1.0	0.0	1.0
simple	1.0	1.0	0.10147262564790628	1.0	0.40453726661826384	0.4364916731037085	0.585786437626905	0.4134900434704663	0.4364916731037085	0.40453726661826384	0.4364916731037085	0.585786437626905	0.40453726661826384	0.585786437626905	0.40453726661826384	0.585786437626905	0.585786437626905	0.585786437626905	1.0	1.0	1.0	0.4364916731037085	0.4364916731037085	0.40453726661826384	0.5	0.4364916731037085	0.2791745113185196	1.0	1.0	0.5	0.40453726661826384	1.0	0.2012628451930092	0.585786437626905	1.0	0.4364916731037085
sr	1.0	0.44948974278317805	0.010597764788969646	1.0	0.44948974278317805	0.19404996501286384	1.0	0.16316416748058693	0.17808829082195718	0.2016895928872254	0.3430703308172536	1.0	0.5	1.0	0.2240092377397959	0.2958163163244893	0.3797958971132712	1.0	1.0	1.0	1.0	0.2216368750839041	0.21089672205953397	0.20658711810431302	0.3084793492966736	0.2187841884486319	0.06882207351371257	1.0	0.5	1.0	0.2222222222222222	1.0	0.44948974278317805	0.3333333333333333	1.0	0.26968623182294527
sv	1.0	0.585786437626905	0.06810280204641161	0.585786437626905	0.5	0.32881309020609956	1.0	0.17437934181076717	0.24257131419419417	0.24336073281110826	0.585786437626905	1.0	0.5	0.585786437626905	0.28989794855663564	0.4364916731037085	0.39564392373896	1.0	1.0	1.0	1.0	0.3333333333333333	0.32037724101704074	0.25824569976124334	0.5	0.39564392373896007	0.11056419933005458	1.0	0.40453726661826384	0.2222222222222222	1.0	1.0	0.3721897513507093	0.4364916731037085	1.0	0.39564392373896007
te	1.0	1.0	0.013593861198859362	1.0	1.0	1.0	1.0	1.0	1.0	1.0	1.0	1.0	1.0	1.0	1.0	1.0	1.0	1.0	0.0	1.0	1.0	1.0	1.0	1.0	1.0	1.0	1.0	0.0	1.0	1.0	1.0	1.0	0.5	1.0	1.0	1.0
tr	1.0	0.11958227425189417	-1.0	1.0	0.18933139574356014	0.179128784747792	0.5	0.10005314559413568	0.20521309615767264	0.17712323667637822	0.585786437626905	0.5	0.5	0.13955985180135516	0.1598326235418969	0.4142135623730951	0.36602540378443865	0.3655636559687688	0.585786437626905	0.3090169943749474	1.0	0.06865039615510905	0.20490293198991966	0.22281267964860224	0.44948974278317805	0.22646721143623746	0.2708131845707603	1.0	0.2012628451930092	0.44948974278317805	0.3721897513507093	0.5	1.0	0.27429188517743175	0.585786437626905	0.26533119314590375
vi	1.0	1.0	0.06746278230983864	1.0	0.585786437626905	0.585786437626905	1.0	0.5	0.585786437626905	0.5	1.0	1.0	1.0	0.585786437626905	0.585786437626905	1.0	1.0	1.0	1.0	1.0	1.0	1.0	0.585786437626905	0.585786437626905	0.585786437626905	1.0	0.14213411430869038	1.0	0.585786437626905	0.3333333333333333	0.4364916731037085	1.0	0.27429188517743175	1.0	1.0	1.0
war	1.0	1.0	0.010783751662856219	1.0	1.0	1.0	1.0	1.0	1.0	1.0	1.0	1.0	1.0	1.0	1.0	1.0	1.0	1.0	0.0	1.0	1.0	1.0	1.0	1.0	1.0	1.0	1.0	0.0	1.0	1.0	1.0	1.0	0.585786437626905	1.0	1.0	1.0
zh	1.0	0.585786437626905	0.05458074697312354	1.0	0.585786437626905	0.4142135623730951	1.0	0.2372732414640341	0.44948974278317805	0.2402530733520421	1.0	1.0	0.585786437626905	1.0	1.0	1.0	1.0	1.0	1.0	1.0	1.0	0.585786437626905	0.44948974278317805	0.2449655295864104	0.585786437626905	1.0	0.17464760748059102	1.0	0.4364916731037085	0.26968623182294527	0.39564392373896007	1.0	0.26533119314590375	1.0	1.0	1.0
