arz	bs	ceb	ckb	da	de	el	en	es	fr	he	hi	hu	id	it	ja	ko	lv	mk	ml	mr	nl	pl	pt	ro	ru	sh	si	simple	sr	sv	te	tr	vi	war	zh
arz	1.0	1.0	1.0	1.0	0.5660160774121898	1.0	1.0	0.5660160774121898	1.0	1.0	1.0	1.0	1.0	0.5660160774121898	1.0	1.0	1.0	1.0	1.0	1.0	1.0	1.0	1.0	0.5660160774121898	1.0	1.0	1.0	1.0	0.5660160774121898	1.0	0.5660160774121898	1.0	1.0	1.0	0.5660160774121898	1.0
bs	1.0	1.0	1.0	0.4430980202742534	0.3487513437597079	0.3475854393174153	0.4493075654568811	0.3556756853297902	0.4365836097173162	0.4276200661160894	0.4417255608795031	0.4417255608795031	0.4417255608795031	0.2933860050616241	0.4565785666471531	0.4276200661160894	0.4276200661160894	0.4493075654568811	0.4493075654568811	0.4493075654568811	1.0	0.41086989990260275	0.3891541832389751	0.44037034686182885	0.44677152551834404	0.428767295490223	0.6199975106783391	0.5020797777427737	0.4537978825682009	0.4417255608795031	0.3326532006216424	1.0	0.47452304197533485	0.4276200661160894	0.4695960115558277	0.4276200661160894
ceb	1.0	1.0	1.0	1.0	1.0	1.0	1.0	1.0	1.0	1.0	1.0	1.0	1.0	1.0	1.0	1.0	1.0	1.0	1.0	1.0	1.0	1.0	1.0	1.0	1.0	1.0	1.0	1.0	1.0	1.0	1.0	1.0	1.0	1.0	1.0	1.0
ckb	1.0	0.4430980202742534	1.0	1.0	0.44155947949583013	0.29977440852079806	1.0	0.308078120827306	0.7173869854085879	1.0	1.0	1.0	1.0	0.32890946844524843	0.4556471385531681	1.0	1.0	1.0	1.0	1.0	1.0	0.39851534002113775	0.480336951729734	0.7945722662844971	0.7992591943912659	1.0	0.4356393421039726	1.0	0.6996184724674889	1.0	0.4241580276166406	1.0	0.6431283169108787	1.0	0.4695960115558277	1.0
da	0.5660160774121898	0.3487513437597079	1.0	0.44155947949583013	1.0	0.2962843609312207	0.4044267028502897	0.2677603332524388	0.40328861064921506	0.41122401129132913	0.3559537111769481	0.44155947949583013	0.3843577574844327	0.37502486848195665	0.4205567286674874	0.4143058189288584	0.4143058189288584	0.4044267028502897	0.4044267028502897	0.4044267028502897	0.4557735640768249	0.32588941586893805	0.41899707686999205	0.4020157137401234	0.4354943247423383	0.4082364312152874	0.34630563832890815	1.0	0.38535448979300446	0.42559664830438537	0.8045341044907044	0.5660160774121898	0.4055021941170839	0.4304489520650233	0.469380115279184	0.41122401129132913
de	1.0	0.3475854393174153	1.0	0.29977440852079806	0.2962843609312207	1.0	0.6384731618278906	0.17743201532751848	0.2252211462823726	0.19202677434409796	0.2218304067598422	0.30284003754919425	0.43019791641908345	0.30373557336734086	0.21147157727675786	0.2222821875952618	0.22688000079933535	0.6994017365373273	0.6908587525207898	0.7265334708466399	1.0	0.22230049186304143	0.2660578855703272	0.23030221026854533	0.3200133909903686	0.20814640791561864	0.3190973129676587	0.7863954451402115	0.297190874512868	0.2901087883973074	0.2441914402857321	1.0	0.25955422936298933	0.28620938841422033	0.4465035558168418	0.1904098885634363
el	1.0	0.4493075654568811	1.0	1.0	0.4044267028502897	0.6384731618278906	1.0	0.40648371587566545	0.7411828468492555	1.0	1.0	1.0	1.0	0.3396575213270851	0.40934151639543775	1.0	1.0	1.0	1.0	1.0	1.0	0.4833535814822089	0.6161562425375515	0.7816370791077749	1.0	1.0	0.4417255608795031	1.0	0.7262876433102552	1.0	0.4053700319872855	1.0	0.6848224372154739	1.0	0.4695960115558277	1.0
en	0.5660160774121898	0.3556756853297902	1.0	0.308078120827306	0.2677603332524388	0.17743201532751848	0.40648371587566545	1.0	0.19425081453137483	0.13960999488679648	0.18189644553558312	0.26691825781860473	0.3673484188338537	0.34005917145153386	0.18307731634277907	0.13971548174295273	0.16237665896053385	0.45012615760534636	0.44005409121783323	0.7082367138341036	0.517346181619858	0.1814841152746755	0.1832975465709435	0.17059587398153003	0.27243387145359105	0.13916465411512627	0.3126401777869802	0.45627762828753365	0.27487250026678983	0.20706971318915499	0.1878142166444926	0.5660160774121898	0.26124929598432056	0.23390255342983357	0.4800927231828113	0.14477102247892226
es	1.0	0.4365836097173162	1.0	0.7173869854085879	0.40328861064921506	0.2252211462823726	0.7411828468492555	0.19425081453137483	1.0	0.25874111412271017	0.47557584734386144	1.0	0.6999555959765577	0.31598273542820876	0.2519217254536165	0.41515736776586276	0.4393641972025258	1.0	1.0	1.0	1.0	0.25917839649358493	0.3752338020702523	0.4187526741281894	0.7362649060409139	0.43102098894008606	0.44617377992746765	1.0	0.6206250897463187	0.35427874926561315	0.32604933485892496	1.0	0.5888309462579984	0.6518815366079532	0.4695960115558277	0.40306181491822235
fr	1.0	0.4276200661160894	1.0	1.0	0.41122401129132913	0.19202677434409796	1.0	0.13960999488679648	0.25874111412271017	1.0	0.2582664108958949	0.3500151006573172	0.3105091639226923	0.2748231283500014	0.19854378170557874	0.27820091798438773	0.2381310650609967	1.0	1.0	1.0	1.0	0.22375207492565108	0.21700532028182828	0.21324578168510816	0.7834965055871609	0.23034747029856847	0.4356393421039726	1.0	0.2981121314354378	0.3536620343333742	0.24301891444931853	1.0	0.2959540536526814	1.0	0.4695960115558277	0.22859497455610472
he	1.0	0.4417255608795031	1.0	1.0	0.3559537111769481	0.2218304067598422	1.0	0.18189644553558312	0.47557584734386144	0.2582664108958949	1.0	1.0	0.728099120889861	0.3321877553879506	0.26938775152494415	1.0	1.0	1.0	1.0	1.0	1.0	0.2847731788317762	0.5379076447750838	0.7023971902363174	1.0	1.0	0.4576444201675777	1.0	0.6701212521966627	0.3500151006573172	0.3857599802313563	1.0	0.6658625706932749	1.0	0.4695960115558277	1.0
hi	1.0	0.4417255608795031	1.0	1.0	0.44155947949583013	0.30284003754919425	1.0	0.26691825781860473	1.0	0.3500151006573172	1.0	1.0	1.0	0.32890946844524843	0.3523366471325605	1.0	1.0	1.0	1.0	1.0	1.0	0.377367297608387	0.4535237947777037	0.40357136033716096	1.0	1.0	0.4354670521374121	1.0	0.718852876831935	1.0	0.41360553468474004	1.0	0.6239725949460845	1.0	0.4695960115558277	1.0
hu	1.0	0.4417255608795031	1.0	1.0	0.3843577574844327	0.43019791641908345	1.0	0.3673484188338537	0.6999555959765577	0.3105091639226923	0.728099120889861	1.0	1.0	0.3194691023170849	0.3230351540048528	0.6081387406547982	0.6126124094693752	1.0	1.0	1.0	1.0	0.46208403209275767	0.5749103792079806	0.5802005871752208	1.0	0.6109667409257578	0.4417255608795031	1.0	0.7120780402070038	0.7322034805959264	0.34451578500843727	1.0	0.6298962331140651	1.0	0.4695960115558277	0.7248485669756152
id	0.5660160774121898	0.2933860050616241	1.0	0.32890946844524843	0.37502486848195665	0.30373557336734086	0.3396575213270851	0.34005917145153386	0.31598273542820876	0.2748231283500014	0.3321877553879506	0.32890946844524843	0.3194691023170849	1.0	0.28408772817651246	0.2806355507813727	0.2861766743656092	0.3523591736094921	0.3523591736094921	0.36868143299942446	0.4557735640768249	0.3033476676519501	0.32467373124250376	0.2694855414396121	0.31766939202088884	0.2806355507813727	0.29038512653417803	1.0	0.32816960856029087	0.32890946844524843	0.3150898851744264	0.5660160774121898	0.3124775423582336	0.31766939202088884	0.469380115279184	0.3024445769032955
it	1.0	0.4565785666471531	1.0	0.4556471385531681	0.4205567286674874	0.21147157727675786	0.40934151639543775	0.18307731634277907	0.2519217254536165	0.19854378170557874	0.26938775152494415	0.3523366471325605	0.3230351540048528	0.28408772817651246	1.0	0.20817239203294913	0.231060190377183	0.4430580270359343	0.4310178442839632	0.7023853787586749	0.7863954451402115	0.28765304864751984	0.2593311798892574	0.2396268821634543	0.3837689074357476	0.2049660967861521	0.36523304603549256	1.0	0.3074105830921692	0.3234387601216296	0.24691440352124183	1.0	0.2700728826709018	0.32415994685448823	0.5263825220994708	0.20690393408215246
ja	1.0	0.4276200661160894	1.0	1.0	0.4143058189288584	0.2222821875952618	1.0	0.13971548174295273	0.41515736776586276	0.27820091798438773	1.0	1.0	0.6081387406547982	0.2806355507813727	0.20817239203294913	1.0	1.0	1.0	1.0	1.0	1.0	0.22935381904670787	0.3693882765164404	0.5226135804188745	0.7808298169993729	1.0	0.4356393421039726	1.0	0.5953271994754857	0.34046105911290303	0.35155414312474575	1.0	0.6331476378329115	1.0	0.4695960115558277	1.0
ko	1.0	0.4276200661160894	1.0	1.0	0.4143058189288584	0.22688000079933535	1.0	0.16237665896053385	0.4393641972025258	0.2381310650609967	1.0	1.0	0.6126124094693752	0.2861766743656092	0.231060190377183	1.0	1.0	1.0	1.0	1.0	1.0	0.23584252607198924	0.3655714336031998	0.6363505660217738	0.7834965055871609	1.0	0.4356393421039726	1.0	0.5953271994754857	0.34046105911290303	0.3670606509034231	1.0	0.6012708166039226	1.0	0.4695960115558277	1.0
lv	1.0	0.4493075654568811	1.0	1.0	0.4044267028502897	0.6994017365373273	1.0	0.45012615760534636	1.0	1.0	1.0	1.0	1.0	0.3523591736094921	0.4430580270359343	1.0	1.0	1.0	1.0	1.0	1.0	0.5427489237286203	0.6524007805500077	0.4372878309044682	1.0	1.0	0.4417255608795031	1.0	0.7262876433102552	1.0	0.42489828324440826	1.0	0.6395657813917608	1.0	0.4695960115558277	1.0
mk	1.0	0.4493075654568811	1.0	1.0	0.4044267028502897	0.6908587525207898	1.0	0.44005409121783323	1.0	1.0	1.0	1.0	1.0	0.3523591736094921	0.4310178442839632	1.0	1.0	1.0	1.0	1.0	1.0	0.523936943483261	0.6395657813917608	0.427520404234099	1.0	1.0	0.4417255608795031	1.0	0.7262876433102552	1.0	0.42489828324440826	1.0	0.629896233114065	1.0	0.4695960115558277	1.0
ml	1.0	0.4493075654568811	1.0	1.0	0.4044267028502897	0.7265334708466399	1.0	0.7082367138341036	1.0	1.0	1.0	1.0	1.0	0.36868143299942446	0.7023853787586749	1.0	1.0	1.0	1.0	1.0	1.0	0.641521583802158	0.6704675947063354	0.8356066468683773	1.0	1.0	0.4576444201675777	1.0	0.7502477598910113	1.0	0.4493075654568811	1.0	0.6704675947063355	1.0	0.4695960115558277	1.0
mr	1.0	1.0	1.0	1.0	0.4557735640768249	1.0	1.0	0.517346181619858	1.0	1.0	1.0	1.0	1.0	0.4557735640768249	0.7863954451402115	1.0	1.0	1.0	1.0	1.0	1.0	0.7863954451402115	0.7863954451402115	0.8125806012482828	1.0	1.0	0.7863954451402115	1.0	0.5020797777427737	1.0	0.5020797777427737	1.0	1.0	1.0	0.5020797777427737	1.0
nl	1.0	0.41086989990260275	1.0	0.39851534002113775	0.32588941586893805	0.22230049186304143	0.4833535814822089	0.1814841152746755	0.25917839649358493	0.22375207492565108	0.2847731788317762	0.377367297608387	0.46208403209275767	0.3033476676519501	0.28765304864751984	0.22935381904670787	0.23584252607198924	0.5427489237286203	0.523936943483261	0.641521583802158	0.7863954451402115	1.0	0.2876419939342029	0.24558488245433266	0.39999996796189463	0.23767563298149352	0.4051868965892999	0.7863954451402115	0.34115583404940275	0.3739392645825429	0.24970504365251311	1.0	0.3053836213871378	0.34980941829189044	0.44650355581684187	0.23132938698047256
pl	1.0	0.3891541832389751	1.0	0.480336951729734	0.41899707686999205	0.2660578855703272	0.6161562425375515	0.1832975465709435	0.3752338020702523	0.21700532028182828	0.5379076447750838	0.4535237947777037	0.5749103792079806	0.32467373124250376	0.2593311798892574	0.3693882765164404	0.3655714336031998	0.6524007805500077	0.6395657813917608	0.6704675947063354	0.7863954451402115	0.2876419939342029	1.0	0.39340242274524945	0.47898471769186346	0.37319416051930193	0.3763424488828524	1.0	0.5716826482813993	0.4726196373314408	0.3790992982355733	1.0	0.45129409119387953	0.42885377736676905	0.5263825220994708	0.43507633458543266
pt	0.5660160774121898	0.44037034686182885	1.0	0.7945722662844971	0.4020157137401234	0.23030221026854533	0.7816370791077749	0.17059587398153003	0.4187526741281894	0.21324578168510816	0.7023971902363174	0.40357136033716096	0.5802005871752208	0.2694855414396121	0.2396268821634543	0.5226135804188745	0.6363505660217738	0.4372878309044682	0.427520404234099	0.8356066468683773	0.8125806012482828	0.24558488245433266	0.39340242274524945	1.0	0.7347572721455776	0.5730316597990991	0.4599037591684462	0.8125806012482828	0.5985618813665337	0.3793542640113465	0.3325871268121651	0.5660160774121898	0.5761320733936729	0.7638132306114035	0.43785511926328285	0.5877675161371128
ro	1.0	0.44677152551834404	1.0	0.7992591943912659	0.4354943247423383	0.3200133909903686	1.0	0.27243387145359105	0.7362649060409139	0.7834965055871609	1.0	1.0	1.0	0.31766939202088884	0.3837689074357476	0.7808298169993729	0.7834965055871609	1.0	1.0	1.0	1.0	0.39999996796189463	0.47898471769186346	0.7347572721455776	1.0	1.0	0.4339532998651367	1.0	0.7296153813190962	1.0	0.3957109194695877	1.0	0.6320739334701119	0.7900608149332319	0.4695960115558277	0.7808298169993729
ru	1.0	0.428767295490223	1.0	1.0	0.4082364312152874	0.20814640791561864	1.0	0.13916465411512627	0.43102098894008606	0.23034747029856847	1.0	1.0	0.6109667409257578	0.2806355507813727	0.2049660967861521	1.0	1.0	1.0	1.0	1.0	1.0	0.23767563298149352	0.37319416051930193	0.5730316597990991	1.0	1.0	0.4354670521374121	1.0	0.6639114613280096	0.33312763698300546	0.3419839844008419	1.0	0.5634618282637032	1.0	0.4695960115558277	1.0
sh	1.0	0.6199975106783391	1.0	0.4356393421039726	0.34630563832890815	0.3190973129676587	0.4417255608795031	0.3126401777869802	0.44617377992746765	0.4356393421039726	0.4576444201675777	0.4354670521374121	0.4417255608795031	0.29038512653417803	0.36523304603549256	0.4356393421039726	0.4356393421039726	0.4417255608795031	0.4417255608795031	0.4576444201675777	0.7863954451402115	0.4051868965892999	0.3763424488828524	0.4599037591684462	0.4339532998651367	0.4354670521374121	1.0	0.5020797777427737	0.47234745450859694	0.4354670521374121	0.3318403324924323	1.0	0.48533368774769725	0.4356393421039726	0.44650355581684187	0.4356393421039726
si	1.0	0.5020797777427737	1.0	1.0	1.0	0.7863954451402115	1.0	0.45627762828753365	1.0	1.0	1.0	1.0	1.0	1.0	1.0	1.0	1.0	1.0	1.0	1.0	1.0	0.7863954451402115	1.0	0.8125806012482828	1.0	1.0	0.5020797777427737	1.0	0.8125806012482828	1.0	1.0	1.0	0.7495060196705011	1.0	1.0	1.0
simple	0.5660160774121898	0.4537978825682009	1.0	0.6996184724674889	0.38535448979300446	0.297190874512868	0.7262876433102552	0.27487250026678983	0.6206250897463187	0.2981121314354378	0.6701212521966627	0.718852876831935	0.7120780402070038	0.32816960856029087	0.3074105830921692	0.5953271994754857	0.5953271994754857	0.7262876433102552	0.7262876433102552	0.7502477598910113	0.5020797777427737	0.34115583404940275	0.5716826482813993	0.5985618813665337	0.7296153813190962	0.6639114613280096	0.47234745450859694	0.8125806012482828	1.0	0.34212111542220447	0.3694586930872904	0.5660160774121898	0.6352304726412753	0.6872255729502673	0.3688036565659151	0.5953271994754857
sr	1.0	0.4417255608795031	1.0	1.0	0.42559664830438537	0.2901087883973074	1.0	0.20706971318915499	0.35427874926561315	0.3536620343333742	0.3500151006573172	1.0	0.7322034805959264	0.32890946844524843	0.3234387601216296	0.34046105911290303	0.34046105911290303	1.0	1.0	1.0	1.0	0.3739392645825429	0.4726196373314408	0.3793542640113465	1.0	0.33312763698300546	0.4354670521374121	1.0	0.34212111542220447	1.0	0.3035892564302072	1.0	0.33354803354984935	1.0	0.4695960115558277	0.34046105911290303
sv	0.5660160774121898	0.3326532006216424	1.0	0.4241580276166406	0.8045341044907044	0.2441914402857321	0.4053700319872855	0.1878142166444926	0.32604933485892496	0.24301891444931853	0.3857599802313563	0.41360553468474004	0.34451578500843727	0.3150898851744264	0.24691440352124183	0.35155414312474575	0.3670606509034231	0.42489828324440826	0.42489828324440826	0.4493075654568811	0.5020797777427737	0.24970504365251311	0.3790992982355733	0.3325871268121651	0.3957109194695877	0.3419839844008419	0.3318403324924323	1.0	0.3694586930872904	0.3035892564302072	1.0	0.5660160774121898	0.3258688134357076	0.4015117988555683	1.0	0.37458284934172736
te	1.0	1.0	1.0	1.0	0.5660160774121898	1.0	1.0	0.5660160774121898	1.0	1.0	1.0	1.0	1.0	0.5660160774121898	1.0	1.0	1.0	1.0	1.0	1.0	1.0	1.0	1.0	0.5660160774121898	1.0	1.0	1.0	1.0	0.5660160774121898	1.0	0.5660160774121898	1.0	1.0	1.0	0.5660160774121898	1.0
tr	1.0	0.47452304197533485	1.0	0.6431283169108787	0.4055021941170839	0.25955422936298933	0.6848224372154739	0.26124929598432056	0.5888309462579984	0.2959540536526814	0.6658625706932749	0.6239725949460845	0.6298962331140651	0.3124775423582336	0.2700728826709018	0.6331476378329115	0.6012708166039226	0.6395657813917608	0.629896233114065	0.6704675947063355	1.0	0.3053836213871378	0.45129409119387953	0.5761320733936729	0.6320739334701119	0.5634618282637032	0.48533368774769725	0.7495060196705011	0.6352304726412753	0.33354803354984935	0.3258688134357076	1.0	1.0	0.6212746690601335	0.4465035558168418	0.6283703032825468
vi	1.0	0.4276200661160894	1.0	1.0	0.4304489520650233	0.28620938841422033	1.0	0.23390255342983357	0.6518815366079532	1.0	1.0	1.0	1.0	0.31766939202088884	0.32415994685448823	1.0	1.0	1.0	1.0	1.0	1.0	0.34980941829189044	0.42885377736676905	0.7638132306114035	0.7900608149332319	1.0	0.4356393421039726	1.0	0.6872255729502673	1.0	0.4015117988555683	1.0	0.6212746690601335	1.0	0.4695960115558277	1.0
war	0.5660160774121898	0.4695960115558277	1.0	0.4695960115558277	0.469380115279184	0.4465035558168418	0.4695960115558277	0.4800927231828113	0.4695960115558277	0.4695960115558277	0.4695960115558277	0.4695960115558277	0.4695960115558277	0.469380115279184	0.5263825220994708	0.4695960115558277	0.4695960115558277	0.4695960115558277	0.4695960115558277	0.4695960115558277	0.5020797777427737	0.44650355581684187	0.5263825220994708	0.43785511926328285	0.4695960115558277	0.4695960115558277	0.44650355581684187	1.0	0.3688036565659151	0.4695960115558277	1.0	0.5660160774121898	0.4465035558168418	0.4695960115558277	1.0	0.4695960115558277
zh	1.0	0.4276200661160894	1.0	1.0	0.41122401129132913	0.1904098885634363	1.0	0.14477102247892226	0.40306181491822235	0.22859497455610472	1.0	1.0	0.7248485669756152	0.3024445769032955	0.20690393408215246	1.0	1.0	1.0	1.0	1.0	1.0	0.23132938698047256	0.43507633458543266	0.5877675161371128	0.7808298169993729	1.0	0.4356393421039726	1.0	0.5953271994754857	0.34046105911290303	0.37458284934172736	1.0	0.6283703032825468	1.0	0.4695960115558277	1.0
