arz	bs	ceb	ckb	da	de	el	en	es	fr	he	hi	hu	id	it	ja	ko	lv	mk	ml	mr	nl	pl	pt	ro	ru	sh	si	simple	sr	sv	te	vi	war	zh
arz	1.0	0.17305757537147254	0.585786437626905	0.34833147735478825	0.1951941016011038	0.16574888863755477	0.1590893983778804	0.12753389848460323	0.15295783961613652	0.1368227865524485	0.16139047779640894	0.1757340838011157	0.1664356982881207	0.18795247918520225	0.10067656868217285	0.11772403115357771	0.13141520331531306	0.2449655295864104	0.14010585276840953	0.22966848451216434	0.21712927295533244	0.1757340838011157	0.1827439976315568	0.12193202637458722	0.16484708315636035	0.11100702835750018	0.1512290518085545	0.26533119314590375	0.17331935664757372	0.1512290518085545	0.11139730642759209	0.2612038749637414	0.16139047779640892	0.3660254037844386	0.10532525910244558
bs	0.17305757537147254	1.0	0.5	0.12582697286446293	0.011635140791421085	0.006924650708085351	0.012695230509797659	0.011110091757372197	0.006866554601266043	0.008248427044875344	0.00844600695440628	0.013419232534812331	0.013242715661573621	0.00937364655247488	0.010939419352806986	0.013515953908922407	0.00950154314412537	0.02897310922103033	0.016522056002566295	0.025152057471988763	0.059564069938377574	0.007236445126644193	0.006963960505592792	0.013140922709954957	0.01238216214868732	0.014865600835288215	0.010952806060478618	0.06681028300889326	0.01142743311522571	0.008254662732934627	0.013138957059701693	0.11103907908678398	0.00961374904728483	0.23166247903554	0.017025305409539414
ceb	0.585786437626905	0.5	1.0	1.0	0.39564392373896007	0.3430703308172536	0.39564392373896	0.3430703308172536	0.3430703308172536	0.3430703308172536	0.3430703308172536	0.32881309020609956	0.39564392373896	0.3430703308172536	0.32881309020609956	0.3164309725825327	0.3430703308172536	0.585786437626905	0.3726822671238253	0.3430703308172536	0.353889367864523	0.3430703308172536	0.3430703308172536	0.3430703308172536	0.3430703308172536	0.3430703308172536	0.39564392373896007	0.585786437626905	0.39564392373896	0.3430703308172536	0.3430703308172536	0.4364916731037085	0.39564392373896	0.39564392373896007	0.39564392373896
ckb	0.34833147735478825	0.12582697286446293	1.0	1.0	0.13628215610069397	0.100129891618464	0.08509134743565246	0.03412722802743117	0.10862847864413239	0.0638431467178706	0.09290331106626722	0.10735781379213594	0.09022836729969651	0.12426283912236971	0.04431143883436556	0.02900471969262341	0.06556418964293	0.12620510729422296	0.0624024198738859	0.08783125310270722	0.11433841851550565	0.11621389497419159	0.10829960543989849	0.04136165312237695	0.11060039876245885	0.020108143662062847	0.07671846210213532	0.12763592142382107	0.08113753754739587	0.1217053571467757	0.03849482528210881	0.2008390199171533	0.09850642095390885	0.44948974278317805	0.018075670094714297
da	0.1951941016011038	0.011635140791421085	0.39564392373896007	0.13628215610069397	1.0	0.0034753899002850845	0.006508842589853101	0.004574417888593251	0.0037402699053692657	0.004621347556996714	0.004656355958080429	0.00685485602259103	0.005758979368178368	0.007795505252270768	0.004517390277106637	0.004383806733226706	0.004295452248937908	0.015743761582757112	0.008605980777387605	0.012325894987367506	0.022032093743356292	0.003929540605683197	0.003987499767960395	0.004241609581456149	0.0072773553555548435	0.004428679837277975	0.006090789591225368	0.047730462218996024	0.00532819730528026	0.005768629231490876	0.004643332629221354	0.10284329420806598	0.0058402426716635605	0.24336073281110826	0.004245320409047007
de	0.16574888863755477	0.006924650708085351	0.3430703308172536	0.100129891618464	0.0034753899002850845	1.0	0.003302268300060136	0.0038317275672964577	0.0038062195231426546	0.004329335748725377	0.0030616276436571605	0.0038820378329347477	0.0032946989599238253	0.002830033208672853	0.0041122366859344785	0.003627265031941281	0.003382645255520962	0.0072663972312116505	0.0049633530419823085	0.006506254919969428	0.01428512907732038	0.0029574336946030164	0.0036037666778720168	0.004081570826997165	0.003575398092773881	0.0036720657821132153	0.003254359622761204	0.018834507461276847	0.0030003253391943856	0.002748577526971447	0.0032716679487199084	0.061040297349242066	0.003021779137926318	0.28989794855663564	0.003391432952251501
el	0.1590893983778804	0.012695230509797659	0.39564392373896	0.08509134743565246	0.006508842589853101	0.003302268300060136	1.0	0.013664032002969966	0.003297453710566531	0.009110122831826837	0.006464971580818073	0.011105494577349127	0.00936421233920825	0.00492356440967187	0.010557872240517005	0.012728772424112394	0.008328333830217489	0.009344119860742949	0.011695779285572997	0.013305701080306891	0.019535784669079383	0.003699198659862133	0.003432778494113426	0.013051347306208024	0.006441574178602663	0.01312552455332058	0.009034926491497945	0.030216158500759482	0.0085596590117356	0.005815514160403198	0.012687875261083802	0.05274155851267924	0.006853854086031751	0.16172576822087797	0.01750724710368797
en	0.12753389848460323	0.011110091757372197	0.3430703308172536	0.03412722802743117	0.004574417888593251	0.0038317275672964577	0.013664032002969966	1.0	0.004068891136684851	0.004442274133284273	0.008283684125430473	0.012945548943422983	0.011481932607714272	0.005093324907868011	0.004841901831240232	0.00666412390524936	0.011921723251726912	0.00793198366607304	0.01633228357945785	0.009719373229516952	0.01453175520818323	0.004170623165535358	0.004299714776410484	0.005466124060219105	0.006633951163281959	0.005535817919211491	0.014296226729284545	0.016939254108101973	0.01248753004128709	0.0067081829729676145	0.00908432965224785	0.019029903840347955	0.009690119698731845	0.12473108624037503	0.0085540059706143
es	0.15295783961613652	0.006866554601266043	0.3430703308172536	0.10862847864413239	0.0037402699053692657	0.0038062195231426546	0.003297453710566531	0.004068891136684851	1.0	0.003973835562107275	0.0029881807061445183	0.003813133514586712	0.0033446346008585426	0.002714167255497666	0.0036844375009546667	0.0034422667086517838	0.0029167635180699317	0.006846960763438156	0.004778753145969911	0.00612711837158432	0.014037328662171007	0.002918195152442518	0.0034318181675738898	0.0039488518501313765	0.003421718563895174	0.0035765875140601777	0.003345743242583893	0.018023808096556626	0.0028129877279936878	0.0027200492771888548	0.0032391464560623676	0.0605020879974555	0.0028828462109083564	0.24336073281110826	0.003333073361258481
fr	0.1368227865524485	0.008248427044875344	0.3430703308172536	0.0638431467178706	0.004621347556996714	0.004329335748725377	0.009110122831826837	0.004442274133284273	0.003973835562107275	1.0	0.007787418820765153	0.007602786303963052	0.00921129150019654	0.004690456975468571	0.005512370226353631	0.007423876249596363	0.011030023445994182	0.0076971554504625984	0.008928490496058131	0.007837210319044462	0.01396260633987443	0.004015437060705373	0.003953687428751178	0.005960099036339087	0.006085045477140541	0.0070010238344799134	0.008767671129334631	0.018898704567867988	0.00863395369867347	0.007443192682371043	0.00942612090348307	0.03628141882230554	0.008458537460672908	0.21712927295533244	0.009437737149036169
he	0.16139047779640894	0.00844600695440628	0.3430703308172536	0.09290331106626722	0.004656355958080429	0.0030616276436571605	0.006464971580818073	0.008283684125430473	0.0029881807061445183	0.007787418820765153	1.0	0.006159555336925502	0.005531098131342436	0.004215917976972941	0.008812394833884166	0.007692518778953295	0.006849970334637124	0.008361033249046697	0.0063285797088917075	0.008490349432881595	0.015969238898434917	0.002952530052770243	0.003104686324669286	0.007414514455386977	0.00531252150620261	0.008519115272463271	0.0063688864518102045	0.02656869457012587	0.005750197453891147	0.005279945566513877	0.008045783742127421	0.065013153614913	0.00604170155520161	0.22105656221702155	0.007342636074907406
hi	0.1757340838011157	0.013419232534812331	0.32881309020609956	0.10735781379213594	0.00685485602259103	0.0038820378329347477	0.011105494577349127	0.012945548943422983	0.003813133514586712	0.007602786303963052	0.006159555336925502	1.0	0.00945126631068392	0.005179573490031802	0.012035988353790416	0.014027760181643933	0.007945465720235582	0.01188404550112138	0.012057541644779367	0.011597200809131536	0.018066851317112585	0.0039150035351587726	0.004014561946035428	0.012901888939547832	0.006751658385852843	0.015205447402021538	0.008850453906473198	0.03424093558401932	0.00884158143563058	0.006272928575769861	0.012779093651181999	0.06156916717356313	0.006378873479150564	0.1643134704853689	0.014546597464393827
hu	0.1664356982881207	0.013242715661573621	0.39564392373896	0.09022836729969651	0.005758979368178368	0.0032946989599238253	0.00936421233920825	0.011481932607714272	0.0033446346008585426	0.00921129150019654	0.005531098131342436	0.00945126631068392	1.0	0.005150935120161829	0.01074640332350684	0.012114635453127296	0.008158655571036098	0.011064131693935744	0.010046663486047977	0.01269183641946176	0.019870522153744637	0.003459814535751835	0.003381538019342737	0.010194449588693468	0.0062006487102103415	0.01186070177586232	0.00898878507706975	0.05272688866849782	0.008560595235167915	0.006254982186050543	0.011299474799928861	0.054941207946329416	0.006546375213775195	0.18151291824946006	0.01184187813879008
id	0.18795247918520225	0.00937364655247488	0.3430703308172536	0.12426283912236971	0.007795505252270768	0.002830033208672853	0.00492356440967187	0.005093324907868011	0.002714167255497666	0.004690456975468571	0.004215917976972941	0.005179573490031802	0.005150935120161829	1.0	0.0044695093570379235	0.004871008871038137	0.004447589874155834	0.010915328725448866	0.006558989823241617	0.00908150675388973	0.016571796734565724	0.0028731932382969174	0.0028859566633483275	0.0048512563736607655	0.006253391554887729	0.004623562861117023	0.004870027451911607	0.03313247184793744	0.0047072486574403155	0.004290019978326199	0.004666759889107361	0.0703550076458937	0.004389589384599135	0.24660605559646726	0.005056688371172863
it	0.10067656868217285	0.010939419352806986	0.32881309020609956	0.04431143883436556	0.004517390277106637	0.0041122366859344785	0.010557872240517005	0.004841901831240232	0.0036844375009546667	0.005512370226353631	0.008812394833884166	0.012035988353790416	0.01074640332350684	0.0044695093570379235	1.0	0.007703806857697975	0.011680111593978538	0.007912578168391202	0.01136934172355703	0.01045929816504502	0.015455484873590764	0.003921199561271301	0.0036079372616199625	0.005201076599748168	0.006505639961523177	0.007278752671238831	0.01220303656432717	0.021602358434985112	0.010155363702763471	0.007605173407476291	0.009841055126030313	0.017880767961147542	0.009633931427904984	0.18243370584713978	0.009729109886865484
ja	0.11772403115357771	0.013515953908922407	0.3164309725825327	0.02900471969262341	0.004383806733226706	0.003627265031941281	0.012728772424112394	0.00666412390524936	0.0034422667086517838	0.007423876249596363	0.007692518778953295	0.014027760181643933	0.012114635453127296	0.004871008871038137	0.007703806857697975	1.0	0.01061714934705637	0.00804006783502917	0.01685224977234021	0.0127704135838466	0.014698597249019136	0.003416424179737702	0.0035603285031020684	0.009520487203218457	0.0056030625410083594	0.01144783037956365	0.013848622276992961	0.019593317344937772	0.012781587779662758	0.00719515624104371	0.011433161962069468	0.017864075690235164	0.009049825918954197	0.13968423055569662	0.011708373280105306
ko	0.13141520331531306	0.00950154314412537	0.3430703308172536	0.06556418964293	0.004295452248937908	0.003382645255520962	0.008328333830217489	0.011921723251726912	0.0029167635180699317	0.011030023445994182	0.006849970334637124	0.007945465720235582	0.008158655571036098	0.004447589874155834	0.011680111593978538	0.01061714934705637	1.0	0.008917833183866963	0.008390727839698221	0.008769164462221892	0.015945856572005524	0.0030852351238546565	0.0030600944230344818	0.012648075164735633	0.005618030050900272	0.01173705555404253	0.008309818587711166	0.022394398947487758	0.008650153353575826	0.0063406232854545524	0.01302476654805556	0.05934015874003031	0.008228525719377836	0.20557658844381702	0.00997310702422336
lv	0.2449655295864104	0.02897310922103033	0.585786437626905	0.12620510729422296	0.015743761582757112	0.0072663972312116505	0.009344119860742949	0.00793198366607304	0.006846960763438156	0.0076971554504625984	0.008361033249046697	0.01188404550112138	0.011064131693935744	0.010915328725448866	0.007912578168391202	0.00804006783502917	0.008917833183866963	1.0	0.010821737429090175	0.016266948471806392	0.025549353182704612	0.0076237448444791845	0.006828095173054754	0.007986867277621408	0.01782962475664149	0.008125087907791286	0.01180545848190221	0.04669209093578892	0.011333831049195503	0.010895977610447312	0.008159536380481483	0.08752713081787428	0.009196871007862815	0.25	0.009082968660859884
mk	0.14010585276840953	0.016522056002566295	0.3726822671238253	0.0624024198738859	0.008605980777387605	0.0049633530419823085	0.011695779285572997	0.01633228357945785	0.004778753145969911	0.008928490496058131	0.0063285797088917075	0.012057541644779367	0.010046663486047977	0.006558989823241617	0.01136934172355703	0.01685224977234021	0.008390727839698221	0.010821737429090175	1.0	0.01886470764267846	0.03412876935515917	0.005213952443947914	0.005145393154898275	0.013472138336122128	0.00739278698209837	0.02032805165851901	0.011925821289628796	0.046800264544141594	0.00843836534132927	0.007065461656442133	0.0167228945030347	0.06813341007454608	0.006941312115453016	0.11168149810971613	0.02040325448842105
ml	0.22966848451216434	0.025152057471988763	0.3430703308172536	0.08783125310270722	0.012325894987367506	0.006506254919969428	0.013305701080306891	0.009719373229516952	0.00612711837158432	0.007837210319044462	0.008490349432881595	0.011597200809131536	0.01269183641946176	0.00908150675388973	0.01045929816504502	0.0127704135838466	0.008769164462221892	0.016266948471806392	0.01886470764267846	1.0	0.027143613323557032	0.007076231937773838	0.006783683084959845	0.013405988694730349	0.010129828753369008	0.013154959334469635	0.012084683521924757	0.047632328019529255	0.011561819743962715	0.00948463308990454	0.011894970934252146	0.056497175130993116	0.008335872427449613	0.18897339488576134	0.01366058777231437
mr	0.21712927295533244	0.059564069938377574	0.353889367864523	0.11433841851550565	0.022032093743356292	0.01428512907732038	0.019535784669079383	0.01453175520818323	0.014037328662171007	0.01396260633987443	0.015969238898434917	0.018066851317112585	0.019870522153744637	0.016571796734565724	0.015455484873590764	0.014698597249019136	0.015945856572005524	0.025549353182704612	0.03412876935515917	0.027143613323557032	1.0	0.015124197330684567	0.014633190672137612	0.016028009603829625	0.018762790213506245	0.017417839465973875	0.02085453321143382	0.1114099243930032	0.016496324986261798	0.01770457099785949	0.016026455923840183	0.035130066462261564	0.014896725637419787	0.14956087350246788	0.02055859393186036
nl	0.1757340838011157	0.007236445126644193	0.3430703308172536	0.11621389497419159	0.003929540605683197	0.0029574336946030164	0.003699198659862133	0.004170623165535358	0.002918195152442518	0.004015437060705373	0.002952530052770243	0.0039150035351587726	0.003459814535751835	0.0028731932382969174	0.003921199561271301	0.003416424179737702	0.0030852351238546565	0.0076237448444791845	0.005213952443947914	0.007076231937773838	0.015124197330684567	1.0	0.002765439234336567	0.00366393292921613	0.003785020602262034	0.0036799767327295755	0.0035024736556140473	0.021052353074209364	0.0033930141477852265	0.0028295369369824765	0.003426174267846406	0.059887248449267086	0.0030160213706429354	0.3244997998398398	0.0032560959824673645
pl	0.1827439976315568	0.006963960505592792	0.3430703308172536	0.10829960543989849	0.003987499767960395	0.0036037666778720168	0.003432778494113426	0.004299714776410484	0.0034318181675738898	0.003953687428751178	0.003104686324669286	0.004014561946035428	0.003381538019342737	0.0028859566633483275	0.0036079372616199625	0.0035603285031020684	0.0030600944230344818	0.006828095173054754	0.005145393154898275	0.006783683084959845	0.014633190672137612	0.002765439234336567	1.0	0.003959416173897464	0.0036789949694361157	0.00387008667123727	0.003372592918087746	0.019090131035190895	0.0032167434065187776	0.002964941711198878	0.0033304441720608995	0.06928336984599334	0.003244492863609822	0.353889367864523	0.003324945482906131
pt	0.12193202637458722	0.013140922709954957	0.3430703308172536	0.04136165312237695	0.004241609581456149	0.004081570826997165	0.013051347306208024	0.005466124060219105	0.0039488518501313765	0.005960099036339087	0.007414514455386977	0.012901888939547832	0.010194449588693468	0.0048512563736607655	0.005201076599748168	0.009520487203218457	0.012648075164735633	0.007986867277621408	0.013472138336122128	0.013405988694730349	0.016028009603829625	0.00366393292921613	0.003959416173897464	1.0	0.0063953974502561324	0.007493124581408816	0.013071432926943731	0.017250139151768474	0.012588017402178976	0.006944545656510801	0.009504201289969157	0.02099438177932647	0.009268310465875127	0.14275998404471082	0.009979273266413931
ro	0.16484708315636035	0.01238216214868732	0.3430703308172536	0.11060039876245885	0.0072773553555548435	0.003575398092773881	0.006441574178602663	0.006633951163281959	0.003421718563895174	0.006085045477140541	0.00531252150620261	0.006751658385852843	0.0062006487102103415	0.006253391554887729	0.006505639961523177	0.0056030625410083594	0.005618030050900272	0.01782962475664149	0.00739278698209837	0.010129828753369008	0.018762790213506245	0.003785020602262034	0.0036789949694361157	0.0063953974502561324	1.0	0.006258717318506771	0.007120408544553562	0.03640833712799741	0.006567121769905051	0.005477926342391999	0.006113698308635284	0.08756750347309679	0.005600878070896077	0.2402530733520421	0.006221438334552699
ru	0.11100702835750018	0.014865600835288215	0.3430703308172536	0.020108143662062847	0.004428679837277975	0.0036720657821132153	0.01312552455332058	0.005535817919211491	0.0035765875140601777	0.0070010238344799134	0.008519115272463271	0.015205447402021538	0.01186070177586232	0.004623562861117023	0.007278752671238831	0.01144783037956365	0.01173705555404253	0.008125087907791286	0.02032805165851901	0.013154959334469635	0.017417839465973875	0.0036799767327295755	0.00387008667123727	0.007493124581408816	0.006258717318506771	1.0	0.014440715456503465	0.02078755052435376	0.011477752811497701	0.007301667875216509	0.010852336824262947	0.014726783383906879	0.00965278011902324	0.11711263137789422	0.011516107323792144
sh	0.1512290518085545	0.010952806060478618	0.39564392373896007	0.07671846210213532	0.006090789591225368	0.003254359622761204	0.009034926491497945	0.014296226729284545	0.003345743242583893	0.008767671129334631	0.0063688864518102045	0.008850453906473198	0.00898878507706975	0.004870027451911607	0.01220303656432717	0.013848622276992961	0.008309818587711166	0.01180545848190221	0.011925821289628796	0.012084683521924757	0.02085453321143382	0.0035024736556140473	0.003372592918087746	0.013071432926943731	0.007120408544553562	0.014440715456503465	1.0	0.032090797550664504	0.0076315901264775035	0.0062923504293143275	0.011786933256655046	0.05635752424100418	0.006013111609009948	0.22901628833426058	0.014020524351110265
si	0.26533119314590375	0.06681028300889326	0.585786437626905	0.12763592142382107	0.047730462218996024	0.018834507461276847	0.030216158500759482	0.016939254108101973	0.018023808096556626	0.018898704567867988	0.02656869457012587	0.03424093558401932	0.05272688866849782	0.03313247184793744	0.021602358434985112	0.019593317344937772	0.022394398947487758	0.04669209093578892	0.046800264544141594	0.047632328019529255	0.1114099243930032	0.021052353074209364	0.019090131035190895	0.017250139151768474	0.03640833712799741	0.02078755052435376	0.032090797550664504	1.0	0.025732300060098207	0.02234515526478692	0.02195122643464652	0.12882211210629818	0.026355027229552675	0.2	0.020357590031388064
simple	0.17331935664757372	0.01142743311522571	0.39564392373896	0.08113753754739587	0.00532819730528026	0.0030003253391943856	0.0085596590117356	0.01248753004128709	0.0028129877279936878	0.00863395369867347	0.005750197453891147	0.00884158143563058	0.008560595235167915	0.0047072486574403155	0.010155363702763471	0.012781587779662758	0.008650153353575826	0.011333831049195503	0.00843836534132927	0.011561819743962715	0.016496324986261798	0.0033930141477852265	0.0032167434065187776	0.012588017402178976	0.006567121769905051	0.011477752811497701	0.0076315901264775035	0.025732300060098207	1.0	0.00545309045441535	0.010596936836755087	0.055044878071082465	0.006602791464578042	0.18477100516641584	0.010420190719625277
sr	0.1512290518085545	0.008254662732934627	0.3430703308172536	0.1217053571467757	0.005768629231490876	0.002748577526971447	0.005815514160403198	0.0067081829729676145	0.0027200492771888548	0.007443192682371043	0.005279945566513877	0.006272928575769861	0.006254982186050543	0.004290019978326199	0.007605173407476291	0.00719515624104371	0.0063406232854545524	0.010895977610447312	0.007065461656442133	0.00948463308990454	0.01770457099785949	0.0028295369369824765	0.002964941711198878	0.006944545656510801	0.005477926342391999	0.007301667875216509	0.0062923504293143275	0.02234515526478692	0.00545309045441535	1.0	0.006895851176538426	0.06450817657917773	0.00516967409822724	0.23166247903554	0.006903356711060746
sv	0.11139730642759209	0.013138957059701693	0.3430703308172536	0.03849482528210881	0.004643332629221354	0.0032716679487199084	0.012687875261083802	0.00908432965224785	0.0032391464560623676	0.00942612090348307	0.008045783742127421	0.012779093651181999	0.011299474799928861	0.004666759889107361	0.009841055126030313	0.011433161962069468	0.01302476654805556	0.008159536380481483	0.0167228945030347	0.011894970934252146	0.016026455923840183	0.003426174267846406	0.0033304441720608995	0.009504201289969157	0.006113698308635284	0.010852336824262947	0.011786933256655046	0.02195122643464652	0.010596936836755087	0.006895851176538426	1.0	0.026621111525418347	0.008465369369932509	0.1327673435381234	0.011890019138414051
te	0.2612038749637414	0.11103907908678398	0.4364916731037085	0.2008390199171533	0.10284329420806598	0.061040297349242066	0.05274155851267924	0.019029903840347955	0.0605020879974555	0.03628141882230554	0.065013153614913	0.06156916717356313	0.054941207946329416	0.0703550076458937	0.017880767961147542	0.017864075690235164	0.05934015874003031	0.08752713081787428	0.06813341007454608	0.056497175130993116	0.035130066462261564	0.059887248449267086	0.06928336984599334	0.02099438177932647	0.08756750347309679	0.014726783383906879	0.05635752424100418	0.12882211210629818	0.055044878071082465	0.06450817657917773	0.026621111525418347	1.0	0.06445336865565522	0.3660254037844386	0.012207502828416922
vi	0.16139047779640892	0.00961374904728483	0.39564392373896	0.09850642095390885	0.0058402426716635605	0.003021779137926318	0.006853854086031751	0.009690119698731845	0.0028828462109083564	0.008458537460672908	0.00604170155520161	0.006378873479150564	0.006546375213775195	0.004389589384599135	0.009633931427904984	0.009049825918954197	0.008228525719377836	0.009196871007862815	0.006941312115453016	0.008335872427449613	0.014896725637419787	0.0030160213706429354	0.003244492863609822	0.009268310465875127	0.005600878070896077	0.00965278011902324	0.006013111609009948	0.026355027229552675	0.006602791464578042	0.00516967409822724	0.008465369369932509	0.06445336865565522	1.0	0.21498516621900873	0.008862032948282845
war	0.3660254037844386	0.23166247903554	0.39564392373896007	0.44948974278317805	0.24336073281110826	0.28989794855663564	0.16172576822087797	0.12473108624037503	0.24336073281110826	0.21712927295533244	0.22105656221702155	0.1643134704853689	0.18151291824946006	0.24660605559646726	0.18243370584713978	0.13968423055569662	0.20557658844381702	0.25	0.11168149810971613	0.18897339488576134	0.14956087350246788	0.3244997998398398	0.353889367864523	0.14275998404471082	0.2402530733520421	0.11711263137789422	0.22901628833426058	0.2	0.18477100516641584	0.23166247903554	0.1327673435381234	0.3660254037844386	0.21498516621900873	1.0	0.09101009804379481
zh	0.10532525910244558	0.017025305409539414	0.39564392373896	0.018075670094714297	0.004245320409047007	0.003391432952251501	0.01750724710368797	0.0085540059706143	0.003333073361258481	0.009437737149036169	0.007342636074907406	0.014546597464393827	0.01184187813879008	0.005056688371172863	0.009729109886865484	0.011708373280105306	0.00997310702422336	0.009082968660859884	0.02040325448842105	0.01366058777231437	0.02055859393186036	0.0032560959824673645	0.003324945482906131	0.009979273266413931	0.006221438334552699	0.011516107323792144	0.014020524351110265	0.020357590031388064	0.010420190719625277	0.006903356711060746	0.011890019138414051	0.012207502828416922	0.008862032948282845	0.09101009804379481	1.0
