arz	bs	ceb	ckb	da	de	el	en	es	fr	he	hi	hu	id	it	ja	ko	lv	mk	ml	mr	nl	pl	pt	ro	ru	sh	si	simple	sr	sv	te	vi	war	zh
arz	1.0	1.0	0.0	0.0	1.0	1.0	0.5020797777427737	0.44930756545688116	0.4695960115558277	0.0	1.0	0.0	1.0	1.0	0.4695960115558277	0.4695960115558277	1.0	1.0	1.0	0.0	0.0	1.0	0.4695960115558277	0.5020797777427737	0.5535836475185744	0.36880365656591496	1.0	0.0	1.0	0.5660160774121898	1.0	0.0	1.0	0.0	0.4308507195827609
bs	1.0	1.0	0.4195994947448186	0.7509407156957146	0.5168653977655152	0.5616648581763113	0.7690990303325336	0.36306769489368446	0.5616648581763113	0.5369464059363714	0.5966200933697056	0.6427811771228706	0.5966200933697056	0.549207531649471	0.517543181843849	0.5616648581763113	0.5616648581763113	0.6427811771228706	0.7265334708466399	0.6571702826516209	0.7863954451402115	0.5616648581763113	0.5616648581763113	0.5616648581763113	0.517543181843849	0.5616648581763113	0.5828516068079118	1.0	0.7002078323832266	0.5616648581763113	0.5616648581763113	1.0	0.5830868006558241	0.672370045633007	0.5616648581763113
ceb	0.0	0.4195994947448186	1.0	0.428474224865671	0.428474224865671	0.428474224865671	0.5042139125013491	0.36656054340599353	0.428474224865671	0.428474224865671	0.5042139125013491	0.5042139125013491	0.428474224865671	0.428474224865671	0.428474224865671	0.428474224865671	0.428474224865671	0.428474224865671	0.428474224865671	0.5042139125013491	0.5042139125013491	0.428474224865671	0.428474224865671	0.428474224865671	0.43980957285998423	0.428474224865671	0.428474224865671	0.0	0.428474224865671	0.428474224865671	0.428474224865671	1.0	0.428474224865671	0.5042139125013491	0.428474224865671
ckb	0.0	0.7509407156957146	0.428474224865671	1.0	1.0	1.0	1.0	0.4576444201675777	1.0	1.0	1.0	1.0	1.0	1.0	1.0	1.0	1.0	1.0	1.0	1.0	1.0	1.0	1.0	1.0	0.7584325078215763	1.0	1.0	0.0	1.0	1.0	1.0	1.0	1.0	1.0	1.0
da	1.0	0.5168653977655152	0.428474224865671	1.0	1.0	0.4638697138902724	0.7411828468492556	0.19489915907126892	0.25544798641369776	0.2549802883270506	0.5672595898114168	0.6161562425375515	0.5466945742105284	0.28465940477051926	0.25098562498762284	0.2652012160048955	0.553597750767838	1.0	0.7455134344225701	0.6908587525207898	0.7690990303325336	0.26196568856080366	0.43873576779207196	0.26173350279491436	0.5091045580641193	0.25630365542509526	0.5844059100183445	1.0	0.6499913553099703	0.35809055364905673	0.3405836067823496	1.0	0.5435004921352182	1.0	0.26196568856080366
de	1.0	0.5616648581763113	0.428474224865671	1.0	0.4638697138902724	1.0	1.0	0.19262126816435715	0.4333822015180539	0.38647805387824535	0.3738091875716533	0.39740733051235566	0.3585110450019892	0.46874969565355235	0.28827990073847687	0.353595321432961	0.37319367170855045	1.0	0.7455134344225701	0.4010555046174902	1.0	0.33047059004728985	0.26785389326485376	0.3186949652615821	0.3689270566541073	0.5622119054603707	0.5082860428691635	1.0	0.680245888294204	0.3320801468613492	0.2749450315796804	1.0	0.28116196973034535	1.0	0.36488441586579184
el	0.5020797777427737	0.7690990303325336	0.5042139125013491	1.0	0.7411828468492556	1.0	1.0	0.4076738337198827	0.7376607345031153	1.0	1.0	1.0	1.0	1.0	1.0	1.0	1.0	1.0	1.0	1.0	1.0	1.0	1.0	1.0	1.0	1.0	1.0	0.0	1.0	0.42489828324440815	1.0	1.0	1.0	1.0	1.0
en	0.44930756545688116	0.36306769489368446	0.36656054340599353	0.4576444201675777	0.19489915907126892	0.19262126816435715	0.4076738337198827	1.0	0.17335111593295266	0.2019903470769603	0.2406063205411186	0.3985371830837068	0.28512046707899946	0.2518192080040519	0.19623498377595647	0.18464759090061594	0.31038818256013345	0.40835358999755045	0.35797534024006966	0.4048484168850539	0.44930756545688116	0.2283871532706111	0.19985596194644226	0.23283039228906247	0.29274986906901124	0.23998783472232832	0.23472220524716014	1.0	0.36836754372476815	0.20074736292537837	0.24496265037741455	0.44930756545688116	0.1935863476488467	0.4695960115558277	0.21195803845568248
es	0.4695960115558277	0.5616648581763113	0.428474224865671	1.0	0.25544798641369776	0.4333822015180539	0.7376607345031153	0.17335111593295266	1.0	0.38831889886955995	0.6475250169846578	1.0	0.6463474082678703	0.31973677526362243	0.38495864183988143	0.6341911409180058	0.7122412578101112	1.0	1.0	1.0	1.0	0.4983212612012567	0.33215503856702083	0.43384456194913745	0.6532002319725722	0.5172635506826461	0.5519543221923856	1.0	0.6822977514629122	0.3471939667526817	0.3125605421496926	1.0	0.3202458884961287	1.0	0.5896644872662041
fr	0.0	0.5369464059363714	0.428474224865671	1.0	0.2549802883270506	0.38647805387824535	1.0	0.2019903470769603	0.38831889886955995	1.0	0.7179915061657695	0.7322034805959263	0.5413049963116696	0.2834024534408899	0.31549137313232667	0.5288205002940015	0.5649915685942818	1.0	0.7455134344225701	1.0	1.0	0.4259822680084397	0.31663396327677	0.4487178982364663	0.6894319900186979	0.5120804230181352	0.5265692124423786	1.0	0.5740782054500352	0.33818578901941504	0.3267208579815747	1.0	0.32163797390789545	1.0	0.5576169390230399
he	1.0	0.5966200933697056	0.5042139125013491	1.0	0.5672595898114168	0.3738091875716533	1.0	0.2406063205411186	0.6475250169846578	0.7179915061657695	1.0	1.0	0.7248485669756152	0.6589257440209709	0.5850722921121672	1.0	1.0	1.0	1.0	1.0	1.0	0.7189258117174853	0.6047449172695406	0.718925811717485	1.0	1.0	1.0	1.0	1.0	0.3915708835493018	0.38071345204534834	1.0	0.6549329476340925	1.0	1.0
hi	0.0	0.6427811771228706	0.5042139125013491	1.0	0.6161562425375515	0.39740733051235566	1.0	0.3985371830837068	1.0	0.7322034805959263	1.0	1.0	1.0	0.6740515375688696	0.7300208629885035	1.0	1.0	1.0	1.0	1.0	1.0	1.0	1.0	0.7322034805959263	0.7300208629885034	1.0	1.0	1.0	1.0	0.41691170415342615	1.0	1.0	1.0	1.0	1.0
hu	1.0	0.5966200933697056	0.428474224865671	1.0	0.5466945742105284	0.3585110450019892	1.0	0.28512046707899946	0.6463474082678703	0.5413049963116696	0.7248485669756152	1.0	1.0	0.4947069714921555	0.5557979960007091	0.6475250169846579	0.718925811717485	0.7411828468492556	1.0	1.0	1.0	0.59049000347534	0.35148275970075726	0.5566555729386353	0.7248485669756152	0.6487871090048526	0.7300208629885034	1.0	0.6037841836404227	0.3823197097241201	0.3582212739953141	1.0	0.3740925418178334	1.0	0.6463474082678702
id	1.0	0.549207531649471	0.428474224865671	1.0	0.28465940477051926	0.46874969565355235	1.0	0.2518192080040519	0.31973677526362243	0.2834024534408899	0.6589257440209709	0.6740515375688696	0.4947069714921555	1.0	0.29880075938870077	0.2909792007065823	0.4825316443570354	0.7376607345031153	0.7510341748895937	1.0	1.0	0.29592950394654605	0.3880954612583127	0.321748459206818	0.5915911126729968	0.291115201347907	0.37832859469561625	1.0	0.6037841836404227	0.3066845930344142	0.4841374515765305	1.0	0.49890442677050634	1.0	0.3232478026462835
it	0.4695960115558277	0.517543181843849	0.428474224865671	1.0	0.25098562498762284	0.28827990073847687	1.0	0.19623498377595647	0.38495864183988143	0.31549137313232667	0.5850722921121672	0.7300208629885035	0.5557979960007091	0.29880075938870077	1.0	0.4504845862485345	0.6414463581614513	1.0	1.0	1.0	1.0	0.45572119469551103	0.31581450026502084	0.4379649423477063	0.5592226882475394	0.40439314879280486	0.5355904049911261	1.0	0.6822977514629122	0.34973461562029434	0.32162415857903714	1.0	0.3743174592266042	1.0	0.4744464855489696
ja	0.4695960115558277	0.5616648581763113	0.428474224865671	1.0	0.2652012160048955	0.353595321432961	1.0	0.18464759090061594	0.6341911409180058	0.5288205002940015	1.0	1.0	0.6475250169846579	0.2909792007065823	0.4504845862485345	1.0	1.0	1.0	1.0	1.0	1.0	0.5932464233149597	0.35783931749528164	0.5390551157371465	0.6532002319725722	1.0	0.6463474082678702	1.0	0.6568318202362041	0.29198144712152585	0.3471615163292881	1.0	0.3407229063864317	1.0	1.0
ko	1.0	0.5616648581763113	0.428474224865671	1.0	0.553597750767838	0.37319367170855045	1.0	0.31038818256013345	0.7122412578101112	0.5649915685942818	1.0	1.0	0.718925811717485	0.4825316443570354	0.6414463581614513	1.0	1.0	1.0	1.0	1.0	1.0	1.0	0.3645117501578328	0.6673717810306075	0.6532002319725722	1.0	0.6549329476340925	1.0	0.7263875964832448	0.38449335854660405	0.5751238670581347	1.0	0.3662571143640321	1.0	1.0
lv	1.0	0.6427811771228706	0.428474224865671	1.0	1.0	1.0	1.0	0.40835358999755045	1.0	1.0	1.0	1.0	0.7411828468492556	0.7376607345031153	1.0	1.0	1.0	1.0	1.0	1.0	1.0	1.0	0.7347168825662656	0.7347168825662656	0.7376607345031153	1.0	0.7411828468492555	1.0	1.0	1.0	1.0	1.0	1.0	1.0	1.0
mk	1.0	0.7265334708466399	0.428474224865671	1.0	0.7455134344225701	0.7455134344225701	1.0	0.35797534024006966	1.0	0.7455134344225701	1.0	1.0	1.0	0.7510341748895937	1.0	1.0	1.0	1.0	1.0	1.0	1.0	1.0	1.0	1.0	0.7455134344225701	1.0	1.0	0.0	1.0	1.0	0.42489828324440826	1.0	0.7455134344225701	1.0	1.0
ml	0.0	0.6571702826516209	0.5042139125013491	1.0	0.6908587525207898	0.4010555046174902	1.0	0.4048484168850539	1.0	1.0	1.0	1.0	1.0	1.0	1.0	1.0	1.0	1.0	1.0	1.0	1.0	1.0	1.0	0.7376607345031153	1.0	1.0	1.0	1.0	1.0	0.42489828324440815	1.0	1.0	1.0	1.0	1.0
mr	0.0	0.7863954451402115	0.5042139125013491	1.0	0.7690990303325336	1.0	1.0	0.44930756545688116	1.0	1.0	1.0	1.0	1.0	1.0	1.0	1.0	1.0	1.0	1.0	1.0	1.0	1.0	1.0	1.0	1.0	1.0	1.0	0.0	1.0	1.0	1.0	1.0	1.0	1.0	1.0
nl	1.0	0.5616648581763113	0.428474224865671	1.0	0.26196568856080366	0.33047059004728985	1.0	0.2283871532706111	0.4983212612012567	0.4259822680084397	0.7189258117174853	1.0	0.59049000347534	0.29592950394654605	0.45572119469551103	0.5932464233149597	1.0	1.0	1.0	1.0	1.0	1.0	0.337731514842409	0.560276089374244	0.6549329476340925	0.5605854226359268	0.5921593538295751	1.0	0.575830026417324	0.3773103328922856	0.35575144687338	1.0	0.36196711410181726	1.0	0.6377047307628825
pl	0.4695960115558277	0.5616648581763113	0.428474224865671	1.0	0.43873576779207196	0.26785389326485376	1.0	0.19985596194644226	0.33215503856702083	0.31663396327677	0.6047449172695406	1.0	0.35148275970075726	0.3880954612583127	0.31581450026502084	0.35783931749528164	0.3645117501578328	0.7347168825662656	1.0	1.0	1.0	0.337731514842409	1.0	0.3698367554951287	0.5511942780372167	0.346491562750082	0.35756410172651476	1.0	0.3712661185628803	0.372551589509186	0.2987162126937886	1.0	0.33131804697823974	1.0	0.3504764460506865
pt	0.5020797777427737	0.5616648581763113	0.428474224865671	1.0	0.26173350279491436	0.3186949652615821	1.0	0.23283039228906247	0.43384456194913745	0.4487178982364663	0.718925811717485	0.7322034805959263	0.5566555729386353	0.321748459206818	0.4379649423477063	0.5390551157371465	0.6673717810306075	0.7347168825662656	1.0	0.7376607345031153	1.0	0.560276089374244	0.3698367554951287	1.0	0.5346379440719838	0.44913307497135296	0.4653390092986769	1.0	0.5770781937680185	0.2759975031006954	0.3385039258936121	1.0	0.5245270811948896	1.0	0.5624020363072972
ro	0.5535836475185744	0.517543181843849	0.43980957285998423	0.7584325078215763	0.5091045580641193	0.3689270566541073	1.0	0.29274986906901124	0.6532002319725722	0.6894319900186979	1.0	0.7300208629885034	0.7248485669756152	0.5915911126729968	0.5592226882475394	0.6532002319725722	0.6532002319725722	0.7376607345031153	0.7455134344225701	1.0	1.0	0.6549329476340925	0.5511942780372167	0.5346379440719838	1.0	0.6516104242389319	0.6983807707686048	1.0	0.7300208629885034	0.3802042467578961	0.361964045791848	1.0	0.6040396659269917	1.0	0.6532002319725722
ru	0.36880365656591496	0.5616648581763113	0.428474224865671	1.0	0.25630365542509526	0.5622119054603707	1.0	0.23998783472232832	0.5172635506826461	0.5120804230181352	1.0	1.0	0.6487871090048526	0.291115201347907	0.40439314879280486	1.0	1.0	1.0	1.0	1.0	1.0	0.5605854226359268	0.346491562750082	0.44913307497135296	0.6516104242389319	1.0	0.576900500520282	1.0	0.6568318202362041	0.37230591910347866	0.35340545459664335	1.0	0.3486572347597981	1.0	1.0
sh	1.0	0.5828516068079118	0.428474224865671	1.0	0.5844059100183445	0.5082860428691635	1.0	0.23472220524716014	0.5519543221923856	0.5265692124423786	1.0	1.0	0.7300208629885034	0.37832859469561625	0.5355904049911261	0.6463474082678702	0.6549329476340925	0.7411828468492555	1.0	1.0	1.0	0.5921593538295751	0.35756410172651476	0.4653390092986769	0.6983807707686048	0.576900500520282	1.0	1.0	0.7300208629885034	0.25076679711265304	0.6393867611309196	1.0	0.40873302225531305	1.0	0.6067636116293127
si	0.0	1.0	0.0	0.0	1.0	1.0	0.0	1.0	1.0	1.0	1.0	1.0	1.0	1.0	1.0	1.0	1.0	1.0	0.0	1.0	0.0	1.0	1.0	1.0	1.0	1.0	1.0	1.0	0.0	1.0	1.0	0.0	1.0	1.0	1.0
simple	1.0	0.7002078323832266	0.428474224865671	1.0	0.6499913553099703	0.680245888294204	1.0	0.36836754372476815	0.6822977514629122	0.5740782054500352	1.0	1.0	0.6037841836404227	0.6037841836404227	0.6822977514629122	0.6568318202362041	0.7263875964832448	1.0	1.0	1.0	1.0	0.575830026417324	0.3712661185628803	0.5770781937680185	0.7300208629885034	0.6568318202362041	0.7300208629885034	0.0	1.0	0.394280886381459	0.661251134120194	1.0	0.6667969795412325	1.0	0.6845485002822447
sr	0.5660160774121898	0.5616648581763113	0.428474224865671	1.0	0.35809055364905673	0.3320801468613492	0.42489828324440815	0.20074736292537837	0.3471939667526817	0.33818578901941504	0.3915708835493018	0.41691170415342615	0.3823197097241201	0.3066845930344142	0.34973461562029434	0.29198144712152585	0.38449335854660405	1.0	1.0	0.42489828324440815	1.0	0.3773103328922856	0.372551589509186	0.2759975031006954	0.3802042467578961	0.37230591910347866	0.25076679711265304	1.0	0.394280886381459	1.0	0.35905216352141955	0.5020797777427737	0.3290855572317233	1.0	0.3708004160185777
sv	1.0	0.5616648581763113	0.428474224865671	1.0	0.3405836067823496	0.2749450315796804	1.0	0.24496265037741455	0.3125605421496926	0.3267208579815747	0.38071345204534834	1.0	0.3582212739953141	0.4841374515765305	0.32162415857903714	0.3471615163292881	0.5751238670581347	1.0	0.42489828324440826	1.0	1.0	0.35575144687338	0.2987162126937886	0.3385039258936121	0.361964045791848	0.35340545459664335	0.6393867611309196	1.0	0.661251134120194	0.35905216352141955	1.0	1.0	0.34774809168549753	1.0	0.35816373254952427
te	0.0	1.0	1.0	1.0	1.0	1.0	1.0	0.44930756545688116	1.0	1.0	1.0	1.0	1.0	1.0	1.0	1.0	1.0	1.0	1.0	1.0	1.0	1.0	1.0	1.0	1.0	1.0	1.0	0.0	1.0	0.5020797777427737	1.0	1.0	1.0	1.0	1.0
vi	1.0	0.5830868006558241	0.428474224865671	1.0	0.5435004921352182	0.28116196973034535	1.0	0.1935863476488467	0.3202458884961287	0.32163797390789545	0.6549329476340925	1.0	0.3740925418178334	0.49890442677050634	0.3743174592266042	0.3407229063864317	0.3662571143640321	1.0	0.7455134344225701	1.0	1.0	0.36196711410181726	0.33131804697823974	0.5245270811948896	0.6040396659269917	0.3486572347597981	0.40873302225531305	1.0	0.6667969795412325	0.3290855572317233	0.34774809168549753	1.0	1.0	1.0	0.346343602623467
war	0.0	0.672370045633007	0.5042139125013491	1.0	1.0	1.0	1.0	0.4695960115558277	1.0	1.0	1.0	1.0	1.0	1.0	1.0	1.0	1.0	1.0	1.0	1.0	1.0	1.0	1.0	1.0	1.0	1.0	1.0	1.0	1.0	1.0	1.0	1.0	1.0	1.0	1.0
zh	0.4308507195827609	0.5616648581763113	0.428474224865671	1.0	0.26196568856080366	0.36488441586579184	1.0	0.21195803845568248	0.5896644872662041	0.5576169390230399	1.0	1.0	0.6463474082678702	0.3232478026462835	0.4744464855489696	1.0	1.0	1.0	1.0	1.0	1.0	0.6377047307628825	0.3504764460506865	0.5624020363072972	0.6532002319725722	1.0	0.6067636116293127	1.0	0.6845485002822447	0.3708004160185777	0.35816373254952427	1.0	0.346343602623467	1.0	1.0
