arz	bs	ceb	ckb	da	de	el	en	es	fr	he	hi	hu	id	it	ja	ko	lv	mk	ml	mr	nl	pl	pt	ro	ru	sh	si	simple	sr	sv	te	vi	war	zh
arz	1.0	0.34303510838719675	1.0	0.5706691286496913	0.3399297148508467	0.2930622534827415	0.3215408635618038	0.23579316265503522	0.28084903410425666	0.27390752019942943	0.2695782589000312	0.29813697123673055	0.3086454973537347	0.34671473793064733	0.2664572017799353	0.1774704256272675	0.22188335693038308	0.45866879554948436	0.28000335375576557	0.34829833222293966	0.4355143546480143	0.2983825820397343	0.28959421185010775	0.26363226104709614	0.27690105175896124	0.23260565550120713	0.3085049993254032	0.44889173659986276	0.28360981424754794	0.2882720585688462	0.2681124126409482	0.44084079496544426	0.3248936492676413	0.6638546162332061	0.21863972181815167
bs	0.34303510838719675	1.0	0.6290128041382893	0.2583326019062301	0.10909791104748763	0.1114691038627157	0.11211800988414446	0.08864963696303393	0.1036796459963838	0.09284814317892807	0.10531147841374461	0.11939211766324061	0.12253760484016141	0.11457469401864272	0.09358160346678858	0.094306554418931	0.10293490284453631	0.1534958806605817	0.1306403928043092	0.1722110608668898	0.1922223635312477	0.11031755824002241	0.11125002687307338	0.0931698405050685	0.1354142670612817	0.09958262704468929	0.10875421309872142	0.2176456827296475	0.11557410160337409	0.10888879012754617	0.09745645797852416	0.20490190021130336	0.11996064339976902	0.3200814873819631	0.10565597824119077
ceb	1.0	0.6290128041382893	1.0	0.7584325078215763	0.7509111017040236	0.5916263039805834	0.7364248481899383	0.6231937579621237	0.5916263039805834	0.5300208146290283	0.5916263039805834	0.5281904410492247	0.7364248481899383	0.5916263039805834	0.655025952560462	0.39074656150450954	0.5916263039805834	0.6371824537369679	0.6387647240557925	0.6256902185712747	0.8137822343553781	0.6256902185712747	0.5916263039805834	0.5916263039805834	0.5916263039805834	0.5916263039805834	0.7509111017040236	0.7106922308883379	0.7364248481899383	0.5916263039805834	0.6256902185712747	1.0	0.7364248481899383	0.7509111017040236	0.6386341906074834
ckb	0.5706691286496913	0.2583326019062301	0.7584325078215763	1.0	0.25599796746436854	0.25827653912183435	0.1721950520375312	0.1630420416832067	0.21050852153194688	0.17274527347651925	0.22723140609371342	0.20420612628305804	0.2151579876327982	0.24730714455005323	0.1436585582102714	0.159684073142458	0.1903125386192045	0.23556344662082448	0.2339056419687776	0.21010472260072632	0.24963281854820804	0.2379621914143233	0.23051310934688132	0.16176962127915462	0.25198337853565783	0.11518312459993918	0.22520470712851498	0.3195984105498325	0.20739803043239954	0.249770945020848	0.17609800067974446	0.3305026978463708	0.19221026764930188	0.5691170853853889	0.13114029520775583
da	0.3399297148508467	0.10909791104748763	0.7509111017040236	0.25599796746436854	1.0	0.05899693293658983	0.09397781077753598	0.05928190055881931	0.059090798933344076	0.05943980586414201	0.0634435125285345	0.09416001420900974	0.08162921444926591	0.07831055775917341	0.06192575971168312	0.06955036245750815	0.06542090741318758	0.1138293791101847	0.11122950044387153	0.12358443185458304	0.18298882409085346	0.06149533418107991	0.063361861479898	0.06159001939217406	0.0867430302153261	0.06781584181200899	0.08713568678375251	0.21784326991870523	0.07529953243218547	0.07209322566711562	0.06582335875275477	0.21572864172758158	0.07493118368724974	0.44035340588939853	0.0713805039352468
de	0.2930622534827415	0.1114691038627157	0.5916263039805834	0.25827653912183435	0.05899693293658983	1.0	0.06908890651714425	0.03410480061634973	0.03145437721033444	0.03576446585956665	0.04347019483557583	0.0744490561239091	0.06783994794262505	0.048801593289393416	0.03707317936852292	0.04220913160331518	0.0467148586857805	0.09433627224797753	0.09617959910744342	0.10945892178889953	0.15564423869682945	0.033960932449105974	0.03141457390051323	0.038970042930542924	0.05929572466418544	0.04010115328810306	0.07025339148398327	0.14776394868984655	0.05960307041566552	0.045832250618103004	0.04330747396319833	0.14174958693861603	0.05097422817542887	0.507995277419504	0.048265809325329645
el	0.3215408635618038	0.11211800988414446	0.7364248481899383	0.1721950520375312	0.09397781077753598	0.06908890651714425	1.0	0.07327120992490871	0.06930076940469418	0.06714589870928266	0.07265628112519452	0.07946964292801716	0.08817695222120163	0.08073545576791023	0.07222541828825677	0.07777121730248654	0.07250686029036046	0.09021681861828679	0.09377652758741019	0.10890698622811192	0.17016547548854483	0.0777923022301131	0.07198187332899493	0.07421085476899505	0.0835955737894761	0.0779080834816617	0.08695988410137652	0.18551331905151694	0.07714312678292916	0.07624738794370749	0.07629316023754132	0.15522442314888224	0.07565858529761404	0.22901992196425608	0.08338387745805328
en	0.23579316265503522	0.08864963696303393	0.6231937579621237	0.1630420416832067	0.05928190055881931	0.03410480061634973	0.07327120992490871	1.0	0.03496940621197055	0.042773383526232674	0.051051751152674484	0.06902381292451229	0.0686369159748928	0.05197716279369388	0.045720040896672566	0.05575501870304643	0.05821282828666539	0.07934081210460663	0.08482631753416249	0.08430403048490968	0.13443523833761653	0.03888796888886465	0.035847952483205596	0.04846769824342952	0.06065877565408299	0.05166207124918323	0.06915675316428412	0.1225826067364937	0.06354447742598521	0.05374835009766731	0.05721203957643803	0.11198130868044301	0.05790289997855931	0.3095807674116644	0.06282681631231382
es	0.28084903410425666	0.1036796459963838	0.5916263039805834	0.21050852153194688	0.059090798933344076	0.03145437721033444	0.06930076940469418	0.03496940621197055	1.0	0.03629089587220693	0.0422171321268351	0.0740049396422944	0.066351615110952	0.04746983459501295	0.03755103786590557	0.042190259053152906	0.046524445315910753	0.09322401257375922	0.09280274840108294	0.10130749751448556	0.16032963121336008	0.03437203562949235	0.03246770799703282	0.03826899853281678	0.05896888853553537	0.04079916202375897	0.06683261716867626	0.1714335822851201	0.058578097289221684	0.044776188623446796	0.04283104408738395	0.1406081623099437	0.049330344176884734	0.40717795772436527	0.04704035548737509
fr	0.27390752019942943	0.09284814317892807	0.5300208146290283	0.17274527347651925	0.05943980586414201	0.03576446585956665	0.06714589870928266	0.042773383526232674	0.03629089587220693	1.0	0.049735836497596934	0.06753941898262418	0.06617626723437317	0.051436124506699356	0.047473751762663496	0.054843714135795	0.054824070675549764	0.079756723515589	0.0804043522529569	0.08622959924934115	0.14953736132078685	0.03897072255127784	0.037006759790190163	0.04929641194114629	0.056570984869390356	0.052735426860002495	0.06644766321314939	0.16323308858668398	0.06051099701482673	0.05190822750450858	0.05539482899471564	0.1317417048045584	0.05540343534698389	0.35258496116964233	0.0596977898050242
he	0.2695782589000312	0.10531147841374461	0.5916263039805834	0.22723140609371342	0.0634435125285345	0.04347019483557583	0.07265628112519452	0.051051751152674484	0.0422171321268351	0.049735836497596934	1.0	0.07397954651076617	0.06786663537385232	0.0551639826663862	0.05293180282533285	0.05652373208609949	0.055280212390120945	0.09258725775147442	0.09347906964128513	0.10663979945315431	0.1743984441793761	0.04491998250024849	0.04332432657213617	0.05260826248091226	0.0636767773955026	0.055468433869427534	0.07161552046894258	0.16349013347817812	0.06142763251505697	0.05548233565405536	0.056496858370637046	0.12949956715931613	0.05519100350110525	0.37879711140521255	0.059217303381362295
hi	0.29813697123673055	0.11939211766324061	0.5281904410492247	0.20420612628305804	0.09416001420900974	0.0744490561239091	0.07946964292801716	0.06902381292451229	0.0740049396422944	0.06753941898262418	0.07397954651076617	1.0	0.08790398331422501	0.07738706225018917	0.07239669975278851	0.07604751496892807	0.07150128603996028	0.11490901902080125	0.1062833402404672	0.10614383311553999	0.15336111836495187	0.07439586345390241	0.07490860154583862	0.07086866386110129	0.08712022350331543	0.07578647374797878	0.0885524572493401	0.1757189809953726	0.07730606809844708	0.08116390889436628	0.07614935421599806	0.17362134762620376	0.07643216262942988	0.38142316104999013	0.08338942346681572
hu	0.3086454973537347	0.12253760484016141	0.7364248481899383	0.2151579876327982	0.08162921444926591	0.06783994794262505	0.08817695222120163	0.0686369159748928	0.066351615110952	0.06617626723437317	0.06786663537385232	0.08790398331422501	1.0	0.08259383316368722	0.06898272100361408	0.07447392945415234	0.07039912824427379	0.11528436094416442	0.10611774524327565	0.11524202451112078	0.16024906088689603	0.06724770276587973	0.0703485945912941	0.07064369664277416	0.0854686882944646	0.07421772649387752	0.0857515836985544	0.22403405519508468	0.07755881679956603	0.07697251509929469	0.07574528998995395	0.16650641808575106	0.0721200316082204	0.2869702095962833	0.08252372040138223
id	0.34671473793064733	0.11457469401864272	0.5916263039805834	0.24730714455005323	0.07831055775917341	0.048801593289393416	0.08073545576791023	0.05197716279369388	0.04746983459501295	0.051436124506699356	0.0551639826663862	0.07738706225018917	0.08259383316368722	1.0	0.053814247792737434	0.06030301645678748	0.05831649005495483	0.11099490815431774	0.10320162905477602	0.11272365253451375	0.17285737903724768	0.05158242655272332	0.049560084917780016	0.05376603147545355	0.07351545057389497	0.05679056349592677	0.07481374883752982	0.18019197902689307	0.07181040226247801	0.060358299004905115	0.05830852424797097	0.16084391448446927	0.06172990114590704	0.45529316573987255	0.0663304155560242
it	0.2664572017799353	0.09358160346678858	0.655025952560462	0.1436585582102714	0.06192575971168312	0.03707317936852292	0.07222541828825677	0.045720040896672566	0.03755103786590557	0.047473751762663496	0.05293180282533285	0.07239669975278851	0.06898272100361408	0.053814247792737434	1.0	0.059416462212215776	0.05923236698259895	0.08527814956652509	0.07831336689078168	0.08619585880738835	0.14296728601352887	0.040382874103057756	0.039171886214343414	0.05210609270640119	0.061294448736315524	0.0568000866803368	0.07079696999590027	0.15107670213631827	0.06411370848868199	0.05602632149159583	0.06003360221110426	0.1445314720928097	0.05888667438616166	0.36000978363259745	0.06643189535556505
ja	0.1774704256272675	0.094306554418931	0.39074656150450954	0.159684073142458	0.06955036245750815	0.04220913160331518	0.07777121730248654	0.05575501870304643	0.042190259053152906	0.054843714135795	0.05652373208609949	0.07604751496892807	0.07447392945415234	0.06030301645678748	0.059416462212215776	1.0	0.062400595534722006	0.08338659110882607	0.08642882640511823	0.09324100943733249	0.13516864312828772	0.04694083256303716	0.04327363725625189	0.06019671605033286	0.06578888463929525	0.06524319786906366	0.07459186260105234	0.14489822439212596	0.06635354227942977	0.05927026984555934	0.0660416719861111	0.12422857247915517	0.06301249522229142	0.32392532794096296	0.07267450126173629
ko	0.22188335693038308	0.10293490284453631	0.5916263039805834	0.1903125386192045	0.06542090741318758	0.0467148586857805	0.07250686029036046	0.05821282828666539	0.046524445315910753	0.054824070675549764	0.055280212390120945	0.07150128603996028	0.07039912824427379	0.05831649005495483	0.05923236698259895	0.062400595534722006	1.0	0.08752804535943275	0.09042040645956208	0.10126447262740275	0.14602188127961327	0.050705979851548594	0.0487149425813674	0.05935038503827511	0.06529519969949672	0.06320789245894909	0.06879197273708727	0.15726771846030907	0.06389452408615102	0.05747371287876501	0.06340275391088741	0.13270096135798654	0.06022475414507919	0.2585939664569529	0.06748523777067643
lv	0.45866879554948436	0.1534958806605817	0.6371824537369679	0.23556344662082448	0.1138293791101847	0.09433627224797753	0.09021681861828679	0.07934081210460663	0.09322401257375922	0.079756723515589	0.09258725775147442	0.11490901902080125	0.11528436094416442	0.11099490815431774	0.08527814956652509	0.08338659110882607	0.08752804535943275	1.0	0.11758182242120727	0.12923546215171686	0.16879242042612647	0.0937333970155892	0.09477443062711194	0.08503599823233489	0.10034022851313962	0.08477654054052565	0.10603971589849685	0.1971518258168939	0.09115951779717593	0.09428867922466529	0.08600531130325897	0.24507342515856254	0.09148379296950528	0.4066728001967578	0.09928003447490792
mk	0.28000335375576557	0.1306403928043092	0.6387647240557925	0.2339056419687776	0.11122950044387153	0.09617959910744342	0.09377652758741019	0.08482631753416249	0.09280274840108294	0.0804043522529569	0.09347906964128513	0.1062833402404672	0.10611774524327565	0.10320162905477602	0.07831336689078168	0.08642882640511823	0.09042040645956208	0.11758182242120727	1.0	0.1297511064742919	0.20163834120341675	0.10182097458881671	0.09718543208525234	0.08365784019774555	0.09432179875018186	0.09120260548149231	0.1017932265425365	0.20869740553877203	0.09618312492004773	0.0972881513856714	0.0889839363477901	0.18729044476342488	0.09412170794617539	0.37818019897702626	0.095775194828598
ml	0.34829833222293966	0.1722110608668898	0.6256902185712747	0.21010472260072632	0.12358443185458304	0.10945892178889953	0.10890698622811192	0.08430403048490968	0.10130749751448556	0.08622959924934115	0.10663979945315431	0.10614383311553999	0.11524202451112078	0.11272365253451375	0.08619585880738835	0.09324100943733249	0.10126447262740275	0.12923546215171686	0.1297511064742919	1.0	0.1679999815624994	0.11609255950701167	0.1020999626521722	0.0957213622503573	0.10703280449497958	0.09163533036429147	0.11573672069463141	0.21079222053729685	0.10340882602050545	0.10686684134923156	0.09661539905164275	0.17240482005087704	0.10975875177744007	0.33622100619673523	0.10091617138636659
mr	0.4355143546480143	0.1922223635312477	0.8137822343553781	0.24963281854820804	0.18298882409085346	0.15564423869682945	0.17016547548854483	0.13443523833761653	0.16032963121336008	0.14953736132078685	0.1743984441793761	0.15336111836495187	0.16024906088689603	0.17285737903724768	0.14296728601352887	0.13516864312828772	0.14602188127961327	0.16879242042612647	0.20163834120341675	0.1679999815624994	1.0	0.15972362145163246	0.1743047149003127	0.1340644605861077	0.17581825226595876	0.13634566119784516	0.17173935241422478	0.23667011414184208	0.15747617514482964	0.17787704015674877	0.1463829568638006	0.20604500637381862	0.1596605869302506	0.271582268616226	0.13278129151769935
nl	0.2983825820397343	0.11031755824002241	0.6256902185712747	0.2379621914143233	0.06149533418107991	0.033960932449105974	0.0777923022301131	0.03888796888886465	0.03437203562949235	0.03897072255127784	0.04491998250024849	0.07439586345390241	0.06724770276587973	0.05158242655272332	0.040382874103057756	0.04694083256303716	0.050705979851548594	0.0937333970155892	0.10182097458881671	0.11609255950701167	0.15972362145163246	1.0	0.03527297942309461	0.04152377861016668	0.06091996273925344	0.04403721412643248	0.07048711350135906	0.16678746699711347	0.06225247831100357	0.05005488148762759	0.04548778428531592	0.1352097770482107	0.05190317570077272	0.27808433050109677	0.04980672877696302
pl	0.28959421185010775	0.11125002687307338	0.5916263039805834	0.23051310934688132	0.063361861479898	0.03141457390051323	0.07198187332899493	0.035847952483205596	0.03246770799703282	0.037006759790190163	0.04332432657213617	0.07490860154583862	0.0703485945912941	0.049560084917780016	0.039171886214343414	0.04327363725625189	0.0487149425813674	0.09477443062711194	0.09718543208525234	0.1020999626521722	0.1743047149003127	0.03527297942309461	1.0	0.03969889756142147	0.061688492640376694	0.041531534201694156	0.0721681103686781	0.18285525374075698	0.061022666791027386	0.04721739306929426	0.04516162227592906	0.14934167272915866	0.051744745681157035	0.4747904066046738	0.047374674312240704
pt	0.26363226104709614	0.0931698405050685	0.5916263039805834	0.16176962127915462	0.06159001939217406	0.038970042930542924	0.07421085476899505	0.04846769824342952	0.03826899853281678	0.04929641194114629	0.05260826248091226	0.07086866386110129	0.07064369664277416	0.05376603147545355	0.05210609270640119	0.06019671605033286	0.05935038503827511	0.08503599823233489	0.08365784019774555	0.0957213622503573	0.1340644605861077	0.04152377861016668	0.03969889756142147	1.0	0.06221213917278281	0.058019620499163885	0.07087577668805772	0.13877098256210474	0.06581177286828922	0.05542157389764997	0.06078802180975964	0.11423426779061066	0.05894600838418712	0.2895228358187749	0.06716101538882592
ro	0.27690105175896124	0.1354142670612817	0.5916263039805834	0.25198337853565783	0.0867430302153261	0.05929572466418544	0.0835955737894761	0.06065877565408299	0.05896888853553537	0.056570984869390356	0.0636767773955026	0.08712022350331543	0.0854686882944646	0.07351545057389497	0.061294448736315524	0.06578888463929525	0.06529519969949672	0.10034022851313962	0.09432179875018186	0.10703280449497958	0.17581825226595876	0.06091996273925344	0.061688492640376694	0.06221213917278281	1.0	0.06608167323944646	0.08349155199868788	0.21074319415935927	0.07618755223013368	0.06600885855085797	0.0653847169898423	0.19657282622686667	0.07192786808342452	0.31855031926121313	0.07295045280028403
ru	0.23260565550120713	0.09958262704468929	0.5916263039805834	0.11518312459993918	0.06781584181200899	0.04010115328810306	0.0779080834816617	0.05166207124918323	0.04079916202375897	0.052735426860002495	0.055468433869427534	0.07578647374797878	0.07421772649387752	0.05679056349592677	0.0568000866803368	0.06524319786906366	0.06320789245894909	0.08477654054052565	0.09120260548149231	0.09163533036429147	0.13634566119784516	0.04403721412643248	0.041531534201694156	0.058019620499163885	0.06608167323944646	1.0	0.07478716102014693	0.1459394317583784	0.06972770885800697	0.05785055362019315	0.06527622312700924	0.11009654273623502	0.06150535862727271	0.37159200390841873	0.07351262168686455
sh	0.3085049993254032	0.10875421309872142	0.7509111017040236	0.22520470712851498	0.08713568678375251	0.07025339148398327	0.08695988410137652	0.06915675316428412	0.06683261716867626	0.06644766321314939	0.07161552046894258	0.0885524572493401	0.0857515836985544	0.07481374883752982	0.07079696999590027	0.07459186260105234	0.06879197273708727	0.10603971589849685	0.1017932265425365	0.11573672069463141	0.17173935241422478	0.07048711350135906	0.0721681103686781	0.07087577668805772	0.08349155199868788	0.07478716102014693	1.0	0.20101206431463886	0.07988934296816093	0.06494422494239988	0.07500107785794784	0.14384828274046968	0.075710479161686	0.3304935536397187	0.08297200648817805
si	0.44889173659986276	0.2176456827296475	0.7106922308883379	0.3195984105498325	0.21784326991870523	0.14776394868984655	0.18551331905151694	0.1225826067364937	0.1714335822851201	0.16323308858668398	0.16349013347817812	0.1757189809953726	0.22403405519508468	0.18019197902689307	0.15107670213631827	0.14489822439212596	0.15726771846030907	0.1971518258168939	0.20869740553877203	0.21079222053729685	0.23667011414184208	0.16678746699711347	0.18285525374075698	0.13877098256210474	0.21074319415935927	0.1459394317583784	0.20101206431463886	1.0	0.15679795905784047	0.19683303267762003	0.15741343296297758	0.3145845436342054	0.1785463679459675	0.40535580712275954	0.13871933694755448
simple	0.28360981424754794	0.11557410160337409	0.7364248481899383	0.20739803043239954	0.07529953243218547	0.05960307041566552	0.07714312678292916	0.06354447742598521	0.058578097289221684	0.06051099701482673	0.06142763251505697	0.07730606809844708	0.07755881679956603	0.07181040226247801	0.06411370848868199	0.06635354227942977	0.06389452408615102	0.09115951779717593	0.09618312492004773	0.10340882602050545	0.15747617514482964	0.06225247831100357	0.061022666791027386	0.06581177286828922	0.07618755223013368	0.06972770885800697	0.07988934296816093	0.15679795905784047	1.0	0.06679416835322893	0.06803120809024146	0.17889731587923854	0.06652260940389138	0.32768710229578846	0.07311272901464583
sr	0.2882720585688462	0.10888879012754617	0.5916263039805834	0.249770945020848	0.07209322566711562	0.045832250618103004	0.07624738794370749	0.05374835009766731	0.044776188623446796	0.05190822750450858	0.05548233565405536	0.08116390889436628	0.07697251509929469	0.060358299004905115	0.05602632149159583	0.05927026984555934	0.05747371287876501	0.09428867922466529	0.0972881513856714	0.10686684134923156	0.17787704015674877	0.05005488148762759	0.04721739306929426	0.05542157389764997	0.06600885855085797	0.05785055362019315	0.06494422494239988	0.19683303267762003	0.06679416835322893	1.0	0.05897104719312063	0.16959970473979122	0.06117385031099055	0.45011051682836917	0.06374066173588176
sv	0.2681124126409482	0.09745645797852416	0.6256902185712747	0.17609800067974446	0.06582335875275477	0.04330747396319833	0.07629316023754132	0.05721203957643803	0.04283104408738395	0.05539482899471564	0.056496858370637046	0.07614935421599806	0.07574528998995395	0.05830852424797097	0.06003360221110426	0.0660416719861111	0.06340275391088741	0.08600531130325897	0.0889839363477901	0.09661539905164275	0.1463829568638006	0.04548778428531592	0.04516162227592906	0.06078802180975964	0.0653847169898423	0.06527622312700924	0.07500107785794784	0.15741343296297758	0.06803120809024146	0.05897104719312063	1.0	0.12958874919393812	0.06349722966623975	0.3144959654896971	0.07346965318509356
te	0.44084079496544426	0.20490190021130336	1.0	0.3305026978463708	0.21572864172758158	0.14174958693861603	0.15522442314888224	0.11198130868044301	0.1406081623099437	0.1317417048045584	0.12949956715931613	0.17362134762620376	0.16650641808575106	0.16084391448446927	0.1445314720928097	0.12422857247915517	0.13270096135798654	0.24507342515856254	0.18729044476342488	0.17240482005087704	0.20604500637381862	0.1352097770482107	0.14934167272915866	0.11423426779061066	0.19657282622686667	0.11009654273623502	0.14384828274046968	0.3145845436342054	0.17889731587923854	0.16959970473979122	0.12958874919393812	1.0	0.14923776622456328	0.5116925260441867	0.12357257266776321
vi	0.3248936492676413	0.11996064339976902	0.7364248481899383	0.19221026764930188	0.07493118368724974	0.05097422817542887	0.07565858529761404	0.05790289997855931	0.049330344176884734	0.05540343534698389	0.05519100350110525	0.07643216262942988	0.0721200316082204	0.06172990114590704	0.05888667438616166	0.06301249522229142	0.06022475414507919	0.09148379296950528	0.09412170794617539	0.10975875177744007	0.1596605869302506	0.05190317570077272	0.051744745681157035	0.05894600838418712	0.07192786808342452	0.06150535862727271	0.075710479161686	0.1785463679459675	0.06652260940389138	0.06117385031099055	0.06349722966623975	0.14923776622456328	1.0	0.373258506932579	0.06639124427592882
war	0.6638546162332061	0.3200814873819631	0.7509111017040236	0.5691170853853889	0.44035340588939853	0.507995277419504	0.22901992196425608	0.3095807674116644	0.40717795772436527	0.35258496116964233	0.37879711140521255	0.38142316104999013	0.2869702095962833	0.45529316573987255	0.36000978363259745	0.32392532794096296	0.2585939664569529	0.4066728001967578	0.37818019897702626	0.33622100619673523	0.271582268616226	0.27808433050109677	0.4747904066046738	0.2895228358187749	0.31855031926121313	0.37159200390841873	0.3304935536397187	0.40535580712275954	0.32768710229578846	0.45011051682836917	0.3144959654896971	0.5116925260441867	0.373258506932579	1.0	0.2769897049783396
zh	0.21863972181815167	0.10565597824119077	0.6386341906074834	0.13114029520775583	0.0713805039352468	0.048265809325329645	0.08338387745805328	0.06282681631231382	0.04704035548737509	0.0596977898050242	0.059217303381362295	0.08338942346681572	0.08252372040138223	0.0663304155560242	0.06643189535556505	0.07267450126173629	0.06748523777067643	0.09928003447490792	0.095775194828598	0.10091617138636659	0.13278129151769935	0.04980672877696302	0.047374674312240704	0.06716101538882592	0.07295045280028403	0.07351262168686455	0.08297200648817805	0.13871933694755448	0.07311272901464583	0.06374066173588176	0.07346965318509356	0.12357257266776321	0.06639124427592882	0.2769897049783396	1.0
