arz	bs	ceb	ckb	da	de	el	en	es	fr	he	hi	hu	id	it	ja	ko	lv	mk	ml	mr	nl	pl	pt	ro	ru	sh	si	simple	sr	sv	te	vi	war	zh
arz	1.0	0.531312750837562	0.5076923076923077	0.5276872964169381	0.517113783533765	0.5044568729826068	0.5173824130879345	0.5025522970673606	0.5053047638859997	0.5048132460531383	0.5111216280170374	0.5205949656750571	0.5180722891566265	0.5130208333333334	0.5052050138092202	0.508448900616892	0.5131933225632741	0.5234782608695653	0.5233785822021116	0.5217391304347826	0.534965034965035	0.5076177758258938	0.5054024255788313	0.5060385169046019	0.5216110019646365	0.5062135429875729	0.5192118226600985	0.5328467153284672	0.515970515970516	0.5133410672853828	0.5093457943925234	0.5304347826086956	0.5134615384615385	0.5364583333333334	0.5097798939512261
bs	0.531312750837562	1.0	0.5070422535211268	0.5458531238582389	0.5514884386846243	0.5167044614926465	0.5557743563440525	0.510016315859312	0.51950303725098	0.5181361467008927	0.5360757465404224	0.5565941136315489	0.5510923649784163	0.5450169493392373	0.5192395474416157	0.5286678275081945	0.5394838341886046	0.5591152588277118	0.5587253951083766	0.5534524768109425	0.5419271327189438	0.5276260281212992	0.5200531348860734	0.5226589146862772	0.5492048878778346	0.5229423841452601	0.5650742688313307	0.5431192660550459	0.5478358412579709	0.5435706526897482	0.5331593580030208	0.5430549715691398	0.543250646043858	0.5382978723404256	0.5347033747411293
ceb	0.5076923076923077	0.5070422535211268	1.0	0.5114155251141552	0.5029644268774703	0.5007186489399927	0.5038674033149171	0.5004026575397624	0.5008421052631579	0.5007788161993769	0.5019493177387914	0.505143169367303	0.5037837837837837	0.502724795640327	0.500752850075285	0.5014064697609002	0.5022246941045606	0.5050301810865191	0.5059625212947189	0.5074626865671642	0.515	0.5011030570438072	0.5008936550491511	0.500999500249875	0.5041928721174004	0.5010298661174047	0.5031645569620253	0.5161290322580645	0.5030355594102341	0.5024067388688327	0.5013949780789159	0.5076335877862596	0.5023411371237458	0.53	0.5015263846489315
ckb	0.5276872964169381	0.5458531238582389	0.5114155251141552	1.0	0.5339805825242718	0.5088245675961878	0.5364431486880467	0.5051349802183315	0.5104145184574139	0.509451976322322	0.5215377489578509	0.5364025695931478	0.533713200379867	0.5276363621221648	0.510530749789385	0.5161264387516137	0.524134312696747	0.5534290271132376	0.5435684647302904	0.546644844517185	0.5475513083332684	0.5146520146520147	0.5105918322777899	0.5121891760117016	0.5357474466109563	0.5122930255895635	0.5345149253731344	0.5533141210374639	0.5318646734854445	0.5230337078651686	0.5175840978593271	0.5452380952380952	0.5270690728064716	0.5539033457249071	0.5191763051087097
da	0.517113783533765	0.5514884386846243	0.5029644268774703	0.5339805825242718	1.0	0.5366994403695442	0.5676273288744875	0.5230391432258693	0.5428442203094749	0.5403357492902149	0.5711450292942237	0.5647798742138365	0.5772027769144695	0.5691169671752195	0.542519748508786	0.5595842807148425	0.5749793701097701	0.5642591871379138	0.5605354385346252	0.5522792704867429	0.5309180486955224	0.5579205827346612	0.5421400126866868	0.5495513228738493	0.5744301368419861	0.5473982793888025	0.5688734003148292	0.5273052820053715	0.5769857147885349	0.5654123786172153	0.5671110911513441	0.5318606627017842	0.5666166076480084	0.52	0.5674783578773545
de	0.5044568729826068	0.5167044614926465	0.5007186489399927	0.5088245675961878	0.5366994403695442	1.0	0.5329189572915988	0.5946443996503227	0.6063453293458755	0.6032062420530176	0.5651703154869797	0.529116535481579	0.534611500975698	0.5493739063561627	0.6022858008246957	0.5791679552390584	0.5594889475477588	0.5195238594058794	0.5223134256924324	0.5179001721170396	0.5080431324023333	0.5887905755194055	0.6043440027779802	0.595291834662313	0.5354464054509197	0.5881358649237328	0.5334564452165425	0.5074336283185841	0.53953841911727	0.5538427914474907	0.5761861573211998	0.5104587801019511	0.5490108725867949	0.5040157058718544	0.5662367455013033
el	0.5173824130879345	0.5557743563440525	0.5038674033149171	0.5364431486880467	0.5676273288744875	0.5329189572915988	1.0	0.5210626625593537	0.5389520569098678	0.5357854345769137	0.5634870200390185	0.5716183398140793	0.5682764068106388	0.5687487706754917	0.5375565832012132	0.5552333176047886	0.5690830705227136	0.5700150318182945	0.5679743417241315	0.5519737519678668	0.5349753694581281	0.5502620030946496	0.5387853505778899	0.5443017375258258	0.5767220789689168	0.5424953113361398	0.5677395610835975	0.5313352310407803	0.5729634819516242	0.5624698402066823	0.5588661558468925	0.5380281690140845	0.566978403947375	0.5227995758218451	0.5611281263265728
en	0.5025522970673606	0.510016315859312	0.5004026575397624	0.5051349802183315	0.5230391432258693	0.5946443996503227	0.5210626625593537	1.0	0.592012021976333	0.5908860473976725	0.5459573548681311	0.5190447218777563	0.5214676251202414	0.5331839685814268	0.5889720298897034	0.5603209107023281	0.540987245780026	0.5119489961645624	0.5138588099641476	0.5112290891314631	0.5047454075570785	0.5656291864234848	0.5851114082563155	0.5804467657236151	0.5220530959003862	0.574437512423232	0.5217757559045761	0.5043965270352886	0.526922838136776	0.5373311368907797	0.5543472930670486	0.50622008567596	0.5346755498074576	0.5022565439775348	0.5511737418944428
es	0.5053047638859997	0.51950303725098	0.5008421052631579	0.5104145184574139	0.5428442203094749	0.6063453293458755	0.5389520569098678	0.592012021976333	1.0	0.6081095702345505	0.5762935563478808	0.5351868762050408	0.540725255080897	0.5584545541840698	0.6115060958341165	0.5901837706242044	0.5708021246497528	0.523777208465636	0.5269910012446318	0.5220963722736541	0.5096094234345939	0.5979349862960843	0.6059169420790078	0.6126298841495275	0.5410280483591613	0.5964681292494953	0.5401955941675471	0.5088990066225165	0.5473439873203308	0.5639550248309264	0.5869599449102486	0.5123152709359606	0.5600858837145102	0.5047002297890119	0.5798891257340745
fr	0.5048132460531383	0.5181361467008927	0.5007788161993769	0.509451976322322	0.5403357492902149	0.6032062420530176	0.5357854345769137	0.5908860473976725	0.6081095702345505	1.0	0.5703357218715359	0.5319227564699476	0.537417883779161	0.5533237269931196	0.6032403387970502	0.5838348778637595	0.5655393544746893	0.5217688167072573	0.5250652430205032	0.5201309608999859	0.5088124560360537	0.5928700039855102	0.5982816021912273	0.6007148466284749	0.5387901169331821	0.5885260387876297	0.5368021176415217	0.50814332247557	0.5449296452459576	0.5570330805619125	0.5822637339795425	0.5112167300380228	0.5550852437894125	0.504349507055867	0.5722711124862331
he	0.5111216280170374	0.5360757465404224	0.5019493177387914	0.5215377489578509	0.5711450292942237	0.5651703154869797	0.5634870200390185	0.5459573548681311	0.5762935563478808	0.5703357218715359	1.0	0.5583847478278017	0.5648687793500718	0.5784721285527713	0.5742645694163167	0.5870301656015942	0.5925488754800022	0.5448798365237216	0.5494696239806718	0.5381602979481348	0.5197766402978129	0.5877780486522597	0.5731995239861079	0.5841846095439258	0.567235307181336	0.575898705848317	0.5653950542510039	0.5186915887850467	0.5768868364892709	0.5810262010436286	0.5945549992303055	0.5247026532479414	0.582436467268197	0.510038240917782	0.5894262635188003
hi	0.5205949656750571	0.5565941136315489	0.505143169367303	0.5364025695931478	0.5647798742138365	0.529116535481579	0.5716183398140793	0.5190447218777563	0.5351868762050408	0.5319227564699476	0.5583847478278017	1.0	0.5654540707580596	0.5700187532818243	0.5333388567562455	0.5502278103166752	0.5660102795809561	0.5679762703905663	0.5645258085213853	0.5669369376578216	0.5425984912934234	0.5454953488619715	0.5336713995943204	0.540412150375084	0.5710898232719018	0.5382510957275521	0.5654040868666862	0.5384505691495776	0.5718255208546726	0.5593909145354699	0.5529849777046625	0.5488343359583515	0.5701982814436588	0.5243179122182681	0.5572342348429725
hu	0.5180722891566265	0.5510923649784163	0.5037837837837837	0.533713200379867	0.5772027769144695	0.534611500975698	0.5682764068106388	0.5214676251202414	0.540725255080897	0.537417883779161	0.5648687793500718	0.5654540707580596	1.0	0.5682578139123684	0.5390516636777766	0.5528950400603112	0.5673573597284491	0.563304531715874	0.5624015477133684	0.551946416880697	0.5342995169082125	0.5533422980734187	0.5411595111205485	0.5464734554389429	0.5741835731071934	0.5450126140321642	0.5677370644508065	0.5297115519346638	0.5695737353248884	0.5648632546438876	0.5587079073944552	0.5399523026696612	0.5669566128969713	0.5212435233160622	0.5608793231031731
id	0.5130208333333334	0.5450169493392373	0.502724795640327	0.5276363621221648	0.5691169671752195	0.5493739063561627	0.5687487706754917	0.5331839685814268	0.5584545541840698	0.5533237269931196	0.5784721285527713	0.5700187532818243	0.5682578139123684	1.0	0.5567933931513692	0.5703785492614679	0.5804930089142862	0.5531552018192155	0.554878676552921	0.548885077186964	0.5265920245742945	0.571530993278566	0.5552348003519758	0.566245340396234	0.5707755444073281	0.5624095079646475	0.5706284681811665	0.5244724749157331	0.5730664191966062	0.5771093666796834	0.5779011281630454	0.531385954008701	0.5824966195634408	0.5142667551426675	0.5742755627936679
it	0.5052050138092202	0.5192395474416157	0.500752850075285	0.510530749789385	0.542519748508786	0.6022858008246957	0.5375565832012132	0.5889720298897034	0.6115060958341165	0.6032403387970502	0.5742645694163167	0.5333388567562455	0.5390516636777766	0.5567933931513692	1.0	0.5865880467302536	0.568233211465511	0.5235257158051071	0.5266129422144563	0.5218154929512219	0.5091934513691772	0.5964017710141233	0.6005592359891715	0.609202120456764	0.5401862045177518	0.5927998817564285	0.539554306364056	0.508343014806864	0.5465825553786553	0.5614398264952897	0.5836915247153152	0.512046357737274	0.5566088679680331	0.5046991897785384	0.5776636043245209
ja	0.508448900616892	0.5286678275081945	0.5014064697609002	0.5161264387516137	0.5595842807148425	0.5791679552390584	0.5552333176047886	0.5603209107023281	0.5901837706242044	0.5838348778637595	0.5870301656015942	0.5502278103166752	0.5528950400603112	0.5703785492614679	0.5865880467302536	1.0	0.5895681238026502	0.5348121164405361	0.5388561056180914	0.5326218906658857	0.5157163721441271	0.5917569547713214	0.5844837665907509	0.5950760258313691	0.5543587360812778	0.5840275647838901	0.5535060526380884	0.514353788596618	0.5664079877046755	0.5720687378942777	0.594732010684464	0.519179004037685	0.5736660326730032	0.5078097882679625	0.5911472977064693
ko	0.5131933225632741	0.5394838341886046	0.5022246941045606	0.524134312696747	0.5749793701097701	0.5594889475477588	0.5690830705227136	0.540987245780026	0.5708021246497528	0.5655393544746893	0.5925488754800022	0.5660102795809561	0.5673573597284491	0.5804930089142862	0.568233211465511	0.5895681238026502	1.0	0.5474629019029632	0.5500821144380377	0.5442057850265158	0.5233747279219041	0.5823672467480616	0.566053051571527	0.5785352010066827	0.572509805518349	0.5733794182658235	0.570714824291418	0.5212089077412514	0.5837305180832996	0.5833321510930536	0.5903421861044862	0.5265875064532783	0.5877310050696467	0.5119825708061002	0.5898735438039212
lv	0.5234782608695653	0.5591152588277118	0.5050301810865191	0.5534290271132376	0.5642591871379138	0.5195238594058794	0.5700150318182945	0.5119489961645624	0.523777208465636	0.5217688167072573	0.5448798365237216	0.5679762703905663	0.563304531715874	0.5531552018192155	0.5235257158051071	0.5348121164405361	0.5474629019029632	1.0	0.570107774505708	0.5686007736940193	0.5524877111167129	0.5327273998576458	0.524251392651992	0.5274608119406309	0.5683429745593752	0.5268646729498109	0.5603041385391521	0.547107438016529	0.5582191780821918	0.5479451399795018	0.538463557833767	0.5480939632743864	0.5555423526830693	0.5373134328358209	0.5404542427512361
mk	0.5233785822021116	0.5587253951083766	0.5059625212947189	0.5435684647302904	0.5605354385346252	0.5223134256924324	0.5679743417241315	0.5138588099641476	0.5269910012446318	0.5250652430205032	0.5494696239806718	0.5645258085213853	0.5624015477133684	0.554878676552921	0.5266129422144563	0.5388561056180914	0.5500821144380377	0.570107774505708	1.0	0.5556624455774563	0.5381562321928499	0.5360816369181591	0.5265556410628904	0.5314991047606705	0.570421376264555	0.5302958844577337	0.5615047753856646	0.5387574281597218	0.5609873976233745	0.5518923802773212	0.5444262080701949	0.5383615084525357	0.5569972823082119	0.5301587301587302	0.5452037013688947
ml	0.5217391304347826	0.5534524768109425	0.5074626865671642	0.546644844517185	0.5522792704867429	0.5179001721170396	0.5519737519678668	0.5112290891314631	0.5220963722736541	0.5201309608999859	0.5381602979481348	0.5669369376578216	0.551946416880697	0.548885077186964	0.5218154929512219	0.5326218906658857	0.5442057850265158	0.5686007736940193	0.5556624455774563	1.0	0.5517108340768248	0.5294297362749624	0.5214254697785399	0.5251529981271623	0.5592680986475735	0.5245917889003572	0.5545305070195882	0.5476583567738151	0.5537376214536446	0.5407946240335721	0.534380029212588	0.5562759336099585	0.54867935737491	0.5402750491159136	0.5368968463427483
mr	0.534965034965035	0.5419271327189438	0.515	0.5475513083332684	0.5309180486955224	0.5080431324023333	0.5349753694581281	0.5047454075570785	0.5096094234345939	0.5088124560360537	0.5197766402978129	0.5425984912934234	0.5342995169082125	0.5265920245742945	0.5091934513691772	0.5157163721441271	0.5233747279219041	0.5524877111167129	0.5381562321928499	0.5517108340768248	1.0	0.5135066491285186	0.5096458118770258	0.5109972908128024	0.5353774864749448	0.5109460571182413	0.5317978109399252	0.5512048192771084	0.5335268306060883	0.522083805209513	0.5167649652947335	0.5626598465473146	0.52810897927192	0.5622489959839357	0.5191412823656496
nl	0.5076177758258938	0.5276260281212992	0.5011030570438072	0.5146520146520147	0.5579205827346612	0.5887905755194055	0.5502620030946496	0.5656291864234848	0.5979349862960843	0.5928700039855102	0.5877780486522597	0.5454953488619715	0.5533422980734187	0.571530993278566	0.5964017710141233	0.5917569547713214	0.5823672467480616	0.5327273998576458	0.5360816369181591	0.5294297362749624	0.5135066491285186	1.0	0.5916065427081001	0.5990827924799063	0.5528164162390373	0.5913809774914791	0.5521820831709398	0.5124621241509464	0.5610913906717949	0.5742370756593119	0.5986035578481946	0.5174655025890396	0.5705144646792437	0.5070115300716734	0.5861083842197746
pl	0.5054024255788313	0.5200531348860734	0.5008936550491511	0.5105918322777899	0.5421400126866868	0.6043440027779802	0.5387853505778899	0.5851114082563155	0.6059169420790078	0.5982816021912273	0.5731995239861079	0.5336713995943204	0.5411595111205485	0.5552348003519758	0.6005592359891715	0.5844837665907509	0.566053051571527	0.524251392651992	0.5265556410628904	0.5214254697785399	0.5096458118770258	0.5916065427081001	1.0	0.5980252758216507	0.5403193612774451	0.5891563076211617	0.540022826643604	0.5090052130134917	0.5460358887049195	0.5616182562424223	0.5801314553437599	0.512380538662033	0.5557720205454261	0.5048737261852015	0.5744036395344715
pt	0.5060385169046019	0.5226589146862772	0.500999500249875	0.5121891760117016	0.5495513228738493	0.595291834662313	0.5443017375258258	0.5804467657236151	0.6126298841495275	0.6007148466284749	0.5841846095439258	0.540412150375084	0.5464734554389429	0.566245340396234	0.609202120456764	0.5950760258313691	0.5785352010066827	0.5274608119406309	0.5314991047606705	0.5251529981271623	0.5109972908128024	0.5990827924799063	0.5980252758216507	1.0	0.548733541631104	0.5970791706423125	0.546659463161745	0.5104207148041314	0.5553946792115799	0.5688476601671314	0.5931768204632102	0.5143052562262815	0.5676110032204748	0.5054455445544555	0.5862722944249877
ro	0.5216110019646365	0.5492048878778346	0.5041928721174004	0.5357474466109563	0.5744301368419861	0.5354464054509197	0.5767220789689168	0.5220530959003862	0.5410280483591613	0.5387901169331821	0.567235307181336	0.5710898232719018	0.5741835731071934	0.5707755444073281	0.5401862045177518	0.5543587360812778	0.572509805518349	0.5683429745593752	0.570421376264555	0.5592680986475735	0.5353774864749448	0.5528164162390373	0.5403193612774451	0.548733541631104	1.0	0.5466803493022765	0.5705250750731989	0.5307473982970672	0.5741755225686958	0.5704329578854478	0.5610527620963439	0.536322869955157	0.5712900131446088	0.5211267605633803	0.5619336488239145
ru	0.5062135429875729	0.5229423841452601	0.5010298661174047	0.5122930255895635	0.5473982793888025	0.5881358649237328	0.5424953113361398	0.574437512423232	0.5964681292494953	0.5885260387876297	0.575898705848317	0.5382510957275521	0.5450126140321642	0.5624095079646475	0.5927998817564285	0.5840275647838901	0.5733794182658235	0.5268646729498109	0.5302958844577337	0.5245917889003572	0.5109460571182413	0.5913809774914791	0.5891563076211617	0.5970791706423125	0.5466803493022765	1.0	0.5454208734089002	0.5106120304317537	0.5508117572559255	0.5681119690593555	0.5836230787112417	0.5146014385409686	0.5622573739014839	0.5057383320581484	0.5760924596409905
sh	0.5192118226600985	0.5650742688313307	0.5031645569620253	0.5345149253731344	0.5688734003148292	0.5334564452165425	0.5677395610835975	0.5217757559045761	0.5401955941675471	0.5368021176415217	0.5653950542510039	0.5654040868666862	0.5677370644508065	0.5706284681811665	0.539554306364056	0.5535060526380884	0.570714824291418	0.5603041385391521	0.5615047753856646	0.5545305070195882	0.5317978109399252	0.5521820831709398	0.540022826643604	0.546659463161745	0.5705250750731989	0.5454208734089002	1.0	0.5321146738986998	0.5721060470504608	0.5958714148901424	0.5603469837511044	0.53780492927181	0.5674204596796983	0.5212981744421906	0.5600757993814982
si	0.5328467153284672	0.5431192660550459	0.5161290322580645	0.5533141210374639	0.5273052820053715	0.5074336283185841	0.5313352310407803	0.5043965270352886	0.5088990066225165	0.50814332247557	0.5186915887850467	0.5384505691495776	0.5297115519346638	0.5244724749157331	0.508343014806864	0.514353788596618	0.5212089077412514	0.547107438016529	0.5387574281597218	0.5476583567738151	0.5512048192771084	0.5124621241509464	0.5090052130134917	0.5104207148041314	0.5307473982970672	0.5106120304317537	0.5321146738986998	1.0	0.5303028526080821	0.5216647662485747	0.5154351074396807	0.5461538461538461	0.5246212121212122	0.5588235294117647	0.5179138214656973
simple	0.515970515970516	0.5478358412579709	0.5030355594102341	0.5318646734854445	0.5769857147885349	0.53953841911727	0.5729634819516242	0.526922838136776	0.5473439873203308	0.5449296452459576	0.5768868364892709	0.5718255208546726	0.5695737353248884	0.5730664191966062	0.5465825553786553	0.5664079877046755	0.5837305180832996	0.5582191780821918	0.5609873976233745	0.5537376214536446	0.5335268306060883	0.5610913906717949	0.5460358887049195	0.5553946792115799	0.5741755225686958	0.5508117572559255	0.5721060470504608	0.5303028526080821	1.0	0.5685649591679801	0.5700334172780417	0.5349194167306217	0.5786788563100945	0.5181444266014417	0.5741725250949541
sr	0.5133410672853828	0.5435706526897482	0.5024067388688327	0.5230337078651686	0.5654123786172153	0.5538427914474907	0.5624698402066823	0.5373311368907797	0.5639550248309264	0.5570330805619125	0.5810262010436286	0.5593909145354699	0.5648632546438876	0.5771093666796834	0.5614398264952897	0.5720687378942777	0.5833321510930536	0.5479451399795018	0.5518923802773212	0.5407946240335721	0.522083805209513	0.5742370756593119	0.5616182562424223	0.5688476601671314	0.5704329578854478	0.5681119690593555	0.5958714148901424	0.5216647662485747	0.5685649591679801	1.0	0.5781928983705389	0.5272746843567736	0.5720453214294822	0.5127092673877055	0.5768677237770578
sv	0.5093457943925234	0.5331593580030208	0.5013949780789159	0.5175840978593271	0.5671110911513441	0.5761861573211998	0.5588661558468925	0.5543472930670486	0.5869599449102486	0.5822637339795425	0.5945549992303055	0.5529849777046625	0.5587079073944552	0.5779011281630454	0.5836915247153152	0.594732010684464	0.5903421861044862	0.538463557833767	0.5444262080701949	0.534380029212588	0.5167649652947335	0.5986035578481946	0.5801314553437599	0.5931768204632102	0.5610527620963439	0.5836230787112417	0.5603469837511044	0.5154351074396807	0.5700334172780417	0.5781928983705389	1.0	0.5204527593016843	0.5754349743376301	0.5088540359594362	0.5882840653494228
te	0.5304347826086956	0.5430549715691398	0.5076335877862596	0.5452380952380952	0.5318606627017842	0.5104587801019511	0.5380281690140845	0.50622008567596	0.5123152709359606	0.5112167300380228	0.5247026532479414	0.5488343359583515	0.5399523026696612	0.531385954008701	0.512046357737274	0.519179004037685	0.5265875064532783	0.5480939632743864	0.5383615084525357	0.5562759336099585	0.5626598465473146	0.5174655025890396	0.512380538662033	0.5143052562262815	0.536322869955157	0.5146014385409686	0.53780492927181	0.5461538461538461	0.5349194167306217	0.5272746843567736	0.5204527593016843	1.0	0.5308868501529052	0.5396825396825397	0.523347228804125
vi	0.5134615384615385	0.543250646043858	0.5023411371237458	0.5270690728064716	0.5666166076480084	0.5490108725867949	0.566978403947375	0.5346755498074576	0.5600858837145102	0.5550852437894125	0.582436467268197	0.5701982814436588	0.5669566128969713	0.5824966195634408	0.5566088679680331	0.5736660326730032	0.5877310050696467	0.5555423526830693	0.5569972823082119	0.54867935737491	0.52810897927192	0.5705144646792437	0.5557720205454261	0.5676110032204748	0.5712900131446088	0.5622573739014839	0.5674204596796983	0.5246212121212122	0.5786788563100945	0.5720453214294822	0.5754349743376301	0.5308868501529052	1.0	0.5143603133159269	0.5817002698724153
war	0.5364583333333334	0.5382978723404256	0.53	0.5539033457249071	0.52	0.5040157058718544	0.5227995758218451	0.5022565439775348	0.5047002297890119	0.504349507055867	0.510038240917782	0.5243179122182681	0.5212435233160622	0.5142667551426675	0.5046991897785384	0.5078097882679625	0.5119825708061002	0.5373134328358209	0.5301587301587302	0.5402750491159136	0.5622489959839357	0.5070115300716734	0.5048737261852015	0.5054455445544555	0.5211267605633803	0.5057383320581484	0.5212981744421906	0.5588235294117647	0.5181444266014417	0.5127092673877055	0.5088540359594362	0.5396825396825397	0.5143603133159269	1.0	0.5096607986260198
zh	0.5097798939512261	0.5347033747411293	0.5015263846489315	0.5191763051087097	0.5674783578773545	0.5662367455013033	0.5611281263265728	0.5511737418944428	0.5798891257340745	0.5722711124862331	0.5894262635188003	0.5572342348429725	0.5608793231031731	0.5742755627936679	0.5776636043245209	0.5911472977064693	0.5898735438039212	0.5404542427512361	0.5452037013688947	0.5368968463427483	0.5191412823656496	0.5861083842197746	0.5744036395344715	0.5862722944249877	0.5619336488239145	0.5760924596409905	0.5600757993814982	0.5179138214656973	0.5741725250949541	0.5768677237770578	0.5882840653494228	0.523347228804125	0.5817002698724153	0.5096607986260198	1.0
