arz	bs	ceb	ckb	da	de	el	en	es	fr	he	hi	hu	id	it	ja	ko	lv	mk	ml	mr	nl	pl	pt	ro	ru	sh	si	simple	sr	sv	te	tr	union	vi	war	zh
arz	1.0	1.0	1.0	1.0	1.0	1.0	1.0	0.5	1.0	0.585786437626905	1.0	1.0	1.0	1.0	1.0	1.0	1.0	1.0	1.0	1.0	1.0	1.0	1.0	1.0	1.0	1.0	1.0	1.0	1.0	1.0	1.0	1.0	1.0	0.5	1.0	1.0	1.0
bs	1.0	1.0	1.0	1.0	1.0	0.3090169943749474	1.0	0.14086133350250724	0.3333333333333333	0.2222222222222222	1.0	1.0	0.44948974278317805	0.585786437626905	0.353889367864523	0.18660549686337075	1.0	1.0	1.0	1.0	1.0	0.4142135623730951	0.14685419906293512	0.585786437626905	0.03915046592948995	0.44948974278317805	1.0	1.0	0.585786437626905	0.5	0.5	1.0	1.0	0.03464851780910683	0.5	1.0	1.0
ceb	1.0	1.0	1.0	1.0	1.0	0.3164309725825328	1.0	0.3333333333333333	1.0	0.585786437626905	1.0	1.0	1.0	1.0	0.585786437626905	1.0	1.0	1.0	1.0	1.0	1.0	0.585786437626905	0.5	0.5	1.0	1.0	0.585786437626905	1.0	0.585786437626905	1.0	1.0	1.0	1.0	0.18795247918520225	0.5	1.0	1.0
ckb	1.0	1.0	1.0	1.0	1.0	0.3090169943749474	1.0	0.14086133350250724	0.3333333333333333	0.2222222222222222	1.0	1.0	0.44948974278317805	0.585786437626905	0.353889367864523	0.18660549686337075	1.0	1.0	1.0	1.0	1.0	0.4142135623730951	0.14685419906293512	0.585786437626905	0.03915046592948995	0.44948974278317805	1.0	1.0	0.585786437626905	0.5	0.5	1.0	1.0	0.03464851780910683	0.5	1.0	1.0
da	1.0	1.0	1.0	1.0	1.0	0.3090169943749474	1.0	0.14086133350250724	0.3333333333333333	0.2222222222222222	1.0	1.0	0.44948974278317805	0.585786437626905	0.353889367864523	0.18660549686337075	1.0	1.0	1.0	1.0	1.0	0.4142135623730951	0.14685419906293512	0.585786437626905	0.03915046592948995	0.44948974278317805	1.0	1.0	0.585786437626905	0.5	0.5	1.0	1.0	0.03464851780910683	0.5	1.0	1.0
de	1.0	0.3090169943749474	0.3164309725825328	0.3090169943749474	0.3090169943749474	1.0	0.3090169943749474	0.14729228716376447	0.34625539441348296	0.22151328757684458	0.3090169943749474	0.3090169943749474	0.2989350844248255	0.3203772410170407	0.40937407293253897	0.19332901618277304	0.3090169943749474	0.3090169943749474	0.3090169943749474	0.3090169943749474	1.0	0.3660254037844386	0.14316747862764517	0.3203772410170407	0.039030947117858074	0.28172904669025317	0.3090169943749474	0.3164309725825328	0.3203772410170407	0.3333333333333333	0.3333333333333333	0.3090169943749474	0.3090169943749474	0.03469922708234333	0.2898979485566356	0.3164309725825328	0.3090169943749474
el	1.0	1.0	1.0	1.0	1.0	0.3090169943749474	1.0	0.14086133350250724	0.3333333333333333	0.2222222222222222	1.0	1.0	0.44948974278317805	0.585786437626905	0.353889367864523	0.18660549686337075	1.0	1.0	1.0	1.0	1.0	0.4142135623730951	0.14685419906293512	0.585786437626905	0.03915046592948995	0.44948974278317805	1.0	1.0	0.585786437626905	0.5	0.5	1.0	1.0	0.03464851780910683	0.5	1.0	1.0
en	0.5	0.14086133350250724	0.3333333333333333	0.14086133350250724	0.14086133350250724	0.14729228716376447	0.14086133350250724	1.0	0.14989216072154232	0.17051622116524243	0.14086133350250724	0.14086133350250724	0.14048057092090144	0.14212320808576945	0.1487218482781901	0.135167185592744	0.14086133350250724	0.14086133350250724	0.14086133350250724	0.14086133350250724	0.5	0.14613527213557675	0.11292651264241545	0.14212320808576945	0.03814836500057267	0.14048057092090144	0.14086133350250724	0.3333333333333333	0.14212320808576945	0.1434215768398316	0.1434215768398316	0.14086133350250724	0.14086133350250724	0.034604131553783016	0.1434215768398316	0.3333333333333333	0.14086133350250724
es	1.0	0.3333333333333333	1.0	0.3333333333333333	0.3333333333333333	0.34625539441348296	0.3333333333333333	0.14989216072154232	1.0	0.21700327862939373	0.3333333333333333	0.3333333333333333	0.32419763955231984	0.3534797987848214	0.37486210420519117	0.1978013083828323	0.3333333333333333	0.3333333333333333	0.3333333333333333	0.3333333333333333	1.0	0.342337592734842	0.14228966615044283	0.3425542621941936	0.039067463166386894	0.2989350844248255	0.3333333333333333	1.0	0.3534797987848214	0.3649174732997356	0.37874419100462375	0.3333333333333333	0.3333333333333333	0.03470192989885519	0.3090169943749474	1.0	0.3333333333333333
fr	0.585786437626905	0.2222222222222222	0.585786437626905	0.2222222222222222	0.2222222222222222	0.22151328757684458	0.2222222222222222	0.17051622116524243	0.21700327862939373	1.0	0.2222222222222222	0.2222222222222222	0.21239994067041815	0.22753715570049485	0.23720882611636193	0.18157909739491535	0.2222222222222222	0.2222222222222222	0.2222222222222222	0.2222222222222222	0.585786437626905	0.23518122024562446	0.14088657767403315	0.22753715570049485	0.03888452988526684	0.22030781010290035	0.2222222222222222	0.585786437626905	0.21878418844863196	0.23329529965990048	0.22382656312641838	0.2222222222222222	0.2222222222222222	0.034621618785830484	0.23329529965990048	0.585786437626905	0.2222222222222222
he	1.0	1.0	1.0	1.0	1.0	0.3090169943749474	1.0	0.14086133350250724	0.3333333333333333	0.2222222222222222	1.0	1.0	0.44948974278317805	0.585786437626905	0.353889367864523	0.18660549686337075	1.0	1.0	1.0	1.0	1.0	0.4142135623730951	0.14685419906293512	0.585786437626905	0.03915046592948995	0.44948974278317805	1.0	1.0	0.585786437626905	0.5	0.5	1.0	1.0	0.03464851780910683	0.5	1.0	1.0
hi	1.0	1.0	1.0	1.0	1.0	0.3090169943749474	1.0	0.14086133350250724	0.3333333333333333	0.2222222222222222	1.0	1.0	0.44948974278317805	0.585786437626905	0.353889367864523	0.18660549686337075	1.0	1.0	1.0	1.0	1.0	0.4142135623730951	0.14685419906293512	0.585786437626905	0.03915046592948995	0.44948974278317805	1.0	1.0	0.585786437626905	0.5	0.5	1.0	1.0	0.03464851780910683	0.5	1.0	1.0
hu	1.0	0.44948974278317805	1.0	0.44948974278317805	0.44948974278317805	0.2989350844248255	0.44948974278317805	0.14048057092090144	0.32419763955231984	0.21239994067041815	0.44948974278317805	0.44948974278317805	1.0	0.4142135623730951	0.31264808514230086	0.1809073112342927	0.44948974278317805	0.44948974278317805	0.44948974278317805	0.44948974278317805	1.0	0.34833147735478825	0.14865085290421912	0.4142135623730951	0.039103710979872947	0.3660254037844386	0.44948974278317805	1.0	0.4142135623730951	0.38742588672279304	0.38742588672279304	0.44948974278317805	0.44948974278317805	0.034695457184662076	0.38742588672279304	1.0	0.44948974278317805
id	1.0	0.585786437626905	1.0	0.585786437626905	0.585786437626905	0.3203772410170407	0.585786437626905	0.14212320808576945	0.3534797987848214	0.22753715570049485	0.585786437626905	0.585786437626905	0.4142135623730951	1.0	0.37926872769071385	0.1892813274831133	0.585786437626905	0.585786437626905	0.585786437626905	0.585786437626905	1.0	0.44948974278317805	0.1482192845571772	0.5	0.03917092628102308	0.4142135623730951	0.585786437626905	1.0	0.5	0.585786437626905	0.585786437626905	0.585786437626905	0.585786437626905	0.034664142839846576	0.44948974278317805	1.0	0.585786437626905
it	1.0	0.353889367864523	0.585786437626905	0.353889367864523	0.353889367864523	0.40937407293253897	0.353889367864523	0.1487218482781901	0.37486210420519117	0.23720882611636193	0.353889367864523	0.353889367864523	0.31264808514230086	0.37926872769071385	1.0	0.2031250433972617	0.353889367864523	0.353889367864523	0.353889367864523	0.353889367864523	1.0	0.49357639469798836	0.14650827336848846	0.37926872769071385	0.03908816368506584	0.31264808514230086	0.353889367864523	0.585786437626905	0.37926872769071385	0.4127711849064953	0.4127711849064953	0.353889367864523	0.353889367864523	0.034637644985988786	0.32449979983983984	0.585786437626905	0.353889367864523
ja	1.0	0.18660549686337075	1.0	0.18660549686337075	0.18660549686337075	0.19332901618277304	0.18660549686337075	0.135167185592744	0.1978013083828323	0.18157909739491535	0.18660549686337075	0.18660549686337075	0.1809073112342927	0.1892813274831133	0.2031250433972617	1.0	0.18660549686337075	0.18660549686337075	0.18660549686337075	0.18660549686337075	1.0	0.19812301229683135	0.13008508453830112	0.1892813274831133	0.03867034973956581	0.1809073112342927	0.18660549686337075	1.0	0.1892813274831133	0.1920853399362761	0.1920853399362761	0.18660549686337075	0.18660549686337075	0.03497148103766333	0.1827439976315568	1.0	0.18660549686337075
ko	1.0	1.0	1.0	1.0	1.0	0.3090169943749474	1.0	0.14086133350250724	0.3333333333333333	0.2222222222222222	1.0	1.0	0.44948974278317805	0.585786437626905	0.353889367864523	0.18660549686337075	1.0	1.0	1.0	1.0	1.0	0.4142135623730951	0.14685419906293512	0.585786437626905	0.03915046592948995	0.44948974278317805	1.0	1.0	0.585786437626905	0.5	0.5	1.0	1.0	0.03464851780910683	0.5	1.0	1.0
lv	1.0	1.0	1.0	1.0	1.0	0.3090169943749474	1.0	0.14086133350250724	0.3333333333333333	0.2222222222222222	1.0	1.0	0.44948974278317805	0.585786437626905	0.353889367864523	0.18660549686337075	1.0	1.0	1.0	1.0	1.0	0.4142135623730951	0.14685419906293512	0.585786437626905	0.03915046592948995	0.44948974278317805	1.0	1.0	0.585786437626905	0.5	0.5	1.0	1.0	0.03464851780910683	0.5	1.0	1.0
mk	1.0	1.0	1.0	1.0	1.0	0.3090169943749474	1.0	0.14086133350250724	0.3333333333333333	0.2222222222222222	1.0	1.0	0.44948974278317805	0.585786437626905	0.353889367864523	0.18660549686337075	1.0	1.0	1.0	1.0	1.0	0.4142135623730951	0.14685419906293512	0.585786437626905	0.03915046592948995	0.44948974278317805	1.0	1.0	0.585786437626905	0.5	0.5	1.0	1.0	0.03464851780910683	0.5	1.0	1.0
ml	1.0	1.0	1.0	1.0	1.0	0.3090169943749474	1.0	0.14086133350250724	0.3333333333333333	0.2222222222222222	1.0	1.0	0.44948974278317805	0.585786437626905	0.353889367864523	0.18660549686337075	1.0	1.0	1.0	1.0	1.0	0.4142135623730951	0.14685419906293512	0.585786437626905	0.03915046592948995	0.44948974278317805	1.0	1.0	0.585786437626905	0.5	0.5	1.0	1.0	0.03464851780910683	0.5	1.0	1.0
mr	1.0	1.0	1.0	1.0	1.0	1.0	1.0	0.5	1.0	0.585786437626905	1.0	1.0	1.0	1.0	1.0	1.0	1.0	1.0	1.0	1.0	1.0	1.0	1.0	1.0	1.0	1.0	1.0	1.0	1.0	1.0	1.0	1.0	1.0	0.5	1.0	1.0	1.0
nl	1.0	0.4142135623730951	0.585786437626905	0.4142135623730951	0.4142135623730951	0.3660254037844386	0.4142135623730951	0.14613527213557675	0.342337592734842	0.23518122024562446	0.4142135623730951	0.4142135623730951	0.34833147735478825	0.44948974278317805	0.49357639469798836	0.19812301229683135	0.4142135623730951	0.4142135623730951	0.4142135623730951	0.4142135623730951	1.0	1.0	0.1486168388565385	0.38742588672279304	0.03912409708364545	0.34833147735478825	0.4142135623730951	0.585786437626905	0.44948974278317805	0.4142135623730951	0.5	0.4142135623730951	0.4142135623730951	0.03465820599820199	0.3660254037844386	0.585786437626905	0.4142135623730951
pl	1.0	0.14685419906293512	0.5	0.14685419906293512	0.14685419906293512	0.14316747862764517	0.14685419906293512	0.11292651264241545	0.14228966615044283	0.14088657767403315	0.14685419906293512	0.14685419906293512	0.14865085290421912	0.1482192845571772	0.14650827336848846	0.13008508453830112	0.14685419906293512	0.14685419906293512	0.14685419906293512	0.14685419906293512	1.0	0.1486168388565385	1.0	0.14593533700330263	0.03824336277212911	0.14634609432789203	0.14685419906293512	0.5	0.14593533700330263	0.14727324143158538	0.14727324143158538	0.14685419906293512	0.14685419906293512	0.03489349917785165	0.14503446107483847	0.5	0.14685419906293512
pt	1.0	0.585786437626905	0.5	0.585786437626905	0.585786437626905	0.3203772410170407	0.585786437626905	0.14212320808576945	0.3425542621941936	0.22753715570049485	0.585786437626905	0.585786437626905	0.4142135623730951	0.5	0.37926872769071385	0.1892813274831133	0.585786437626905	0.585786437626905	0.585786437626905	0.585786437626905	1.0	0.38742588672279304	0.14593533700330263	1.0	0.039134862063829094	0.4142135623730951	0.585786437626905	0.5	0.5	0.585786437626905	0.44948974278317805	0.585786437626905	0.585786437626905	0.03463775058813221	0.44948974278317805	0.5	0.585786437626905
ro	1.0	0.03915046592948995	1.0	0.03915046592948995	0.03915046592948995	0.039030947117858074	0.03915046592948995	0.03814836500057267	0.039067463166386894	0.03888452988526684	0.03915046592948995	0.03915046592948995	0.039103710979872947	0.03917092628102308	0.03908816368506584	0.03867034973956581	0.03915046592948995	0.03915046592948995	0.03915046592948995	0.03915046592948995	1.0	0.03912409708364545	0.03824336277212911	0.039134862063829094	1.0	0.039103710979872947	0.03915046592948995	1.0	0.039134862063829094	0.039155297615827325	0.039155297615827325	0.03915046592948995	0.03915046592948995	0.03523173804468313	0.039119277093393565	1.0	0.03915046592948995
ru	1.0	0.44948974278317805	1.0	0.44948974278317805	0.44948974278317805	0.28172904669025317	0.44948974278317805	0.14048057092090144	0.2989350844248255	0.22030781010290035	0.44948974278317805	0.44948974278317805	0.3660254037844386	0.4142135623730951	0.31264808514230086	0.1809073112342927	0.44948974278317805	0.44948974278317805	0.44948974278317805	0.44948974278317805	1.0	0.34833147735478825	0.14634609432789203	0.4142135623730951	0.039103710979872947	1.0	0.44948974278317805	1.0	0.4142135623730951	0.38742588672279304	0.38742588672279304	0.44948974278317805	0.44948974278317805	0.034664142839846576	0.38742588672279304	1.0	0.44948974278317805
sh	1.0	1.0	0.585786437626905	1.0	1.0	0.3090169943749474	1.0	0.14086133350250724	0.3333333333333333	0.2222222222222222	1.0	1.0	0.44948974278317805	0.585786437626905	0.353889367864523	0.18660549686337075	1.0	1.0	1.0	1.0	1.0	0.4142135623730951	0.14685419906293512	0.585786437626905	0.03915046592948995	0.44948974278317805	1.0	0.585786437626905	0.585786437626905	0.5	0.5	1.0	1.0	0.03464851780910683	0.5	0.585786437626905	1.0
si	1.0	1.0	1.0	1.0	1.0	0.3164309725825328	1.0	0.3333333333333333	1.0	0.585786437626905	1.0	1.0	1.0	1.0	0.585786437626905	1.0	1.0	1.0	1.0	1.0	1.0	0.585786437626905	0.5	0.5	1.0	1.0	0.585786437626905	1.0	0.585786437626905	1.0	1.0	1.0	1.0	0.18795247918520225	0.5	1.0	1.0
simple	1.0	0.585786437626905	0.585786437626905	0.585786437626905	0.585786437626905	0.3203772410170407	0.585786437626905	0.14212320808576945	0.3534797987848214	0.21878418844863196	0.585786437626905	0.585786437626905	0.4142135623730951	0.5	0.37926872769071385	0.1892813274831133	0.585786437626905	0.585786437626905	0.585786437626905	0.585786437626905	1.0	0.44948974278317805	0.14593533700330263	0.5	0.039134862063829094	0.4142135623730951	0.585786437626905	0.585786437626905	1.0	0.44948974278317805	0.585786437626905	0.585786437626905	0.585786437626905	0.034664142839846576	0.44948974278317805	0.585786437626905	0.585786437626905
sr	1.0	0.5	1.0	0.5	0.5	0.3333333333333333	0.5	0.1434215768398316	0.3649174732997356	0.23329529965990048	0.5	0.5	0.38742588672279304	0.585786437626905	0.4127711849064953	0.1920853399362761	0.5	0.5	0.5	0.5	1.0	0.4142135623730951	0.14727324143158538	0.585786437626905	0.039155297615827325	0.38742588672279304	0.5	1.0	0.44948974278317805	1.0	0.5	0.5	0.5	0.034653360875787395	0.4142135623730951	1.0	0.5
sv	1.0	0.5	1.0	0.5	0.5	0.3333333333333333	0.5	0.1434215768398316	0.37874419100462375	0.22382656312641838	0.5	0.5	0.38742588672279304	0.585786437626905	0.4127711849064953	0.1920853399362761	0.5	0.5	0.5	0.5	1.0	0.5	0.14727324143158538	0.44948974278317805	0.039155297615827325	0.38742588672279304	0.5	1.0	0.585786437626905	0.5	1.0	0.5	0.5	0.03467978928197146	0.4142135623730951	1.0	0.5
te	1.0	1.0	1.0	1.0	1.0	0.3090169943749474	1.0	0.14086133350250724	0.3333333333333333	0.2222222222222222	1.0	1.0	0.44948974278317805	0.585786437626905	0.353889367864523	0.18660549686337075	1.0	1.0	1.0	1.0	1.0	0.4142135623730951	0.14685419906293512	0.585786437626905	0.03915046592948995	0.44948974278317805	1.0	1.0	0.585786437626905	0.5	0.5	1.0	1.0	0.03464851780910683	0.5	1.0	1.0
tr	1.0	1.0	1.0	1.0	1.0	0.3090169943749474	1.0	0.14086133350250724	0.3333333333333333	0.2222222222222222	1.0	1.0	0.44948974278317805	0.585786437626905	0.353889367864523	0.18660549686337075	1.0	1.0	1.0	1.0	1.0	0.4142135623730951	0.14685419906293512	0.585786437626905	0.03915046592948995	0.44948974278317805	1.0	1.0	0.585786437626905	0.5	0.5	1.0	1.0	0.03464851780910683	0.5	1.0	1.0
union	0.5	0.03464851780910683	0.18795247918520225	0.03464851780910683	0.03464851780910683	0.03469922708234333	0.03464851780910683	0.034604131553783016	0.03470192989885519	0.034621618785830484	0.03464851780910683	0.03464851780910683	0.034695457184662076	0.034664142839846576	0.034637644985988786	0.03497148103766333	0.03464851780910683	0.03464851780910683	0.03464851780910683	0.03464851780910683	0.5	0.03465820599820199	0.03489349917785165	0.03463775058813221	0.03523173804468313	0.034664142839846576	0.03464851780910683	0.18795247918520225	0.034664142839846576	0.034653360875787395	0.03467978928197146	0.03464851780910683	0.03464851780910683	1.0	0.03462699351871343	0.18795247918520225	0.03464851780910683
vi	1.0	0.5	0.5	0.5	0.5	0.2898979485566356	0.5	0.1434215768398316	0.3090169943749474	0.23329529965990048	0.5	0.5	0.38742588672279304	0.44948974278317805	0.32449979983983984	0.1827439976315568	0.5	0.5	0.5	0.5	1.0	0.3660254037844386	0.14503446107483847	0.44948974278317805	0.039119277093393565	0.38742588672279304	0.5	0.5	0.44948974278317805	0.4142135623730951	0.4142135623730951	0.5	0.5	0.03462699351871343	1.0	0.5	0.5
war	1.0	1.0	1.0	1.0	1.0	0.3164309725825328	1.0	0.3333333333333333	1.0	0.585786437626905	1.0	1.0	1.0	1.0	0.585786437626905	1.0	1.0	1.0	1.0	1.0	1.0	0.585786437626905	0.5	0.5	1.0	1.0	0.585786437626905	1.0	0.585786437626905	1.0	1.0	1.0	1.0	0.18795247918520225	0.5	1.0	1.0
zh	1.0	1.0	1.0	1.0	1.0	0.3090169943749474	1.0	0.14086133350250724	0.3333333333333333	0.2222222222222222	1.0	1.0	0.44948974278317805	0.585786437626905	0.353889367864523	0.18660549686337075	1.0	1.0	1.0	1.0	1.0	0.4142135623730951	0.14685419906293512	0.585786437626905	0.03915046592948995	0.44948974278317805	1.0	1.0	0.585786437626905	0.5	0.5	1.0	1.0	0.03464851780910683	0.5	1.0	1.0
