arz	bs	ceb	ckb	da	de	el	en	es	fr	he	hi	hu	id	it	ja	ko	lv	mk	ml	mr	nl	pl	pt	ro	ru	sh	si	simple	sr	sv	te	vi	war	zh
arz	1.0	0.0	0.0	0.0	1.0	1.0	1.0	1.0	1.0	1.0	0.0	1.0	1.0	1.0	1.0	1.0	1.0	1.0	0.0	1.0	0.0	1.0	1.0	1.0	1.0	1.0	1.0	0.0	1.0	1.0	1.0	0.0	1.0	0.0	1.0
bs	0.0	1.0	1.0	1.0	0.585786437626905	1.0	1.0	1.0	1.0	1.0	1.0	1.0	1.0	1.0	1.0	1.0	1.0	1.0	1.0	1.0	1.0	1.0	1.0	1.0	0.585786437626905	1.0	1.0	0.0	1.0	1.0	1.0	1.0	1.0	0.0	1.0
ceb	0.0	1.0	1.0	1.0	1.0	1.0	1.0	1.0	1.0	1.0	1.0	1.0	1.0	1.0	1.0	1.0	1.0	1.0	0.0	1.0	0.0	1.0	1.0	1.0	1.0	0.0	1.0	0.0	1.0	1.0	1.0	1.0	1.0	0.0	1.0
ckb	0.0	1.0	1.0	1.0	0.44948974278317805	1.0	1.0	1.0	1.0	0.585786437626905	1.0	1.0	1.0	1.0	0.585786437626905	1.0	1.0	1.0	1.0	0.0	1.0	1.0	1.0	0.585786437626905	1.0	1.0	0.585786437626905	1.0	1.0	1.0	1.0	1.0	1.0	0.0	1.0
da	1.0	0.585786437626905	1.0	0.44948974278317805	1.0	0.07508374194962687	0.353889367864523	0.12999355639990706	0.08253572913758786	0.0750022863180861	0.2204812092115424	0.21712927295533244	0.29280609469618757	0.11964610380164961	0.11850020728443562	0.098000434592796	0.09481350302253491	0.3164309725825328	0.585786437626905	1.0	0.585786437626905	0.08684787105392731	0.09868829697696824	0.06932043719272918	0.20558887890563504	0.11768807516392787	0.15129486781270737	1.0	0.20386840968093525	0.1380262631157473	0.07842850403964675	1.0	0.20799159651347807	1.0	0.10570835845743262
de	1.0	1.0	1.0	1.0	0.07508374194962687	1.0	0.3430703308172536	0.03797159450860978	0.050738221297668966	0.0440879627890189	0.1827439976315568	0.585786437626905	0.1937938861735204	0.09374960485873392	0.04196626196279286	0.10125421860443008	0.15331120368114	0.585786437626905	1.0	1.0	1.0	0.05693869612745183	0.06303168729407459	0.04923715937406865	0.2270957142781439	0.06509082945648224	0.07318691664799193	1.0	0.38742588672279304	0.12163968666033644	0.09868517965785113	0.585786437626905	0.3597752501562547	1.0	0.09577122620329534
el	1.0	1.0	1.0	1.0	0.353889367864523	0.3430703308172536	1.0	0.08408008293693027	0.22584440001865322	0.25	1.0	1.0	0.2958163163244893	0.3333333333333333	0.07353922162414502	1.0	1.0	1.0	1.0	1.0	1.0	0.44948974278317805	0.5	0.22966848451216434	0.39564392373896007	1.0	0.23800671553691075	1.0	1.0	1.0	0.5	1.0	1.0	1.0	1.0
en	1.0	1.0	1.0	1.0	0.12999355639990706	0.03797159450860978	0.08408008293693027	1.0	0.025794975964191107	0.03740109126037173	0.062391781045810835	0.27429188517743175	0.06484276980697744	0.06323104463645601	0.11018582648740965	0.04000651645133589	0.047439886204384545	0.3333333333333333	1.0	1.0	1.0	0.03353134823368411	0.04444866003085526	0.0722852594973073	0.08908547871062789	0.030320131843318356	0.1600801700415185	1.0	0.14015919043384556	0.05793319894064369	0.04957255353267955	0.2097188436578299	0.1132515852272335	1.0	0.04471567920325545
es	1.0	1.0	1.0	1.0	0.08253572913758786	0.050738221297668966	0.22584440001865322	0.025794975964191107	1.0	0.03945305205078079	0.23582845781094	0.5	0.17790777317119813	0.1280385352896721	0.030210250797500948	0.17411239489546831	0.2012628451930092	0.5	1.0	1.0	1.0	0.11877644443846476	0.17464760748059102	0.03291282291345807	0.25728427444747215	0.125	0.06351069599406907	1.0	0.30552726787943424	0.2791745113185196	0.133402235414776	0.585786437626905	0.3797958971132712	1.0	0.2216368750839041
fr	1.0	1.0	1.0	0.585786437626905	0.0750022863180861	0.0440879627890189	0.25	0.03740109126037173	0.03945305205078079	1.0	0.26968623182294527	0.5	0.20784829892961953	0.12537899024577862	0.03191522155868083	0.14010866035929062	0.22522719139308142	1.0	1.0	1.0	1.0	0.06139083445881676	0.15497081249817662	0.04074840790501939	0.24336073281110826	0.06345963400137736	0.06737728345060269	1.0	0.4142135623730951	0.21712927295533244	0.10087022842878589	1.0	0.4074827789897859	1.0	0.2070518364164892
he	0.0	1.0	1.0	1.0	0.2204812092115424	0.1827439976315568	1.0	0.062391781045810835	0.23582845781094	0.26968623182294527	1.0	1.0	0.36602540378443865	0.4364916731037085	0.12444584824196174	0.585786437626905	0.585786437626905	1.0	1.0	1.0	1.0	0.585786437626905	0.44948974278317805	0.13764658936132898	0.39564392373896	0.585786437626905	0.12034440114949353	1.0	0.5	1.0	0.39564392373896007	1.0	0.585786437626905	1.0	1.0
hi	1.0	1.0	1.0	1.0	0.21712927295533244	0.585786437626905	1.0	0.27429188517743175	0.5	0.5	1.0	1.0	1.0	1.0	0.23166247903554	1.0	1.0	1.0	1.0	1.0	1.0	0.585786437626905	0.5	0.44948974278317805	0.5	1.0	0.20856217852254144	1.0	0.585786437626905	1.0	0.585786437626905	1.0	1.0	0.0	1.0
hu	1.0	1.0	1.0	1.0	0.29280609469618757	0.1937938861735204	0.2958163163244893	0.06484276980697744	0.17790777317119813	0.20784829892961953	0.36602540378443865	1.0	1.0	0.2958163163244893	0.06912328136099996	0.31264808514230086	0.3288130902060995	1.0	1.0	1.0	1.0	0.25728427444747215	0.26968623182294527	0.18219042216446535	0.26533119314590375	0.24828371682826425	0.11991298581298392	0.585786437626905	0.585786437626905	0.3090169943749474	0.40453726661826384	0.44948974278317805	1.0	1.0	0.38742588672279304
id	1.0	1.0	1.0	1.0	0.11964610380164961	0.09374960485873392	0.3333333333333333	0.06323104463645601	0.1280385352896721	0.12537899024577862	0.4364916731037085	1.0	0.2958163163244893	1.0	0.058365650998639836	0.1407800774583959	0.21712927295533244	0.585786437626905	1.0	1.0	1.0	0.1547510937361149	0.19219040425836986	0.0907428533905393	0.25355482027512377	0.1975496259559987	0.088535880396047	1.0	0.4142135623730951	0.19707113830081235	0.1994890130789575	0.3797958971132712	0.585786437626905	1.0	0.1662057509419643
it	1.0	1.0	1.0	0.585786437626905	0.11850020728443562	0.04196626196279286	0.07353922162414502	0.11018582648740965	0.030210250797500948	0.03191522155868083	0.12444584824196174	0.23166247903554	0.06912328136099996	0.058365650998639836	1.0	0.04944971374202372	0.055680167843179855	0.26533119314590375	1.0	0.585786437626905	1.0	0.039202859429999765	0.045525281625524584	0.06082751182658947	0.10315637555201632	0.040611469136027444	0.12091016087083244	1.0	0.1277804401830096	0.070024946459264	0.05922190723936648	1.0	0.14314148321596143	1.0	0.04803761513947782
ja	1.0	1.0	1.0	1.0	0.098000434592796	0.10125421860443008	1.0	0.04000651645133589	0.17411239489546831	0.14010866035929062	0.585786437626905	1.0	0.31264808514230086	0.1407800774583959	0.04944971374202372	1.0	0.5	1.0	1.0	1.0	1.0	0.19292728076790167	0.3333333333333333	0.06750159949993838	0.30216947925196225	0.5	0.06490223168583306	1.0	0.44948974278317805	1.0	0.28436465220442186	1.0	0.585786437626905	1.0	0.585786437626905
ko	1.0	1.0	1.0	1.0	0.09481350302253491	0.15331120368114	1.0	0.047439886204384545	0.2012628451930092	0.22522719139308142	0.585786437626905	1.0	0.3288130902060995	0.21712927295533244	0.055680167843179855	0.5	1.0	1.0	1.0	1.0	1.0	0.28989794855663564	0.33333333333333326	0.09846343416354424	0.30216947925196225	0.5	0.08044190563567327	1.0	0.4142135623730951	1.0	0.2145646002858569	1.0	0.585786437626905	1.0	0.585786437626905
lv	1.0	1.0	1.0	1.0	0.3164309725825328	0.585786437626905	1.0	0.3333333333333333	0.5	1.0	1.0	1.0	1.0	0.585786437626905	0.26533119314590375	1.0	1.0	1.0	1.0	1.0	1.0	0.585786437626905	0.5	0.5	0.3333333333333333	1.0	0.3090169943749474	1.0	1.0	1.0	0.585786437626905	1.0	1.0	1.0	1.0
mk	0.0	1.0	0.0	1.0	0.585786437626905	1.0	1.0	1.0	1.0	1.0	1.0	1.0	1.0	1.0	1.0	1.0	1.0	1.0	1.0	1.0	1.0	1.0	1.0	1.0	0.585786437626905	1.0	1.0	1.0	1.0	1.0	1.0	1.0	1.0	0.0	1.0
ml	1.0	1.0	1.0	0.0	1.0	1.0	1.0	1.0	1.0	1.0	1.0	1.0	1.0	1.0	0.585786437626905	1.0	1.0	1.0	1.0	1.0	0.0	1.0	1.0	1.0	1.0	1.0	0.585786437626905	1.0	1.0	1.0	1.0	1.0	1.0	0.0	1.0
mr	0.0	1.0	0.0	1.0	0.585786437626905	1.0	1.0	1.0	1.0	1.0	1.0	1.0	1.0	1.0	1.0	1.0	1.0	1.0	1.0	0.0	1.0	1.0	1.0	1.0	0.585786437626905	1.0	1.0	1.0	1.0	1.0	0.585786437626905	1.0	1.0	1.0	1.0
nl	1.0	1.0	1.0	1.0	0.08684787105392731	0.05693869612745183	0.44948974278317805	0.03353134823368411	0.11877644443846476	0.06139083445881676	0.585786437626905	0.585786437626905	0.25728427444747215	0.1547510937361149	0.039202859429999765	0.19292728076790167	0.28989794855663564	0.585786437626905	1.0	1.0	1.0	1.0	0.16374157403381479	0.05642707870100748	0.28436465220442186	0.2256567601358503	0.06773111748565554	1.0	0.44948974278317805	0.28436465220442186	0.15805449905352414	1.0	0.585786437626905	1.0	0.30216947925196225
pl	1.0	1.0	1.0	1.0	0.09868829697696824	0.06303168729407459	0.5	0.04444866003085526	0.17464760748059102	0.15497081249817662	0.44948974278317805	0.5	0.26968623182294527	0.19219040425836986	0.045525281625524584	0.3333333333333333	0.33333333333333326	0.5	1.0	1.0	1.0	0.16374157403381479	1.0	0.07057149789129225	0.3087618505583288	0.21089672205953397	0.06986598007005093	1.0	0.3660254037844386	0.3660254037844386	0.15778415361128198	1.0	0.5	1.0	0.28989794855663564
pt	1.0	1.0	1.0	0.585786437626905	0.06932043719272918	0.04923715937406865	0.22966848451216434	0.0722852594973073	0.03291282291345807	0.04074840790501939	0.13764658936132898	0.44948974278317805	0.18219042216446535	0.0907428533905393	0.06082751182658947	0.06750159949993838	0.09846343416354424	0.5	1.0	1.0	1.0	0.05642707870100748	0.07057149789129225	1.0	0.18626385155666494	0.04801322216974411	0.07069658160137375	1.0	0.3333333333333333	0.12696057464887336	0.10299679508996833	0.26533119314590375	0.30216947925196225	1.0	0.09951753366833915
ro	1.0	0.585786437626905	1.0	1.0	0.20558887890563504	0.2270957142781439	0.39564392373896007	0.08908547871062789	0.25728427444747215	0.24336073281110826	0.39564392373896	0.5	0.26533119314590375	0.25355482027512377	0.10315637555201632	0.30216947925196225	0.30216947925196225	0.3333333333333333	0.585786437626905	1.0	0.585786437626905	0.28436465220442186	0.3087618505583288	0.18626385155666494	1.0	0.28172904669025317	0.16095138557659575	1.0	0.32037724101704074	0.30216947925196225	0.26968623182294527	1.0	0.353889367864523	1.0	0.3660254037844386
ru	1.0	1.0	0.0	1.0	0.11768807516392787	0.06509082945648224	1.0	0.030320131843318356	0.125	0.06345963400137736	0.585786437626905	1.0	0.24828371682826425	0.1975496259559987	0.040611469136027444	0.5	0.5	1.0	1.0	1.0	1.0	0.2256567601358503	0.21089672205953397	0.04801322216974411	0.28172904669025317	1.0	0.07582026659079302	1.0	0.44948974278317805	0.585786437626905	0.15776505912784203	1.0	0.585786437626905	1.0	1.0
sh	1.0	1.0	1.0	0.585786437626905	0.15129486781270737	0.07318691664799193	0.23800671553691075	0.1600801700415185	0.06351069599406907	0.06737728345060269	0.12034440114949353	0.20856217852254144	0.11991298581298392	0.088535880396047	0.12091016087083244	0.06490223168583306	0.08044190563567327	0.3090169943749474	1.0	0.585786437626905	1.0	0.06773111748565554	0.06986598007005093	0.07069658160137375	0.16095138557659575	0.07582026659079302	1.0	0.585786437626905	0.19814981286991643	0.0877785499571333	0.1532304933433566	0.11444405554600562	0.22849890415642563	1.0	0.0939527256629669
si	0.0	0.0	0.0	1.0	1.0	1.0	1.0	1.0	1.0	1.0	1.0	1.0	0.585786437626905	1.0	1.0	1.0	1.0	1.0	1.0	1.0	1.0	1.0	1.0	1.0	1.0	1.0	0.585786437626905	1.0	1.0	1.0	1.0	1.0	1.0	1.0	1.0
simple	1.0	1.0	1.0	1.0	0.20386840968093525	0.38742588672279304	1.0	0.14015919043384556	0.30552726787943424	0.4142135623730951	0.5	0.585786437626905	0.585786437626905	0.4142135623730951	0.1277804401830096	0.44948974278317805	0.4142135623730951	1.0	1.0	1.0	1.0	0.44948974278317805	0.3660254037844386	0.3333333333333333	0.32037724101704074	0.44948974278317805	0.19814981286991643	1.0	1.0	0.5	0.38742588672279304	1.0	0.5	1.0	0.44948974278317805
sr	1.0	1.0	1.0	1.0	0.1380262631157473	0.12163968666033644	1.0	0.05793319894064369	0.2791745113185196	0.21712927295533244	1.0	1.0	0.3090169943749474	0.19707113830081235	0.070024946459264	1.0	1.0	1.0	1.0	1.0	1.0	0.28436465220442186	0.3660254037844386	0.12696057464887336	0.30216947925196225	0.585786437626905	0.0877785499571333	1.0	0.5	1.0	0.3090169943749474	0.5	0.585786437626905	1.0	1.0
sv	1.0	1.0	1.0	1.0	0.07842850403964675	0.09868517965785113	0.5	0.04957255353267955	0.133402235414776	0.10087022842878589	0.39564392373896007	0.585786437626905	0.40453726661826384	0.1994890130789575	0.05922190723936648	0.28436465220442186	0.2145646002858569	0.585786437626905	1.0	1.0	0.585786437626905	0.15805449905352414	0.15778415361128198	0.10299679508996833	0.26968623182294527	0.15776505912784203	0.1532304933433566	1.0	0.38742588672279304	0.3090169943749474	1.0	0.5	0.585786437626905	1.0	0.24210172369314836
te	0.0	1.0	1.0	1.0	1.0	0.585786437626905	1.0	0.2097188436578299	0.585786437626905	1.0	1.0	1.0	0.44948974278317805	0.3797958971132712	1.0	1.0	1.0	1.0	1.0	1.0	1.0	1.0	1.0	0.26533119314590375	1.0	1.0	0.11444405554600562	1.0	1.0	0.5	0.5	1.0	1.0	1.0	1.0
vi	1.0	1.0	1.0	1.0	0.20799159651347807	0.3597752501562547	1.0	0.1132515852272335	0.3797958971132712	0.4074827789897859	0.585786437626905	1.0	1.0	0.585786437626905	0.14314148321596143	0.585786437626905	0.585786437626905	1.0	1.0	1.0	1.0	0.585786437626905	0.5	0.30216947925196225	0.353889367864523	0.585786437626905	0.22849890415642563	1.0	0.5	0.585786437626905	0.585786437626905	1.0	1.0	1.0	0.585786437626905
war	0.0	0.0	0.0	0.0	1.0	1.0	1.0	1.0	1.0	1.0	1.0	0.0	1.0	1.0	1.0	1.0	1.0	1.0	0.0	0.0	1.0	1.0	1.0	1.0	1.0	1.0	1.0	1.0	1.0	1.0	1.0	1.0	1.0	1.0	0.0
zh	1.0	1.0	1.0	1.0	0.10570835845743262	0.09577122620329534	1.0	0.04471567920325545	0.2216368750839041	0.2070518364164892	1.0	1.0	0.38742588672279304	0.1662057509419643	0.04803761513947782	0.585786437626905	0.585786437626905	1.0	1.0	1.0	1.0	0.30216947925196225	0.28989794855663564	0.09951753366833915	0.3660254037844386	1.0	0.0939527256629669	1.0	0.44948974278317805	1.0	0.24210172369314836	1.0	0.585786437626905	0.0	1.0
