arz	bs	ceb	ckb	da	de	el	en	es	fr	he	hi	hu	id	it	ja	ko	lv	mk	ml	mr	nl	pl	pt	ro	ru	sh	si	simple	sr	sv	te	vi	war	zh
arz	0.05562971613279946	0.25	0.0	0.3333333333333333	0.14285714285714285	0.09090909090909091	0.08333333333333333	0.06250390624999999	0.1	0.08335416666666667	0.125	0.5	0.125	0.125	0.1	0.11112345679012345	0.08334027777777778	0.20008004	0.2	0.3333333333333333	0.25006249999999997	0.1111111111111111	0.1111111111111111	0.06667111111111111	0.09094215702479339	0.1	0.25	0.3333333333333333	0.10000999999999999	0.25	0.11112345679012345	0.0	0.125	0.2	0.08334722222222221
bs	0.25	0.014343135485614533	0.0	0.2	0.01729027779116843	0.014310246805217742	0.01617573034891029	0.014301651247781868	0.015153581267217631	0.01650192791493853	0.017628596878431498	0.3333333333333333	0.016181237840668865	0.016766999858594173	0.014314345232530834	0.01643143103959014	0.015436862371966866	0.0230224003101555	0.06255865240631647	0.25006249999999997	0.14304104108193913	0.014970056731714405	0.015421862694709397	0.017262511631737587	0.01631058720296755	0.014962445089431956	0.1111852345926173	0.14285714285714285	0.033335555555555556	0.018335168063440252	0.015423294687974402	0.0	0.0285910310285796	0.09090909090909091	0.01518210340559651
ceb	0.0	0.0	0.5	0.0	1.0	0.5	0.5	0.5	0.5	0.5	0.5	1.0	0.5	0.5	0.5	0.5	0.5	1.0	1.0	0.0	0.5	0.5	0.5	0.5	0.5	0.5	0.5	0.0	0.5	1.0	0.5	0.0	0.5	0.0	0.5
ckb	0.3333333333333333	0.2	0.0	0.16669444444444442	0.2	0.16666666666666666	0.16666666666666666	0.16666666666666666	0.16666666666666666	0.16666666666666666	0.20003999999999997	0.5	0.2	0.2	0.16666666666666666	0.2	0.16669444444444442	0.20003999999999997	0.25006249999999997	0.25	0.20003999999999997	0.16666666666666666	0.16666666666666666	0.16666666666666666	0.16666666666666666	0.16666666666666666	0.5	0.3333333333333333	0.2	0.20003999999999997	0.16666666666666666	0.0	0.2	0.16666666666666666	0.16666666666666666
da	0.14285714285714285	0.01729027779116843	1.0	0.2	0.006874256302889597	0.008554173282785816	0.010541183407572124	0.006854197741416776	0.008265145891674066	0.008648572293100853	0.01267700035479512	0.3333333333333333	0.009817010788959387	0.01335612914629008	0.007641522241606739	0.010426116653437834	0.009721952140667966	0.020490547814910106	0.0625273515625	0.25006249999999997	0.12512512515643773	0.0075874259337521816	0.009532797378329077	0.010209186798522283	0.011950855264366607	0.00962334320341116	0.14291838777553062	0.07692307692307693	0.01851954732510288	0.016993799510152355	0.00855717358128126	0.0	0.016136059575703174	0.0625	0.009016157378869087
de	0.09090909090909091	0.014310246805217742	0.5	0.16666666666666666	0.008554173282785816	0.002290827263309767	0.006031144041995327	0.0023118713760828923	0.0027028926223520823	0.002956306038201332	0.008784567120527506	0.3333333333333333	0.0045529041919716365	0.010653939713157616	0.0028047735542045993	0.004171672315736727	0.005082902043481501	0.020044911072641527	0.05000249999999999	0.2	0.11117285185185186	0.00286386083770432	0.0037087585693135294	0.003626183773420619	0.004470031173272458	0.0036281442946493503	0.07692899408284024	0.07692307692307693	0.012195716835217132	0.013183220485974527	0.0061402434082987335	0.0	0.010104888685338332	0.06666666666666667	0.003749320433102252
el	0.08333333333333333	0.01617573034891029	0.5	0.16666666666666666	0.010541183407572124	0.006031144041995327	0.005300614248061132	0.005323680062106441	0.005780747836546493	0.006088316269037048	0.009924082279013811	0.3333333333333333	0.007887056640331295	0.01222314738957198	0.005657228939756453	0.006907317599752925	0.007259791105252971	0.019680389664795215	0.05002000499999999	0.2	0.11121001255585229	0.006111423218926662	0.006545832054844816	0.006808742102739186	0.007243277891865265	0.006338743054879455	0.1111111111111111	0.08333333333333333	0.015626220947265623	0.015915969870523287	0.008861556763841554	0.0	0.015391245918343432	0.07692307692307693	0.006673829830008275
en	0.06250390624999999	0.014301651247781868	0.5	0.16666666666666666	0.006854197741416776	0.0023118713760828923	0.005323680062106441	0.001261984857859478	0.0019232396671671596	0.0023185504681099214	0.008340145144588338	0.3333333333333333	0.004136829610551642	0.009442158696434512	0.002051442038081291	0.0037486456279948953	0.004488269624205515	0.019252614304027405	0.047634927437641715	0.2	0.11114817286422225	0.0021642118354430477	0.003070508047887597	0.0028424513093767674	0.004064164183096892	0.003147742408253928	0.07692899408284024	0.058823529411764705	0.011235955056179775	0.011778981060927505	0.0045487008286798775	0.0	0.006291286499901232	0.0625	0.0030885454112469708
es	0.1	0.015153581267217631	0.5	0.16666666666666666	0.008265145891674066	0.0027028926223520823	0.005780747836546493	0.0019232396671671596	0.0018251072334083936	0.0026535053016837665	0.008334514097222221	0.3333333333333333	0.004386368940443214	0.010527202216066484	0.002342156239550483	0.004000288016	0.004831524749702444	0.019235577662721895	0.047619047619047616	0.2	0.125	0.0027475395710059173	0.0034017424221504926	0.0030031382734085434	0.004238904535370583	0.003289744221779778	0.08333333333333333	0.07142857142857142	0.012345679012345678	0.013160145602493076	0.006135345703639579	0.0	0.010101112131415162	0.0625	0.003509030507848568
fr	0.08335416666666667	0.01650192791493853	0.5	0.16666666666666666	0.008648572293100853	0.002956306038201332	0.006088316269037048	0.0023185504681099214	0.0026535053016837665	0.002474598314482695	0.008594390841039823	0.3333333333333333	0.004514652538539286	0.011039601483316128	0.0027103578707684726	0.004222081583391256	0.005052035608156409	0.020155182213342518	0.052670396166257676	0.20008004	0.12509378124999998	0.0031419070363370217	0.0037784036678037507	0.0034121549087710664	0.00444798928033555	0.003708401968012714	0.1111111111111111	0.0625	0.013160146122576868	0.014781519643091833	0.006557418906347033	0.0	0.01054062761632893	0.0625	0.004129792227808295
he	0.125	0.017628596878431498	0.5	0.20003999999999997	0.01267700035479512	0.008784567120527506	0.009924082279013811	0.008340145144588338	0.008334514097222221	0.008594390841039823	0.008394262288672114	0.3333333333333333	0.010890161460558401	0.014127490199866569	0.008559591083750866	0.009449563233338485	0.009279625017196896	0.0197343751247911	0.055592614200617285	0.25	0.12515642204704702	0.008949747166727693	0.00902486467782022	0.009354100191117052	0.010082064674858162	0.008563037171572745	0.12503124999999998	0.07692307692307693	0.01785841836734694	0.016467398310617484	0.011254800976648787	0.0	0.021285200091897237	0.06666666666666667	0.009020058529595337
hi	0.5	0.3333333333333333	1.0	0.5	0.3333333333333333	0.3333333333333333	0.3333333333333333	0.3333333333333333	0.3333333333333333	0.3333333333333333	0.3333333333333333	0.33344444444444443	0.33344444444444443	0.3333333333333333	0.3333333333333333	0.5	0.3333333333333333	0.33344444444444443	0.3333333333333333	0.5	0.5	0.3333333333333333	0.3333333333333333	0.3333333333333333	0.3333333333333333	0.3333333333333333	1.0	0.1111111111111111	0.3333333333333333	0.33344444444444443	0.3333333333333333	0.0	0.3333333333333333	0.1	0.3333333333333333
hu	0.125	0.016181237840668865	0.5	0.2	0.009817010788959387	0.0045529041919716365	0.007887056640331295	0.004136829610551642	0.004386368940443214	0.004514652538539286	0.010890161460558401	0.33344444444444443	0.004227729323821187	0.011793149521702908	0.004299965436166275	0.006070576187884366	0.007533013396350462	0.019689303215520083	0.050012505000000006	0.2	0.11113581481481481	0.004622565521721616	0.005474231896734182	0.0049807745679156055	0.005701576060509005	0.005595657775108739	0.14285714285714285	0.09090909090909091	0.016394248857833915	0.01567716210575764	0.008140075237381547	0.0	0.012054147192626506	0.08333333333333333	0.0063764526834843285
id	0.125	0.016766999858594173	0.5	0.2	0.01335612914629008	0.010653939713157616	0.01222314738957198	0.009442158696434512	0.010527202216066484	0.011039601483316128	0.014127490199866569	0.3333333333333333	0.011793149521702908	0.009579577899652542	0.010428180784189464	0.010658820690938094	0.010230493196294571	0.019762071752969006	0.0625273515625	0.25006249999999997	0.12512507814062498	0.010777490609229869	0.011382781179339291	0.011503244688338621	0.012289855892317908	0.010544187537832208	0.125	0.07142857142857142	0.022225185185185185	0.017031129394855536	0.013007456968397047	0.0	0.01786799235236416	0.0625	0.010218573742319995
it	0.1	0.014314345232530834	0.5	0.16666666666666666	0.007641522241606739	0.0028047735542045993	0.005657228939756453	0.002051442038081291	0.002342156239550483	0.0027103578707684726	0.008559591083750866	0.3333333333333333	0.004299965436166275	0.010428180784189464	0.002059450397215388	0.004005287161468577	0.004908697796489596	0.019271912176066674	0.04763265533106802	0.2	0.125046890625	0.0028481506946767318	0.0033609492378685493	0.0032495172262301288	0.004410609024890445	0.0034529555150323524	0.07692307692307693	0.08333333333333333	0.01204906386993758	0.013356488795892043	0.00592290750177312	0.0	0.009094050413553883	0.07142857142857142	0.003653207925411105
ja	0.11112345679012345	0.01643143103959014	0.5	0.2	0.010426116653437834	0.004171672315736727	0.006907317599752925	0.0037486456279948953	0.004000288016	0.004222081583391256	0.009449563233338485	0.5	0.006070576187884366	0.010658820690938094	0.004005287161468577	0.003776865520360162	0.005626733735483422	0.020463290697034148	0.0625234453125	0.25	0.14289797961226536	0.004493796259725163	0.005161636158639805	0.004811347034395365	0.005816217755080768	0.004657792268813334	0.11112345679012345	0.07692307692307693	0.014084705415592145	0.01590103916499893	0.007527002213193069	0.0	0.011116668642592717	0.06666666666666667	0.004835987496797996
ko	0.08334027777777778	0.015436862371966866	0.5	0.16669444444444442	0.009721952140667966	0.005082902043481501	0.007259791105252971	0.004488269624205515	0.004831524749702444	0.005052035608156409	0.009279625017196896	0.3333333333333333	0.007533013396350462	0.010230493196294571	0.004908697796489596	0.005626733735483422	0.0035182350111335066	0.01968929042624993	0.05264819944598338	0.20003999999999997	0.11118522224693829	0.005567835304228039	0.005997794430761939	0.005560900684635377	0.007041309414647843	0.00562638519586508	0.1111111111111111	0.07142857142857142	0.013158587257617727	0.015189031011439254	0.008075326435897144	0.0	0.013336889066666668	0.0625	0.005532013655151079
lv	0.20008004	0.0230224003101555	1.0	0.20003999999999997	0.020490547814910106	0.020044911072641527	0.019680389664795215	0.019252614304027405	0.019235577662721895	0.020155182213342518	0.0197343751247911	0.33344444444444443	0.019689303215520083	0.019762071752969006	0.019271912176066674	0.020463290697034148	0.01968929042624993	0.019571779281730973	0.07157683225642629	0.2501250625	0.12540747235423344	0.01967378995010473	0.01966607512970178	0.02003004687772982	0.02028766711125662	0.019285668010652023	0.12509381254692192	0.09090909090909091	0.03448632580261593	0.021075257093409114	0.020466222885166776	0.0	0.035743632659445156	0.07142857142857142	0.01965177263377216
mk	0.2	0.06255865240631647	1.0	0.25006249999999997	0.0625273515625	0.05000249999999999	0.05002000499999999	0.047634927437641715	0.047619047619047616	0.052670396166257676	0.055592614200617285	0.3333333333333333	0.050012505000000006	0.0625273515625	0.04763265533106802	0.0625234453125	0.05264819944598338	0.07157683225642629	0.04562251258480772	0.25	0.1668056667500278	0.04763265759864173	0.047634925172337875	0.0454607458677686	0.04769628595503694	0.05264819944598338	0.2	0.16666666666666666	0.07692899408284024	0.058889349591861845	0.055570996916666664	0.0	0.09090909090909091	0.09090909090909091	0.04546694835331199
ml	0.3333333333333333	0.25006249999999997	0.0	0.25	0.25006249999999997	0.2	0.2	0.2	0.2	0.20008004	0.25	0.5	0.2	0.25006249999999997	0.2	0.25	0.20003999999999997	0.2501250625	0.25	0.20016012003999997	0.20012007999999998	0.2	0.2	0.2	0.20003999999999997	0.2	0.5	0.16666666666666666	0.2	0.2501250625	0.25	0.0	0.25	0.125	0.2
mr	0.25006249999999997	0.14304104108193913	0.5	0.20003999999999997	0.12512512515643773	0.11117285185185186	0.11121001255585229	0.11114817286422225	0.125	0.12509378124999998	0.12515642204704702	0.5	0.11113581481481481	0.12512507814062498	0.125046890625	0.14289797961226536	0.11118522224693829	0.12540747235423344	0.1668056667500278	0.20012007999999998	0.10059327798868153	0.11117288893832103	0.11113580246913579	0.11117286422224693	0.11138335928653614	0.12501564064064064	0.3334445556667779	0.2	0.1111111111111111	0.12523482898598742	0.1429387755102041	0.0	0.14287755102040817	0.14285714285714285	0.11112345679012345
nl	0.1111111111111111	0.014970056731714405	0.5	0.16666666666666666	0.0075874259337521816	0.00286386083770432	0.006111423218926662	0.0021642118354430477	0.0027475395710059173	0.0031419070363370217	0.008949747166727693	0.3333333333333333	0.004622565521721616	0.010777490609229869	0.0028481506946767318	0.004493796259725163	0.005567835304228039	0.01967378995010473	0.04763265759864173	0.2	0.11117288893832103	0.001980142710319765	0.003699005516416962	0.0029812742930453366	0.004763673592702951	0.0037259496198413407	0.10000999999999999	0.07142857142857142	0.0133344	0.013921559185723556	0.005034714307426619	0.0	0.007757892558924768	0.0625	0.0037802894474836812
pl	0.1111111111111111	0.015421862694709397	0.5	0.16666666666666666	0.009532797378329077	0.0037087585693135294	0.006545832054844816	0.003070508047887597	0.0034017424221504926	0.0037784036678037507	0.00902486467782022	0.3333333333333333	0.005474231896734182	0.011382781179339291	0.0033609492378685493	0.005161636158639805	0.005997794430761939	0.01966607512970178	0.047634925172337875	0.2	0.11113580246913579	0.003699005516416962	0.0030572215253069656	0.004332699558819026	0.005409707376722389	0.004207090293036155	0.08334027777777778	0.07692307692307693	0.013514426771365958	0.013187562281427997	0.007150007559857461	0.0	0.012199585069155264	0.0625	0.004767194360710666
pt	0.06667111111111111	0.017262511631737587	0.5	0.16666666666666666	0.010209186798522283	0.003626183773420619	0.006808742102739186	0.0028424513093767674	0.0030031382734085434	0.0034121549087710664	0.009354100191117052	0.3333333333333333	0.0049807745679156055	0.011503244688338621	0.0032495172262301288	0.004811347034395365	0.005560900684635377	0.02003004687772982	0.0454607458677686	0.2	0.11117286422224693	0.0029812742930453366	0.004332699558819026	0.0023400556094499187	0.004736778524112604	0.004487827045469126	0.1111111111111111	0.07142857142857142	0.013513878743608472	0.015640639417983167	0.007303268529117694	0.0	0.012197055472932778	0.0625	0.004697636845842867
ro	0.09094215702479339	0.01631058720296755	0.5	0.16666666666666666	0.011950855264366607	0.004470031173272458	0.007243277891865265	0.004064164183096892	0.004238904535370583	0.00444798928033555	0.010082064674858162	0.3333333333333333	0.005701576060509005	0.012289855892317908	0.004410609024890445	0.005816217755080768	0.007041309414647843	0.02028766711125662	0.04769628595503694	0.20003999999999997	0.11138335928653614	0.004763673592702951	0.005409707376722389	0.004736778524112604	0.0038115612597402334	0.005005932767019648	0.12503124999999998	0.08333333333333333	0.01587528344671202	0.016536039856839747	0.008733469349369102	0.0	0.013535094278557622	0.06666666666666667	0.0053729628328598065
ru	0.1	0.014962445089431956	0.5	0.16666666666666666	0.00962334320341116	0.0036281442946493503	0.006338743054879455	0.003147742408253928	0.003289744221779778	0.003708401968012714	0.008563037171572745	0.3333333333333333	0.005595657775108739	0.010544187537832208	0.0034529555150323524	0.004657792268813334	0.00562638519586508	0.019285668010652023	0.05264819944598338	0.2	0.12501564064064064	0.0037259496198413407	0.004207090293036155	0.004487827045469126	0.005005932767019648	0.003144871190067203	0.1	0.058823529411764705	0.013158587257617727	0.014951931478216808	0.007099550232744893	0.0	0.010873346999527765	0.0625	0.004333413172416716
sh	0.25	0.1111852345926173	0.5	0.5	0.14291838777553062	0.07692899408284024	0.1111111111111111	0.07692899408284024	0.08333333333333333	0.1111111111111111	0.12503124999999998	1.0	0.14285714285714285	0.125	0.07692307692307693	0.11112345679012345	0.1111111111111111	0.12509381254692192	0.2	0.5	0.3334445556667779	0.10000999999999999	0.08334027777777778	0.1111111111111111	0.12503124999999998	0.1	0.07151539294396438	0.07142857142857142	0.2	0.08336807640279169	0.12503124999999998	0.0	0.25006249999999997	0.06666666666666667	0.10000999999999999
si	0.3333333333333333	0.14285714285714285	0.0	0.3333333333333333	0.07692307692307693	0.07692307692307693	0.08333333333333333	0.058823529411764705	0.07142857142857142	0.0625	0.07692307692307693	0.1111111111111111	0.09090909090909091	0.07142857142857142	0.08333333333333333	0.07692307692307693	0.07142857142857142	0.09090909090909091	0.16666666666666666	0.16666666666666666	0.2	0.07142857142857142	0.07692307692307693	0.07142857142857142	0.08333333333333333	0.058823529411764705	0.07142857142857142	0.058823529411764705	0.08333333333333333	0.07692307692307693	0.07142857142857142	0.5	0.07142857142857142	0.16666666666666666	0.07142857142857142
simple	0.10000999999999999	0.033335555555555556	0.5	0.2	0.01851954732510288	0.012195716835217132	0.015626220947265623	0.011235955056179775	0.012345679012345678	0.013160146122576868	0.01785841836734694	0.3333333333333333	0.016394248857833915	0.022225185185185185	0.01204906386993758	0.014084705415592145	0.013158587257617727	0.03448632580261593	0.07692899408284024	0.2	0.1111111111111111	0.0133344	0.013514426771365958	0.013513878743608472	0.01587528344671202	0.013158587257617727	0.2	0.08333333333333333	0.01112186173791137	0.029415224913494808	0.016130332986472422	0.0	0.02702848794740686	0.07692307692307693	0.013158760387811634
sr	0.25	0.018335168063440252	1.0	0.20003999999999997	0.016993799510152355	0.013183220485974527	0.015915969870523287	0.011778981060927505	0.013160145602493076	0.014781519643091833	0.016467398310617484	0.33344444444444443	0.01567716210575764	0.017031129394855536	0.013356488795892043	0.01590103916499893	0.015189031011439254	0.021075257093409114	0.058889349591861845	0.2501250625	0.12523482898598742	0.013921559185723556	0.013187562281427997	0.015640639417983167	0.016536039856839747	0.014951931478216808	0.08336807640279169	0.07692307692307693	0.029415224913494808	0.01198710916756563	0.016424943130267496	0.0	0.030320486689625347	0.07142857142857142	0.014514418443885011
sv	0.11112345679012345	0.015423294687974402	0.5	0.16666666666666666	0.00855717358128126	0.0061402434082987335	0.008861556763841554	0.0045487008286798775	0.006135345703639579	0.006557418906347033	0.011254800976648787	0.3333333333333333	0.008140075237381547	0.013007456968397047	0.00592290750177312	0.007527002213193069	0.008075326435897144	0.020466222885166776	0.055570996916666664	0.25	0.1429387755102041	0.005034714307426619	0.007150007559857461	0.007303268529117694	0.008733469349369102	0.007099550232744893	0.12503124999999998	0.07142857142857142	0.016130332986472422	0.016424943130267496	0.004517242480303896	0.0	0.01020908121668107	0.0625	0.0070980894386673795
te	0.0	0.0	0.0	0.0	0.0	0.0	0.0	0.0	0.0	0.0	0.0	0.0	0.0	0.0	0.0	0.0	0.0	0.0	0.0	0.0	0.0	0.0	0.0	0.0	0.0	0.0	0.0	0.5	0.0	0.0	0.0	0.0	0.0	0.5	0.0
vi	0.125	0.0285910310285796	0.5	0.2	0.016136059575703174	0.010104888685338332	0.015391245918343432	0.006291286499901232	0.010101112131415162	0.01054062761632893	0.021285200091897237	0.3333333333333333	0.012054147192626506	0.01786799235236416	0.009094050413553883	0.011116668642592717	0.013336889066666668	0.035743632659445156	0.09090909090909091	0.25	0.14287755102040817	0.007757892558924768	0.012199585069155264	0.012197055472932778	0.013535094278557622	0.010873346999527765	0.25006249999999997	0.07142857142857142	0.02702848794740686	0.030320486689625347	0.01020908121668107	0.0	0.00634401286962257	0.0625	0.010207830799875051
war	0.2	0.09090909090909091	0.0	0.16666666666666666	0.0625	0.06666666666666667	0.07692307692307693	0.0625	0.0625	0.0625	0.06666666666666667	0.1	0.08333333333333333	0.0625	0.07142857142857142	0.06666666666666667	0.0625	0.07142857142857142	0.09090909090909091	0.125	0.14285714285714285	0.0625	0.0625	0.0625	0.06666666666666667	0.0625	0.06666666666666667	0.16666666666666666	0.07692307692307693	0.07142857142857142	0.0625	0.5	0.0625	0.0625	0.0625
zh	0.08334722222222221	0.01518210340559651	0.5	0.16666666666666666	0.009016157378869087	0.003749320433102252	0.006673829830008275	0.0030885454112469708	0.003509030507848568	0.004129792227808295	0.009020058529595337	0.3333333333333333	0.0063764526834843285	0.010218573742319995	0.003653207925411105	0.004835987496797996	0.005532013655151079	0.01965177263377216	0.04546694835331199	0.2	0.11112345679012345	0.0037802894474836812	0.004767194360710666	0.004697636845842867	0.0053729628328598065	0.004333413172416716	0.10000999999999999	0.07142857142857142	0.013158760387811634	0.014514418443885011	0.0070980894386673795	0.0	0.010207830799875051	0.0625	0.0031101030830480883
