arz	bs	ceb	ckb	da	de	el	en	es	fr	he	hi	hu	id	it	ja	ko	lv	mk	ml	mr	nl	pl	pt	ro	ru	sh	si	simple	sr	sv	te	vi	war	zh
arz	0.0	0.0	0.0	0.0	0.0	0.0	0.0	0.0	0.0	0.0	0.0	0.0	0.0	0.0	0.0	0.0	0.0	0.0	0.0	0.0	0.0	0.0	0.0	0.0	0.0	0.0	0.0	0.0	0.0	0.0	0.0	0.0	0.0	0.0	0.0
bs	0.0	1.0	0.0	0.0	0.0	0.0024330900243309003	0.0	0.0013205055649877383	0.0	0.0061318344404701075	0.0	0.0	0.0	0.0016366612111292963	0.003886275311924729	0.0	0.0	0.0	0.0	0.0006901311249137336	0.004887585532746823	0.0007902015013828526	2.7364086005322314e-05	0.0	0.0	0.0	0.054466230936819175	0.0011235955056179776	0.0	0.0	0.0	0.0012062726176115801	0.0	0.0	0.0
ceb	0.0	0.0	1.0	0.0	0.0	0.0	0.0	0.0	0.0	0.0	0.0	0.0	0.0	0.0	0.0	0.0	0.0	0.0	0.0	0.0	0.0	0.0	0.0	0.0	0.0	0.0	0.0	0.0	0.0	0.0	0.0	0.0	0.0	0.0	0.0
ckb	0.0	0.0	0.0	1.0	0.0	0.0	0.0	0.0	0.0	0.0	0.0	0.0005991611743559018	0.0004911591355599214	0.0	0.0	0.0	0.0	0.0	0.0	0.0	0.0	0.0	0.0	2.1560087965158897e-05	0.0	0.0	0.000445632798573975	0.0	0.0	0.0	0.0	0.0	0.0	0.0	7.152308407538533e-05
da	0.0	0.0	0.0	0.0	0.0	0.0	0.0	0.0	0.0	0.0	0.0	0.0	0.0	0.0	0.0	0.0	0.0	0.0	0.0	0.0016207455429497568	0.0013986013986013986	0.0	0.0	0.0	0.0	0.0	0.0	0.0015467904098994587	0.0	0.0	0.0	0.0	0.0	0.0	0.0
de	0.0	0.0024330900243309003	0.0	0.0	0.0	1.0	0.0	0.0016967453339503317	0.0	0.003498727735368957	0.0	0.0	0.0	0.0	0.0008211528986697323	0.0	0.0	0.0	0.0	0.000132984618112505	4.516915849857717e-05	0.0005380683346785041	9.500994211179955e-05	0.0	0.0	0.0	0.003003003003003003	4.545041359876375e-05	0.0	0.0	0.0	0.0	0.0	0.0	0.0
el	0.0	0.0	0.0	0.0	0.0	0.0	0.0	0.0	0.0	0.0	0.0	0.0	0.0	0.0	0.0	0.0	0.0	0.0	0.0	0.0010050251256281408	0.0011705033164260631	0.0	0.0	0.0	0.0	0.0	0.0	0.00041186161449752884	0.0	0.0	0.0	0.0004224757076468103	0.0	0.0	0.0
en	0.0	0.0013205055649877383	0.0	0.0	0.0	0.0016967453339503317	0.0	1.0	0.00018867924528301886	0.0027957622130665096	0.0	0.0	0.0	0.0001832508704416346	0.001437371663244353	0.0	0.0	0.0	0.0	2.8019936184595338e-05	3.507590425681174e-06	0.00040672451193058567	0.00027817332847633873	0.0	0.0	0.0	0.0007510326699211416	3.5092767731498214e-06	0.0	0.0	0.00018604651162790697	0.0	0.0	0.0	0.0
es	0.0	0.0	0.0	0.0	0.0	0.0	0.0	0.00018867924528301886	1.0	0.0	0.0	0.0	0.0	0.0	0.0	0.0	0.0	0.0	0.0	6.195403010965863e-05	0.0	0.0	0.0	0.0	0.0	0.0	0.0	6.417661404184315e-05	0.0	0.0	0.0	0.0	0.0	0.0	0.0
fr	0.0	0.0061318344404701075	0.0	0.0	0.0	0.003498727735368957	0.0	0.0027957622130665096	0.0	1.0	0.0	0.0	0.0	0.0	0.012948049897363019	0.0	0.0	0.0	0.0	0.00011852554225435582	5.9757385016831667e-05	0.0002475860361475613	4.062783548435151e-05	0.0	0.0	0.0	0.003022670025188917	5.992090440618384e-05	0.0	0.0	0.0	3.999520057593089e-05	0.0	0.0	0.0
he	0.0	0.0	0.0	0.0	0.0	0.0	0.0	0.0	0.0	0.0	0.0	0.0	0.0	0.0	0.0	0.0	0.0	0.0	0.0	0.0005920663114268798	0.0	0.0	0.0	0.0	0.0	0.0	0.0	0.0	0.0	0.0	0.0	0.0	0.0	0.0	0.0
hi	0.0	0.0	0.0	0.0005991611743559018	0.0	0.0	0.0	0.0	0.0	0.0	0.0	0.0	0.0	0.0	0.0	0.0	0.0	0.0	0.0	0.0008435259384226065	0.001540041067761807	0.0	0.0	0.0	0.0	0.0	0.0	0.0016565433462175593	0.0	0.0	0.0	0.0	0.0	0.0	0.0
hu	0.0	0.0	0.0	0.0004911591355599214	0.0	0.0	0.0	0.0	0.0	0.0	0.0	0.0	0.0	0.0	0.0	0.0	0.0	0.0	0.0	0.0014619883040935672	0.0008635578583765112	0.0	0.0	0.0	0.0	0.0	0.0	0.0	0.0	0.0	0.0	0.00047192071731949034	0.0	0.0	0.0
id	0.0	0.0016366612111292963	0.0	0.0	0.0	0.0	0.0	0.0001832508704416346	0.0	0.0	0.0	0.0	0.0	1.0	0.00019774569903104609	0.0	0.0	0.0	0.0	0.0003354579000335458	0.0007818608287724785	0.0	0.0	0.0	0.0	0.0	0.001579778830963665	0.00041288191577208916	0.0	0.0	0.0	0.0	0.0	0.0	0.0
it	0.0	0.003886275311924729	0.0	0.0	0.0	0.0008211528986697323	0.0	0.001437371663244353	0.0	0.012948049897363019	0.0	0.0	0.0	0.00019774569903104609	1.0	0.0	0.0	0.0	0.0	0.00010129830662997417	0.00010202520022445544	0.00014330753797649757	7.303340946512987e-05	0.0	0.0	0.0	0.0026438885499288182	1.7042452749799752e-05	0.0	0.0	0.00020100502512562814	3.412095879894225e-05	0.0	0.0	0.0
ja	0.0	0.0	0.0	0.0	0.0	0.0	0.0	0.0	0.0	0.0	0.0	0.0	0.0	0.0	0.0	0.0	0.0	0.0	0.0	0.0002824659275474896	3.583330347224711e-05	0.0	0.0	0.0	0.0	0.0	0.0	0.000108038029386344	0.0	0.0	0.0	0.0	0.0	0.0	0.0
ko	0.0	0.0	0.0	0.0	0.0	0.0	0.0	0.0	0.0	0.0	0.0	0.0	0.0	0.0	0.0	0.0	0.0	0.0	0.0	0.00013642564802182812	0.0005792903692976104	0.0	0.0	0.0	0.0	0.0	0.0	0.0001476886722788362	0.0	0.0	0.0	0.0	0.0	0.0	0.0
lv	0.0	0.0	0.0	0.0	0.0	0.0	0.0	0.0	0.0	0.0	0.0	0.0	0.0	0.0	0.0	0.0	0.0	0.0	0.0	0.0007993605115907274	0.0	0.0	0.0	0.0	0.0	0.0	0.0	0.0	0.0	0.0	0.0	0.0	0.0	0.0	0.0
mk	0.0	0.0	0.0	0.0	0.0	0.0	0.0	0.0	0.0	0.0	0.0	0.0	0.0	0.0	0.0	0.0	0.0	0.0	0.0	0.0014177693761814746	0.0	0.0	0.0	0.0	0.0	0.0	0.0	0.0012836970474967907	0.0	0.0	0.0	0.0	0.0	0.0	0.0
ml	0.0	0.0006901311249137336	0.0	0.0	0.0016207455429497568	0.000132984618112505	0.0010050251256281408	2.8019936184595338e-05	6.195403010965863e-05	0.00011852554225435582	0.0005920663114268798	0.0008435259384226065	0.0014619883040935672	0.0003354579000335458	0.00010129830662997417	0.0002824659275474896	0.00013642564802182812	0.0007993605115907274	0.0014177693761814746	1.0	0.002849002849002849	0.00024813895781637717	0.0	0.0001911761582088918	0.0	0.0001558765457757456	0.0	0.0010893246187363835	0.0008244023083264633	0.00044365572315882877	0.0003924261748258609	0.0	0.0006694934166480696	0.0	0.00038385036814739856
mr	0.0	0.004887585532746823	0.0	0.0	0.0013986013986013986	4.516915849857717e-05	0.0011705033164260631	3.507590425681174e-06	0.0	5.9757385016831667e-05	0.0	0.001540041067761807	0.0008635578583765112	0.0007818608287724785	0.00010202520022445544	3.583330347224711e-05	0.0005792903692976104	0.0	0.0	0.002849002849002849	1.0	0.0	6.854949273375377e-05	0.0	0.0006261740763932373	0.0	0.00039603960396039607	0.0	0.00031065548306927616	0.0	0.00010015022533800701	0.0	0.0009857072449482504	0.0	0.00021246458923512748
nl	0.0	0.0007902015013828526	0.0	0.0	0.0	0.0005380683346785041	0.0	0.00040672451193058567	0.0	0.0002475860361475613	0.0	0.0	0.0	0.0	0.00014330753797649757	0.0	0.0	0.0	0.0	0.00024813895781637717	0.0	1.0	6.745317063628576e-06	0.0	0.0	0.0	0.00039154267815191856	0.00013329778725673153	0.0	0.0	0.0	0.0	0.0	0.0	0.0
pl	0.0	2.7364086005322314e-05	0.0	0.0	0.0	9.500994211179955e-05	0.0	0.00027817332847633873	0.0	4.062783548435151e-05	0.0	0.0	0.0	0.0	7.303340946512987e-05	0.0	0.0	0.0	0.0	0.0	6.854949273375377e-05	6.745317063628576e-06	1.0	0.0	0.0	0.0	2.0519835841313268e-05	0.0	0.0	0.0	0.0	0.0	0.0	0.0	0.0
pt	0.0	0.0	0.0	2.1560087965158897e-05	0.0	0.0	0.0	0.0	0.0	0.0	0.0	0.0	0.0	0.0	0.0	0.0	0.0	0.0	0.0	0.0001911761582088918	0.0	0.0	0.0	0.0	0.0	0.0	0.0	4.298764105319721e-05	0.0	0.0	0.0	2.1521575379317765e-05	0.0	0.0	0.0
ro	0.0	0.0	0.0	0.0	0.0	0.0	0.0	0.0	0.0	0.0	0.0	0.0	0.0	0.0	0.0	0.0	0.0	0.0	0.0	0.0	0.0006261740763932373	0.0	0.0	0.0	1.0	0.0	0.0	0.0	0.0	0.0	0.0	0.0	0.0	0.0	0.0
ru	0.0	0.0	0.0	0.0	0.0	0.0	0.0	0.0	0.0	0.0	0.0	0.0	0.0	0.0	0.0	0.0	0.0	0.0	0.0	0.0001558765457757456	0.0	0.0	0.0	0.0	0.0	0.0	0.0	1.7486491685173203e-05	0.0	0.0	0.0	3.50109409190372e-05	0.0	0.0	0.0
sh	0.0	0.054466230936819175	0.0	0.000445632798573975	0.0	0.003003003003003003	0.0	0.0007510326699211416	0.0	0.003022670025188917	0.0	0.0	0.0	0.001579778830963665	0.0026438885499288182	0.0	0.0	0.0	0.0	0.0	0.00039603960396039607	0.00039154267815191856	2.0519835841313268e-05	0.0	0.0	0.0	1.0	0.0004187604690117253	0.0	0.0	0.0	0.0	0.0	0.0004522840343735866	0.0
si	0.0	0.0011235955056179776	0.0	0.0	0.0015467904098994587	4.545041359876375e-05	0.00041186161449752884	3.5092767731498214e-06	6.417661404184315e-05	5.992090440618384e-05	0.0	0.0016565433462175593	0.0	0.00041288191577208916	1.7042452749799752e-05	0.000108038029386344	0.0001476886722788362	0.0	0.0012836970474967907	0.0010893246187363835	0.0	0.00013329778725673153	0.0	4.298764105319721e-05	0.0	1.7486491685173203e-05	0.0004187604690117253	1.0	0.0006491398896462187	0.0	0.000201704402198578	0.0	0.00025484199796126404	0.0	0.00017791061770566468
simple	0.0	0.0	0.0	0.0	0.0	0.0	0.0	0.0	0.0	0.0	0.0	0.0	0.0	0.0	0.0	0.0	0.0	0.0	0.0	0.0008244023083264633	0.00031065548306927616	0.0	0.0	0.0	0.0	0.0	0.0	0.0006491398896462187	0.0	0.0	0.0	0.0	0.0	0.0	0.0
sr	0.0	0.0	0.0	0.0	0.0	0.0	0.0	0.0	0.0	0.0	0.0	0.0	0.0	0.0	0.0	0.0	0.0	0.0	0.0	0.00044365572315882877	0.0	0.0	0.0	0.0	0.0	0.0	0.0	0.0	0.0	0.0	0.0	0.0	0.0	0.0	0.0
sv	0.0	0.0	0.0	0.0	0.0	0.0	0.0	0.00018604651162790697	0.0	0.0	0.0	0.0	0.0	0.0	0.00020100502512562814	0.0	0.0	0.0	0.0	0.0003924261748258609	0.00010015022533800701	0.0	0.0	0.0	0.0	0.0	0.0	0.000201704402198578	0.0	0.0	1.0	0.0	0.0	0.0	0.0
te	0.0	0.0012062726176115801	0.0	0.0	0.0	0.0	0.0004224757076468103	0.0	0.0	3.999520057593089e-05	0.0	0.0	0.00047192071731949034	0.0	3.412095879894225e-05	0.0	0.0	0.0	0.0	0.0	0.0	0.0	0.0	2.1521575379317765e-05	0.0	3.50109409190372e-05	0.0	0.0	0.0	0.0	0.0	1.0	0.0	0.0	3.565443719470888e-05
vi	0.0	0.0	0.0	0.0	0.0	0.0	0.0	0.0	0.0	0.0	0.0	0.0	0.0	0.0	0.0	0.0	0.0	0.0	0.0	0.0006694934166480696	0.0009857072449482504	0.0	0.0	0.0	0.0	0.0	0.0	0.00025484199796126404	0.0	0.0	0.0	0.0	0.0	0.0	0.0
war	0.0	0.0	0.0	0.0	0.0	0.0	0.0	0.0	0.0	0.0	0.0	0.0	0.0	0.0	0.0	0.0	0.0	0.0	0.0	0.0	0.0	0.0	0.0	0.0	0.0	0.0	0.0004522840343735866	0.0	0.0	0.0	0.0	0.0	0.0	1.0	0.0
zh	0.0	0.0	0.0	7.152308407538533e-05	0.0	0.0	0.0	0.0	0.0	0.0	0.0	0.0	0.0	0.0	0.0	0.0	0.0	0.0	0.0	0.00038385036814739856	0.00021246458923512748	0.0	0.0	0.0	0.0	0.0	0.0	0.00017791061770566468	0.0	0.0	0.0	3.565443719470888e-05	0.0	0.0	0.0
