arz	bs	ceb	ckb	da	de	el	en	es	fr	he	hi	hu	id	it	ja	ko	lv	mk	ml	mr	nl	pl	pt	ro	ru	sh	si	simple	sr	sv	te	vi	war	zh
arz	1.0	0.517346181619858	0.8216064286890065	0.5230744310399866	0.0	1.0	1.0	1.0	1.0	1.0	1.0	0.0	1.0	1.0	0.4557735640768249	1.0	1.0	1.0	1.0	0.39604311068340203	0.3517624546979154	0.5020797777427737	1.0	1.0	0.0	1.0	0.45627762828753365	0.48418597692500676	1.0	1.0	1.0	0.6385770394251732	1.0	0.6144532717435798	1.0
bs	0.517346181619858	1.0	0.6301948592026482	0.22080990136549586	1.0	0.2540797848262029	0.33090073708261636	0.26572387475466697	0.33778533388501897	0.2471603861342016	0.3540529956942795	0.0	0.3253080324135533	0.5660160774121898	0.2586575467768154	0.29750942824252025	0.3636882164444261	0.34552572681516347	0.32767171589524835	0.15816133049825837	0.2008895323752561	0.28489188907050517	0.23692949244498807	0.31902662843283386	0.7690990303325336	0.34272628005589295	0.2757979452190262	0.16072155760559825	1.0	0.3819250494050063	0.363989290921087	0.191604064802729	0.309283896224507	0.36891960849201716	0.3705125774500293
ceb	0.8216064286890065	0.6301948592026482	1.0	0.7584325078215763	0.7106922308883378	0.5528880938058807	0.5738381782981614	0.5528880938058807	0.5528880938058807	0.5871957839000577	0.3666532329193243	0.47634153120259176	0.6380732827477678	0.5528880938058807	0.6230840072966054	0.5264547574262817	0.5528880938058808	0.7584325078215763	0.5729925829255266	0.6230840072966054	0.657312113971931	0.6230840072966054	0.5528880938058807	0.5285834135078196	0.3647827681197683	0.586823156927302	0.7106922308883379	0.7106922308883379	0.6380732827477678	0.5528880938058807	0.6230840072966054	0.7690990303325336	0.7027262689161649	0.7106922308883378	0.6338259369801571
ckb	0.5230744310399866	0.22080990136549586	0.7584325078215763	1.0	0.23176639821853617	0.2028758833726409	0.20624730767506277	0.14961751947773066	0.2306567782602346	0.1707366371599067	0.20134104313563286	0.17440334051816184	0.19174783642072465	0.20541586266986886	0.15701020034579846	0.1552415090298123	0.18754053037709856	0.24038043547173601	0.21218817143770552	0.26094697682650436	0.25118940085955516	0.22930386437661762	0.20635773414803962	0.15262474454101807	0.22537836327697944	0.16870424983796994	0.2222921689763801	0.21142416798430907	0.1862932621493729	0.18208773768180891	0.1646802688259452	0.4108981880819705	0.1960119264811392	0.502971960707596	0.1566675097454923
da	0.0	1.0	0.7106922308883378	0.23176639821853617	1.0	0.7690990303325336	1.0	0.42086015539690247	1.0	1.0	1.0	0.0	1.0	0.0	0.6983438190355967	1.0	1.0	1.0	1.0	0.12737724750807383	0.1683948803108053	1.0	0.7411828468492555	1.0	1.0	1.0	0.7863954451402115	0.16536816691081704	1.0	1.0	1.0	0.21282865036203452	0.0	0.5113511227396744	1.0
de	1.0	0.2540797848262029	0.5528880938058807	0.2028758833726409	0.7690990303325336	1.0	0.27438423416207974	0.11634161381038982	0.15075160460458195	0.1520475233904095	0.16193974048494475	0.7863954451402115	0.3047371548264805	0.4423854956543948	0.2112198727779179	0.5014829831921821	0.3791683802594986	0.5347879956720508	0.2754458089350936	0.10772373182745838	0.1615408388562901	0.21849279849624303	0.13309630642403908	0.30336810460278657	0.5883403156924213	0.1786441269313337	0.24015399787390618	0.14120599900495379	1.0	0.2285775015822273	0.4130819357411389	0.1344543016280014	0.6195187317570273	0.4238247892838914	0.2660586913556176
el	1.0	0.33090073708261636	0.5738381782981614	0.20624730767506277	1.0	0.27438423416207974	1.0	0.26223048958866396	1.0	0.33457922084809394	1.0	0.0	1.0	0.5390110865470968	0.29170889298365016	1.0	1.0	1.0	1.0	0.11988736600783173	0.14740535030324967	0.24749479507965197	0.2515336638724935	1.0	1.0	1.0	0.3170580842274208	0.13398632162198734	1.0	1.0	0.728099120889861	0.18893003182041052	1.0	0.37310829562066816	1.0
en	1.0	0.26572387475466697	0.5528880938058807	0.14961751947773066	0.42086015539690247	0.11634161381038982	0.26223048958866396	1.0	0.16071730490743047	0.15402405728362398	0.17087191479186858	1.0	0.3870152325570354	0.42323188265925565	0.19467117836268405	0.6200511349970952	0.35229383285815574	0.4424610715552174	0.2565967081304452	0.08692215907627367	0.13786013283335688	0.15965873192995994	0.10732968120125178	0.2354163923386032	0.42928198734387546	0.16365189736572003	0.2530233712293157	0.12185960538045511	0.7347168825662657	0.19441516125833722	0.30123303816241825	0.11703290658577181	0.38628296006529705	0.3182081361403236	0.2740571845981574
es	1.0	0.33778533388501897	0.5528880938058807	0.2306567782602346	1.0	0.15075160460458195	1.0	0.16071730490743047	1.0	0.23292667497689443	0.5396029284838761	1.0	1.0	0.5971289109067283	0.33148036594943386	1.0	1.0	1.0	1.0	0.10300551111632611	0.16589368198155963	0.16357140098684403	0.15124183388495357	1.0	0.5806342278937945	0.41986445060855904	0.3342668389563717	0.14437295747131554	1.0	0.6985442743262449	0.6122131884607099	0.13289479011800823	1.0	0.4238936272488781	1.0
fr	1.0	0.2471603861342016	0.5871957839000577	0.1707366371599067	1.0	0.1520475233904095	0.33457922084809394	0.15402405728362398	0.23292667497689443	1.0	0.2733163939200662	1.0	0.42031964758041296	0.7193980420816449	0.20268711483560234	0.4832146007136727	0.33953781110239095	0.3855431607837163	0.30694080913632216	0.09110082152933771	0.1507215293533754	0.23649579958059902	0.1454552607045088	0.3120886316727087	0.5720970897505782	0.24319853408879838	0.26292464984445146	0.13571098567445208	0.6908587525207898	0.24261394167033193	0.3684884692451959	0.1278121221874638	0.45644967817492216	0.3474698104394897	0.2978922578227915
he	1.0	0.3540529956942795	0.3666532329193243	0.20134104313563286	1.0	0.16193974048494475	1.0	0.17087191479186858	0.5396029284838761	0.2733163939200662	1.0	1.0	1.0	0.4702703280780101	0.34382955492347705	1.0	1.0	1.0	1.0	0.1067406438892931	0.16068392079779134	0.3573186580295932	0.19696654302114375	1.0	0.7584325078215765	1.0	0.3441479999158503	0.14977900519540419	1.0	1.0	0.7300208629885034	0.11575236355571722	1.0	0.4619378838099705	1.0
hi	0.0	0.0	0.47634153120259176	0.17440334051816184	0.0	0.7863954451402115	0.0	1.0	1.0	1.0	1.0	1.0	0.0	0.0	0.0	0.0	0.0	0.0	0.0	0.10785479440644313	0.1654818903324263	0.0	1.0	1.0	0.0	1.0	0.0	0.12994412699436145	0.0	1.0	0.0	0.13030338030731242	0.0	0.37860378835737446	1.0
hu	1.0	0.3253080324135533	0.6380732827477678	0.19174783642072465	1.0	0.3047371548264805	1.0	0.3870152325570354	1.0	0.42031964758041296	1.0	0.0	1.0	1.0	0.3025352189083317	1.0	1.0	1.0	1.0	0.10308074616059351	0.14004613580046402	0.39189473497584876	0.43785922956282214	1.0	1.0	1.0	0.2508378037132244	0.16011974718930053	1.0	1.0	0.7263875964832449	0.14887182276457242	1.0	0.37802437600460026	1.0
id	1.0	0.5660160774121898	0.5528880938058807	0.20541586266986886	0.0	0.4423854956543948	0.5390110865470968	0.42323188265925565	0.5971289109067283	0.7193980420816449	0.4702703280780101	0.0	1.0	1.0	0.40870492376351797	1.0	1.0	0.0	0.7442101423359929	0.10838752901254017	0.1889542324389127	0.6529877011107059	0.5971289109067281	0.7605889617095328	0.0	0.7193980420816449	0.5455381281950756	0.15177267230716524	1.0	0.5390110865470968	0.7442101423359929	0.15291810239297005	0.5660160774121898	0.5189011221666149	0.749506019670501
it	0.4557735640768249	0.2586575467768154	0.6230840072966054	0.15701020034579846	0.6983438190355967	0.2112198727779179	0.29170889298365016	0.19467117836268405	0.33148036594943386	0.20268711483560234	0.34382955492347705	0.0	0.3025352189083317	0.40870492376351797	1.0	0.3726962936990014	0.34468000523486525	0.27645896088472627	0.3261382053051423	0.08995331917609499	0.13898893096380555	0.26226684190978555	0.1913356200881923	0.28906911955568515	0.6232314955434586	0.3277112821765551	0.22986011714148735	0.13637612615810052	0.6994017365373273	0.3248834258418008	0.355426214786897	0.11104283110670052	0.28774111228819377	0.3276052319685022	0.36781474538554565
ja	1.0	0.29750942824252025	0.5264547574262817	0.1552415090298123	1.0	0.5014829831921821	1.0	0.6200511349970952	1.0	0.4832146007136727	1.0	0.0	1.0	1.0	0.3726962936990014	1.0	1.0	1.0	1.0	0.09794611536523873	0.14086912667411328	0.398727389767296	0.5200530460378336	1.0	1.0	1.0	0.24758103701846393	0.1281516581611844	1.0	1.0	1.0	0.12179276864606885	1.0	0.23853984678739693	1.0
ko	1.0	0.3636882164444261	0.5528880938058808	0.18754053037709856	1.0	0.3791683802594986	1.0	0.35229383285815574	1.0	0.33953781110239095	1.0	0.0	1.0	1.0	0.34468000523486525	1.0	1.0	1.0	1.0	0.10486729058635849	0.15010779843608504	0.3881122850051604	0.3435527355645232	1.0	0.8428085291297184	1.0	0.3671220044472396	0.1346072575431579	1.0	1.0	1.0	0.13760517958537594	1.0	0.3119879553156988	1.0
lv	1.0	0.34552572681516347	0.7584325078215763	0.24038043547173601	1.0	0.5347879956720508	1.0	0.4424610715552174	1.0	0.3855431607837163	1.0	0.0	1.0	0.0	0.27645896088472627	1.0	1.0	1.0	1.0	0.13454499770733722	0.16245332726830553	0.5020797777427737	0.5516416279568798	1.0	0.8216064286890065	1.0	0.4033869817233639	0.14801677713532976	0.0	1.0	1.0	0.22845463634299282	1.0	0.44325868596898715	1.0
mk	1.0	0.32767171589524835	0.5729925829255266	0.21218817143770552	1.0	0.2754458089350936	1.0	0.2565967081304452	1.0	0.30694080913632216	1.0	0.0	1.0	0.7442101423359929	0.3261382053051423	1.0	1.0	1.0	1.0	0.12731871172528586	0.17849984895850676	0.3854442610818119	0.2761205344853503	1.0	0.7690990303325336	1.0	0.3389230295915386	0.15157722897795525	1.0	1.0	0.7263875964832449	0.172673847982216	1.0	0.339944094294232	1.0
ml	0.39604311068340203	0.15816133049825837	0.6230840072966054	0.26094697682650436	0.12737724750807383	0.10772373182745838	0.11988736600783173	0.08692215907627367	0.10300551111632611	0.09110082152933771	0.1067406438892931	0.10785479440644313	0.10308074616059351	0.10838752901254017	0.08995331917609499	0.09794611536523873	0.10486729058635849	0.13454499770733722	0.12731871172528586	1.0	0.1554034235795527	0.10803694358073172	0.10682962811721997	0.08890816634153119	0.11213070360162299	0.0913470747695688	0.1075846234922532	0.1623746237935649	0.11199102425744295	0.11167283992311654	0.0921581803412135	0.20564924890957903	0.10967546550249785	0.39492994187121094	0.10159316433804112
mr	0.3517624546979154	0.2008895323752561	0.657312113971931	0.25118940085955516	0.1683948803108053	0.1615408388562901	0.14740535030324967	0.13786013283335688	0.16589368198155963	0.1507215293533754	0.16068392079779134	0.1654818903324263	0.14004613580046402	0.1889542324389127	0.13898893096380555	0.14086912667411328	0.15010779843608504	0.16245332726830553	0.17849984895850676	0.1554034235795527	1.0	0.16006760966812436	0.1555897661487062	0.12802183742094525	0.1540148306349205	0.13538597357139603	0.15077182816647217	0.23126625707157733	0.1451325934804622	0.1574012967136413	0.14074010875018814	0.21166887281385705	0.15917517906841397	0.33502825454285196	0.1350520267822903
nl	0.5020797777427737	0.28489188907050517	0.6230840072966054	0.22930386437661762	1.0	0.21849279849624303	0.24749479507965197	0.15965873192995994	0.16357140098684403	0.23649579958059902	0.3573186580295932	0.0	0.39189473497584876	0.6529877011107059	0.26226684190978555	0.398727389767296	0.3881122850051604	0.5020797777427737	0.3854442610818119	0.10803694358073172	0.16006760966812436	1.0	0.1884177812875509	0.26636751815609633	1.0	0.20998549670686098	0.24175126571382163	0.14994012913426585	1.0	0.23713816819180836	0.3698772908041979	0.14202926073640174	1.0	0.46064130018868943	0.386617196537434
pl	1.0	0.23692949244498807	0.5528880938058807	0.20635773414803962	0.7411828468492555	0.13309630642403908	0.2515336638724935	0.10732968120125178	0.15124183388495357	0.1454552607045088	0.19696654302114375	1.0	0.43785922956282214	0.5971289109067281	0.1913356200881923	0.5200530460378336	0.3435527355645232	0.5516416279568798	0.2761205344853503	0.10682962811721997	0.1555897661487062	0.1884177812875509	1.0	0.24494083959986684	0.5973329889831545	0.11711349830606566	0.22409930132500608	0.149651446841313	0.629896233114065	0.1506850568808275	0.4461543344964431	0.14330809143738762	0.661251134120194	0.49738271905795267	0.3281708396848807
pt	1.0	0.31902662843283386	0.5285834135078196	0.15262474454101807	1.0	0.30336810460278657	1.0	0.2354163923386032	1.0	0.3120886316727087	1.0	1.0	1.0	0.7605889617095328	0.28906911955568515	1.0	1.0	1.0	1.0	0.08890816634153119	0.12802183742094525	0.26636751815609633	0.24494083959986684	1.0	1.0	1.0	0.29090122081966685	0.12105827807085318	1.0	1.0	0.7263875964832449	0.12402803711986748	1.0	0.32745955410737754	1.0
ro	0.0	0.7690990303325336	0.3647827681197683	0.22537836327697944	1.0	0.5883403156924213	1.0	0.42928198734387546	0.5806342278937945	0.5720970897505782	0.7584325078215765	0.0	1.0	0.0	0.6232314955434586	1.0	0.8428085291297184	0.8216064286890065	0.7690990303325336	0.11213070360162299	0.1540148306349205	1.0	0.5973329889831545	1.0	1.0	0.5327165602551184	1.0	0.1472568278631297	0.0	0.7463334166787828	1.0	0.1568035721201265	1.0	0.3403463002625099	0.7105872722972744
ru	1.0	0.34272628005589295	0.586823156927302	0.16870424983796994	1.0	0.1786441269313337	1.0	0.16365189736572003	0.41986445060855904	0.24319853408879838	1.0	1.0	1.0	0.7193980420816449	0.3277112821765551	1.0	1.0	1.0	1.0	0.0913470747695688	0.13538597357139603	0.20998549670686098	0.11711349830606566	1.0	0.5327165602551184	1.0	0.34244371811713203	0.13331239771979503	1.0	1.0	0.27278755926249965	0.11680335403919442	1.0	0.3138063443843534	1.0
sh	0.45627762828753365	0.2757979452190262	0.7106922308883379	0.2222921689763801	0.7863954451402115	0.24015399787390618	0.3170580842274208	0.2530233712293157	0.3342668389563717	0.26292464984445146	0.3441479999158503	0.0	0.2508378037132244	0.5455381281950756	0.22986011714148735	0.24758103701846393	0.3671220044472396	0.4033869817233639	0.3389230295915386	0.1075846234922532	0.15077182816647217	0.24175126571382163	0.22409930132500608	0.29090122081966685	1.0	0.34244371811713203	1.0	0.13315037041157887	1.0	0.364259698640916	0.28494656548105457	0.17336460145287982	0.4512432037758271	0.39711023209992674	0.33660634669320816
si	0.48418597692500676	0.16072155760559825	0.7106922308883379	0.21142416798430907	0.16536816691081704	0.14120599900495379	0.13398632162198734	0.12185960538045511	0.14437295747131554	0.13571098567445208	0.14977900519540419	0.12994412699436145	0.16011974718930053	0.15177267230716524	0.13637612615810052	0.1281516581611844	0.1346072575431579	0.14801677713532976	0.15157722897795525	0.1623746237935649	0.23126625707157733	0.14994012913426585	0.149651446841313	0.12105827807085318	0.1472568278631297	0.13331239771979503	0.13315037041157887	1.0	0.137138873360202	0.13961959987310932	0.13115699777790185	0.22613525602358242	0.13964128281445587	0.4118953156096511	0.12726992024334857
simple	1.0	1.0	0.6380732827477678	0.1862932621493729	1.0	1.0	1.0	0.7347168825662657	1.0	0.6908587525207898	1.0	0.0	1.0	1.0	0.6994017365373273	1.0	1.0	0.0	1.0	0.11199102425744295	0.1451325934804622	1.0	0.629896233114065	1.0	0.0	1.0	1.0	0.137138873360202	1.0	1.0	1.0	0.1800322781859654	1.0	0.3863606875695573	1.0
sr	1.0	0.3819250494050063	0.5528880938058807	0.18208773768180891	1.0	0.2285775015822273	1.0	0.19441516125833722	0.6985442743262449	0.24261394167033193	1.0	1.0	1.0	0.5390110865470968	0.3248834258418008	1.0	1.0	1.0	1.0	0.11167283992311654	0.1574012967136413	0.23713816819180836	0.1506850568808275	1.0	0.7463334166787828	1.0	0.364259698640916	0.13961959987310932	1.0	1.0	1.0	0.1539241601069493	1.0	0.32156936596973146	1.0
sv	1.0	0.363989290921087	0.6230840072966054	0.1646802688259452	1.0	0.4130819357411389	0.728099120889861	0.30123303816241825	0.6122131884607099	0.3684884692451959	0.7300208629885034	0.0	0.7263875964832449	0.7442101423359929	0.355426214786897	1.0	1.0	1.0	0.7263875964832449	0.0921581803412135	0.14074010875018814	0.3698772908041979	0.4461543344964431	0.7263875964832449	1.0	0.27278755926249965	0.28494656548105457	0.13115699777790185	1.0	1.0	1.0	0.12366999732085414	1.0	0.2718829395362031	1.0
te	0.6385770394251732	0.191604064802729	0.7690990303325336	0.4108981880819705	0.21282865036203452	0.1344543016280014	0.18893003182041052	0.11703290658577181	0.13289479011800823	0.1278121221874638	0.11575236355571722	0.13030338030731242	0.14887182276457242	0.15291810239297005	0.11104283110670052	0.12179276864606885	0.13760517958537594	0.22845463634299282	0.172673847982216	0.20564924890957903	0.21166887281385705	0.14202926073640174	0.14330809143738762	0.12402803711986748	0.1568035721201265	0.11680335403919442	0.17336460145287982	0.22613525602358242	0.1800322781859654	0.1539241601069493	0.12366999732085414	1.0	0.13889167023440713	0.5965457222345549	0.1195244697517591
vi	1.0	0.309283896224507	0.7027262689161649	0.1960119264811392	0.0	0.6195187317570273	1.0	0.38628296006529705	1.0	0.45644967817492216	1.0	0.0	1.0	0.5660160774121898	0.28774111228819377	1.0	1.0	1.0	1.0	0.10967546550249785	0.15917517906841397	1.0	0.661251134120194	1.0	1.0	1.0	0.4512432037758271	0.13964128281445587	1.0	1.0	1.0	0.13889167023440713	1.0	0.3815084875121892	1.0
war	0.6144532717435798	0.36891960849201716	0.7106922308883378	0.502971960707596	0.5113511227396744	0.4238247892838914	0.37310829562066816	0.3182081361403236	0.4238936272488781	0.3474698104394897	0.4619378838099705	0.37860378835737446	0.37802437600460026	0.5189011221666149	0.3276052319685022	0.23853984678739693	0.3119879553156988	0.44325868596898715	0.339944094294232	0.39492994187121094	0.33502825454285196	0.46064130018868943	0.49738271905795267	0.32745955410737754	0.3403463002625099	0.3138063443843534	0.39711023209992674	0.4118953156096511	0.3863606875695573	0.32156936596973146	0.2718829395362031	0.5965457222345549	0.3815084875121892	1.0	0.27868020811172234
zh	1.0	0.3705125774500293	0.6338259369801571	0.1566675097454923	1.0	0.2660586913556176	1.0	0.2740571845981574	1.0	0.2978922578227915	1.0	1.0	1.0	0.749506019670501	0.36781474538554565	1.0	1.0	1.0	1.0	0.10159316433804112	0.1350520267822903	0.386617196537434	0.3281708396848807	1.0	0.7105872722972744	1.0	0.33660634669320816	0.12726992024334857	1.0	1.0	1.0	0.1195244697517591	1.0	0.27868020811172234	1.0
