arz	bs	ceb	ckb	da	de	el	en	es	fr	he	hi	hu	id	it	ja	ko	lv	mk	ml	mr	nl	pl	pt	ro	ru	sh	si	simple	sr	sv	te	vi	war	zh
arz	1.0	0.029850746268656716	0.0	0.0	0.0	0.0	0.019230769230769232	0.0	0.014925373134328358	0.0	0.0	0.0	0.011111111111111112	0.03225806451612903	0.0	0.012658227848101266	0.011363636363636364	0.0	0.0	0.0	0.0	0.0	0.0	0.0	0.016129032258064516	0.0	0.017543859649122806	0.0	0.0	0.0	0.0	0.0	0.0	0.0	0.015267175572519083
bs	0.029850746268656716	1.0	0.0	0.04225352112676056	0.052083333333333336	0.03636363636363636	0.16326530612244897	0.037383177570093455	0.04878048780487805	0.022727272727272728	0.042105263157894736	0.0	0.13432835820895522	0.10714285714285714	0.0872093023255814	0.05223880597014925	0.11940298507462686	0.06666666666666667	0.08641975308641975	0.0945945945945946	0.015151515151515152	0.010309278350515464	0.06315789473684211	0.08620689655172414	0.1588785046728972	0.05714285714285714	0.29347826086956524	0.0	0.0759493670886076	0.15584415584415584	0.04597701149425287	0.0	0.044444444444444446	0.0	0.10857142857142857
ceb	0.0	0.0	0.0	0.0	0.0	0.0	0.0	0.0	0.0	0.0	0.0	0.0	0.0	0.0	0.0	0.0	0.0	0.0	0.0	0.0	0.0	0.0	0.0	0.0	0.0	0.0	0.0	0.0	0.0	0.0	0.0	0.0	0.0	0.0	0.0
ckb	0.0	0.04225352112676056	0.0	1.0	0.07142857142857142	0.017543859649122806	0.03571428571428571	0.012195121951219513	0.013888888888888888	0.0	0.0	0.0	0.02127659574468085	0.0	0.015503875968992248	0.011904761904761904	0.021739130434782608	0.09090909090909091	0.06666666666666667	0.13636363636363635	0.0	0.0	0.0	0.014492753623188406	0.030303030303030304	0.0	0.05	0.0	0.03571428571428571	0.0	0.0	0.0	0.0	0.0	0.029850746268656716
da	0.0	0.052083333333333336	0.0	0.07142857142857142	1.0	0.011904761904761904	0.036585365853658534	0.015789473684210527	0.010101010101010102	0.013422818791946308	0.014492753623188406	0.027777777777777776	0.03361344537815126	0.06666666666666667	0.01282051282051282	0.027522935779816515	0.07079646017699115	0.02	0.03508771929824561	0.0	0.0	0.029850746268656716	0.0	0.07777777777777778	0.04395604395604396	0.025	0.08433734939759036	0.0	0.037037037037037035	0.034482758620689655	0.05084745762711865	0.0	0.04838709677419355	0.0	0.04430379746835443
de	0.0	0.03636363636363636	0.0	0.017543859649122806	0.011904761904761904	1.0	0.0425531914893617	0.014778325123152709	0.0	0.025	0.0	0.0	0.03816793893129771	0.013157894736842105	0.03636363636363636	0.05042016806722689	0.05511811023622047	0.015873015873015872	0.043478260869565216	0.015625	0.0	0.012345679012345678	0.011904761904761904	0.018518518518518517	0.009345794392523364	0.010638297872340425	0.0	0.0	0.014705882352941176	0.0	0.0	0.0	0.02631578947368421	0.0	0.011363636363636364
el	0.019230769230769232	0.16326530612244897	0.0	0.03571428571428571	0.036585365853658534	0.0425531914893617	1.0	0.019801980198019802	0.018018018018018018	0.012345679012345678	0.05063291139240506	0.0	0.07936507936507936	0.11594202898550725	0.042682926829268296	0.05042016806722689	0.072	0.04918032786885246	0.058823529411764705	0.031746031746031744	0.0	0.05128205128205128	0.036585365853658534	0.03773584905660377	0.08	0.0	0.09574468085106383	0.0	0.045454545454545456	0.013888888888888888	0.013513513513513514	0.0	0.012987012987012988	0.0	0.09202453987730061
en	0.0	0.037383177570093455	0.0	0.012195121951219513	0.015789473684210527	0.014778325123152709	0.019801980198019802	1.0	0.027906976744186046	0.0421455938697318	0.015957446808510637	0.0	0.06550218340611354	0.005434782608695652	0.04887218045112782	0.05429864253393665	0.04310344827586207	0.0	0.022727272727272728	0.01764705882352941	0.0	0.021505376344086023	0.03208556149732621	0.023474178403755867	0.038461538461538464	0.015	0.02926829268292683	0.0	0.017241379310344827	0.0111731843575419	0.016666666666666666	0.0	0.02197802197802198	0.0	0.047619047619047616
es	0.014925373134328358	0.04878048780487805	0.0	0.013888888888888888	0.010101010101010102	0.0	0.018018018018018018	0.027906976744186046	1.0	0.028735632183908046	0.020833333333333332	0.015625	0.013422818791946308	0.033707865168539325	0.01639344262295082	0.021897810218978103	0.04929577464788732	0.039473684210526314	0.011627906976744186	0.02564102564102564	0.0	0.010416666666666666	0.030927835051546393	0.03305785123966942	0.05128205128205128	0.028037383177570093	0.04424778761061947	0.0	0.0	0.023255813953488372	0.011235955056179775	0.0	0.02197802197802198	0.0	0.043243243243243246
fr	0.0	0.022727272727272728	0.0	0.0	0.013422818791946308	0.025	0.012345679012345678	0.0421455938697318	0.028735632183908046	1.0	0.02054794520547945	0.0	0.01	0.014184397163120567	0.030434782608695653	0.0213903743315508	0.03626943005181347	0.031746031746031744	0.0072992700729927005	0.015503875968992248	0.008620689655172414	0.006802721088435374	0.0	0.011494252873563218	0.011627906976744186	0.0189873417721519	0.024242424242424242	0.0	0.015037593984962405	0.007246376811594203	0.014388489208633094	0.0	0.014084507042253521	0.0	0.04721030042918455
he	0.0	0.042105263157894736	0.0	0.0	0.014492753623188406	0.0	0.05063291139240506	0.015957446808510637	0.020833333333333332	0.02054794520547945	1.0	0.0	0.06140350877192982	0.06896551724137931	0.0684931506849315	0.018518518518518517	0.08181818181818182	0.0	0.03636363636363636	0.02040816326530612	0.0	0.03076923076923077	0.09375	0.04395604395604396	0.056818181818181816	0.02564102564102564	0.047619047619047616	0.0	0.0	0.03571428571428571	0.0	0.0	0.016129032258064516	0.0	0.05161290322580645
hi	0.0	0.0	0.0	0.0	0.027777777777777776	0.0	0.0	0.0	0.015625	0.0	0.0	1.0	0.0	0.03571428571428571	0.0	0.0	0.0	0.06666666666666667	0.0	0.0	0.0	0.0	0.0	0.01639344262295082	0.01694915254237288	0.0	0.0	0.0	0.0	0.0	0.0	0.0	0.034482758620689655	0.0	0.0
hu	0.011111111111111112	0.13432835820895522	0.0	0.02127659574468085	0.03361344537815126	0.03816793893129771	0.07936507936507936	0.06550218340611354	0.013422818791946308	0.01	0.06140350877192982	0.0	1.0	0.036036036036036036	0.09424083769633508	0.025157232704402517	0.08860759493670886	0.02	0.047619047619047616	0.05102040816326531	0.011363636363636364	0.034482758620689655	0.05128205128205128	0.07246376811594203	0.140625	0.007575757575757576	0.14634146341463414	0.0	0.049019607843137254	0.11	0.02727272727272727	0.0	0.05454545454545454	0.0	0.07462686567164178
id	0.03225806451612903	0.10714285714285714	0.0	0.0	0.06666666666666667	0.013157894736842105	0.11594202898550725	0.005434782608695652	0.033707865168539325	0.014184397163120567	0.06896551724137931	0.03571428571428571	0.036036036036036036	1.0	0.041666666666666664	0.0196078431372549	0.08653846153846154	0.04878048780487805	0.10869565217391304	0.0	0.0	0.016666666666666666	0.04918032786885246	0.09876543209876543	0.10126582278481013	0.027777777777777776	0.06493506493506493	0.0	0.02127659574468085	0.08333333333333333	0.0	0.0	0.03636363636363636	0.0	0.012903225806451613
it	0.0	0.0872093023255814	0.0	0.015503875968992248	0.01282051282051282	0.03636363636363636	0.042682926829268296	0.04887218045112782	0.01639344262295082	0.030434782608695653	0.0684931506849315	0.0	0.09424083769633508	0.041666666666666664	1.0	0.025906735751295335	0.07253886010362694	0.007352941176470588	0.050724637681159424	0.0072992700729927005	0.0	0.026490066225165563	0.032679738562091505	0.045714285714285714	0.07738095238095238	0.024390243902439025	0.1	0.0	0.02158273381294964	0.03546099290780142	0.0136986301369863	0.0	0.013422818791946308	0.0	0.09606986899563319
ja	0.012658227848101266	0.05223880597014925	0.0	0.011904761904761904	0.027522935779816515	0.05042016806722689	0.05042016806722689	0.05429864253393665	0.021897810218978103	0.0213903743315508	0.018518518518518517	0.0	0.025157232704402517	0.0196078431372549	0.025906735751295335	1.0	0.03870967741935484	0.011111111111111112	0.020618556701030927	0.01098901098901099	0.0	0.009259259259259259	0.037037037037037035	0.022388059701492536	0.022727272727272728	0.03389830508474576	0.015625	0.0	0.02127659574468085	0.010101010101010102	0.0	0.0	0.0	0.0	0.06217616580310881
ko	0.011363636363636364	0.11940298507462686	0.0	0.021739130434782608	0.07079646017699115	0.05511811023622047	0.072	0.04310344827586207	0.04929577464788732	0.03626943005181347	0.08181818181818182	0.0	0.08860759493670886	0.08653846153846154	0.07253886010362694	0.03870967741935484	1.0	0.02040816326530612	0.04854368932038835	0.06315789473684211	0.0	0.04424778761061947	0.06140350877192982	0.04285714285714286	0.08270676691729323	0.03968253968253968	0.045112781954887216	0.0	0.06060606060606061	0.04807692307692308	0.027777777777777776	0.0	0.06542056074766354	0.0	0.09743589743589744
lv	0.0	0.06666666666666667	0.0	0.09090909090909091	0.02	0.015873015873015872	0.04918032786885246	0.0	0.039473684210526314	0.031746031746031744	0.0	0.06666666666666667	0.02	0.04878048780487805	0.007352941176470588	0.011111111111111112	0.02040816326530612	1.0	0.05555555555555555	0.06896551724137931	0.0	0.0	0.02	0.07042253521126761	0.027777777777777776	0.0	0.06153846153846154	0.0	0.0	0.05405405405405406	0.0	0.0	0.047619047619047616	0.0	0.02127659574468085
mk	0.0	0.08641975308641975	0.0	0.06666666666666667	0.03508771929824561	0.043478260869565216	0.058823529411764705	0.022727272727272728	0.011627906976744186	0.0072992700729927005	0.03636363636363636	0.0	0.047619047619047616	0.10869565217391304	0.050724637681159424	0.020618556701030927	0.04854368932038835	0.05555555555555555	1.0	0.05405405405405406	0.0	0.0	0.017241379310344827	0.024390243902439025	0.05128205128205128	0.014705882352941176	0.06944444444444445	0.0	0.10256410256410256	0.09302325581395349	0.06521739130434782	0.0	0.0196078431372549	0.0	0.013333333333333334
ml	0.0	0.0945945945945946	0.0	0.13636363636363635	0.0	0.015625	0.031746031746031744	0.01764705882352941	0.02564102564102564	0.015503875968992248	0.02040816326530612	0.0	0.05102040816326531	0.0	0.0072992700729927005	0.01098901098901099	0.06315789473684211	0.06896551724137931	0.05405405405405406	1.0	0.0	0.020833333333333332	0.0196078431372549	0.04054054054054054	0.0273972602739726	0.01639344262295082	0.07692307692307693	0.0	0.0	0.08108108108108109	0.024390243902439025	0.0	0.0	0.0	0.028368794326241134
mr	0.0	0.015151515151515152	0.0	0.0	0.0	0.0	0.0	0.0	0.0	0.008620689655172414	0.0	0.0	0.011363636363636364	0.0	0.0	0.0	0.0	0.0	0.0	0.0	1.0	0.0	0.0	0.0	0.0	0.0	0.0	0.0	0.0	0.04	0.0	0.0	0.0	0.0	0.007692307692307693
nl	0.0	0.010309278350515464	0.0	0.0	0.029850746268656716	0.012345679012345678	0.05128205128205128	0.021505376344086023	0.010416666666666666	0.006802721088435374	0.03076923076923077	0.0	0.034482758620689655	0.016666666666666666	0.026490066225165563	0.009259259259259259	0.04424778761061947	0.0	0.0	0.020833333333333332	0.0	1.0	0.029850746268656716	0.0	0.022222222222222223	0.039473684210526314	0.011627906976744186	0.0	0.019230769230769232	0.0	0.017241379310344827	0.0	0.0	0.0	0.05194805194805195
pl	0.0	0.06315789473684211	0.0	0.0	0.0	0.011904761904761904	0.036585365853658534	0.03208556149732621	0.030927835051546393	0.0	0.09375	0.0	0.05128205128205128	0.04918032786885246	0.032679738562091505	0.037037037037037035	0.06140350877192982	0.02	0.017241379310344827	0.0196078431372549	0.0	0.029850746268656716	1.0	0.06593406593406594	0.10465116279069768	0.0379746835443038	0.022727272727272728	0.0	0.01818181818181818	0.034482758620689655	0.0	0.0	0.031746031746031744	0.0	0.06451612903225806
pt	0.0	0.08620689655172414	0.0	0.014492753623188406	0.07777777777777778	0.018518518518518517	0.03773584905660377	0.023474178403755867	0.03305785123966942	0.011494252873563218	0.04395604395604396	0.01639344262295082	0.07246376811594203	0.09876543209876543	0.045714285714285714	0.022388059701492536	0.04285714285714286	0.07042253521126761	0.024390243902439025	0.04054054054054054	0.0	0.0	0.06593406593406594	1.0	0.10091743119266056	0.009433962264150943	0.16161616161616163	0.0	0.02531645569620253	0.04938271604938271	0.0	0.0	0.08433734939759036	0.0	0.04395604395604396
ro	0.016129032258064516	0.1588785046728972	0.0	0.030303030303030304	0.04395604395604396	0.009345794392523364	0.08	0.038461538461538464	0.05128205128205128	0.011627906976744186	0.056818181818181816	0.01694915254237288	0.140625	0.10126582278481013	0.07738095238095238	0.022727272727272728	0.08270676691729323	0.027777777777777776	0.05128205128205128	0.0273972602739726	0.0	0.022222222222222223	0.10465116279069768	0.10091743119266056	1.0	0.039603960396039604	0.13	0.0	0.11267605633802817	0.09210526315789473	0.036585365853658534	0.0	0.060240963855421686	0.0	0.09941520467836257
ru	0.0	0.05714285714285714	0.0	0.0	0.025	0.010638297872340425	0.0	0.015	0.028037383177570093	0.0189873417721519	0.02564102564102564	0.0	0.007575757575757576	0.027777777777777776	0.024390243902439025	0.03389830508474576	0.03968253968253968	0.0	0.014705882352941176	0.01639344262295082	0.0	0.039473684210526314	0.0379746835443038	0.009433962264150943	0.039603960396039604	1.0	0.041666666666666664	0.0	0.015384615384615385	0.029411764705882353	0.014084507042253521	0.0	0.0	0.0	0.011560693641618497
sh	0.017543859649122806	0.29347826086956524	0.0	0.05	0.08433734939759036	0.0	0.09574468085106383	0.02926829268292683	0.04424778761061947	0.024242424242424242	0.047619047619047616	0.0	0.14634146341463414	0.06493506493506493	0.1	0.015625	0.045112781954887216	0.06153846153846154	0.06944444444444445	0.07692307692307693	0.0	0.011627906976744186	0.022727272727272728	0.16161616161616163	0.13	0.041666666666666664	1.0	0.0	0.07246376811594203	0.13043478260869565	0.012658227848101266	0.0	0.05063291139240506	0.0	0.10240963855421686
si	0.0	0.0	0.0	0.0	0.0	0.0	0.0	0.0	0.0	0.0	0.0	0.0	0.0	0.0	0.0	0.0	0.0	0.0	0.0	0.0	0.0	0.0	0.0	0.0	0.0	0.0	0.0	0.0	0.0	0.0	0.0	0.0	0.0	0.0	0.0
simple	0.0	0.0759493670886076	0.0	0.03571428571428571	0.037037037037037035	0.014705882352941176	0.045454545454545456	0.017241379310344827	0.0	0.015037593984962405	0.0	0.0	0.049019607843137254	0.02127659574468085	0.02158273381294964	0.02127659574468085	0.06060606060606061	0.0	0.10256410256410256	0.0	0.0	0.019230769230769232	0.01818181818181818	0.02531645569620253	0.11267605633802817	0.015384615384615385	0.07246376811594203	0.0	1.0	0.023255813953488372	0.06976744186046512	0.0	0.020833333333333332	0.0	0.05673758865248227
sr	0.0	0.15584415584415584	0.0	0.0	0.034482758620689655	0.0	0.013888888888888888	0.0111731843575419	0.023255813953488372	0.007246376811594203	0.03571428571428571	0.0	0.11	0.08333333333333333	0.03546099290780142	0.010101010101010102	0.04807692307692308	0.05405405405405406	0.09302325581395349	0.08108108108108109	0.04	0.0	0.034482758620689655	0.04938271604938271	0.09210526315789473	0.029411764705882353	0.13043478260869565	0.0	0.023255813953488372	1.0	0.06382978723404255	0.0	0.019230769230769232	0.0	0.026845637583892617
sv	0.0	0.04597701149425287	0.0	0.0	0.05084745762711865	0.0	0.013513513513513514	0.016666666666666666	0.011235955056179775	0.014388489208633094	0.0	0.0	0.02727272727272727	0.0	0.0136986301369863	0.0	0.027777777777777776	0.0	0.06521739130434782	0.024390243902439025	0.0	0.017241379310344827	0.0	0.0	0.036585365853658534	0.014084507042253521	0.012658227848101266	0.0	0.06976744186046512	0.06382978723404255	1.0	0.0	0.018518518518518517	0.0	0.03333333333333333
te	0.0	0.0	0.0	0.0	0.0	0.0	0.0	0.0	0.0	0.0	0.0	0.0	0.0	0.0	0.0	0.0	0.0	0.0	0.0	0.0	0.0	0.0	0.0	0.0	0.0	0.0	0.0	0.0	0.0	0.0	0.0	0.0	0.0	0.0	0.0
vi	0.0	0.044444444444444446	0.0	0.0	0.04838709677419355	0.02631578947368421	0.012987012987012988	0.02197802197802198	0.02197802197802198	0.014084507042253521	0.016129032258064516	0.034482758620689655	0.05454545454545454	0.03636363636363636	0.013422818791946308	0.0	0.06542056074766354	0.047619047619047616	0.0196078431372549	0.0	0.0	0.0	0.031746031746031744	0.08433734939759036	0.060240963855421686	0.0	0.05063291139240506	0.0	0.020833333333333332	0.019230769230769232	0.018518518518518517	0.0	1.0	0.0	0.039473684210526314
war	0.0	0.0	0.0	0.0	0.0	0.0	0.0	0.0	0.0	0.0	0.0	0.0	0.0	0.0	0.0	0.0	0.0	0.0	0.0	0.0	0.0	0.0	0.0	0.0	0.0	0.0	0.0	0.0	0.0	0.0	0.0	0.0	0.0	0.0	0.0
zh	0.015267175572519083	0.10857142857142857	0.0	0.029850746268656716	0.04430379746835443	0.011363636363636364	0.09202453987730061	0.047619047619047616	0.043243243243243246	0.04721030042918455	0.05161290322580645	0.0	0.07462686567164178	0.012903225806451613	0.09606986899563319	0.06217616580310881	0.09743589743589744	0.02127659574468085	0.013333333333333334	0.028368794326241134	0.007692307692307693	0.05194805194805195	0.06451612903225806	0.04395604395604396	0.09941520467836257	0.011560693641618497	0.10240963855421686	0.0	0.05673758865248227	0.026845637583892617	0.03333333333333333	0.0	0.039473684210526314	0.0	1.0
