arz	bs	ceb	ckb	da	de	el	en	es	fr	he	hi	hu	id	it	ja	ko	lv	mk	ml	mr	nl	pl	pt	ro	ru	sh	si	simple	sr	sv	te	vi	war	zh
arz	0.0556297347007656	0.25006249999999997	0.0	0.3333333333333333	0.14285714285714285	0.09090909090909091	0.08333333333333333	0.06250390624999999	0.1	0.08336807638888888	0.125	0.5	0.125	0.125015625	0.1	0.11112345679012345	0.08334027777777778	0.20007999999999998	0.20003999999999997	0.3333333333333333	0.25006249999999997	0.11114814814814815	0.11112345679012345	0.06666666666666667	0.09094215702479339	0.10000999999999999	0.25	0.3333333333333333	0.1	0.25006249999999997	0.11113580246913579	0.0	0.125	0.2	0.08333333333333333
bs	0.25006249999999997	0.020844190541234375	0.0	0.14285714285714285	0.08333333333333333	0.03225806451612903	0.125	0.02127659574468085	0.037037037037037035	0.034482758620689655	0.047619047619047616	0.05000249999999999	0.047619047619047616	0.08333333333333333	0.03846301923225	0.045454545454545456	0.03225806451612903	0.14285714285714285	0.1	0.2	1.0	0.058823529411764705	0.037037037037037035	0.037037037037037035	0.05	0.03125	0.1	0.2	0.1111111111111111	0.058823529411764705	0.03571428571428571	1.0	0.06666666666666667	1.0	0.030303030303030304
ceb	0.0	0.0	0.5	0.0	1.0	0.5	0.5	0.5	0.5	0.5	0.5	1.0	0.5	0.5	0.5	0.5	0.5	1.0	1.0	0.0	0.5	0.5	0.5	0.5	0.5	0.5	0.5	0.0	0.5	1.0	0.5	0.0	0.5	0.0	0.5
ckb	0.3333333333333333	0.14285714285714285	0.0	0.037074115274408834	0.07142857142857142	0.04	0.06666666666666667	0.037037037037037035	0.038463017751479284	0.038461538461538464	0.043480151228733464	0.06666666666666667	0.04	0.06666666666666667	0.045454545454545456	0.04	0.04	0.1	0.08333333333333333	0.2	1.0	0.041666666666666664	0.041666666666666664	0.038461538461538464	0.05555555555555555	0.038461538461538464	0.2	0.25	0.1111111111111111	0.0625	0.041666666666666664	1.0	0.045454545454545456	1.0	0.037037037037037035
da	0.14285714285714285	0.08333333333333333	1.0	0.07142857142857142	0.0158831007840771	0.018518518518518517	0.04	0.016129032258064516	0.018867924528301886	0.017857142857142856	0.020833333333333332	0.041666666666666664	0.025	0.045456611570247926	0.018868280526877893	0.02	0.02127659574468085	0.058823529411764705	0.11112345679012345	0.1111111111111111	1.0	0.022222222222222223	0.02	0.019230769230769232	0.034482758620689655	0.017543859649122806	0.14285714285714285	0.2	0.038461538461538464	0.03571428571428571	0.021739130434782608	1.0	0.030303030303030304	1.0	0.018518518518518517
de	0.09090909090909091	0.03225806451612903	0.5	0.04	0.018518518518518517	0.0011708930751553935	0.01694915254237288	0.001517455288165957	0.00303951367781155	0.002066128508981627	0.003745318352059925	0.019230769230769232	0.005649717514124294	0.020833333333333332	0.003105590062111801	0.0030959848172607807	0.0034013721134712386	0.045454545454545456	0.045454545454545456	0.06666666666666667	0.5	0.00423728813559322	0.0033783783783783786	0.0035587188612099642	0.011235955056179775	0.0023148201731824415	0.047619047619047616	0.14285714285714285	0.022222222222222223	0.011764705882352941	0.005025125628140704	1.0	0.007194244604316547	1.0	0.003215434083601286
el	0.08333333333333333	0.125	0.5	0.06666666666666667	0.04	0.01694915254237288	0.013705388066617563	0.0136986301369863	0.016666666666666666	0.016129032258064516	0.017543859649122806	0.043478260869565216	0.020833333333333332	0.041666666666666664	0.01639344262295082	0.01818181818181818	0.019230769230769232	0.0625	0.08333333333333333	0.14285714285714285	1.0	0.020833333333333332	0.017857142857142856	0.016666666666666666	0.03125	0.016129032258064516	0.08333333333333333	0.25	0.037037037037037035	0.029412629757785465	0.02040816326530612	1.0	0.029411764705882353	1.0	0.01694915254237288
en	0.06250390624999999	0.02127659574468085	0.5	0.037037037037037035	0.016129032258064516	0.001517455288165957	0.0136986301369863	0.0005555608033135472	0.00211864406779661	0.0013140621735354097	0.0030395229164549478	0.017857142857142856	0.004098360655737705	0.019230769230769232	0.002217299816618404	0.001968511687023374	0.002617807900002741	0.038461538461538464	0.04	0.0625	0.5	0.003333344444444444	0.0028653377230072	0.0024449937530263447	0.009174311926605505	0.0014992503748125937	0.04	0.14285714285714285	0.0196078431372549	0.01020408163265306	0.0027397260273972603	1.0	0.005586623388783122	1.0	0.002364066193853428
es	0.1	0.037037037037037035	0.5	0.038463017751479284	0.018867924528301886	0.00303951367781155	0.016666666666666666	0.00211864406779661	0.0020606065748501093	0.0026881792692796855	0.0044444839506172845	0.02040816326530612	0.006172839506172839	0.020833333333333332	0.003436437925862944	0.0035971352414471297	0.004081632653061225	0.041666666666666664	0.045454545454545456	0.06666666666666667	0.5	0.004739358954201388	0.004132248480295062	0.003636376859504132	0.012048192771084338	0.002915460394903484	0.041666666666666664	0.14285714285714285	0.020833333333333332	0.011111234567901236	0.005524892402551815	1.0	0.008	1.0	0.003472246334876543
fr	0.08336807638888888	0.034482758620689655	0.5	0.038461538461538464	0.017857142857142856	0.002066128508981627	0.016129032258064516	0.0013140621735354097	0.0026881792692796855	0.00117704257836962	0.003484344838470784	0.02	0.004901984813533256	0.020833333333333332	0.0028011282944550367	0.002702717311906501	0.0031645769908668483	0.04	0.043478260869565216	0.06666666666666667	0.5	0.003952569169960474	0.003389853490376329	0.0031446639768996478	0.010869565217391304	0.0021231467582638014	0.043478260869565216	0.14285714285714285	0.021739130434782608	0.011111111111111112	0.004484304932735426	1.0	0.00684931506849315	1.0	0.0029325857190770637
he	0.125	0.047619047619047616	0.5	0.043480151228733464	0.020833333333333332	0.003745318352059925	0.017543859649122806	0.0030395229164549478	0.0044444839506172845	0.003484344838470784	0.002973138115172626	0.023810090702947845	0.007042303114461417	0.023255813953488372	0.00409837745229777	0.0045045045045045045	0.004975124378109453	0.04	0.05263157894736842	0.07142857142857142	0.5	0.005988023952095809	0.004878048780487805	0.005025125628140704	0.014084507042253521	0.0038610187683546754	0.05	0.14285714285714285	0.023255813953488372	0.01282051282051282	0.006666711111111111	1.0	0.010101112131415162	1.0	0.004273540799181825
hi	0.5	0.05000249999999999	1.0	0.06666666666666667	0.041666666666666664	0.019230769230769232	0.043478260869565216	0.017857142857142856	0.02040816326530612	0.02	0.023810090702947845	0.017575925611740217	0.02564102564102564	0.038461538461538464	0.02040816326530612	0.021739130434782608	0.02127704843820733	0.0625	0.09090909090909091	0.14285714285714285	1.0	0.025	0.020833333333333332	0.02083376736111111	0.038461538461538464	0.0196078431372549	0.1111111111111111	0.14285714285714285	0.05263434903047091	0.031250976562500005	0.024390243902439025	1.0	0.030303030303030304	1.0	0.018518518518518517
hu	0.125	0.047619047619047616	0.5	0.04	0.025	0.005649717514124294	0.020833333333333332	0.004098360655737705	0.006172839506172839	0.004901984813533256	0.007042303114461417	0.02564102564102564	0.004003875635410947	0.02857142857142857	0.006211218702982138	0.006535947712418301	0.006535947712418301	0.045454545454545456	0.05	0.07142857142857142	1.0	0.007633587786259542	0.007246376811594203	0.0070921985815602835	0.014084507042253521	0.005	0.05555555555555555	0.16666666666666666	0.02702702702702703	0.01639344262295082	0.00819672131147541	1.0	0.011363765495867768	1.0	0.006172839506172839
id	0.125015625	0.08333333333333333	0.5	0.06666666666666667	0.045456611570247926	0.020833333333333332	0.041666666666666664	0.019230769230769232	0.020833333333333332	0.020833333333333332	0.023255813953488372	0.038461538461538464	0.02857142857142857	0.019254465266672367	0.022222716049382713	0.022222222222222223	0.022727272727272728	0.06666666666666667	0.1	0.125	1.0	0.023809523809523808	0.022727272727272728	0.020408579758433985	0.04	0.020833333333333332	0.1	0.16666666666666666	0.045454545454545456	0.029411764705882353	0.027777777777777776	1.0	0.03333333333333333	1.0	0.020833333333333332
it	0.1	0.03846301923225	0.5	0.045454545454545456	0.018868280526877893	0.003105590062111801	0.01639344262295082	0.002217299816618404	0.003436437925862944	0.0028011282944550367	0.00409837745229777	0.02040816326530612	0.006211218702982138	0.022222716049382713	0.0021035943376246885	0.0035461244404205016	0.004201733634630322	0.041666666666666664	0.05	0.06667111111111111	0.5	0.0053475935828877	0.004065057174961993	0.003968269715293525	0.011904761904761904	0.0030395229164549478	0.045454545454545456	0.14285714285714285	0.02040816326530612	0.011363765495867768	0.005847953216374269	1.0	0.008620689655172414	1.0	0.0035336687934672682
ja	0.11112345679012345	0.045454545454545456	0.5	0.04	0.02	0.0030959848172607807	0.01818181818181818	0.001968511687023374	0.0035971352414471297	0.002702717311906501	0.0045045045045045045	0.021739130434782608	0.006535947712418301	0.022222222222222223	0.0035461244404205016	0.0019569549138251435	0.0038314176245210726	0.04	0.05	0.06666666666666667	0.5	0.005025125628140704	0.004524886877828055	0.004273540799181825	0.012987181649519312	0.003125009765625	0.05	0.14285714285714285	0.023255813953488372	0.012345679012345678	0.0054945356840961235	1.0	0.008928571428571428	1.0	0.003690064133113656
ko	0.08334027777777778	0.03225806451612903	0.5	0.04	0.02127659574468085	0.0034013721134712386	0.019230769230769232	0.002617807900002741	0.004081632653061225	0.0031645769908668483	0.004975124378109453	0.02127704843820733	0.006535947712418301	0.022727272727272728	0.004201733634630322	0.0038314176245210726	0.002518142914980889	0.04166840277777777	0.05263157894736842	0.06666666666666667	0.5	0.0053475935828877	0.0048543689320388345	0.004739336492890996	0.012048192771084338	0.0034013721134712386	0.05263157894736842	0.14285714285714285	0.023255813953488372	0.013157894736842105	0.006329113924050633	1.0	0.009009009009009009	1.0	0.003952631661172648
lv	0.20007999999999998	0.14285714285714285	1.0	0.1	0.058823529411764705	0.045454545454545456	0.0625	0.038461538461538464	0.041666666666666664	0.04	0.04	0.0625	0.045454545454545456	0.06666666666666667	0.041666666666666664	0.04	0.04166840277777777	0.03847337870266568	0.14285714285714285	0.125	1.0	0.047619047619047616	0.041666666666666664	0.041666666666666664	0.05555555555555555	0.0400016	0.14285714285714285	0.16666666666666666	0.07142857142857142	0.058823529411764705	0.047619047619047616	1.0	0.05	1.0	0.04
mk	0.20003999999999997	0.1	1.0	0.08333333333333333	0.11112345679012345	0.045454545454545456	0.08333333333333333	0.04	0.045454545454545456	0.043478260869565216	0.05263157894736842	0.09090909090909091	0.05	0.1	0.05	0.05	0.05263157894736842	0.14285714285714285	0.040044849662472085	0.3333333333333333	1.0	0.058823529411764705	0.05555555555555555	0.05	0.08333333333333333	0.041666666666666664	0.125	0.25	0.14285714285714285	0.07142857142857142	0.05	1.0	0.058823529411764705	1.0	0.041666666666666664
ml	0.3333333333333333	0.2	0.0	0.2	0.1111111111111111	0.06666666666666667	0.14285714285714285	0.0625	0.06666666666666667	0.06666666666666667	0.07142857142857142	0.14285714285714285	0.07142857142857142	0.125	0.06667111111111111	0.06666666666666667	0.06666666666666667	0.125	0.3333333333333333	0.06255865239849225	1.0	0.06666666666666667	0.06666666666666667	0.07143367857653572	0.1	0.0625	0.2	0.2	0.1111111111111111	0.1111111111111111	0.07142857142857142	1.0	0.08333333333333333	1.0	0.06666666666666667
mr	0.25006249999999997	1.0	0.5	1.0	1.0	0.5	1.0	0.5	0.5	0.5	0.5	1.0	1.0	1.0	0.5	0.5	0.5	1.0	1.0	1.0	0.5	0.5	0.5	0.5	1.0	0.5	1.0	1.0	1.0	1.0	0.5	1.0	0.5	1.0	0.5
nl	0.11114814814814815	0.058823529411764705	0.5	0.041666666666666664	0.022222222222222223	0.00423728813559322	0.020833333333333332	0.003333344444444444	0.004739358954201388	0.003952569169960474	0.005988023952095809	0.025	0.007633587786259542	0.023809523809523808	0.0053475935828877	0.005025125628140704	0.0053475935828877	0.047619047619047616	0.058823529411764705	0.06666666666666667	0.5	0.003248936784323737	0.006060606060606061	0.005917159763313609	0.014705882352941176	0.004098360655737705	0.058823529411764705	0.14285714285714285	0.02564102564102564	0.014705882352941176	0.006993006993006993	1.0	0.008771929824561403	1.0	0.0048543689320388345
pl	0.11112345679012345	0.037037037037037035	0.5	0.041666666666666664	0.02	0.0033783783783783786	0.017857142857142856	0.0028653377230072	0.004132248480295062	0.003389853490376329	0.004878048780487805	0.020833333333333332	0.007246376811594203	0.022727272727272728	0.004065057174961993	0.004524886877828055	0.0048543689320388345	0.041666666666666664	0.05555555555555555	0.06666666666666667	0.5	0.006060606060606061	0.002234516947956003	0.004901960784313725	0.012195121951219513	0.003533581390702843	0.05263157894736842	0.14285714285714285	0.02631578947368421	0.012987012987012988	0.006711454438989235	1.0	0.009433962264150943	1.0	0.004347863894139887
pt	0.06666666666666667	0.037037037037037035	0.5	0.038461538461538464	0.019230769230769232	0.0035587188612099642	0.016666666666666666	0.0024449937530263447	0.003636376859504132	0.0031446639768996478	0.005025125628140704	0.02083376736111111	0.0070921985815602835	0.020408579758433985	0.003968269715293525	0.004273540799181825	0.004739336492890996	0.041666666666666664	0.05	0.07143367857653572	0.5	0.005917159763313609	0.004901960784313725	0.002408663358903695	0.013333333333333334	0.003533581390702843	0.047619047619047616	0.14285714285714285	0.021739130434782608	0.012048192771084338	0.0064516129032258064	1.0	0.009345794392523364	1.0	0.003952616038369604
ro	0.09094215702479339	0.05	0.5	0.05555555555555555	0.034482758620689655	0.011235955056179775	0.03125	0.009174311926605505	0.012048192771084338	0.010869565217391304	0.014084507042253521	0.038461538461538464	0.014084507042253521	0.04	0.011904761904761904	0.012987181649519312	0.012048192771084338	0.05555555555555555	0.08333333333333333	0.1	1.0	0.014705882352941176	0.012195121951219513	0.013333333333333334	0.008853867101810008	0.010309278350515464	0.0625	0.16666666666666666	0.04	0.027027757487216943	0.0136986301369863	1.0	0.017241379310344827	1.0	0.011111111111111112
ru	0.10000999999999999	0.03125	0.5	0.038461538461538464	0.017543859649122806	0.0023148201731824415	0.016129032258064516	0.0014992503748125937	0.002915460394903484	0.0021231467582638014	0.0038610187683546754	0.0196078431372549	0.005	0.020833333333333332	0.0030395229164549478	0.003125009765625	0.0034013721134712386	0.0400016	0.041666666666666664	0.0625	0.5	0.004098360655737705	0.003533581390702843	0.003533581390702843	0.010309278350515464	0.0013144853236185547	0.043478260869565216	0.14285714285714285	0.020833333333333332	0.011235955056179775	0.004901960784313725	1.0	0.006578990650969529	1.0	0.0030959848172607807
sh	0.25	0.1	0.5	0.2	0.14285714285714285	0.047619047619047616	0.08333333333333333	0.04	0.041666666666666664	0.043478260869565216	0.05	0.1111111111111111	0.05555555555555555	0.1	0.045454545454545456	0.05	0.05263157894736842	0.14285714285714285	0.125	0.2	1.0	0.058823529411764705	0.05263157894736842	0.047619047619047616	0.0625	0.043478260869565216	0.0400256192032	0.25	0.1111111111111111	0.043478260869565216	0.058823529411764705	1.0	0.08333333333333333	1.0	0.047621315192743756
si	0.3333333333333333	0.2	0.0	0.25	0.2	0.14285714285714285	0.25	0.14285714285714285	0.14285714285714285	0.14285714285714285	0.14285714285714285	0.14285714285714285	0.16666666666666666	0.16666666666666666	0.14285714285714285	0.14285714285714285	0.14285714285714285	0.16666666666666666	0.25	0.2	1.0	0.14285714285714285	0.14285714285714285	0.14285714285714285	0.16666666666666666	0.14285714285714285	0.25	0.14287755102040817	0.25	0.16666666666666666	0.16666666666666666	1.0	0.16666666666666666	1.0	0.14285714285714285
simple	0.1	0.1111111111111111	0.5	0.1111111111111111	0.038461538461538464	0.022222222222222223	0.037037037037037035	0.0196078431372549	0.020833333333333332	0.021739130434782608	0.023255813953488372	0.05263434903047091	0.02702702702702703	0.045454545454545456	0.02040816326530612	0.023255813953488372	0.023255813953488372	0.07142857142857142	0.14285714285714285	0.1111111111111111	1.0	0.02564102564102564	0.02631578947368421	0.021739130434782608	0.04	0.020833333333333332	0.1111111111111111	0.25	0.019234468195266273	0.037037037037037035	0.02631578947368421	1.0	0.0312509765625	1.0	0.02127659574468085
sr	0.25006249999999997	0.058823529411764705	1.0	0.0625	0.03571428571428571	0.011764705882352941	0.029412629757785465	0.01020408163265306	0.011111234567901236	0.011111111111111112	0.01282051282051282	0.031250976562500005	0.01639344262295082	0.029411764705882353	0.011363765495867768	0.012345679012345678	0.013157894736842105	0.058823529411764705	0.07142857142857142	0.1111111111111111	1.0	0.014705882352941176	0.012987012987012988	0.012048192771084338	0.027027757487216943	0.011235955056179775	0.043478260869565216	0.16666666666666666	0.037037037037037035	0.010212522600795818	0.014705882352941176	1.0	0.022727789256198346	1.0	0.011764705882352941
sv	0.11113580246913579	0.03571428571428571	0.5	0.041666666666666664	0.021739130434782608	0.005025125628140704	0.02040816326530612	0.0027397260273972603	0.005524892402551815	0.004484304932735426	0.006666711111111111	0.024390243902439025	0.00819672131147541	0.027777777777777776	0.005847953216374269	0.0054945356840961235	0.006329113924050633	0.047619047619047616	0.05	0.07142857142857142	0.5	0.006993006993006993	0.006711454438989235	0.0064516129032258064	0.0136986301369863	0.004901960784313725	0.058823529411764705	0.16666666666666666	0.02631578947368421	0.014705882352941176	0.002697409987875009	1.0	0.011494252873563218	1.0	0.005494505494505495
te	0.0	1.0	0.0	1.0	1.0	1.0	1.0	1.0	1.0	1.0	1.0	1.0	1.0	1.0	1.0	1.0	1.0	1.0	1.0	1.0	1.0	1.0	1.0	1.0	1.0	1.0	1.0	1.0	1.0	1.0	1.0	1.0	1.0	1.0	1.0
vi	0.125	0.06666666666666667	0.5	0.045454545454545456	0.030303030303030304	0.007194244604316547	0.029411764705882353	0.005586623388783122	0.008	0.00684931506849315	0.010101112131415162	0.030303030303030304	0.011363765495867768	0.03333333333333333	0.008620689655172414	0.008928571428571428	0.009009009009009009	0.05	0.058823529411764705	0.08333333333333333	0.5	0.008771929824561403	0.009433962264150943	0.009345794392523364	0.017241379310344827	0.006578990650969529	0.08333333333333333	0.16666666666666666	0.0312509765625	0.022727789256198346	0.011494252873563218	1.0	0.0055938111607171034	1.0	0.0078126220703125
war	0.2	1.0	0.0	1.0	1.0	1.0	1.0	1.0	1.0	1.0	1.0	1.0	1.0	1.0	1.0	1.0	1.0	1.0	1.0	1.0	1.0	1.0	1.0	1.0	1.0	1.0	1.0	1.0	1.0	1.0	1.0	1.0	1.0	1.0	1.0
zh	0.08333333333333333	0.030303030303030304	0.5	0.037037037037037035	0.018518518518518517	0.003215434083601286	0.01694915254237288	0.002364066193853428	0.003472246334876543	0.0029325857190770637	0.004273540799181825	0.018518518518518517	0.006172839506172839	0.020833333333333332	0.0035336687934672682	0.003690064133113656	0.003952631661172648	0.04	0.041666666666666664	0.06666666666666667	0.5	0.0048543689320388345	0.004347863894139887	0.003952616038369604	0.011111111111111112	0.0030959848172607807	0.047621315192743756	0.14285714285714285	0.02127659574468085	0.011764705882352941	0.005494505494505495	1.0	0.0078126220703125	1.0	0.0023325578591357815
