arz	bs	ceb	ckb	da	de	el	en	es	fr	he	hi	hu	id	it	ja	ko	lv	mk	ml	mr	nl	pl	pt	ro	ru	sh	si	simple	sr	sv	te	vi	war	zh
arz	1.0	0.0004342162396873643	0.0	0.0	0.0	0.0	0.0	3.90335298021e-05	0.0	0.00010222440300948642	0.0	0.0	0.0	0.00037965072133637056	0.0	0.00015992323684631377	0.00010214504596527068	0.001037344398340249	0.009615384615384616	0.0	0.012195121951219513	9.372656835791052e-05	0.00011200716845878136	0.0	0.0001091077712010038	0.00012431626056688214	0.0	0.0	0.0	0.0003846153846153846	0.0004302925989672978	0.0	0.0	0.0	0.0
bs	0.0004342162396873643	1.0	0.0	0.0	0.0	0.0	0.0	0.0	0.0	0.0	0.0	0.0078125	0.0	0.0	0.0006071645415907711	0.0	0.0	0.0	0.0	0.0	0.0	0.0	0.0	0.0	0.0	0.0	0.0	0.0	0.0	0.0	0.0	0.0	0.0	0.0	0.0
ceb	0.0	0.0	0.0	0.0	0.0	0.0	0.0	0.0	0.0	0.0	0.0	0.0	0.0	0.0	0.0	0.0	0.0	0.0	0.0	0.0	0.0	0.0	0.0	0.0	0.0	0.0	0.0	0.0	0.0	0.0	0.0	0.0	0.0	0.0	0.0
ckb	0.0	0.0	0.0	1.0	0.0	0.0	0.0	0.0	0.001366120218579235	0.0	0.0014684287812041115	0.0	0.0	0.0	0.0	0.0	0.0	0.0	0.0	0.0	0.0	0.0	0.0	0.0	0.0	0.0	0.0	0.0	0.0	0.0	0.0	0.0	0.0	0.0	0.0
da	0.0	0.0	0.0	0.0	1.0	0.0	0.0	0.0	0.0	0.0	0.0	0.0	0.0	0.009708737864077669	0.0006016847172081829	0.0	0.0	0.0	0.014925373134328358	0.0	0.0	0.0	0.0	0.0	0.0	0.0	0.0	0.0	0.0	0.0	0.0	0.0	0.0	0.0	0.0
de	0.0	0.0	0.0	0.0	0.0	1.0	0.0	0.00033523298692591353	0.0	0.0008925914906277894	0.0	0.0	0.0	0.0	0.0	0.0005122950819672131	0.0005458515283842794	0.0	0.0	0.0	0.0	0.0	0.0	0.0	0.0	0.0004553734061930783	0.0	0.0	0.0	0.0	0.0	0.0	0.0	0.0	0.0
el	0.0	0.0	0.0	0.0	0.0	0.0	1.0	0.0	0.0	0.0	0.0	0.0	0.0	0.0	0.0	0.0	0.0	0.0	0.0	0.0	0.0	0.0	0.0	0.0	0.0	0.0	0.0	0.0	0.0	0.008620689655172414	0.0	0.0	0.0	0.0	0.0
en	3.90335298021e-05	0.0	0.0	0.0	0.0	0.00033523298692591353	0.0	1.0	0.0	0.00013460761879122358	0.00017633574325515782	0.0	0.0	0.0	0.00015062509414068384	0.00033239155725444574	0.00016954899966090201	0.0	0.0	0.0	0.0	0.00019146084625694046	0.0001820830298616169	0.0001709986320109439	0.0	0.0	0.0	0.0	0.0	0.0	0.0	0.0	0.0001905850962454736	0.0	0.0
es	0.0	0.0	0.0	0.001366120218579235	0.0	0.0	0.0	0.0	1.0	0.00032071840923669016	0.0014716703458425313	0.0	0.0	0.0	0.000429553264604811	0.0005858230814294083	0.0	0.0	0.0	0.0	0.0	0.0010964912280701754	0.000846740050804403	0.0006506180871828237	0.0	0.0005125576627370579	0.0	0.0	0.0	0.001272264631043257	0.0010214504596527069	0.0	0.0	0.0	0.0010050251256281408
fr	0.00010222440300948642	0.0	0.0	0.0	0.0	0.0008925914906277894	0.0	0.00013460761879122358	0.00032071840923669016	1.0	0.0006523157208088715	0.0	0.00037678975131876413	0.0	0.00024783147459727387	0.0005859947260474656	0.0006073489219556636	0.0	0.0	0.0	0.0	0.0	0.0006927606511950121	0.00030826140567200987	0.0	0.0002733734281027884	0.0	0.0	0.0	0.0	0.0	0.0	0.0	0.0	0.0010825439783491205
he	0.0	0.0	0.0	0.0014684287812041115	0.0	0.0	0.0	0.00017633574325515782	0.0014716703458425313	0.0006523157208088715	1.0	0.0013192612137203166	0.0011160714285714285	0.0	0.0004391743522178305	0.0	0.0	0.0	0.0	0.0	0.0	0.0	0.0	0.0	0.0	0.0005263157894736842	0.0	0.0	0.0	0.0	0.0010775862068965517	0.0	0.0011299435028248588	0.0	0.0010314595152140279
hi	0.0	0.0078125	0.0	0.0	0.0	0.0	0.0	0.0	0.0	0.0	0.0013192612137203166	1.0	0.0	0.0	0.0	0.0	0.0010152284263959391	0.0	0.0	0.0	0.0	0.0	0.0	0.0010695187165775401	0.0	0.0	0.0	0.0	0.008849557522123894	0.005434782608695652	0.0	0.0	0.0	0.0	0.0
hu	0.0	0.0	0.0	0.0	0.0	0.0	0.0	0.0	0.0	0.00037678975131876413	0.0011160714285714285	0.0	1.0	0.0	0.000536480686695279	0.0	0.0	0.0	0.0	0.0	0.0	0.0	0.0	0.0	0.0	0.0	0.0	0.0	0.0	0.0	0.0	0.0	0.00211864406779661	0.0	0.0
id	0.00037965072133637056	0.0	0.0	0.0	0.009708737864077669	0.0	0.0	0.0	0.0	0.0	0.0	0.0	0.0	1.0	0.0005931198102016608	0.0	0.0	0.0	0.0	0.0	0.0	0.0	0.0	0.0011173184357541898	0.0	0.0	0.0	0.0	0.0	0.0	0.0	0.0	0.0	0.0	0.0
it	0.0	0.0006071645415907711	0.0	0.0	0.0006016847172081829	0.0	0.0	0.00015062509414068384	0.000429553264604811	0.00024783147459727387	0.0004391743522178305	0.0	0.000536480686695279	0.0005931198102016608	1.0	0.0007624857033930614	0.001199040767386091	0.0	0.0	0.0006108735491753207	0.0	0.0	0.00047664442326024784	0.00040749796251018743	0.0	0.0003486750348675035	0.0	0.0	0.0	0.0005871990604815032	0.0	0.0	0.0	0.0	0.002757669769045157
ja	0.00015992323684631377	0.0	0.0	0.0	0.0	0.0005122950819672131	0.0	0.00033239155725444574	0.0005858230814294083	0.0005859947260474656	0.0	0.0	0.0	0.0	0.0007624857033930614	1.0	0.0	0.0	0.0	0.0	0.0	0.0	0.0	0.001091703056768559	0.000946969696969697	0.0004450378282153983	0.0	0.0	0.0	0.0	0.000784313725490196	0.0	0.0	0.0	0.0008748906386701663
ko	0.00010214504596527068	0.0	0.0	0.0	0.0	0.0005458515283842794	0.0	0.00016954899966090201	0.0	0.0006073489219556636	0.0	0.0010152284263959391	0.0	0.0	0.001199040767386091	0.0	1.0	0.0011248593925759281	0.0	0.0	0.0	0.0	0.0	0.0	0.0	0.0004701457451810061	0.0	0.0	0.0	0.0	0.0	0.0	0.0	0.0	0.0018484288354898336
lv	0.001037344398340249	0.0	0.0	0.0	0.0	0.0	0.0	0.0	0.0	0.0	0.0	0.0	0.0	0.0	0.0	0.0	0.0011248593925759281	1.0	0.0	0.0	0.0	0.0	0.0	0.0	0.0	0.0007980845969672786	0.0	0.0	0.0	0.0	0.0	0.0	0.0	0.0	0.0
mk	0.009615384615384616	0.0	0.0	0.0	0.014925373134328358	0.0	0.0	0.0	0.0	0.0	0.0	0.0	0.0	0.0	0.0	0.0	0.0	0.0	1.0	0.0	0.0	0.0	0.0	0.0	0.0	0.0	0.0	0.0	0.0	0.0	0.0	0.0	0.0	0.0	0.0
ml	0.0	0.0	0.0	0.0	0.0	0.0	0.0	0.0	0.0	0.0	0.0	0.0	0.0	0.0	0.0006108735491753207	0.0	0.0	0.0	0.0	1.0	0.0	0.0	0.0	0.001182033096926714	0.0	0.0	0.0	0.0	0.0	0.0	0.0	0.0	0.0	0.0	0.0
mr	0.012195121951219513	0.0	0.0	0.0	0.0	0.0	0.0	0.0	0.0	0.0	0.0	0.0	0.0	0.0	0.0	0.0	0.0	0.0	0.0	0.0	0.0	0.0	0.0	0.0	0.0	0.0	0.0	0.0	0.0	0.0	0.0	0.0	0.0	0.0	0.0
nl	9.372656835791052e-05	0.0	0.0	0.0	0.0	0.0	0.0	0.00019146084625694046	0.0010964912280701754	0.0	0.0	0.0	0.0	0.0	0.0	0.0	0.0	0.0	0.0	0.0	0.0	1.0	0.0	0.0	0.0	0.0	0.0	0.0	0.0	0.0	0.0	0.0	0.0	0.0	0.0
pl	0.00011200716845878136	0.0	0.0	0.0	0.0	0.0	0.0	0.0001820830298616169	0.000846740050804403	0.0006927606511950121	0.0	0.0	0.0	0.0	0.00047664442326024784	0.0	0.0	0.0	0.0	0.0	0.0	0.0	1.0	0.0	0.0	0.0005810575246949448	0.0	0.0	0.0	0.0	0.0013351134846461949	0.0	0.0	0.0	0.0011363636363636363
pt	0.0	0.0	0.0	0.0	0.0	0.0	0.0	0.0001709986320109439	0.0006506180871828237	0.00030826140567200987	0.0	0.0010695187165775401	0.0	0.0011173184357541898	0.00040749796251018743	0.001091703056768559	0.0	0.0	0.0	0.001182033096926714	0.0	0.0	0.0	1.0	0.0	0.00048146364949446316	0.0	0.0	0.0	0.0	0.0	0.0	0.0	0.0	0.0014184397163120568
ro	0.0001091077712010038	0.0	0.0	0.0	0.0	0.0	0.0	0.0	0.0	0.0	0.0	0.0	0.0	0.0	0.0	0.000946969696969697	0.0	0.0	0.0	0.0	0.0	0.0	0.0	0.0	1.0	0.0	0.0	0.0	0.0	0.007407407407407408	0.0	0.0	0.0	0.0	0.0
ru	0.00012431626056688214	0.0	0.0	0.0	0.0	0.0004553734061930783	0.0	0.0	0.0005125576627370579	0.0002733734281027884	0.0005263157894736842	0.0	0.0	0.0	0.0003486750348675035	0.0004450378282153983	0.0004701457451810061	0.0007980845969672786	0.0	0.0	0.0	0.0	0.0005810575246949448	0.00048146364949446316	0.0	1.0	0.0	0.0	0.0	0.0	0.0	0.0	0.0006775067750677507	0.0	0.0003951007506914263
sh	0.0	0.0	0.0	0.0	0.0	0.0	0.0	0.0	0.0	0.0	0.0	0.0	0.0	0.0	0.0	0.0	0.0	0.0	0.0	0.0	0.0	0.0	0.0	0.0	0.0	0.0	1.0	0.0	0.0	0.0	0.0	0.0	0.0	0.0	0.0007686395080707148
si	0.0	0.0	0.0	0.0	0.0	0.0	0.0	0.0	0.0	0.0	0.0	0.0	0.0	0.0	0.0	0.0	0.0	0.0	0.0	0.0	0.0	0.0	0.0	0.0	0.0	0.0	0.0	1.0	0.0	0.0	0.0	0.0	0.0	0.0	0.0
simple	0.0	0.0	0.0	0.0	0.0	0.0	0.0	0.0	0.0	0.0	0.0	0.008849557522123894	0.0	0.0	0.0	0.0	0.0	0.0	0.0	0.0	0.0	0.0	0.0	0.0	0.0	0.0	0.0	0.0	1.0	0.0	0.0	0.0	0.004166666666666667	0.0	0.0
sr	0.0003846153846153846	0.0	0.0	0.0	0.0	0.0	0.008620689655172414	0.0	0.001272264631043257	0.0	0.0	0.005434782608695652	0.0	0.0	0.0005871990604815032	0.0	0.0	0.0	0.0	0.0	0.0	0.0	0.0	0.0	0.007407407407407408	0.0	0.0	0.0	0.0	1.0	0.0	0.0	0.003215434083601286	0.0	0.0
sv	0.0004302925989672978	0.0	0.0	0.0	0.0	0.0	0.0	0.0	0.0010214504596527069	0.0	0.0010775862068965517	0.0	0.0	0.0	0.0	0.000784313725490196	0.0	0.0	0.0	0.0	0.0	0.0	0.0013351134846461949	0.0	0.0	0.0	0.0	0.0	0.0	0.0	1.0	0.0	0.0	0.0	0.0
te	0.0	0.0	0.0	0.0	0.0	0.0	0.0	0.0	0.0	0.0	0.0	0.0	0.0	0.0	0.0	0.0	0.0	0.0	0.0	0.0	0.0	0.0	0.0	0.0	0.0	0.0	0.0	0.0	0.0	0.0	0.0	0.0	0.0	0.0	0.0
vi	0.0	0.0	0.0	0.0	0.0	0.0	0.0	0.0001905850962454736	0.0	0.0	0.0011299435028248588	0.0	0.00211864406779661	0.0	0.0	0.0	0.0	0.0	0.0	0.0	0.0	0.0	0.0	0.0	0.0	0.0006775067750677507	0.0	0.0	0.004166666666666667	0.003215434083601286	0.0	0.0	1.0	0.0	0.0013201320132013201
war	0.0	0.0	0.0	0.0	0.0	0.0	0.0	0.0	0.0	0.0	0.0	0.0	0.0	0.0	0.0	0.0	0.0	0.0	0.0	0.0	0.0	0.0	0.0	0.0	0.0	0.0	0.0	0.0	0.0	0.0	0.0	0.0	0.0	0.0	0.0
zh	0.0	0.0	0.0	0.0	0.0	0.0	0.0	0.0	0.0010050251256281408	0.0010825439783491205	0.0010314595152140279	0.0	0.0	0.0	0.002757669769045157	0.0008748906386701663	0.0018484288354898336	0.0	0.0	0.0	0.0	0.0	0.0011363636363636363	0.0014184397163120568	0.0	0.0003951007506914263	0.0007686395080707148	0.0	0.0	0.0	0.0	0.0	0.0013201320132013201	0.0	1.0
