arz	bs	ceb	ckb	da	de	el	en	es	fr	he	hi	hu	id	it	ja	ko	lv	mk	ml	mr	nl	pl	pt	ro	ru	sh	si	simple	sr	sv	te	vi	war	zh
arz	0.0	0.0	0.0	0.0	0.0	0.0	0.0	0.0	0.0	0.0	0.0	0.0	0.0	0.0	0.0	0.0	0.0	0.0	0.0	0.0	0.002793296089385475	0.0	0.0	0.0	0.0	0.0	0.0	0.0	0.0	0.0	0.0	0.0	0.0	0.0	0.0
bs	0.0	1.0	0.0	0.0013404825737265416	0.0	0.001215066828675577	0.0	0.0015094339622641509	0.0	0.007161125319693095	0.0	0.0	0.0	0.0	0.003270645952575634	0.0	0.0	0.0	0.0	0.0006901311249137336	0.0	0.0	1.3681855806921652e-05	0.0	0.0	0.0	0.047619047619047616	0.0	0.0	0.0	0.0	0.0012062726176115801	0.0	0.0	0.0
ceb	0.0	0.0	1.0	0.0	0.0	0.0	0.0	0.0	0.0	0.0	0.0	0.0	0.0	0.0	0.0	0.0	0.00015160703456640388	0.0	0.000722543352601156	0.0	0.0	0.0	0.0	0.0	0.0	0.0	0.0	0.0	0.0	0.0	0.0	0.0	0.0	0.0	0.0
ckb	0.0	0.0013404825737265416	0.0	1.0	0.0	0.0	0.0	3.5110510331267664e-06	0.0	2.0030446278343083e-05	0.0	0.0	0.0	0.0004389815627743635	0.0	0.0	0.0	0.0	0.0007067137809187279	0.0	0.0	0.0	0.0	0.0	0.0	0.0	0.0	0.0	0.0	0.0	0.0	0.0	0.0	0.0	0.00010728846291395465
da	0.0	0.0	0.0	0.0	0.0	0.0	0.0	0.0	0.0	0.0	0.0	0.0	0.0	0.0	0.0	0.0	0.0	0.0	0.0	0.0	0.0	0.0	0.0	0.0	0.0	0.0	0.0	0.0	0.0	0.0	0.0	0.0	0.0	0.0	0.0
de	0.0	0.001215066828675577	0.0	0.0	0.0	1.0	0.0	0.0013878180416345412	0.0	0.004137492043284532	0.0	0.0	0.0	0.0005564830272676684	0.001643655489809336	0.0	0.0	0.0	0.0	8.865248226950355e-05	4.516915849857717e-05	0.00026896180742334586	2.7143855648975658e-05	0.0	0.0	0.0	0.003605769230769231	9.090495886550612e-05	0.0	0.0	0.0	0.0	0.0	0.0	0.0
el	0.0	0.0	0.0	0.0	0.0	0.0	0.0	0.0	0.0	0.0	0.0	0.0	0.0	0.0	0.0	0.0	0.0	0.0	0.0	0.0010050251256281408	0.00078003120124805	0.0	0.0	0.0	0.0	0.0	0.0	0.0	0.0	0.0	0.0	0.0	0.0	0.0	0.0
en	0.0	0.0015094339622641509	0.0	3.5110510331267664e-06	0.0	0.0013878180416345412	0.0	1.0	0.0	0.0022058823529411764	0.0	0.0	0.0	0.0	0.001437371663244353	0.0	0.0	0.0	0.0	2.8019936184595338e-05	1.0522845096704947e-05	0.00027111291853056796	0.00014569054004834277	0.0	0.0	0.0	0.0022564874012786762	3.5092767731498214e-06	0.0	0.0	0.0	1.0530158373581938e-05	0.0	0.0	0.0
es	0.0	0.0	0.0	0.0	0.0	0.0	0.0	0.0	1.0	0.0	0.0	0.0	0.0	0.0	0.0	0.0	0.0	0.0	0.0	6.195403010965863e-05	0.0	0.0	0.0	0.0	0.0	0.0	0.0	0.0001925545571245186	0.0	0.0	0.0	6.442883834804459e-05	0.0	0.0	0.0
fr	0.0	0.007161125319693095	0.0	2.0030446278343083e-05	0.0	0.004137492043284532	0.0	0.0022058823529411764	0.0	1.0	0.0	0.0	0.0	0.0	0.011670083583031067	0.0	0.0	0.0	0.0	0.00019755818088427042	1.9918334827208444e-05	0.0	6.094299121743782e-05	0.0	0.0	0.0	0.0075910931174089065	1.9972836941759208e-05	0.0	0.0	0.0004911591355599214	1.999720039194513e-05	0.0	0.0	0.0
he	0.0	0.0	0.0	0.0	0.0	0.0	0.0	0.0	0.0	0.0	0.0	0.0	0.0	0.0	0.0	0.0	0.0	0.0	0.0	0.00014795088030773783	0.0003156565656565657	0.0	0.0	0.0	0.0	0.0	0.0	0.00016129032258064516	0.0	0.0	0.0	0.00016289297931259162	0.0	0.0	0.0
hi	0.0	0.0	0.0	0.0	0.0	0.0	0.0	0.0	0.0	0.0	0.0	0.0	0.0	0.0	0.0	0.0	0.0	0.0	0.0	0.0012658227848101266	0.0005128205128205128	0.0	0.0	0.0	0.0	0.0	0.0	0.0005515719801434088	0.0	0.0	0.0	0.0	0.0	0.0	0.0
hu	0.0	0.0	0.0	0.0	0.0	0.0	0.0	0.0	0.0	0.0	0.0	0.0	0.0	0.0	0.0	0.0	0.0	0.0	0.0	0.0007304601899196494	0.0	0.0	0.0	0.0	0.0	0.0	0.0	0.00045871559633027525	0.0	0.0	0.0	0.0	0.0	0.0	0.0
id	0.0	0.0	0.0	0.0004389815627743635	0.0	0.0005564830272676684	0.0	0.0	0.0	0.0	0.0	0.0	0.0	1.0	0.00019774569903104609	0.0	0.0	0.0	0.0	0.0	0.00039077764751856197	0.0	0.0	0.0	0.0	0.0	0.0	0.0	0.0	0.0	0.0	0.0	0.0	0.0	0.0
it	0.0	0.003270645952575634	0.0	0.0	0.0	0.001643655489809336	0.0	0.001437371663244353	0.0	0.011670083583031067	0.0	0.0	0.0	0.00019774569903104609	1.0	0.0	0.0	0.0	0.0	8.44138303619665e-05	5.100999795960008e-05	0.0005734767025089606	5.311414894535218e-05	0.0	0.0	0.0	0.004277856997351803	3.408548639989093e-05	0.0	0.0	0.0	3.412095879894225e-05	0.0	0.0	0.0
ja	0.0	0.0	0.0	0.0	0.0	0.0	0.0	0.0	0.0	0.0	0.0	0.0	0.0	0.0	0.0	0.0	0.0	0.0	0.0	0.00049442011583557	0.00014334862385321102	0.0	0.0	0.0	0.0	0.0	0.0	7.202275919190464e-05	0.0	0.0	0.0	7.218131947451999e-05	0.0	0.0	0.0
ko	0.0	0.0	0.00015160703456640388	0.0	0.0	0.0	0.0	0.0	0.0	0.0	0.0	0.0	0.0	0.0	0.0	0.0	0.0	0.0	0.0	0.0005459260270233384	0.0002895613146083683	0.0	0.0	0.0	0.0	0.0	0.0	0.0	0.0	0.0	0.0	0.00014903129657228018	0.0	0.0	0.0
lv	0.0	0.0	0.0	0.0	0.0	0.0	0.0	0.0	0.0	0.0	0.0	0.0	0.0	0.0	0.0	0.0	0.0	0.0	0.0	0.0016	0.0	0.0	0.0	0.0	0.0	0.0	0.0	0.0	0.0	0.0	0.0	0.001584786053882726	0.0	0.0	0.0
mk	0.0	0.0	0.000722543352601156	0.0007067137809187279	0.0	0.0	0.0	0.0	0.0	0.0	0.0	0.0	0.0	0.0	0.0	0.0	0.0	0.0	0.0	0.00047214353163361664	0.0	0.0	0.0	0.0	0.0	0.0	0.0	0.0	0.0	0.0	0.0	0.0	0.0	0.0	0.0
ml	0.0	0.0006901311249137336	0.0	0.0	0.0	8.865248226950355e-05	0.0010050251256281408	2.8019936184595338e-05	6.195403010965863e-05	0.00019755818088427042	0.00014795088030773783	0.0012658227848101266	0.0007304601899196494	0.0	8.44138303619665e-05	0.00049442011583557	0.0005459260270233384	0.0016	0.00047214353163361664	1.0	0.0009478672985781991	0.00012405408758218582	6.662225183211193e-05	0.000212422465799983	0.0004952947003467063	0.00019052237771927393	0.001358695652173913	0.0021810250817884407	0.00027464982147761604	0.00044365572315882877	0.00034335606023446315	0.0011668611435239206	0.0008928571428571428	0.0	0.0003140374751386999
mr	0.002793296089385475	0.0	0.0	0.0	0.0	4.516915849857717e-05	0.00078003120124805	1.0522845096704947e-05	0.0	1.9918334827208444e-05	0.0003156565656565657	0.0005128205128205128	0.0	0.00039077764751856197	5.100999795960008e-05	0.00014334862385321102	0.0002895613146083683	0.0	0.0	0.0009478672985781991	1.0	0.00013090718680455556	6.854949273375377e-05	8.572653236176597e-05	0.0006261740763932373	0.00013957464626550588	0.000792393026941363	0.0	0.0006215040397762585	0.0004894762604013706	0.0003005108684764099	0.009259259259259259	0.0	0.0	0.00017704755497326583
nl	0.0	0.0	0.0	0.0	0.0	0.00026896180742334586	0.0	0.00027111291853056796	0.0	0.0	0.0	0.0	0.0	0.0	0.0005734767025089606	0.0	0.0	0.0	0.0	0.00012405408758218582	0.00013090718680455556	1.0	0.0	0.0	0.0	0.0	0.00039154267815191856	0.00013329778725673153	0.0	0.0	0.0	0.0	0.0	0.0	0.0
pl	0.0	1.3681855806921652e-05	0.0	0.0	0.0	2.7143855648975658e-05	0.0	0.00014569054004834277	0.0	6.094299121743782e-05	0.0	0.0	0.0	0.0	5.311414894535218e-05	0.0	0.0	0.0	0.0	6.662225183211193e-05	6.854949273375377e-05	0.0	1.0	0.0	0.0	0.0	3.420019425710338e-05	0.0	0.0	0.0	0.0	0.0	0.0	0.0	0.0
pt	0.0	0.0	0.0	0.0	0.0	0.0	0.0	0.0	0.0	0.0	0.0	0.0	0.0	0.0	0.0	0.0	0.0	0.0	0.0	0.000212422465799983	8.572653236176597e-05	0.0	0.0	0.0	0.0	0.0	0.0	2.1493358552207367e-05	0.0	0.0	0.0	2.1521575379317765e-05	0.0	0.0	0.0
ro	0.0	0.0	0.0	0.0	0.0	0.0	0.0	0.0	0.0	0.0	0.0	0.0	0.0	0.0	0.0	0.0	0.0	0.0	0.0	0.0004952947003467063	0.0006261740763932373	0.0	0.0	0.0	1.0	0.0	0.0	0.0	0.0	0.0	0.0	0.0007147962830593281	0.0	0.0	0.0
ru	0.0	0.0	0.0	0.0	0.0	0.0	0.0	0.0	0.0	0.0	0.0	0.0	0.0	0.0	0.0	0.0	0.0	0.0	0.0	0.00019052237771927393	0.00013957464626550588	0.0	0.0	0.0	0.0	0.0	0.0	3.497359493582345e-05	0.0	0.0	0.0	0.0	0.0	0.0	0.0
sh	0.0	0.047619047619047616	0.0	0.0	0.0	0.003605769230769231	0.0	0.0022564874012786762	0.0	0.0075910931174089065	0.0	0.0	0.0	0.0	0.004277856997351803	0.0	0.0	0.0	0.0	0.001358695652173913	0.000792393026941363	0.00039154267815191856	3.420019425710338e-05	0.0	0.0	0.0	1.0	0.0008378718056137411	0.0	0.0	0.0	0.0	0.0	0.0	0.0
si	0.0	0.0	0.0	0.0	0.0	9.090495886550612e-05	0.0	3.5092767731498214e-06	0.0001925545571245186	1.9972836941759208e-05	0.00016129032258064516	0.0005515719801434088	0.00045871559633027525	0.0	3.408548639989093e-05	7.202275919190464e-05	0.0	0.0	0.0	0.0021810250817884407	0.0	0.00013329778725673153	0.0	2.1493358552207367e-05	0.0	3.497359493582345e-05	0.0008378718056137411	1.0	0.000974025974025974	0.00025316455696202533	0.00010084203095850351	0.003355704697986577	0.00025484199796126404	0.005494505494505495	0.0002846873776733924
simple	0.0	0.0	0.0	0.0	0.0	0.0	0.0	0.0	0.0	0.0	0.0	0.0	0.0	0.0	0.0	0.0	0.0	0.0	0.0	0.00027464982147761604	0.0006215040397762585	0.0	0.0	0.0	0.0	0.0	0.0	0.000974025974025974	0.0	0.0	0.0	0.0	0.0	0.0	0.0
sr	0.0	0.0	0.0	0.0	0.0	0.0	0.0	0.0	0.0	0.0	0.0	0.0	0.0	0.0	0.0	0.0	0.0	0.0	0.0	0.00044365572315882877	0.0004894762604013706	0.0	0.0	0.0	0.0	0.0	0.0	0.00025316455696202533	0.0	0.0	0.0	0.0	0.0	0.0	0.0
sv	0.0	0.0	0.0	0.0	0.0	0.0	0.0	0.0	0.0	0.0004911591355599214	0.0	0.0	0.0	0.0	0.0	0.0	0.0	0.0	0.0	0.00034335606023446315	0.0003005108684764099	0.0	0.0	0.0	0.0	0.0	0.0	0.00010084203095850351	0.0	0.0	1.0	0.00010115314586283633	0.0	0.0	0.0
te	0.0	0.0012062726176115801	0.0	0.0	0.0	0.0	0.0	1.0530158373581938e-05	6.442883834804459e-05	1.999720039194513e-05	0.00016289297931259162	0.0	0.0	0.0	3.412095879894225e-05	7.218131947451999e-05	0.00014903129657228018	0.001584786053882726	0.0	0.0011668611435239206	0.009259259259259259	0.0	0.0	2.1521575379317765e-05	0.0007147962830593281	0.0	0.0	0.003355704697986577	0.0	0.0	0.00010115314586283633	1.0	0.0	0.0	7.131141695785496e-05
vi	0.0	0.0	0.0	0.0	0.0	0.0	0.0	0.0	0.0	0.0	0.0	0.0	0.0	0.0	0.0	0.0	0.0	0.0	0.0	0.0008928571428571428	0.0	0.0	0.0	0.0	0.0	0.0	0.0	0.00025484199796126404	0.0	0.0	0.0	0.0	0.0	0.0	0.0
war	0.0	0.0	0.0	0.0	0.0	0.0	0.0	0.0	0.0	0.0	0.0	0.0	0.0	0.0	0.0	0.0	0.0	0.0	0.0	0.0	0.0	0.0	0.0	0.0	0.0	0.0	0.0	0.005494505494505495	0.0	0.0	0.0	0.0	0.0	1.0	0.0
zh	0.0	0.0	0.0	0.00010728846291395465	0.0	0.0	0.0	0.0	0.0	0.0	0.0	0.0	0.0	0.0	0.0	0.0	0.0	0.0	0.0	0.0003140374751386999	0.00017704755497326583	0.0	0.0	0.0	0.0	0.0	0.0	0.0002846873776733924	0.0	0.0	0.0	7.131141695785496e-05	0.0	0.0	0.0
