arz	bs	ceb	ckb	da	de	el	en	es	fr	he	hi	hu	id	it	ja	ko	lv	mk	ml	mr	nl	pl	pt	ro	ru	sh	si	simple	sr	sv	te	vi	war	zh
arz	1.0	0.0	0.0	0.0	1.0	1.0	1.0	1.0	1.0	1.0	0.0	1.0	1.0	1.0	1.0	1.0	1.0	1.0	0.0	1.0	0.0	1.0	1.0	1.0	1.0	1.0	1.0	0.0	1.0	1.0	1.0	0.0	1.0	0.0	1.0
bs	0.0	1.0	1.0	1.0	1.0	1.0	1.0	1.0	1.0	0.5660160774121898	1.0	1.0	1.0	1.0	1.0	1.0	1.0	1.0	1.0	1.0	1.0	0.8216064286890065	1.0	0.5660160774121898	1.0	1.0	1.0	0.0	1.0	1.0	1.0	1.0	1.0	0.0	1.0
ceb	0.0	1.0	1.0	1.0	1.0	1.0	1.0	1.0	1.0	1.0	1.0	1.0	1.0	1.0	1.0	1.0	1.0	1.0	0.0	1.0	0.0	1.0	1.0	1.0	1.0	0.0	1.0	0.0	1.0	1.0	1.0	1.0	1.0	0.0	1.0
ckb	0.0	1.0	1.0	1.0	0.7690990303325336	0.7690990303325336	1.0	0.5274011462843998	1.0	0.4695960115558277	1.0	1.0	1.0	0.7690990303325336	0.4805954866802148	1.0	1.0	1.0	1.0	0.0	1.0	1.0	1.0	0.7690990303325336	0.7690990303325336	1.0	0.6983438190355966	1.0	1.0	1.0	1.0	1.0	1.0	0.0	1.0
da	1.0	1.0	1.0	0.7690990303325336	1.0	0.38533718331006367	0.4380762111057104	0.3491605025905272	0.4024093760386382	0.3198050017024702	0.5003063851708471	0.6444847691105939	0.5182788724679656	0.4773395453261871	0.29451355008891683	0.39945711760775615	0.3768658252899384	0.6799547191717845	1.0	1.0	0.8216064286890065	0.378917939645406	0.4111354848935468	0.3663010087584232	0.4886911977020544	0.43756976313943424	0.3890221926226613	1.0	0.544443766511016	0.5270727197742936	0.4244227615142753	1.0	0.46471458603846877	1.0	0.43329561142565853
de	1.0	1.0	1.0	0.7690990303325336	0.38533718331006367	1.0	0.5281237195833279	0.2539375839762854	0.20892753945112033	0.1924266471184253	0.3966213818079375	0.5715862519958487	0.4096637682085335	0.29708629824080435	0.21829615711790884	0.40490733229338705	0.37537159738395554	0.7455134344225701	1.0	1.0	1.0	0.2746235768433729	0.3137929542250914	0.2303133133705427	0.4374996825213911	0.312326434854066	0.29471064086871585	1.0	0.3270609871577445	0.3363807670783649	0.2829382756736856	1.0	0.31912268402207233	1.0	0.3391391438314476
el	1.0	1.0	1.0	1.0	0.4380762111057104	0.5281237195833279	1.0	0.33471500957372674	0.6299293787803871	0.4549505378034767	1.0	1.0	0.6589895177841663	0.5651228147058148	0.3368855675075918	1.0	1.0	1.0	1.0	1.0	1.0	0.7347168825662656	0.7347168825662656	0.3302236031091209	0.8055567530094855	1.0	0.6634373957823794	1.0	1.0	1.0	0.4104466021350759	1.0	1.0	1.0	1.0
en	1.0	1.0	1.0	0.5274011462843998	0.3491605025905272	0.2539375839762854	0.33471500957372674	1.0	0.20261512236028678	0.1963989324955051	0.38291046558695435	0.4695118915521642	0.33387801804023176	0.2965681480678972	0.2802539666305392	0.41308746475524094	0.46048650017267073	0.525949619285206	1.0	0.8216064286890065	1.0	0.2854708368409686	0.35313961681856487	0.22305022642293984	0.3782169953567275	0.37727923788509077	0.3061773058601153	1.0	0.421686251972802	0.43401214678928457	0.28785480695111154	0.5973329889831545	0.40528682858348036	1.0	0.3795662946000293
es	1.0	1.0	1.0	1.0	0.4024093760386382	0.20892753945112033	0.6299293787803871	0.20261512236028678	1.0	0.1975275436961391	0.5741663415467617	0.6841174893561723	0.4197911828558692	0.22145728901029232	0.23802550788842508	0.33732509874335953	0.5025998518438374	0.74551343442257	1.0	1.0	1.0	0.29606546726184035	0.3183449949471552	0.18982093019791033	0.47031812856931515	0.3120459574902783	0.31323568880624825	1.0	0.5988141310360555	0.4910685110830517	0.3208699952890727	1.0	0.6740515375688697	1.0	0.40872982570798577
fr	1.0	0.5660160774121898	1.0	0.4695960115558277	0.3198050017024702	0.1924266471184253	0.4549505378034767	0.1963989324955051	0.1975275436961391	1.0	0.30843608124589467	0.34597194388636743	0.31746732012808654	0.21967782145643022	0.25439253074474383	0.2444288590272871	0.2816075893696765	0.42995415895150885	0.5660160774121898	1.0	0.5660160774121898	0.24722403194421014	0.2737741488707273	0.19990172349271018	0.2979486851669245	0.2612240741159758	0.25305463613496887	1.0	0.37447909862128576	0.30839512305709366	0.2619108497731884	0.36615249061790167	0.3311363948381987	1.0	0.24626880650783192
he	0.0	1.0	1.0	1.0	0.5003063851708471	0.3966213818079375	1.0	0.38291046558695435	0.5741663415467617	0.30843608124589467	1.0	1.0	0.6546838759159022	0.5823205758750108	0.35295310802242724	1.0	1.0	1.0	1.0	1.0	1.0	0.6380558066189798	0.5649879395951223	0.4613829127743616	1.0	1.0	0.44579884496673233	1.0	0.7411828468492556	1.0	0.6701212521966627	1.0	1.0	1.0	1.0
hi	1.0	1.0	1.0	1.0	0.6444847691105939	0.5715862519958487	1.0	0.4695118915521642	0.6841174893561723	0.34597194388636743	1.0	1.0	0.72653347084664	1.0	0.42101759473033795	1.0	1.0	1.0	1.0	1.0	1.0	0.7364248481899383	0.6908587525207898	0.4321537522170718	1.0	1.0	0.38552800124458503	1.0	0.7455134344225701	1.0	0.6863225612388889	1.0	1.0	0.0	1.0
hu	1.0	1.0	1.0	1.0	0.5182788724679656	0.4096637682085335	0.6589895177841663	0.33387801804023176	0.4197911828558692	0.31746732012808654	0.6546838759159022	0.72653347084664	1.0	0.6480887070956425	0.3439276706216746	0.7095201686850097	0.7692150207973123	0.7106922308883379	1.0	1.0	1.0	0.5155491959979135	0.45623532107169534	0.4943005613844912	0.7622216462934681	0.5118105186731738	0.3754932464402771	1.0	0.5995262034270367	0.5909784681460023	0.7992591943912659	1.0	0.7584325078215763	1.0	0.7692150207973123
id	1.0	1.0	1.0	0.7690990303325336	0.4773395453261871	0.29708629824080435	0.5651228147058148	0.2965681480678972	0.22145728901029232	0.21967782145643022	0.5823205758750108	1.0	0.6480887070956425	1.0	0.2603086222199032	0.24383185568380947	0.2605551407941126	0.8137822343553779	1.0	1.0	1.0	0.42962068164143896	0.3564426799333454	0.27231757512709465	0.5189748847298098	0.4470017269534557	0.31782677538529275	1.0	0.5562159739075563	0.6116879883969317	0.3846266767712154	0.7376607345031153	0.5687921877999842	1.0	0.24183509337445322
it	1.0	1.0	1.0	0.4805954866802148	0.29451355008891683	0.21829615711790884	0.3368855675075918	0.2802539666305392	0.23802550788842508	0.25439253074474383	0.35295310802242724	0.42101759473033795	0.3439276706216746	0.2603086222199032	1.0	0.25486261629976814	0.25957486254803275	0.3378586684451212	1.0	0.8216064286890065	1.0	0.30285830259950336	0.29542937961246907	0.20339451168811581	0.33666050841192013	0.3805852635840622	0.31423797554240984	1.0	0.37383230564868825	0.4282799673522083	0.3259882624467031	0.6436895599575894	0.2920106263665239	1.0	0.34175732305485385
ja	1.0	1.0	1.0	1.0	0.39945711760775615	0.40490733229338705	1.0	0.41308746475524094	0.33732509874335953	0.2444288590272871	1.0	1.0	0.7095201686850097	0.24383185568380947	0.25486261629976814	1.0	1.0	1.0	1.0	1.0	1.0	0.4399038818215745	0.496605489214932	0.3530097557885109	0.7004462574133484	1.0	0.33461032040928707	1.0	0.5913800870748354	1.0	0.4993272753131	1.0	1.0	1.0	1.0
ko	1.0	1.0	1.0	1.0	0.3768658252899384	0.37537159738395554	1.0	0.46048650017267073	0.5025998518438374	0.2816075893696765	1.0	1.0	0.7692150207973123	0.2605551407941126	0.25957486254803275	1.0	1.0	1.0	1.0	1.0	1.0	0.5134876303789887	0.48635924543910547	0.34618816272053987	0.7004462574133484	1.0	0.3655277393725712	1.0	0.5913800870748354	1.0	0.46382622712435334	1.0	1.0	1.0	1.0
lv	1.0	1.0	1.0	1.0	0.6799547191717845	0.7455134344225701	1.0	0.525949619285206	0.74551343442257	0.42995415895150885	1.0	1.0	0.7106922308883379	0.8137822343553779	0.3378586684451212	1.0	1.0	1.0	1.0	1.0	1.0	0.8055567530094857	0.6994017365373274	0.7262876433102552	1.0	1.0	0.4234025835549673	1.0	0.7455134344225701	1.0	1.0	1.0	1.0	1.0	1.0
mk	0.0	1.0	0.0	1.0	1.0	1.0	1.0	1.0	1.0	0.5660160774121898	1.0	1.0	1.0	1.0	1.0	1.0	1.0	1.0	1.0	1.0	1.0	0.8216064286890065	1.0	0.5660160774121898	1.0	1.0	1.0	1.0	1.0	1.0	1.0	1.0	1.0	0.0	1.0
ml	1.0	1.0	1.0	0.0	1.0	1.0	1.0	0.8216064286890065	1.0	1.0	1.0	1.0	1.0	1.0	0.8216064286890065	1.0	1.0	1.0	1.0	1.0	0.0	1.0	1.0	0.5660160774121898	1.0	1.0	1.0	1.0	1.0	1.0	1.0	1.0	1.0	0.0	1.0
mr	0.0	1.0	0.0	1.0	0.8216064286890065	1.0	1.0	1.0	1.0	0.5660160774121898	1.0	1.0	1.0	1.0	1.0	1.0	1.0	1.0	1.0	0.0	1.0	1.0	1.0	1.0	1.0	1.0	1.0	1.0	1.0	1.0	1.0	1.0	1.0	1.0	1.0
nl	1.0	0.8216064286890065	1.0	1.0	0.378917939645406	0.2746235768433729	0.7347168825662656	0.2854708368409686	0.29606546726184035	0.24722403194421014	0.6380558066189798	0.7364248481899383	0.5155491959979135	0.42962068164143896	0.30285830259950336	0.4399038818215745	0.5134876303789887	0.8055567530094857	0.8216064286890065	1.0	1.0	1.0	0.33261671510024504	0.23899274156643724	0.5968322689131044	0.4119364300542403	0.3352857699449307	1.0	0.6291139033228266	0.5527118611613694	0.3171066172523245	0.6786291688147437	0.6915109941112835	1.0	0.5287956145248983
pl	1.0	1.0	1.0	1.0	0.4111354848935468	0.3137929542250914	0.7347168825662656	0.35313961681856487	0.3183449949471552	0.2737741488707273	0.5649879395951223	0.6908587525207898	0.45623532107169534	0.3564426799333454	0.29542937961246907	0.496605489214932	0.48635924543910547	0.6994017365373274	1.0	1.0	1.0	0.33261671510024504	1.0	0.29489113294134134	0.46938854441686373	0.41493952980368093	0.3489579939533665	1.0	0.601861992229234	0.5199635559897107	0.2984737544075705	0.7347168825662656	0.6908587525207898	1.0	0.5214379898676808
pt	1.0	0.5660160774121898	1.0	0.7690990303325336	0.3663010087584232	0.2303133133705427	0.3302236031091209	0.22305022642293984	0.18982093019791033	0.19990172349271018	0.4613829127743616	0.4321537522170718	0.4943005613844912	0.27231757512709465	0.20339451168811581	0.3530097557885109	0.34618816272053987	0.7262876433102552	0.5660160774121898	0.5660160774121898	1.0	0.23899274156643724	0.29489113294134134	1.0	0.4520034499624278	0.25513546052157765	0.31915673357899726	1.0	0.5733837182065648	0.25748401875770244	0.29049793584136596	0.552405551696021	0.4531539364229912	1.0	0.3168111249608803
ro	1.0	1.0	1.0	0.7690990303325336	0.4886911977020544	0.4374996825213911	0.8055567530094855	0.3782169953567275	0.47031812856931515	0.2979486851669245	1.0	1.0	0.7622216462934681	0.5189748847298098	0.33666050841192013	0.7004462574133484	0.7004462574133484	1.0	1.0	1.0	1.0	0.5968322689131044	0.46938854441686373	0.4520034499624278	1.0	0.5431817294871949	0.6033782116509793	1.0	1.0	0.6701591524560107	0.5742590133199087	1.0	1.0	1.0	0.6701591524560107
ru	1.0	1.0	0.0	1.0	0.43756976313943424	0.312326434854066	1.0	0.37727923788509077	0.3120459574902783	0.2612240741159758	1.0	1.0	0.5118105186731738	0.4470017269534557	0.3805852635840622	1.0	1.0	1.0	1.0	1.0	1.0	0.4119364300542403	0.41493952980368093	0.25513546052157765	0.5431817294871949	1.0	0.4475984477765928	1.0	0.5913800870748354	1.0	0.3090717032007946	1.0	1.0	1.0	1.0
sh	1.0	1.0	1.0	0.6983438190355966	0.3890221926226613	0.29471064086871585	0.6634373957823794	0.3061773058601153	0.31323568880624825	0.25305463613496887	0.44579884496673233	0.38552800124458503	0.3754932464402771	0.31782677538529275	0.31423797554240984	0.33461032040928707	0.3655277393725712	0.4234025835549673	1.0	1.0	1.0	0.3352857699449307	0.3489579939533665	0.31915673357899726	0.6033782116509793	0.4475984477765928	1.0	0.8216064286890065	0.3080587083681276	0.5113965312523362	0.4543904181592022	0.5216493639467691	0.47250609707752894	1.0	0.3461972185006727
si	0.0	0.0	0.0	1.0	1.0	1.0	1.0	1.0	1.0	1.0	1.0	1.0	1.0	1.0	1.0	1.0	1.0	1.0	1.0	1.0	1.0	1.0	1.0	1.0	1.0	1.0	0.8216064286890065	1.0	1.0	1.0	1.0	1.0	1.0	1.0	1.0
simple	1.0	1.0	1.0	1.0	0.544443766511016	0.3270609871577445	1.0	0.421686251972802	0.5988141310360555	0.37447909862128576	0.7411828468492556	0.7455134344225701	0.5995262034270367	0.5562159739075563	0.37383230564868825	0.5913800870748354	0.5913800870748354	0.7455134344225701	1.0	1.0	1.0	0.6291139033228266	0.601861992229234	0.5733837182065648	1.0	0.5913800870748354	0.3080587083681276	1.0	1.0	1.0	0.4135311435219057	0.6286737270540139	1.0	1.0	0.6740515375688696
sr	1.0	1.0	1.0	1.0	0.5270727197742936	0.3363807670783649	1.0	0.43401214678928457	0.4910685110830517	0.30839512305709366	1.0	1.0	0.5909784681460023	0.6116879883969317	0.4282799673522083	1.0	1.0	1.0	1.0	1.0	1.0	0.5527118611613694	0.5199635559897107	0.25748401875770244	0.6701591524560107	1.0	0.5113965312523362	1.0	1.0	1.0	0.46521561409007267	0.7347168825662656	1.0	1.0	1.0
sv	1.0	1.0	1.0	1.0	0.4244227615142753	0.2829382756736856	0.4104466021350759	0.28785480695111154	0.3208699952890727	0.2619108497731884	0.6701212521966627	0.6863225612388889	0.7992591943912659	0.3846266767712154	0.3259882624467031	0.4993272753131	0.46382622712435334	1.0	1.0	1.0	1.0	0.3171066172523245	0.2984737544075705	0.29049793584136596	0.5742590133199087	0.3090717032007946	0.4543904181592022	1.0	0.4135311435219057	0.46521561409007267	1.0	0.7106824291060084	0.42489828324440826	1.0	0.4734939043492502
te	0.0	1.0	1.0	1.0	1.0	1.0	1.0	0.5973329889831545	1.0	0.36615249061790167	1.0	1.0	1.0	0.7376607345031153	0.6436895599575894	1.0	1.0	1.0	1.0	1.0	1.0	0.6786291688147437	0.7347168825662656	0.552405551696021	1.0	1.0	0.5216493639467691	1.0	0.6286737270540139	0.7347168825662656	0.7106824291060084	1.0	1.0	1.0	1.0
vi	1.0	1.0	1.0	1.0	0.46471458603846877	0.31912268402207233	1.0	0.40528682858348036	0.6740515375688697	0.3311363948381987	1.0	1.0	0.7584325078215763	0.5687921877999842	0.2920106263665239	1.0	1.0	1.0	1.0	1.0	1.0	0.6915109941112835	0.6908587525207898	0.4531539364229912	1.0	1.0	0.47250609707752894	1.0	1.0	1.0	0.42489828324440826	1.0	1.0	1.0	1.0
war	0.0	0.0	0.0	0.0	1.0	1.0	1.0	1.0	1.0	1.0	1.0	0.0	1.0	1.0	1.0	1.0	1.0	1.0	0.0	0.0	1.0	1.0	1.0	1.0	1.0	1.0	1.0	1.0	1.0	1.0	1.0	1.0	1.0	1.0	0.0
zh	1.0	1.0	1.0	1.0	0.43329561142565853	0.3391391438314476	1.0	0.3795662946000293	0.40872982570798577	0.24626880650783192	1.0	1.0	0.7692150207973123	0.24183509337445322	0.34175732305485385	1.0	1.0	1.0	1.0	1.0	1.0	0.5287956145248983	0.5214379898676808	0.3168111249608803	0.6701591524560107	1.0	0.3461972185006727	1.0	0.6740515375688696	1.0	0.4734939043492502	1.0	1.0	0.0	1.0
