arz	bs	ceb	ckb	da	de	el	en	es	fr	he	hi	hu	id	it	ja	ko	lv	mk	ml	mr	nl	pl	pt	ro	ru	sh	si	simple	sr	sv	te	vi	war	zh
arz	1.0	1.0	0.0	1.0	1.0	1.0	1.0	1.0	1.0	1.0	1.0	1.0	1.0	1.0	1.0	1.0	1.0	1.0	0.0	1.0	0.0	1.0	1.0	1.0	1.0	1.0	1.0	0.0	1.0	1.0	1.0	0.0	1.0	1.0	1.0
bs	1.0	1.0	1.0	1.0	1.0	0.585786437626905	1.0	0.4142135623730951	0.585786437626905	0.3483314773547883	0.585786437626905	1.0	1.0	0.5	0.5	0.585786437626905	0.585786437626905	0.585786437626905	0.585786437626905	1.0	1.0	0.585786437626905	0.585786437626905	0.20386840968093525	0.585786437626905	0.585786437626905	0.11606216654425917	0.0	1.0	0.30383243470068705	0.5	1.0	1.0	1.0	0.585786437626905
ceb	0.0	1.0	1.0	1.0	1.0	1.0	1.0	1.0	1.0	1.0	1.0	1.0	1.0	1.0	1.0	1.0	1.0	1.0	0.0	1.0	0.0	1.0	1.0	1.0	1.0	0.0	1.0	0.0	1.0	1.0	1.0	1.0	1.0	0.0	1.0
ckb	1.0	1.0	1.0	1.0	0.585786437626905	0.585786437626905	1.0	0.3164309725825328	0.585786437626905	0.585786437626905	1.0	1.0	0.44948974278317805	0.3266316347104093	0.353889367864523	1.0	1.0	1.0	1.0	1.0	1.0	0.5	0.5	0.2661832955178855	1.0	1.0	0.15022110482233486	1.0	1.0	0.5	0.5	1.0	1.0	1.0	1.0
da	1.0	1.0	1.0	0.585786437626905	1.0	0.2817290466902531	0.585786437626905	0.06729468566199329	0.25728427444747215	0.21189498187560254	0.38742588672279304	0.585786437626905	0.2402530733520421	0.2632403810669918	0.1809073112342927	0.4142135623730951	0.44948974278317805	0.5	1.0	1.0	1.0	0.20185207229529095	0.2612038749637414	0.04319804123997661	0.3726822671238253	0.3660254037844386	0.051684731881210116	1.0	0.24257131419419417	0.15990865468516838	0.26952570232358897	0.585786437626905	0.585786437626905	1.0	0.5
de	1.0	0.585786437626905	1.0	0.585786437626905	0.2817290466902531	1.0	0.3430703308172536	0.015989095303298593	0.07507673526384537	0.049864163968026336	0.2372732414640341	0.585786437626905	0.2187841884486319	0.13224999747978877	0.022803581309164003	0.15191308535297487	0.2008390199171533	0.5	1.0	1.0	1.0	0.06163974038267905	0.09190555781960033	0.018045974874154654	0.2791745113185196	0.12789210656028413	0.033709201249626536	1.0	0.2118949818756026	0.07255943181187034	0.10225881389453878	1.0	0.3203772410170407	1.0	0.179128784747792
el	1.0	1.0	1.0	1.0	0.585786437626905	0.3430703308172536	1.0	0.11978243827074593	0.4142135623730951	0.3660254037844386	1.0	1.0	0.3430703308172536	0.25824569976124334	0.36602540378443865	1.0	1.0	1.0	1.0	1.0	1.0	0.4142135623730951	0.36602540378443865	0.08691154920891746	0.39564392373896	1.0	0.07624214667139073	1.0	0.4142135623730951	0.2612038749637415	0.3164309725825328	1.0	1.0	1.0	1.0
en	1.0	0.4142135623730951	1.0	0.3164309725825328	0.06729468566199329	0.015989095303298593	0.11978243827074593	1.0	0.013666883146761859	0.014911319990301616	0.03759288086503581	0.23166247903554	0.16902788485578957	0.04323017060777955	0.026364755435544784	0.023760419865976306	0.07015608913004215	0.2553967929896867	0.36602540378443865	0.24257131419419417	0.585786437626905	0.020747175283769573	0.018156059617084597	0.04749762904930899	0.09322659393952733	0.017775517554770335	0.03589943438948018	1.0	0.08309952872388562	0.025685871606799783	0.019146498542095644	0.44948974278317805	0.07499683297630444	0.585786437626905	0.03205850638891097
es	1.0	0.585786437626905	1.0	0.585786437626905	0.25728427444747215	0.07507673526384537	0.4142135623730951	0.013666883146761859	1.0	0.04593234609075416	0.1975496259559987	0.44948974278317805	0.2474401533514073	0.14135200611128068	0.021397876032346237	0.17253779651421453	0.1809073112342927	0.44948974278317805	1.0	1.0	1.0	0.07021362127553636	0.09345022675149826	0.01663416429998521	0.25355482027512377	0.1343715892188287	0.03463987855916542	1.0	0.2	0.07814119424224324	0.09252268769108596	0.39564392373896007	0.3333333333333333	1.0	0.17331935664757372
fr	1.0	0.3483314773547883	1.0	0.585786437626905	0.21189498187560254	0.049864163968026336	0.3660254037844386	0.014911319990301616	0.04593234609075416	1.0	0.1367733581867939	0.32449979983983984	0.23582845781094	0.11119864173066735	0.029058853002525725	0.10582176235385003	0.16039776255003638	0.27429188517743175	0.4364916731037085	0.44948974278317805	0.585786437626905	0.053917883407471105	0.0686192237230704	0.01782204300237011	0.2043134457775982	0.08702089334423758	0.033858969084292756	1.0	0.17411239489546831	0.07136552309153867	0.07699119796729385	0.5	0.21551468935838852	1.0	0.1607677430268676
he	1.0	0.585786437626905	1.0	1.0	0.38742588672279304	0.2372732414640341	1.0	0.03759288086503581	0.1975496259559987	0.1367733581867939	1.0	1.0	0.2474401533514073	0.1744328890878361	0.09468057207381682	1.0	1.0	0.44948974278317805	1.0	1.0	1.0	0.12849622184722817	0.19404996501286384	0.025735628847295987	0.36602540378443865	0.585786437626905	0.0375076119250383	1.0	0.2742918851774318	0.10378315541520321	0.17411239489546831	1.0	1.0	1.0	1.0
hi	1.0	1.0	1.0	1.0	0.585786437626905	0.585786437626905	1.0	0.23166247903554	0.44948974278317805	0.32449979983983984	1.0	1.0	0.26427884169111276	0.36602540378443865	0.2284989041564256	1.0	1.0	1.0	1.0	1.0	1.0	0.3090169943749474	0.585786437626905	0.06686599090040186	0.5	0.585786437626905	0.08484791726799674	1.0	0.44948974278317805	0.3164309725825328	0.4142135623730951	1.0	1.0	1.0	1.0
hu	1.0	1.0	1.0	0.44948974278317805	0.2402530733520421	0.2187841884486319	0.3430703308172536	0.16902788485578957	0.2474401533514073	0.23582845781094	0.2474401533514073	0.26427884169111276	1.0	0.19636040545626823	0.23800671553691075	0.2474401533514073	0.2553967929896867	0.585786437626905	0.5	0.5	1.0	0.2222222222222222	0.2612038749637414	0.09235889435518191	0.3090169943749474	0.2708131845707603	0.07684446471369559	1.0	0.3430703308172536	0.21212290045721272	0.23371479611805132	1.0	0.32449979983983984	1.0	0.3090169943749474
id	1.0	0.5	1.0	0.3266316347104093	0.2632403810669918	0.13224999747978877	0.25824569976124334	0.04323017060777955	0.14135200611128068	0.11119864173066735	0.1744328890878361	0.36602540378443865	0.19636040545626823	1.0	0.09049632621321524	0.19292728076790167	0.21393876913398135	0.3333333333333333	0.39564392373896007	0.4142135623730951	0.585786437626905	0.10654890717359773	0.13989593640151518	0.029485437782766306	0.22707713073225536	0.16422507068272246	0.0391695350320848	1.0	0.20386840968093525	0.11782978337801985	0.1304276943685458	0.5	0.2553967929896867	1.0	0.16556726505498612
it	1.0	0.5	1.0	0.353889367864523	0.1809073112342927	0.022803581309164003	0.36602540378443865	0.026364755435544784	0.021397876032346237	0.029058853002525725	0.09468057207381682	0.2284989041564256	0.23800671553691075	0.09049632621321524	1.0	0.04979731357879778	0.12037271684309245	0.23582845781094	0.585786437626905	0.24594546944656887	1.0	0.041706648027550614	0.025960206056761335	0.02463298328569414	0.15585972716790494	0.06076466299413555	0.03497972993660848	1.0	0.15942232933623995	0.06790287462433003	0.04010486928688377	0.44948974278317805	0.1757340838011157	1.0	0.0994491992362644
ja	1.0	0.585786437626905	1.0	1.0	0.4142135623730951	0.15191308535297487	1.0	0.023760419865976306	0.17253779651421453	0.10582176235385003	1.0	1.0	0.2474401533514073	0.19292728076790167	0.04979731357879778	1.0	1.0	0.5	1.0	1.0	1.0	0.11748264768180318	0.1907435698305462	0.023559725196777744	0.3430703308172536	0.5	0.03754879761578139	1.0	0.22772999919644132	0.09404439720080432	0.15384615384615385	1.0	0.585786437626905	1.0	1.0
ko	1.0	0.585786437626905	1.0	1.0	0.44948974278317805	0.2008390199171533	1.0	0.07015608913004215	0.1809073112342927	0.16039776255003638	1.0	1.0	0.2553967929896867	0.21393876913398135	0.12037271684309245	1.0	1.0	0.585786437626905	1.0	1.0	1.0	0.21290885543182675	0.2791745113185196	0.02826001918022893	0.3430703308172536	0.5	0.04228418614416455	1.0	0.27429188517743175	0.11920114329784455	0.1629170484829154	1.0	1.0	1.0	1.0
lv	1.0	0.585786437626905	1.0	1.0	0.5	0.5	1.0	0.2553967929896867	0.44948974278317805	0.27429188517743175	0.44948974278317805	1.0	0.585786437626905	0.3333333333333333	0.23582845781094	0.5	0.585786437626905	1.0	1.0	0.585786437626905	1.0	0.32037724101704074	0.44948974278317805	0.2012628451930092	0.5	0.44948974278317805	0.08562389934318858	1.0	0.44948974278317805	0.38742588672279304	0.4142135623730951	1.0	0.585786437626905	1.0	0.5
mk	0.0	0.585786437626905	0.0	1.0	1.0	1.0	1.0	0.36602540378443865	1.0	0.4364916731037085	1.0	1.0	0.5	0.39564392373896007	0.585786437626905	1.0	1.0	1.0	1.0	1.0	1.0	0.5	0.5	0.353889367864523	1.0	1.0	0.16015261286229274	1.0	0.585786437626905	0.585786437626905	0.44948974278317805	1.0	1.0	1.0	1.0
ml	1.0	1.0	1.0	1.0	1.0	1.0	1.0	0.24257131419419417	1.0	0.44948974278317805	1.0	1.0	0.5	0.4142135623730951	0.24594546944656887	1.0	1.0	0.585786437626905	1.0	1.0	1.0	0.4142135623730951	0.5	0.1233603071065848	0.585786437626905	1.0	0.09358879321382114	1.0	0.3430703308172536	0.5	0.5	1.0	1.0	1.0	1.0
mr	0.0	1.0	0.0	1.0	1.0	1.0	1.0	0.585786437626905	1.0	0.585786437626905	1.0	1.0	1.0	0.585786437626905	1.0	1.0	1.0	1.0	1.0	1.0	1.0	0.585786437626905	1.0	1.0	0.585786437626905	1.0	0.25	1.0	0.585786437626905	0.585786437626905	1.0	1.0	1.0	1.0	1.0
nl	1.0	0.585786437626905	1.0	0.5	0.20185207229529095	0.06163974038267905	0.4142135623730951	0.020747175283769573	0.07021362127553636	0.053917883407471105	0.12849622184722817	0.3090169943749474	0.2222222222222222	0.10654890717359773	0.041706648027550614	0.11748264768180318	0.21290885543182675	0.32037724101704074	0.5	0.4142135623730951	0.585786437626905	1.0	0.0847717239473041	0.021486676719843643	0.20942771453851886	0.0939527256629669	0.03596506016601574	1.0	0.14972506706560876	0.07525830327781166	0.07379413652435717	0.585786437626905	0.2632403810669918	1.0	0.12484088007578989
pl	1.0	0.585786437626905	1.0	0.5	0.2612038749637414	0.09190555781960033	0.36602540378443865	0.018156059617084597	0.09345022675149826	0.0686192237230704	0.19404996501286384	0.585786437626905	0.2612038749637414	0.13989593640151518	0.025960206056761335	0.1907435698305462	0.2791745113185196	0.44948974278317805	0.5	0.5	1.0	0.0847717239473041	1.0	0.020347787858786718	0.26968623182294527	0.16736577623297264	0.0356607232603105	0.585786437626905	0.21712927295533244	0.09623692292791886	0.11152688959499087	0.585786437626905	0.3126480851423008	1.0	0.2193450929151803
pt	1.0	0.20386840968093525	1.0	0.2661832955178855	0.04319804123997661	0.018045974874154654	0.08691154920891746	0.04749762904930899	0.01663416429998521	0.01782204300237011	0.025735628847295987	0.06686599090040186	0.09235889435518191	0.029485437782766306	0.02463298328569414	0.023559725196777744	0.02826001918022893	0.2012628451930092	0.353889367864523	0.1233603071065848	1.0	0.021486676719843643	0.020347787858786718	1.0	0.04926269660546412	0.022588351546905958	0.12508775876593234	1.0	0.048034875691175496	0.025251589868440196	0.021326298232481722	0.19803190560151412	0.03633587773188951	1.0	0.02478756090813465
ro	1.0	0.585786437626905	1.0	1.0	0.3726822671238253	0.2791745113185196	0.39564392373896	0.09322659393952733	0.25355482027512377	0.2043134457775982	0.36602540378443865	0.5	0.3090169943749474	0.22707713073225536	0.15585972716790494	0.3430703308172536	0.3430703308172536	0.5	1.0	0.585786437626905	0.585786437626905	0.20942771453851886	0.26968623182294527	0.04926269660546412	1.0	0.3430703308172536	0.06015788670363843	1.0	0.24718637924871675	0.22646721143623746	0.25	1.0	0.39564392373896007	1.0	0.3430703308172536
ru	1.0	0.585786437626905	0.0	1.0	0.3660254037844386	0.12789210656028413	1.0	0.017775517554770335	0.1343715892188287	0.08702089334423758	0.585786437626905	0.585786437626905	0.2708131845707603	0.16422507068272246	0.06076466299413555	0.5	0.5	0.44948974278317805	1.0	1.0	1.0	0.0939527256629669	0.16736577623297264	0.022588351546905958	0.3430703308172536	1.0	0.03638861171543123	1.0	0.2449655295864104	0.07409597592136173	0.12717882808480252	0.585786437626905	0.585786437626905	1.0	0.5
sh	1.0	0.11606216654425917	1.0	0.15022110482233486	0.051684731881210116	0.033709201249626536	0.07624214667139073	0.03589943438948018	0.03463987855916542	0.033858969084292756	0.0375076119250383	0.08484791726799674	0.07684446471369559	0.0391695350320848	0.03497972993660848	0.03754879761578139	0.04228418614416455	0.08562389934318858	0.16015261286229274	0.09358879321382114	0.25	0.03596506016601574	0.0356607232603105	0.12508775876593234	0.06015788670363843	0.03638861171543123	1.0	1.0	0.0625553138553556	0.03434229114687221	0.03654554499757118	0.14251828359649232	0.0568727151524708	0.36602540378443865	0.03964647550589612
si	0.0	0.0	0.0	1.0	1.0	1.0	1.0	1.0	1.0	1.0	1.0	1.0	1.0	1.0	1.0	1.0	1.0	1.0	1.0	1.0	1.0	1.0	0.585786437626905	1.0	1.0	1.0	1.0	1.0	1.0	1.0	1.0	1.0	1.0	1.0	1.0
simple	1.0	1.0	1.0	1.0	0.24257131419419417	0.2118949818756026	0.4142135623730951	0.08309952872388562	0.2	0.17411239489546831	0.2742918851774318	0.44948974278317805	0.3430703308172536	0.20386840968093525	0.15942232933623995	0.22772999919644132	0.27429188517743175	0.44948974278317805	0.585786437626905	0.3430703308172536	0.585786437626905	0.14972506706560876	0.21712927295533244	0.048034875691175496	0.24718637924871675	0.2449655295864104	0.0625553138553556	1.0	1.0	0.16573231675723976	0.18464218557642828	1.0	0.2474401533514073	1.0	0.2449655295864104
sr	1.0	0.30383243470068705	1.0	0.5	0.15990865468516838	0.07255943181187034	0.2612038749637415	0.025685871606799783	0.07814119424224324	0.07136552309153867	0.10378315541520321	0.3164309725825328	0.21212290045721272	0.11782978337801985	0.06790287462433003	0.09404439720080432	0.11920114329784455	0.38742588672279304	0.585786437626905	0.5	0.585786437626905	0.07525830327781166	0.09623692292791886	0.025251589868440196	0.22646721143623746	0.07409597592136173	0.03434229114687221	1.0	0.16573231675723976	1.0	0.0803384290752706	0.5	0.16597681693032765	1.0	0.11419804257149403
sv	1.0	0.5	1.0	0.5	0.26952570232358897	0.10225881389453878	0.3164309725825328	0.019146498542095644	0.09252268769108596	0.07699119796729385	0.17411239489546831	0.4142135623730951	0.23371479611805132	0.1304276943685458	0.04010486928688377	0.15384615384615385	0.1629170484829154	0.4142135623730951	0.44948974278317805	0.5	1.0	0.07379413652435717	0.11152688959499087	0.021326298232481722	0.25	0.12717882808480252	0.03654554499757118	1.0	0.18464218557642828	0.0803384290752706	1.0	0.5	0.2632403810669918	1.0	0.17411239489546831
te	0.0	1.0	1.0	1.0	0.585786437626905	1.0	1.0	0.44948974278317805	0.39564392373896007	0.5	1.0	1.0	1.0	0.5	0.44948974278317805	1.0	1.0	1.0	1.0	1.0	1.0	0.585786437626905	0.585786437626905	0.19803190560151412	1.0	0.585786437626905	0.14251828359649232	1.0	1.0	0.5	0.5	1.0	1.0	1.0	1.0
vi	1.0	1.0	1.0	1.0	0.585786437626905	0.3203772410170407	1.0	0.07499683297630444	0.3333333333333333	0.21551468935838852	1.0	1.0	0.32449979983983984	0.2553967929896867	0.1757340838011157	0.585786437626905	1.0	0.585786437626905	1.0	1.0	1.0	0.2632403810669918	0.3126480851423008	0.03633587773188951	0.39564392373896007	0.585786437626905	0.0568727151524708	1.0	0.2474401533514073	0.16597681693032765	0.2632403810669918	1.0	1.0	1.0	0.585786437626905
war	1.0	1.0	0.0	1.0	1.0	1.0	1.0	0.585786437626905	1.0	1.0	1.0	1.0	1.0	1.0	1.0	1.0	1.0	1.0	1.0	1.0	1.0	1.0	1.0	1.0	1.0	1.0	0.36602540378443865	1.0	1.0	1.0	1.0	1.0	1.0	1.0	1.0
zh	1.0	0.585786437626905	1.0	1.0	0.5	0.179128784747792	1.0	0.03205850638891097	0.17331935664757372	0.1607677430268676	1.0	1.0	0.3090169943749474	0.16556726505498612	0.0994491992362644	1.0	1.0	0.5	1.0	1.0	1.0	0.12484088007578989	0.2193450929151803	0.02478756090813465	0.3430703308172536	0.5	0.03964647550589612	1.0	0.2449655295864104	0.11419804257149403	0.17411239489546831	1.0	0.585786437626905	1.0	1.0
