arz	bs	ceb	ckb	da	de	el	en	es	fr	he	hi	hu	id	it	ja	ko	lv	mk	ml	mr	nl	pl	pt	ro	ru	sh	si	simple	sr	sv	te	tr	union	vi	war	zh
arz	1.0	0.5077519379844961	0.7272727272727273	0.7222222222222222	0.5056818181818182	0.5015994881637875	0.6746626686656673	0.5015537600994406	0.5023923444976076	0.5018839487565938	0.5054054054054055	0.6754098360655738	0.5034387895460798	0.5047619047619047	0.502254283137962	0.5020712510356256	0.6754270696452036	0.5058139534883721	0.6816901408450704	0.6814814814814815	0.6804123711340206	0.501919385796545	0.5020833333333333	0.5024925224327019	0.5034364261168385	0.5022914757103575	0.5016160310277957	0.684931506849315	0.5052356020942409	0.5016035920461834	0.503382949932341	0.6790697674418605	0.5050505050505051	0.5011526048870447	0.5026954177897575	0.5176470588235293	0.6698168930891908
bs	0.5077519379844961	1.0	0.5058823529411764	0.5287769784172662	0.8571428571428571	0.7058823529411764	0.5635179153094463	0.5102040816326531	0.6976744186046512	0.6956521739130435	0.6666666666666666	0.5667244367417678	0.6666666666666666	0.6666666666666666	0.5161290322580645	0.6909090909090909	0.7692307692307692	0.5928821506398009	0.8571428571428571	0.5680000000000001	0.5238095238095238	0.75	0.6666666666666666	0.7096774193548386	0.6666666666666666	0.7	0.9090909090909091	0.5309090909090909	0.6666666666666666	0.6666666666666666	0.8	0.5434173669467787	0.8	0.5054347826086957	0.8	0.552985243659975	0.7272727272727273
ceb	0.7272727272727273	0.5058823529411764	1.0	0.7058823529411764	0.504297994269341	0.5009609224855862	0.6706766917293233	0.5009334163036715	0.50143815915628	0.5011320754716981	0.5027173913043478	0.6710526315789473	0.5020689655172413	0.502868068833652	0.5013550135501355	0.5008291873963515	0.6701708278580815	0.5043988269794721	0.6742209631728046	0.6766917293233082	0.696629213483146	0.5014436958614051	0.5015673981191223	0.5014985014985015	0.5025906735751295	0.5013774104683195	0.5009708737864078	0.6865671641791045	0.503957783641161	0.5009633911368016	0.5020352781546811	0.6794258373205742	0.5038167938931297	0.5006922011998154	0.5020297699594046	0.5185185185185185	0.6690349319123742
ckb	0.7222222222222222	0.5287769784172662	0.7058823529411764	1.0	0.5243243243243244	0.506649778340722	0.7016011644832605	0.5064615384615384	0.5098963242224317	0.5078183172002978	0.5272727272727272	0.69375	0.5134408602150538	0.518450184501845	0.5093333333333333	0.508169934640523	0.6991037131882202	0.5205479452054794	0.7306666666666667	0.7346938775510203	0.725925925925926	0.509933774834437	0.5107692307692308	0.5098039215686274	0.515	0.5090252707581228	0.5060702875399361	0.7522935779816513	0.5251256281407035	0.5060240963855421	0.5132275132275133	0.7206477732793523	0.5230024213075061	0.5048054919908467	0.5125164690382081	0.5357142857142857	0.6822703335283792
da	0.5056818181818182	0.8571428571428571	0.504297994269341	0.5243243243243244	1.0	0.7096774193548386	0.5830860534124629	0.5051546391752577	0.7	0.6976744186046512	0.6666666666666666	0.5736196319018405	0.6666666666666666	0.6666666666666666	0.5172413793103449	0.6923076923076923	0.8	0.6047204672785791	1.0	0.5676855895196506	0.5261780104712042	0.7692307692307692	0.6666666666666666	0.7142857142857143	0.6666666666666666	0.7027027027027026	0.8	0.5244565217391304	0.6666666666666666	0.6666666666666666	0.8571428571428571	0.5489749430523918	0.8571428571428571	0.5027322404371585	0.8571428571428571	0.5503158259063771	0.7368421052631579
de	0.5015994881637875	0.7058823529411764	0.5009609224855862	0.506649778340722	0.7096774193548386	1.0	0.5612359550561797	0.5321100917431192	0.7540983606557377	0.7272727272727273	0.6666666666666666	0.5565019875070982	0.6666666666666666	0.7	0.5333333333333333	0.7012987012987012	0.7428571428571428	0.5557740830110512	0.7096774193548386	0.5258044930176078	0.5085066162570888	0.7	0.7027027027027026	0.7755102040816326	0.7058823529411764	0.7586206896551725	0.7027027027027026	0.506016466117796	0.6666666666666666	0.7096774193548386	0.7058823529411764	0.5167785234899329	0.7058823529411764	0.5260416666666667	0.7058823529411764	0.5125413133825084	0.7619047619047619
el	0.6746626686656673	0.5635179153094463	0.6706766917293233	0.7016011644832605	0.5830860534124629	0.5612359550561797	1.0	0.5596933187294633	0.5727554179566564	0.5661953727506427	0.5964391691394658	0.8072866730584851	0.5898477157360406	0.5970149253731343	0.5739776951672863	0.568953568953569	0.8353982300884956	0.5858433734939759	0.7905882352941177	0.7742749054224465	0.7065527065527065	0.5779169929522318	0.5760330578512396	0.5612802498048399	0.5740112994350283	0.5581565471836137	0.5484228002213614	0.7017543859649122	0.5811965811965811	0.5481033534909291	0.5726829268292684	0.7346938775510203	0.5796089385474861	0.5461409395973155	0.5781710914454278	0.5373443983402489	0.8061855670103093
en	0.5015537600994406	0.5102040816326531	0.5009334163036715	0.5064615384615384	0.5051546391752577	0.5321100917431192	0.5596933187294633	1.0	0.5350877192982456	0.5299145299145299	0.5	0.5553709856035437	0.5050505050505051	0.5148514851485149	0.5166666666666666	0.5158730158730159	0.5151515151515151	0.5497268168243399	0.5051546391752577	0.5257244234180958	0.508578431372549	0.5098039215686274	0.5151515151515151	0.5377358490566038	0.5050505050505051	0.5263157894736842	0.5151515151515151	0.5058461538461538	0.5051546391752577	0.5051546391752577	0.5102040816326531	0.516320474777448	0.5102040816326531	0.804562478719782	0.5050505050505051	0.5119181484433868	0.5294117647058824
es	0.5023923444976076	0.6976744186046512	0.50143815915628	0.5098963242224317	0.7	0.7540983606557377	0.5727554179566564	0.5350877192982456	1.0	0.8059701492537313	0.7	0.5654901960784313	0.6666666666666666	0.6938775510204082	0.54	0.7317073170731707	0.7619047619047619	0.5783228224729461	0.7	0.5385980479148181	0.5126286248830683	0.6938775510204082	0.7272727272727273	0.7586206896551725	0.7317073170731707	0.7246376811594204	0.6956521739130435	0.5089538171536286	0.7	0.7	0.6976744186046512	0.5240641711229946	0.6976744186046512	0.5333333333333333	0.6976744186046512	0.5186092853584457	0.7755102040816326
fr	0.5018839487565938	0.6956521739130435	0.5011320754716981	0.5078183172002978	0.6976744186046512	0.7272727272727273	0.5661953727506427	0.5299145299145299	0.8059701492537313	1.0	0.6976744186046512	0.5622961513372473	0.6666666666666666	0.72	0.5283018867924528	0.7126436781609194	0.723404255319149	0.55748837986028	0.6976744186046512	0.5304964539007092	0.5103703703703704	0.75	0.723404255319149	0.7301587301587302	0.6956521739130435	0.7222222222222222	0.6938775510204082	0.5070737155621743	0.6666666666666666	0.6666666666666666	0.6956521739130435	0.5192307692307692	0.7272727272727273	0.5357142857142857	0.6956521739130435	0.5143277002204262	0.7407407407407407
he	0.5054054054054055	0.6666666666666666	0.5027173913043478	0.5272727272727272	0.6666666666666666	0.6666666666666666	0.5964391691394658	0.5	0.7	0.6976744186046512	1.0	0.5768072289156626	0.6666666666666666	0.6666666666666666	0.5	0.6666666666666666	0.6666666666666666	0.6037467748569719	0.6666666666666666	0.5711252653927813	0.5263157894736842	0.6666666666666666	0.6666666666666666	0.6666666666666666	0.8571428571428571	0.7027027027027026	0.6666666666666666	0.5246753246753247	0.6666666666666666	0.6666666666666666	0.6666666666666666	0.5411255411255411	0.6666666666666666	0.5027322404371585	0.6666666666666666	0.5456790123456791	0.6666666666666666
hi	0.6754098360655738	0.5667244367417678	0.6710526315789473	0.69375	0.5736196319018405	0.5565019875070982	0.8072866730584851	0.5553709856035437	0.5654901960784313	0.5622961513372473	0.5768072289156626	1.0	0.5805785123966942	0.5887611749680716	0.5708870356330553	0.5667844522968198	0.8125560538116592	0.578125	0.7741147741147741	0.7804878048780488	0.7035330261136713	0.5729083665338646	0.5707070707070707	0.5582137161084529	0.5759717314487632	0.5543964232488823	0.5439283715724678	0.6960629921259842	0.5876132930513596	0.5436353529738743	0.5623762376237624	0.7461858529819695	0.5714285714285714	0.5424947145877379	0.5782520325203252	0.5381165919282511	0.8010498687664042
hu	0.5034387895460798	0.6666666666666666	0.5020689655172413	0.5134408602150538	0.6666666666666666	0.6666666666666666	0.5898477157360406	0.5050505050505051	0.6666666666666666	0.6666666666666666	0.6666666666666666	0.5805785123966942	1.0	0.6666666666666666	0.5	0.6666666666666666	0.6666666666666666	0.6017070812771089	0.6666666666666666	0.5483476132190942	0.5179760319573902	0.6666666666666666	0.6666666666666666	0.6666666666666666	0.6666666666666666	0.6666666666666666	0.6666666666666666	0.5127860026917901	0.6666666666666666	0.6666666666666666	0.6666666666666666	0.530940594059406	0.6666666666666666	0.5054347826086957	0.6666666666666666	0.5260469661809715	0.6666666666666666
id	0.5047619047619047	0.6666666666666666	0.502868068833652	0.518450184501845	0.6666666666666666	0.7	0.5970149253731343	0.5148514851485149	0.6938775510204082	0.72	0.6666666666666666	0.5887611749680716	0.6666666666666666	1.0	0.5294117647058824	0.6666666666666666	0.6666666666666666	0.6001199040767387	0.6666666666666666	0.5642276422764227	0.5207956600361664	0.7272727272727273	0.6666666666666666	0.7027027027027026	0.6666666666666666	0.6956521739130435	0.6666666666666666	0.5175600739371534	0.6666666666666666	0.6666666666666666	0.6666666666666666	0.5385878489326765	0.6666666666666666	0.510752688172043	0.6666666666666666	0.5353743486121451	0.7142857142857143
it	0.502254283137962	0.5161290322580645	0.5013550135501355	0.5093333333333333	0.5172413793103449	0.5333333333333333	0.5739776951672863	0.5166666666666666	0.54	0.5283018867924528	0.5	0.5708870356330553	0.5	0.5294117647058824	1.0	0.5081967213114754	0.5151515151515151	0.5688769954627689	0.5172413793103449	0.5365239294710328	0.5105633802816901	0.5142857142857143	0.5151515151515151	0.5476190476190476	0.5	0.52	0.5151515151515151	0.5084444444444445	0.5	0.5	0.5161290322580645	0.5223251895534962	0.5161290322580645	0.6112852664576802	0.5161290322580645	0.5171667978837393	0.5263157894736842
ja	0.5020712510356256	0.6909090909090909	0.5008291873963515	0.508169934640523	0.6923076923076923	0.7012987012987012	0.568953568953569	0.5158730158730159	0.7317073170731707	0.7126436781609194	0.6666666666666666	0.5667844522968198	0.6666666666666666	0.6666666666666666	0.5081967213114754	1.0	0.7407407407407407	0.5587808417997097	0.6923076923076923	0.5337470907680373	0.5113821138211382	0.6885245901639344	0.6896551724137931	0.6842105263157894	0.6909090909090909	0.6823529411764706	0.6896551724137931	0.5069387755102042	0.6666666666666666	0.6923076923076923	0.6909090909090909	0.5206225680933851	0.6909090909090909	0.542713567839196	0.6909090909090909	0.5152979066022544	0.7301587301587302
ko	0.6754270696452036	0.7692307692307692	0.6701708278580815	0.6991037131882202	0.8	0.7428571428571428	0.8353982300884956	0.5151515151515151	0.7619047619047619	0.723404255319149	0.6666666666666666	0.8125560538116592	0.6666666666666666	0.6666666666666666	0.5151515151515151	0.7407407407407407	1.0	0.6022889842632332	0.8	0.7911318553092181	0.712468193384224	0.7368421052631579	0.75	0.7058823529411764	0.7692307692307692	0.6976744186046512	0.75	0.6938775510204082	0.6666666666666666	0.8	0.7692307692307692	0.7322654462242563	0.7692307692307692	0.5081081081081081	0.7692307692307692	0.5349264705882353	0.782608695652174
lv	0.5058139534883721	0.5928821506398009	0.5043988269794721	0.5205479452054794	0.6047204672785791	0.5557740830110512	0.5858433734939759	0.5497268168243399	0.5783228224729461	0.55748837986028	0.6037467748569719	0.578125	0.6017070812771089	0.6001199040767387	0.5688769954627689	0.5587808417997097	0.6022889842632332	1.0	0.5745967741935484	0.5714285714285714	0.5309973045822103	0.5753256547153558	0.5800330379981246	0.5695663743368794	0.5883658406884414	0.5540856031128405	0.5458702937850692	0.5192307692307692	0.5928326548103707	0.5439215677362319	0.5826492608891497	0.5460829493087558	0.596008582349656	0.5381440125678225	0.58743904861317	0.5521798124004483	0.5623076923076923
mk	0.6816901408450704	0.8571428571428571	0.6742209631728046	0.7306666666666667	1.0	0.7096774193548386	0.7905882352941177	0.5051546391752577	0.7	0.6976744186046512	0.6666666666666666	0.7741147741147741	0.6666666666666666	0.6666666666666666	0.5172413793103449	0.6923076923076923	0.8	0.5745967741935484	1.0	0.810379241516966	0.72	0.7692307692307692	0.6666666666666666	0.7142857142857143	0.6666666666666666	0.7027027027027026	0.8	0.712041884816754	0.6666666666666666	0.6666666666666666	0.8571428571428571	0.7244094488188976	0.8571428571428571	0.5027322404371585	0.8571428571428571	0.5555555555555556	0.7368421052631579
ml	0.6814814814814815	0.5680000000000001	0.6766917293233082	0.7346938775510203	0.5676855895196506	0.5258044930176078	0.7742749054224465	0.5257244234180958	0.5385980479148181	0.5304964539007092	0.5711252653927813	0.7804878048780488	0.5483476132190942	0.5642276422764227	0.5365239294710328	0.5337470907680373	0.7911318553092181	0.5714285714285714	0.810379241516966	1.0	0.7348242811501597	0.5368234250221828	0.5402298850574713	0.5341841385597083	0.5482456140350876	0.5316455696202532	0.5222154595252587	0.7303754266211604	0.5646817248459959	0.5223700120918984	0.5437125748502994	0.7506053268765133	0.5595238095238095	0.5193247445579742	0.546218487394958	0.5575221238938053	0.7320924985899605
mr	0.6804123711340206	0.5238095238095238	0.696629213483146	0.725925925925926	0.5261780104712042	0.5085066162570888	0.7065527065527065	0.508578431372549	0.5126286248830683	0.5103703703703704	0.5263157894736842	0.7035330261136713	0.5179760319573902	0.5207956600361664	0.5105633802816901	0.5113821138211382	0.712468193384224	0.5309973045822103	0.72	0.7348242811501597	1.0	0.5131578947368421	0.513733468972533	0.5116504854368932	0.5163398692810457	0.5111906893464637	0.5082697201017812	0.7164179104477613	0.5281173594132029	0.5082070707070707	0.5163398692810457	0.7058823529411764	0.5271867612293144	0.5063868613138686	0.5176470588235293	0.5447154471544715	0.6884480746791132
nl	0.501919385796545	0.75	0.5014436958614051	0.509933774834437	0.7692307692307692	0.7	0.5779169929522318	0.5098039215686274	0.6938775510204082	0.75	0.6666666666666666	0.5729083665338646	0.6666666666666666	0.7272727272727273	0.5142857142857143	0.6885245901639344	0.7368421052631579	0.5753256547153558	0.7692307692307692	0.5368234250221828	0.5131578947368421	1.0	0.6666666666666666	0.7027027027027026	0.6666666666666666	0.7272727272727273	0.7368421052631579	0.5089877010406811	0.6666666666666666	0.6666666666666666	0.75	0.5232142857142857	0.75	0.510752688172043	0.75	0.5185112985410891	0.7692307692307692
pl	0.5020833333333333	0.6666666666666666	0.5015673981191223	0.5107692307692308	0.6666666666666666	0.7027027027027026	0.5760330578512396	0.5151515151515151	0.7272727272727273	0.723404255319149	0.6666666666666666	0.5707070707070707	0.6666666666666666	0.6666666666666666	0.5151515151515151	0.6896551724137931	0.75	0.5800330379981246	0.6666666666666666	0.5402298850574713	0.513733468972533	0.6666666666666666	1.0	0.7058823529411764	0.6666666666666666	0.6976744186046512	0.6666666666666666	0.5097435897435897	0.6666666666666666	0.6666666666666666	0.6666666666666666	0.5250481695568401	0.6666666666666666	0.5081081081081081	0.6666666666666666	0.5197928282558757	0.72
pt	0.5024925224327019	0.7096774193548386	0.5014985014985015	0.5098039215686274	0.7142857142857143	0.7755102040816326	0.5612802498048399	0.5377358490566038	0.7586206896551725	0.7301587301587302	0.6666666666666666	0.5582137161084529	0.6666666666666666	0.7027027027027026	0.5476190476190476	0.6842105263157894	0.7058823529411764	0.5695663743368794	0.7142857142857143	0.5341841385597083	0.5116504854368932	0.7027027027027026	0.7058823529411764	1.0	0.6666666666666666	0.7368421052631579	0.7058823529411764	0.5093228655544652	0.6666666666666666	0.6666666666666666	0.7096774193548386	0.5294117647058824	0.7096774193548386	0.5235602094240838	0.7096774193548386	0.5184101671520776	0.7317073170731707
ro	0.5034364261168385	0.6666666666666666	0.5025906735751295	0.515	0.6666666666666666	0.7058823529411764	0.5740112994350283	0.5050505050505051	0.7317073170731707	0.6956521739130435	0.8571428571428571	0.5759717314487632	0.6666666666666666	0.6666666666666666	0.5	0.6909090909090909	0.7692307692307692	0.5883658406884414	0.6666666666666666	0.5482456140350876	0.5163398692810457	0.6666666666666666	0.6666666666666666	0.6666666666666666	1.0	0.7	0.6666666666666666	0.5150501672240803	0.6666666666666666	0.8571428571428571	0.6666666666666666	0.5402124430955993	0.6666666666666666	0.5054347826086957	0.6666666666666666	0.5297311660658781	0.7272727272727273
ru	0.5022914757103575	0.7	0.5013774104683195	0.5090252707581228	0.7027027027027026	0.7586206896551725	0.5581565471836137	0.5263157894736842	0.7246376811594204	0.7222222222222222	0.7027027027027026	0.5543964232488823	0.6666666666666666	0.6956521739130435	0.52	0.6823529411764706	0.6976744186046512	0.5540856031128405	0.7027027027027026	0.5316455696202532	0.5111906893464637	0.7272727272727273	0.6976744186046512	0.7368421052631579	0.7	1.0	0.6976744186046512	0.5090415913200723	0.6666666666666666	0.6666666666666666	0.7	0.529004329004329	0.7	0.5309278350515464	0.7	0.5159574468085106	0.75
sh	0.5016160310277957	0.9090909090909091	0.5009708737864078	0.5060702875399361	0.8	0.7027027027027026	0.5484228002213614	0.5151515151515151	0.6956521739130435	0.6938775510204082	0.6666666666666666	0.5439283715724678	0.6666666666666666	0.6666666666666666	0.5151515151515151	0.6896551724137931	0.75	0.5458702937850692	0.8	0.5222154595252587	0.5082697201017812	0.7368421052631579	0.6666666666666666	0.7058823529411764	0.6666666666666666	0.6976744186046512	1.0	0.5064020486555698	0.6666666666666666	0.6666666666666666	0.7692307692307692	0.5211180124223602	0.7692307692307692	0.5081081081081081	0.7692307692307692	0.5117728681641746	0.72
si	0.684931506849315	0.5309090909090909	0.6865671641791045	0.7522935779816513	0.5244565217391304	0.506016466117796	0.7017543859649122	0.5058461538461538	0.5089538171536286	0.5070737155621743	0.5246753246753247	0.6960629921259842	0.5127860026917901	0.5175600739371534	0.5084444444444445	0.5069387755102042	0.6938775510204082	0.5192307692307692	0.712041884816754	0.7303754266211604	0.7164179104477613	0.5089877010406811	0.5097435897435897	0.5093228655544652	0.5150501672240803	0.5090415913200723	0.5064020486555698	1.0	0.5213032581453634	0.5063532401524777	0.5125827814569536	0.7272727272727273	0.5218446601941747	0.5045787545787546	0.5118733509234829	0.5514018691588785	0.6807017543859648
simple	0.5052356020942409	0.6666666666666666	0.503957783641161	0.5251256281407035	0.6666666666666666	0.6666666666666666	0.5811965811965811	0.5051546391752577	0.7	0.6666666666666666	0.6666666666666666	0.5876132930513596	0.6666666666666666	0.6666666666666666	0.5	0.6666666666666666	0.6666666666666666	0.5928326548103707	0.6666666666666666	0.5646817248459959	0.5281173594132029	0.6666666666666666	0.6666666666666666	0.6666666666666666	0.6666666666666666	0.6666666666666666	0.6666666666666666	0.5213032581453634	1.0	0.6666666666666666	0.6666666666666666	0.5493562231759657	0.6666666666666666	0.5027322404371585	0.6666666666666666	0.5478368474307436	0.6666666666666666
sr	0.5016035920461834	0.6666666666666666	0.5009633911368016	0.5060240963855421	0.6666666666666666	0.7096774193548386	0.5481033534909291	0.5051546391752577	0.7	0.6666666666666666	0.6666666666666666	0.5436353529738743	0.6666666666666666	0.6666666666666666	0.5	0.6923076923076923	0.8	0.5439215677362319	0.6666666666666666	0.5223700120918984	0.5082070707070707	0.6666666666666666	0.6666666666666666	0.6666666666666666	0.8571428571428571	0.6666666666666666	0.6666666666666666	0.5063532401524777	0.6666666666666666	1.0	0.6666666666666666	0.5209617755856967	0.6666666666666666	0.5027322404371585	0.6666666666666666	0.5115987460815047	0.7368421052631579
sv	0.503382949932341	0.8	0.5020352781546811	0.5132275132275133	0.8571428571428571	0.7058823529411764	0.5726829268292684	0.5102040816326531	0.6976744186046512	0.6956521739130435	0.6666666666666666	0.5623762376237624	0.6666666666666666	0.6666666666666666	0.5161290322580645	0.6909090909090909	0.7692307692307692	0.5826492608891497	0.8571428571428571	0.5437125748502994	0.5163398692810457	0.75	0.6666666666666666	0.7096774193548386	0.6666666666666666	0.7	0.7692307692307692	0.5125827814569536	0.6666666666666666	0.6666666666666666	1.0	0.5337423312883436	0.8	0.5054347826086957	0.8	0.5242760606730102	0.7272727272727273
te	0.6790697674418605	0.5434173669467787	0.6794258373205742	0.7206477732793523	0.5489749430523918	0.5167785234899329	0.7346938775510203	0.516320474777448	0.5240641711229946	0.5192307692307692	0.5411255411255411	0.7461858529819695	0.530940594059406	0.5385878489326765	0.5223251895534962	0.5206225680933851	0.7322654462242563	0.5460829493087558	0.7244094488188976	0.7506053268765133	0.7058823529411764	0.5232142857142857	0.5250481695568401	0.5294117647058824	0.5402124430955993	0.529004329004329	0.5211180124223602	0.7272727272727273	0.5493562231759657	0.5209617755856967	0.5337423312883436	1.0	0.5433884297520661	0.5152329749103942	0.5310596833130329	0.5431472081218275	0.7062780269058295
tr	0.5050505050505051	0.8	0.5038167938931297	0.5230024213075061	0.8571428571428571	0.7058823529411764	0.5796089385474861	0.5102040816326531	0.6976744186046512	0.7272727272727273	0.6666666666666666	0.5714285714285714	0.6666666666666666	0.6666666666666666	0.5161290322580645	0.6909090909090909	0.7692307692307692	0.596008582349656	0.8571428571428571	0.5595238095238095	0.5271867612293144	0.75	0.6666666666666666	0.7096774193548386	0.6666666666666666	0.7	0.7692307692307692	0.5218446601941747	0.6666666666666666	0.6666666666666666	0.8	0.5433884297520661	1.0	0.5054347826086957	0.8	0.5422364268953799	0.7272727272727273
union	0.5011526048870447	0.5054347826086957	0.5006922011998154	0.5048054919908467	0.5027322404371585	0.5260416666666667	0.5461409395973155	0.804562478719782	0.5333333333333333	0.5357142857142857	0.5027322404371585	0.5424947145877379	0.5054347826086957	0.510752688172043	0.6112852664576802	0.542713567839196	0.5081081081081081	0.5381440125678225	0.5027322404371585	0.5193247445579742	0.5063868613138686	0.510752688172043	0.5081081081081081	0.5235602094240838	0.5054347826086957	0.5309278350515464	0.5081081081081081	0.5045787545787546	0.5027322404371585	0.5027322404371585	0.5054347826086957	0.5152329749103942	0.5054347826086957	1.0	0.5054347826086957	0.5088810306671295	0.5159574468085106
vi	0.5026954177897575	0.8	0.5020297699594046	0.5125164690382081	0.8571428571428571	0.7058823529411764	0.5781710914454278	0.5050505050505051	0.6976744186046512	0.6956521739130435	0.6666666666666666	0.5782520325203252	0.6666666666666666	0.6666666666666666	0.5161290322580645	0.6909090909090909	0.7692307692307692	0.58743904861317	0.8571428571428571	0.546218487394958	0.5176470588235293	0.75	0.6666666666666666	0.7096774193548386	0.6666666666666666	0.7	0.7692307692307692	0.5118733509234829	0.6666666666666666	0.6666666666666666	0.8	0.5310596833130329	0.8	0.5054347826086957	1.0	0.5251612903225806	0.7272727272727273
war	0.5176470588235293	0.552985243659975	0.5185185185185185	0.5357142857142857	0.5503158259063771	0.5125413133825084	0.5373443983402489	0.5119181484433868	0.5186092853584457	0.5143277002204262	0.5456790123456791	0.5381165919282511	0.5260469661809715	0.5353743486121451	0.5171667978837393	0.5152979066022544	0.5349264705882353	0.5521798124004483	0.5555555555555556	0.5575221238938053	0.5447154471544715	0.5185112985410891	0.5197928282558757	0.5184101671520776	0.5297311660658781	0.5159574468085106	0.5117728681641746	0.5514018691588785	0.5478368474307436	0.5115987460815047	0.5242760606730102	0.5431472081218275	0.5422364268953799	0.5088810306671295	0.5251612903225806	1.0	0.5167669819432502
zh	0.6698168930891908	0.7272727272727273	0.6690349319123742	0.6822703335283792	0.7368421052631579	0.7619047619047619	0.8061855670103093	0.5294117647058824	0.7755102040816326	0.7407407407407407	0.6666666666666666	0.8010498687664042	0.6666666666666666	0.7142857142857143	0.5263157894736842	0.7301587301587302	0.782608695652174	0.5623076923076923	0.7368421052631579	0.7320924985899605	0.6884480746791132	0.7692307692307692	0.72	0.7317073170731707	0.7272727272727273	0.75	0.72	0.6807017543859648	0.6666666666666666	0.7368421052631579	0.7272727272727273	0.7062780269058295	0.7272727272727273	0.5159574468085106	0.7272727272727273	0.5167669819432502	1.0
