arz	bs	ceb	ckb	da	de	el	en	es	fr	he	hi	hu	id	it	ja	ko	lv	mk	ml	mr	nl	pl	pt	ro	ru	sh	si	simple	sr	sv	te	tr	vi	war	zh
arz	1.0900000000000025	1.057891491127608	1.0	1.0450000000000004	1.0632335907335908	1.0881698564593312	1.0675000000000008	1.2126059366162318	1.0867307692307713	1.2449539282250257	1.0675000000000008	1.0675000000000008	1.095029167136482	1.0812068430468185	1.1555270693020447	1.0900000000000025	1.0900000000000025	1.0675000000000008	1.0675000000000008	1.0450000000000004	1.0	1.0675000000000008	1.055851507383599	1.0842910447761214	1.0675000000000008	1.0900000000000025	1.0912530712530724	1.0	1.190733590733591	1.0900000000000025	1.2221084337349413	1.0225000000000009	1.062802102811982	1.073792596944771	1.0450000000000004	1.0675000000000008
bs	1.057891491127608	1.0225000000000009	1.024927113702624	1.3711134918450485	1.0	1.0	3.0238189422020603	1.0225000000000009	1.0	1.0	0.0	2.8866466072301877	0.0	0.0	1.0	1.0	1.0	3.5923299063633802	1.0	2.2400648871155044	1.2903436680272216	1.0	0.0	1.0	0.0	1.0	1.0225000000000009	1.4027149030946473	0.0	0.0	1.0	1.7316620836563217	1.0	1.0	1.793011929243265	1.0
ceb	1.0	1.024927113702624	1.0450000000000004	1.0225000000000009	1.0744230769230771	1.040032467532468	1.0225000000000009	1.0450000000000013	1.0435575109993713	1.04871359223301	1.0225000000000009	1.0225000000000009	1.040032467532468	1.040032467532468	1.0705257836198183	1.0225000000000009	1.0225000000000009	1.040032467532468	1.0225000000000009	1.0225000000000009	1.0225000000000009	1.0435575109993713	1.0435575109993713	1.0368617021276598	1.0342306742405536	1.0450000000000004	1.0400324675324681	1.0	1.04871359223301	1.0450000000000004	1.038180917794652	1.0225000000000009	1.0346621621621621	1.040032467532468	1.0450000000000004	1.0450000000000004
ckb	1.0450000000000004	1.3711134918450485	1.0225000000000009	1.449999999999999	1.4094592630877358	1.4549285703791743	1.3825000000000038	1.5144674645814529	1.458219070200106	1.4854382665312256	1.449999999999999	1.2699999999999996	1.4493990906707763	1.5378482376327889	1.502269475729846	1.4275000000000002	1.405000000000002	1.3103147212660387	1.3825000000000038	1.3150000000000022	1.1124999999999978	1.6012886698793793	1.4497671052226309	1.5078575821156517	1.378779434940184	1.4275000000000002	1.4894559373142187	1.1349999999999978	1.4495549339322884	1.4270024551025144	1.763744089761066	1.2025000000000023	1.4673193439810035	1.5740088898043165	1.1574999999999984	1.4275000000000002
da	1.0632335907335908	1.0	1.0744230769230771	1.4094592630877358	1.0	1.0	4.226279909737493	1.0	1.0	1.0	0.0	3.887060266652983	0.0	0.0	1.0	1.0	1.0	4.260149688755456	1.0	2.683523491854505	1.5680454373751422	1.0	0.0	1.0	0.0	1.0	1.0	1.5059547591069349	0.0	0.0	1.0	2.5372519243168057	1.0	1.0	2.490973313486408	1.0
de	1.0881698564593312	1.0	1.040032467532468	1.4549285703791743	1.0	1.2025000000000023	6.133246808846181	1.1953947368421036	1.0675000000000008	1.0450000000000004	0.0	5.817029971930564	0.0	1.0	1.0450000000000004	1.0225000000000009	1.0225000000000009	5.3646089194736115	1.0	3.0497750267912855	1.5823148620723488	1.0	1.0	1.0675000000000008	1.0	1.0675000000000008	1.0	1.4078497849202571	0.0	1.0	1.0	2.2751352416420727	1.0	1.0	1.9034670698822367	1.0450000000000004
el	1.0675000000000008	3.0238189422020603	1.0225000000000009	1.3825000000000038	4.226279909737493	6.133246808846181	5.927499999999979	6.388961456258269	5.386589416191601	6.4627314125727136	3.9022095671981605	3.452500000000001	5.064830237935218	5.002165694266276	5.9221926616555	5.454904303227449	4.195	3.606575948652687	2.7549999999999963	2.4174999999999978	1.449999999999999	5.713451079359572	5.257964156937569	4.650345469984343	4.043619848652756	4.555000000000013	5.172777703902474	1.3825000000000038	3.906767156252067	5.241444972339424	4.713149242184286	1.877500000000004	3.9766984359817354	4.95967163288617	1.7869810040705563	5.54499999999999
en	1.2126059366162318	1.0225000000000009	1.0450000000000013	1.5144674645814529	1.0	1.1953947368421036	6.388961456258269	4.520733816323277	1.2228048780487795	1.1349999999999978	0.0	5.885762971163958	1.0	1.0744230769230771	1.0675000000000008	1.1070689655172417	1.0744230769230771	5.546334443885309	1.0	3.2105285926916056	1.6227629173943738	1.0391304347826091	1.0435575109993713	1.1574999999999984	1.0	1.1671428571428557	1.0450000000000004	1.4773185350890345	1.0	1.0	1.0225000000000009	2.596365882020219	1.0225000000000009	1.0	1.9400536958377685	1.2694230769230757
es	1.0867307692307713	1.0	1.0435575109993713	1.458219070200106	1.0	1.0675000000000008	5.386589416191601	1.2228048780487795	1.2699999999999996	1.1349999999999978	1.0	4.9925553198430626	0.0	1.0	1.0675000000000008	1.0675000000000008	1.0450000000000004	5.3675909296727875	1.0	3.163857979687472	1.596074423421724	1.0	1.0225000000000009	1.0675000000000008	1.0225000000000009	1.0450000000000004	1.0	1.439493968413781	1.0	1.0	1.0	2.210579188880824	1.0	1.0	1.9029305031657562	1.0675000000000008
fr	1.2449539282250257	1.0	1.04871359223301	1.4854382665312256	1.0	1.0450000000000004	6.4627314125727136	1.1349999999999978	1.1349999999999978	1.2925000000000002	1.0	6.041366985273704	0.0	1.0225000000000009	1.0450000000000004	1.0450000000000004	1.0225000000000009	5.315866990418089	1.0	3.628079711135857	2.1432041063839606	1.0450000000000004	1.0225000000000009	1.0450000000000004	1.0	1.0450000000000004	1.0	1.828739365452339	0.0	0.0	1.0	2.6287987353810474	1.0225000000000009	1.0	1.9517038472930164	1.0450000000000004
he	1.0675000000000008	0.0	1.0225000000000009	1.449999999999999	0.0	0.0	3.9022095671981605	0.0	1.0	1.0	1.0	3.2725000000000013	0.0	0.0	0.0	0.0	0.0	3.5797907720382325	0.0	2.4847181282240194	1.449999999999999	0.0	0.0	0.0	1.0	1.0	0.0	1.405000000000002	0.0	0.0	0.0	1.8325	0.0	0.0	1.8094947159841508	0.0
hi	1.0675000000000008	2.8866466072301877	1.0225000000000009	1.2699999999999996	3.887060266652983	5.817029971930564	3.452500000000001	5.885762971163958	4.9925553198430626	6.041366985273704	3.2725000000000013	5.499999999999968	4.626034448710764	4.543856434354349	5.569346291559885	5.230000000000033	3.7224999999999957	3.244733799156567	2.462500000000002	2.395000000000002	1.3825000000000038	5.336560702123157	4.8651047358888775	4.351905973060034	4.123641039109714	4.262500000000026	4.769794104453878	1.2925000000000002	3.968799020727402	4.7121319463176565	4.239487954050792	1.9450000000000007	3.769281709302473	4.82690076208171	1.7419512195121925	5.297500000000017
hu	1.095029167136482	0.0	1.040032467532468	1.4493990906707763	0.0	0.0	5.064830237935218	1.0	0.0	0.0	0.0	4.626034448710764	1.0225000000000009	0.0	0.0	0.0	0.0	4.964506241663692	0.0	2.927881275402078	1.595920844298197	0.0	0.0	0.0	0.0	0.0	0.0	1.4031521739130441	0.0	0.0	0.0	2.1340401932537243	0.0	0.0	1.8925148399403946	0.0
id	1.0812068430468185	0.0	1.040032467532468	1.5378482376327889	0.0	1.0	5.002165694266276	1.0744230769230771	1.0	1.0225000000000009	0.0	4.543856434354349	0.0	1.0675000000000008	1.0225000000000009	0.0	0.0	4.8915276854933785	0.0	3.1401118706050304	1.5183074914739385	1.0	0.0	1.0	0.0	1.0	0.0	1.4342228773355015	0.0	0.0	0.0	2.277507092487082	0.0	0.0	2.0398119232629375	1.0
it	1.1555270693020447	1.0	1.0705257836198183	1.502269475729846	1.0	1.0450000000000004	5.9221926616555	1.0675000000000008	1.0675000000000008	1.0450000000000004	0.0	5.569346291559885	0.0	1.0225000000000009	2.7058440991370487	1.0	1.0	5.568737701445552	1.0	3.1282442296724433	1.5836362764167797	1.0	1.0	1.0675000000000008	0.0	1.0225000000000009	1.0	1.4289353318263547	0.0	0.0	1.0	2.312473393327774	1.0	1.0	1.9298570837826414	1.0225000000000009
ja	1.0900000000000025	1.0	1.0225000000000009	1.4275000000000002	1.0	1.0225000000000009	5.454904303227449	1.1070689655172417	1.0675000000000008	1.0450000000000004	0.0	5.230000000000033	0.0	0.0	1.0	1.3599999999999979	1.0450000000000004	4.696262933180752	1.0	2.934999999999999	1.6075000000000002	1.0	1.0	1.0	1.0	1.0	1.0	1.3599999999999979	0.0	1.0	1.0	2.1700000000000044	1.0	1.0	1.8320077220077207	1.0450000000000004
ko	1.0900000000000025	1.0	1.0225000000000009	1.405000000000002	1.0	1.0225000000000009	4.195	1.0744230769230771	1.0450000000000004	1.0225000000000009	0.0	3.7224999999999957	0.0	0.0	1.0	1.0450000000000004	1.0450000000000004	4.2597651439202915	1.0	2.777500000000007	1.5849999999999969	1.0	1.0	1.0	1.0	1.0	1.0	1.3375000000000004	0.0	1.0	1.0	1.9450000000000007	1.0	1.0	1.8320077220077207	1.0225000000000009
lv	1.0675000000000008	3.5923299063633802	1.040032467532468	1.3103147212660387	4.260149688755456	5.3646089194736115	3.606575948652687	5.546334443885309	5.3675909296727875	5.315866990418089	3.5797907720382325	3.244733799156567	4.964506241663692	4.8915276854933785	5.568737701445552	4.696262933180752	4.2597651439202915	5.472623765377653	2.680011917881136	2.4249509124240993	1.5009792471476064	5.505437667497449	5.432365737764149	4.715628522707879	4.307520202973327	4.169161713633616	5.0333468273259845	1.3040876025816708	3.92159757540109	4.703575847937104	5.441072203147314	1.8815495334073145	4.06660146655847	4.962125243667984	1.8397887365787113	4.688700210121848
mk	1.0675000000000008	1.0	1.0225000000000009	1.3825000000000038	1.0	1.0	2.7549999999999963	1.0	1.0	1.0	0.0	2.462500000000002	0.0	0.0	1.0	1.0	1.0	2.680011917881136	1.0	2.192500000000005	1.3375000000000004	1.0	0.0	1.0	0.0	1.0	1.0	1.2699999999999996	0.0	0.0	1.0	1.4724999999999986	1.0	1.0	1.6743995290423872	1.0
ml	1.0450000000000004	2.2400648871155044	1.0225000000000009	1.3150000000000022	2.683523491854505	3.0497750267912855	2.4174999999999978	3.2105285926916056	3.163857979687472	3.628079711135857	2.4847181282240194	2.395000000000002	2.927881275402078	3.1401118706050304	3.1282442296724433	2.934999999999999	2.777500000000007	2.4249509124240993	2.192500000000005	2.934999999999999	1.3375000000000004	3.018291197963495	2.9160456695603303	2.716177160825673	2.5136924347330885	2.664999999999995	2.8687902739950566	1.2925000000000002	2.5359910360000066	2.8630892426568644	3.209921818195134	1.5624999999999984	2.528031835825795	3.01536544603114	1.5617877094972068	2.934999999999999
mr	1.0	1.2903436680272216	1.0225000000000009	1.1124999999999978	1.5680454373751422	1.5823148620723488	1.449999999999999	1.6227629173943738	1.596074423421724	2.1432041063839606	1.449999999999999	1.3825000000000038	1.595920844298197	1.5183074914739385	1.5836362764167797	1.6075000000000002	1.5849999999999969	1.5009792471476064	1.3375000000000004	1.3375000000000004	1.6075000000000002	1.6336447560189087	1.5861378398603974	1.5296003345370284	1.4733042503163791	1.5400000000000027	1.7629100022008055	1.0900000000000025	1.5427674016562223	1.6715020829213525	1.7063161016531554	1.1574999999999984	1.6436011205922316	1.722896482213912	1.2250000000000003	1.6075000000000002
nl	1.0675000000000008	1.0	1.0435575109993713	1.6012886698793793	1.0	1.0	5.713451079359572	1.0391304347826091	1.0	1.0450000000000004	0.0	5.336560702123157	0.0	1.0	1.0	1.0	1.0	5.505437667497449	1.0	3.018291197963495	1.6336447560189087	1.0675000000000008	0.0	1.0	0.0	1.0225000000000009	1.0	1.5266777945544803	0.0	0.0	1.0	2.1958271146945374	1.0	1.0	2.0260265250895784	1.0225000000000009
pl	1.055851507383599	0.0	1.0435575109993713	1.4497671052226309	0.0	1.0	5.257964156937569	1.0435575109993713	1.0225000000000009	1.0225000000000009	0.0	4.8651047358888775	0.0	0.0	1.0	1.0	1.0	5.432365737764149	0.0	2.9160456695603303	1.5861378398603974	0.0	1.0450000000000004	1.0	0.0	1.0	0.0	1.4054484079723228	0.0	0.0	0.0	2.3100193297655136	0.0	0.0	1.9076554244206494	1.0
pt	1.0842910447761214	1.0	1.0368617021276598	1.5078575821156517	1.0	1.0675000000000008	4.650345469984343	1.1574999999999984	1.0675000000000008	1.0450000000000004	0.0	4.351905973060034	0.0	1.0	1.0675000000000008	1.0	1.0	4.715628522707879	1.0	2.716177160825673	1.5296003345370284	1.0	1.0	1.1799999999999986	0.0	1.0450000000000004	1.0	1.4433563003313552	0.0	0.0	1.0	2.4261947163123003	1.0	1.0	1.8481416813270144	1.0225000000000009
ro	1.0675000000000008	0.0	1.0342306742405536	1.378779434940184	0.0	1.0	4.043619848652756	1.0	1.0225000000000009	1.0	1.0	4.123641039109714	0.0	0.0	0.0	1.0	1.0	4.307520202973327	0.0	2.5136924347330885	1.4733042503163791	0.0	0.0	0.0	1.0225000000000009	1.0	0.0	1.3875895715306723	0.0	1.0	0.0	2.270742178352449	0.0	0.0	1.8492464344744481	1.0
ru	1.0900000000000025	1.0	1.0450000000000004	1.4275000000000002	1.0	1.0675000000000008	4.555000000000013	1.1671428571428557	1.0450000000000004	1.0450000000000004	1.0	4.262500000000026	0.0	1.0	1.0225000000000009	1.0	1.0	4.169161713633616	1.0	2.664999999999995	1.5400000000000027	1.0225000000000009	1.0	1.0450000000000004	1.0	1.2474999999999996	1.0	1.4275000000000002	0.0	0.0	1.0	2.484999999999994	1.0	1.0	1.7869810040705563	1.0450000000000004
sh	1.0912530712530724	1.0225000000000009	1.0400324675324681	1.4894559373142187	1.0	1.0	5.172777703902474	1.0450000000000004	1.0	1.0	0.0	4.769794104453878	0.0	0.0	1.0	1.0	1.0	5.0333468273259845	1.0	2.8687902739950566	1.7629100022008055	1.0	0.0	1.0	0.0	1.0	1.0450000000000004	1.4451602804215544	0.0	0.0	1.0	2.738119240455337	1.0	1.0	1.877318889759129	1.0
si	1.0	1.4027149030946473	1.0	1.1349999999999978	1.5059547591069349	1.4078497849202571	1.3825000000000038	1.4773185350890345	1.439493968413781	1.828739365452339	1.405000000000002	1.2925000000000002	1.4031521739130441	1.4342228773355015	1.4289353318263547	1.3599999999999979	1.3375000000000004	1.3040876025816708	1.2699999999999996	1.2925000000000002	1.0900000000000025	1.5266777945544803	1.4054484079723228	1.4433563003313552	1.3875895715306723	1.4275000000000002	1.4451602804215544	1.4275000000000002	1.456690476190475	1.4346377607025258	1.5608880008761947	1.2250000000000003	1.549949105594123	1.5215484650764841	1.2250000000000003	1.3825000000000038
simple	1.190733590733591	0.0	1.04871359223301	1.4495549339322884	0.0	0.0	3.906767156252067	1.0	1.0	0.0	0.0	3.968799020727402	0.0	0.0	0.0	0.0	0.0	3.92159757540109	0.0	2.5359910360000066	1.5427674016562223	0.0	0.0	0.0	0.0	0.0	0.0	1.456690476190475	1.0	0.0	0.0	2.039084065259602	0.0	0.0	1.9773391612666413	0.0
sr	1.0900000000000025	0.0	1.0450000000000004	1.4270024551025144	0.0	1.0	5.241444972339424	1.0	1.0	0.0	0.0	4.7121319463176565	0.0	0.0	0.0	1.0	1.0	4.703575847937104	0.0	2.8630892426568644	1.6715020829213525	0.0	0.0	0.0	1.0	0.0	0.0	1.4346377607025258	0.0	1.0	0.0	2.8453462406920975	0.0	0.0	1.8214649789381299	1.0
sv	1.2221084337349413	1.0	1.038180917794652	1.763744089761066	1.0	1.0	4.713149242184286	1.0225000000000009	1.0	1.0	0.0	4.239487954050792	0.0	0.0	1.0	1.0	1.0	5.441072203147314	1.0	3.209921818195134	1.7063161016531554	1.0	0.0	1.0	0.0	1.0	1.0	1.5608880008761947	0.0	0.0	1.0225000000000009	2.4323874709901028	1.0	1.0	2.011394736846691	1.0
te	1.0225000000000009	1.7316620836563217	1.0225000000000009	1.2025000000000023	2.5372519243168057	2.2751352416420727	1.877500000000004	2.596365882020219	2.210579188880824	2.6287987353810474	1.8325	1.9450000000000007	2.1340401932537243	2.277507092487082	2.312473393327774	2.1700000000000044	1.9450000000000007	1.8815495334073145	1.4724999999999986	1.5624999999999984	1.1574999999999984	2.1958271146945374	2.3100193297655136	2.4261947163123003	2.270742178352449	2.484999999999994	2.738119240455337	1.2250000000000003	2.039084065259602	2.8453462406920975	2.4323874709901028	2.5074999999999994	2.2277129711287653	2.337589077052192	1.3599999999999979	2.1700000000000044
tr	1.062802102811982	1.0	1.0346621621621621	1.4673193439810035	1.0	1.0	3.9766984359817354	1.0225000000000009	1.0	1.0225000000000009	0.0	3.769281709302473	0.0	0.0	1.0	1.0	1.0	4.06660146655847	1.0	2.528031835825795	1.6436011205922316	1.0	0.0	1.0	0.0	1.0	1.0	1.549949105594123	0.0	0.0	1.0	2.2277129711287653	1.0225000000000009	1.0	1.951204941709705	1.0
vi	1.073792596944771	1.0	1.040032467532468	1.5740088898043165	1.0	1.0	4.95967163288617	1.0	1.0	1.0	0.0	4.82690076208171	0.0	0.0	1.0	1.0	1.0	4.962125243667984	1.0	3.01536544603114	1.722896482213912	1.0	0.0	1.0	0.0	1.0	1.0	1.5215484650764841	0.0	0.0	1.0	2.337589077052192	1.0	1.0225000000000009	2.1400225014238425	1.0
war	1.0450000000000004	1.793011929243265	1.0450000000000004	1.1574999999999984	2.490973313486408	1.9034670698822367	1.7869810040705563	1.9400536958377685	1.9029305031657562	1.9517038472930164	1.8094947159841508	1.7419512195121925	1.8925148399403946	2.0398119232629375	1.9298570837826414	1.8320077220077207	1.8320077220077207	1.8397887365787113	1.6743995290423872	1.5617877094972068	1.2250000000000003	2.0260265250895784	1.9076554244206494	1.8481416813270144	1.8492464344744481	1.7869810040705563	1.877318889759129	1.2250000000000003	1.9773391612666413	1.8214649789381299	2.011394736846691	1.3599999999999979	1.951204941709705	2.1400225014238425	1.8641677463637971	1.8545200752823097
zh	1.0675000000000008	1.0	1.0450000000000004	1.4275000000000002	1.0	1.0450000000000004	5.54499999999999	1.2694230769230757	1.0675000000000008	1.0450000000000004	0.0	5.297500000000017	0.0	1.0	1.0225000000000009	1.0450000000000004	1.0225000000000009	4.688700210121848	1.0	2.934999999999999	1.6075000000000002	1.0225000000000009	1.0	1.0225000000000009	1.0	1.0450000000000004	1.0	1.3825000000000038	0.0	1.0	1.0	2.1700000000000044	1.0	1.0	1.8545200752823097	1.1124999999999978
