arz	bs	ceb	ckb	da	de	el	en	es	fr	he	hi	hu	id	it	ja	ko	lv	mk	ml	mr	nl	pl	pt	ro	ru	sh	si	simple	sr	sv	te	vi	war	zh
arz	0.3333333333333333	0.3333333333333333	0.5	0.058823529411764705	0.0	0.3333333333333333	0.3333333333333333	0.3333333333333333	0.3333333333333333	0.3333333333333333	0.3333333333333333	0.0	0.3333333333333333	0.5	0.3333333333333333	0.3333333333333333	0.3333333333333333	1.0	0.3333333333333333	0.041666666666666664	0.05	0.3333333333333333	0.3333333333333333	0.3333333333333333	0.0	0.3333333333333333	0.3333333333333333	0.05555555555555555	1.0	0.3333333333333333	0.3333333333333333	0.047619047619047616	1.0	0.07142857142857142	0.3333333333333333
bs	0.3333333333333333	0.023381447281436533	0.16666666666666666	0.019230769230769232	0.3333333333333333	0.025642998027613412	0.038461538461538464	0.02500375	0.025	0.026323409280470913	0.05555555555555555	0.0	0.0625	0.5	0.029433402256925607	0.08333333333333333	0.034482758620689655	0.05263157894736842	0.02564102564102564	0.011904903628117915	0.021739130434782608	0.07143367857653572	0.026317867728531855	0.04	0.25	0.02564102564102564	0.025660765958591725	0.02127659574468085	1.0	0.03333333333333333	0.06666666666666667	0.019231139053254437	0.06666666666666667	0.027777777777777776	0.03333333333333333
ceb	0.5	0.16666666666666666	0.12507817189062498	0.2	0.16666666666666666	0.125	0.14285714285714285	0.125	0.125	0.125	0.125	0.125	0.14285714285714285	0.125	0.14285714285714285	0.125	0.125	0.2	0.14285714285714285	0.14285714285714285	0.16666666666666666	0.14285714285714285	0.125	0.125	0.125	0.125	0.16666666666666666	0.16669444444444442	0.14285714285714285	0.125	0.14285714285714285	0.25	0.14285714285714285	0.16666666666666666	0.14285714285714285
ckb	0.058823529411764705	0.019230769230769232	0.2	0.009618714867881378	0.012987012987012988	0.0100001	0.013333333333333334	0.009708832123668583	0.009900990099009901	0.010101010101010102	0.010752803792345937	0.014705882352941176	0.014084507042253521	0.011494252873563218	0.01	0.010526315789473684	0.010869565217391304	0.014925373134328358	0.015873015873015872	0.017543859649122806	0.029412629757785465	0.010416666666666666	0.010309278350515464	0.01	0.012987012987012988	0.01020408163265306	0.013513513513513514	0.02702702702702703	0.012345679012345678	0.012195121951219513	0.010869565217391304	0.02631578947368421	0.011494252873563218	0.034482758620689655	0.010869565217391304
da	0.0	0.3333333333333333	0.16666666666666666	0.012987012987012988	0.09090909090909091	0.25	0.3333333333333333	0.125	0.16666666666666666	0.25	0.3333333333333333	0.0	0.3333333333333333	0.0	0.25	0.3333333333333333	0.3333333333333333	1.0	0.3333333333333333	0.0072464818315479945	0.014492753623188406	0.3333333333333333	0.125	0.3333333333333333	1.0	0.1111111111111111	0.3333333333333333	0.01639344262295082	1.0	0.2	0.16666666666666666	0.013333333333333334	0.0	0.023809523809523808	0.25
de	0.3333333333333333	0.025642998027613412	0.125	0.0100001	0.25	0.0039906955823916755	0.022727272727272728	0.008265214261457689	0.008695652173913044	0.011364411157024794	0.011764705882352941	0.3333333333333333	0.05	0.2	0.017244055589180143	0.07692307692307693	0.030303030303030304	0.05	0.022222222222222223	0.004807738535502959	0.01098901098901099	0.02857142857142857	0.009091735537190082	0.025	0.14285714285714285	0.010752688172043012	0.025642340565417487	0.011904761904761904	0.125	0.014925373134328358	0.05000249999999999	0.008403502577501588	0.06666666666666667	0.022222222222222223	0.025
el	0.3333333333333333	0.038461538461538464	0.14285714285714285	0.013333333333333334	0.3333333333333333	0.022727272727272728	0.019230769230769232	0.02	0.021739130434782608	0.03225806451612903	0.03125	0.0	0.05555555555555555	0.3333333333333333	0.04	0.09090909090909091	0.05555555555555555	0.1	0.03333333333333333	0.007874077748155496	0.014084903788930767	0.05263157894736842	0.021739130434782608	0.047619047619047616	0.3333333333333333	0.022222222222222223	0.038461538461538464	0.015873015873015872	0.5	0.027777777777777776	0.07692307692307693	0.012345679012345678	0.16666666666666666	0.023255813953488372	0.047619047619047616
en	0.3333333333333333	0.02500375	0.125	0.009708832123668583	0.125	0.008265214261457689	0.02	0.0024757202326880783	0.005154692315867787	0.010001099999999999	0.011235955056179775	0.3333333333333333	0.041666666666666664	0.12503124999999998	0.013702947457496716	0.06666666666666667	0.02857142857142857	0.047619047619047616	0.022222222222222223	0.004386099588334873	0.010527091412742383	0.018518518518518517	0.004587934643611669	0.018518518518518517	0.07692900000592308	0.004672897196261682	0.02500437625	0.011364023760330577	0.1	0.010869565217391304	0.03333333333333333	0.008000128	0.0625	0.022222222222222223	0.02127659574468085
es	0.3333333333333333	0.025	0.125	0.009900990099009901	0.16666666666666666	0.008695652173913044	0.021739130434782608	0.005154692315867787	0.0012873724386603988	0.010101010101010102	0.011494252873563218	0.3333333333333333	0.047619047619047616	0.16666666666666666	0.013888888888888888	0.07142857142857142	0.029411764705882353	0.047619047619047616	0.022727272727272728	0.00454547520661157	0.010752688172043012	0.012658227848101266	0.008333333333333333	0.013333333333333334	0.1	0.007874015748031496	0.02564102564102564	0.011627906976744186	0.1111111111111111	0.013157894736842105	0.05	0.008333333333333333	0.06666666666666667	0.022222222222222223	0.022222222222222223
fr	0.3333333333333333	0.026323409280470913	0.125	0.010101010101010102	0.25	0.011364411157024794	0.03225806451612903	0.010001099999999999	0.010101010101010102	0.005805120425013214	0.017543859649122806	0.3333333333333333	0.05263157894736842	0.25	0.00962232452487565	0.07142857142857142	0.034482758620689655	0.05555555555555555	0.025	0.004629779685356653	0.010870274102079394	0.031250976562500005	0.013334755555555555	0.02564102564102564	0.14285714285714285	0.012048192771084338	0.02703579474141783	0.011765121107266433	0.125	0.020833333333333332	0.058823529411764705	0.008474648089629418	0.07142857142857142	0.022222222222222223	0.029411764705882353
he	0.3333333333333333	0.05555555555555555	0.125	0.010752803792345937	0.3333333333333333	0.011764705882352941	0.03125	0.011235955056179775	0.011494252873563218	0.017543859649122806	0.01020408163265306	0.3333333333333333	0.07142857142857142	0.25	0.029411764705882353	0.1111111111111111	0.07692307692307693	0.5	0.05	0.005649749433432283	0.011764705882352941	0.04	0.015151515151515152	0.034482758620689655	0.2	0.016129032258064516	0.05555555555555555	0.01250015625	0.16666666666666666	0.027777777777777776	0.08333333333333333	0.00925934499314129	1.0	0.023809523809523808	0.0625
hi	0.0	0.0	0.125	0.014705882352941176	0.0	0.3333333333333333	0.0	0.3333333333333333	0.3333333333333333	0.3333333333333333	0.3333333333333333	0.3333333333333333	0.0	0.0	0.0	0.0	0.0	0.0	0.0	0.006802859919477994	0.012987181649519312	0.0	1.0	1.0	0.0	0.3333333333333333	0.0	0.014492963663095989	0.0	0.5	0.0	0.010869565217391304	0.0	0.024390243902439025	1.0
hu	0.3333333333333333	0.0625	0.14285714285714285	0.014084507042253521	0.3333333333333333	0.05	0.05555555555555555	0.041666666666666664	0.047619047619047616	0.05263157894736842	0.07142857142857142	0.0	0.03125	0.5	0.0625	0.1	0.08333333333333333	0.5	0.0625	0.007752058169581156	0.014084507042253521	0.07692307692307693	0.047619047619047616	0.0625	0.25	0.045454545454545456	0.06666666666666667	0.016393980112872884	1.0	0.08333333333333333	0.07142857142857142	0.011627906976744186	1.0	0.024390243902439025	0.07142857142857142
id	0.5	0.5	0.125	0.011494252873563218	0.0	0.2	0.3333333333333333	0.12503124999999998	0.16666666666666666	0.25	0.25	0.0	0.5	0.03620698210573255	0.25012512512512514	0.5	0.5	0.0	0.3333333333333333	0.005848055846277521	0.012048337930033388	0.25	0.16666666666666666	0.16666666666666666	0.0	0.25	0.5	0.013158067867036011	1.0	0.3333333333333333	0.3333333333333333	0.009900990099009901	0.5	0.023255813953488372	0.3333333333333333
it	0.3333333333333333	0.029433402256925607	0.14285714285714285	0.01	0.25	0.017244055589180143	0.04	0.013702947457496716	0.013888888888888888	0.00962232452487565	0.029411764705882353	0.0	0.0625	0.25012512512512514	0.0049919425763541	0.08333333333333333	0.034482758620689655	0.05555555555555555	0.02702702702702703	0.004694989971125658	0.01149451710926146	0.03704115226337448	0.016950589198506175	0.034482758620689655	0.16666666666666666	0.01639344262295082	0.02858857795918367	0.012658388078833521	0.14285714285714285	0.030303030303030304	0.05555555555555555	0.008695652173913044	0.07692307692307693	0.022727272727272728	0.029411764705882353
ja	0.3333333333333333	0.08333333333333333	0.125	0.010526315789473684	0.3333333333333333	0.07692307692307693	0.09090909090909091	0.06666666666666667	0.07142857142857142	0.07142857142857142	0.1111111111111111	0.0	0.1	0.5	0.08333333333333333	0.06666666666666667	0.08333333333333333	0.5	0.08333333333333333	0.004975322417786713	0.01087015595463138	0.08333333333333333	0.07142857142857142	0.08333333333333333	1.0	0.07142857142857142	0.08333333333333333	0.011905187074829932	1.0	0.07692307692307693	0.1	0.008772083718067099	1.0	0.022222222222222223	0.07692307692307693
ko	0.3333333333333333	0.034482758620689655	0.125	0.010869565217391304	0.3333333333333333	0.030303030303030304	0.05555555555555555	0.02857142857142857	0.029411764705882353	0.034482758620689655	0.07692307692307693	0.0	0.08333333333333333	0.5	0.034482758620689655	0.08333333333333333	0.027777777777777776	0.05263157894736842	0.034482758620689655	0.005494626283057602	0.011364023760330579	0.07142857142857142	0.030303030303030304	0.058823529411764705	0.25	0.030303030303030304	0.034482758620689655	0.01250015625	1.0	0.034482758620689655	0.08333333333333333	0.009708832123668583	0.06666666666666667	0.022727272727272728	0.03125
lv	1.0	0.05263157894736842	0.2	0.014925373134328358	1.0	0.05	0.1	0.047619047619047616	0.047619047619047616	0.05555555555555555	0.5	0.0	0.5	0.0	0.05555555555555555	0.5	0.05263157894736842	0.00847457627118644	0.05263157894736842	0.008849557522123894	0.01587351977828168	0.3333333333333333	0.043478260869565216	0.16666666666666666	0.5	0.04	0.05263157894736842	0.017544167436134194	0.0	0.05	0.3333333333333333	0.015625	0.07142857142857142	0.025	0.05263157894736842
mk	0.3333333333333333	0.02564102564102564	0.14285714285714285	0.015873015873015872	0.3333333333333333	0.022222222222222223	0.03333333333333333	0.022222222222222223	0.022727272727272728	0.025	0.05	0.0	0.0625	0.3333333333333333	0.02702702702702703	0.08333333333333333	0.034482758620689655	0.05263157894736842	0.02127659574468085	0.009708832123668583	0.01851920438957476	0.06666666666666667	0.022727272727272728	0.038461538461538464	0.25	0.022727272727272728	0.02631578947368421	0.01851920438957476	1.0	0.030303030303030304	0.07142857142857142	0.01694915254237288	0.06666666666666667	0.02631578947368421	0.03125
ml	0.041666666666666664	0.011904903628117915	0.14285714285714285	0.017543859649122806	0.0072464818315479945	0.004807738535502959	0.007874077748155496	0.004386099588334873	0.00454547520661157	0.004629779685356653	0.005649749433432283	0.006802859919477994	0.007752058169581156	0.005848055846277521	0.004694989971125658	0.004975322417786713	0.005494626283057602	0.008849557522123894	0.009708832123668583	0.004361840485386571	0.016666944444444443	0.004975173881834608	0.0049504950495049506	0.00469494588816152	0.006711409395973154	0.004926302506733965	0.007299376631679898	0.01818214909124	0.006451696149843913	0.0062894268422926305	0.005263545734072021	0.014084705415592145	0.0058140886965927525	0.024390243902439025	0.005319629979657085
mr	0.05	0.021739130434782608	0.16666666666666666	0.029412629757785465	0.014492753623188406	0.01098901098901099	0.014084903788930767	0.010527091412742383	0.010752688172043012	0.010870274102079394	0.011764705882352941	0.012987181649519312	0.014084507042253521	0.012048337930033388	0.01149451710926146	0.01087015595463138	0.011364023760330579	0.01587351977828168	0.01851920438957476	0.016666944444444443	0.010561560515825326	0.011363765495867768	0.011363636363636364	0.011111234567901236	0.01351387892640632	0.01149451710926146	0.014925818667854755	0.029411764705882353	0.012048483088982435	0.01282051282051282	0.011494649227110583	0.020408579758433985	0.011236460169170558	0.03225806451612903	0.010989494022461055
nl	0.3333333333333333	0.07143367857653572	0.14285714285714285	0.010416666666666666	0.3333333333333333	0.02857142857142857	0.05263157894736842	0.018518518518518517	0.012658227848101266	0.031250976562500005	0.04	0.0	0.07692307692307693	0.25	0.03704115226337448	0.08333333333333333	0.07142857142857142	0.3333333333333333	0.06666666666666667	0.004975173881834608	0.011363765495867768	0.0031476436867382586	0.023809523809523808	0.034482758620689655	0.3333333333333333	0.025	0.07143367346938775	0.012345831428135955	0.2	0.045454545454545456	0.058823529411764705	0.008695652173913044	1.0	0.022222222222222223	0.07142857142857142
pl	0.3333333333333333	0.026317867728531855	0.125	0.010309278350515464	0.125	0.009091735537190082	0.021739130434782608	0.004587934643611669	0.008333333333333333	0.013334755555555555	0.015151515151515152	1.0	0.047619047619047616	0.16666666666666666	0.016950589198506175	0.07142857142857142	0.030303030303030304	0.043478260869565216	0.022727272727272728	0.0049504950495049506	0.011363636363636364	0.023809523809523808	0.00037878035584431636	0.021739130434782608	0.09090909090909091	0.002352941176470588	0.027778549382716046	0.012195270672218919	0.125	0.008403361344537815	0.047619047619047616	0.008771929824561403	0.06666666666666667	0.022727272727272728	0.023809523809523808
pt	0.3333333333333333	0.04	0.125	0.01	0.3333333333333333	0.025	0.047619047619047616	0.018518518518518517	0.013333333333333334	0.02564102564102564	0.034482758620689655	1.0	0.0625	0.16666666666666666	0.034482758620689655	0.08333333333333333	0.058823529411764705	0.16666666666666666	0.038461538461538464	0.00469494588816152	0.011111234567901236	0.034482758620689655	0.021739130434782608	0.002544529262086514	0.3333333333333333	0.020833333333333332	0.043478260869565216	0.011764982698961937	0.5	0.038461538461538464	0.07142857142857142	0.008474648089629418	0.25	0.022727272727272728	0.05
ro	0.0	0.25	0.125	0.012987012987012988	1.0	0.14285714285714285	0.3333333333333333	0.07692900000592308	0.1	0.14285714285714285	0.2	0.0	0.25	0.0	0.16666666666666666	1.0	0.25	0.5	0.25	0.006711409395973154	0.01351387892640632	0.3333333333333333	0.09090909090909091	0.3333333333333333	0.04765307937415873	0.06666666666666667	0.3333333333333333	0.01538508875739645	0.0	0.2	1.0	0.012345679012345678	1.0	0.023809523809523808	0.2
ru	0.3333333333333333	0.02564102564102564	0.125	0.01020408163265306	0.1111111111111111	0.010752688172043012	0.022222222222222223	0.004672897196261682	0.007874015748031496	0.012048192771084338	0.016129032258064516	0.3333333333333333	0.045454545454545456	0.25	0.01639344262295082	0.07142857142857142	0.030303030303030304	0.04	0.022727272727272728	0.004926302506733965	0.01149451710926146	0.025	0.002352941176470588	0.020833333333333332	0.06666666666666667	0.0005104645227156713	0.02564102564102564	0.011905045351473922	0.16666666666666666	0.006993006993006993	0.017241379310344827	0.00854708159836365	0.06666666666666667	0.022222222222222223	0.022222222222222223
sh	0.3333333333333333	0.025660765958591725	0.16666666666666666	0.013513513513513514	0.3333333333333333	0.025642340565417487	0.038461538461538464	0.02500437625	0.02564102564102564	0.02703579474141783	0.05555555555555555	0.0	0.06666666666666667	0.5	0.02858857795918367	0.08333333333333333	0.034482758620689655	0.05263157894736842	0.02631578947368421	0.007299376631679898	0.014925818667854755	0.07143367346938775	0.027778549382716046	0.043478260869565216	0.3333333333333333	0.02564102564102564	0.02339346735193399	0.014925595901091559	1.0	0.034482758620689655	0.058823529411764705	0.012048192771084338	0.06666666666666667	0.023809523809523808	0.03333333333333333
si	0.05555555555555555	0.02127659574468085	0.16669444444444442	0.02702702702702703	0.01639344262295082	0.011904761904761904	0.015873015873015872	0.011364023760330577	0.011627906976744186	0.011765121107266433	0.01250015625	0.014492963663095989	0.016393980112872884	0.013158067867036011	0.012658388078833521	0.011905187074829932	0.01250015625	0.017544167436134194	0.01851920438957476	0.01818214909124	0.029411764705882353	0.012345831428135955	0.012195270672218919	0.011764982698961937	0.01538508875739645	0.011905045351473922	0.014925595901091559	0.011386928690935345	0.013333866666666664	0.013158067867036011	0.012500468749999999	0.027778549382716046	0.01282084155161078	0.03571428571428571	0.011765259515570933
simple	1.0	1.0	0.14285714285714285	0.012345679012345678	1.0	0.125	0.5	0.1	0.1111111111111111	0.125	0.16666666666666666	0.0	1.0	1.0	0.14285714285714285	1.0	1.0	0.0	1.0	0.006451696149843913	0.012048483088982435	0.2	0.125	0.5	0.0	0.16666666666666666	1.0	0.013333866666666664	0.1	1.0	1.0	0.01098901098901099	1.0	0.023255813953488372	1.0
sr	0.3333333333333333	0.03333333333333333	0.125	0.012195121951219513	0.2	0.014925373134328358	0.027777777777777776	0.010869565217391304	0.013157894736842105	0.020833333333333332	0.027777777777777776	0.5	0.08333333333333333	0.3333333333333333	0.030303030303030304	0.07692307692307693	0.034482758620689655	0.05	0.030303030303030304	0.0062894268422926305	0.01282051282051282	0.045454545454545456	0.008403361344537815	0.038461538461538464	0.2	0.006993006993006993	0.034482758620689655	0.013158067867036011	1.0	0.0049504950495049506	0.06666666666666667	0.01020408163265306	0.06666666666666667	0.023255813953488372	0.02631578947368421
sv	0.3333333333333333	0.06666666666666667	0.14285714285714285	0.010869565217391304	0.16666666666666666	0.05000249999999999	0.07692307692307693	0.03333333333333333	0.05	0.058823529411764705	0.08333333333333333	0.0	0.07142857142857142	0.3333333333333333	0.05555555555555555	0.1	0.08333333333333333	0.3333333333333333	0.07142857142857142	0.005263545734072021	0.011494649227110583	0.058823529411764705	0.047619047619047616	0.07142857142857142	1.0	0.017241379310344827	0.058823529411764705	0.012500468749999999	1.0	0.06666666666666667	0.005962994082618921	0.00925943072702332	1.0	0.022222222222222223	0.1
te	0.047619047619047616	0.019231139053254437	0.25	0.02631578947368421	0.013333333333333334	0.008403502577501588	0.012345679012345678	0.008000128	0.008333333333333333	0.008474648089629418	0.00925934499314129	0.010869565217391304	0.011627906976744186	0.009900990099009901	0.008695652173913044	0.008772083718067099	0.009708832123668583	0.015625	0.01694915254237288	0.014084705415592145	0.020408579758433985	0.008695652173913044	0.008771929824561403	0.008474648089629418	0.012345679012345678	0.00854708159836365	0.012048192771084338	0.027778549382716046	0.01098901098901099	0.01020408163265306	0.00925943072702332	0.008007624906765458	0.009901186158219782	0.04	0.00884963583679223
vi	1.0	0.06666666666666667	0.14285714285714285	0.011494252873563218	0.0	0.06666666666666667	0.16666666666666666	0.0625	0.06666666666666667	0.07142857142857142	1.0	0.0	1.0	0.5	0.07692307692307693	1.0	0.06666666666666667	0.07142857142857142	0.06666666666666667	0.0058140886965927525	0.011236460169170558	1.0	0.06666666666666667	0.25	1.0	0.06666666666666667	0.06666666666666667	0.01282084155161078	1.0	0.06666666666666667	1.0	0.009901186158219782	0.0625	0.022727272727272728	0.06666666666666667
war	0.07142857142857142	0.027777777777777776	0.16666666666666666	0.034482758620689655	0.023809523809523808	0.022222222222222223	0.023255813953488372	0.022222222222222223	0.022222222222222223	0.022222222222222223	0.023809523809523808	0.024390243902439025	0.024390243902439025	0.023255813953488372	0.022727272727272728	0.022222222222222223	0.022727272727272728	0.025	0.02631578947368421	0.024390243902439025	0.03225806451612903	0.022222222222222223	0.022727272727272728	0.022727272727272728	0.023809523809523808	0.022222222222222223	0.023809523809523808	0.03571428571428571	0.023255813953488372	0.023255813953488372	0.022222222222222223	0.04	0.022727272727272728	0.022223703703703704	0.022222222222222223
zh	0.3333333333333333	0.03333333333333333	0.14285714285714285	0.010869565217391304	0.25	0.025	0.047619047619047616	0.02127659574468085	0.022222222222222223	0.029411764705882353	0.0625	1.0	0.07142857142857142	0.3333333333333333	0.029411764705882353	0.07692307692307693	0.03125	0.05263157894736842	0.03125	0.005319629979657085	0.010989494022461055	0.07142857142857142	0.023809523809523808	0.05	0.2	0.022222222222222223	0.03333333333333333	0.011765259515570933	1.0	0.02631578947368421	0.1	0.00884963583679223	0.06666666666666667	0.022222222222222223	0.019230769230769232
