arz	bs	ceb	ckb	da	de	el	en	es	fr	he	hi	hu	id	it	ja	ko	lv	mk	ml	mr	nl	pl	pt	ro	ru	sh	si	simple	sr	sv	te	vi	war	zh
arz	1.0	0.15384615384615385	0.061884669479606184	0.13636363636363635	0.08155270655270655	0.05172413793103448	0.125	0.022750362844702467	0.045454545454545456	0.041456228956228955	0.06521739130434782	0.05405405405405406	0.113997113997114	0.06079638752052545	0.03614457831325301	0.046153846153846156	0.06140350877192982	0.13157894736842105	0.15789473684210525	0.11904761904761904	0.08	0.0660377358490566	0.0673076923076923	0.0603448275862069	0.09924812030075188	0.04216867469879518	0.13043478260869565	0.027777777777777776	0.07318295739348371	0.11666666666666667	0.037037037037037035	0.075	0.11763038548752834	0.3333333333333333	0.05397192261599042
bs	0.15384615384615385	1.0	0.10526315789473684	0.15384615384615385	0.12028657616892911	0.06779661016949153	0.15517241379310345	0.03205128205128205	0.057692307692307696	0.05056179775280899	0.1111111111111111	0.1111111111111111	0.11428571428571428	0.07377049180327869	0.047619047619047616	0.06060606060606061	0.07758620689655173	0.21052631578947367	0.13636363636363635	0.13043478260869565	0.11538461538461539	0.07272727272727272	0.08490566037735849	0.07627118644067797	0.1	0.05357142857142857	0.16666666666666666	0.1111111111111111	0.09481537050929399	0.13020833333333334	0.0625	0.09090909090909091	0.12162162162162163	0.14285714285714285	0.06716417910447761
ceb	0.061884669479606184	0.10526315789473684	1.0	0.08823529411764706	0.17493049119555143	0.12613186191284662	0.08571428571428572	0.043790453074433654	0.08441558441558442	0.07664141414141415	0.13972846290609342	0.12327542156361777	0.19259962049335866	0.09246907591559544	0.07687631258980877	0.08333333333333333	0.0857487922705314	0.2206959706959707	0.151268115942029	0.09259259259259259	0.08614232209737827	0.1111111111111111	0.12753807106598986	0.10632454488386692	0.14886363636363636	0.08669314128020462	0.16519360269360267	0.043478260869565216	0.12088274044795784	0.12034632034632034	0.08512596899224806	0.037037037037037035	0.1282051282051282	0.08333333333333333	0.0868246279836213
ckb	0.13636363636363635	0.15384615384615385	0.08823529411764706	1.0	0.07692307692307693	0.06140350877192982	0.08333333333333333	0.022435897435897436	0.038461538461538464	0.03977272727272727	0.06521739130434782	0.08571428571428572	0.08823529411764706	0.04918032786885246	0.03614457831325301	0.046153846153846156	0.05172413793103448	0.16666666666666666	0.125	0.11904761904761904	0.10416666666666667	0.05555555555555555	0.05660377358490566	0.05084745762711865	0.07692307692307693	0.03571428571428571	0.10416666666666667	0.058823529411764705	0.05813953488372093	0.0967741935483871	0.037037037037037035	0.10526315789473684	0.08108108108108109	0.125	0.04477611940298507
da	0.08155270655270655	0.12028657616892911	0.17493049119555143	0.07692307692307693	1.0	0.24159955567897806	0.20680055677072975	0.1238819320214669	0.20987654320987653	0.19487838639509591	0.28207784055241686	0.18687887080512747	0.3183922558922559	0.22227742448330684	0.18586676481413325	0.20133283968900406	0.22395228884590587	0.2236842105263158	0.17079889807162535	0.1401360544217687	0.11224489795918367	0.2521128194684859	0.3007349454717876	0.25203252032520324	0.28801020408163264	0.20054368702538192	0.20187609927692007	0.08139534883720931	0.2703970557744143	0.2108974358974359	0.19936240230357877	0.0625	0.25859854431283	0.08974358974358974	0.24135202092031013
de	0.05172413793103448	0.06779661016949153	0.12613186191284662	0.06140350877192982	0.24159955567897806	1.0	0.18548387096774194	0.1837849570629136	0.30389519824666267	0.30768321513002367	0.2592838196286472	0.173834628190899	0.2495693248124479	0.24316590358200915	0.251898983920292	0.2933188484519283	0.23553113553113555	0.1271186440677966	0.1405683447170925	0.13771929824561402	0.12599031690140844	0.30970649129216904	0.29477310525065337	0.3079278812974465	0.26226700915497597	0.2672798216276477	0.14754098360655737	0.06557377049180328	0.2615724231618271	0.19228778467908902	0.2341878851296361	0.07936507936507936	0.2290832455216017	0.07017543859649122	0.2871265457994382
el	0.125	0.15517241379310345	0.08571428571428572	0.08333333333333333	0.20680055677072975	0.18548387096774194	1.0	0.08974358974358974	0.14814814814814814	0.13043478260869565	0.193510163157415	0.20454545454545456	0.19318181818181818	0.15671641791044777	0.13953488372093023	0.17647058823529413	0.15736728060671723	0.18181818181818182	0.15714285714285714	0.21212121212121213	0.17567567567567569	0.16393442622950818	0.16666666666666666	0.19683786078098472	0.1875	0.14702668955829562	0.17567567567567569	0.07142857142857142	0.1917605633802817	0.225	0.14285714285714285	0.14705882352941177	0.2111111111111111	0.14285714285714285	0.1629152272123306
en	0.022750362844702467	0.03205128205128205	0.043790453074433654	0.022435897435897436	0.1238819320214669	0.1837849570629136	0.08974358974358974	1.0	0.23484376681890176	0.2721473495058401	0.14294428994348254	0.10959432177659084	0.11021235873131607	0.19485006518904824	0.22353365342338066	0.20214024995116647	0.1641222621771821	0.05448717948717949	0.054764347113878356	0.063052608311229	0.07259244023949907	0.1671294857853037	0.16176349925035247	0.17924771019862099	0.12393032023904507	0.24653941376349403	0.07051282051282051	0.038461538461538464	0.13960250108529737	0.09645199761478832	0.21339728949851622	0.05128205128205128	0.1169268732501305	0.02564102564102564	0.20072786333012513
es	0.045454545454545456	0.057692307692307696	0.08441558441558442	0.038461538461538464	0.20987654320987653	0.30389519824666267	0.14814814814814814	0.23484376681890176	1.0	0.3376560999039385	0.2261904761904762	0.14534883720930233	0.21707901037509975	0.2326604121293349	0.25	0.26153673835125446	0.24403575698912486	0.10256410256410256	0.09375	0.1	0.0963855421686747	0.2926829268292683	0.25	0.29411764705882354	0.1927710843373494	0.3014245014245014	0.11875	0.05625	0.22550021907404702	0.16049382716049382	0.2092314987051829	0.060240963855421686	0.19753086419753085	0.05194805194805195	0.28916256157635467
fr	0.041456228956228955	0.05056179775280899	0.07664141414141415	0.03977272727272727	0.19487838639509591	0.30768321513002367	0.13043478260869565	0.2721473495058401	0.3376560999039385	1.0	0.22899892646269457	0.14523026315789472	0.18872249388753057	0.244149377593361	0.23390278544938056	0.2538121459204744	0.26114657561361837	0.09157682963862739	0.09711852120333454	0.10260727503084052	0.11748866213151926	0.2623625103983732	0.24292483032398512	0.2572069492172585	0.18620306324110672	0.280732934885184	0.1111111111111111	0.05555555555555555	0.19978724627680983	0.14655369165810794	0.19062543050006886	0.06521739130434782	0.1754190675746464	0.045454545454545456	0.3019292894191539
he	0.06521739130434782	0.1111111111111111	0.13972846290609342	0.06521739130434782	0.28207784055241686	0.2592838196286472	0.193510163157415	0.14294428994348254	0.2261904761904762	0.22899892646269457	1.0	0.15833333333333333	0.2578864353312303	0.26421188630490955	0.18857604574554043	0.20954045954045955	0.21890735146022156	0.17391304347826086	0.14967532467532466	0.11538461538461539	0.10147161470451373	0.2615384615384615	0.23162053509542074	0.3247489471979268	0.24873426382047073	0.23550317994762437	0.1882396794334172	0.07	0.2564007695722954	0.20127038301099734	0.1630760839923643	0.05454545454545454	0.2703492905036644	0.07608695652173914	0.2491164095371669
hi	0.05405405405405406	0.1111111111111111	0.12327542156361777	0.08571428571428572	0.18687887080512747	0.173834628190899	0.20454545454545456	0.10959432177659084	0.14534883720930233	0.14523026315789472	0.15833333333333333	1.0	0.1869847276659008	0.19117647058823528	0.12365591397849462	0.17554322153991497	0.15	0.1891891891891892	0.15	0.22254533014026687	0.3110294117647059	0.13970588235294118	0.16472317491425773	0.14788732394366197	0.16666666666666666	0.14596273291925466	0.1511627906976744	0.08974358974358974	0.18835412953060013	0.16666666666666666	0.14736188059856056	0.23529411764705882	0.17983367983367982	0.08333333333333333	0.14283069517726557
hu	0.113997113997114	0.11428571428571428	0.19259962049335866	0.08823529411764706	0.3183922558922559	0.2495693248124479	0.19318181818181818	0.11021235873131607	0.21707901037509975	0.18872249388753057	0.2578864353312303	0.1869847276659008	1.0	0.19882218301463928	0.16467893872612566	0.2028985507246377	0.22628571428571428	0.21825396825396826	0.1891891891891892	0.15602409638554215	0.14397932816537468	0.25994152046783625	0.26719303423848884	0.245409429280397	0.2944137507673419	0.20001172573505702	0.24324324324324326	0.09210526315789473	0.2917757417102967	0.23963361123299692	0.1842469545957918	0.056818181818181816	0.24025373331571298	0.12121212121212122	0.23582761180181852
id	0.06079638752052545	0.07377049180327869	0.09246907591559544	0.04918032786885246	0.22227742448330684	0.24316590358200915	0.15671641791044777	0.19485006518904824	0.2326604121293349	0.244149377593361	0.26421188630490955	0.19117647058823528	0.19882218301463928	1.0	0.19077811429703642	0.23988095238095236	0.23580927051671732	0.13362278850835904	0.12136243386243385	0.11924511316872428	0.12453438034833383	0.21713539870955031	0.21950635034747185	0.2464285714285714	0.22252621979024167	0.24996765010351965	0.13076923076923078	0.05384615384615385	0.2110663082437276	0.1669730392156863	0.16928446771378708	0.08461538461538462	0.2563559322033898	0.06666666666666667	0.2739106604549192
it	0.03614457831325301	0.047619047619047616	0.07687631258980877	0.03614457831325301	0.18586676481413325	0.251898983920292	0.13953488372093023	0.22353365342338066	0.25	0.23390278544938056	0.18857604574554043	0.12365591397849462	0.16467893872612566	0.19077811429703642	1.0	0.2809247490098554	0.195	0.0963855421686747	0.09523809523809523	0.09411764705882353	0.08623816685835618	0.22580645161290322	0.2300923713967192	0.22916666666666666	0.20588235294117646	0.2511389521640091	0.11477675407512403	0.05952380952380952	0.18176241810446087	0.15531216829103542	0.29091227149479576	0.056818181818181816	0.19411764705882353	0.04878048780487805	0.22295110644625207
ja	0.046153846153846156	0.06060606060606061	0.08333333333333333	0.046153846153846156	0.20133283968900406	0.2933188484519283	0.17647058823529413	0.20214024995116647	0.26153673835125446	0.2538121459204744	0.20954045954045955	0.17554322153991497	0.2028985507246377	0.23988095238095236	0.2809247490098554	1.0	0.2680955120828538	0.11363636363636363	0.12121212121212122	0.12319086386250565	0.11428571428571428	0.24050632911392406	0.23417721518987342	0.21982097186700766	0.21830985915492956	0.2303894389438944	0.1323529411764706	0.06716417910447761	0.24500765035897837	0.1742218675179569	0.24410627653123104	0.07971014492753623	0.2615127654497733	0.0625	0.26801166747690813
ko	0.06140350877192982	0.07758620689655173	0.0857487922705314	0.05172413793103448	0.22395228884590587	0.23553113553113555	0.15736728060671723	0.1641222621771821	0.24403575698912486	0.26114657561361837	0.21890735146022156	0.15	0.22628571428571428	0.23580927051671732	0.195	0.2680955120828538	1.0	0.13793103448275862	0.13879834854411124	0.09375	0.10473484848484849	0.20766627619419498	0.21163836163836164	0.22074610842726783	0.18840579710144928	0.21060011883541296	0.14754098360655737	0.075	0.24119550033085801	0.15142764438676182	0.1828907189784399	0.05303030303030303	0.23809523809523808	0.07017543859649122	0.3153454956409429
lv	0.13157894736842105	0.21052631578947367	0.2206959706959707	0.16666666666666666	0.2236842105263158	0.1271186440677966	0.18181818181818182	0.05448717948717949	0.10256410256410256	0.09157682963862739	0.17391304347826086	0.1891891891891892	0.21825396825396826	0.13362278850835904	0.0963855421686747	0.11363636363636363	0.13793103448275862	1.0	0.2608695652173913	0.16666666666666666	0.15	0.14814814814814814	0.16346153846153846	0.14984119782214156	0.2236842105263158	0.10240963855421686	0.28	0.10416666666666667	0.17795217355575643	0.2630150111785372	0.10625	0.08928571428571429	0.21621621621621623	0.15789473684210525	0.11940298507462686
mk	0.15789473684210525	0.13636363636363635	0.151268115942029	0.125	0.17079889807162535	0.1405683447170925	0.15714285714285714	0.054764347113878356	0.09375	0.09711852120333454	0.14967532467532466	0.15	0.1891891891891892	0.12136243386243385	0.09523809523809523	0.12121212121212122	0.13879834854411124	0.2608695652173913	1.0	0.13793103448275862	0.10606060606060606	0.1574074074074074	0.15504469987228608	0.12596286786490224	0.2	0.09572021116138762	0.24074074074074073	0.1	0.15555555555555556	0.24512987012987011	0.09764299918119078	0.06666666666666667	0.20024420024420025	0.2222222222222222	0.11856617647058823
ml	0.11904761904761904	0.13043478260869565	0.09259259259259259	0.11904761904761904	0.1401360544217687	0.13771929824561402	0.21212121212121213	0.063052608311229	0.1	0.10260727503084052	0.11538461538461539	0.22254533014026687	0.15602409638554215	0.11924511316872428	0.09411764705882353	0.12319086386250565	0.09375	0.16666666666666666	0.13793103448275862	1.0	0.2759259259259259	0.1206896551724138	0.13974252491694353	0.1111111111111111	0.14772727272727273	0.10861778339654446	0.12121212121212122	0.09615384615384616	0.14450905246464915	0.14825796886582654	0.09355921855921856	0.28718535469107553	0.13055555555555556	0.14285714285714285	0.0911534345203347
mr	0.08	0.11538461538461539	0.08614232209737827	0.10416666666666667	0.11224489795918367	0.12599031690140844	0.17567567567567569	0.07259244023949907	0.0963855421686747	0.11748866213151926	0.10147161470451373	0.3110294117647059	0.14397932816537468	0.12453438034833383	0.08623816685835618	0.11428571428571428	0.10473484848484849	0.15	0.10606060606060606	0.2759259259259259	1.0	0.10781490015360984	0.11666666666666667	0.09701492537313433	0.13704819277108435	0.12016595051118684	0.12857142857142856	0.10714285714285714	0.12025802488097066	0.12404761904761905	0.09643622509722993	0.2642372881355932	0.10752237136465324	0.1	0.08985645933014354
nl	0.0660377358490566	0.07272727272727272	0.1111111111111111	0.05555555555555555	0.2521128194684859	0.30970649129216904	0.16393442622950818	0.1671294857853037	0.2926829268292683	0.2623625103983732	0.2615384615384615	0.13970588235294118	0.25994152046783625	0.21713539870955031	0.22580645161290322	0.24050632911392406	0.20766627619419498	0.14814814814814814	0.1574074074074074	0.1206896551724138	0.10781490015360984	1.0	0.2608695652173913	0.2626894315399378	0.25833333333333336	0.2515262515262515	0.19444444444444445	0.07017543859649122	0.24032738095238096	0.20659495871360278	0.20945484063915235	0.056451612903225805	0.22950819672131148	0.07547169811320754	0.23714080003388177
pl	0.0673076923076923	0.08490566037735849	0.12753807106598986	0.05660377358490566	0.3007349454717876	0.29477310525065337	0.16666666666666666	0.16176349925035247	0.25	0.24292483032398512	0.23162053509542074	0.16472317491425773	0.26719303423848884	0.21950635034747185	0.2300923713967192	0.23417721518987342	0.21163836163836164	0.16346153846153846	0.15504469987228608	0.13974252491694353	0.11666666666666667	0.2608695652173913	1.0	0.2488194514216819	0.27586206896551724	0.2511990407673861	0.17619949494949494	0.07142857142857142	0.2524875621890547	0.21146276176980003	0.21127486344429558	0.06666666666666667	0.22131147540983606	0.07692307692307693	0.22183058770309497
pt	0.0603448275862069	0.07627118644067797	0.10632454488386692	0.05084745762711865	0.25203252032520324	0.3079278812974465	0.19683786078098472	0.17924771019862099	0.29411764705882354	0.2572069492172585	0.3247489471979268	0.14788732394366197	0.245409429280397	0.2464285714285714	0.22916666666666666	0.21982097186700766	0.22074610842726783	0.14984119782214156	0.12596286786490224	0.1111111111111111	0.09701492537313433	0.2626894315399378	0.2488194514216819	1.0	0.26918631530282017	0.29907927590511857	0.16971544715447154	0.06451612903225806	0.27987586985142	0.21176075268817204	0.19847119847119846	0.06060606060606061	0.21212121212121213	0.06896551724137931	0.27223996563381336
ro	0.09924812030075188	0.1	0.14886363636363636	0.07692307692307693	0.28801020408163264	0.26226700915497597	0.1875	0.12393032023904507	0.1927710843373494	0.18620306324110672	0.24873426382047073	0.16666666666666666	0.2944137507673419	0.22252621979024167	0.20588235294117646	0.21830985915492956	0.18840579710144928	0.2236842105263158	0.2	0.14772727272727273	0.13704819277108435	0.25833333333333336	0.27586206896551724	0.26918631530282017	1.0	0.21746271158035863	0.21428571428571427	0.06818181818181818	0.21965240641711228	0.28906714200831846	0.19813371131585164	0.0625	0.25510204081632654	0.10526315789473684	0.19504273504273503
ru	0.04216867469879518	0.05357142857142857	0.08669314128020462	0.03571428571428571	0.20054368702538192	0.2672798216276477	0.14702668955829562	0.24653941376349403	0.3014245014245014	0.280732934885184	0.23550317994762437	0.14596273291925466	0.20001172573505702	0.24996765010351965	0.2511389521640091	0.2303894389438944	0.21060011883541296	0.10240963855421686	0.09572021116138762	0.10861778339654446	0.12016595051118684	0.2515262515262515	0.2511990407673861	0.29907927590511857	0.21746271158035863	1.0	0.11764705882352941	0.058823529411764705	0.22985880398671096	0.166187270501836	0.23423423423423423	0.06896551724137931	0.19186046511627908	0.04819277108433735	0.25935755066189853
sh	0.13043478260869565	0.16666666666666666	0.16519360269360267	0.10416666666666667	0.20187609927692007	0.14754098360655737	0.17567567567567569	0.07051282051282051	0.11875	0.1111111111111111	0.1882396794334172	0.1511627906976744	0.24324324324324326	0.13076923076923078	0.11477675407512403	0.1323529411764706	0.14754098360655737	0.28	0.24074074074074073	0.12121212121212122	0.12857142857142856	0.19444444444444445	0.17619949494949494	0.16971544715447154	0.21428571428571427	0.11764705882352941	1.0	0.12962962962962962	0.18478260869565216	0.3125	0.10957004160887655	0.058823529411764705	0.2073170731707317	0.15217391304347827	0.147981332754504
si	0.027777777777777776	0.1111111111111111	0.043478260869565216	0.058823529411764705	0.08139534883720931	0.06557377049180328	0.07142857142857142	0.038461538461538464	0.05625	0.05555555555555555	0.07	0.08974358974358974	0.09210526315789473	0.05384615384615385	0.05952380952380952	0.06716417910447761	0.075	0.10416666666666667	0.1	0.09615384615384616	0.10714285714285714	0.07017543859649122	0.07142857142857142	0.06451612903225806	0.06818181818181818	0.058823529411764705	0.12962962962962962	1.0	0.07608695652173914	0.08333333333333333	0.05421686746987952	0.08333333333333333	0.07142857142857142	0.05555555555555555	0.07352941176470588
simple	0.07318295739348371	0.09481537050929399	0.12088274044795784	0.05813953488372093	0.2703970557744143	0.2615724231618271	0.1917605633802817	0.13960250108529737	0.22550021907404702	0.19978724627680983	0.2564007695722954	0.18835412953060013	0.2917757417102967	0.2110663082437276	0.18176241810446087	0.24500765035897837	0.24119550033085801	0.17795217355575643	0.15555555555555556	0.14450905246464915	0.12025802488097066	0.24032738095238096	0.2524875621890547	0.27987586985142	0.21965240641711228	0.22985880398671096	0.18478260869565216	0.07608695652173914	1.0	0.23826390060156294	0.17546196304295655	0.08163265306122448	0.2482960077896787	0.08333333333333333	0.26894529128498496
sr	0.11666666666666667	0.13020833333333334	0.12034632034632034	0.0967741935483871	0.2108974358974359	0.19228778467908902	0.225	0.09645199761478832	0.16049382716049382	0.14655369165810794	0.20127038301099734	0.16666666666666666	0.23963361123299692	0.1669730392156863	0.15531216829103542	0.1742218675179569	0.15142764438676182	0.2630150111785372	0.24512987012987011	0.14825796886582654	0.12404761904761905	0.20659495871360278	0.21146276176980003	0.21176075268817204	0.28906714200831846	0.166187270501836	0.3125	0.08333333333333333	0.23826390060156294	1.0	0.12855871886120995	0.08974358974358974	0.21739130434782608	0.13333333333333333	0.18095030213909885
sv	0.037037037037037035	0.0625	0.08512596899224806	0.037037037037037035	0.19936240230357877	0.2341878851296361	0.14285714285714285	0.21339728949851622	0.2092314987051829	0.19062543050006886	0.1630760839923643	0.14736188059856056	0.1842469545957918	0.16928446771378708	0.29091227149479576	0.24410627653123104	0.1828907189784399	0.10625	0.09764299918119078	0.09355921855921856	0.09643622509722993	0.20945484063915235	0.21127486344429558	0.19847119847119846	0.19813371131585164	0.23423423423423423	0.10957004160887655	0.05421686746987952	0.17546196304295655	0.12855871886120995	1.0	0.05813953488372093	0.17878541687823704	0.043209876543209874	0.1936437842901111
te	0.075	0.09090909090909091	0.037037037037037035	0.10526315789473684	0.0625	0.07936507936507936	0.14705882352941177	0.05128205128205128	0.060240963855421686	0.06521739130434782	0.05454545454545454	0.23529411764705882	0.056818181818181816	0.08461538461538462	0.056818181818181816	0.07971014492753623	0.05303030303030303	0.08928571428571429	0.06666666666666667	0.28718535469107553	0.2642372881355932	0.056451612903225805	0.06666666666666667	0.06060606060606061	0.0625	0.06896551724137931	0.058823529411764705	0.08333333333333333	0.08163265306122448	0.08974358974358974	0.05813953488372093	1.0	0.06521739130434782	0.1	0.05498863349330639
vi	0.11763038548752834	0.12162162162162163	0.1282051282051282	0.08108108108108109	0.25859854431283	0.2290832455216017	0.2111111111111111	0.1169268732501305	0.19753086419753085	0.1754190675746464	0.2703492905036644	0.17983367983367982	0.24025373331571298	0.2563559322033898	0.19411764705882353	0.2615127654497733	0.23809523809523808	0.21621621621621623	0.20024420024420025	0.13055555555555556	0.10752237136465324	0.22950819672131148	0.22131147540983606	0.21212121212121213	0.25510204081632654	0.19186046511627908	0.2073170731707317	0.07142857142857142	0.2482960077896787	0.21739130434782608	0.17878541687823704	0.06521739130434782	1.0	0.1111111111111111	0.23034134007585333
war	0.3333333333333333	0.14285714285714285	0.08333333333333333	0.125	0.08974358974358974	0.07017543859649122	0.14285714285714285	0.02564102564102564	0.05194805194805195	0.045454545454545456	0.07608695652173914	0.08333333333333333	0.12121212121212122	0.06666666666666667	0.04878048780487805	0.0625	0.07017543859649122	0.15789473684210525	0.2222222222222222	0.14285714285714285	0.1	0.07547169811320754	0.07692307692307693	0.06896551724137931	0.10526315789473684	0.04819277108433735	0.15217391304347827	0.05555555555555555	0.08333333333333333	0.13333333333333333	0.043209876543209874	0.1	0.1111111111111111	1.0	0.06156025907934305
zh	0.05397192261599042	0.06716417910447761	0.0868246279836213	0.04477611940298507	0.24135202092031013	0.2871265457994382	0.1629152272123306	0.20072786333012513	0.28916256157635467	0.3019292894191539	0.2491164095371669	0.14283069517726557	0.23582761180181852	0.2739106604549192	0.22295110644625207	0.26801166747690813	0.3153454956409429	0.11940298507462686	0.11856617647058823	0.0911534345203347	0.08985645933014354	0.23714080003388177	0.22183058770309497	0.27223996563381336	0.19504273504273503	0.25935755066189853	0.147981332754504	0.07352941176470588	0.26894529128498496	0.18095030213909885	0.1936437842901111	0.05498863349330639	0.23034134007585333	0.06156025907934305	1.0
