arz	bs	ceb	ckb	da	de	el	en	es	fr	he	hi	hu	id	it	ja	ko	lv	mk	ml	mr	nl	pl	pt	ro	ru	sh	si	simple	sr	sv	te	vi	war	zh
arz	1.0	0.3533135708365462	0.0	0.585786437626905	0.4142135623730951	0.2019703879804415	0.14305037220982025	0.12619999644862165	0.3333333333333333	0.12683775499168018	0.2458905158036953	1.0	0.26089986647008057	0.16433842959775602	0.1898407294887581	0.22066887838212576	0.15650771105652206	0.23716853256478385	0.3726822671238253	0.5	0.2896929198442134	0.28948838444733055	0.22772999919644132	0.15648711350825845	0.10893029397479811	0.30552726787943424	0.585786437626905	1.0	0.3660254037844386	0.2896929198442134	0.21392448644070292	0.0	0.24718637924871675	1.0	0.17223650761370404
bs	0.3533135708365462	1.0	0.0	0.24718637924871675	0.097949976390235	0.07388156596158009	0.09334172634386634	0.04260648528863395	0.021602118609867594	0.09741379893891194	0.10147118916619899	0.40453726661826384	0.08497973749748876	0.09915518481425924	0.05444582882122589	0.08894264922364607	0.08937972487965423	0.11896523210058257	0.13419380715769763	0.36446069528109537	0.2648162170637058	0.08740063629708965	0.08764002424282542	0.04431751498815177	0.0876180955844817	0.07556849602100094	0.1353379916390655	0.585786437626905	0.04199342615679008	0.09950524870130217	0.08631063552336994	0.0	0.06431337576845737	0.3797958971132712	0.06990879518589786
ceb	0.0	0.0	1.0	0.0	1.0	1.0	1.0	1.0	1.0	1.0	1.0	1.0	1.0	1.0	1.0	1.0	1.0	1.0	1.0	0.0	1.0	1.0	1.0	1.0	1.0	1.0	1.0	0.0	1.0	1.0	1.0	0.0	1.0	0.0	1.0
ckb	0.585786437626905	0.24718637924871675	0.0	1.0	0.585786437626905	0.585786437626905	0.44948974278317805	0.3333333333333333	0.585786437626905	0.2894658029692371	0.3534797987848214	1.0	0.5	0.41319688409934685	0.5	0.5	0.40453726661826384	0.2256567601358503	0.585786437626905	0.44948974278317805	0.2209289460626432	0.4142135623730951	0.585786437626905	0.585786437626905	0.22888525780812902	0.44948974278317805	1.0	1.0	0.44948974278317805	0.26105968475175495	0.4142135623730951	0.0	0.4142135623730951	1.0	0.5
da	0.4142135623730951	0.097949976390235	1.0	0.585786437626905	1.0	0.057150254867036995	0.0860328411338897	0.05041625914099967	0.011781738557917011	0.059389964448814725	0.09632915489079501	0.5	0.06329094315768477	0.10540086773386743	0.05356999635538952	0.06581055211886858	0.058500999488444394	0.12504966049467203	0.13035842558277363	0.44948974278317805	0.14634609432789203	0.05234888896049848	0.06925113428366914	0.08402865770993295	0.06946150792564353	0.06454770638700567	0.38742588672279304	0.44948974278317805	0.023551270073420505	0.12048719587602962	0.05686279225725773	0.0	0.04528001514350512	0.3333333333333333	0.059054545486267485
de	0.2019703879804415	0.07388156596158009	1.0	0.585786437626905	0.057150254867036995	1.0	0.04773699591371861	0.018357730527384663	0.004291665777693948	0.019555944727475006	0.07757744298223003	0.585786437626905	0.042092459409953674	0.09029340626541889	0.01917216976345861	0.031201332228013676	0.04311245089727462	0.0803190996806943	0.07308823476144774	0.44948974278317805	0.13198753181024742	0.021828448374904805	0.027424991659254185	0.029874135385028384	0.02855475888293904	0.02580038169796556	0.16231010089719472	1.0	0.01673176047664684	0.06502027144913064	0.04666361365910211	0.0	0.07051395678266001	1.0	0.03276493087355322
el	0.14305037220982025	0.09334172634386634	1.0	0.44948974278317805	0.0860328411338897	0.04773699591371861	1.0	0.04395322505896384	0.008094729053546832	0.049865332568428844	0.06451523663923989	0.585786437626905	0.05585448499396989	0.10090162770884042	0.046273140210044875	0.05206359609500177	0.05169628728725124	0.11844968616216536	0.07726271811431623	0.4134900434704663	0.14416941046742326	0.04805341606260716	0.05004860842858026	0.05088884192551202	0.045529115106371816	0.049173029284093284	0.1827341661026075	1.0	0.021188621994707824	0.11824373024461682	0.07090724890191161	0.0	0.0651262986209302	1.0	0.04966118170038121
en	0.12619999644862165	0.04260648528863395	1.0	0.3333333333333333	0.05041625914099967	0.018357730527384663	0.04395322505896384	1.0	0.003919456136652476	0.015531643939865678	0.06212081743305211	0.5	0.04070091531135733	0.03964819856605728	0.016867368575976236	0.029910726646181184	0.04097117178376162	0.04256974636160893	0.06425474922789401	0.3947846661343255	0.13804720447193372	0.02214964599513203	0.025169213826999576	0.02399899771021465	0.026190717526532577	0.0252111856773005	0.1646685970862189	0.4142135623730951	0.015500692209931456	0.048552666293783804	0.03453345417027443	0.0	0.04005807180060138	0.21175142712878625	0.030044416052871597
es	0.3333333333333333	0.021602118609867594	1.0	0.585786437626905	0.011781738557917011	0.004291665777693948	0.008094729053546832	0.003919456136652476	1.0	0.004582151921727052	0.011238870627881847	0.585786437626905	0.0060679205203629715	0.014002582227945105	0.004212186721494205	0.005755240788639266	0.006751225948412251	0.0253718303016897	0.06252171294976908	0.44948974278317805	0.14685419906293512	0.004053642536629946	0.004981279105552647	0.0043763536790154215	0.0061861233418402575	0.004812092143881241	0.22522719139308142	1.0	0.07758230038556964	0.01940345544863908	0.008153516475037263	0.0	0.013113720134591356	1.0	0.004793935621243231
fr	0.12683775499168018	0.09741379893891194	1.0	0.2894658029692371	0.059389964448814725	0.019555944727475006	0.049865332568428844	0.015531643939865678	0.004582151921727052	1.0	0.082142683595273	0.585786437626905	0.02934997303753561	0.10037943370986818	0.01806813219976152	0.02767822224236689	0.03293017187370686	0.1269713535260148	0.1845567936404941	0.3380788308512194	0.2906964963815805	0.020912746015607664	0.02494606235393686	0.022503556456888132	0.02640528115770795	0.024412027344931392	0.16243845772138252	1.0	0.01774342662498783	0.0855065679249144	0.05975613038400438	0.0	0.0895190871113049	1.0	0.025375303227246616
he	0.2458905158036953	0.10147118916619899	1.0	0.3534797987848214	0.09632915489079501	0.07757744298223003	0.06451523663923989	0.06212081743305211	0.011238870627881847	0.082142683595273	1.0	0.585786437626905	0.0901249847993761	0.1096710903601348	0.07549178760997995	0.0825754601833236	0.08140485908023952	0.11260734099640501	0.25013491573117896	0.4134900434704663	0.1748221659256122	0.07921384137259507	0.07424749907142594	0.058860117218081084	0.06293546830495131	0.07042493078058544	0.24002294646713998	1.0	0.02444388125112138	0.11737725809525906	0.09127269520463621	0.0	0.04387192513560004	1.0	0.07843683755972324
hi	1.0	0.40453726661826384	1.0	1.0	0.5	0.585786437626905	0.585786437626905	0.5	0.585786437626905	0.585786437626905	0.585786437626905	1.0	0.5	1.0	0.585786437626905	1.0	0.5	0.44948974278317805	0.585786437626905	1.0	1.0	0.585786437626905	0.5	0.585786437626905	0.5	0.5	1.0	1.0	0.5	0.5	0.5	0.0	0.5	1.0	0.585786437626905
hu	0.26089986647008057	0.08497973749748876	1.0	0.5	0.06329094315768477	0.042092459409953674	0.05585448499396989	0.04070091531135733	0.0060679205203629715	0.02934997303753561	0.0901249847993761	0.5	1.0	0.09983830774199737	0.04011567842182845	0.05158911991394891	0.05407055019299925	0.09742110117610822	0.12161193546694082	0.32037724101704074	0.1369797131978775	0.04531047664032745	0.047900221092528505	0.04271268778042087	0.0376939203897722	0.0487193173816792	0.47769742952684474	1.0	0.02190096204760102	0.08703040368279104	0.05862130306248631	0.0	0.05982205196624462	1.0	0.052628569835212746
id	0.16433842959775602	0.09915518481425924	1.0	0.41319688409934685	0.10540086773386743	0.09029340626541889	0.10090162770884042	0.03964819856605728	0.014002582227945105	0.10037943370986818	0.1096710903601348	1.0	0.09983830774199737	1.0	0.06447892868444532	0.08110414182121556	0.0899937774179832	0.12098644654215404	0.1368822224549627	0.5	0.18523526090984332	0.09257055739612291	0.08291557899600155	0.06741369949583333	0.07439788058088041	0.09215177427148949	0.1576664593532983	1.0	0.02984929044121815	0.09723569346299242	0.10742753556146098	0.0	0.07183724602886032	1.0	0.08361729413025695
it	0.1898407294887581	0.05444582882122589	1.0	0.5	0.05356999635538952	0.01917216976345861	0.046273140210044875	0.016867368575976236	0.004212186721494205	0.01806813219976152	0.07549178760997995	0.585786437626905	0.04011567842182845	0.06447892868444532	1.0	0.030561373105523346	0.04210408031946392	0.04652920434916506	0.06761212447752557	0.44948974278317805	0.14779166813443093	0.021741567924518496	0.022799164966092026	0.02234006450429735	0.02808552043470956	0.022928861002040588	0.16170481884148644	0.39564392373896007	0.015861183299757307	0.05369746586922284	0.047048387178427825	0.0	0.07088221613920817	0.5	0.02269306088654733
ja	0.22066887838212576	0.08894264922364607	1.0	0.5	0.06581055211886858	0.031201332228013676	0.05206359609500177	0.029910726646181184	0.005755240788639266	0.02767822224236689	0.0825754601833236	1.0	0.05158911991394891	0.08110414182121556	0.030561373105523346	1.0	0.038290230690781836	0.08977542962841259	0.08229591073328625	0.44948974278317805	0.16659656074141826	0.03495509437658258	0.03374142554344925	0.03439365529632305	0.035459886417494896	0.042917302394311324	0.22771246515917778	1.0	0.018414722858241934	0.08143439210241683	0.06092549759019783	0.0	0.06699466943080941	1.0	0.03422745157064449
ko	0.15650771105652206	0.08937972487965423	1.0	0.40453726661826384	0.058500999488444394	0.04311245089727462	0.05169628728725124	0.04097117178376162	0.006751225948412251	0.03293017187370686	0.08140485908023952	0.5	0.05407055019299925	0.0899937774179832	0.04210408031946392	0.038290230690781836	1.0	0.12064055275053397	0.0957550690194871	0.3597752501562547	0.1358404538387564	0.04587297345546296	0.04753922156316182	0.04557749392771956	0.04395787864956975	0.04548648650721185	0.20799159651347807	1.0	0.017795199090814055	0.08562621515623743	0.055479469386296026	0.0	0.07282847156972966	1.0	0.04475600743987149
lv	0.23716853256478385	0.11896523210058257	1.0	0.2256567601358503	0.12504966049467203	0.0803190996806943	0.11844968616216536	0.04256974636160893	0.0253718303016897	0.1269713535260148	0.11260734099640501	0.44948974278317805	0.09742110117610822	0.12098644654215404	0.04652920434916506	0.08977542962841259	0.12064055275053397	1.0	0.16401432635218144	0.3082537331722138	0.46003646796106507	0.09995473606391721	0.11605968634187952	0.03926533148369916	0.10468336927984377	0.09918886629147958	0.14671378270428673	1.0	0.04509762848713792	0.13167977263408479	0.10218468353235584	0.0	0.05044770570536871	1.0	0.0968158849363637
mk	0.3726822671238253	0.13419380715769763	1.0	0.585786437626905	0.13035842558277363	0.07308823476144774	0.07726271811431623	0.06425474922789401	0.06252171294976908	0.1845567936404941	0.25013491573117896	0.585786437626905	0.12161193546694082	0.1368822224549627	0.06761212447752557	0.08229591073328625	0.0957550690194871	0.16401432635218144	1.0	0.5	0.22146970473998176	0.09385589400985427	0.1112536415121385	0.060814081757310706	0.2532333395452233	0.08621381218245647	0.3477870010038738	1.0	0.10625361404282706	0.1490816070833521	0.10842941253022685	0.0	0.15942427352931443	1.0	0.06686632692460147
ml	0.5	0.36446069528109537	0.0	0.44948974278317805	0.44948974278317805	0.44948974278317805	0.4134900434704663	0.3947846661343255	0.44948974278317805	0.3380788308512194	0.4134900434704663	1.0	0.32037724101704074	0.5	0.44948974278317805	0.44948974278317805	0.3597752501562547	0.3082537331722138	0.5	1.0	0.2397935488646824	0.4142135623730951	0.4142135623730951	0.38742588672279304	0.30183727125867177	0.3380788308512194	1.0	1.0	0.4142135623730951	0.3281814059316632	0.4142135623730951	0.0	0.38742588672279304	1.0	0.4142135623730951
mr	0.2896929198442134	0.2648162170637058	1.0	0.2209289460626432	0.14634609432789203	0.13198753181024742	0.14416941046742326	0.13804720447193372	0.14685419906293512	0.2906964963815805	0.1748221659256122	1.0	0.1369797131978775	0.18523526090984332	0.14779166813443093	0.16659656074141826	0.1358404538387564	0.46003646796106507	0.22146970473998176	0.2397935488646824	1.0	0.1589249451159296	0.13903941725574884	0.1325532174528481	0.4420431417833776	0.15347705607140036	0.3660254037844386	1.0	0.13065123133193488	0.5519725590610216	0.18435045802163644	0.0	0.17316053342302376	1.0	0.1348912107663874
nl	0.28948838444733055	0.08740063629708965	1.0	0.4142135623730951	0.05234888896049848	0.021828448374904805	0.04805341606260716	0.02214964599513203	0.004053642536629946	0.020912746015607664	0.07921384137259507	0.585786437626905	0.04531047664032745	0.09257055739612291	0.021741567924518496	0.03495509437658258	0.04587297345546296	0.09995473606391721	0.09385589400985427	0.4142135623730951	0.1589249451159296	1.0	0.030449134131565966	0.029428612167077105	0.03169203420438118	0.029225690170155142	0.21752661269184695	1.0	0.017820762758679175	0.0793705904511984	0.03751558027910439	0.0	0.05260201414763038	0.585786437626905	0.035470605038359894
pl	0.22772999919644132	0.08764002424282542	1.0	0.585786437626905	0.06925113428366914	0.027424991659254185	0.05004860842858026	0.025169213826999576	0.004981279105552647	0.02494606235393686	0.07424749907142594	0.5	0.047900221092528505	0.08291557899600155	0.022799164966092026	0.03374142554344925	0.04753922156316182	0.11605968634187952	0.1112536415121385	0.4142135623730951	0.13903941725574884	0.030449134131565966	1.0	0.0323520082710476	0.032193026751989644	0.0282547846500601	0.168900576536373	0.4364916731037085	0.0177963200015215	0.07309136274024451	0.057634558174944846	0.0	0.085279299481987	0.5	0.03218801421027134
pt	0.15648711350825845	0.04431751498815177	1.0	0.585786437626905	0.08402865770993295	0.029874135385028384	0.05088884192551202	0.02399899771021465	0.0043763536790154215	0.022503556456888132	0.058860117218081084	0.585786437626905	0.04271268778042087	0.06741369949583333	0.02234006450429735	0.03439365529632305	0.04557749392771956	0.03926533148369916	0.060814081757310706	0.38742588672279304	0.1325532174528481	0.029428612167077105	0.0323520082710476	1.0	0.02964650831229605	0.031138528360915824	0.2894658029692371	1.0	0.017950557969127996	0.053699972722588814	0.05507750761938502	0.0	0.10420743213158516	1.0	0.0400593394185563
ro	0.10893029397479811	0.0876180955844817	1.0	0.22888525780812902	0.06946150792564353	0.02855475888293904	0.045529115106371816	0.026190717526532577	0.0061861233418402575	0.02640528115770795	0.06293546830495131	0.5	0.0376939203897722	0.07439788058088041	0.02808552043470956	0.035459886417494896	0.04395787864956975	0.10468336927984377	0.2532333395452233	0.30183727125867177	0.4420431417833776	0.03169203420438118	0.032193026751989644	0.02964650831229605	1.0	0.0298434306483695	0.15046958450862008	1.0	0.023044002734523217	0.0925089060990904	0.05269634848669645	0.0	0.06257351323335933	1.0	0.03458428719779413
ru	0.30552726787943424	0.07556849602100094	1.0	0.44948974278317805	0.06454770638700567	0.02580038169796556	0.049173029284093284	0.0252111856773005	0.004812092143881241	0.024412027344931392	0.07042493078058544	0.5	0.0487193173816792	0.09215177427148949	0.022928861002040588	0.042917302394311324	0.04548648650721185	0.09918886629147958	0.08621381218245647	0.3380788308512194	0.15347705607140036	0.029225690170155142	0.0282547846500601	0.031138528360915824	0.0298434306483695	1.0	0.2612038749637414	1.0	0.01752239278424176	0.07649477555009167	0.057102477250650104	0.0	0.07217988043838235	1.0	0.029197722608060903
sh	0.585786437626905	0.1353379916390655	1.0	1.0	0.38742588672279304	0.16231010089719472	0.1827341661026075	0.1646685970862189	0.22522719139308142	0.16243845772138252	0.24002294646713998	1.0	0.47769742952684474	0.1576664593532983	0.16170481884148644	0.22771246515917778	0.20799159651347807	0.14671378270428673	0.3477870010038738	1.0	0.3660254037844386	0.21752661269184695	0.168900576536373	0.2894658029692371	0.15046958450862008	0.2612038749637414	1.0	0.5	1.0	0.11286607038870304	0.3660254037844386	0.0	0.585786437626905	0.585786437626905	0.20358396050643826
si	1.0	0.585786437626905	0.0	1.0	0.44948974278317805	1.0	1.0	0.4142135623730951	1.0	1.0	1.0	1.0	1.0	1.0	0.39564392373896007	1.0	1.0	1.0	1.0	1.0	1.0	1.0	0.4364916731037085	1.0	1.0	1.0	0.5	1.0	1.0	1.0	1.0	1.0	1.0	1.0	1.0
simple	0.3660254037844386	0.04199342615679008	1.0	0.44948974278317805	0.023551270073420505	0.01673176047664684	0.021188621994707824	0.015500692209931456	0.07758230038556964	0.01774342662498783	0.02444388125112138	0.5	0.02190096204760102	0.02984929044121815	0.015861183299757307	0.018414722858241934	0.017795199090814055	0.04509762848713792	0.10625361404282706	0.4142135623730951	0.13065123133193488	0.017820762758679175	0.0177963200015215	0.017950557969127996	0.023044002734523217	0.01752239278424176	1.0	1.0	1.0	0.037772846744573214	0.02129554080471841	0.0	0.04580207238535919	0.585786437626905	0.017364318355036205
sr	0.2896929198442134	0.09950524870130217	1.0	0.26105968475175495	0.12048719587602962	0.06502027144913064	0.11824373024461682	0.048552666293783804	0.01940345544863908	0.0855065679249144	0.11737725809525906	0.5	0.08703040368279104	0.09723569346299242	0.05369746586922284	0.08143439210241683	0.08562621515623743	0.13167977263408479	0.1490816070833521	0.3281814059316632	0.5519725590610216	0.0793705904511984	0.07309136274024451	0.053699972722588814	0.0925089060990904	0.07649477555009167	0.11286607038870304	1.0	0.037772846744573214	1.0	0.08828482438799806	0.0	0.05064350286851928	1.0	0.07780894857879436
sv	0.21392448644070292	0.08631063552336994	1.0	0.4142135623730951	0.05686279225725773	0.04666361365910211	0.07090724890191161	0.03453345417027443	0.008153516475037263	0.05975613038400438	0.09127269520463621	0.5	0.05862130306248631	0.10742753556146098	0.047048387178427825	0.06092549759019783	0.055479469386296026	0.10218468353235584	0.10842941253022685	0.4142135623730951	0.18435045802163644	0.03751558027910439	0.057634558174944846	0.05507750761938502	0.05269634848669645	0.057102477250650104	0.3660254037844386	1.0	0.02129554080471841	0.08828482438799806	1.0	0.0	0.08745963155065375	0.5	0.06254778611414596
te	0.0	0.0	0.0	0.0	0.0	0.0	0.0	0.0	0.0	0.0	0.0	0.0	0.0	0.0	0.0	0.0	0.0	0.0	0.0	0.0	0.0	0.0	0.0	0.0	0.0	0.0	0.0	1.0	0.0	0.0	0.0	0.0	0.0	1.0	0.0
vi	0.24718637924871675	0.06431337576845737	1.0	0.4142135623730951	0.04528001514350512	0.07051395678266001	0.0651262986209302	0.04005807180060138	0.013113720134591356	0.0895190871113049	0.04387192513560004	0.5	0.05982205196624462	0.07183724602886032	0.07088221613920817	0.06699466943080941	0.07282847156972966	0.05044770570536871	0.15942427352931443	0.38742588672279304	0.17316053342302376	0.05260201414763038	0.085279299481987	0.10420743213158516	0.06257351323335933	0.07217988043838235	0.585786437626905	1.0	0.04580207238535919	0.05064350286851928	0.08745963155065375	0.0	1.0	1.0	0.06540809693282486
war	1.0	0.3797958971132712	0.0	1.0	0.3333333333333333	1.0	1.0	0.21175142712878625	1.0	1.0	1.0	1.0	1.0	1.0	0.5	1.0	1.0	1.0	1.0	1.0	1.0	0.585786437626905	0.5	1.0	1.0	1.0	0.585786437626905	1.0	0.585786437626905	1.0	0.5	1.0	1.0	1.0	1.0
zh	0.17223650761370404	0.06990879518589786	1.0	0.5	0.059054545486267485	0.03276493087355322	0.04966118170038121	0.030044416052871597	0.004793935621243231	0.025375303227246616	0.07843683755972324	0.585786437626905	0.052628569835212746	0.08361729413025695	0.02269306088654733	0.03422745157064449	0.04475600743987149	0.0968158849363637	0.06686632692460147	0.4142135623730951	0.1348912107663874	0.035470605038359894	0.03218801421027134	0.0400593394185563	0.03458428719779413	0.029197722608060903	0.20358396050643826	1.0	0.017364318355036205	0.07780894857879436	0.06254778611414596	0.0	0.06540809693282486	1.0	1.0
