arz	bs	ceb	ckb	da	de	el	en	es	fr	he	hi	hu	id	it	ja	ko	lv	mk	ml	mr	nl	pl	pt	ro	ru	sh	si	simple	sr	sv	te	tr	vi	war	zh
arz	0.0	0.0	0.0	0.0	0.0	0.0	0.0	0.0	0.0	0.0	0.0	0.0	0.0	0.0	0.0	0.0	0.0	0.0	0.0	0.0	0.0	0.0	0.0	0.0	0.0	0.0	0.0	0.0	0.0	0.0	0.0	0.0	0.0	0.0	0.0	0.0
bs	0.0	1.0	0.0	0.0	0.0	0.0033284023668639054	0.0031785909339158928	0.015480931192615888	0.00012286658922348317	0.055355017336852455	1.1182555213866369e-05	0.0	0.0023725313591529185	0.000722158030397298	0.00015638089919017034	3.35304176772362e-05	0.0017963807886442285	0.0	0.0	0.0	0.0	0.04334344251756502	0.0024731253709688057	0.0014921908677918891	0.009881239082574498	0.003275502516677767	0.02264643770145604	0.0	0.0	0.014683835866683875	0.00014525301958681101	0.0	0.0	0.001560390429605365	0.0	0.0018384376582487505
ceb	0.0	0.0	0.0	0.0	0.0	0.0	0.0	0.0	0.0	0.0	0.0	0.0	0.0	0.0	0.0	0.0	0.0	0.0	0.0	0.0	0.0	0.0	0.0	0.0	0.0	0.0	0.0	0.0	0.0	0.0	0.0	0.0	-1.0	0.0	0.0	0.0
ckb	0.0	0.0	0.0	0.0	0.0	0.0	0.0	0.0	0.0	0.0	0.0	0.0	0.0	0.0	0.0	0.0	0.0	0.0	0.0	0.0	0.0	0.0	0.0	0.0	0.0	0.0	0.0	0.0	0.0	0.0	0.0	0.0	0.0	0.0	0.0	0.0
da	0.0	0.0	0.0	0.0	0.0	0.0	0.0	0.0	0.0	0.0	0.0	0.0	0.0	0.0	0.0	0.0	0.0	0.0	0.0	0.0	0.0	0.0	0.0	0.0	0.0	0.0	0.0	0.0	0.0	0.0	0.0	0.0	0.0	0.0	0.25	0.0
de	0.0	0.0033284023668639054	0.0	0.0	0.0	1.0	0.008281972265023113	0.011029831980797806	0.00034106412005457026	0.003132536437034707	0.0	0.0	0.005620406398616515	0.0028926815157651145	0.0010238907849829352	0.0003487966515521451	0.007033997655334115	0.0	0.0	0.0	0.0	0.0029689819517149775	0.00065302568567697	0.0005002501250625312	0.013052208835341365	0.0011370096645821489	0.001978447550092608	0.0	0.0	0.0027647399215585417	0.0006887052341597796	0.0	0.0	0.005937016004130098	0.0	0.0006824385805277526
el	0.0	0.0031785909339158928	0.0	0.0	0.0	0.008281972265023113	1.0	0.02708803611738149	0.0019786307874950534	0.005294917671292567	0.0	0.0	0.0643465197796695	0.03967446592065107	0.0023752969121140144	0.002438033319788704	0.05016181229773463	0.0	0.0	0.0	0.0	0.0027950004920775516	0.001431980906921241	0.0005560189046427579	0.07962458371177718	0.0016413623307345096	0.003516295025728988	0.0	0.0	0.0027717283706196793	0.0032038446135362435	0.0	0.0	0.023119695639449808	0.0	0.0025075225677031092
en	0.0	0.015480931192615888	0.0	0.0	0.0	0.011029831980797806	0.02708803611738149	1.0	0.0014030867909400682	0.024671223845379783	0.0	0.0	0.02603942762390223	0.010086549098718032	0.0011355286887983435	0.0008047749983233854	0.02276992368322282	0.0	0.0	0.0	0.0	0.013669501822600244	0.0017445707754316308	0.0016220600162206002	0.09052373775433309	0.0028921795465062473	0.011937350077606886	0.0	0.0	0.008130377716202421	0.0010705921712947475	0.0	0.0	0.016180405147152504	0.0	0.0035986581274778896
es	0.0	0.00012286658922348317	0.0	0.0	0.0	0.00034106412005457026	0.0019786307874950534	0.0014030867909400682	1.0	0.0001896556395459102	0.0	0.0	0.004639175257731959	0.003942181340341655	0.0	0.0	0.0025188916876574307	0.0	0.0	0.0	0.0	0.00014392039146346477	0.0	0.0	0.0035859431030360986	0.00038774718883288094	0.00018960940462646946	0.0	0.0	0.0001551470017841905	0.0	0.0	0.0	0.0016778523489932886	0.0	0.0
fr	0.0	0.055355017336852455	0.0	0.0	0.0	0.003132536437034707	0.005294917671292567	0.024671223845379783	0.0001896556395459102	1.0	0.0	0.0	0.004533971546336923	0.001616248686797942	0.00014900908955446283	0.00017626162648805489	0.0037510178473696156	0.0	0.0	0.0	0.0	0.04043541907809627	0.002123818625889349	0.0016984967634943561	0.0203705777678227	0.0030150224480928996	0.030422388092181143	0.0	0.0	0.014687423014206445	0.00014906360950754804	0.0	0.0	0.0026945505730947114	0.0	0.004120604355305445
he	0.0	1.1182555213866369e-05	0.0	0.0	0.0	0.0	0.0	0.0	0.0	0.0	1.0	0.0	0.0	0.0	0.0	0.0	0.0006765899864682003	0.0	0.0	0.0	0.0	0.0	0.0	0.0	0.0	0.0	0.0	0.0	0.0	0.0	0.0	0.0	0.0	0.0	0.0	0.0
hi	0.0	0.0	0.0	0.0	0.0	0.0	0.0	0.0	0.0	0.0	0.0	0.0	0.0	0.0	0.0	0.0	0.0	0.0	0.0	0.0	0.0	0.0	0.0	0.0	0.0	0.0	0.0	0.0	0.0	0.0	0.0	0.0	0.0	0.0	0.0	0.0
hu	0.0	0.0023725313591529185	0.0	0.0	0.0	0.005620406398616515	0.0643465197796695	0.02603942762390223	0.004639175257731959	0.004533971546336923	0.0	0.0	1.0	0.0665807560137457	0.004121586810922205	0.0042643923240938165	0.11070110701107011	0.0	0.0	0.0	0.0	0.002428247283149556	0.0011083402604599613	0.0	0.12089982269503546	0.0006983240223463687	0.003341687552213868	0.0	0.0	0.0016451878256100905	0.0036553524804177544	0.0	0.0	0.03297872340425532	0.0	0.002936857562408223
id	0.0	0.000722158030397298	0.0	0.0	0.0	0.0028926815157651145	0.03967446592065107	0.010086549098718032	0.003942181340341655	0.001616248686797942	0.0	0.0	0.0665807560137457	1.0	0.001310615989515072	0.004310344827586207	0.059292476332835076	0.0	0.0	0.0	0.0	0.0007936507936507937	0.0008244023083264633	0.000546448087431694	0.03982300884955752	0.00032123353678124	0.0006938341273879458	0.0	0.0	0.0006707407959457445	0.006830601092896175	0.0	0.0	0.0176678445229682	0.0	0.001347103726986978
it	0.0	0.00015638089919017034	0.0	0.0	0.0	0.0010238907849829352	0.0023752969121140144	0.0011355286887983435	0.0	0.00014900908955446283	0.0	0.0	0.004121586810922205	0.001310615989515072	1.0	0.0	0.00315059861373661	0.0	0.0	0.0	0.0	0.0001644838291835434	0.0	0.0007716049382716049	0.0014312977099236641	0.00038774718883288094	0.0	0.0	0.0	0.0	0.0	0.0	0.0	0.0	0.0	0.0
ja	0.0	3.35304176772362e-05	0.0	0.0	0.0	0.0003487966515521451	0.002438033319788704	0.0008047749983233854	0.0	0.00017626162648805489	0.0	0.0	0.0042643923240938165	0.004310344827586207	0.0	1.0	0.0026263952724885093	0.0	0.0	0.0	0.0	4.117090040759191e-05	0.0	0.0	0.0010814708002883922	0.0	4.754207473614148e-05	0.0	0.0	7.796055196070789e-05	0.0	0.0	0.0	0.0008865248226950354	0.0	0.0
ko	0.0	0.0017963807886442285	0.0	0.0	0.0	0.007033997655334115	0.05016181229773463	0.02276992368322282	0.0025188916876574307	0.0037510178473696156	0.0006765899864682003	0.0	0.11070110701107011	0.059292476332835076	0.00315059861373661	0.0026263952724885093	1.0	0.0	0.0	0.0	0.0	0.001943498296934482	0.0012300123001230013	0.0015065913370998117	0.08398133748055987	0.0007616146230007616	0.002409853623705819	0.0	0.0	0.0013346445630795167	0.0019206145966709346	0.0	0.0	0.02527075812274368	0.0	0.001965923984272608
lv	0.0	0.0	0.0	0.0	0.0	0.0	0.0	0.0	0.0	0.0	0.0	0.0	0.0	0.0	0.0	0.0	0.0	0.0	0.0	0.0	0.0	0.0	0.0	0.0	0.0	0.0	0.0	0.0	0.0	0.0	0.0	0.0	0.0	0.0	0.0	0.0
mk	0.0	0.0	0.0	0.0	0.0	0.0	0.0	0.0	0.0	0.0	0.0	0.0	0.0	0.0	0.0	0.0	0.0	0.0	0.0	0.0	0.0	0.0	0.0	0.0	0.0	0.0	0.0	0.0	0.0	0.0	0.0	0.0	0.0	0.0	0.0	0.0
ml	0.0	0.0	0.0	0.0	0.0	0.0	0.0	0.0	0.0	0.0	0.0	0.0	0.0	0.0	0.0	0.0	0.0	0.0	0.0	0.0	0.0	0.0	0.0	0.0	0.0	0.0	0.0	0.0	0.0	0.0	0.0	0.0	0.0	0.0	0.0	0.0
mr	0.0	0.0	0.0	0.0	0.0	0.0	0.0	0.0	0.0	0.0	0.0	0.0	0.0	0.0	0.0	0.0	0.0	0.0	0.0	0.0	0.0	0.0	0.0	0.0	0.0	0.0	0.0	0.0	0.0	0.0	0.0	0.0	0.0	0.0	0.0	0.0
nl	0.0	0.04334344251756502	0.0	0.0	0.0	0.0029689819517149775	0.0027950004920775516	0.013669501822600244	0.00014392039146346477	0.04043541907809627	0.0	0.0	0.002428247283149556	0.0007936507936507937	0.0001644838291835434	4.117090040759191e-05	0.001943498296934482	0.0	0.0	0.0	0.0	1.0	0.0021313891876817656	0.0013899240577724956	0.00913014903103185	0.003088241079507455	0.019924585882594596	0.0	0.0	0.013539651837524178	8.228082445386102e-05	0.0	0.0	0.0014938932068234581	0.0	0.0020195960807838434
pl	0.0	0.0024731253709688057	0.0	0.0	0.0	0.00065302568567697	0.001431980906921241	0.0017445707754316308	0.0	0.002123818625889349	0.0	0.0	0.0011083402604599613	0.0008244023083264633	0.0	0.0	0.0012300123001230013	0.0	0.0	0.0	0.0	0.0021313891876817656	1.0	0.0	0.0017924716191993627	0.0018885741265344666	0.002333670908370393	0.0	0.0	0.002134104364587636	0.0	0.0	0.0	0.0007002801120448179	0.0	0.0005955926146515784
pt	0.0	0.0014921908677918891	0.0	0.0	0.0	0.0005002501250625312	0.0005560189046427579	0.0016220600162206002	0.0	0.0016984967634943561	0.0	0.0	0.0	0.000546448087431694	0.0007716049382716049	0.0	0.0015065913370998117	0.0	0.0	0.0	0.0	0.0013899240577724956	0.0	1.0	0.0017997035782341732	0.0005486968449931413	0.0017172036693931041	0.0	0.0	0.0013628864500394519	0.0	0.0	0.0	0.001328609388839681	0.0	0.0010869565217391304
ro	0.0	0.009881239082574498	0.0	0.0	0.0	0.013052208835341365	0.07962458371177718	0.09052373775433309	0.0035859431030360986	0.0203705777678227	0.0	0.0	0.12089982269503546	0.03982300884955752	0.0014312977099236641	0.0010814708002883922	0.08398133748055987	0.0	0.0	0.0	0.0	0.00913014903103185	0.0017924716191993627	0.0017997035782341732	1.0	0.001958041958041958	0.01063609365287658	0.0	0.0	0.0065481311538093875	0.0022754491017964074	0.0	0.0	0.04686276702829661	0.0	0.004993376133700194
ru	0.0	0.003275502516677767	0.0	0.0	0.0	0.0011370096645821489	0.0016413623307345096	0.0028921795465062473	0.00038774718883288094	0.0030150224480928996	0.0	0.0	0.0006983240223463687	0.00032123353678124	0.00038774718883288094	0.0	0.0007616146230007616	0.0	0.0	0.0	0.0	0.003088241079507455	0.0018885741265344666	0.0005486968449931413	0.001958041958041958	1.0	0.003251475998973218	0.0	0.0	0.00203786484354457	0.0	0.0	0.0	0.000564652738565782	0.0	0.0007420232500618352
sh	0.0	0.02264643770145604	0.0	0.0	0.0	0.001978447550092608	0.003516295025728988	0.011937350077606886	0.00018960940462646946	0.030422388092181143	0.0	0.0	0.003341687552213868	0.0006938341273879458	0.0	4.754207473614148e-05	0.002409853623705819	0.0	0.0	0.0	0.0	0.019924585882594596	0.002333670908370393	0.0017172036693931041	0.01063609365287658	0.003251475998973218	1.0	0.0	0.0	0.011261868391889059	4.745634016704632e-05	0.0	0.0	0.0014524328249818446	0.0	0.002710508775827594
si	0.0	0.0	0.0	0.0	0.0	0.0	0.0	0.0	0.0	0.0	0.0	0.0	0.0	0.0	0.0	0.0	0.0	0.0	0.0	0.0	0.0	0.0	0.0	0.0	0.0	0.0	0.0	0.0	0.0	0.0	0.0	0.0	0.0	0.0	0.0	0.0
simple	0.0	0.0	0.0	0.0	0.0	0.0	0.0	0.0	0.0	0.0	0.0	0.0	0.0	0.0	0.0	0.0	0.0	0.0	0.0	0.0	0.0	0.0	0.0	0.0	0.0	0.0	0.0	0.0	0.0	0.0	0.0	0.0	0.0	0.0	0.0	0.0
sr	0.0	0.014683835866683875	0.0	0.0	0.0	0.0027647399215585417	0.0027717283706196793	0.008130377716202421	0.0001551470017841905	0.014687423014206445	0.0	0.0	0.0016451878256100905	0.0006707407959457445	0.0	7.796055196070789e-05	0.0013346445630795167	0.0	0.0	0.0	0.0	0.013539651837524178	0.002134104364587636	0.0013628864500394519	0.0065481311538093875	0.00203786484354457	0.011261868391889059	0.0	0.0	1.0	0.0	0.0	0.0	0.001517779705117086	0.0	0.0018838961763885012
sv	0.0	0.00014525301958681101	0.0	0.0	0.0	0.0006887052341597796	0.0032038446135362435	0.0010705921712947475	0.0	0.00014906360950754804	0.0	0.0	0.0036553524804177544	0.006830601092896175	0.0	0.0	0.0019206145966709346	0.0	0.0	0.0	0.0	8.228082445386102e-05	0.0	0.0	0.0022754491017964074	0.0	4.745634016704632e-05	0.0	0.0	0.0	1.0	0.0	0.0	0.0017167381974248926	0.0	0.0
te	0.0	0.0	0.0	0.0	0.0	0.0	0.0	0.0	0.0	0.0	0.0	0.0	0.0	0.0	0.0	0.0	0.0	0.0	0.0	0.0	0.0	0.0	0.0	0.0	0.0	0.0	0.0	0.0	0.0	0.0	0.0	0.0	0.0	0.0	0.0	0.0
tr	0.0	0.0	-1.0	0.0	0.0	0.0	0.0	0.0	0.0	0.0	0.0	0.0	0.0	0.0	0.0	0.0	0.0	0.0	0.0	0.0	0.0	0.0	0.0	0.0	0.0	0.0	0.0	0.0	0.0	0.0	0.0	0.0	1.0	0.0	0.0	0.0
vi	0.0	0.001560390429605365	0.0	0.0	0.0	0.005937016004130098	0.023119695639449808	0.016180405147152504	0.0016778523489932886	0.0026945505730947114	0.0	0.0	0.03297872340425532	0.0176678445229682	0.0	0.0008865248226950354	0.02527075812274368	0.0	0.0	0.0	0.0	0.0014938932068234581	0.0007002801120448179	0.001328609388839681	0.04686276702829661	0.000564652738565782	0.0014524328249818446	0.0	0.0	0.001517779705117086	0.0017167381974248926	0.0	0.0	1.0	0.0	0.0033949453036589967
war	0.0	0.0	0.0	0.0	0.25	0.0	0.0	0.0	0.0	0.0	0.0	0.0	0.0	0.0	0.0	0.0	0.0	0.0	0.0	0.0	0.0	0.0	0.0	0.0	0.0	0.0	0.0	0.0	0.0	0.0	0.0	0.0	0.0	0.0	1.0	0.0
zh	0.0	0.0018384376582487505	0.0	0.0	0.0	0.0006824385805277526	0.0025075225677031092	0.0035986581274778896	0.0	0.004120604355305445	0.0	0.0	0.002936857562408223	0.001347103726986978	0.0	0.0	0.001965923984272608	0.0	0.0	0.0	0.0	0.0020195960807838434	0.0005955926146515784	0.0010869565217391304	0.004993376133700194	0.0007420232500618352	0.002710508775827594	0.0	0.0	0.0018838961763885012	0.0	0.0	0.0	0.0033949453036589967	0.0	1.0
