arz	bs	ceb	ckb	da	de	el	en	es	fr	he	hi	hu	id	it	ja	ko	lv	mk	ml	mr	nl	pl	pt	ro	ru	sh	si	simple	sr	sv	te	tr	vi	war	zh
arz	0.5	0.5	0.0	0.5	0.5	0.5	0.5	0.5	0.5	0.5	0.5	0.5	0.5	0.5	0.5	0.5	0.5	0.5	0.5	0.5	0.5	0.5	0.5	0.5	0.5	0.5	0.5	1.0	0.5	0.5	0.5	0.5	0.5	0.5	0.5	0.5
bs	0.5	0.0012876986550132603	1.0	1.0	0.2	0.0026688445172996142	0.012705023029835403	0.004212122382230755	0.006452070801248699	0.0017169063794626766	0.07692899408284024	1.0	0.013930680744418153	0.020026030037251268	0.013891589891975309	0.015385325443786983	0.013186177947344897	1.0	0.0011918951132300357	1.0	0.3333333333333333	0.0011858610875123581	0.0012288408970458741	0.0012332509118638446	0.009005435339961522	0.0012184720351254726	0.0013897482152228403	0.3333333333333333	0.25	0.0011634386496604887	0.01492826954778347	0.5	0.14285714285714285	0.007700660602438181	0.25	0.0020927813852611647
ceb	0.0	1.0	0.3333333333333333	0.0	1.0	0.5	0.0	0.3333333333333333	0.5	1.0	0.5	0.5	1.0	0.5	0.5	0.5	0.5	1.0	1.0	1.0	0.0	1.0	1.0	0.5	0.5	0.5	1.0	0.5	1.0	1.0	1.0	0.0	-1.0	0.5	1.0	0.5
ckb	0.5	1.0	0.0	1.0	0.0	1.0	1.0	1.0	0.0	1.0	0.0	0.0	0.0	0.0	0.0	1.0	0.0	0.0	1.0	0.0	0.3333333333333333	1.0	1.0	1.0	0.0	1.0	1.0	0.3333333333333333	0.0	1.0	1.0	0.5	0.125	0.0	0.25	1.0
da	0.5	0.2	1.0	0.0	0.2	0.25	0.5	0.25	0.25	0.25	0.3333333333333333	1.0	0.3333333333333333	0.5	0.25	0.25	0.25	1.0	0.3333333333333333	1.0	0.3333333333333333	0.25	0.25	0.25	0.3333333333333333	0.25	0.3333333333333333	0.3333333333333333	0.5	0.25	0.3333333333333333	0.5	0.16666666666666666	0.25	0.25006256256256254	0.25
de	0.5	0.0026688445172996142	0.5	1.0	0.25	0.002589452968717469	0.013340981512889776	0.00474367575243501	0.0068027673654495815	0.0038645701799802368	0.05555555555555555	1.0	0.014711507787198746	0.020837674914063367	0.01315841412742382	0.013513696128560994	0.013163091586738397	1.0	0.002702702702702703	1.0	0.3333333333333333	0.0026965225988696538	0.0026385433128424335	0.002624685693815832	0.00918636252994456	0.002824906636024131	0.0035341558266428594	0.3333333333333333	0.25	0.0026741042351868796	0.01449317370300357	0.5	0.07142857142857142	0.008066012031802874	0.25	0.004291900753375454
el	0.5	0.012705023029835403	0.0	1.0	0.5	0.013340981512889776	0.013057757571157578	0.013597275103171906	0.015152662993572083	0.013587143314144455	0.2	1.0	0.021861264157911762	0.028667249975346736	0.035721938775510206	0.02564497107166338	0.022314457389326824	1.0	0.012658227848101266	1.0	0.3333333333333333	0.012843891255202841	0.012659189232494792	0.01282084155161078	0.01811232450420592	0.014707612456747404	0.014100795704460666	0.3333333333333333	1.0	0.012664961065213906	0.028577959183673465	0.5	0.125	0.01788237346340988	0.25	0.0138908180941358
en	0.5	0.004212122382230755	0.3333333333333333	1.0	0.25	0.00474367575243501	0.013597275103171906	0.004147173089038427	0.006623437831761809	0.004697766997945448	0.05	1.0	0.013778654924971724	0.019667621889606093	0.012660952572023713	0.01315997247229917	0.012557133037890932	1.0	0.00425531914893617	1.0	0.3333333333333333	0.004199122513843084	0.003968710695389267	0.004016483653505588	0.008922351662838283	0.004386926900623268	0.004726410232081833	0.3333333333333333	0.25	0.004205621074961764	0.015877047871000253	0.5	0.05555555555555555	0.007648418098588289	0.25	0.0049275404402679265
es	0.5	0.006452070801248699	0.5	0.0	0.25	0.0068027673654495815	0.015152662993572083	0.006623437831761809	0.006139300992210886	0.006494096896609884	0.07692307692307693	1.0	0.014086292799047809	0.0200012	0.016666666666666666	0.015873015873015872	0.01298768780570079	1.0	0.006493506493506494	1.0	0.3333333333333333	0.0064105440499671274	0.006172839506172839	0.006289308176100629	0.009176837640097633	0.007246429321571099	0.007092399778683164	0.3333333333333333	0.25	0.0065360331496433	0.019230769230769232	0.5	0.07142857142857142	0.008620838287752676	0.25	0.006756756756756757
fr	0.5	0.0017169063794626766	1.0	1.0	0.25	0.0038645701799802368	0.013587143314144455	0.004697766997945448	0.006494096896609884	0.0018857811010664727	0.07142857142857142	1.0	0.013954991573356093	0.0200481219043422	0.013700694689435165	0.014288367755102041	0.012544066828470393	1.0	0.0017301038062283738	1.0	0.3333333333333333	0.0016999605118263306	0.0016783028889689657	0.0016838617006286203	0.00897964727641271	0.0017428556223701363	0.001732489703327137	0.3333333333333333	0.25	0.0017014096609954436	0.01492782401425707	0.5	0.06666666666666667	0.008143389887239064	0.25	0.002084675356536923
he	0.5	0.07692899408284024	0.5	0.0	0.3333333333333333	0.05555555555555555	0.2	0.05	0.07692307692307693	0.07142857142857142	0.050004999999999994	1.0	0.25	0.5	0.0625	0.08333333333333333	0.11112345679012345	1.0	0.07692307692307693	1.0	0.3333333333333333	0.07692307692307693	0.05	0.05263157894736842	0.14285714285714285	0.05	0.1111111111111111	0.3333333333333333	0.5	0.07692307692307693	0.16666666666666666	0.5	0.1	0.14285714285714285	0.25	0.07142857142857142
hi	0.5	1.0	0.5	0.0	1.0	1.0	1.0	1.0	1.0	1.0	1.0	1.0	1.0	1.0	1.0	1.0	1.0	1.0	1.0	1.0	0.3333333333333333	1.0	1.0	1.0	1.0	1.0	0.0	0.3333333333333333	1.0	1.0	1.0	0.5	0.125	1.0	0.25	1.0
hu	0.5	0.013930680744418153	1.0	0.0	0.3333333333333333	0.014711507787198746	0.021861264157911762	0.013778654924971724	0.014086292799047809	0.013954991573356093	0.25	1.0	0.01385692199285498	0.02280759536431152	0.029418685986159165	0.02326014115738237	0.015227651817428358	1.0	0.014084507042253521	1.0	0.3333333333333333	0.013721561891822075	0.01369938074685682	0.014084507042253521	0.014304290460952837	0.015873771730914588	0.014942326833423562	0.3333333333333333	0.5	0.014089270185479666	0.027783179783950618	0.5	0.125	0.01472602101237074	0.25	0.013515339663988312
id	0.5	0.020026030037251268	0.5	0.0	0.5	0.020837674914063367	0.028667249975346736	0.019667621889606093	0.0200012	0.0200481219043422	0.5	1.0	0.02280759536431152	0.01986058510265707	0.04348015122873346	0.02631786703601108	0.022281153047721738	1.0	0.02	1.0	0.3333333333333333	0.0200156132080036	0.01960861207227989	0.020000399999999998	0.021901939116259764	0.022727789256198346	0.020839845486545137	0.3333333333333333	0.3333333333333333	0.020003600399999998	0.03030762167125803	0.5	0.1111111111111111	0.02175331805765926	0.25	0.0200012
it	0.5	0.013891589891975309	0.5	0.0	0.25	0.01315841412742382	0.035721938775510206	0.012660952572023713	0.016666666666666666	0.013700694689435165	0.0625	1.0	0.029418685986159165	0.04348015122873346	0.01137850739002176	0.021739130434782608	0.027781635802469132	1.0	0.014084507042253521	1.0	0.3333333333333333	0.013514974799306061	0.011904761904761904	0.012345831428135955	0.024397383700178462	0.012500156406406407	0.016666666666666666	0.3333333333333333	0.25	0.014084507042253521	0.02857142857142857	0.5	0.06666666666666667	0.023809523809523808	0.25	0.014285714285714285
ja	0.5	0.015385325443786983	0.5	1.0	0.25	0.013513696128560994	0.02564497107166338	0.01315997247229917	0.015873015873015872	0.014288367755102041	0.08333333333333333	1.0	0.02326014115738237	0.02631786703601108	0.021739130434782608	0.013166556616863922	0.02127840651878678	1.0	0.015625	1.0	0.3333333333333333	0.01562548828125	0.013157894736842105	0.013333333333333334	0.020837239583333333	0.013513513513513514	0.017857461734693877	0.3333333333333333	0.5	0.015625244140625	0.022222222222222223	0.5	0.06666666666666667	0.02127704843820733	0.25	0.014492753623188406
ko	0.5	0.013186177947344897	0.5	0.0	0.25	0.013163091586738397	0.022314457389326824	0.012557133037890932	0.01298768780570079	0.012544066828470393	0.11112345679012345	1.0	0.015227651817428358	0.022281153047721738	0.027781635802469132	0.02127840651878678	0.012574970037602601	1.0	0.013333333333333334	1.0	0.3333333333333333	0.01317470743215948	0.012658868771030281	0.012500624999999998	0.014036266590944467	0.015152203856749308	0.013708770318262528	0.3333333333333333	0.5	0.013336712000355732	0.027780092592592592	0.5	0.07692307692307693	0.013901052090863045	0.25	0.0125009375
lv	0.5	1.0	1.0	0.0	1.0	1.0	1.0	1.0	1.0	1.0	1.0	1.0	1.0	1.0	1.0	1.0	1.0	1.0	1.0	1.0	0.3333333333333333	1.0	1.0	1.0	1.0	1.0	0.0	0.3333333333333333	1.0	1.0	1.0	0.5	0.14285714285714285	1.0	0.25	1.0
mk	0.5	0.0011918951132300357	1.0	1.0	0.3333333333333333	0.002702702702702703	0.012658227848101266	0.00425531914893617	0.006493506493506494	0.0017301038062283738	0.07692307692307693	1.0	0.014084507042253521	0.02	0.014084507042253521	0.015625	0.013333333333333334	1.0	0.0011904761904761906	1.0	0.3333333333333333	0.001199040767386091	0.0012515644555694619	0.0012531328320802004	0.008928571428571428	0.0012406947890818859	0.001430615164520744	0.3333333333333333	0.25	0.0011947431302270011	0.015151515151515152	0.5	0.125	0.0078125	0.25	0.002145922746781116
ml	0.5	1.0	1.0	0.0	1.0	1.0	1.0	1.0	1.0	1.0	1.0	1.0	1.0	1.0	1.0	1.0	1.0	1.0	1.0	1.0	0.3333333333333333	1.0	1.0	1.0	1.0	1.0	0.0	0.3333333333333333	1.0	1.0	1.0	0.5	0.2	1.0	0.25	1.0
mr	0.5	0.3333333333333333	0.0	0.3333333333333333	0.3333333333333333	0.3333333333333333	0.3333333333333333	0.3333333333333333	0.3333333333333333	0.3333333333333333	0.3333333333333333	0.3333333333333333	0.3333333333333333	0.3333333333333333	0.3333333333333333	0.3333333333333333	0.3333333333333333	0.3333333333333333	0.3333333333333333	0.3333333333333333	0.3333333333333333	0.3333333333333333	0.3333333333333333	0.3333333333333333	0.3333333333333333	0.3333333333333333	0.3333333333333333	1.0	0.3333333333333333	0.3333333333333333	0.3333333333333333	0.5	0.3333333333333333	0.3333333333333333	0.3333333333333333	0.3333333333333333
nl	0.5	0.0011858610875123581	1.0	1.0	0.25	0.0026965225988696538	0.012843891255202841	0.004199122513843084	0.0064105440499671274	0.0016999605118263306	0.07692307692307693	1.0	0.013721561891822075	0.0200156132080036	0.013514974799306061	0.01562548828125	0.01317470743215948	1.0	0.001199040767386091	1.0	0.3333333333333333	0.0012446026004642758	0.0012301742063561215	0.0012331505395159945	0.008969730812276745	0.0012152986761293269	0.001415143946829535	0.3333333333333333	0.25	0.0011845800549542488	0.01470674740484429	0.5	0.07142857142857142	0.007756387719068686	0.25	0.0020881229684624847
pl	0.5	0.0012288408970458741	1.0	1.0	0.25	0.0026385433128424335	0.012659189232494792	0.003968710695389267	0.006172839506172839	0.0016783028889689657	0.05	1.0	0.01369938074685682	0.01960861207227989	0.011904761904761904	0.013157894736842105	0.012658868771030281	1.0	0.0012515644555694619	1.0	0.3333333333333333	0.0012301742063561215	0.001208866869636685	0.0012239902080783353	0.008773315173976608	0.0012484519194951376	0.0014794059316047227	0.3333333333333333	0.25	0.0012346151501295528	0.014492753623188406	0.5	0.09090909090909091	0.007633704329584524	0.25	0.0020661242401475307
pt	0.5	0.0012332509118638446	0.5	1.0	0.25	0.002624685693815832	0.01282084155161078	0.004016483653505588	0.006289308176100629	0.0016838617006286203	0.05263157894736842	1.0	0.014084507042253521	0.020000399999999998	0.012345831428135955	0.013333333333333334	0.012500624999999998	1.0	0.0012531328320802004	1.0	0.3333333333333333	0.0012331505395159945	0.0012239902080783353	0.0012168145446334012	0.008850889028114966	0.0012594490162363824	0.0014815648921876557	0.3333333333333333	0.25	0.0012391865476952745	0.014492753623188406	0.5	0.0625	0.007692485207100591	0.25	0.002074701709681307
ro	0.5	0.009005435339961522	0.5	0.0	0.3333333333333333	0.00918636252994456	0.01811232450420592	0.008922351662838283	0.009176837640097633	0.00897964727641271	0.14285714285714285	1.0	0.014304290460952837	0.021901939116259764	0.024397383700178462	0.020837239583333333	0.014036266590944467	1.0	0.008928571428571428	1.0	0.3333333333333333	0.008969730812276745	0.008773315173976608	0.008850889028114966	0.00945905381757442	0.010991547518536407	0.00928574138771668	0.3333333333333333	0.3333333333333333	0.008939505913360827	0.02440155145865616	0.5	0.1	0.009471399906050065	0.25	0.008775701677747074
ru	0.5	0.0012184720351254726	0.5	1.0	0.25	0.002824906636024131	0.014707612456747404	0.004386926900623268	0.007246429321571099	0.0017428556223701363	0.05	1.0	0.015873771730914588	0.022727789256198346	0.012500156406406407	0.013513513513513514	0.015152203856749308	1.0	0.0012406947890818859	1.0	0.3333333333333333	0.0012152986761293269	0.0012484519194951376	0.0012594490162363824	0.010991547518536407	0.0011997097360396476	0.0014707526102941168	0.3333333333333333	0.25	0.0012240366507912485	0.014492753623188406	0.5	0.06666666666666667	0.009345969080269018	0.25	0.002164516219711025
sh	0.5	0.0013897482152228403	1.0	1.0	0.3333333333333333	0.0035341558266428594	0.014100795704460666	0.004726410232081833	0.007092399778683164	0.001732489703327137	0.1111111111111111	0.0	0.014942326833423562	0.020839845486545137	0.016666666666666666	0.017857461734693877	0.013708770318262528	0.0	0.001430615164520744	0.0	0.3333333333333333	0.001415143946829535	0.0014794059316047227	0.0014815648921876557	0.00928574138771668	0.0014707526102941168	0.0014244739474461399	0.3333333333333333	0.5	0.0013896145545544713	0.016666944444444443	0.5	0.125	0.00833555604173611	0.25	0.002137030677003433
si	1.0	0.3333333333333333	0.5	0.3333333333333333	0.3333333333333333	0.3333333333333333	0.3333333333333333	0.3333333333333333	0.3333333333333333	0.3333333333333333	0.3333333333333333	0.3333333333333333	0.3333333333333333	0.3333333333333333	0.3333333333333333	0.3333333333333333	0.3333333333333333	0.3333333333333333	0.3333333333333333	0.3333333333333333	1.0	0.3333333333333333	0.3333333333333333	0.3333333333333333	0.3333333333333333	0.3333333333333333	0.3333333333333333	0.3333333333333333	0.3333333333333333	0.3333333333333333	0.3333333333333333	1.0	0.3333333333333333	0.3333333333333333	0.5	0.3333333333333333
simple	0.5	0.25	1.0	0.0	0.5	0.25	1.0	0.25	0.25	0.25	0.5	1.0	0.5	0.3333333333333333	0.25	0.5	0.5	1.0	0.25	1.0	0.3333333333333333	0.25	0.25	0.25	0.3333333333333333	0.25	0.5	0.3333333333333333	0.25	0.25	0.3333333333333333	0.5	0.1111111111111111	0.3333333333333333	0.25	0.25
sr	0.5	0.0011634386496604887	1.0	1.0	0.25	0.0026741042351868796	0.012664961065213906	0.004205621074961764	0.0065360331496433	0.0017014096609954436	0.07692307692307693	1.0	0.014089270185479666	0.020003600399999998	0.014084507042253521	0.015625244140625	0.013336712000355732	1.0	0.0011947431302270011	1.0	0.3333333333333333	0.0011845800549542488	0.0012346151501295528	0.0012391865476952745	0.008939505913360827	0.0012240366507912485	0.0013896145545544713	0.3333333333333333	0.25	0.001177547508809706	0.015151515151515152	0.5	0.1	0.007753200048074034	0.25	0.002105382825484764
sv	0.5	0.01492826954778347	1.0	1.0	0.3333333333333333	0.01449317370300357	0.028577959183673465	0.015877047871000253	0.019230769230769232	0.01492782401425707	0.16666666666666666	1.0	0.027783179783950618	0.03030762167125803	0.02857142857142857	0.022222222222222223	0.027780092592592592	1.0	0.015151515151515152	1.0	0.3333333333333333	0.01470674740484429	0.014492753623188406	0.014492753623188406	0.02440155145865616	0.014492753623188406	0.016666944444444443	0.3333333333333333	0.3333333333333333	0.015151515151515152	0.014303691241445527	0.5	0.07692307692307693	0.024391433670434264	0.25	0.015873015873015872
te	0.5	0.5	0.0	0.5	0.5	0.5	0.5	0.5	0.5	0.5	0.5	0.5	0.5	0.5	0.5	0.5	0.5	0.5	0.5	0.5	0.5	0.5	0.5	0.5	0.5	0.5	0.5	1.0	0.5	0.5	0.5	0.5	0.5	0.5	0.5	0.5
tr	0.5	0.14285714285714285	-1.0	0.125	0.16666666666666666	0.07142857142857142	0.125	0.05555555555555555	0.07142857142857142	0.06666666666666667	0.1	0.125	0.125	0.1111111111111111	0.06666666666666667	0.06666666666666667	0.07692307692307693	0.14285714285714285	0.125	0.2	0.3333333333333333	0.07142857142857142	0.09090909090909091	0.0625	0.1	0.06666666666666667	0.125	0.3333333333333333	0.1111111111111111	0.1	0.07692307692307693	0.5	0.05557408025	0.1111111111111111	0.25	0.0625
vi	0.5	0.007700660602438181	0.5	0.0	0.25	0.008066012031802874	0.01788237346340988	0.007648418098588289	0.008620838287752676	0.008143389887239064	0.14285714285714285	1.0	0.01472602101237074	0.02175331805765926	0.023809523809523808	0.02127704843820733	0.013901052090863045	1.0	0.0078125	1.0	0.3333333333333333	0.007756387719068686	0.007633704329584524	0.007692485207100591	0.009471399906050065	0.009345969080269018	0.00833555604173611	0.3333333333333333	0.3333333333333333	0.007753200048074034	0.024391433670434264	0.5	0.1111111111111111	0.0076969835828373185	0.25	0.008130676250908849
war	0.5	0.25	1.0	0.25	0.25006256256256254	0.25	0.25	0.25	0.25	0.25	0.25	0.25	0.25	0.25	0.25	0.25	0.25	0.25	0.25	0.25	0.3333333333333333	0.25	0.25	0.25	0.25	0.25	0.25	0.5	0.25	0.25	0.25	0.5	0.25	0.25	0.25006256256256254	0.25
zh	0.5	0.0020927813852611647	0.5	1.0	0.25	0.004291900753375454	0.0138908180941358	0.0049275404402679265	0.006756756756756757	0.002084675356536923	0.07142857142857142	1.0	0.013515339663988312	0.0200012	0.014285714285714285	0.014492753623188406	0.0125009375	1.0	0.002145922746781116	1.0	0.3333333333333333	0.0020881229684624847	0.0020661242401475307	0.002074701709681307	0.008775701677747074	0.002164516219711025	0.002137030677003433	0.3333333333333333	0.25	0.002105382825484764	0.015873015873015872	0.5	0.0625	0.008130676250908849	0.25	0.0020558410726950415
