arz	bs	ceb	ckb	da	de	el	en	es	fr	he	hi	hu	id	it	ja	ko	lv	mk	ml	mr	nl	pl	pt	ro	ru	sh	si	simple	sr	sv	te	vi	war	zh
arz	1.0	0.4964242363389701	0.6571702826516209	0.5349626868586836	0.44643928464582994	0.5011125382143838	0.39967068925853777	0.5389073365227385	0.47620421103139565	0.40660744033964885	0.42973402792961335	0.7135159679244308	0.334038791976001	0.39263037531490735	0.3916229687206302	0.3239643168410773	0.5477048680941854	0.5543331021632849	0.3663469253560151	0.3367267532485358	0.5357764759870103	0.41787872410626553	0.485060807713358	0.33386428728938233	0.5206480335921081	0.4716494909202662	0.5321114528634493	1.0	0.4898105120954535	0.4921867113638187	0.5518920766850223	1.0	0.4797519941658205	0.5548046645202477	0.493027433310136
bs	0.4964242363389701	1.0	0.7827797308771364	0.41241292440170685	0.4541940741942397	0.36282470495437996	0.4243049936524239	0.47461801431578776	0.4881527286392897	0.42484346863979894	0.31154797288655756	0.5409151080951994	0.39942646432315176	0.4353404896829144	0.39000915508759176	0.42847132264985127	0.6084513874659476	0.5360734812919032	0.40098764066436354	0.3717737257186008	0.7792921793160764	0.4664676977412002	0.5708396128388951	0.3971802575945867	0.4690066782612108	0.5700842763484828	0.4811885232801989	1.0	0.4243613125977158	0.398569565062698	0.5290916477193431	1.0	0.47477446118365746	0.6372624414065541	0.4410561152662973
ceb	0.6571702826516209	0.7827797308771364	1.0	0.6652148881021263	0.388878943088341	1.0	0.7004235936035088	0.7584325078215763	0.6856333412409469	0.6893326703470399	0.72653347084664	1.0	0.43426443060719006	0.6415215838021581	0.3708333849385361	0.7265334708466399	0.7437113817248242	1.0	0.33804973112392034	0.3361122670399208	0.7584325078215763	0.6322684277168441	0.4576444201675777	0.4396143448321491	0.6492599283431217	0.7584325078215763	0.3996872010749363	1.0	0.6707887697810239	0.6481033617652632	1.0	1.0	0.7417180202570965	1.0	0.46120022939852523
ckb	0.5349626868586836	0.41241292440170685	0.6652148881021263	1.0	0.3757329534576697	0.3116615047385806	0.4678107969689351	0.3555620661360524	0.3620223666374114	0.4013534535074361	0.2836679962544709	0.7690990303325336	0.3695305049893017	0.46452960656840475	0.2707330602114176	0.2662123241014436	0.4696952395701481	0.390170293704251	0.3251809264988522	0.3970828451162916	0.6458316483479729	0.40219453995357557	0.4344498872130783	0.37454446431193766	0.44193759334055627	0.45108631281287054	0.3911013517241347	1.0	0.3636893181873893	0.33905988714133894	0.4203766626275848	1.0	0.43919515083924937	0.5157869243859867	0.3638673787689258
da	0.44643928464582994	0.4541940741942397	0.388878943088341	0.3757329534576697	1.0	0.2657164417950236	0.30980530798321493	0.2602218238717181	0.34683860143201994	0.2693912293312213	0.35862286402432186	0.6107032430090163	0.4038048851546398	0.4143229860255481	0.295673307185054	0.3620314202402398	0.3790964368075348	0.3454550705827396	0.3385720640209365	0.36281873040238294	0.34652650157444775	0.31207055455740623	0.3096063132004771	0.4055336941993861	0.5005159960504857	0.28035445592792296	0.48277669867062434	1.0	0.4022849573830422	0.3851178994955252	0.33191725001653116	1.0	0.39869691083860287	0.5447981831801	0.3840837192976997
de	0.5011125382143838	0.36282470495437996	1.0	0.3116615047385806	0.2657164417950236	1.0	0.2761540237293999	0.22793108241594862	0.2616296553811282	0.2637072770826602	0.29666064689736626	0.674320228744153	0.33137061187727485	0.30855710806159065	0.2592221253116512	0.23457144900409335	0.36796654368188775	0.3310715320784074	0.33380244695662825	0.36719983873690926	0.6524007805500077	0.2709255076827639	0.26800184644506586	0.3388263901110002	0.3274253876991242	0.22158902758231394	0.32967511356295337	1.0	0.2612337396281237	0.36544395981837685	0.24706636421213332	1.0	0.33892430699341547	0.41691170415342604	0.2958370739847368
el	0.39967068925853777	0.4243049936524239	0.7004235936035088	0.4678107969689351	0.30980530798321493	0.2761540237293999	1.0	0.2880064550501208	0.3043682487334475	0.2725383849987314	0.33518792616955906	0.7624480642048928	0.2565629920779278	0.40229202050297125	0.29546664408176615	0.3282555814733726	0.3099371617398316	0.42576212571317124	0.34573836755442455	0.38638513546592934	0.49049714515449216	0.28056143711633974	0.30700641597526984	0.34803175533592356	0.4445187765866846	0.31249757968511876	0.4335723348778673	1.0	0.28092667952137507	0.32212708871986023	0.3265691008016021	1.0	0.31415507791036573	0.4636333685657931	0.32134936138848513
en	0.5389073365227385	0.47461801431578776	0.7584325078215763	0.3555620661360524	0.2602218238717181	0.22793108241594862	0.2880064550501208	1.0	0.2840555929416045	0.26410980537932255	0.3362146447487007	0.6723191802055581	0.3955500235475854	0.3438224292379956	0.3106873605326606	0.29353836660099797	0.3586144742785447	0.32958850296771186	0.3164507948629551	0.382695116625954	0.5576059544527204	0.25217552256930187	0.2572717875613036	0.3843749751100668	0.4327205384937361	0.257825870088903	0.43909802806710246	1.0	0.2508247188608247	0.32690020615866994	0.28191685147991435	1.0	0.3399040223851625	0.5556170882092574	0.3467339661778729
es	0.47620421103139565	0.4881527286392897	0.6856333412409469	0.3620223666374114	0.34683860143201994	0.2616296553811282	0.3043682487334475	0.2840555929416045	1.0	0.2807545391132033	0.3577150914234357	0.674320228744153	0.3184203984644011	0.3891369469142061	0.30789134030730053	0.29324888550445327	0.3503687967582839	0.36726028369776215	0.3695916367214042	0.3458734539408168	0.5477078481914766	0.2939773862259328	0.3373738724360905	0.3754824957752858	0.41172380230448935	0.26493450807483604	0.46188980814674485	1.0	0.2798296864793537	0.32887911749990845	0.2956869019208714	1.0	0.3480654505733702	0.5440953833019424	0.35696293795396716
fr	0.40660744033964885	0.42484346863979894	0.6893326703470399	0.4013534535074361	0.2693912293312213	0.2637072770826602	0.2725383849987314	0.26410980537932255	0.2807545391132033	1.0	0.3194842169088018	0.7690990303325336	0.42590682458522744	0.2961031595006191	0.3152449538378282	0.23795791373935576	0.3784025356711605	0.3316646699517097	0.327655454144366	0.3866503509483703	0.5278529246201575	0.3476311571974707	0.2762025824139327	0.302163108712095	0.3303792431503288	0.27485463375214314	0.49504265342492504	1.0	0.26128853479570063	0.3644380095768721	0.30015625745486024	1.0	0.32509581734154985	0.5567032330616386	0.41789844458589526
he	0.42973402792961335	0.31154797288655756	0.72653347084664	0.2836679962544709	0.35862286402432186	0.29666064689736626	0.33518792616955906	0.3362146447487007	0.3577150914234357	0.3194842169088018	1.0	0.5555042203634151	0.3503617251166721	0.30935339401205214	0.3679153605170685	0.3474196016030533	0.3355446494719267	0.2689798765769274	0.3513477179474681	0.29011846822073595	0.5363073597591718	0.36047114657193297	0.35265698596405387	0.36091357609850283	0.29603948155750137	0.3579788513537264	0.3085223894162211	1.0	0.2831829634439461	0.2474517708754629	0.3245728030357336	1.0	0.3377392216411439	0.5400769908502211	0.38652812107544765
hi	0.7135159679244308	0.5409151080951994	1.0	0.7690990303325336	0.6107032430090163	0.674320228744153	0.7624480642048928	0.6723191802055581	0.674320228744153	0.7690990303325336	0.5555042203634151	1.0	0.7952218774363169	0.6307594512953524	0.6757202109641909	0.4396737880734748	0.5741816466185201	0.6060020257886548	0.6704064966036949	0.38916734566110517	1.0	0.7690990303325336	0.46551082257500587	0.38821421626282504	0.6407168447009906	0.7690990303325336	0.6724190388364696	1.0	0.6851283529839967	0.672319180205558	0.7690990303325336	1.0	0.6107032430090163	0.7863954451402115	0.4545827300794142
hu	0.334038791976001	0.39942646432315176	0.43426443060719006	0.3695305049893017	0.4038048851546398	0.33137061187727485	0.2565629920779278	0.3955500235475854	0.3184203984644011	0.42590682458522744	0.3503617251166721	0.7952218774363169	1.0	0.46503411012705465	0.3457581359049029	0.3076411511171109	0.40673949159442113	0.3640580054926322	0.3704735536870803	0.33535046751214986	0.4744125672685341	0.42073435263102144	0.38969209427425555	0.3397809283020161	0.41544882192515126	0.38217970303565424	0.43017076322013986	1.0	0.3942759136145219	0.4005928717828333	0.4292382873174938	1.0	0.40156363834973297	0.5626936852300147	0.5139131729554841
id	0.39263037531490735	0.4353404896829144	0.6415215838021581	0.46452960656840475	0.4143229860255481	0.30855710806159065	0.40229202050297125	0.3438224292379956	0.3891369469142061	0.2961031595006191	0.30935339401205214	0.6307594512953524	0.46503411012705465	1.0	0.29414615516097836	0.3579185931052609	0.3827583948766494	0.35209727778102956	0.3727372795382953	0.3837023005528053	0.5681007963905749	0.3697495754568924	0.35817088994684493	0.37318573731815197	0.4232081178126689	0.44370491450936306	0.42364154020705413	1.0	0.30137934184142656	0.33917054267152597	0.35997998487851834	1.0	0.4127935563501468	0.5194991695655801	0.3918363050739558
it	0.3916229687206302	0.39000915508759176	0.3708333849385361	0.2707330602114176	0.295673307185054	0.2592221253116512	0.29546664408176615	0.3106873605326606	0.30789134030730053	0.3152449538378282	0.3679153605170685	0.6757202109641909	0.3457581359049029	0.29414615516097836	1.0	0.3227017969405171	0.38724972153253334	0.3366311303731616	0.3021683247512834	0.31598303664388033	0.3178210501617836	0.3037472416247103	0.28430733252991236	0.3656592495260864	0.347424884185613	0.3499214997699587	0.3478677172324737	1.0	0.27786116745983275	0.32364141504430405	0.337340240439914	1.0	0.3599660574888447	0.3034842813279536	0.35792646291521735
ja	0.3239643168410773	0.42847132264985127	0.7265334708466399	0.2662123241014436	0.3620314202402398	0.23457144900409335	0.3282555814733726	0.29353836660099797	0.29324888550445327	0.23795791373935576	0.3474196016030533	0.4396737880734748	0.3076411511171109	0.3579185931052609	0.3227017969405171	1.0	0.3135673224274989	0.3652488995800741	0.36252765210650506	0.312759895656	0.4051859126591873	0.3126208896753729	0.2875613522394794	0.337164253420488	0.36749740423369304	0.2907748482766357	0.4336427267717963	1.0	0.26913312275284923	0.30692228342332467	0.2908946732874689	1.0	0.3259653378801537	0.38627147736511763	0.3431331516544869
ko	0.5477048680941854	0.6084513874659476	0.7437113817248242	0.4696952395701481	0.3790964368075348	0.36796654368188775	0.3099371617398316	0.3586144742785447	0.3503687967582839	0.3784025356711605	0.3355446494719267	0.5741816466185201	0.40673949159442113	0.3827583948766494	0.38724972153253334	0.3135673224274989	1.0	0.4327896935847527	0.36775564341866473	0.39264139724580405	0.5720677893565856	0.38309997503529575	0.4303993518948206	0.4144875887929274	0.4457660054803179	0.40838544255211134	0.4518642046694221	1.0	0.28808805441507096	0.38244394054944375	0.40442709707766483	1.0	0.4380524734448302	0.6085928180743854	0.45726219042997157
lv	0.5543331021632849	0.5360734812919032	1.0	0.390170293704251	0.3454550705827396	0.3310715320784074	0.42576212571317124	0.32958850296771186	0.36726028369776215	0.3316646699517097	0.2689798765769274	0.6060020257886548	0.3640580054926322	0.35209727778102956	0.3366311303731616	0.3652488995800741	0.4327896935847527	1.0	0.35923922988236334	0.3794912097104925	0.7433742886544917	0.36661330308217505	0.40640891779067906	0.3460236967318622	0.3831832080397471	0.41987027643305946	0.409964339146149	1.0	0.3807485647244692	0.3298121617474497	0.3818629059600296	1.0	0.3895678219218275	0.6239725949460846	0.3852175859972833
mk	0.3663469253560151	0.40098764066436354	0.33804973112392034	0.3251809264988522	0.3385720640209365	0.33380244695662825	0.34573836755442455	0.3164507948629551	0.3695916367214042	0.327655454144366	0.3513477179474681	0.6704064966036949	0.3704735536870803	0.3727372795382953	0.3021683247512834	0.36252765210650506	0.36775564341866473	0.35923922988236334	1.0	0.3233501727536139	0.47612602578328234	0.36177140555050213	0.39255403625479585	0.2809378180973361	0.3534708794004991	0.3771560567398318	0.35819462228950244	1.0	0.331508930573696	0.33821618993539865	0.3447008557427097	1.0	0.35921146327581654	0.4234662120587686	0.3577405242100818
ml	0.3367267532485358	0.3717737257186008	0.3361122670399208	0.3970828451162916	0.36281873040238294	0.36719983873690926	0.38638513546592934	0.382695116625954	0.3458734539408168	0.3866503509483703	0.29011846822073595	0.38916734566110517	0.33535046751214986	0.3837023005528053	0.31598303664388033	0.312759895656	0.39264139724580405	0.3794912097104925	0.3233501727536139	1.0	0.33105843106678084	0.3501104291141155	0.4147928205226588	0.33975267634246004	0.4099982201072104	0.3981407330504636	0.38778701832478724	1.0	0.3758361377530735	0.40244494030560257	0.3916168563496856	1.0	0.3814340028948096	0.3794679133683795	0.3877961392994634
mr	0.5357764759870103	0.7792921793160764	0.7584325078215763	0.6458316483479729	0.34652650157444775	0.6524007805500077	0.49049714515449216	0.5576059544527204	0.5477078481914766	0.5278529246201575	0.5363073597591718	1.0	0.4744125672685341	0.5681007963905749	0.3178210501617836	0.4051859126591873	0.5720677893565856	0.7433742886544917	0.47612602578328234	0.33105843106678084	1.0	0.4722232316617678	0.41130540040030494	0.38591319695656606	0.52423786729527	0.7373285693934385	0.4077261131195712	1.0	0.4897318564058062	0.5649638476640159	0.5893187304138506	1.0	0.6014558009034586	0.6524007805500077	0.42491402032510317
nl	0.41787872410626553	0.4664676977412002	0.6322684277168441	0.40219453995357557	0.31207055455740623	0.2709255076827639	0.28056143711633974	0.25217552256930187	0.2939773862259328	0.3476311571974707	0.36047114657193297	0.7690990303325336	0.42073435263102144	0.3697495754568924	0.3037472416247103	0.3126208896753729	0.38309997503529575	0.36661330308217505	0.36177140555050213	0.3501104291141155	0.4722232316617678	1.0	0.31429683322983015	0.3590459360585944	0.3868073290348955	0.33278936282251104	0.3809770076905004	1.0	0.27626452095870885	0.38841128484148224	0.29222659312242777	1.0	0.4092594682732531	0.48957470159333083	0.3969575653502918
pl	0.485060807713358	0.5708396128388951	0.4576444201675777	0.4344498872130783	0.3096063132004771	0.26800184644506586	0.30700641597526984	0.2572717875613036	0.3373738724360905	0.2762025824139327	0.35265698596405387	0.46551082257500587	0.38969209427425555	0.35817088994684493	0.28430733252991236	0.2875613522394794	0.4303993518948206	0.40640891779067906	0.39255403625479585	0.4147928205226588	0.41130540040030494	0.31429683322983015	1.0	0.39407664516393076	0.3879393295671205	0.3210148815523534	0.4048921297398438	1.0	0.2847187650123871	0.32410892330476626	0.29470825797728745	1.0	0.34764744764825245	0.62903935538748	0.424831896279291
pt	0.33386428728938233	0.3971802575945867	0.4396143448321491	0.37454446431193766	0.4055336941993861	0.3388263901110002	0.34803175533592356	0.3843749751100668	0.3754824957752858	0.302163108712095	0.36091357609850283	0.38821421626282504	0.3397809283020161	0.37318573731815197	0.3656592495260864	0.337164253420488	0.4144875887929274	0.3460236967318622	0.2809378180973361	0.33975267634246004	0.38591319695656606	0.3590459360585944	0.39407664516393076	1.0	0.47790503632711673	0.3574381244165615	0.4060802691986069	1.0	0.22751621772146272	0.3583555428425014	0.3654468467875881	1.0	0.3913463414332721	0.4076671776799863	0.4432114802861042
ro	0.5206480335921081	0.4690066782612108	0.6492599283431217	0.44193759334055627	0.5005159960504857	0.3274253876991242	0.4445187765866846	0.4327205384937361	0.41172380230448935	0.3303792431503288	0.29603948155750137	0.6407168447009906	0.41544882192515126	0.4232081178126689	0.347424884185613	0.36749740423369304	0.4457660054803179	0.3831832080397471	0.3534708794004991	0.4099982201072104	0.52423786729527	0.3868073290348955	0.3879393295671205	0.47790503632711673	1.0	0.3928591850184432	0.5484255496583794	1.0	0.2782969088863785	0.38876115159400587	0.44585847748593804	1.0	0.40717945413137313	0.5120580946737371	0.43077571225499894
ru	0.4716494909202662	0.5700842763484828	0.7584325078215763	0.45108631281287054	0.28035445592792296	0.22158902758231394	0.31249757968511876	0.257825870088903	0.26493450807483604	0.27485463375214314	0.3579788513537264	0.7690990303325336	0.38217970303565424	0.44370491450936306	0.3499214997699587	0.2907748482766357	0.40838544255211134	0.41987027643305946	0.3771560567398318	0.3981407330504636	0.7373285693934385	0.33278936282251104	0.3210148815523534	0.3574381244165615	0.3928591850184432	1.0	0.48938402815174026	1.0	0.2826345408804616	0.35616723725375543	0.2773626690181573	1.0	0.38112671185349595	0.7992591943912659	0.37335017147681493
sh	0.5321114528634493	0.4811885232801989	0.3996872010749363	0.3911013517241347	0.48277669867062434	0.32967511356295337	0.4335723348778673	0.43909802806710246	0.46188980814674485	0.49504265342492504	0.3085223894162211	0.6724190388364696	0.43017076322013986	0.42364154020705413	0.3478677172324737	0.4336427267717963	0.4518642046694221	0.409964339146149	0.35819462228950244	0.38778701832478724	0.4077261131195712	0.3809770076905004	0.4048921297398438	0.4060802691986069	0.5484255496583794	0.48938402815174026	1.0	1.0	0.36334078895415844	0.3721533383776326	0.4844561896391003	1.0	0.4343876964371966	0.41245986896717013	0.4629649319342055
si	1.0	1.0	1.0	1.0	1.0	1.0	1.0	1.0	1.0	1.0	1.0	1.0	1.0	1.0	1.0	1.0	1.0	1.0	1.0	1.0	1.0	1.0	1.0	1.0	1.0	1.0	1.0	1.0	1.0	1.0	1.0	1.0	1.0	1.0	1.0
simple	0.4898105120954535	0.4243613125977158	0.6707887697810239	0.3636893181873893	0.4022849573830422	0.2612337396281237	0.28092667952137507	0.2508247188608247	0.2798296864793537	0.26128853479570063	0.2831829634439461	0.6851283529839967	0.3942759136145219	0.30137934184142656	0.27786116745983275	0.26913312275284923	0.28808805441507096	0.3807485647244692	0.331508930573696	0.3758361377530735	0.4897318564058062	0.27626452095870885	0.2847187650123871	0.22751621772146272	0.2782969088863785	0.2826345408804616	0.36334078895415844	1.0	1.0	0.3922711119249065	0.32889822109990335	1.0	0.27925416896737176	0.5494508401861931	0.27331150707399005
sr	0.4921867113638187	0.398569565062698	0.6481033617652632	0.33905988714133894	0.3851178994955252	0.36544395981837685	0.32212708871986023	0.32690020615866994	0.32887911749990845	0.3644380095768721	0.2474517708754629	0.672319180205558	0.4005928717828333	0.33917054267152597	0.32364141504430405	0.30692228342332467	0.38244394054944375	0.3298121617474497	0.33821618993539865	0.40244494030560257	0.5649638476640159	0.38841128484148224	0.32410892330476626	0.3583555428425014	0.38876115159400587	0.35616723725375543	0.3721533383776326	1.0	0.3922711119249065	1.0	0.4279634456798519	1.0	0.37929521490343887	0.597593769730909	0.4142813810113485
sv	0.5518920766850223	0.5290916477193431	1.0	0.4203766626275848	0.33191725001653116	0.24706636421213332	0.3265691008016021	0.28191685147991435	0.2956869019208714	0.30015625745486024	0.3245728030357336	0.7690990303325336	0.4292382873174938	0.35997998487851834	0.337340240439914	0.2908946732874689	0.40442709707766483	0.3818629059600296	0.3447008557427097	0.3916168563496856	0.5893187304138506	0.29222659312242777	0.29470825797728745	0.3654468467875881	0.44585847748593804	0.2773626690181573	0.4844561896391003	1.0	0.32889822109990335	0.4279634456798519	1.0	1.0	0.38655697216479734	0.7411828468492556	0.3690044480142406
te	1.0	1.0	1.0	1.0	1.0	1.0	1.0	1.0	1.0	1.0	1.0	1.0	1.0	1.0	1.0	1.0	1.0	1.0	1.0	1.0	1.0	1.0	1.0	1.0	1.0	1.0	1.0	1.0	1.0	1.0	1.0	1.0	1.0	1.0	1.0
vi	0.4797519941658205	0.47477446118365746	0.7417180202570965	0.43919515083924937	0.39869691083860287	0.33892430699341547	0.31415507791036573	0.3399040223851625	0.3480654505733702	0.32509581734154985	0.3377392216411439	0.6107032430090163	0.40156363834973297	0.4127935563501468	0.3599660574888447	0.3259653378801537	0.4380524734448302	0.3895678219218275	0.35921146327581654	0.3814340028948096	0.6014558009034586	0.4092594682732531	0.34764744764825245	0.3913463414332721	0.40717945413137313	0.38112671185349595	0.4343876964371966	1.0	0.27925416896737176	0.37929521490343887	0.38655697216479734	1.0	1.0	0.7345608709389738	0.46908368810388706
war	0.5548046645202477	0.6372624414065541	1.0	0.5157869243859867	0.5447981831801	0.41691170415342604	0.4636333685657931	0.5556170882092574	0.5440953833019424	0.5567032330616386	0.5400769908502211	0.7863954451402115	0.5626936852300147	0.5194991695655801	0.3034842813279536	0.38627147736511763	0.6085928180743854	0.6239725949460846	0.4234662120587686	0.3794679133683795	0.6524007805500077	0.48957470159333083	0.62903935538748	0.4076671776799863	0.5120580946737371	0.7992591943912659	0.41245986896717013	1.0	0.5494508401861931	0.597593769730909	0.7411828468492556	1.0	0.7345608709389738	1.0	0.6423338583324101
zh	0.493027433310136	0.4410561152662973	0.46120022939852523	0.3638673787689258	0.3840837192976997	0.2958370739847368	0.32134936138848513	0.3467339661778729	0.35696293795396716	0.41789844458589526	0.38652812107544765	0.4545827300794142	0.5139131729554841	0.3918363050739558	0.35792646291521735	0.3431331516544869	0.45726219042997157	0.3852175859972833	0.3577405242100818	0.3877961392994634	0.42491402032510317	0.3969575653502918	0.424831896279291	0.4432114802861042	0.43077571225499894	0.37335017147681493	0.4629649319342055	1.0	0.27331150707399005	0.4142813810113485	0.3690044480142406	1.0	0.46908368810388706	0.6423338583324101	1.0
