arz	bs	ceb	ckb	da	de	el	en	es	fr	he	hi	hu	id	it	ja	ko	lv	mk	ml	mr	nl	pl	pt	ro	ru	sh	si	simple	sr	sv	te	tr	vi	war	zh
arz	0.0	0.0	0.0	0.0	0.0	0.0	0.0	0.0	0.0	0.0	0.0	0.0	0.0	0.0	0.0	0.0	0.0	0.0	0.0	0.0	0.0	0.0	0.0	0.0	0.0	0.0	0.0	0.0	0.0	0.0	0.0	0.0	0.0	0.0	0.0	0.0
bs	0.0	1.0	0.0	0.0	0.0	0.003306576170897779	0.0030252064130007424	0.015273343197570283	0.00014520921296606572	0.054406907828829586	0.0	0.0	0.0023174843762013026	0.0007999911112098754	7.818433632667649e-05	6.70630840076899e-05	0.0016087267919122914	0.0	0.0	0.0	0.0	0.043888191049835795	0.0021096350990539607	0.001680412143188803	0.009651651837843982	0.0031550218340611353	0.022997025767416863	0.0	0.0	0.015530758453482249	8.93814801573114e-05	0.0	0.0	0.0013941600185888002	0.0	0.0018935849305869012
ceb	0.0	0.0	0.0	0.0	0.0	0.0	0.0	0.0	0.0	0.0	0.0	0.0	0.0	0.0	0.0	0.0	0.0	0.0	0.0	0.0	0.0	0.0	0.0	0.0	0.0	0.0	0.0	0.0	0.0	0.0	0.0	0.0	-1.0	0.0	0.0	0.0
ckb	0.0	0.0	0.0	0.0	0.0	0.0	0.0	0.0	0.0	0.0	0.0	0.0	0.0	0.0	0.0	0.0	0.0	0.0	0.0	0.0	0.0	0.0	0.0	0.0	0.0	0.0	0.0	0.0	0.0	0.0	0.0	0.0	0.0	0.0	0.0	0.0
da	0.0	0.0	0.0	0.0	0.0	0.0	0.0	0.0	0.0	0.0	0.0	0.0	0.0	0.0	0.0	0.0	0.0	0.0	0.0	0.0	0.0	0.0	0.0	0.0	0.0	0.0	0.0	0.0	0.0	0.0	0.0	0.0	0.0	0.0	0.0	0.0
de	0.0	0.003306576170897779	0.0	0.0	0.0	1.0	0.007893723527146708	0.010452364633310486	0.0	0.003461341794391053	0.0	0.0	0.0058378378378378375	0.00405444540978859	0.0	0.0006978367062107466	0.00585480093676815	0.0	0.0	0.0	0.0	0.0028318653203913834	0.0015250544662309367	0.001001001001001001	0.011298405466970387	0.0007577192650123129	0.002273779948629416	0.0	0.0	0.0030227024245932216	0.0006887052341597796	0.0	0.0	0.002572678157962439	0.0	0.0025068368277119417
el	0.0	0.0030252064130007424	0.0	0.0	0.0	0.007893723527146708	1.0	0.02806516827208943	0.0023752969121140144	0.005653448867989327	0.0	0.0	0.06943396226415094	0.0417940876656473	0.003965107057890563	0.003661513425549227	0.04705566012368916	0.0	0.0	0.0	0.0	0.0032096723377441714	0.0016710432084029601	0.0016699137211244085	0.07744989424916911	0.001846911553457829	0.00321515840013718	0.0	0.0	0.0030365040596739058	0.004410585404971933	0.0	0.0	0.02672540381791483	0.0	0.003262233375156838
en	0.0	0.015273343197570283	0.0	0.0	0.0	0.010452364633310486	0.02806516827208943	1.0	0.0014030867909400682	0.02449347765750763	0.0	0.0	0.0245293432268351	0.008445945945945946	0.0014699986636375784	0.0005363727790814616	0.02040816326530612	0.0	0.0	0.0	0.0	0.01400994770259248	0.002770083102493075	0.0016220600162206002	0.08898504374000564	0.0026601896830904465	0.010369118061425753	0.0	0.0	0.009050104003211327	0.0010705921712947475	0.0	0.0	0.015081132675787465	0.0	0.003109187343778577
es	0.0	0.00014520921296606572	0.0	0.0	0.0	0.0	0.0023752969121140144	0.0014030867909400682	1.0	0.00029806259314456036	0.0	0.0	0.004639175257731959	0.003942181340341655	0.0	0.0	0.00315059861373661	0.0	0.0	0.0	0.0	0.0001644838291835434	0.0	0.0	0.0032261918986736765	0.0	0.0002844410732909832	0.0	0.0	0.00023273855702094648	0.0	0.0	0.05	0.0025188916876574307	0.0	0.0017720023626698169
fr	0.0	0.054406907828829586	0.0	0.0	0.0	0.003461341794391053	0.005653448867989327	0.02449347765750763	0.00029806259314456036	1.0	0.0	0.0	0.004680913310017421	0.0017376779772889529	0.00029806259314456036	9.490238611713666e-05	0.0040056613346863565	0.0	0.0	0.0	0.0	0.03992207836398591	0.002389930426469807	0.0017118936486070803	0.021107555134926466	0.0031735162823771086	0.02986210796467876	0.0	0.0	0.014366131112935382	0.00013551053594416967	0.0	0.0	0.002560150123986328	0.0	0.004214344776079592
he	0.0	0.0	0.0	0.0	0.0	0.0	0.0	0.0	0.0	0.0	1.0	0.0	0.0	0.0	0.0	0.0	0.0	0.0	0.0	0.0	0.0	0.0	0.0	0.0	0.0	0.0	0.0	0.0	0.0	0.0	0.0	0.0	0.0	0.0	0.0	0.0
hi	0.0	0.0	0.0	0.0	0.0	0.0	0.0	0.0	0.0	0.0	0.0	0.0	0.0	0.0	0.0	0.0	0.0	0.0	0.0	0.0	0.0	0.0	0.0	0.0	0.0	0.0	0.0	0.0	0.0	0.0	0.0	0.0	0.0	0.0	0.0	0.0
hu	0.0	0.0023174843762013026	0.0	0.0	0.0	0.0058378378378378375	0.06943396226415094	0.0245293432268351	0.004639175257731959	0.004680913310017421	0.0	0.0	1.0	0.07025862068965517	0.00257201646090535	0.0037293553542887587	0.10183028286189684	0.0	0.0	0.0	0.0	0.0025280171984792084	0.0008310249307479224	0.0003316749585406302	0.1206514513627299	0.00046544100535257155	0.002680376131470252	0.0	0.0	0.002744990392533626	0.0036553524804177544	0.0	0.0	0.037023851904592384	0.0	0.004116436342252279
id	0.0	0.0007999911112098754	0.0	0.0	0.0	0.00405444540978859	0.0417940876656473	0.008445945945945946	0.003942181340341655	0.0017376779772889529	0.0	0.0	0.07025862068965517	1.0	0.0026246719160104987	0.0057553956834532375	0.05823792931806869	0.0	0.0	0.0	0.0	0.0006103888176768602	0.0008244023083264633	0.0	0.03970194434742112	0.0012861736334405145	0.0008790191996298866	0.0	0.0	0.001342381982250727	0.004087193460490463	0.0	0.0	0.022485207100591716	0.0	0.0022471910112359553
it	0.0	7.818433632667649e-05	0.0	0.0	0.0	0.0	0.003965107057890563	0.0014699986636375784	0.0	0.00029806259314456036	0.0	0.0	0.00257201646090535	0.0026246719160104987	1.0	0.0	0.0018879798615481435	0.0	0.0	0.0	0.0	8.223515141547254e-05	0.0005282620179609086	0.0	0.0020288817281298483	0.0	9.479571523367143e-05	0.0	0.0	0.0001551470017841905	0.0	0.0	0.0	0.0025188916876574307	0.0	0.0
ja	0.0	6.70630840076899e-05	0.0	0.0	0.0	0.0006978367062107466	0.003661513425549227	0.0005363727790814616	0.0	9.490238611713666e-05	0.0	0.0	0.0037293553542887587	0.0057553956834532375	0.0	1.0	0.0026263952724885093	0.0	0.0	0.0	0.0	4.117090040759191e-05	0.0	0.0	0.0019242333132892364	0.0003977724741447892	0.0	0.0	0.0	0.0001559332605644784	0.0072992700729927005	0.0	0.0	0.0	0.0	0.0
ko	0.0	0.0016087267919122914	0.0	0.0	0.0	0.00585480093676815	0.04705566012368916	0.02040816326530612	0.00315059861373661	0.0040056613346863565	0.0	0.0	0.10183028286189684	0.05823792931806869	0.0018879798615481435	0.0026263952724885093	1.0	0.0	0.0	0.0	0.0	0.0016224011537074872	0.00030721966205837174	0.0007527286413248024	0.08265838233662487	0.0007616146230007616	0.0020968101717599823	0.0	0.0	0.001968088845153581	0.0025624599615631004	0.0	0.0	0.03064516129032258	0.0	0.0016377333770062235
lv	0.0	0.0	0.0	0.0	0.0	0.0	0.0	0.0	0.0	0.0	0.0	0.0	0.0	0.0	0.0	0.0	0.0	0.0	0.0	0.0	0.0	0.0	0.0	0.0	0.0	0.0	0.0	0.0	0.0	0.0	0.0	0.0	0.0	0.0	0.0	0.0
mk	0.0	0.0	0.0	0.0	0.0	0.0	0.0	0.0	0.0	0.0	0.0	0.0	0.0	0.0	0.0	0.0	0.0	0.0	0.0	0.0	0.0	0.0	0.0	0.0	0.0	0.0	0.0	0.0	0.0	0.0	0.0	0.0	0.0	0.0	0.0	0.0
ml	0.0	0.0	0.0	0.0	0.0	0.0	0.0	0.0	0.0	0.0	0.0	0.0	0.0	0.0	0.0	0.0	0.0	0.0	0.0	0.0	0.0	0.0	0.0	0.0	0.0	0.0	0.0	0.0	0.0	0.0	0.0	0.0	0.0	0.0	0.0	0.0
mr	0.0	0.0	0.0	0.0	0.0	0.0	0.0	0.0	0.0	0.0	0.0	0.0	0.0	0.0	0.0	0.0	0.0	0.0	0.0	0.0	0.0	0.0	0.0	0.0	0.0	0.0	0.0	0.0	0.0	0.0	0.0	0.0	0.0	0.0	0.0	0.0
nl	0.0	0.043888191049835795	0.0	0.0	0.0	0.0028318653203913834	0.0032096723377441714	0.01400994770259248	0.0001644838291835434	0.03992207836398591	0.0	0.0	0.0025280171984792084	0.0006103888176768602	8.223515141547254e-05	4.117090040759191e-05	0.0016224011537074872	0.0	0.0	0.0	0.0	1.0	0.0021313891876817656	0.001571503404924044	0.009632301977998543	0.002989595421198592	0.02004431466345801	0.0	0.0	0.013238137736129705	8.228082445386102e-05	0.0	0.0	0.0015343306482546988	0.0	0.001979524914020635
pl	0.0	0.0021096350990539607	0.0	0.0	0.0	0.0015250544662309367	0.0016710432084029601	0.002770083102493075	0.0	0.002389930426469807	0.0	0.0	0.0008310249307479224	0.0008244023083264633	0.0005282620179609086	0.0	0.00030721966205837174	0.0	0.0	0.0	0.0	0.0021313891876817656	1.0	0.0010141987829614604	0.002491280518186348	0.0009433962264150943	0.0016720936372436857	0.0	0.0	0.0016514140232574141	0.0	0.0	0.0	0.00035001750087504374	0.0	0.0011918951132300357
pt	0.0	0.001680412143188803	0.0	0.0	0.0	0.001001001001001001	0.0016699137211244085	0.0016220600162206002	0.0	0.0017118936486070803	0.0	0.0	0.0003316749585406302	0.0	0.0	0.0	0.0007527286413248024	0.0	0.0	0.0	0.0	0.001571503404924044	0.0010141987829614604	1.0	0.000951977998730696	0.0010979961570134504	0.0011742920373966849	0.0	0.0	0.0014347202295552368	0.0007880220646178094	0.0	0.0	0.0004424778761061947	0.0	0.002176278563656148
ro	0.0	0.009651651837843982	0.0	0.0	0.0	0.011298405466970387	0.07744989424916911	0.08898504374000564	0.0032261918986736765	0.021107555134926466	0.0	0.0	0.1206514513627299	0.03970194434742112	0.0020288817281298483	0.0019242333132892364	0.08265838233662487	0.0	0.0	0.0	0.0	0.009632301977998543	0.002491280518186348	0.000951977998730696	1.0	0.001771231471986576	0.010043140638481449	0.0	0.0	0.00683687129470262	0.0016756433273488929	0.0	0.0	0.049680385779970845	0.0	0.005813360530341662
ru	0.0	0.0031550218340611353	0.0	0.0	0.0	0.0007577192650123129	0.001846911553457829	0.0026601896830904465	0.0	0.0031735162823771086	0.0	0.0	0.00046544100535257155	0.0012861736334405145	0.0	0.0003977724741447892	0.0007616146230007616	0.0	0.0	0.0	0.0	0.002989595421198592	0.0009433962264150943	0.0010979961570134504	0.001771231471986576	1.0	0.0027795595467179817	0.0	0.0	0.002235518443027155	0.0	0.0	0.0	0.0002822466836014677	0.0	0.0014851485148514852
sh	0.0	0.022997025767416863	0.0	0.0	0.0	0.002273779948629416	0.00321515840013718	0.010369118061425753	0.0002844410732909832	0.02986210796467876	0.0	0.0	0.002680376131470252	0.0008790191996298866	9.479571523367143e-05	0.0	0.0020968101717599823	0.0	0.0	0.0	0.0	0.02004431466345801	0.0016720936372436857	0.0011742920373966849	0.010043140638481449	0.0027795595467179817	1.0	0.0	0.0	0.010051754569659257	9.491718475630013e-05	0.0	0.0	0.0013160880417517585	0.0	0.0030670756100813442
si	0.0	0.0	0.0	0.0	0.0	0.0	0.0	0.0	0.0	0.0	0.0	0.0	0.0	0.0	0.0	0.0	0.0	0.0	0.0	0.0	0.0	0.0	0.0	0.0	0.0	0.0	0.0	0.0	0.0	0.0	0.0	0.0	0.0	0.0	0.0	0.0
simple	0.0	0.0	0.0	0.0	0.0	0.0	0.0	0.0	0.0	0.0	0.0	0.0	0.0	0.0	0.0	0.0	0.0	0.0	0.0	0.0	0.0	0.0	0.0	0.0	0.0	0.0	0.0	0.0	0.0	0.0	0.0	0.0	0.0	0.0	0.0	0.0
sr	0.0	0.015530758453482249	0.0	0.0	0.0	0.0030227024245932216	0.0030365040596739058	0.009050104003211327	0.00023273855702094648	0.014366131112935382	0.0	0.0	0.002744990392533626	0.001342381982250727	0.0001551470017841905	0.0001559332605644784	0.001968088845153581	0.0	0.0	0.0	0.0	0.013238137736129705	0.0016514140232574141	0.0014347202295552368	0.00683687129470262	0.002235518443027155	0.010051754569659257	0.0	0.0	1.0	0.0	0.0	0.0	0.0014454000144540002	0.0	0.0016742239274502965
sv	0.0	8.93814801573114e-05	0.0	0.0	0.0	0.0006887052341597796	0.004410585404971933	0.0010705921712947475	0.0	0.00013551053594416967	0.0	0.0	0.0036553524804177544	0.004087193460490463	0.0	0.0072992700729927005	0.0025624599615631004	0.0	0.0	0.0	0.0	8.228082445386102e-05	0.0	0.0007880220646178094	0.0016756433273488929	0.0	9.491718475630013e-05	0.0	0.0	0.0	1.0	0.0	0.0	0.0008576329331046312	0.0	0.0005995203836930455
te	0.0	0.0	0.0	0.0	0.0	0.0	0.0	0.0	0.0	0.0	0.0	0.0	0.0	0.0	0.0	0.0	0.0	0.0	0.0	0.0	0.0	0.0	0.0	0.0	0.0	0.0	0.0	0.0	0.0	0.0	0.0	0.0	0.0	0.0	0.0	0.0
tr	0.0	0.0	-1.0	0.0	0.0	0.0	0.0	0.0	0.05	0.0	0.0	0.0	0.0	0.0	0.0	0.0	0.0	0.0	0.0	0.0	0.0	0.0	0.0	0.0	0.0	0.0	0.0	0.0	0.0	0.0	0.0	0.0	1.0	0.0	0.0	0.0
vi	0.0	0.0013941600185888002	0.0	0.0	0.0	0.002572678157962439	0.02672540381791483	0.015081132675787465	0.0025188916876574307	0.002560150123986328	0.0	0.0	0.037023851904592384	0.022485207100591716	0.0025188916876574307	0.0	0.03064516129032258	0.0	0.0	0.0	0.0	0.0015343306482546988	0.00035001750087504374	0.0004424778761061947	0.049680385779970845	0.0002822466836014677	0.0013160880417517585	0.0	0.0	0.0014454000144540002	0.0008576329331046312	0.0	0.0	1.0	0.0	0.0018832391713747645
war	0.0	0.0	0.0	0.0	0.0	0.0	0.0	0.0	0.0	0.0	0.0	0.0	0.0	0.0	0.0	0.0	0.0	0.0	0.0	0.0	0.0	0.0	0.0	0.0	0.0	0.0	0.0	0.0	0.0	0.0	0.0	0.0	0.0	0.0	1.0	0.0
zh	0.0	0.0018935849305869012	0.0	0.0	0.0	0.0025068368277119417	0.003262233375156838	0.003109187343778577	0.0017720023626698169	0.004214344776079592	0.0	0.0	0.004116436342252279	0.0022471910112359553	0.0	0.0	0.0016377333770062235	0.0	0.0	0.0	0.0	0.001979524914020635	0.0011918951132300357	0.002176278563656148	0.005813360530341662	0.0014851485148514852	0.0030670756100813442	0.0	0.0	0.0016742239274502965	0.0005995203836930455	0.0	0.0	0.0018832391713747645	0.0	1.0
