arz	bs	ceb	ckb	da	de	el	en	es	fr	he	hi	hu	id	it	ja	ko	lv	mk	ml	mr	nl	pl	pt	ro	ru	sh	si	simple	sr	sv	te	tr	vi	war	zh
arz	0.5	0.125	0.0	0.1	0.09090909090909091	0.015873015873015872	0.1	0.0072992700729927005	0.0196078431372549	0.014084507042253521	0.03125	0.07142857142857142	0.05	0.08333333333333333	0.02127659574468085	0.017857142857142856	0.023809523809523808	0.14285714285714285	0.125	0.2	0.3333333333333333	0.023255813953488372	0.02702702702702703	0.022727272727272728	0.07692307692307693	0.01694915254237288	0.125	0.125	0.07692307692307693	0.0625	0.03225806451612903	0.5	0.05555555555555555	0.0625	0.25	0.02
bs	0.125	1.0	0.013888888888888888	0.0005773672055427252	0.002886836027713626	0.21472146990363072	0.047124612444375664	0.142970759934006	0.08874537348520158	0.3633809283171452	0.0074455899198167235	0.0005773672055427252	0.042633396565980836	0.0292350589927445	0.04085541869877558	0.03709168433561844	0.04443237717322365	0.0005773672055427252	0.48385236447520186	0.0005773672055427252	0.1875	0.5104366156630077	0.4630298459263715	0.4626853085772892	0.06934195495118005	0.46752529752315997	0.4278768289160037	0.1875	0.0023094688221709007	0.5043051716142843	0.03859474827747797	0.125	0.18421052631578946	0.07566824494585726	0.25	0.27377784269360395
ceb	0.0	0.013888888888888888	0.5	0.0	0.0048543689320388345	0.0011389521640091116	0.0	0.00035587188612099647	0.0007639419404125286	0.0003184713375796178	0.0038461538461538464	0.006756756756756757	0.0033783783783783786	0.004651162790697674	0.0015772870662460567	0.0034482758620689655	0.005235602094240838	0.00819672131147541	0.006666666666666667	0.009615384615384616	0.0	0.001006036217303823	0.0022026431718061676	0.002070393374741201	0.006493506493506494	0.0014749262536873156	0.005434782608695652	0.02702702702702703	0.006756756756756757	0.0037593984962406013	0.001838235294117647	0.0	-1.0	0.006993006993006993	0.038461538461538464	0.002631578947368421
ckb	0.1	0.0005773672055427252	0.0	0.5	0.0	0.0012853470437017994	0.006329113924050633	0.001953125	0.0	0.0008278145695364238	0.0	0.0	0.0	0.0	0.0	0.006578947368421052	0.0	0.0	0.0005952380952380953	0.0	0.15	0.0005868544600938967	0.0006031363088057901	0.0006075334143377885	0.0	0.0005980861244019139	0.0006915629322268327	0.15	0.0	0.000580046403712297	0.007142857142857143	0.1	0.2	0.0	0.2	0.0010245901639344263
da	0.09090909090909091	0.002886836027713626	0.0048543689320388345	0.0	0.5	0.005128205128205128	0.012195121951219513	0.007782101167315175	0.012195121951219513	0.003305785123966942	0.06818181818181818	0.1	0.019736842105263157	0.018518518518518517	0.02247191011235955	0.025974025974025976	0.024390243902439025	0.1	0.0017814726840855108	0.1	0.13636363636363635	0.0023446658851113715	0.0024096385542168677	0.0024271844660194173	0.01293103448275862	0.0023894862604540022	0.0020689655172413794	0.13636363636363635	0.14285714285714285	0.002317497103128621	0.020833333333333332	0.09090909090909091	0.13043478260869565	0.015151515151515152	0.18181818181818182	0.00408997955010225
de	0.015873015873015872	0.21472146990363072	0.0011389521640091116	0.0012853470437017994	0.005128205128205128	1.0	0.09936670909181763	0.2483137399203419	0.1814814814814815	0.1781611886083672	0.023017902813299233	0.0012853470437017994	0.08899486828600753	0.06325171250081266	0.09476309226932668	0.09497807436333555	0.09937410097599829	0.0012853470437017994	0.21536670547147846	0.0012853470437017994	0.023809523809523808	0.2146343234647934	0.22662665119020722	0.2297423777568182	0.14397407582993188	0.20359355538451535	0.17182446536635332	0.023809523809523808	0.005141388174807198	0.21473826113247907	0.08880589107861836	0.015873015873015872	0.1044776119402985	0.15785199564463778	0.031746031746031744	0.1821540395318684
el	0.1	0.047124612444375664	0.0	0.006329113924050633	0.012195121951219513	0.09936670909181763	1.0	0.15579503624332441	0.188687648456057	0.06358206105140025	0.026595744680851064	0.006329113924050633	0.24967025216011285	0.2051075701486131	0.10270197798937694	0.16993420498863668	0.21918000397488807	0.006329113924050633	0.04702380952380952	0.006329113924050633	0.15	0.04732582092854384	0.048483289999858896	0.04816505394794084	0.24310450916838017	0.04106513228204178	0.05017119069117666	0.15	0.006097560975609756	0.04734191792310841	0.15571406463231052	0.1	0.2	0.19518088372713924	0.2	0.07435838941485114
en	0.0072992700729927005	0.142970759934006	0.00035587188612099647	0.001953125	0.007782101167315175	0.2483137399203419	0.15579503624332441	1.0	0.2824179613059178	0.17891340549542048	0.0390625	0.001953125	0.15428801791691948	0.10383234797297297	0.14979160310540368	0.14870568638954074	0.16584610497895658	0.001953125	0.13646922183507548	0.001953125	0.010948905109489052	0.14451935820112363	0.1526455457529272	0.1508110300081103	0.2671487718700028	0.13327453928598967	0.14338534129929176	0.010948905109489052	0.0078125	0.13975232472887839	0.12030715920351809	0.0072992700729927005	0.06569343065693431	0.26339994133789374	0.014598540145985401	0.1891701204741074
es	0.0196078431372549	0.08874537348520158	0.0007639419404125286	0.0	0.012195121951219513	0.1814814814814815	0.188687648456057	0.2824179613059178	1.0	0.1257607768104385	0.03823529411764706	0.003067484662576687	0.21617500931561295	0.15441011506041472	0.15706806282722513	0.17897727272727273	0.23211422146255695	0.003067484662576687	0.09069493521790342	0.003067484662576687	0.029411764705882353	0.09088550151878269	0.09759036144578313	0.09613059250302297	0.32601785785409876	0.08013937282229965	0.09477309301986697	0.029411764705882353	0.012269938650306749	0.08784572707667561	0.143646408839779	0.0196078431372549	0.15227272727272725	0.3271021424730422	0.0392156862745098	0.14800329740399892
fr	0.014084507042253521	0.3633809283171452	0.0003184713375796178	0.0008278145695364238	0.003305785123966942	0.1781611886083672	0.06358206105140025	0.17891340549542048	0.1257607768104385	1.0	0.011475409836065573	0.0008278145695364238	0.061746397249068115	0.042191153038231254	0.059115105609981004	0.057424500373386436	0.06811853314668202	0.0008278145695364238	0.33371824480369516	0.0008278145695364238	0.02112676056338028	0.363529984720811	0.3572284180208813	0.3573985638711223	0.10394220731952934	0.33299553412271277	0.40315059882839027	0.02112676056338028	0.0033112582781456954	0.34298694240937533	0.05525721161064095	0.014084507042253521	0.10135135135135136	0.10177027114042454	0.028169014084507043	0.39426403513313785
he	0.03125	0.0074455899198167235	0.0038461538461538464	0.0	0.06818181818181818	0.023017902813299233	0.026595744680851064	0.0390625	0.03823529411764706	0.011475409836065573	1.0	0.025	0.022222222222222223	0.014492753623188406	0.08695652173913043	0.07142857142857142	0.04891304347826087	0.025	0.007674144037780401	0.025	0.046875	0.007566938300349243	0.012062726176115802	0.011529126213592233	0.027559055118110236	0.011961722488038277	0.006130790190735695	0.046875	0.045454545454545456	0.007479861910241657	0.03571428571428571	0.03125	0.125	0.024305555555555556	0.0625	0.01417004048582996
hi	0.07142857142857142	0.0005773672055427252	0.006756756756756757	0.0	0.1	0.0012853470437017994	0.006329113924050633	0.001953125	0.003067484662576687	0.0008278145695364238	0.025	0.5	0.006756756756756757	0.00980392156862745	0.005681818181818182	0.006578947368421052	0.006172839506172839	0.5	0.0005952380952380953	0.5	0.10714285714285714	0.0005868544600938967	0.0006031363088057901	0.0006075334143377885	0.0043859649122807015	0.0005980861244019139	0.0	0.10714285714285714	0.125	0.000580046403712297	0.007142857142857143	0.07142857142857142	0.16666666666666666	0.003816793893129771	0.14285714285714285	0.0010245901639344263
hu	0.05	0.042633396565980836	0.0033783783783783786	0.0	0.019736842105263157	0.08899486828600753	0.24967025216011285	0.15428801791691948	0.21617500931561295	0.061746397249068115	0.022222222222222223	0.006756756756756757	1.0	0.3067342486164325	0.13409850823045266	0.2027992571163967	0.42170165828488104	0.006756756756756757	0.042111506524317915	0.006756756756756757	0.075	0.04405416100252214	0.04439141607983179	0.04314404571171583	0.36374452910016836	0.03742280314730439	0.04723059902463923	0.075	0.013157894736842105	0.042412957624012475	0.16849434290687554	0.05	0.13333333333333333	0.266687108434048	0.1	0.07787789030227368
id	0.08333333333333333	0.0292350589927445	0.004651162790697674	0.0	0.018518518518518517	0.06325171250081266	0.2051075701486131	0.10383234797297297	0.15441011506041472	0.042191153038231254	0.014492753623188406	0.00980392156862745	0.3067342486164325	1.0	0.10045026699248802	0.21636084390914234	0.2877396543142068	0.00980392156862745	0.029726516052318668	0.00980392156862745	0.125	0.029613517972730576	0.03117215290325853	0.03033980582524272	0.21312828309808032	0.02674035846559333	0.03349736083948437	0.125	0.028846153846153848	0.02963990478023313	0.18954359673024523	0.08333333333333333	0.21428571428571427	0.1803602506091194	0.16666666666666666	0.052248339881896096
it	0.02127659574468085	0.04085541869877558	0.0015772870662460567	0.0	0.02247191011235955	0.09476309226932668	0.10270197798937694	0.14979160310540368	0.15706806282722513	0.059115105609981004	0.08695652173913043	0.005681818181818182	0.13409850823045266	0.10045026699248802	1.0	0.19491525423728814	0.13628233579543572	0.005681818181818182	0.041423570595099185	0.005681818181818182	0.031914893617021274	0.0427662907858694	0.05068429907620735	0.04879518072289157	0.12834363341064878	0.04739336492890995	0.03999413554070605	0.031914893617021274	0.022727272727272728	0.04046437668633009	0.14227642276422764	0.02127659574468085	0.15	0.11990351364043889	0.0425531914893617	0.0691699604743083
ja	0.017857142857142856	0.03709168433561844	0.0034482758620689655	0.006578947368421052	0.025974025974025976	0.09497807436333555	0.16993420498863668	0.14870568638954074	0.17897727272727273	0.057424500373386436	0.07142857142857142	0.006578947368421052	0.2027992571163967	0.21636084390914234	0.19491525423728814	1.0	0.2149495612726079	0.006578947368421052	0.03755868544600939	0.006578947368421052	0.026785714285714284	0.03705762248724083	0.045838359469240045	0.04550970873786408	0.16997620116368686	0.04435163086714399	0.03768506056527591	0.026785714285714284	0.01282051282051282	0.03669123894149506	0.22642191226421912	0.017857142857142856	0.1271186440677966	0.146875	0.03571428571428571	0.0696969696969697
ko	0.023809523809523808	0.04443237717322365	0.005235602094240838	0.0	0.024390243902439025	0.09937410097599829	0.21918000397488807	0.16584610497895658	0.23211422146255695	0.06811853314668202	0.04891304347826087	0.006172839506172839	0.42170165828488104	0.2877396543142068	0.13628233579543572	0.2149495612726079	1.0	0.006172839506172839	0.044326241134751775	0.006172839506172839	0.03571428571428571	0.04515192403076273	0.04768670249047564	0.04892005364105075	0.3340121179975807	0.039158715654626114	0.050980005633075615	0.03571428571428571	0.012048192771084338	0.044186809399535315	0.15780296911121636	0.023809523809523808	0.13829787234042554	0.2724654377880184	0.047619047619047616	0.08261845769054811
lv	0.14285714285714285	0.0005773672055427252	0.00819672131147541	0.0	0.1	0.0012853470437017994	0.006329113924050633	0.001953125	0.003067484662576687	0.0008278145695364238	0.025	0.5	0.006756756756756757	0.00980392156862745	0.005681818181818182	0.006578947368421052	0.006172839506172839	0.5	0.0005952380952380953	0.5	0.21428571428571427	0.0005868544600938967	0.0006031363088057901	0.0006075334143377885	0.0043859649122807015	0.0005980861244019139	0.0	0.21428571428571427	0.125	0.000580046403712297	0.007142857142857143	0.14285714285714285	0.19444444444444445	0.003816793893129771	0.2857142857142857	0.0010245901639344263
mk	0.125	0.48385236447520186	0.006666666666666667	0.0005952380952380953	0.0017814726840855108	0.21536670547147846	0.04702380952380952	0.13646922183507548	0.09069493521790342	0.33371824480369516	0.007674144037780401	0.0005952380952380953	0.042111506524317915	0.029726516052318668	0.041423570595099185	0.03755868544600939	0.044326241134751775	0.0005952380952380953	0.5	0.0005952380952380953	0.1875	0.486013986013986	0.4591954022988506	0.461271676300578	0.0665083135391924	0.4632183908045977	0.4045138888888889	0.1875	0.002380952380952381	0.4838150289017341	0.03909952606635071	0.125	0.2222222222222222	0.07591933570581258	0.25	0.2703016241299304
ml	0.2	0.0005773672055427252	0.009615384615384616	0.0	0.1	0.0012853470437017994	0.006329113924050633	0.001953125	0.003067484662576687	0.0008278145695364238	0.025	0.5	0.006756756756756757	0.00980392156862745	0.005681818181818182	0.006578947368421052	0.006172839506172839	0.5	0.0005952380952380953	0.5	0.3	0.0005868544600938967	0.0006031363088057901	0.0006075334143377885	0.0043859649122807015	0.0005980861244019139	0.0	0.3	0.125	0.000580046403712297	0.007142857142857143	0.2	0.1388888888888889	0.003816793893129771	0.4	0.0010245901639344263
mr	0.3333333333333333	0.1875	0.0	0.15	0.13636363636363635	0.023809523809523808	0.15	0.010948905109489052	0.029411764705882353	0.02112676056338028	0.046875	0.10714285714285714	0.075	0.125	0.031914893617021274	0.026785714285714284	0.03571428571428571	0.21428571428571427	0.1875	0.3	0.5	0.03488372093023256	0.04054054054054054	0.03409090909090909	0.11538461538461539	0.025423728813559324	0.1875	0.1	0.11538461538461539	0.09375	0.04838709677419355	0.3333333333333333	0.08333333333333333	0.09375	0.375	0.03
nl	0.023255813953488372	0.5104366156630077	0.001006036217303823	0.0005868544600938967	0.0023446658851113715	0.2146343234647934	0.04732582092854384	0.14451935820112363	0.09088550151878269	0.363529984720811	0.007566938300349243	0.0005868544600938967	0.04405416100252214	0.029613517972730576	0.0427662907858694	0.03705762248724083	0.04515192403076273	0.0005868544600938967	0.486013986013986	0.0005868544600938967	0.03488372093023256	1.0	0.4693836669440713	0.47011445540616575	0.07038992148080256	0.47721734106320046	0.4183266556016252	0.03488372093023256	0.002347417840375587	0.49281009303377254	0.03985378678225035	0.023255813953488372	0.14893617021276595	0.07629409740843648	0.046511627906976744	0.27915468696339824
pl	0.02702702702702703	0.4630298459263715	0.0022026431718061676	0.0006031363088057901	0.0024096385542168677	0.22662665119020722	0.048483289999858896	0.1526455457529272	0.09759036144578313	0.3572284180208813	0.012062726176115802	0.0006031363088057901	0.04439141607983179	0.03117215290325853	0.05068429907620735	0.045838359469240045	0.04768670249047564	0.0006031363088057901	0.4591954022988506	0.0006031363088057901	0.04054054054054054	0.4693836669440713	1.0	0.4897286562777083	0.07000317946295324	0.46401336477987426	0.3866807956770693	0.04054054054054054	0.0024125452352231603	0.46053058782888184	0.04156626506024096	0.02702702702702703	0.125	0.07918586520399602	0.05405405405405406	0.29111215403920804
pt	0.022727272727272728	0.4626853085772892	0.002070393374741201	0.0006075334143377885	0.0024271844660194173	0.2297423777568182	0.04816505394794084	0.1508110300081103	0.09613059250302297	0.3573985638711223	0.011529126213592233	0.0006075334143377885	0.04314404571171583	0.03033980582524272	0.04879518072289157	0.04550970873786408	0.04892005364105075	0.0006075334143377885	0.461271676300578	0.0006075334143377885	0.03409090909090909	0.47011445540616575	0.4897286562777083	1.0	0.06904395016441389	0.45950853565076105	0.3880727946983769	0.03409090909090909	0.002430133657351154	0.4602845582924542	0.04226294307114386	0.022727272727272728	0.17391304347826086	0.07910473408368417	0.045454545454545456	0.2917998401262189
ro	0.07692307692307693	0.06934195495118005	0.006493506493506494	0.0	0.01293103448275862	0.14397407582993188	0.24310450916838017	0.2671487718700028	0.32601785785409876	0.10394220731952934	0.027559055118110236	0.0043859649122807015	0.36374452910016836	0.21312828309808032	0.12834363341064878	0.16997620116368686	0.3340121179975807	0.0043859649122807015	0.0665083135391924	0.0043859649122807015	0.11538461538461539	0.07038992148080256	0.07000317946295324	0.06904395016441389	1.0	0.05385418383843799	0.07909564439331479	0.11538461538461539	0.013043478260869565	0.06823325046216612	0.1441944650203178	0.07692307692307693	0.23809523809523808	0.4061351569187624	0.15384615384615385	0.11970995895369542
ru	0.01694915254237288	0.46752529752315997	0.0014749262536873156	0.0005980861244019139	0.0023894862604540022	0.20359355538451535	0.04106513228204178	0.13327453928598967	0.08013937282229965	0.33299553412271277	0.011961722488038277	0.0005980861244019139	0.03742280314730439	0.02674035846559333	0.04739336492890995	0.04435163086714399	0.039158715654626114	0.0005980861244019139	0.4632183908045977	0.0005980861244019139	0.025423728813559324	0.47721734106320046	0.46401336477987426	0.45950853565076105	0.05385418383843799	1.0	0.3881929652113567	0.025423728813559324	0.0023923444976076554	0.4647953982680516	0.04121863799283154	0.01694915254237288	0.12096774193548387	0.06235042566738213	0.03389830508474576	0.26872401277250696
sh	0.125	0.4278768289160037	0.005434782608695652	0.0006915629322268327	0.0020689655172413794	0.17182446536635332	0.05017119069117666	0.14338534129929176	0.09477309301986697	0.40315059882839027	0.006130790190735695	0.0	0.04723059902463923	0.03349736083948437	0.03999413554070605	0.03768506056527591	0.050980005633075615	0.0	0.4045138888888889	0.0	0.1875	0.4183266556016252	0.3866807956770693	0.3880727946983769	0.07909564439331479	0.3881929652113567	1.0	0.1875	0.001379310344827586	0.4212108483830955	0.04097515299892658	0.125	0.2222222222222222	0.08240191323068514	0.25	0.3164729725291322
si	0.125	0.1875	0.02702702702702703	0.15	0.13636363636363635	0.023809523809523808	0.15	0.010948905109489052	0.029411764705882353	0.02112676056338028	0.046875	0.10714285714285714	0.075	0.125	0.031914893617021274	0.026785714285714284	0.03571428571428571	0.21428571428571427	0.1875	0.3	0.1	0.03488372093023256	0.04054054054054054	0.03409090909090909	0.11538461538461539	0.025423728813559324	0.1875	0.5	0.11538461538461539	0.09375	0.04838709677419355	0.125	0.08333333333333333	0.09375	0.2	0.03
simple	0.07692307692307693	0.0023094688221709007	0.006756756756756757	0.0	0.14285714285714285	0.005141388174807198	0.006097560975609756	0.0078125	0.012269938650306749	0.0033112582781456954	0.045454545454545456	0.125	0.013157894736842105	0.028846153846153848	0.022727272727272728	0.01282051282051282	0.012048192771084338	0.125	0.002380952380952381	0.125	0.11538461538461539	0.002347417840375587	0.0024125452352231603	0.002430133657351154	0.013043478260869565	0.0023923444976076554	0.001379310344827586	0.11538461538461539	0.5	0.002320185614849188	0.02112676056338028	0.07692307692307693	0.20454545454545456	0.011363636363636364	0.15384615384615385	0.004098360655737705
sr	0.0625	0.5043051716142843	0.0037593984962406013	0.000580046403712297	0.002317497103128621	0.21473826113247907	0.04734191792310841	0.13975232472887839	0.08784572707667561	0.34298694240937533	0.007479861910241657	0.000580046403712297	0.042412957624012475	0.02963990478023313	0.04046437668633009	0.03669123894149506	0.044186809399535315	0.000580046403712297	0.4838150289017341	0.000580046403712297	0.09375	0.49281009303377254	0.46053058782888184	0.4602845582924542	0.06823325046216612	0.4647953982680516	0.4212108483830955	0.09375	0.002320185614849188	1.0	0.03810623556581986	0.0625	0.20833333333333334	0.07537547778500478	0.125	0.27226568339229656
sv	0.03225806451612903	0.03859474827747797	0.001838235294117647	0.007142857142857143	0.020833333333333332	0.08880589107861836	0.15571406463231052	0.12030715920351809	0.143646408839779	0.05525721161064095	0.03571428571428571	0.007142857142857143	0.16849434290687554	0.18954359673024523	0.14227642276422764	0.22642191226421912	0.15780296911121636	0.007142857142857143	0.03909952606635071	0.007142857142857143	0.04838709677419355	0.03985378678225035	0.04156626506024096	0.04226294307114386	0.1441944650203178	0.04121863799283154	0.04097515299892658	0.04838709677419355	0.02112676056338028	0.03810623556581986	1.0	0.03225806451612903	0.18055555555555555	0.1285538164665523	0.06451612903225806	0.06393612382821015
te	0.5	0.125	0.0	0.1	0.09090909090909091	0.015873015873015872	0.1	0.0072992700729927005	0.0196078431372549	0.014084507042253521	0.03125	0.07142857142857142	0.05	0.08333333333333333	0.02127659574468085	0.017857142857142856	0.023809523809523808	0.14285714285714285	0.125	0.2	0.3333333333333333	0.023255813953488372	0.02702702702702703	0.022727272727272728	0.07692307692307693	0.01694915254237288	0.125	0.125	0.07692307692307693	0.0625	0.03225806451612903	0.5	0.05555555555555555	0.0625	0.25	0.02
tr	0.05555555555555555	0.18421052631578946	-1.0	0.2	0.13043478260869565	0.1044776119402985	0.2	0.06569343065693431	0.15227272727272725	0.10135135135135136	0.125	0.16666666666666666	0.13333333333333333	0.21428571428571427	0.15	0.1271186440677966	0.13829787234042554	0.19444444444444445	0.2222222222222222	0.1388888888888889	0.08333333333333333	0.14893617021276595	0.125	0.17391304347826086	0.23809523809523808	0.12096774193548387	0.2222222222222222	0.08333333333333333	0.20454545454545456	0.20833333333333334	0.18055555555555555	0.05555555555555555	1.0	0.18	0.1111111111111111	0.15384615384615385
vi	0.0625	0.07566824494585726	0.006993006993006993	0.0	0.015151515151515152	0.15785199564463778	0.19518088372713924	0.26339994133789374	0.3271021424730422	0.10177027114042454	0.024305555555555556	0.003816793893129771	0.266687108434048	0.1803602506091194	0.11990351364043889	0.146875	0.2724654377880184	0.003816793893129771	0.07591933570581258	0.003816793893129771	0.09375	0.07629409740843648	0.07918586520399602	0.07910473408368417	0.4061351569187624	0.06235042566738213	0.08240191323068514	0.09375	0.011363636363636364	0.07537547778500478	0.1285538164665523	0.0625	0.18	1.0	0.125	0.12493355506955835
war	0.25	0.25	0.038461538461538464	0.2	0.18181818181818182	0.031746031746031744	0.2	0.014598540145985401	0.0392156862745098	0.028169014084507043	0.0625	0.14285714285714285	0.1	0.16666666666666666	0.0425531914893617	0.03571428571428571	0.047619047619047616	0.2857142857142857	0.25	0.4	0.375	0.046511627906976744	0.05405405405405406	0.045454545454545456	0.15384615384615385	0.03389830508474576	0.25	0.2	0.15384615384615385	0.125	0.06451612903225806	0.25	0.1111111111111111	0.125	1.0	0.04
zh	0.02	0.27377784269360395	0.002631578947368421	0.0010245901639344263	0.00408997955010225	0.1821540395318684	0.07435838941485114	0.1891701204741074	0.14800329740399892	0.39426403513313785	0.01417004048582996	0.0010245901639344263	0.07787789030227368	0.052248339881896096	0.0691699604743083	0.0696969696969697	0.08261845769054811	0.0010245901639344263	0.2703016241299304	0.0010245901639344263	0.03	0.27915468696339824	0.29111215403920804	0.2917998401262189	0.11970995895369542	0.26872401277250696	0.3164729725291322	0.03	0.004098360655737705	0.27226568339229656	0.06393612382821015	0.02	0.15384615384615385	0.12493355506955835	0.04	1.0
