arz	bs	ceb	ckb	da	de	el	en	es	fr	he	hi	hu	id	it	ja	ko	lv	mk	ml	mr	nl	pl	pt	ro	ru	sh	si	simple	sr	sv	te	tr	vi	war	zh
arz	0.1111111111111111	0.1111111111111111	0.125	0.1111111111111111	0.1111111111111111	0.1111111111111111	0.1111111111111111	0.1111111111111111	0.1111111111111111	0.1111111111111111	0.1111111111111111	0.1111111111111111	0.1111111111111111	0.1111111111111111	0.1111111111111111	0.1111111111111111	0.1111111111111111	0.1111111111111111	0.1111111111111111	0.1111111111111111	0.1111111111111111	0.1111111111111111	0.1111111111111111	0.1111111111111111	0.1111111111111111	0.1111111111111111	0.1111111111111111	0.16666666666666666	0.1111111111111111	0.1111111111111111	0.1111111111111111	0.125	0.5	0.1111111111111111	0.1111111111111111	0.1111111111111111
bs	0.1111111111111111	0.00955420035805797	0.00968344751985079	0.00847457627118644	0.009475247118473081	0.00942365273307723	0.00847457627118644	0.009239138576534248	0.009296533943606777	0.009255392305611634	0.00847457627118644	0.008695652173913044	0.008796020510418638	0.009423018114948235	0.00952371193632949	0.00847457627118644	0.00847457627118644	0.009066265615594468	0.00847457627118644	0.00847457627118644	0.00847457627118644	0.009514375201456978	0.009466377775028487	0.008622989484796055	0.009474993616419528	0.00847457627118644	0.008614011393478479	0.03225806451612903	0.009515195668643875	0.00847457627118644	0.009342898907047262	0.010869565217391304	0.09090909090909091	0.009334363238786187	0.008475222708991668	0.008543649949363812
ceb	0.125	0.00968344751985079	0.009241887021635945	0.008695652173913044	0.009581299882116426	0.00911510266875552	0.00819672131147541	0.008939284741807064	0.008994208918447197	0.008956147289204644	0.008547008547008548	0.008928571428571428	0.008643597339044096	0.009112048119426765	0.009557307566129587	0.00819672131147541	0.00819672131147541	0.009269484395339419	0.008695652173913044	0.008695652173913044	0.008695652173913044	0.009620188697766303	0.009223317519115343	0.00847557324266294	0.00943734880321102	0.00819672131147541	0.008830731616528194	0.03333333333333333	0.009476789778136648	0.008547008547008548	0.009040781331242658	0.01098901098901099	-1.0	0.009097155415653476	0.008696181474480152	0.008264323879297795
ckb	0.1111111111111111	0.00847457627118644	0.008695652173913044	0.00847457627118644	0.00847457627118644	0.00847457627118644	0.00847457627118644	0.00847457627118644	0.00847457627118644	0.00847457627118644	0.00847457627118644	0.008695652173913044	0.00847457627118644	0.00847457627118644	0.00847457627118644	0.00847457627118644	0.00847457627118644	0.00847457627118644	0.00847457627118644	0.00847457627118644	0.00847457627118644	0.00847457627118644	0.00847457627118644	0.00847457627118644	0.00847457627118644	0.00847457627118644	0.00847457627118644	0.03225806451612903	0.00847457627118644	0.00847457627118644	0.00847457627118644	0.010869565217391304	0.3333333333333333	0.00847457627118644	0.00847457627118644	0.00847457627118644
da	0.1111111111111111	0.009475247118473081	0.009581299882116426	0.00847457627118644	0.00945411858788599	0.009328523606898797	0.008403361344537815	0.009146966774734968	0.009203318205320466	0.009164553971548502	0.008403361344537815	0.008695652173913044	0.008712942288162306	0.009326540270349026	0.009425161344337634	0.008403361344537815	0.008403361344537815	0.009053612577387403	0.00847457627118644	0.00847457627118644	0.00847457627118644	0.00948432952297035	0.00936934324539444	0.008549621079186926	0.009378245799746639	0.008403361344537815	0.008610897385943606	0.03225806451612903	0.009415926882196295	0.008403361344537815	0.009250466794238119	0.010752688172043012	0.09090909090909091	0.009242097360584173	0.008475150890548693	0.008470482237792079
de	0.1111111111111111	0.00942365273307723	0.00911510266875552	0.00847457627118644	0.009328523606898797	0.008585834098673703	0.007692307692307693	0.008292440120355694	0.00845725788570675	0.008305804656969696	0.008333333333333333	0.008695652173913044	0.00798908598671654	0.008633613584052785	0.009304922761935914	0.008	0.007575757575757576	0.009024127018028507	0.00847457627118644	0.00847457627118644	0.00847457627118644	0.009364087458185542	0.008984555747022742	0.008268894865227291	0.009124203994392774	0.007874015748031496	0.008605401843435796	0.03225806451612903	0.009227218101777826	0.008333333333333333	0.008389011812899883	0.010638297872340425	0.05555555555555555	0.008862407109100695	0.008475222708991668	0.008064323484240039
el	0.1111111111111111	0.00847457627118644	0.00819672131147541	0.00847457627118644	0.008403361344537815	0.007692307692307693	0.007692307692307693	0.007692307692307693	0.007692307692307693	0.007692307692307693	0.008333333333333333	0.008695652173913044	0.0078125	0.007751937984496124	0.008333333333333333	0.008	0.007692307692307693	0.00847457627118644	0.00847457627118644	0.00847457627118644	0.00847457627118644	0.008403361344537815	0.008064516129032258	0.008130081300813009	0.00819672131147541	0.007874015748031496	0.00847457627118644	0.03225806451612903	0.008264462809917356	0.008333333333333333	0.007692307692307693	0.010638297872340425	0.16666666666666666	0.008064516129032258	0.00847457627118644	0.008
en	0.1111111111111111	0.009239138576534248	0.008939284741807064	0.00847457627118644	0.009146966774734968	0.008292440120355694	0.007692307692307693	0.007007224352941311	0.008194056712534226	0.007013824451260639	0.008333333333333333	0.008695652173913044	0.007875415810083356	0.008232028786551984	0.009048794743306093	0.007874015748031496	0.006896551724137931	0.008922663983796292	0.00847457627118644	0.00847457627118644	0.00847457627118644	0.009179207604320996	0.0088081940429083	0.008178740214582491	0.008946412931891917	0.007874015748031496	0.008583188643359682	0.03225806451612903	0.009042174232866091	0.008333333333333333	0.007604120411444613	0.010638297872340425	0.05263434903047091	0.008713833608285869	0.008475079000287274	0.007925063861176055
es	0.1111111111111111	0.009296533943606777	0.008994208918447197	0.00847457627118644	0.009203318205320466	0.00845725788570675	0.007692307692307693	0.008194056712534226	0.008448322227619232	0.008207865639774464	0.008333333333333333	0.008695652173913044	0.008009158515640914	0.008455375007497693	0.009172567368126472	0.008	0.007575757575757576	0.008951491588184356	0.00847457627118644	0.00847457627118644	0.00847457627118644	0.009232428084149738	0.008860642383216535	0.008251705220749027	0.008996968431237332	0.007874015748031496	0.008590329424188305	0.03225806451612903	0.009098457089026867	0.008333333333333333	0.008278040495862962	0.010638297872340425	0.05555555555555555	0.008759568900593402	0.008475150890548693	0.00805613346721717
fr	0.1111111111111111	0.009255392305611634	0.008956147289204644	0.00847457627118644	0.009164553971548502	0.008305804656969696	0.007692307692307693	0.007013824451260639	0.008207865639774464	0.007257340678423274	0.008333333333333333	0.008695652173913044	0.007880978806078265	0.008246351061594827	0.009064063384342057	0.007874015748031496	0.006993006993006993	0.008932760976279368	0.00847457627118644	0.00847457627118644	0.00847457627118644	0.009194132139055353	0.008824568703988343	0.008245912436035563	0.008960340143302537	0.007874015748031496	0.008583623261312373	0.03225806451612903	0.009061516726967091	0.008333333333333333	0.00762369551693327	0.010638297872340425	0.05263157894736842	0.008726959338240362	0.008474863544958345	0.007926760019465372
he	0.1111111111111111	0.00847457627118644	0.008547008547008548	0.00847457627118644	0.008403361344537815	0.008333333333333333	0.008333333333333333	0.008333333333333333	0.008333333333333333	0.008333333333333333	0.008333333333333333	0.008695652173913044	0.008333333333333333	0.008333333333333333	0.008333333333333333	0.008333333333333333	0.008333333333333333	0.00847457627118644	0.00847457627118644	0.00847457627118644	0.00847457627118644	0.00847457627118644	0.008333333333333333	0.008333333333333333	0.008333333333333333	0.008333333333333333	0.00847457627118644	0.03225806451612903	0.008333333333333333	0.008333333333333333	0.008333333333333333	0.010638297872340425	0.14285714285714285	0.008333333333333333	0.00847457627118644	0.008333333333333333
hi	0.1111111111111111	0.008695652173913044	0.008928571428571428	0.008695652173913044	0.008695652173913044	0.008695652173913044	0.008695652173913044	0.008695652173913044	0.008695652173913044	0.008695652173913044	0.008695652173913044	0.008695652173913044	0.008695652173913044	0.008695652173913044	0.008695652173913044	0.008695652173913044	0.008695652173913044	0.008695652173913044	0.008695652173913044	0.008695652173913044	0.008695652173913044	0.008695652173913044	0.008695652173913044	0.008695652173913044	0.008695652173913044	0.008695652173913044	0.008695652173913044	0.03225806451612903	0.008695652173913044	0.008695652173913044	0.008695652173913044	0.011111111111111112	0.14285714285714285	0.008695652173913044	0.008695652173913044	0.008695652173913044
hu	0.1111111111111111	0.008796020510418638	0.008643597339044096	0.00847457627118644	0.008712942288162306	0.00798908598671654	0.0078125	0.007875415810083356	0.008009158515640914	0.007880978806078265	0.008333333333333333	0.008695652173913044	0.0079672724550692	0.008110252978296971	0.008658339962537216	0.008130081300813009	0.007633587786259542	0.008668460666694213	0.00847457627118644	0.00847457627118644	0.00847457627118644	0.008724343627951062	0.008505659497657213	0.008249601299970368	0.008508645749578651	0.008	0.008522389191991732	0.03225806451612903	0.008587190050057973	0.008333333333333333	0.007908029422530936	0.010638297872340425	0.16666666666666666	0.008468562273618453	0.008474648089629418	0.008151621617682707
id	0.1111111111111111	0.009423018114948235	0.009112048119426765	0.00847457627118644	0.009326540270349026	0.008633613584052785	0.007751937984496124	0.008232028786551984	0.008455375007497693	0.008246351061594827	0.008333333333333333	0.008695652173913044	0.008110252978296971	0.008526393021060787	0.009234046081490959	0.007936507936507936	0.007518796992481203	0.00902373185767045	0.00847457627118644	0.00847457627118644	0.00847457627118644	0.009363209703292548	0.008983597958038233	0.008268282057600633	0.00912251849602755	0.007874015748031496	0.008606299078705491	0.03225806451612903	0.009224576263222308	0.008333333333333333	0.008328346268506768	0.010638297872340425	0.07142857142857142	0.008862890373502887	0.008475150890548693	0.00800063946799933
it	0.1111111111111111	0.00952371193632949	0.009557307566129587	0.00847457627118644	0.009425161344337634	0.009304922761935914	0.008333333333333333	0.009048794743306093	0.009172567368126472	0.009064063384342057	0.008333333333333333	0.008695652173913044	0.008658339962537216	0.009234046081490959	0.009370486579141352	0.008264462809917356	0.008264462809917356	0.009081660510400224	0.00847457627118644	0.00847457627118644	0.00847457627118644	0.00953633828791551	0.009347618444957174	0.00848542200143166	0.009357079142321728	0.008333333333333333	0.008617718470844322	0.03225806451612903	0.009398582610298188	0.008333333333333333	0.009153081282222456	0.010638297872340425	0.058823529411764705	0.00921525188053867	0.008475222708991668	0.008335139564561316
ja	0.1111111111111111	0.00847457627118644	0.00819672131147541	0.00847457627118644	0.008403361344537815	0.008	0.008	0.007874015748031496	0.008	0.007874015748031496	0.008333333333333333	0.008695652173913044	0.008130081300813009	0.007936507936507936	0.008264462809917356	0.007874015748031496	0.007936507936507936	0.00847457627118644	0.00847457627118644	0.00847457627118644	0.00847457627118644	0.008403361344537815	0.008064516129032258	0.008130081300813009	0.008264462809917356	0.008	0.00847457627118644	0.03225806451612903	0.008264462809917356	0.008333333333333333	0.007936507936507936	0.010638297872340425	0.06666666666666667	0.008064516129032258	0.00847457627118644	0.007874015748031496
ko	0.1111111111111111	0.00847457627118644	0.00819672131147541	0.00847457627118644	0.008403361344537815	0.007575757575757576	0.007692307692307693	0.006896551724137931	0.007575757575757576	0.006993006993006993	0.008333333333333333	0.008695652173913044	0.007633587786259542	0.007518796992481203	0.008264462809917356	0.007936507936507936	0.006896551724137931	0.00847457627118644	0.00847457627118644	0.00847457627118644	0.00847457627118644	0.008403361344537815	0.008064516129032258	0.008064516129032258	0.00819672131147541	0.007874015748031496	0.00847457627118644	0.03225806451612903	0.008264462809917356	0.008333333333333333	0.0070921985815602835	0.010638297872340425	0.09090909090909091	0.008064516129032258	0.00847457627118644	0.007936507936507936
lv	0.1111111111111111	0.009066265615594468	0.009269484395339419	0.00847457627118644	0.009053612577387403	0.009024127018028507	0.00847457627118644	0.008922663983796292	0.008951491588184356	0.008932760976279368	0.00847457627118644	0.008695652173913044	0.008668460666694213	0.00902373185767045	0.009081660510400224	0.00847457627118644	0.00847457627118644	0.009097032895443592	0.00847457627118644	0.00847457627118644	0.00847457627118644	0.009075741098030837	0.009047949478071802	0.008563034870783618	0.009053395634547134	0.00847457627118644	0.008559523318618277	0.03225806451612903	0.009076714851567767	0.00847457627118644	0.008982124030686137	0.010869565217391304	0.14287755102040817	0.008974642974878507	0.008475007181844296	0.008516721973999488
mk	0.1111111111111111	0.00847457627118644	0.008695652173913044	0.00847457627118644	0.00847457627118644	0.00847457627118644	0.00847457627118644	0.00847457627118644	0.00847457627118644	0.00847457627118644	0.00847457627118644	0.008695652173913044	0.00847457627118644	0.00847457627118644	0.00847457627118644	0.00847457627118644	0.00847457627118644	0.00847457627118644	0.00847457627118644	0.00847457627118644	0.00847457627118644	0.00847457627118644	0.00847457627118644	0.00847457627118644	0.00847457627118644	0.00847457627118644	0.00847457627118644	0.03225806451612903	0.00847457627118644	0.00847457627118644	0.00847457627118644	0.010869565217391304	0.16666666666666666	0.00847457627118644	0.00847457627118644	0.00847457627118644
ml	0.1111111111111111	0.00847457627118644	0.008695652173913044	0.00847457627118644	0.00847457627118644	0.00847457627118644	0.00847457627118644	0.00847457627118644	0.00847457627118644	0.00847457627118644	0.00847457627118644	0.008695652173913044	0.00847457627118644	0.00847457627118644	0.00847457627118644	0.00847457627118644	0.00847457627118644	0.00847457627118644	0.00847457627118644	0.00847457627118644	0.00847457627118644	0.00847457627118644	0.00847457627118644	0.00847457627118644	0.00847457627118644	0.00847457627118644	0.00847457627118644	0.03225806451612903	0.00847457627118644	0.00847457627118644	0.00847457627118644	0.010869565217391304	0.1111111111111111	0.00847457627118644	0.00847457627118644	0.00847457627118644
mr	0.1111111111111111	0.00847457627118644	0.008695652173913044	0.00847457627118644	0.00847457627118644	0.00847457627118644	0.00847457627118644	0.00847457627118644	0.00847457627118644	0.00847457627118644	0.00847457627118644	0.008695652173913044	0.00847457627118644	0.00847457627118644	0.00847457627118644	0.00847457627118644	0.00847457627118644	0.00847457627118644	0.00847457627118644	0.00847457627118644	0.00847457627118644	0.00847457627118644	0.00847457627118644	0.00847457627118644	0.00847457627118644	0.00847457627118644	0.00847457627118644	0.03225806451612903	0.00847457627118644	0.00847457627118644	0.00847457627118644	0.010869565217391304	0.5	0.00847457627118644	0.00847457627118644	0.00847457627118644
nl	0.1111111111111111	0.009514375201456978	0.009620188697766303	0.00847457627118644	0.00948432952297035	0.009364087458185542	0.008403361344537815	0.009179207604320996	0.009232428084149738	0.009194132139055353	0.00847457627118644	0.008695652173913044	0.008724343627951062	0.009363209703292548	0.00953633828791551	0.008403361344537815	0.008403361344537815	0.009075741098030837	0.00847457627118644	0.00847457627118644	0.00847457627118644	0.009496311991414237	0.009408735515533027	0.008553801183476258	0.009416568987245334	0.008403361344537815	0.008616013771116666	0.03225806451612903	0.009526807201877645	0.00847457627118644	0.009283783302555212	0.010869565217391304	0.05263434903047091	0.009273961342855994	0.008475222708991668	0.008473428571366159
pl	0.1111111111111111	0.009466377775028487	0.009223317519115343	0.00847457627118644	0.00936934324539444	0.008984555747022742	0.008064516129032258	0.0088081940429083	0.008860642383216535	0.008824568703988343	0.008333333333333333	0.008695652173913044	0.008505659497657213	0.008983597958038233	0.009347618444957174	0.008064516129032258	0.008064516129032258	0.009047949478071802	0.00847457627118644	0.00847457627118644	0.00847457627118644	0.009408735515533027	0.009112447845062101	0.008340484331462207	0.009233436550814586	0.008064516129032258	0.008610812514504494	0.03225806451612903	0.009340639627108295	0.008333333333333333	0.008910822593534977	0.010638297872340425	0.05555555555555555	0.008966535586130983	0.008475079072105717	0.008131465835785336
pt	0.1111111111111111	0.008622989484796055	0.00847557324266294	0.00847457627118644	0.008549621079186926	0.008268894865227291	0.008130081300813009	0.008178740214582491	0.008251705220749027	0.008245912436035563	0.008333333333333333	0.008695652173913044	0.008249601299970368	0.008268282057600633	0.00848542200143166	0.008130081300813009	0.008064516129032258	0.008563034870783618	0.00847457627118644	0.00847457627118644	0.00847457627118644	0.008553801183476258	0.008340484331462207	0.008219882467195577	0.008410342808689691	0.008130081300813009	0.008497477403499931	0.03225806451612903	0.00841437812205985	0.008333333333333333	0.008258232714158743	0.010638297872340425	0.05263157894736842	0.00825489489585365	0.008474719908072394	0.008141332426953434
ro	0.1111111111111111	0.009474993616419528	0.00943734880321102	0.00847457627118644	0.009378245799746639	0.009124203994392774	0.00819672131147541	0.008946412931891917	0.008996968431237332	0.008960340143302537	0.008333333333333333	0.008695652173913044	0.008508645749578651	0.00912251849602755	0.009357079142321728	0.008264462809917356	0.00819672131147541	0.009053395634547134	0.00847457627118644	0.00847457627118644	0.00847457627118644	0.009416568987245334	0.009233436550814586	0.008410342808689691	0.009251732533091398	0.00819672131147541	0.008611421174201743	0.03225806451612903	0.00934913179486948	0.008333333333333333	0.009047085385517859	0.010638297872340425	0.16666666666666666	0.00910764021106226	0.008475222708991668	0.008332985625983136
ru	0.1111111111111111	0.00847457627118644	0.00819672131147541	0.00847457627118644	0.008403361344537815	0.007874015748031496	0.007874015748031496	0.007874015748031496	0.007874015748031496	0.007874015748031496	0.008333333333333333	0.008695652173913044	0.008	0.007874015748031496	0.008333333333333333	0.008	0.007874015748031496	0.00847457627118644	0.00847457627118644	0.00847457627118644	0.00847457627118644	0.008403361344537815	0.008064516129032258	0.008130081300813009	0.00819672131147541	0.007874015748031496	0.00847457627118644	0.03225806451612903	0.008264462809917356	0.008333333333333333	0.007874015748031496	0.010638297872340425	0.05263157894736842	0.008064516129032258	0.00847457627118644	0.008
sh	0.1111111111111111	0.008614011393478479	0.008830731616528194	0.00847457627118644	0.008610897385943606	0.008605401843435796	0.00847457627118644	0.008583188643359682	0.008590329424188305	0.008583623261312373	0.00847457627118644	0.008695652173913044	0.008522389191991732	0.008606299078705491	0.008617718470844322	0.00847457627118644	0.00847457627118644	0.008559523318618277	0.00847457627118644	0.00847457627118644	0.00847457627118644	0.008616013771116666	0.008610812514504494	0.008497477403499931	0.008611421174201743	0.00847457627118644	0.008621362900480194	0.03225806451612903	0.008616759255858919	0.00847457627118644	0.008594011297564244	0.010869565217391304	0.14285714285714285	0.008596234260579495	0.008474791726515368	0.00848709202891626
si	0.16666666666666666	0.03225806451612903	0.03333333333333333	0.03225806451612903	0.03225806451612903	0.03225806451612903	0.03225806451612903	0.03225806451612903	0.03225806451612903	0.03225806451612903	0.03225806451612903	0.03225806451612903	0.03225806451612903	0.03225806451612903	0.03225806451612903	0.03225806451612903	0.03225806451612903	0.03225806451612903	0.03225806451612903	0.03225806451612903	0.03225806451612903	0.03225806451612903	0.03225806451612903	0.03225806451612903	0.03225806451612903	0.03225806451612903	0.03225806451612903	0.03225806451612903	0.03225806451612903	0.03225806451612903	0.03225806451612903	0.03333333333333333	1.0	0.03225806451612903	0.03225806451612903	0.03225806451612903
simple	0.1111111111111111	0.009515195668643875	0.009476789778136648	0.00847457627118644	0.009415926882196295	0.009227218101777826	0.008264462809917356	0.009042174232866091	0.009098457089026867	0.009061516726967091	0.008333333333333333	0.008695652173913044	0.008587190050057973	0.009224576263222308	0.009398582610298188	0.008264462809917356	0.008264462809917356	0.009076714851567767	0.00847457627118644	0.00847457627118644	0.00847457627118644	0.009526807201877645	0.009340639627108295	0.00841437812205985	0.00934913179486948	0.008264462809917356	0.008616759255858919	0.03225806451612903	0.009361104718588783	0.008333333333333333	0.009146209349827811	0.010638297872340425	0.07142857142857142	0.009140032591301464	0.008475222708991668	0.008335000411015765
sr	0.1111111111111111	0.00847457627118644	0.008547008547008548	0.00847457627118644	0.008403361344537815	0.008333333333333333	0.008333333333333333	0.008333333333333333	0.008333333333333333	0.008333333333333333	0.008333333333333333	0.008695652173913044	0.008333333333333333	0.008333333333333333	0.008333333333333333	0.008333333333333333	0.008333333333333333	0.00847457627118644	0.00847457627118644	0.00847457627118644	0.00847457627118644	0.00847457627118644	0.008333333333333333	0.008333333333333333	0.008333333333333333	0.008333333333333333	0.00847457627118644	0.03225806451612903	0.008333333333333333	0.008333333333333333	0.008333333333333333	0.010638297872340425	0.1	0.008333333333333333	0.00847457627118644	0.008333333333333333
sv	0.1111111111111111	0.009342898907047262	0.009040781331242658	0.00847457627118644	0.009250466794238119	0.008389011812899883	0.007692307692307693	0.007604120411444613	0.008278040495862962	0.00762369551693327	0.008333333333333333	0.008695652173913044	0.007908029422530936	0.008328346268506768	0.009153081282222456	0.007936507936507936	0.0070921985815602835	0.008982124030686137	0.00847457627118644	0.00847457627118644	0.00847457627118644	0.009283783302555212	0.008910822593534977	0.008258232714158743	0.009047085385517859	0.007874015748031496	0.008594011297564244	0.03225806451612903	0.009146209349827811	0.008333333333333333	0.00787829954213819	0.010638297872340425	0.07692307692307693	0.008799455031361446	0.00847500725366274	0.007994113109152996
te	0.125	0.010869565217391304	0.01098901098901099	0.010869565217391304	0.010752688172043012	0.010638297872340425	0.010638297872340425	0.010638297872340425	0.010638297872340425	0.010638297872340425	0.010638297872340425	0.011111111111111112	0.010638297872340425	0.010638297872340425	0.010638297872340425	0.010638297872340425	0.010638297872340425	0.010869565217391304	0.010869565217391304	0.010869565217391304	0.010869565217391304	0.010869565217391304	0.010638297872340425	0.010638297872340425	0.010638297872340425	0.010638297872340425	0.010869565217391304	0.03333333333333333	0.010638297872340425	0.010638297872340425	0.010638297872340425	0.010638297872340425	0.16666666666666666	0.010638297872340425	0.010869565217391304	0.010638297872340425
tr	0.5	0.09090909090909091	-1.0	0.3333333333333333	0.09090909090909091	0.05555555555555555	0.16666666666666666	0.05263434903047091	0.05555555555555555	0.05263157894736842	0.14285714285714285	0.14285714285714285	0.16666666666666666	0.07142857142857142	0.058823529411764705	0.06666666666666667	0.09090909090909091	0.14287755102040817	0.16666666666666666	0.1111111111111111	0.5	0.05263434903047091	0.05555555555555555	0.05263157894736842	0.16666666666666666	0.05263157894736842	0.14285714285714285	1.0	0.07142857142857142	0.1	0.07692307692307693	0.16666666666666666	0.050040022527532535	0.07692307692307693	0.5	0.06666666666666667
vi	0.1111111111111111	0.009334363238786187	0.009097155415653476	0.00847457627118644	0.009242097360584173	0.008862407109100695	0.008064516129032258	0.008713833608285869	0.008759568900593402	0.008726959338240362	0.008333333333333333	0.008695652173913044	0.008468562273618453	0.008862890373502887	0.00921525188053867	0.008064516129032258	0.008064516129032258	0.008974642974878507	0.00847457627118644	0.00847457627118644	0.00847457627118644	0.009273961342855994	0.008966535586130983	0.00825489489585365	0.00910764021106226	0.008064516129032258	0.008596234260579495	0.03225806451612903	0.009140032591301464	0.008333333333333333	0.008799455031361446	0.010638297872340425	0.07692307692307693	0.008972654074439349	0.008475079072105715	0.008124270400086113
war	0.1111111111111111	0.008475222708991668	0.008696181474480152	0.00847457627118644	0.008475150890548693	0.008475222708991668	0.00847457627118644	0.008475079000287274	0.008475150890548693	0.008474863544958345	0.00847457627118644	0.008695652173913044	0.008474648089629418	0.008475150890548693	0.008475222708991668	0.00847457627118644	0.00847457627118644	0.008475007181844296	0.00847457627118644	0.00847457627118644	0.00847457627118644	0.008475222708991668	0.008475079072105717	0.008474719908072394	0.008475222708991668	0.00847457627118644	0.008474791726515368	0.03225806451612903	0.008475222708991668	0.00847457627118644	0.00847500725366274	0.010869565217391304	0.5	0.008475079072105715	0.008475222708991668	0.008474648089629418
zh	0.1111111111111111	0.008543649949363812	0.008264323879297795	0.00847457627118644	0.008470482237792079	0.008064323484240039	0.008	0.007925063861176055	0.00805613346721717	0.007926760019465372	0.008333333333333333	0.008695652173913044	0.008151621617682707	0.00800063946799933	0.008335139564561316	0.007874015748031496	0.007936507936507936	0.008516721973999488	0.00847457627118644	0.00847457627118644	0.00847457627118644	0.008473428571366159	0.008131465835785336	0.008141332426953434	0.008332985625983136	0.008	0.00848709202891626	0.03225806451612903	0.008335000411015765	0.008333333333333333	0.007994113109152996	0.010638297872340425	0.06666666666666667	0.008124270400086113	0.008474648089629418	0.007945524087565232
