arz	bs	ceb	ckb	da	de	el	en	es	fr	he	hi	hu	id	it	ja	ko	lv	mk	ml	mr	nl	pl	pt	ro	ru	sh	si	simple	sr	sv	te	vi	war	zh
arz	1.0	1.0	0.0	0.0	1.0	1.0	1.0	0.7584325078215763	1.0	0.0	1.0	0.0	1.0	1.0	1.0	1.0	1.0	1.0	1.0	0.0	0.0	0.7690990303325336	1.0	1.0	1.0	1.0	1.0	0.0	1.0	0.5660160774121898	1.0	0.0	1.0	0.0	0.7584325078215763
bs	1.0	1.0	0.48814486632772747	0.4695960115558277	0.5503424076504563	0.5503424076504563	0.4695960115558277	0.5139282691485924	0.5031373651234525	0.5514981661849986	0.39165343021574256	0.7362033637659952	0.5720795674500068	0.5419153879671107	0.5503424076504563	0.5503424076504563	0.5503424076504563	0.7165917843272872	0.7502477598910112	0.3989854780353996	0.5020797777427737	0.5503424076504563	0.5447729415826136	0.5479081874029395	0.5503424076504563	0.5503424076504563	0.36211983935684044	1.0	0.7362033637659952	0.3561161073819916	0.5524156345313276	1.0	0.5503424076504563	0.46959601155582775	0.5503424076504563
ceb	0.0	0.48814486632772747	1.0	0.8236800042410135	0.8236800042410135	0.8236800042410135	0.8216064286890065	0.8236800042410135	0.8236800042410135	0.8236800042410135	0.8216064286890065	0.8216064286890065	0.8236800042410135	0.8236800042410135	0.8236800042410135	0.8236800042410135	0.8236800042410135	0.8236800042410135	0.8236800042410135	0.8216064286890065	0.8216064286890065	0.8236800042410135	0.8236800042410135	0.8236800042410135	0.8236800042410135	0.8236800042410135	0.8236800042410135	0.0	0.8236800042410135	0.8236800042410135	0.8236800042410135	1.0	0.8236800042410135	0.8216064286890065	0.8236800042410135
ckb	0.0	0.4695960115558277	0.8236800042410135	1.0	1.0	1.0	1.0	1.0	1.0	1.0	1.0	1.0	1.0	0.7584325078215763	1.0	1.0	1.0	1.0	1.0	1.0	1.0	1.0	1.0	1.0	1.0	1.0	1.0	0.0	1.0	1.0	1.0	1.0	1.0	1.0	1.0
da	1.0	0.5503424076504563	0.8236800042410135	1.0	1.0	0.45928391537673496	1.0	0.36683866435388135	0.44590737862632907	0.4444875403799766	0.658925744020971	1.0	0.5681242258663405	0.5132937749945125	0.47008624925544945	0.5831335529310039	0.5028059987699194	0.7376607345031153	1.0	1.0	1.0	0.4395447435681579	0.478998572088271	0.5411200840626641	0.528296560013229	0.4531317065626335	0.5945152933583532	1.0	0.7322034805959264	0.37951607183715197	0.44699205263165787	1.0	1.0	1.0	0.5808852645006567
de	1.0	0.5503424076504563	0.8236800042410135	1.0	0.45928391537673496	1.0	0.7376607345031152	0.2356538004192007	0.4282145815086443	0.3500012316392653	0.7171176902274347	0.7300208629885034	0.560311426342031	0.48694692250800364	0.31747737031063294	0.4558826895578063	0.5999553063370197	1.0	1.0	0.7322034805959263	1.0	0.31011290397208574	0.369649958301255	0.45244811830118703	0.5585292931391798	0.512353740740554	0.3013471980964308	1.0	0.6128353039805036	0.33586084465830035	0.35627139580286016	1.0	0.35270276420943414	1.0	0.5317167413273303
el	1.0	0.4695960115558277	0.8216064286890065	1.0	1.0	0.7376607345031152	1.0	0.6701212521966625	1.0	1.0	1.0	1.0	0.6391906500312812	0.7376607345031153	1.0	1.0	1.0	1.0	1.0	1.0	1.0	1.0	1.0	1.0	0.7411828468492556	1.0	1.0	0.0	1.0	0.7455134344225701	0.7411828468492555	1.0	1.0	1.0	1.0
en	0.7584325078215763	0.5139282691485924	0.8236800042410135	1.0	0.36683866435388135	0.2356538004192007	0.6701212521966625	1.0	0.17736268298663316	0.1954801807776311	0.430969821248812	0.7004462574133484	0.36313791648068505	0.33351173983952376	0.2420251061359259	0.269306417342292	0.38086829081099677	0.7347168825662656	0.7455134344225701	0.7322034805959264	1.0	0.2690185026376287	0.2948578891163615	0.26312001463128387	0.5639392870179737	0.2975318085940097	0.19659511057129375	1.0	0.4846875943593094	0.227362844492152	0.2879458681497774	1.0	0.18642618774134664	1.0	0.30374623080788427
es	1.0	0.5031373651234525	0.8236800042410135	1.0	0.44590737862632907	0.4282145815086443	1.0	0.17736268298663316	1.0	0.3527036997224521	0.6475250169846578	1.0	0.5609699895070752	0.3917588136404739	0.4112756561901603	0.5581527903207655	0.5988341345139978	0.7347168825662656	1.0	1.0	1.0	0.4544258825818528	0.43573651760764154	0.30515533389351773	0.5961684946801786	0.3491907480265262	0.30226372597614	1.0	0.7793240521678179	0.3455909333450006	0.3939567471705784	1.0	0.2743549691604269	1.0	0.5341700335076339
fr	0.0	0.5514981661849986	0.8236800042410135	1.0	0.4444875403799766	0.3500012316392653	1.0	0.1954801807776311	0.3527036997224521	1.0	0.5831335529310039	0.7322034805959264	0.47962855397339427	0.3705918950927547	0.3356073992524693	0.4457113647069553	0.4740801000755842	0.7347168825662656	1.0	0.7347168825662657	1.0	0.4160907420943491	0.37195825119598835	0.34712610281680883	0.5978465182276975	0.44639753878169347	0.29186620557561854	1.0	0.5614867258122459	0.32814373497076244	0.3794476942361869	1.0	0.42224987086784954	0.7690990303325336	0.46005463872093816
he	1.0	0.39165343021574256	0.8216064286890065	1.0	0.658925744020971	0.7171176902274347	1.0	0.430969821248812	0.6475250169846578	0.5831335529310039	1.0	1.0	0.6126124094693751	0.6589257440209708	0.6501445840862392	1.0	1.0	1.0	1.0	1.0	1.0	0.651610424238932	0.6102470946685321	0.7189258117174852	0.7248485669756152	1.0	1.0	1.0	1.0	0.3918142584287958	0.535256047632424	1.0	0.38255811498770237	1.0	1.0
hi	0.0	0.7362033637659952	0.8216064286890065	1.0	1.0	0.7300208629885034	1.0	0.7004462574133484	1.0	0.7322034805959264	1.0	1.0	1.0	1.0	0.7300208629885034	1.0	1.0	1.0	1.0	1.0	1.0	0.7322034805959263	1.0	0.7322034805959263	1.0	1.0	1.0	1.0	1.0	0.42086015539690247	0.7322034805959264	1.0	0.40537003198728544	1.0	1.0
hu	1.0	0.5720795674500068	0.8236800042410135	1.0	0.5681242258663405	0.560311426342031	0.6391906500312812	0.36313791648068505	0.5609699895070752	0.47962855397339427	0.6126124094693751	1.0	1.0	0.5175007104595425	0.6586768250078888	0.6028877247745956	0.6057840265575605	1.0	1.0	1.0	1.0	0.5103925490343882	0.4948286231362427	0.5616676061533933	1.0	0.6037825383046936	0.3500151006573172	1.0	1.0	0.6638546162332061	0.47434917499619755	1.0	0.30871236965490556	1.0	0.6020527707922663
id	1.0	0.5419153879671107	0.8236800042410135	0.7584325078215763	0.5132937749945125	0.48694692250800364	0.7376607345031153	0.33351173983952376	0.3917588136404739	0.3705918950927547	0.6589257440209708	1.0	0.5175007104595425	1.0	0.4049181475539563	0.4847895430861877	0.5784261990869722	0.7376607345031153	1.0	1.0	1.0	0.48694692250800353	0.505156649432274	0.4429861745371693	0.6020981193719463	0.451098289760481	0.3214748010938558	1.0	0.7784614227396944	0.3570968370279046	0.45821943015504535	1.0	0.43623290536782244	1.0	0.5009603800692166
it	1.0	0.5503424076504563	0.8236800042410135	1.0	0.47008624925544945	0.31747737031063294	1.0	0.2420251061359259	0.4112756561901603	0.3356073992524693	0.6501445840862392	0.7300208629885034	0.6586768250078888	0.4049181475539563	1.0	0.48249620065666654	0.5533662507510847	1.0	1.0	1.0	1.0	0.48322106365757506	0.4541162856558668	0.39560710013767914	0.5386639313277625	0.45714700383965895	0.295601422115241	1.0	0.6328254152358199	0.3427185074503539	0.39819175155726494	1.0	0.29413607399558817	1.0	0.5249712141066851
ja	1.0	0.5503424076504563	0.8236800042410135	1.0	0.5831335529310039	0.4558826895578063	1.0	0.269306417342292	0.5581527903207655	0.4457113647069553	1.0	1.0	0.6028877247745956	0.4847895430861877	0.48249620065666654	1.0	1.0	1.0	1.0	1.0	1.0	0.5624020363072971	0.521889071214212	0.5754285044535223	0.7199285383279773	1.0	0.31555661143251384	1.0	1.0	0.3539980549283143	0.45633719812430784	1.0	0.30409599812893034	1.0	1.0
ko	1.0	0.5503424076504563	0.8236800042410135	1.0	0.5028059987699194	0.5999553063370197	1.0	0.38086829081099677	0.5988341345139978	0.4740801000755842	1.0	1.0	0.6057840265575605	0.5784261990869722	0.5533662507510847	1.0	1.0	1.0	1.0	1.0	1.0	0.6452450558286366	0.6037638397743439	0.5999553063370197	0.7199285383279773	1.0	0.32916079351132493	1.0	1.0	0.3844266976198335	0.5371580188473669	1.0	0.3159006495948418	1.0	1.0
lv	1.0	0.7165917843272872	0.8236800042410135	1.0	0.7376607345031153	1.0	1.0	0.7347168825662656	0.7347168825662656	0.7347168825662656	1.0	1.0	1.0	0.7376607345031153	1.0	1.0	1.0	1.0	1.0	1.0	1.0	1.0	0.7347168825662657	0.7347168825662656	1.0	1.0	0.7411828468492556	1.0	1.0	1.0	1.0	1.0	1.0	1.0	1.0
mk	1.0	0.7502477598910112	0.8236800042410135	1.0	1.0	1.0	1.0	0.7455134344225701	1.0	1.0	1.0	1.0	1.0	1.0	1.0	1.0	1.0	1.0	1.0	1.0	1.0	1.0	0.74551343442257	0.7455134344225701	1.0	1.0	1.0	0.0	1.0	1.0	1.0	1.0	1.0	1.0	1.0
ml	0.0	0.3989854780353996	0.8216064286890065	1.0	1.0	0.7322034805959263	1.0	0.7322034805959264	1.0	0.7347168825662657	1.0	1.0	1.0	1.0	1.0	1.0	1.0	1.0	1.0	1.0	1.0	0.7347168825662656	1.0	1.0	1.0	1.0	1.0	1.0	1.0	0.7455134344225701	0.7347168825662658	1.0	0.41055547717987523	1.0	1.0
mr	0.0	0.5020797777427737	0.8216064286890065	1.0	1.0	1.0	1.0	1.0	1.0	1.0	1.0	1.0	1.0	1.0	1.0	1.0	1.0	1.0	1.0	1.0	1.0	1.0	1.0	1.0	1.0	1.0	1.0	0.0	1.0	1.0	1.0	1.0	1.0	1.0	1.0
nl	0.7690990303325336	0.5503424076504563	0.8236800042410135	1.0	0.4395447435681579	0.31011290397208574	1.0	0.2690185026376287	0.4544258825818528	0.4160907420943491	0.651610424238932	0.7322034805959263	0.5103925490343882	0.48694692250800353	0.48322106365757506	0.5624020363072971	0.6452450558286366	1.0	1.0	0.7347168825662656	1.0	1.0	0.458453689145998	0.5087134088513404	0.5968256374580969	0.5605854226359267	0.31213674414939596	1.0	0.6151628583512602	0.36261298575458806	0.4218557603016705	1.0	0.3238456481885483	1.0	0.5940642723969024
pl	1.0	0.5447729415826136	0.8236800042410135	1.0	0.478998572088271	0.369649958301255	1.0	0.2948578891163615	0.43573651760764154	0.37195825119598835	0.6102470946685321	1.0	0.4948286231362427	0.505156649432274	0.4541162856558668	0.521889071214212	0.6037638397743439	0.7347168825662657	0.74551343442257	1.0	1.0	0.458453689145998	1.0	0.4441800824776451	0.5950659482376811	0.5095695927234692	0.3174097408824895	1.0	0.6568318202362041	0.3483949873619858	0.3847707183716022	1.0	0.29419096554099194	1.0	0.5193838170988633
pt	1.0	0.5479081874029395	0.8236800042410135	1.0	0.5411200840626641	0.45244811830118703	1.0	0.26312001463128387	0.30515533389351773	0.34712610281680883	0.7189258117174852	0.7322034805959263	0.5616676061533933	0.4429861745371693	0.39560710013767914	0.5754285044535223	0.5999553063370197	0.7347168825662656	0.7455134344225701	1.0	1.0	0.5087134088513404	0.4441800824776451	1.0	0.6393867611309197	0.5182333761089798	0.2893994774888283	1.0	0.6679549188183298	0.33006239023143374	0.46247190620972933	1.0	0.2911432114133184	1.0	0.5390551157371465
ro	1.0	0.5503424076504563	0.8236800042410135	1.0	0.528296560013229	0.5585292931391798	0.7411828468492556	0.5639392870179737	0.5961684946801786	0.5978465182276975	0.7248485669756152	1.0	1.0	0.6020981193719463	0.5386639313277625	0.7199285383279773	0.7199285383279773	1.0	1.0	1.0	1.0	0.5968256374580969	0.5950659482376811	0.6393867611309197	1.0	0.651610424238932	0.6455519993951537	1.0	0.7300208629885034	0.3792182693067214	0.5598966768396428	1.0	0.3265665598650711	1.0	0.7199285383279773
ru	1.0	0.5503424076504563	0.8236800042410135	1.0	0.4531317065626335	0.512353740740554	1.0	0.2975318085940097	0.3491907480265262	0.44639753878169347	1.0	1.0	0.6037825383046936	0.451098289760481	0.45714700383965895	1.0	1.0	1.0	1.0	1.0	1.0	0.5605854226359267	0.5095695927234692	0.5182333761089798	0.651610424238932	1.0	0.3158182197224627	1.0	1.0	0.3561075600116727	0.4826748590327213	1.0	0.5239860377349806	1.0	1.0
sh	1.0	0.36211983935684044	0.8236800042410135	1.0	0.5945152933583532	0.3013471980964308	1.0	0.19659511057129375	0.30226372597614	0.29186620557561854	1.0	1.0	0.3500151006573172	0.3214748010938558	0.295601422115241	0.31555661143251384	0.32916079351132493	0.7411828468492556	1.0	1.0	1.0	0.31213674414939596	0.3174097408824895	0.2893994774888283	0.6455519993951537	0.3158182197224627	1.0	1.0	0.6701591524560107	0.32345879543690687	0.3125255298178207	1.0	0.352708890869901	1.0	0.3170856216807897
si	0.0	1.0	0.0	0.0	1.0	1.0	0.0	1.0	1.0	1.0	1.0	1.0	1.0	1.0	1.0	1.0	1.0	1.0	0.0	1.0	0.0	1.0	1.0	1.0	1.0	1.0	1.0	1.0	0.0	1.0	1.0	0.0	1.0	1.0	1.0
simple	1.0	0.7362033637659952	0.8236800042410135	1.0	0.7322034805959264	0.6128353039805036	1.0	0.4846875943593094	0.7793240521678179	0.5614867258122459	1.0	1.0	1.0	0.7784614227396944	0.6328254152358199	1.0	1.0	1.0	1.0	1.0	1.0	0.6151628583512602	0.6568318202362041	0.6679549188183298	0.7300208629885034	1.0	0.6701591524560107	0.0	1.0	0.6049963408257748	0.661251134120194	1.0	0.380139896306367	1.0	0.7726520216574332
sr	0.5660160774121898	0.3561161073819916	0.8236800042410135	1.0	0.37951607183715197	0.33586084465830035	0.7455134344225701	0.227362844492152	0.3455909333450006	0.32814373497076244	0.3918142584287958	0.42086015539690247	0.6638546162332061	0.3570968370279046	0.3427185074503539	0.3539980549283143	0.3844266976198335	1.0	1.0	0.7455134344225701	1.0	0.36261298575458806	0.3483949873619858	0.33006239023143374	0.3792182693067214	0.3561075600116727	0.32345879543690687	1.0	0.6049963408257748	1.0	0.3543797324647803	1.0	0.2938552826407589	1.0	0.35603958330619734
sv	1.0	0.5524156345313276	0.8236800042410135	1.0	0.44699205263165787	0.35627139580286016	0.7411828468492555	0.2879458681497774	0.3939567471705784	0.3794476942361869	0.535256047632424	0.7322034805959264	0.47434917499619755	0.45821943015504535	0.39819175155726494	0.45633719812430784	0.5371580188473669	1.0	1.0	0.7347168825662658	1.0	0.4218557603016705	0.3847707183716022	0.46247190620972933	0.5598966768396428	0.4826748590327213	0.3125255298178207	1.0	0.661251134120194	0.3543797324647803	1.0	1.0	0.29527550428736804	1.0	0.4771890622979577
te	0.0	1.0	1.0	1.0	1.0	1.0	1.0	1.0	1.0	1.0	1.0	1.0	1.0	1.0	1.0	1.0	1.0	1.0	1.0	1.0	1.0	1.0	1.0	1.0	1.0	1.0	1.0	0.0	1.0	1.0	1.0	1.0	1.0	1.0	1.0
vi	1.0	0.5503424076504563	0.8236800042410135	1.0	1.0	0.35270276420943414	1.0	0.18642618774134664	0.2743549691604269	0.42224987086784954	0.38255811498770237	0.40537003198728544	0.30871236965490556	0.43623290536782244	0.29413607399558817	0.30409599812893034	0.3159006495948418	1.0	1.0	0.41055547717987523	1.0	0.3238456481885483	0.29419096554099194	0.2911432114133184	0.3265665598650711	0.5239860377349806	0.352708890869901	1.0	0.380139896306367	0.2938552826407589	0.29527550428736804	1.0	1.0	1.0	0.3052190619001995
war	0.0	0.46959601155582775	0.8216064286890065	1.0	1.0	1.0	1.0	1.0	1.0	0.7690990303325336	1.0	1.0	1.0	1.0	1.0	1.0	1.0	1.0	1.0	1.0	1.0	1.0	1.0	1.0	1.0	1.0	1.0	1.0	1.0	1.0	1.0	1.0	1.0	1.0	1.0
zh	0.7584325078215763	0.5503424076504563	0.8236800042410135	1.0	0.5808852645006567	0.5317167413273303	1.0	0.30374623080788427	0.5341700335076339	0.46005463872093816	1.0	1.0	0.6020527707922663	0.5009603800692166	0.5249712141066851	1.0	1.0	1.0	1.0	1.0	1.0	0.5940642723969024	0.5193838170988633	0.5390551157371465	0.7199285383279773	1.0	0.3170856216807897	1.0	0.7726520216574332	0.35603958330619734	0.4771890622979577	1.0	0.3052190619001995	1.0	1.0
