arz	bs	ceb	ckb	da	de	el	en	es	fr	he	hi	hu	id	it	ja	ko	lv	mk	ml	mr	nl	pl	pt	ro	ru	sh	si	simple	sr	sv	te	vi	war	zh
arz	1.0	1.0	0.0	0.0	1.0	1.0	1.0	0.7584325078215763	1.0	0.0	1.0	0.0	1.0	1.0	1.0	1.0	1.0	1.0	1.0	0.0	0.0	0.7690990303325336	1.0	1.0	0.4582960478122589	1.0	1.0	0.0	1.0	1.0	1.0	0.0	1.0	0.0	0.7584325078215763
bs	1.0	1.0	0.4291162416553183	0.41451916354404916	0.3022590901549822	0.3537081180060568	0.7690990303325336	0.3407573686856893	0.3537081180060568	0.35891777202479913	0.6248318231235794	0.7106922308883379	0.35891777202479913	0.3836926721869991	0.3537081180060568	0.3537081180060568	0.3537081180060568	0.37601168758039577	0.3946514430744052	0.7584325078215763	1.0	0.3537081180060568	0.3537081180060568	0.3537081180060568	0.34831119605931293	0.3537081180060568	0.36018334856701456	1.0	0.38101289388372594	0.3537081180060568	0.3537081180060568	1.0	0.3498211298130373	1.0	0.3537081180060568
ceb	0.0	0.4291162416553183	1.0	0.7840124061054716	0.7840124061054716	0.7840124061054716	1.0	0.7840124061054716	0.7840124061054716	0.7840124061054716	1.0	1.0	0.7840124061054716	0.6880385064750162	0.7840124061054716	0.7840124061054716	0.7840124061054716	0.7840124061054716	0.7840124061054716	1.0	1.0	0.7840124061054716	0.7840124061054716	0.7840124061054716	0.7840124061054716	0.7840124061054716	0.7840124061054716	0.0	0.7840124061054716	0.7840124061054716	0.7840124061054716	1.0	0.7840124061054716	1.0	0.7840124061054716
ckb	0.0	0.41451916354404916	0.7840124061054716	1.0	1.0	1.0	1.0	1.0	1.0	1.0	1.0	1.0	1.0	0.4576444201675777	1.0	1.0	1.0	1.0	1.0	1.0	1.0	1.0	1.0	1.0	1.0	1.0	1.0	0.0	0.7584325078215763	1.0	1.0	1.0	1.0	1.0	1.0
da	1.0	0.3022590901549822	0.7840124061054716	1.0	1.0	0.34709244506153303	0.42086015539690247	0.32512947516368623	0.30134611366345226	0.35427100210581486	0.3901146486926684	0.6504036062041291	0.3868925482431309	0.3192506034622839	0.25347998909352115	0.37291354794137455	0.38416840375660255	1.0	0.42489828324440826	0.42534549395239046	1.0	0.3660880781093432	0.3725708948701183	0.35155807364654046	0.42327213687692844	0.36755332287797005	0.3902921713490875	1.0	0.373549297159882	0.3896811511309434	0.3702002510142291	0.7863954451402115	0.3662226466474618	1.0	0.3705077460685937
de	1.0	0.3537081180060568	0.7840124061054716	1.0	0.34709244506153303	1.0	1.0	0.23532472226106296	0.3551153586171942	0.3664279397430144	0.5763160088008373	0.7300208629885034	0.59049000347534	0.3465594492145414	0.3194241723313455	0.5302994651101192	0.566301333855639	1.0	1.0	1.0	1.0	0.45314170567251844	0.3646992196860824	0.30459450882231975	0.5585292931391799	0.5167805595242394	0.5373194630235603	1.0	0.6291358608399944	0.5347969330449205	0.3891288681266253	1.0	0.5695225160024807	1.0	0.5156165361608371
el	1.0	0.7690990303325336	1.0	1.0	0.42086015539690247	1.0	1.0	0.7347168825662657	1.0	1.0	1.0	1.0	1.0	0.41715274718679807	0.7376607345031153	1.0	1.0	1.0	1.0	1.0	1.0	1.0	1.0	1.0	0.7411828468492556	1.0	1.0	0.0	0.7411828468492556	1.0	0.7411828468492556	1.0	0.74551343442257	1.0	1.0
en	0.7584325078215763	0.3407573686856893	0.7840124061054716	1.0	0.32512947516368623	0.23532472226106296	0.7347168825662657	1.0	0.21003243235245256	0.19606059766959785	0.4382550582455527	0.6380558066189798	0.47728539383571805	0.3017888439830055	0.23858551642872278	0.29084382766653455	0.40981153098251105	0.7106824291060084	1.0	0.5498830412438558	1.0	0.29819346098719035	0.2801571802713295	0.24618809845556597	0.42698254775661393	0.2635974689894759	0.2973563794893455	1.0	0.5040021550849708	0.26697582615780674	0.3194062837910497	1.0	0.17960197609338052	0.7690990303325336	0.32698365045503286
es	1.0	0.3537081180060568	0.7840124061054716	1.0	0.30134611366345226	0.3551153586171942	1.0	0.21003243235245256	1.0	0.29176688771496057	0.3773103328922856	1.0	0.6463474082678704	0.34304709663981087	0.2995584953588048	0.3635652444085035	0.3725339152553278	1.0	1.0	1.0	1.0	0.3595880798784172	0.5120394344411706	0.3416537746779751	0.5961684946801785	0.3489716443385546	0.5384102780757074	1.0	0.6315278236410585	0.554216865782689	0.399797494163136	1.0	0.3578606759627315	1.0	0.3673889528223675
fr	0.0	0.35891777202479913	0.7840124061054716	1.0	0.35427100210581486	0.3664279397430144	1.0	0.19606059766959785	0.29176688771496057	1.0	0.5453111577010742	0.7322034805959263	0.5925567396724761	0.33450016975393	0.305680520653022	0.49814695369464046	0.6414463581614512	1.0	1.0	1.0	1.0	0.45754405381437296	0.37188264568073953	0.31132672561428215	0.5973524767815628	0.45714700383965895	0.4890857769327798	1.0	0.44245117930936784	0.4395539979920678	0.36287402664486046	1.0	0.4749088577537847	1.0	0.4465435320660096
he	1.0	0.6248318231235794	1.0	1.0	0.3901146486926684	0.5763160088008373	1.0	0.4382550582455527	0.3773103328922856	0.5453111577010742	1.0	1.0	1.0	0.38689677074370254	0.29685328507977354	1.0	1.0	1.0	1.0	1.0	1.0	1.0	0.7179915061657696	0.718925811717485	0.7248485669756152	1.0	1.0	1.0	0.6067454105236015	0.726387596483245	0.6122131884607098	1.0	0.6167131210802118	1.0	1.0
hi	0.0	0.7106922308883379	1.0	1.0	0.6504036062041291	0.7300208629885034	1.0	0.6380558066189798	1.0	0.7322034805959263	1.0	1.0	1.0	0.6740515375688697	0.7300208629885034	1.0	1.0	1.0	1.0	1.0	1.0	1.0	1.0	0.7322034805959263	1.0	1.0	1.0	1.0	1.0	0.7411828468492556	1.0	1.0	0.7347168825662657	1.0	1.0
hu	1.0	0.35891777202479913	0.7840124061054716	1.0	0.3868925482431309	0.59049000347534	1.0	0.47728539383571805	0.6463474082678704	0.5925567396724761	1.0	1.0	1.0	0.4924747043868312	0.5913014301053445	0.6475250169846577	0.718925811717485	1.0	1.0	1.0	1.0	0.6452450558286369	0.5560861611583168	0.5925567396724761	0.661251134120194	0.6487871090048528	0.7300208629885035	1.0	0.7263875964832448	0.7263875964832448	0.5396840009796435	1.0	0.5966397198225762	1.0	0.6463474082678704
id	1.0	0.3836926721869991	0.6880385064750162	0.4576444201675777	0.3192506034622839	0.3465594492145414	0.41715274718679807	0.3017888439830055	0.34304709663981087	0.33450016975393	0.38689677074370254	0.6740515375688697	0.4924747043868312	1.0	0.2981743726270886	0.3608872398813947	0.36475059277715804	0.41360553468474	0.7002078323832267	0.6841174893561723	0.7584325078215763	0.3630850872207589	0.35544820533623667	0.3468932012231161	0.3886324055378251	0.3556524586091859	0.36822324341274726	1.0	0.41278625648467837	0.3810079418535762	0.33810959000676	0.7690990303325336	0.4521640422344799	1.0	0.3586098640935273
it	1.0	0.3537081180060568	0.7840124061054716	1.0	0.25347998909352115	0.3194241723313455	0.7376607345031153	0.23858551642872278	0.2995584953588048	0.305680520653022	0.29685328507977354	0.7300208629885034	0.5913014301053445	0.2981743726270886	1.0	0.4098515899693662	0.3967185657570938	0.7347168825662656	1.0	1.0	1.0	0.2611271866327406	0.3321999056350479	0.274136992618985	0.41601811828760643	0.37069817878478206	0.27664131249452	1.0	0.5455847589713076	0.2726611731228015	0.3747703544497123	1.0	0.421342922553182	1.0	0.3757275901070252
ja	1.0	0.3537081180060568	0.7840124061054716	1.0	0.37291354794137455	0.5302994651101192	1.0	0.29084382766653455	0.3635652444085035	0.49814695369464046	1.0	1.0	0.6475250169846577	0.3608872398813947	0.4098515899693662	1.0	1.0	1.0	1.0	1.0	1.0	0.709195387537678	0.5654873513547887	0.4839715042234663	0.6532002319725719	1.0	0.6052104383549938	1.0	0.6341673481330119	0.5539028676859222	0.4411315437160094	1.0	0.5457196384542711	1.0	1.0
ko	1.0	0.3537081180060568	0.7840124061054716	1.0	0.38416840375660255	0.566301333855639	1.0	0.40981153098251105	0.3725339152553278	0.6414463581614512	1.0	1.0	0.718925811717485	0.36475059277715804	0.3967185657570938	1.0	1.0	1.0	1.0	1.0	1.0	0.7147973711694583	0.7147973711694583	0.5999553063370197	0.6532002319725719	1.0	0.6549329476340924	1.0	0.5998186767392314	0.7221793916855703	0.5751238670581348	1.0	0.6735331144346389	1.0	1.0
lv	1.0	0.37601168758039577	0.7840124061054716	1.0	1.0	1.0	1.0	0.7106824291060084	1.0	1.0	1.0	1.0	1.0	0.41360553468474	0.7347168825662656	1.0	1.0	1.0	1.0	1.0	1.0	1.0	1.0	0.6786291688147437	1.0	1.0	1.0	1.0	0.629896233114065	1.0	1.0	1.0	1.0	1.0	1.0
mk	1.0	0.3946514430744052	0.7840124061054716	1.0	0.42489828324440826	1.0	1.0	1.0	1.0	1.0	1.0	1.0	1.0	0.7002078323832267	1.0	1.0	1.0	1.0	1.0	1.0	1.0	1.0	1.0	1.0	0.7455134344225701	1.0	1.0	0.0	1.0	0.74551343442257	1.0	1.0	0.74551343442257	1.0	1.0
ml	0.0	0.7584325078215763	1.0	1.0	0.42534549395239046	1.0	1.0	0.5498830412438558	1.0	1.0	1.0	1.0	1.0	0.6841174893561723	1.0	1.0	1.0	1.0	1.0	1.0	1.0	1.0	1.0	1.0	0.7347168825662656	1.0	1.0	1.0	1.0	1.0	1.0	1.0	0.7376607345031153	1.0	1.0
mr	0.0	1.0	1.0	1.0	1.0	1.0	1.0	1.0	1.0	1.0	1.0	1.0	1.0	0.7584325078215763	1.0	1.0	1.0	1.0	1.0	1.0	1.0	1.0	1.0	1.0	1.0	1.0	1.0	0.0	1.0	1.0	1.0	1.0	0.7690990303325336	1.0	1.0
nl	0.7690990303325336	0.3537081180060568	0.7840124061054716	1.0	0.3660880781093432	0.45314170567251844	1.0	0.29819346098719035	0.3595880798784172	0.45754405381437296	1.0	1.0	0.6452450558286369	0.3630850872207589	0.2611271866327406	0.709195387537678	0.7147973711694583	1.0	1.0	1.0	1.0	1.0	0.515922188701808	0.3517726305476962	0.6411621673688593	0.7083336130853423	0.5618413405294127	1.0	0.634167348133012	0.6067636116293127	0.4623675713587742	1.0	0.5597279540427168	1.0	0.7096516635440986
pl	1.0	0.3537081180060568	0.7840124061054716	1.0	0.3725708948701183	0.3646992196860824	1.0	0.2801571802713295	0.5120394344411706	0.37188264568073953	0.7179915061657696	1.0	0.5560861611583168	0.35544820533623667	0.3321999056350479	0.5654873513547887	0.7147973711694583	1.0	1.0	1.0	1.0	0.515922188701808	1.0	0.4511158156569927	0.5950659482376811	0.41529912053226853	0.6393867611309196	1.0	0.5805771391562539	0.7189258117174852	0.3684115005818202	1.0	0.5100471804659589	1.0	0.5924658130616858
pt	1.0	0.3537081180060568	0.7840124061054716	1.0	0.35155807364654046	0.30459450882231975	1.0	0.24618809845556597	0.3416537746779751	0.31132672561428215	0.718925811717485	0.7322034805959263	0.5925567396724761	0.3468932012231161	0.274136992618985	0.4839715042234663	0.5999553063370197	0.6786291688147437	1.0	1.0	1.0	0.3517726305476962	0.4511158156569927	1.0	0.5598966768396428	0.5917196795904757	0.347107688626549	1.0	0.36132561368363436	0.3478060700548575	0.4177094409610797	1.0	0.44907749604399977	1.0	0.3628002874080601
ro	0.4582960478122589	0.34831119605931293	0.7840124061054716	1.0	0.42327213687692844	0.5585292931391799	0.7411828468492556	0.42698254775661393	0.5961684946801785	0.5973524767815628	0.7248485669756152	1.0	0.661251134120194	0.3886324055378251	0.41601811828760643	0.6532002319725719	0.6532002319725719	1.0	0.7455134344225701	0.7347168825662656	1.0	0.6411621673688593	0.5950659482376811	0.5598966768396428	1.0	0.651610424238932	0.7263875964832449	1.0	0.5616929536617625	0.6443242360956813	0.6205954835092363	1.0	0.5181366048728672	1.0	0.6532002319725722
ru	1.0	0.3537081180060568	0.7840124061054716	1.0	0.36755332287797005	0.5167805595242394	1.0	0.2635974689894759	0.3489716443385546	0.45714700383965895	1.0	1.0	0.6487871090048528	0.3556524586091859	0.37069817878478206	1.0	1.0	1.0	1.0	1.0	1.0	0.7083336130853423	0.41529912053226853	0.5917196795904757	0.651610424238932	1.0	0.6052104383549938	1.0	0.6341673481330119	0.6463474082678704	0.4365708490431993	1.0	0.5456665695995395	1.0	1.0
sh	1.0	0.36018334856701456	0.7840124061054716	1.0	0.3902921713490875	0.5373194630235603	1.0	0.2973563794893455	0.5384102780757074	0.4890857769327798	1.0	1.0	0.7300208629885035	0.36822324341274726	0.27664131249452	0.6052104383549938	0.6549329476340924	1.0	1.0	1.0	1.0	0.5618413405294127	0.6393867611309196	0.347107688626549	0.7263875964832449	0.6052104383549938	1.0	1.0	0.6483618101972173	0.3253491322525246	0.6115631241151682	1.0	0.43388841699379305	1.0	0.6475250169846577
si	0.0	1.0	0.0	0.0	1.0	1.0	0.0	1.0	1.0	1.0	1.0	1.0	1.0	1.0	1.0	1.0	1.0	1.0	0.0	1.0	0.0	1.0	1.0	1.0	1.0	1.0	1.0	1.0	0.0	1.0	1.0	0.0	1.0	1.0	1.0
simple	1.0	0.38101289388372594	0.7840124061054716	0.7584325078215763	0.373549297159882	0.6291358608399944	0.7411828468492556	0.5040021550849708	0.6315278236410585	0.44245117930936784	0.6067454105236015	1.0	0.7263875964832448	0.41278625648467837	0.5455847589713076	0.6341673481330119	0.5998186767392314	0.629896233114065	1.0	1.0	1.0	0.634167348133012	0.5805771391562539	0.36132561368363436	0.5616929536617625	0.6341673481330119	0.6483618101972173	0.0	1.0	0.6468909830471344	0.5969819612641136	1.0	0.728099120889861	1.0	0.6341673481330119
sr	1.0	0.3537081180060568	0.7840124061054716	1.0	0.3896811511309434	0.5347969330449205	1.0	0.26697582615780674	0.554216865782689	0.4395539979920678	0.726387596483245	0.7411828468492556	0.7263875964832448	0.3810079418535762	0.2726611731228015	0.5539028676859222	0.7221793916855703	1.0	0.74551343442257	1.0	1.0	0.6067636116293127	0.7189258117174852	0.3478060700548575	0.6443242360956813	0.6463474082678704	0.3253491322525246	1.0	0.6468909830471344	1.0	0.595516528323067	1.0	0.42149104849240526	1.0	0.6052104383549938
sv	1.0	0.3537081180060568	0.7840124061054716	1.0	0.3702002510142291	0.3891288681266253	0.7411828468492556	0.3194062837910497	0.399797494163136	0.36287402664486046	0.6122131884607098	1.0	0.5396840009796435	0.33810959000676	0.3747703544497123	0.4411315437160094	0.5751238670581348	1.0	1.0	1.0	1.0	0.4623675713587742	0.3684115005818202	0.4177094409610797	0.6205954835092363	0.4365708490431993	0.6115631241151682	1.0	0.5969819612641136	0.595516528323067	1.0	1.0	0.4897367379350288	1.0	0.4270903634356065
te	0.0	1.0	1.0	1.0	0.7863954451402115	1.0	1.0	1.0	1.0	1.0	1.0	1.0	1.0	0.7690990303325336	1.0	1.0	1.0	1.0	1.0	1.0	1.0	1.0	1.0	1.0	1.0	1.0	1.0	0.0	1.0	1.0	1.0	1.0	1.0	1.0	1.0
vi	1.0	0.3498211298130373	0.7840124061054716	1.0	0.3662226466474618	0.5695225160024807	0.74551343442257	0.17960197609338052	0.3578606759627315	0.4749088577537847	0.6167131210802118	0.7347168825662657	0.5966397198225762	0.4521640422344799	0.421342922553182	0.5457196384542711	0.6735331144346389	1.0	0.74551343442257	0.7376607345031153	0.7690990303325336	0.5597279540427168	0.5100471804659589	0.44907749604399977	0.5181366048728672	0.5456665695995395	0.43388841699379305	1.0	0.728099120889861	0.42149104849240526	0.4897367379350288	1.0	1.0	1.0	0.5704766118219916
war	0.0	1.0	1.0	1.0	1.0	1.0	1.0	0.7690990303325336	1.0	1.0	1.0	1.0	1.0	1.0	1.0	1.0	1.0	1.0	1.0	1.0	1.0	1.0	1.0	1.0	1.0	1.0	1.0	1.0	1.0	1.0	1.0	1.0	1.0	1.0	1.0
zh	0.7584325078215763	0.3537081180060568	0.7840124061054716	1.0	0.3705077460685937	0.5156165361608371	1.0	0.32698365045503286	0.3673889528223675	0.4465435320660096	1.0	1.0	0.6463474082678704	0.3586098640935273	0.3757275901070252	1.0	1.0	1.0	1.0	1.0	1.0	0.7096516635440986	0.5924658130616858	0.3628002874080601	0.6532002319725722	1.0	0.6475250169846577	1.0	0.6341673481330119	0.6052104383549938	0.4270903634356065	1.0	0.5704766118219916	1.0	1.0
