arz	bs	ceb	ckb	da	de	el	en	es	fr	he	hi	hu	id	it	ja	ko	lv	mk	ml	mr	nl	pl	pt	ro	ru	sh	si	simple	sr	sv	te	tr	vi	war	zh
arz	0.5	0.5	0.0	0.5	0.5	0.5	0.5	0.5	0.5	0.5	0.5	0.5	0.5	0.5	0.5	0.5	0.5	0.5	0.5	0.5	0.5	0.5	0.5	0.5	0.5	0.5	0.5	1.0	0.5	0.5	0.5	0.5	0.5	0.5	0.5	0.5
bs	0.5	0.0012877068944396359	1.0	1.0	0.2	0.0026690438132849575	0.012704540424734196	0.004210385488720798	0.006452070801248699	0.0017161980030249984	0.07692307692307693	1.0	0.01392738668252221	0.02002723885567731	0.013890432098765431	0.015385562366863902	0.013183910913371698	1.0	0.0011918951132300357	1.0	0.3333333333333333	0.0011858711186323956	0.0012287955752917337	0.0012332524353107159	0.009006894798586738	0.0012184185917800312	0.0013900145094771798	0.3333333333333333	0.25	0.0011635024654089623	0.014926041434617952	0.5	0.14285714285714285	0.007700185274447406	0.25	0.0020928207315261244
ceb	0.0	1.0	0.3333333333333333	0.0	1.0	0.5	0.0	0.3333333333333333	0.5	1.0	0.5	0.5	1.0	0.5	0.5	0.5	0.5	1.0	1.0	1.0	0.0	1.0	1.0	0.5	0.5	0.5	1.0	0.5	1.0	1.0	1.0	0.0	-1.0	0.5	1.0	0.5
ckb	0.5	1.0	0.0	1.0	0.0	1.0	1.0	1.0	0.0	1.0	0.0	0.0	0.0	0.0	0.0	1.0	0.0	0.0	1.0	0.0	0.3333333333333333	1.0	1.0	1.0	0.0	1.0	1.0	0.3333333333333333	0.0	1.0	1.0	0.5	0.125	0.0	0.25	1.0
da	0.5	0.2	1.0	0.0	0.2	0.25	0.5	0.25	0.25	0.25	0.3333333333333333	1.0	0.3333333333333333	0.5	0.25	0.25	0.25	1.0	0.3333333333333333	1.0	0.3333333333333333	0.25	0.25	0.25	0.3333333333333333	0.25	0.3333333333333333	0.3333333333333333	0.5	0.25	0.3333333333333333	0.5	0.16666666666666666	0.25	0.25	0.25
de	0.5	0.0026690438132849575	0.5	1.0	0.25	0.0025894522640096816	0.013340804803735288	0.004743585187464591	0.006802906196492202	0.0038650026569253763	0.05555555555555555	1.0	0.014711291523573096	0.020837239583333333	0.013158240997229917	0.013514061358655953	0.013161877943559554	1.0	0.002702702702702703	1.0	0.3333333333333333	0.002696682565819945	0.002638529389241233	0.0026246994716211656	0.009187462111145175	0.002824930575505122	0.0035344306584674666	0.3333333333333333	0.25	0.0026740613400511952	0.014492963663095989	0.5	0.07142857142857142	0.008065491870577588	0.25	0.004291956013188676
el	0.5	0.012704540424734196	0.0	1.0	0.5	0.013340804803735288	0.013057715372382638	0.013597839594515299	0.015153122359963269	0.013596368734406353	0.20003999999999997	1.0	0.021873709841082185	0.0286820604210285	0.0357206658188801	0.02564497107166338	0.02231296297739366	1.0	0.012658227848101266	1.0	0.3333333333333333	0.012846533135631054	0.012658708540298026	0.01282084155161078	0.018097286133654862	0.014706747621107264	0.014101587604865332	0.3333333333333333	1.0	0.012666885117611281	0.02857714530693877	0.5	0.125	0.01787949653737542	0.25	0.01389178279340297
en	0.5	0.004210385488720798	0.3333333333333333	1.0	0.25	0.004743585187464591	0.013597839594515299	0.004147172949625278	0.006623700978158985	0.004698276520642078	0.05	1.0	0.013773340488054528	0.019656018358656165	0.01266191475869396	0.013159453255020775	0.012550514242910515	1.0	0.00425531914893617	1.0	0.3333333333333333	0.004199791924508412	0.003968710695436556	0.004016402977371333	0.008923789868913038	0.004386792205313173	0.004725697052496918	0.3333333333333333	0.25	0.004205745308510385	0.015877047367094985	0.5	0.05555555555555555	0.00764830108225224	0.25	0.004927370574437623
es	0.5	0.006452070801248699	0.5	0.0	0.25	0.006802906196492202	0.015153122359963269	0.006623700978158985	0.006139300842262601	0.006494307682577164	0.07692307692307693	1.0	0.014086292402301128	0.020000399999999998	0.016666666666666666	0.015873015873015872	0.012988699612076235	1.0	0.006493506493506494	1.0	0.3333333333333333	0.006410461867192636	0.006172839506172839	0.006289308176100629	0.00917717439643136	0.007246376811594203	0.0070923494794024435	0.3333333333333333	0.25	0.0065360758682557986	0.019230769230769232	0.5	0.07142857142857142	0.008620912604042807	0.25	0.006756756756756757
fr	0.5	0.0017161980030249984	1.0	1.0	0.25	0.0038650026569253763	0.013596368734406353	0.004698276520642078	0.006494307682577164	0.0018857953530671931	0.07142857142857142	1.0	0.01395479124220178	0.02005173915609105	0.0137005066616626	0.014288368367959388	0.012540598379407632	1.0	0.0017301038062283738	1.0	0.3333333333333333	0.0016997268607521483	0.001678339528664263	0.0016838446984037939	0.008980612645275011	0.001742892077307701	0.0017321480407613064	0.3333333333333333	0.25	0.0017012444648068705	0.014928938293829361	0.5	0.06666666666666667	0.008143587384882772	0.25	0.0020846710075699305
he	0.5	0.07692307692307693	0.5	0.0	0.3333333333333333	0.05555555555555555	0.20003999999999997	0.05	0.07692307692307693	0.07142857142857142	0.050004999999999994	1.0	0.25	0.5	0.0625	0.08333333333333333	0.1111111111111111	1.0	0.07692307692307693	1.0	0.3333333333333333	0.07692307692307693	0.05	0.05263157894736842	0.14285714285714285	0.05	0.1111111111111111	0.3333333333333333	0.5	0.07692307692307693	0.16666666666666666	0.5	0.1	0.14285714285714285	0.25	0.07142857142857142
hi	0.5	1.0	0.5	0.0	1.0	1.0	1.0	1.0	1.0	1.0	1.0	1.0	1.0	1.0	1.0	1.0	1.0	1.0	1.0	1.0	0.3333333333333333	1.0	1.0	1.0	1.0	1.0	0.0	0.3333333333333333	1.0	1.0	1.0	0.5	0.125	1.0	0.25	1.0
hu	0.5	0.01392738668252221	1.0	0.0	0.3333333333333333	0.014711291523573096	0.021873709841082185	0.013773340488054528	0.014086292402301128	0.01395479124220178	0.25	1.0	0.013856966434391762	0.022806049415498606	0.029418685121107263	0.02325851865873445	0.015233672352859603	1.0	0.014084507042253521	1.0	0.3333333333333333	0.0137215603917354	0.013699568774817227	0.014085102162269388	0.014293855746210758	0.015874779541446206	0.014936073295615731	0.3333333333333333	0.5	0.014091851222775441	0.027783951389661263	0.5	0.125	0.014725801063391247	0.25	0.013515522827246164
id	0.5	0.02002723885567731	0.5	0.0	0.5	0.020837239583333333	0.0286820604210285	0.019656018358656165	0.020000399999999998	0.02005173915609105	0.5	1.0	0.022806049415498606	0.019860553955845264	0.04348582230623818	0.026317174515235454	0.02228312734087009	1.0	0.02	1.0	0.3333333333333333	0.0200168128112068	0.0196078431372549	0.02	0.02190001479111785	0.022727789256198346	0.02084114800521007	0.3333333333333333	0.3333333333333333	0.020004800799999996	0.030306704316805325	0.5	0.1111111111111111	0.021756625244333652	0.25	0.020001599999999998
it	0.5	0.013890432098765431	0.5	0.0	0.25	0.013158240997229917	0.0357206658188801	0.01266191475869396	0.016666666666666666	0.0137005066616626	0.0625	1.0	0.029418685121107263	0.04348582230623818	0.011378507518507287	0.021739130434782608	0.027780092592592592	1.0	0.014084507042253521	1.0	0.3333333333333333	0.013514426588750912	0.011904761904761904	0.012345679012345678	0.02439738251041047	0.0125	0.016667500000000002	0.3333333333333333	0.25	0.014084903788930767	0.028572244897959183	0.5	0.06666666666666667	0.023810090702947845	0.25	0.014286122448979591
ja	0.5	0.015385562366863902	0.5	1.0	0.25	0.013514061358655953	0.02564497107166338	0.013159453255020775	0.015873015873015872	0.014288368367959388	0.08333333333333333	1.0	0.02325851865873445	0.026317174515235454	0.021739130434782608	0.013166557829987015	0.021278406971480306	1.0	0.015625	1.0	0.3333333333333333	0.015625244140625	0.013158067867036011	0.013333511111111113	0.020838108072916663	0.013513513513513514	0.017857780612244897	0.3333333333333333	0.5	0.015625	0.022222716049382713	0.5	0.06666666666666667	0.02127704843820733	0.25	0.014492753623188406
ko	0.5	0.013183910913371698	0.5	0.0	0.25	0.013161877943559554	0.02231296297739366	0.012550514242910515	0.012988699612076235	0.012540598379407632	0.1111111111111111	1.0	0.015233672352859603	0.02228312734087009	0.027780092592592592	0.021278406971480306	0.012575001792250998	1.0	0.013333333333333334	1.0	0.3333333333333333	0.013173670906022025	0.012658388078833521	0.01250046875	0.014039218843152653	0.015152892791551882	0.013708581726970356	0.3333333333333333	0.5	0.01333849102346791	0.027781635802469132	0.5	0.07692307692307693	0.013905496158579295	0.25	0.0125009375
lv	0.5	1.0	1.0	0.0	1.0	1.0	1.0	1.0	1.0	1.0	1.0	1.0	1.0	1.0	1.0	1.0	1.0	1.0	1.0	1.0	0.3333333333333333	1.0	1.0	1.0	1.0	1.0	0.0	0.3333333333333333	1.0	1.0	1.0	0.5	0.14285714285714285	1.0	0.25	1.0
mk	0.5	0.0011918951132300357	1.0	1.0	0.3333333333333333	0.002702702702702703	0.012658227848101266	0.00425531914893617	0.006493506493506494	0.0017301038062283738	0.07692307692307693	1.0	0.014084507042253521	0.02	0.014084507042253521	0.015625	0.013333333333333334	1.0	0.0011904761904761906	1.0	0.3333333333333333	0.001199040767386091	0.0012515644555694619	0.0012531328320802004	0.008928571428571428	0.0012406947890818859	0.001430615164520744	0.3333333333333333	0.25	0.0011947431302270011	0.015151515151515152	0.5	0.125	0.0078125	0.25	0.002145922746781116
ml	0.5	1.0	1.0	0.0	1.0	1.0	1.0	1.0	1.0	1.0	1.0	1.0	1.0	1.0	1.0	1.0	1.0	1.0	1.0	1.0	0.3333333333333333	1.0	1.0	1.0	1.0	1.0	0.0	0.3333333333333333	1.0	1.0	1.0	0.5	0.2	1.0	0.25	1.0
mr	0.5	0.3333333333333333	0.0	0.3333333333333333	0.3333333333333333	0.3333333333333333	0.3333333333333333	0.3333333333333333	0.3333333333333333	0.3333333333333333	0.3333333333333333	0.3333333333333333	0.3333333333333333	0.3333333333333333	0.3333333333333333	0.3333333333333333	0.3333333333333333	0.3333333333333333	0.3333333333333333	0.3333333333333333	0.3333333333333333	0.3333333333333333	0.3333333333333333	0.3333333333333333	0.3333333333333333	0.3333333333333333	0.3333333333333333	1.0	0.3333333333333333	0.3333333333333333	0.3333333333333333	0.5	0.3333333333333333	0.3333333333333333	0.3333333333333333	0.3333333333333333
nl	0.5	0.0011858711186323956	1.0	1.0	0.25	0.002696682565819945	0.012846533135631054	0.004199791924508412	0.006410461867192636	0.0016997268607521483	0.07692307692307693	1.0	0.0137215603917354	0.0200168128112068	0.013514426588750912	0.015625244140625	0.013173670906022025	1.0	0.001199040767386091	1.0	0.3333333333333333	0.0012446039216091251	0.001230183274861604	0.0012331581415220125	0.008972471883180143	0.0012153016097110868	0.0014151318651974434	0.3333333333333333	0.25	0.0011845702808540158	0.014707612889273355	0.5	0.07142857142857142	0.0077556046514032214	0.25	0.002088136074228233
pl	0.5	0.0012287955752917337	1.0	1.0	0.25	0.002638529389241233	0.012658708540298026	0.003968710695436556	0.006172839506172839	0.001678339528664263	0.05	1.0	0.013699568774817227	0.0196078431372549	0.011904761904761904	0.013158067867036011	0.012658388078833521	1.0	0.0012515644555694619	1.0	0.3333333333333333	0.001230183274861604	0.0012088668230384883	0.0012239962006864531	0.008772853339566096	0.0012484503608940758	0.001479423435804068	0.3333333333333333	0.25	0.0012346136274958078	0.014492753623188406	0.5	0.09090909090909091	0.007633820872909504	0.25	0.002066137046649819
pt	0.5	0.0012332524353107159	0.5	1.0	0.25	0.0026246994716211656	0.01282084155161078	0.004016402977371333	0.006289308176100629	0.0016838446984037939	0.05263157894736842	1.0	0.014085102162269388	0.02	0.012345679012345678	0.013333511111111113	0.01250046875	1.0	0.0012531328320802004	1.0	0.3333333333333333	0.0012331581415220125	0.0012239962006864531	0.0012168143506555565	0.008850654005795286	0.0012594490162363824	0.0014815473251028803	0.3333333333333333	0.25	0.0012391957607612442	0.014492753623188406	0.5	0.0625	0.0076924260355029596	0.25	0.00207470601401491
ro	0.5	0.009006894798586738	0.5	0.0	0.3333333333333333	0.009187462111145175	0.018097286133654862	0.008923789868913038	0.00917717439643136	0.008980612645275011	0.14285714285714285	1.0	0.014293855746210758	0.02190001479111785	0.02439738251041047	0.020838108072916663	0.014039218843152653	1.0	0.008928571428571428	1.0	0.3333333333333333	0.008972471883180143	0.008772853339566096	0.008850654005795286	0.00945904396906273	0.010991427001569859	0.009282379169241158	0.3333333333333333	0.3333333333333333	0.00894134393370684	0.02439619452706722	0.5	0.1	0.009472119523604246	0.25	0.008775624885118806
ru	0.5	0.0012184185917800312	0.5	1.0	0.25	0.002824930575505122	0.014706747621107264	0.004386792205313173	0.007246376811594203	0.001742892077307701	0.05	1.0	0.015874779541446206	0.022727789256198346	0.0125	0.013513513513513514	0.015152892791551882	1.0	0.0012406947890818859	1.0	0.3333333333333333	0.0012153016097110868	0.0012484503608940758	0.0012594490162363824	0.010991427001569859	0.001199709643738549	0.001470765590397923	0.3333333333333333	0.25	0.0012240621283661592	0.014492753623188406	0.5	0.06666666666666667	0.009346056424141847	0.25	0.002164525589850265
sh	0.5	0.0013900145094771798	1.0	1.0	0.3333333333333333	0.0035344306584674666	0.014101587604865332	0.004725697052496918	0.0070923494794024435	0.0017321480407613064	0.1111111111111111	0.0	0.014936073295615731	0.02084114800521007	0.016667500000000002	0.017857780612244897	0.013708581726970356	0.0	0.001430615164520744	0.0	0.3333333333333333	0.0014151318651974434	0.001479423435804068	0.0014815473251028803	0.009282379169241158	0.001470765590397923	0.0014244697688892709	0.3333333333333333	0.5	0.0013896107486806688	0.016667222222222222	0.5	0.125	0.008337015209028194	0.25	0.0021370352427176934
si	1.0	0.3333333333333333	0.5	0.3333333333333333	0.3333333333333333	0.3333333333333333	0.3333333333333333	0.3333333333333333	0.3333333333333333	0.3333333333333333	0.3333333333333333	0.3333333333333333	0.3333333333333333	0.3333333333333333	0.3333333333333333	0.3333333333333333	0.3333333333333333	0.3333333333333333	0.3333333333333333	0.3333333333333333	1.0	0.3333333333333333	0.3333333333333333	0.3333333333333333	0.3333333333333333	0.3333333333333333	0.3333333333333333	0.3333333333333333	0.3333333333333333	0.3333333333333333	0.3333333333333333	1.0	0.3333333333333333	0.3333333333333333	0.5	0.3333333333333333
simple	0.5	0.25	1.0	0.0	0.5	0.25	1.0	0.25	0.25	0.25	0.5	1.0	0.5	0.3333333333333333	0.25	0.5	0.5	1.0	0.25	1.0	0.3333333333333333	0.25	0.25	0.25	0.3333333333333333	0.25	0.5	0.3333333333333333	0.25	0.25	0.3333333333333333	0.5	0.1111111111111111	0.3333333333333333	0.25	0.25
sr	0.5	0.0011635024654089623	1.0	1.0	0.25	0.0026740613400511952	0.012666885117611281	0.004205745308510385	0.0065360758682557986	0.0017012444648068705	0.07692307692307693	1.0	0.014091851222775441	0.020004800799999996	0.014084903788930767	0.015625	0.01333849102346791	1.0	0.0011947431302270011	1.0	0.3333333333333333	0.0011845702808540158	0.0012346136274958078	0.0012391957607612442	0.00894134393370684	0.0012240621283661592	0.0013896107486806688	0.3333333333333333	0.25	0.0011775480434220447	0.015151744719926538	0.5	0.1	0.007753741061294454	0.25	0.0021053650969529085
sv	0.5	0.014926041434617952	1.0	1.0	0.3333333333333333	0.014492963663095989	0.02857714530693877	0.015877047367094985	0.019230769230769232	0.014928938293829361	0.16666666666666666	1.0	0.027783951389661263	0.030306704316805325	0.028572244897959183	0.022222716049382713	0.027781635802469132	1.0	0.015151515151515152	1.0	0.3333333333333333	0.014707612889273355	0.014492753623188406	0.014492753623188406	0.02439619452706722	0.014492753623188406	0.016667222222222222	0.3333333333333333	0.3333333333333333	0.015151744719926538	0.014303695740850454	0.5	0.07692307692307693	0.024390838786436643	0.25	0.01587326782564878
te	0.5	0.5	0.0	0.5	0.5	0.5	0.5	0.5	0.5	0.5	0.5	0.5	0.5	0.5	0.5	0.5	0.5	0.5	0.5	0.5	0.5	0.5	0.5	0.5	0.5	0.5	0.5	1.0	0.5	0.5	0.5	0.5	0.5	0.5	0.5	0.5
tr	0.5	0.14285714285714285	-1.0	0.125	0.16666666666666666	0.07142857142857142	0.125	0.05555555555555555	0.07142857142857142	0.06666666666666667	0.1	0.125	0.125	0.1111111111111111	0.06666666666666667	0.06666666666666667	0.07692307692307693	0.14285714285714285	0.125	0.2	0.3333333333333333	0.07142857142857142	0.09090909090909091	0.0625	0.1	0.06666666666666667	0.125	0.3333333333333333	0.1111111111111111	0.1	0.07692307692307693	0.5	0.055574074074074074	0.1111111111111111	0.25	0.0625
vi	0.5	0.007700185274447406	0.5	0.0	0.25	0.008065491870577588	0.01787949653737542	0.00764830108225224	0.008620912604042807	0.008143587384882772	0.14285714285714285	1.0	0.014725801063391247	0.021756625244333652	0.023810090702947845	0.02127704843820733	0.013905496158579295	1.0	0.0078125	1.0	0.3333333333333333	0.0077556046514032214	0.007633820872909504	0.0076924260355029596	0.009472119523604246	0.009346056424141847	0.008337015209028194	0.3333333333333333	0.3333333333333333	0.007753741061294454	0.024390838786436643	0.5	0.1111111111111111	0.007696977038726164	0.25	0.008130477890144755
war	0.5	0.25	1.0	0.25	0.25	0.25	0.25	0.25	0.25	0.25	0.25	0.25	0.25	0.25	0.25	0.25	0.25	0.25	0.25	0.25	0.3333333333333333	0.25	0.25	0.25	0.25	0.25	0.25	0.5	0.25	0.25	0.25	0.5	0.25	0.25	0.25006256256256254	0.25
zh	0.5	0.0020928207315261244	0.5	1.0	0.25	0.004291956013188676	0.01389178279340297	0.004927370574437623	0.006756756756756757	0.0020846710075699305	0.07142857142857142	1.0	0.013515522827246164	0.020001599999999998	0.014286122448979591	0.014492753623188406	0.0125009375	1.0	0.002145922746781116	1.0	0.3333333333333333	0.002088136074228233	0.002066137046649819	0.00207470601401491	0.008775624885118806	0.002164525589850265	0.0021370352427176934	0.3333333333333333	0.25	0.0021053650969529085	0.01587326782564878	0.5	0.0625	0.008130477890144755	0.25	0.0020558408605644684
