arz	bs	ceb	ckb	da	de	el	en	es	fr	he	hi	hu	id	it	ja	ko	lv	mk	ml	mr	nl	pl	pt	ro	ru	sh	si	simple	sr	sv	te	vi	war	zh
arz	1.0	0.15384615384615385	0.05555555555555555	0.13636363636363635	0.07692307692307693	0.05436964057653713	0.125	0.022435897435897436	0.045454545454545456	0.03977272727272727	0.06760973580195548	0.05405405405405406	0.11806060606060606	0.06079638752052545	0.03614457831325301	0.046153846153846156	0.06844576229305659	0.13157894736842105	0.15789473684210525	0.11904761904761904	0.08	0.0660377358490566	0.0710670908039329	0.0603448275862069	0.09210526315789473	0.04216867469879518	0.1496655518394649	0.027777777777777776	0.07142857142857142	0.12156862745098039	0.037037037037037035	0.075	0.09722222222222222	0.3333333333333333	0.05397192261599042
bs	0.15384615384615385	1.0	0.10526315789473684	0.15384615384615385	0.11538461538461539	0.06779661016949153	0.15517241379310345	0.03205128205128205	0.057692307692307696	0.05056179775280899	0.1111111111111111	0.1111111111111111	0.11428571428571428	0.07377049180327869	0.047619047619047616	0.06060606060606061	0.07758620689655173	0.21052631578947367	0.1590909090909091	0.13043478260869565	0.11538461538461539	0.07272727272727272	0.08490566037735849	0.07627118644067797	0.1	0.05357142857142857	0.16666666666666666	0.1111111111111111	0.09302325581395349	0.13020833333333334	0.0625	0.09090909090909091	0.12162162162162163	0.14285714285714285	0.06716417910447761
ceb	0.05555555555555555	0.10526315789473684	1.0	0.08823529411764706	0.16266968325791856	0.12001118333682811	0.08571428571428572	0.04318181818181818	0.09210789210789211	0.07664141414141415	0.14741591468416734	0.12327542156361777	0.18983957219251338	0.09628543499511241	0.07228915662650602	0.08653846153846154	0.08818770226537216	0.22727272727272727	0.15682234432234432	0.0967942732648615	0.08614232209737827	0.1148705096073517	0.13530927835051546	0.10867165944028381	0.14886363636363636	0.08107568395127471	0.14814814814814814	0.043478260869565216	0.12235729386892177	0.13616071428571427	0.08318050193050193	0.037037037037037035	0.1370546857272521	0.08333333333333333	0.08854845174867222
ckb	0.13636363636363635	0.15384615384615385	0.08823529411764706	1.0	0.07692307692307693	0.06140350877192982	0.08333333333333333	0.022751554001554	0.038461538461538464	0.03977272727272727	0.06521739130434782	0.08571428571428572	0.08823529411764706	0.051718398934842306	0.03614457831325301	0.046153846153846156	0.05172413793103448	0.16666666666666666	0.125	0.1292517006802721	0.10416666666666667	0.05555555555555555	0.05660377358490566	0.05084745762711865	0.07692307692307693	0.03571428571428571	0.10416666666666667	0.058823529411764705	0.059931649579061434	0.0967741935483871	0.037037037037037035	0.10526315789473684	0.08108108108108109	0.125	0.04572850035536603
da	0.07692307692307693	0.11538461538461539	0.16266968325791856	0.07692307692307693	1.0	0.23432794963044073	0.20212765957446807	0.1238819320214669	0.20987654320987653	0.19747565096402306	0.276907780263485	0.1792452830188679	0.31369891576313597	0.22741417386067053	0.18586676481413325	0.20133283968900406	0.23047283176593522	0.22835710772257747	0.17079889807162535	0.1401360544217687	0.11466035689638174	0.24898805909734872	0.30773852439317473	0.25	0.28801020408163264	0.20315423683507083	0.20187609927692007	0.08139534883720931	0.264948717948718	0.21875	0.19585375816993464	0.0625	0.265740338688667	0.08974358974358974	0.2396995610023779
de	0.05436964057653713	0.06779661016949153	0.12001118333682811	0.06140350877192982	0.23432794963044073	1.0	0.18814344543582703	0.1800494635414592	0.30178571428571427	0.31308243727598567	0.26063829787234044	0.16911764705882354	0.24441632742876002	0.24450632911392406	0.2565710872162485	0.287593984962406	0.23553113553113555	0.1271186440677966	0.1405683447170925	0.13771929824561402	0.12243225524475525	0.2991590624440866	0.29148373695888213	0.30635104919160644	0.26438492063492064	0.2672798216276477	0.15256610923469807	0.06557377049180328	0.26495726495726496	0.1941125541125541	0.23281059771580961	0.07936507936507936	0.21986892031735084	0.07017543859649122	0.288596619594644
el	0.125	0.15517241379310345	0.08571428571428572	0.08333333333333333	0.20212765957446807	0.18814344543582703	1.0	0.09005825305384776	0.14814814814814814	0.13043478260869565	0.18867924528301888	0.20454545454545456	0.19318181818181818	0.15671641791044777	0.13953488372093023	0.17647058823529413	0.15384615384615385	0.18181818181818182	0.15714285714285714	0.21212121212121213	0.17567567567567569	0.16393442622950818	0.16666666666666666	0.1935483870967742	0.1875	0.14534883720930233	0.17567567567567569	0.07142857142857142	0.19	0.225	0.14285714285714285	0.14705882352941177	0.22131519274376418	0.14285714285714285	0.1619718309859155
en	0.022435897435897436	0.03205128205128205	0.04318181818181818	0.022751554001554	0.1238819320214669	0.1800494635414592	0.09005825305384776	1.0	0.23300890921487066	0.27269225155875054	0.14294428994348254	0.10928414831760556	0.10724155114614478	0.197131755871824	0.2238253616302397	0.20214024995116647	0.1632419967149275	0.055116902409093844	0.05445204254761177	0.06120418436369356	0.07259244023949907	0.1662137382681207	0.16087490692479525	0.17895633903186228	0.12270783588495092	0.24626828290923664	0.07051282051282051	0.038461538461538464	0.13711677814938686	0.09734858928407317	0.2131122333918772	0.051909797672509535	0.1163088298023603	0.02564102564102564	0.20121628131021196
es	0.045454545454545456	0.057692307692307696	0.09210789210789211	0.038461538461538464	0.20987654320987653	0.30178571428571427	0.14814814814814814	0.23300890921487066	1.0	0.3376560999039385	0.22810618500273672	0.14534883720930233	0.21428571428571427	0.22872340425531915	0.25485436893203883	0.26153673835125446	0.23626373626373626	0.10256410256410256	0.09375	0.1	0.0963855421686747	0.29681515823422694	0.2527027027027027	0.30401863715783345	0.19686944499308712	0.3	0.11875	0.05625	0.22099587464717377	0.16049382716049382	0.2072072072072072	0.060240963855421686	0.19753086419753085	0.05194805194805195	0.29090459713297084
fr	0.03977272727272727	0.05056179775280899	0.07664141414141415	0.03977272727272727	0.19747565096402306	0.31308243727598567	0.13043478260869565	0.27269225155875054	0.3376560999039385	1.0	0.23214285714285712	0.14366289555664863	0.19492574257425743	0.24625	0.23620689655172414	0.2538121459204744	0.2599476698262243	0.0898876404494382	0.09550561797752809	0.10711161945771379	0.11620016963528414	0.2609216589861751	0.23925756420035596	0.25488146705306663	0.18763161154465502	0.2816054829053096	0.11273448773448773	0.05555555555555555	0.20069124423963133	0.14130434782608695	0.19062543050006886	0.06521739130434782	0.17391304347826086	0.045454545454545456	0.3025644329896907
he	0.06760973580195548	0.1111111111111111	0.14741591468416734	0.06521739130434782	0.276907780263485	0.26063829787234044	0.18867924528301888	0.14294428994348254	0.22810618500273672	0.23214285714285712	1.0	0.15833333333333333	0.26437699680511184	0.25636132315521626	0.185669262143122	0.21130097972203238	0.21281094527363184	0.17391304347826086	0.1451093951093951	0.11739264751312944	0.10311624649859943	0.2576629477392836	0.23005343652109822	0.3203504908707221	0.24487370994024987	0.23342026825633383	0.1882396794334172	0.07	0.25093345047221616	0.2030060882800609	0.1604720564297341	0.05454545454545454	0.27244969858294843	0.07608695652173914	0.2570940170940171
hi	0.05405405405405406	0.1111111111111111	0.12327542156361777	0.08571428571428572	0.1792452830188679	0.16911764705882354	0.20454545454545456	0.10928414831760556	0.14534883720930233	0.14366289555664863	0.15833333333333333	1.0	0.1836734693877551	0.19560124934929723	0.12365591397849462	0.17123287671232876	0.1529940119760479	0.1891891891891892	0.15	0.22254533014026687	0.3	0.13970588235294118	0.16153846153846155	0.15071218270072412	0.16666666666666666	0.14285714285714285	0.16116279069767442	0.08974358974358974	0.18670417530352384	0.16666666666666666	0.14503659416554995	0.246922024623803	0.17307692307692307	0.08333333333333333	0.14192654192654192
hu	0.11806060606060606	0.11428571428571428	0.18983957219251338	0.08823529411764706	0.31369891576313597	0.24441632742876002	0.19318181818181818	0.10724155114614478	0.21428571428571427	0.19492574257425743	0.26437699680511184	0.1836734693877551	1.0	0.20868783120229473	0.16091954022988506	0.2028985507246377	0.2222222222222222	0.21428571428571427	0.19276061776061776	0.16219512195121952	0.1507961449821915	0.2571483958515072	0.26510141093474426	0.25138069536839464	0.2944137507673419	0.2049376868653977	0.25054251331623595	0.09210526315789473	0.2863773747841105	0.23963361123299692	0.17261904761904762	0.056818181818181816	0.2371289729445758	0.12121212121212122	0.23423048464668886
id	0.06079638752052545	0.07377049180327869	0.09628543499511241	0.051718398934842306	0.22741417386067053	0.24450632911392406	0.15671641791044777	0.197131755871824	0.22872340425531915	0.24625	0.25636132315521626	0.19560124934929723	0.20868783120229473	1.0	0.1922443649577017	0.24531545470173627	0.24045245398773007	0.13612266536171602	0.12136243386243385	0.1234115663900415	0.12621212121212122	0.21518987341772153	0.22265091230608472	0.2375	0.22447928587777521	0.24996765010351965	0.13076923076923078	0.05384615384615385	0.20888353556983108	0.1669730392156863	0.16666666666666666	0.08703084355258268	0.2542194092827004	0.06666666666666667	0.2760500877223159
it	0.03614457831325301	0.047619047619047616	0.07228915662650602	0.03614457831325301	0.18586676481413325	0.2565710872162485	0.13953488372093023	0.2238253616302397	0.25485436893203883	0.23620689655172414	0.185669262143122	0.12365591397849462	0.16091954022988506	0.1922443649577017	1.0	0.2809247490098554	0.195	0.0963855421686747	0.09523809523809523	0.09411764705882353	0.08623816685835618	0.22580645161290322	0.2337959249157709	0.23087315130830488	0.21309389140271492	0.2534324942791762	0.11477675407512403	0.05952380952380952	0.18056351231706683	0.15531216829103542	0.2894017789663392	0.056818181818181816	0.19674922600619196	0.04878048780487805	0.2237097598364844
ja	0.046153846153846156	0.06060606060606061	0.08653846153846154	0.046153846153846156	0.20133283968900406	0.287593984962406	0.17647058823529413	0.20214024995116647	0.26153673835125446	0.2538121459204744	0.21130097972203238	0.17123287671232876	0.2028985507246377	0.24531545470173627	0.2809247490098554	1.0	0.2680955120828538	0.11363636363636363	0.12121212121212122	0.12319086386250565	0.1169035153328347	0.24393098664817064	0.2365581675708258	0.21764705882352942	0.22171121969914726	0.22772277227722773	0.1323529411764706	0.06716417910447761	0.24641985994177354	0.17704654895666133	0.2422680412371134	0.07971014492753623	0.25757575757575757	0.0625	0.2688449552006233
ko	0.06844576229305659	0.07758620689655173	0.08818770226537216	0.05172413793103448	0.23047283176593522	0.23553113553113555	0.15384615384615385	0.1632419967149275	0.23626373626373626	0.2599476698262243	0.21281094527363184	0.1529940119760479	0.2222222222222222	0.24045245398773007	0.195	0.2680955120828538	1.0	0.141452161243322	0.13879834854411124	0.09648224043715847	0.10055096418732781	0.20766627619419498	0.20970791660446833	0.2116559026404815	0.1909310496267018	0.20941812491108266	0.15078773685331062	0.075	0.23745575301974237	0.16031567824593843	0.1782178217821782	0.05303030303030303	0.23809523809523808	0.07017543859649122	0.3161229687121029
lv	0.13157894736842105	0.21052631578947367	0.22727272727272727	0.16666666666666666	0.22835710772257747	0.1271186440677966	0.18181818181818182	0.055116902409093844	0.10256410256410256	0.0898876404494382	0.17391304347826086	0.1891891891891892	0.21428571428571427	0.13612266536171602	0.0963855421686747	0.11363636363636363	0.141452161243322	1.0	0.27938808373590984	0.16666666666666666	0.15	0.14814814814814814	0.16346153846153846	0.14655172413793102	0.23093058733791	0.10240963855421686	0.28	0.10416666666666667	0.17795217355575643	0.2630150111785372	0.10625	0.08928571428571429	0.2264202978488693	0.15789473684210525	0.11940298507462686
mk	0.15789473684210525	0.1590909090909091	0.15682234432234432	0.125	0.17079889807162535	0.1405683447170925	0.15714285714285714	0.05445204254761177	0.09375	0.09550561797752809	0.1451093951093951	0.15	0.19276061776061776	0.12136243386243385	0.09523809523809523	0.12121212121212122	0.13879834854411124	0.27938808373590984	1.0	0.13793103448275862	0.10606060606060606	0.1574074074074074	0.15504469987228608	0.12295081967213115	0.2	0.09572021116138762	0.24074074074074073	0.1	0.15723340790454884	0.2405470635559131	0.09036144578313253	0.06666666666666667	0.20024420024420025	0.2222222222222222	0.11856617647058823
ml	0.11904761904761904	0.13043478260869565	0.0967942732648615	0.1292517006802721	0.1401360544217687	0.13771929824561402	0.21212121212121213	0.06120418436369356	0.1	0.10711161945771379	0.11739264751312944	0.22254533014026687	0.16219512195121952	0.1234115663900415	0.09411764705882353	0.12319086386250565	0.09648224043715847	0.16666666666666666	0.13793103448275862	1.0	0.2691276803118908	0.12994891443167306	0.14270050125313283	0.11370178468624063	0.15227272727272728	0.11010143702451394	0.12121212121212122	0.10635792778649922	0.14138429209351194	0.14825796886582654	0.09141337386018238	0.2608695652173913	0.13623595505617977	0.14285714285714285	0.0911534345203347
mr	0.08	0.11538461538461539	0.08614232209737827	0.10416666666666667	0.11466035689638174	0.12243225524475525	0.17567567567567569	0.07259244023949907	0.0963855421686747	0.11620016963528414	0.10311624649859943	0.3	0.1507961449821915	0.12621212121212122	0.08623816685835618	0.1169035153328347	0.10055096418732781	0.15	0.10606060606060606	0.2691276803118908	1.0	0.10483870967741936	0.12318840579710146	0.09899905235726131	0.1279585798816568	0.1278772378516624	0.12857142857142856	0.10714285714285714	0.12422600619195046	0.12914862914862915	0.09816024211532334	0.26	0.10416666666666667	0.1	0.08985645933014354
nl	0.0660377358490566	0.07272727272727272	0.1148705096073517	0.05555555555555555	0.24898805909734872	0.2991590624440866	0.16393442622950818	0.1662137382681207	0.29681515823422694	0.2609216589861751	0.2576629477392836	0.13970588235294118	0.2571483958515072	0.21518987341772153	0.22580645161290322	0.24393098664817064	0.20766627619419498	0.14814814814814814	0.1574074074074074	0.12994891443167306	0.10483870967741936	1.0	0.2689776733254994	0.2626894315399378	0.26646341463414636	0.2486691778476481	0.19444444444444445	0.07017543859649122	0.23882603857566764	0.20984144341170038	0.20945484063915235	0.056451612903225805	0.22950819672131148	0.07547169811320754	0.23714080003388177
pl	0.0710670908039329	0.08490566037735849	0.13530927835051546	0.05660377358490566	0.30773852439317473	0.29148373695888213	0.16666666666666666	0.16087490692479525	0.2527027027027027	0.23925756420035596	0.23005343652109822	0.16153846153846155	0.26510141093474426	0.22265091230608472	0.2337959249157709	0.2365581675708258	0.20970791660446833	0.16346153846153846	0.15504469987228608	0.14270050125313283	0.12318840579710146	0.2689776733254994	1.0	0.24324324324324326	0.27852164343360236	0.2560532687651332	0.17272727272727273	0.07142857142857142	0.255	0.2091692789968652	0.20967741935483872	0.06666666666666667	0.22729949936193186	0.0808913308913309	0.22653247593318368
pt	0.0603448275862069	0.07627118644067797	0.10867165944028381	0.05084745762711865	0.25	0.30635104919160644	0.1935483870967742	0.17895633903186228	0.30401863715783345	0.25488146705306663	0.3203504908707221	0.15071218270072412	0.25138069536839464	0.2375	0.23087315130830488	0.21764705882352942	0.2116559026404815	0.14655172413793102	0.12295081967213115	0.11370178468624063	0.09899905235726131	0.2626894315399378	0.24324324324324326	1.0	0.27166085946573754	0.2944284094423255	0.16666666666666666	0.06451612903225806	0.2651014069066326	0.21597994036324208	0.19998174516246806	0.06060606060606061	0.21212121212121213	0.06896551724137931	0.27377807752112254
ro	0.09210526315789473	0.1	0.14886363636363636	0.07692307692307693	0.28801020408163264	0.26438492063492064	0.1875	0.12270783588495092	0.19686944499308712	0.18763161154465502	0.24487370994024987	0.16666666666666666	0.2944137507673419	0.22447928587777521	0.21309389140271492	0.22171121969914726	0.1909310496267018	0.23093058733791	0.2	0.15227272727272728	0.1279585798816568	0.26646341463414636	0.27852164343360236	0.27166085946573754	1.0	0.21459756707215463	0.21428571428571427	0.06818181818181818	0.21965240641711228	0.28240469208211144	0.19411764705882353	0.0625	0.26966514761244303	0.10526315789473684	0.19418657565415245
ru	0.04216867469879518	0.05357142857142857	0.08107568395127471	0.03571428571428571	0.20315423683507083	0.2672798216276477	0.14534883720930233	0.24626828290923664	0.3	0.2816054829053096	0.23342026825633383	0.14285714285714285	0.2049376868653977	0.24996765010351965	0.2534324942791762	0.22772277227722773	0.20941812491108266	0.10240963855421686	0.09572021116138762	0.11010143702451394	0.1278772378516624	0.2486691778476481	0.2560532687651332	0.2944284094423255	0.21459756707215463	1.0	0.12088330477822197	0.058823529411764705	0.2289516229324711	0.16219867630092902	0.23737888832228454	0.06896551724137931	0.19486346811928207	0.04819277108433735	0.26061989760619897
sh	0.1496655518394649	0.16666666666666666	0.14814814814814814	0.10416666666666667	0.20187609927692007	0.15256610923469807	0.17567567567567569	0.07051282051282051	0.11875	0.11273448773448773	0.1882396794334172	0.16116279069767442	0.25054251331623595	0.13076923076923078	0.11477675407512403	0.1323529411764706	0.15078773685331062	0.28	0.24074074074074073	0.12121212121212122	0.12857142857142856	0.19444444444444445	0.17272727272727273	0.16666666666666666	0.21428571428571427	0.12088330477822197	1.0	0.12962962962962962	0.18647179788484136	0.31692477876106195	0.10714285714285714	0.058823529411764705	0.2073170731707317	0.15217391304347827	0.1489072523649016
si	0.027777777777777776	0.1111111111111111	0.043478260869565216	0.058823529411764705	0.08139534883720931	0.06557377049180328	0.07142857142857142	0.038461538461538464	0.05625	0.05555555555555555	0.07	0.08974358974358974	0.09210526315789473	0.05384615384615385	0.05952380952380952	0.06716417910447761	0.075	0.10416666666666667	0.1	0.10635792778649922	0.10714285714285714	0.07017543859649122	0.07142857142857142	0.06451612903225806	0.06818181818181818	0.058823529411764705	0.12962962962962962	1.0	0.07608695652173914	0.08333333333333333	0.05421686746987952	0.08333333333333333	0.08279220779220779	0.05555555555555555	0.07448179271708684
simple	0.07142857142857142	0.09302325581395349	0.12235729386892177	0.059931649579061434	0.264948717948718	0.26495726495726496	0.19	0.13711677814938686	0.22099587464717377	0.20069124423963133	0.25093345047221616	0.18670417530352384	0.2863773747841105	0.20888353556983108	0.18056351231706683	0.24641985994177354	0.23745575301974237	0.17795217355575643	0.15723340790454884	0.14138429209351194	0.12422600619195046	0.23882603857566764	0.255	0.2651014069066326	0.21965240641711228	0.2289516229324711	0.18647179788484136	0.07608695652173914	1.0	0.23685243328100472	0.17546196304295655	0.08163265306122448	0.2482960077896787	0.08333333333333333	0.27094048159927303
sr	0.12156862745098039	0.13020833333333334	0.13616071428571427	0.0967741935483871	0.21875	0.1941125541125541	0.225	0.09734858928407317	0.16049382716049382	0.14130434782608695	0.2030060882800609	0.16666666666666666	0.23963361123299692	0.1669730392156863	0.15531216829103542	0.17704654895666133	0.16031567824593843	0.2630150111785372	0.2405470635559131	0.14825796886582654	0.12914862914862915	0.20984144341170038	0.2091692789968652	0.21597994036324208	0.28240469208211144	0.16219867630092902	0.31692477876106195	0.08333333333333333	0.23685243328100472	1.0	0.12855871886120995	0.08974358974358974	0.22474424552429667	0.13333333333333333	0.1826029828726862
sv	0.037037037037037035	0.0625	0.08318050193050193	0.037037037037037035	0.19585375816993464	0.23281059771580961	0.14285714285714285	0.2131122333918772	0.2072072072072072	0.19062543050006886	0.1604720564297341	0.14503659416554995	0.17261904761904762	0.16666666666666666	0.2894017789663392	0.2422680412371134	0.1782178217821782	0.10625	0.09036144578313253	0.09141337386018238	0.09816024211532334	0.20945484063915235	0.20967741935483872	0.19998174516246806	0.19411764705882353	0.23737888832228454	0.10714285714285714	0.05421686746987952	0.17546196304295655	0.12855871886120995	1.0	0.05813953488372093	0.17659251769464104	0.043209876543209874	0.19221531317552243
te	0.075	0.09090909090909091	0.037037037037037035	0.10526315789473684	0.0625	0.07936507936507936	0.14705882352941177	0.051909797672509535	0.060240963855421686	0.06521739130434782	0.05454545454545454	0.246922024623803	0.056818181818181816	0.08703084355258268	0.056818181818181816	0.07971014492753623	0.05303030303030303	0.08928571428571429	0.06666666666666667	0.2608695652173913	0.26	0.056451612903225805	0.06666666666666667	0.06060606060606061	0.0625	0.06896551724137931	0.058823529411764705	0.08333333333333333	0.08163265306122448	0.08974358974358974	0.05813953488372093	1.0	0.06521739130434782	0.1	0.05405405405405406
vi	0.09722222222222222	0.12162162162162163	0.1370546857272521	0.08108108108108109	0.265740338688667	0.21986892031735084	0.22131519274376418	0.1163088298023603	0.19753086419753085	0.17391304347826086	0.27244969858294843	0.17307692307692307	0.2371289729445758	0.2542194092827004	0.19674922600619196	0.25757575757575757	0.23809523809523808	0.2264202978488693	0.20024420024420025	0.13623595505617977	0.10416666666666667	0.22950819672131148	0.22729949936193186	0.21212121212121213	0.26966514761244303	0.19486346811928207	0.2073170731707317	0.08279220779220779	0.2482960077896787	0.22474424552429667	0.17659251769464104	0.06521739130434782	1.0	0.1111111111111111	0.23482142857142857
war	0.3333333333333333	0.14285714285714285	0.08333333333333333	0.125	0.08974358974358974	0.07017543859649122	0.14285714285714285	0.02564102564102564	0.05194805194805195	0.045454545454545456	0.07608695652173914	0.08333333333333333	0.12121212121212122	0.06666666666666667	0.04878048780487805	0.0625	0.07017543859649122	0.15789473684210525	0.2222222222222222	0.14285714285714285	0.1	0.07547169811320754	0.0808913308913309	0.06896551724137931	0.10526315789473684	0.04819277108433735	0.15217391304347827	0.05555555555555555	0.08333333333333333	0.13333333333333333	0.043209876543209874	0.1	0.1111111111111111	1.0	0.06060606060606061
zh	0.05397192261599042	0.06716417910447761	0.08854845174867222	0.04572850035536603	0.2396995610023779	0.288596619594644	0.1619718309859155	0.20121628131021196	0.29090459713297084	0.3025644329896907	0.2570940170940171	0.14192654192654192	0.23423048464668886	0.2760500877223159	0.2237097598364844	0.2688449552006233	0.3161229687121029	0.11940298507462686	0.11856617647058823	0.0911534345203347	0.08985645933014354	0.23714080003388177	0.22653247593318368	0.27377807752112254	0.19418657565415245	0.26061989760619897	0.1489072523649016	0.07448179271708684	0.27094048159927303	0.1826029828726862	0.19221531317552243	0.05405405405405406	0.23482142857142857	0.06060606060606061	1.0
