arz	bs	ceb	ckb	da	de	el	en	es	fr	he	hi	hu	id	it	ja	ko	lv	mk	ml	mr	nl	pl	pt	ro	ru	sh	si	simple	sr	sv	te	vi	war	zh
arz	0.14302059206149015	0.25	0.5	0.3333333333333333	0.16669444444444442	0.16666666666666666	0.14285714285714285	0.14285714285714285	0.14285714285714285	0.14285714285714285	0.16666666666666666	0.25	0.14287755102040817	0.14285714285714285	0.16666666666666666	0.16666666666666666	0.14285714285714285	0.2	0.16669444444444442	0.20003999999999997	0.25	0.14287755102040817	0.14287755102040817	0.14285714285714285	0.14287755102040817	0.14285714285714285	0.16669444444444442	1.0	0.16669444444444445	0.14289795918367348	0.16666666666666666	0.3333333333333333	0.14285714285714285	0.16669444444444442	0.14285714285714285
bs	0.25	0.10001999999999998	0.25	0.25	0.1111111111111111	0.125	0.1111111111111111	0.1	0.1111111111111111	0.1111111111111111	0.1	0.125	0.125	0.1111111111111111	0.125	0.125	0.1111111111111111	0.125	0.16666666666666666	0.16666666666666666	0.16669444444444442	0.125	0.1111111111111111	0.1111111111111111	0.125	0.1111111111111111	0.125	0.25	0.125015625	0.125	0.1	0.25	0.1111111111111111	0.25	0.1111111111111111
ceb	0.5	0.25	0.07735137908307751	0.3333333333333333	0.08336111111111111	0.07694674556213017	0.16666666666666666	0.07695266863905326	0.07692899408284024	0.07694674556213017	0.08338196528472223	0.1111111111111111	0.08337502084722916	0.09091735537190083	0.08334722222222221	0.09091735537190083	0.10003000999999999	0.1111111111111111	0.14287755102040817	0.20003999999999997	0.20007999999999998	0.08334027777777778	0.07695267455621302	0.08334722222222221	0.09091735537190083	0.07694676331952663	0.125015625	0.5	0.10010009007004	0.125046875	0.07692899408284024	0.5	0.1	0.3333333333333333	0.09096695041322315
ckb	0.3333333333333333	0.25	0.3333333333333333	0.14289800004085718	0.16666666666666666	0.14285714285714285	0.2	0.142877571449	0.16666666666666666	0.14285714285714285	0.1666944722500278	0.16666666666666666	0.16666666666666666	0.16666666666666666	0.16666666666666666	0.16666666666666666	0.16666666666666666	0.16666666666666666	0.2	0.2	0.2	0.16666666666666666	0.16666666666666666	0.16666666666666666	0.16666666666666666	0.16666666666666666	0.2	0.5	0.20004004004004003	0.16666666666666666	0.16666666666666666	0.25	0.16666666666666666	0.3333333333333333	0.1666944722500278
da	0.16669444444444442	0.1111111111111111	0.08336111111111111	0.16666666666666666	0.026385906241375316	0.03333888888888889	0.05263157894736842	0.02632063711911357	0.029411764705882353	0.02857469387755102	0.03449227348513674	0.052637119113573404	0.03704801783813855	0.033335555555555556	0.031250976562500005	0.034482758620689655	0.03448632580261593	0.05882698961937716	0.07143877551020407	0.08334027777777778	0.09091735537190083	0.03333333333333333	0.030306703397612485	0.0312529296875	0.037039781893004116	0.029412629757785465	0.058823529411764705	0.14285714285714285	0.037052130318245544	0.050007505002499994	0.030305785123966943	0.16666666666666666	0.0400016	0.14285714285714285	0.030313134068870515
de	0.16666666666666666	0.125	0.07694674556213017	0.14285714285714285	0.03333888888888889	0.017600046975269408	0.043478260869565216	0.01786001307397959	0.0200008	0.018184132231404956	0.02941782006920415	0.04348015122873346	0.034487514863258024	0.02631786703601108	0.02173960302457467	0.02272985588842975	0.027779320987654316	0.06666666666666667	0.06250390624999999	0.0625078125	0.06667555555555557	0.024392028554431885	0.025004375625000002	0.023257977285018928	0.031251953124999995	0.020834201388888886	0.05555864197530863	0.125	0.030312215796145087	0.04167013888888889	0.02325689616008653	0.1	0.03571683673469388	0.125	0.02273347159090909
el	0.14285714285714285	0.1111111111111111	0.16666666666666666	0.2	0.05263157894736842	0.043478260869565216	0.035723215561224486	0.03571428571428571	0.04166840277777777	0.041666666666666664	0.05	0.05555555555555555	0.058823529411764705	0.047619047619047616	0.041666666666666664	0.041666666666666664	0.05000249999999999	0.08333333333333333	0.09090909090909091	0.07142857142857142	0.07692307692307693	0.05	0.05	0.041666666666666664	0.05555555555555555	0.0400016	0.07692307692307693	0.2	0.05263157894736842	0.05555555555555555	0.041666666666666664	0.1	0.05263157894736842	0.125	0.043478260869565216
en	0.14285714285714285	0.1	0.07695266863905326	0.142877571449	0.02632063711911357	0.01786001307397959	0.03571428571428571	0.006475978692992813	0.013514061358655951	0.011767059377439725	0.022735022728306818	0.029415225778546716	0.03031037649219467	0.016670556666666666	0.01370013154437981	0.015875284454774503	0.01923631878772226	0.058823529411764705	0.058823529411764705	0.05263712188642937	0.045464880169425625	0.019231508875739642	0.0200036	0.017859694834822065	0.026317174515235454	0.012824129684418147	0.045456611570247926	0.08333333333333333	0.024402745399771577	0.033335555555555556	0.014287551020408164	0.0625	0.027777777777777776	0.125	0.016138144385539024
es	0.14285714285714285	0.1111111111111111	0.07692899408284024	0.16666666666666666	0.029411764705882353	0.0200008	0.04166840277777777	0.013514061358655951	0.012997141683934905	0.015151974288337923	0.026316481994459833	0.04	0.030303948576675847	0.02325635478637101	0.018867924528301886	0.020833333333333332	0.023255813953488372	0.0625	0.06667111111111111	0.06250781641016015	0.0625078125	0.02083376736111111	0.023257977825851813	0.020000399999999998	0.031250976562500005	0.016666666666666666	0.05263157894736842	0.1111111111111111	0.027780092592592592	0.038463017751479284	0.02173960302457467	0.1	0.031250976562500005	0.125	0.01923224852071006
fr	0.14285714285714285	0.1111111111111111	0.07694674556213017	0.14285714285714285	0.02857469387755102	0.018184132231404956	0.041666666666666664	0.011767059377439725	0.015151974288337923	0.01140120960531155	0.024395598453301606	0.037039780521262	0.030311296602387506	0.02083376736111111	0.01851954732510288	0.019608227604767395	0.020408996251561846	0.0625	0.05882698961937716	0.05556173457408025	0.0500125075075075	0.020834201388888886	0.022224691358024688	0.02040941274468971	0.029414360726643596	0.0163961303413061	0.05000249999999999	0.1	0.02778549537037037	0.038465976331360945	0.021739130434782608	0.08333333333333333	0.03125	0.125	0.01754786211203447
he	0.16666666666666666	0.1	0.08338196528472223	0.1666944722500278	0.03449227348513674	0.02941782006920415	0.05	0.022735022728306818	0.026316481994459833	0.024395598453301606	0.022322439635727432	0.05263157894736842	0.03847189645118491	0.028575511021225304	0.029416955017301037	0.031251953124999995	0.03333777777777778	0.0625	0.07142857142857142	0.08334027777777778	0.09091735537190083	0.030304866850321393	0.03333777777777778	0.025005626249999996	0.03704115363511659	0.02500562750125062	0.055561728395061724	0.14285714285714285	0.035739811230872456	0.047630390027215426	0.03333666666666667	0.16666666666666666	0.035715561224489795	0.14285714285714285	0.027800174398160498
hi	0.25	0.125	0.1111111111111111	0.16666666666666666	0.052637119113573404	0.04348015122873346	0.05555555555555555	0.029415225778546716	0.04	0.037039780521262	0.05263157894736842	0.029439477535487906	0.05556481790123456	0.03846301923225	0.043480151228733464	0.0400032016016016	0.047619047619047616	0.07142857142857142	0.08333333333333333	0.0625	0.04763265306122449	0.05263434903047091	0.047619047619047616	0.047619047619047616	0.05555864197530863	0.038463017751479284	0.07692307692307693	0.14285714285714285	0.050004999999999994	0.06250390624999999	0.04	0.0625	0.055558645064817905	0.16666666666666666	0.04545661363843182
hu	0.14287755102040817	0.125	0.08337502084722916	0.16666666666666666	0.03704801783813855	0.034487514863258024	0.058823529411764705	0.03031037649219467	0.030303948576675847	0.030311296602387506	0.03847189645118491	0.05556481790123456	0.03041362958952258	0.03846893639201331	0.035715561224489795	0.03571683673469388	0.03704252537722908	0.06666666666666667	0.07142857142857142	0.08333333333333333	0.08337500694444444	0.03449108323424494	0.03448870392390011	0.034485136741973836	0.038467460062131656	0.030304866850321393	0.05556482098765433	0.14285714285714285	0.038483741128699706	0.0500175075050025	0.034485136741973836	0.2	0.045456611570247926	0.125	0.03227367846097919
id	0.14285714285714285	0.1111111111111111	0.09091735537190083	0.16666666666666666	0.033335555555555556	0.02631786703601108	0.047619047619047616	0.016670556666666666	0.02325635478637101	0.02083376736111111	0.028575511021225304	0.03846301923225	0.03846893639201331	0.01672129927487351	0.025643656147271533	0.02500125125125125	0.027029218407596787	0.0625	0.06667111111111111	0.06668001334668001	0.06251172656250001	0.029412629757785465	0.029414359861591695	0.026319252077562322	0.033334444444444444	0.02127931235853327	0.05882698961937716	0.14285714285714285	0.03449108442568609	0.04545867975413429	0.028573877551020407	0.09091736364463637	0.0312529306640625	0.125	0.022730888429752065
it	0.16666666666666666	0.125	0.08334722222222221	0.16666666666666666	0.031250976562500005	0.02173960302457467	0.041666666666666664	0.01370013154437981	0.018867924528301886	0.01851954732510288	0.029416955017301037	0.043480151228733464	0.035715561224489795	0.025643656147271533	0.012217173186186151	0.019231139053254437	0.025642998027613412	0.06250390624999999	0.0625	0.0625	0.0666755600044489	0.023810090702947845	0.023810090702947845	0.022728305785123963	0.028573878367346938	0.018182479338842972	0.05263157894736842	0.1	0.031256838868164064	0.03846449704142012	0.016949439816144784	0.1	0.030305785123966943	0.125	0.022223704198025183
ja	0.16666666666666666	0.125	0.09091735537190083	0.16666666666666666	0.034482758620689655	0.02272985588842975	0.041666666666666664	0.015875284454774503	0.020833333333333332	0.019608227604767395	0.031251953124999995	0.0400032016016016	0.03571683673469388	0.02500125125125125	0.019231139053254437	0.015645774195339874	0.023810657596371878	0.06666666666666667	0.0625	0.0625	0.06250390624999999	0.02631578947368421	0.027029218407596787	0.027029218407596787	0.03225806451612903	0.02174007561436673	0.05555555555555555	0.1111111111111111	0.029415225778546716	0.04166840277777777	0.02127704843820733	0.09092562809917355	0.0294134956756064	0.125	0.02222666765530963
ko	0.14285714285714285	0.1111111111111111	0.10003000999999999	0.16666666666666666	0.03448632580261593	0.027779320987654316	0.05000249999999999	0.01923631878772226	0.023255813953488372	0.020408996251561846	0.03333777777777778	0.047619047619047616	0.03704252537722908	0.027029218407596787	0.025642998027613412	0.023810657596371878	0.01758581709130248	0.0625	0.0625	0.08334027777777778	0.07692899408284024	0.03125	0.03125	0.029411764705882353	0.03846745710059171	0.024392028554431885	0.05556173148148148	0.1111111111111111	0.032267429760665975	0.05000249999999999	0.027778549382716046	0.14285714285714285	0.033335555555555556	0.125	0.02128112358533273
lv	0.2	0.125	0.1111111111111111	0.16666666666666666	0.05882698961937716	0.06666666666666667	0.08333333333333333	0.058823529411764705	0.0625	0.0625	0.0625	0.07142857142857142	0.06666666666666667	0.0625	0.06250390624999999	0.06666666666666667	0.0625	0.05884775432525951	0.08333333333333333	0.1111111111111111	0.1111111111111111	0.06250390624999999	0.058823529411764705	0.058823529411764705	0.058823529411764705	0.058823529411764705	0.07142857142857142	0.2	0.06667111111111111	0.0625	0.05882698961937716	0.2	0.0625	0.16666666666666666	0.06250390624999999
mk	0.16669444444444442	0.16666666666666666	0.14287755102040817	0.2	0.07143877551020407	0.06250390624999999	0.09090909090909091	0.058823529411764705	0.06667111111111111	0.05882698961937716	0.07142857142857142	0.08333333333333333	0.07142857142857142	0.06667111111111111	0.0625	0.0625	0.0625	0.08333333333333333	0.05562043834267295	0.125	0.14289797959183673	0.058823529411764705	0.0625078125	0.06666666666666667	0.06250390624999999	0.0625	0.07692307692307693	0.2	0.07143877551020407	0.06667111111111111	0.06666666666666667	0.25	0.06666666666666667	0.125	0.0625
ml	0.20003999999999997	0.16666666666666666	0.20003999999999997	0.2	0.08334027777777778	0.0625078125	0.07142857142857142	0.05263712188642937	0.06250781641016015	0.05556173457408025	0.08334027777777778	0.0625	0.08333333333333333	0.06668001334668001	0.0625	0.0625	0.08334027777777778	0.1111111111111111	0.125	0.052764873339827226	0.07147454596943882	0.07142857142857142	0.06667111111111111	0.07143878061735204	0.07692899408284024	0.055561728395061724	0.125	0.2	0.0769408343254497	0.09090909090909091	0.06666666666666667	0.08334028472917361	0.09090909090909091	0.16666666666666666	0.07692899408284024
mr	0.25	0.16669444444444442	0.20007999999999998	0.2	0.09091735537190083	0.06667555555555557	0.07692307692307693	0.045464880169425625	0.0625078125	0.0500125075075075	0.09091735537190083	0.04763265306122449	0.08337500694444444	0.06251172656250001	0.0666755600044489	0.06250390624999999	0.07692899408284024	0.1111111111111111	0.14289797959183673	0.07147454596943882	0.04567665774161151	0.07692307692307693	0.07142857142857142	0.07692900000592308	0.08333333333333333	0.05000999999999999	0.1111111111111111	0.16669444444444442	0.08336806945139583	0.10002999999999998	0.06251562890625	0.07693491124260354	0.1	0.2	0.07693491124260354
nl	0.14287755102040817	0.125	0.08334027777777778	0.16666666666666666	0.03333333333333333	0.024392028554431885	0.05	0.019231508875739642	0.02083376736111111	0.020834201388888886	0.030304866850321393	0.05263434903047091	0.03449108323424494	0.029412629757785465	0.023810090702947845	0.02631578947368421	0.03125	0.06250390624999999	0.058823529411764705	0.07142857142857142	0.07692307692307693	0.01889001960557567	0.027779320987654316	0.026318560249307482	0.03225806451612903	0.022222222222222223	0.047619047619047616	0.125	0.03334000222222222	0.041666666666666664	0.025642998027613412	0.14285714285714285	0.03571428571428571	0.125	0.026319252077562322
pl	0.14287755102040817	0.1111111111111111	0.07695267455621302	0.16666666666666666	0.030306703397612485	0.025004375625000002	0.05	0.0200036	0.023257977825851813	0.022224691358024688	0.03333777777777778	0.047619047619047616	0.03448870392390011	0.029414359861591695	0.023810090702947845	0.027029218407596787	0.03125	0.058823529411764705	0.0625078125	0.06667111111111111	0.07142857142857142	0.027779320987654316	0.01927747620320424	0.02777932175925926	0.03125	0.022224691358024688	0.05263434903047091	0.125	0.03227055983975442	0.041673611111111106	0.02564168310322156	0.125	0.037037037037037035	0.125	0.027783180555555554
pt	0.14285714285714285	0.1111111111111111	0.08334722222222221	0.16666666666666666	0.0312529296875	0.023257977285018928	0.041666666666666664	0.017859694834822065	0.020000399999999998	0.02040941274468971	0.025005626249999996	0.047619047619047616	0.034485136741973836	0.026319252077562322	0.022728305785123963	0.027029218407596787	0.029411764705882353	0.058823529411764705	0.06666666666666667	0.07143878061735204	0.07692900000592308	0.026318560249307482	0.02777932175925926	0.01728488849589277	0.030303948576675847	0.019233728920488535	0.05	0.125	0.02942388235900087	0.038463017751479284	0.025642340565417487	0.125	0.03571683673469388	0.125	0.02326122336398053
ro	0.14287755102040817	0.125	0.09091735537190083	0.16666666666666666	0.037039781893004116	0.031251953124999995	0.05555555555555555	0.026317174515235454	0.031250976562500005	0.029414360726643596	0.03704115363511659	0.05555864197530863	0.038467460062131656	0.033334444444444444	0.028573878367346938	0.03225806451612903	0.03846745710059171	0.058823529411764705	0.06250390624999999	0.07692899408284024	0.08333333333333333	0.03225806451612903	0.03125	0.030303948576675847	0.026359493890780104	0.027780092592592592	0.05556173148148148	0.16666666666666666	0.041677086807291666	0.04167881944444444	0.030303948576675847	0.16666666666666666	0.04	0.125	0.03449346373484066
ru	0.14285714285714285	0.1111111111111111	0.07694676331952663	0.16666666666666666	0.029412629757785465	0.020834201388888886	0.0400016	0.012824129684418147	0.016666666666666666	0.0163961303413061	0.02500562750125062	0.038463017751479284	0.030304866850321393	0.02127931235853327	0.018182479338842972	0.02174007561436673	0.024392028554431885	0.058823529411764705	0.0625	0.055561728395061724	0.05000999999999999	0.022222222222222223	0.022224691358024688	0.019233728920488535	0.027780092592592592	0.01209071899278892	0.05000249999999999	0.10000999999999999	0.02632271537396122	0.037043898492455415	0.019231508875739642	0.08334027777777778	0.030303030303030304	0.125	0.0200048020016012
sh	0.16669444444444442	0.125	0.125015625	0.2	0.058823529411764705	0.05555864197530863	0.07692307692307693	0.045456611570247926	0.05263157894736842	0.05000249999999999	0.055561728395061724	0.07692307692307693	0.05556482098765433	0.05882698961937716	0.05263157894736842	0.05555555555555555	0.05556173148148148	0.07142857142857142	0.07692307692307693	0.125	0.1111111111111111	0.047619047619047616	0.05263434903047091	0.05	0.05556173148148148	0.05000249999999999	0.04549383887607029	0.14285714285714285	0.058837377169557094	0.0500075	0.05555555555555555	0.25	0.058823529411764705	0.14285714285714285	0.050004999999999994
si	1.0	0.25	0.5	0.5	0.14285714285714285	0.125	0.2	0.08333333333333333	0.1111111111111111	0.1	0.14285714285714285	0.14285714285714285	0.14285714285714285	0.14285714285714285	0.1	0.1111111111111111	0.1111111111111111	0.2	0.2	0.2	0.16669444444444442	0.125	0.125	0.125	0.16666666666666666	0.10000999999999999	0.14285714285714285	0.08334722916666666	0.14285714285714285	0.16666666666666666	0.1111111111111111	0.25	0.16666666666666666	0.5	0.1
simple	0.16669444444444445	0.125015625	0.10010009007004	0.20004004004004003	0.037052130318245544	0.030312215796145087	0.05263157894736842	0.024402745399771577	0.027780092592592592	0.02778549537037037	0.035739811230872456	0.050004999999999994	0.038483741128699706	0.03449108442568609	0.031256838868164064	0.029415225778546716	0.032267429760665975	0.06667111111111111	0.07143877551020407	0.0769408343254497	0.08336806945139583	0.03334000222222222	0.03227055983975442	0.02942388235900087	0.041677086807291666	0.02632271537396122	0.058837377169557094	0.14285714285714285	0.024556743443748724	0.045475210743801654	0.03226118626430802	0.125	0.0400048	0.14285714285714285	0.027799397387354947
sr	0.14289795918367348	0.125	0.125046875	0.16666666666666666	0.050007505002499994	0.04167013888888889	0.05555555555555555	0.033335555555555556	0.038463017751479284	0.038465976331360945	0.047630390027215426	0.06250390624999999	0.0500175075050025	0.04545867975413429	0.03846449704142012	0.04166840277777777	0.05000249999999999	0.0625	0.06667111111111111	0.09090909090909091	0.10002999999999998	0.041666666666666664	0.041673611111111106	0.038463017751479284	0.04167881944444444	0.037043898492455415	0.0500075	0.16666666666666666	0.045475210743801654	0.033439214297272625	0.045460743801652895	0.14285714285714285	0.050004999999999994	0.125	0.040012803199999995
sv	0.16666666666666666	0.1	0.07692899408284024	0.16666666666666666	0.030305785123966943	0.02325689616008653	0.041666666666666664	0.014287551020408164	0.02173960302457467	0.021739130434782608	0.03333666666666667	0.04	0.034485136741973836	0.028573877551020407	0.016949439816144784	0.02127704843820733	0.027778549382716046	0.05882698961937716	0.06666666666666667	0.06666666666666667	0.06251562890625	0.025642998027613412	0.02564168310322156	0.025642340565417487	0.030303948576675847	0.019231508875739642	0.05555555555555555	0.1111111111111111	0.03226118626430802	0.045460743801652895	0.012529443756801593	0.1	0.033334444444444444	0.14285714285714285	0.025003124999999998
te	0.3333333333333333	0.25	0.5	0.25	0.16666666666666666	0.1	0.1	0.0625	0.1	0.08333333333333333	0.16666666666666666	0.0625	0.2	0.09091736364463637	0.1	0.09092562809917355	0.14285714285714285	0.2	0.25	0.08334028472917361	0.07693491124260354	0.14285714285714285	0.125	0.125	0.16666666666666666	0.08334027777777778	0.25	0.25	0.125	0.14285714285714285	0.1	0.06254695323455106	0.16666666666666666	0.25	0.125
vi	0.14285714285714285	0.1111111111111111	0.1	0.16666666666666666	0.0400016	0.03571683673469388	0.05263157894736842	0.027777777777777776	0.031250976562500005	0.03125	0.035715561224489795	0.055558645064817905	0.045456611570247926	0.0312529306640625	0.030305785123966943	0.0294134956756064	0.033335555555555556	0.0625	0.06666666666666667	0.09090909090909091	0.1	0.03571428571428571	0.037037037037037035	0.03571683673469388	0.04	0.030303030303030304	0.058823529411764705	0.16666666666666666	0.0400048	0.050004999999999994	0.033334444444444444	0.16666666666666666	0.027811000055623532	0.125	0.03125488379004004
war	0.16669444444444442	0.25	0.3333333333333333	0.3333333333333333	0.14285714285714285	0.125	0.125	0.125	0.125	0.125	0.14285714285714285	0.16666666666666666	0.125	0.125	0.125	0.125	0.125	0.16666666666666666	0.125	0.16666666666666666	0.2	0.125	0.125	0.125	0.125	0.125	0.14285714285714285	0.5	0.14285714285714285	0.125	0.14285714285714285	0.25	0.125	0.125015625	0.125
zh	0.14285714285714285	0.1111111111111111	0.09096695041322315	0.1666944722500278	0.030313134068870515	0.02273347159090909	0.043478260869565216	0.016138144385539024	0.01923224852071006	0.01754786211203447	0.027800174398160498	0.04545661363843182	0.03227367846097919	0.022730888429752065	0.022223704198025183	0.02222666765530963	0.02128112358533273	0.06250390624999999	0.0625	0.07692899408284024	0.07693491124260354	0.026319252077562322	0.027783180555555554	0.02326122336398053	0.03449346373484066	0.0200048020016012	0.050004999999999994	0.1	0.027799397387354947	0.040012803199999995	0.025003124999999998	0.125	0.03125488379004004	0.125	0.01527276952795217
