arz	bs	ceb	ckb	da	de	el	en	es	fr	he	hi	hu	id	it	ja	ko	lv	mk	ml	mr	nl	pl	pt	ro	ru	sh	si	simple	sr	sv	te	vi	war	zh
arz	0.017253874265766363	0.03225806451612903	0.5	0.058823529411764705	0.02702702702702703	0.02	0.029411764705882353	0.019608227604767395	0.0196078431372549	0.020000399999999998	0.02127659574468085	0.027778549382716046	0.027777777777777776	0.025	0.02040816326530612	0.02040816326530612	0.02040816326530612	0.037037037037037035	0.03225806451612903	0.041666666666666664	0.05	0.02040816326530612	0.02040816326530612	0.02040816326530612	0.022727272727272728	0.02040816326530612	0.02564168310322156	0.05555555555555555	0.02564168310322156	0.021739130434782608	0.020833333333333332	0.047619047619047616	0.023809523809523808	0.07142857142857142	0.021739130434782608
bs	0.03225806451612903	0.004824181839571958	0.16666666666666666	0.019231139053254437	0.007575814967860423	0.005181427689333941	0.007633820872909504	0.0049263267732776814	0.005181373996617359	0.0051548783080029754	0.006060679522497705	0.008196922870196183	0.00813034569370084	0.006493506493506494	0.005347793760187594	0.0056821087616219	0.0062113344392577445	0.010526426592797785	0.009615477071005917	0.011905045351473922	0.021739130434782608	0.005347650776401956	0.005319148936170213	0.005235985855650887	0.008264531111262892	0.0053196299513354455	0.006451862643080124	0.02127704843820733	0.007353265570934256	0.006060679522497705	0.0055251671194407985	0.019230769230769232	0.006622648173325731	0.027777777777777776	0.005714742857142858
ceb	0.5	0.16666666666666666	0.12507815625	0.2	0.16666666666666666	0.125	0.14285714285714285	0.125	0.125	0.125	0.125	0.125	0.14285714285714285	0.125	0.14285714285714285	0.125	0.125	0.2	0.14285714285714285	0.14285714285714285	0.16666666666666666	0.14285714285714285	0.125	0.125	0.125	0.125	0.16666666666666666	0.16666666666666666	0.14285714285714285	0.125	0.14285714285714285	0.25	0.14285714285714285	0.16666666666666666	0.14285714285714285
ckb	0.058823529411764705	0.019231139053254437	0.2	0.00961871458995941	0.012987012987012988	0.01	0.013333333333333334	0.009708737864077669	0.009900990099009901	0.010101010101010102	0.010752688172043012	0.014706098615916955	0.014084507042253521	0.011494252873563218	0.0100004	0.010526315789473684	0.010869565217391304	0.014925373134328358	0.015873015873015872	0.017543859649122806	0.029411764705882353	0.010416666666666666	0.010309278350515464	0.010000199999999999	0.012987012987012988	0.01020408163265306	0.013513696128560994	0.02702702702702703	0.012345831428135955	0.012195121951219513	0.010869565217391304	0.02631578947368421	0.011494252873563218	0.034482758620689655	0.010869565217391304
da	0.02702702702702703	0.007575814967860423	0.16666666666666666	0.012987012987012988	0.0020004603720516316	0.0022321528220663267	0.004444543209876543	0.002079040983571129	0.002207510391844412	0.0021882316889235763	0.002638550274643034	0.00485443962673202	0.00392163014225298	0.003344492790908379	0.002262479269466227	0.0024510464785178774	0.002754836114715904	0.005917229788872939	0.005882387543252595	0.007246429321571099	0.014492963663095989	0.0023148416066529494	0.002352941176470588	0.0022222666666666664	0.003968285462333082	0.0023697524763594707	0.004273522536343049	0.01639344262295082	0.0035087965527854726	0.003257328990228013	0.002415499778291208	0.013333333333333334	0.0034246927190842557	0.023810090702947845	0.0025641683103221563
de	0.02	0.005181427689333941	0.125	0.01	0.0022321528220663267	0.0003626898586542715	0.0025125817529860353	0.000406707915632395	0.0005543314069252362	0.0005488691095297018	0.0011441791599683716	0.0028653705634600706	0.002386669021024031	0.0015873041068279162	0.0005797447632013438	0.0008741579676879059	0.0012820644312952002	0.004405325156707873	0.0038168230289610163	0.0048078078772189345	0.010989131747373506	0.0007622015123066627	0.0005787104016632371	0.0006562019942512101	0.002325597620335316	0.0007102721708954102	0.002457026604446752	0.011904903628117915	0.0020367055056184436	0.0014285795918367345	0.0009425381599881315	0.008403361344537815	0.0015923820438963042	0.022222222222222223	0.001095350243352379
el	0.029411764705882353	0.007633820872909504	0.14285714285714285	0.013333333333333334	0.004444543209876543	0.0025125817529860353	0.0022434041914228087	0.0022884813975095433	0.00245705678875212	0.0024876426326081035	0.0030303673094582186	0.004761972789115647	0.00462971536351166	0.0035211887522317	0.002590801102043008	0.0027028853250547847	0.0030770272189349114	0.005952522675736961	0.0056820441632231405	0.007874077748155496	0.014085499107319975	0.0027027392257121985	0.0025974295834036093	0.0025189932047027766	0.004098444638538028	0.002681130476033034	0.004587303278364637	0.01587326782564878	0.0038760591460849712	0.0035336188490304537	0.0028091386819845974	0.012345831428135955	0.0035714540816326533	0.023255813953488372	0.0028988196177357787
en	0.019608227604767395	0.0049263267732776814	0.125	0.009708737864077669	0.002079040983571129	0.000406707915632395	0.0022884813975095433	0.00021375650689432424	0.000439399551868701	0.00043393021696942925	0.0009941019904430267	0.0025446717168774156	0.0022422329073578788	0.0014124812494015124	0.0004573726371711811	0.0007311416643219275	0.0011287675516843385	0.004115378753238835	0.003533731224013285	0.004386138061711295	0.010526980609418283	0.0006592383694533796	0.00047849934960280175	0.0005212451701495258	0.002178739440201062	0.0005629147286071781	0.002207607872963666	0.011363636363636364	0.0017700054882919566	0.0012438615458156966	0.0008238657466908568	0.008	0.0013532806905466037	0.022222222222222223	0.0008875713278076507
es	0.0196078431372549	0.005181373996617359	0.125	0.009900990099009901	0.002207510391844412	0.0005543314069252362	0.00245705678875212	0.000439399551868701	0.00042452074021761486	0.0005714504489795914	0.001116096342125717	0.002754858881831083	0.0023529688581314877	0.0015408391717968378	0.0005865429440751278	0.0008665871717393193	0.0012376375493211448	0.004219444889529812	0.0036765516868512106	0.0045455578512396694	0.0107529195283849	0.0007734029807715887	0.0006222872165142465	0.0006250300792968746	0.0023201963813717624	0.0007194798457647114	0.0023697075537386847	0.011627906976744186	0.0019685310659371315	0.0013831430817880775	0.000935486075391092	0.008333333333333333	0.0014992616135710256	0.022222222222222223	0.0010384852275642158
fr	0.020000399999999998	0.0051548783080029754	0.125	0.010101010101010102	0.0021882316889235763	0.0005488691095297018	0.0024876426326081035	0.00043393021696942925	0.0005714504489795914	0.0003977550410183667	0.001132549004795501	0.0028169807577861534	0.0023810090759637183	0.0015773144324254392	0.0006021248955678687	0.0008796165633636025	0.0012500671921874995	0.004273595587698152	0.0036766598453719726	0.0046296939300411516	0.010869565217391304	0.0007716257769633056	0.0006357525640284696	0.000658421909275574	0.0022883714110667175	0.0007430634967091957	0.002409702424154449	0.011764982698961937	0.0019380483482062374	0.0014430368433874924	0.0009329289400148271	0.008474648089629418	0.0015267711741739987	0.022222222222222223	0.0010777418321810455
he	0.02127659574468085	0.006060679522497705	0.125	0.010752688172043012	0.002638550274643034	0.0011441791599683716	0.0030303673094582186	0.0009941019904430267	0.001116096342125717	0.001132549004795501	0.0009842721502184672	0.003378446870434624	0.002949913418783338	0.002114178313942314	0.001160161448043453	0.0013889795582581032	0.001675083965331964	0.004807761649408285	0.004255373472159349	0.005649749433432283	0.011764982698961937	0.0012886830428313312	0.0012048279866453764	0.0011534770403730792	0.002824906636024131	0.0012854296578151735	0.0029070274472687936	0.0125003125	0.002358496128515486	0.0019455631463004735	0.0013889564081790116	0.009259259259259259	0.002008088579216464	0.023809523809523808	0.001531489719963696
hi	0.027778549382716046	0.008196922870196183	0.125	0.014706098615916955	0.00485443962673202	0.0028653705634600706	0.004761972789115647	0.0025446717168774156	0.002754858881831083	0.0028169807577861534	0.003378446870434624	0.002529301484205243	0.005076322502512304	0.003623201533291325	0.0029499047171535225	0.0030304866850321393	0.0033445599042516297	0.0065790772160664816	0.006451737773152965	0.0068027673654495815	0.012987350312025636	0.0030395413937417434	0.003012084482508347	0.0028012381423157496	0.004629736818415638	0.0030213032192112155	0.005025302391353754	0.01449338374291115	0.004115294077799794	0.0038610783977579342	0.0031747442680776015	0.010869565217391304	0.003584345010983929	0.024390243902439025	0.0031748047367094983
hu	0.027777777777777776	0.00813034569370084	0.14285714285714285	0.014084507042253521	0.00392163014225298	0.002386669021024031	0.00462971536351166	0.0022422329073578788	0.0023529688581314877	0.0023810090759637183	0.002949913418783338	0.005076322502512304	0.00219298695593201	0.003521139158897044	0.0024876921487091896	0.0027934443447457944	0.003125068359375	0.006369589029980932	0.006097709696609161	0.0077521783546661855	0.014084705415592145	0.0025510724698042486	0.0024449997309915652	0.002398254081638297	0.004166770833333333	0.002531799397532446	0.004566376868705824	0.01639344262295082	0.003984127236075618	0.003401395251978343	0.0027934521628538433	0.011628042184964847	0.0035461495900608623	0.024390243902439025	0.0028903571870092545
id	0.025	0.006493506493506494	0.125	0.011494252873563218	0.003344492790908379	0.0015873041068279162	0.0035211887522317	0.0014124812494015124	0.0015408391717968378	0.0015773144324254392	0.002114178313942314	0.003623201533291325	0.003521139158897044	0.0013740850920957012	0.0016103448544112268	0.0018904199206013445	0.002227201253962034	0.0053475935828877	0.004975248137422341	0.005848090010601552	0.012048192771084338	0.0017301097927467342	0.0016978043992724565	0.0015699030729306575	0.003355704697986577	0.0016921304050320513	0.003378435445580716	0.013158067867036011	0.0030211571635892333	0.002415482274965577	0.0018797310475436708	0.009900990099009901	0.002403869267751479	0.023255813953488372	0.0020704919691884307
it	0.02040816326530612	0.005347793760187594	0.14285714285714285	0.0100004	0.002262479269466227	0.0005797447632013438	0.002590801102043008	0.0004573726371711811	0.0005865429440751278	0.0006021248955678687	0.001160161448043453	0.0029499047171535225	0.0024876921487091896	0.0016103448544112268	0.0004421842377750641	0.0009125636313568908	0.0013004797424923178	0.004347920604914934	0.003802454856944585	0.004695078181136899	0.011494913462808825	0.0007943089356316803	0.0006574872672352565	0.0006515961251663163	0.002409696623602845	0.000756020193926971	0.0024510765090349864	0.012658708540298026	0.0020326318659528056	0.0014556740018941915	0.000982440835105622	0.008695879017013231	0.0016077868379152402	0.022727272727272728	0.001084805769785103
ja	0.02040816326530612	0.0056821087616219	0.125	0.010526315789473684	0.0024510464785178774	0.0008741579676879059	0.0027028853250547847	0.0007311416643219275	0.0008665871717393193	0.0008796165633636025	0.0013889795582581032	0.0030304866850321393	0.0027934443447457944	0.0018904199206013445	0.0009125636313568908	0.0007192133874922164	0.0014307256861938468	0.004629758230452675	0.004081799266972095	0.004975322393010074	0.010870037807183364	0.0010787893845081449	0.0009506055837875342	0.0009243750311815595	0.0027027684441197956	0.001044025505468725	0.002747418797548605	0.011904903628117915	0.002150625505838825	0.0017731502502389214	0.001186442291488488	0.008772006771314251	0.001808439264377438	0.022222222222222223	0.00128071966734431
ko	0.02040816326530612	0.0062113344392577445	0.125	0.010869565217391304	0.002754836114715904	0.0012820644312952002	0.0030770272189349114	0.0011287675516843385	0.0012376375493211448	0.0012500671921874995	0.001675083965331964	0.0033445599042516297	0.003125068359375	0.002227201253962034	0.0013004797424923178	0.0014307256861938468	0.0011256089789856588	0.005076219433636528	0.004651227690643592	0.005494565873686753	0.011363894628099173	0.0014326934918432524	0.0013736471308567802	0.001278873767832496	0.0028902402352233617	0.0013851413087683485	0.0029762347647392293	0.0125	0.0023867202852569758	0.0020408579758433984	0.0015315061431630185	0.009708737864077669	0.002057663973987705	0.022727272727272728	0.001620897911418506
lv	0.037037037037037035	0.010526426592797785	0.2	0.014925373134328358	0.005917229788872939	0.004405325156707873	0.005952522675736961	0.004115378753238835	0.004219444889529812	0.004273595587698152	0.004807761649408285	0.0065790772160664816	0.006369589029980932	0.0053475935828877	0.004347920604914934	0.004629758230452675	0.005076219433636528	0.004123932094867385	0.007692366863905326	0.00884963583679223	0.01587326782564878	0.004464285714285714	0.004366831296123262	0.004292011309841772	0.005848055812044731	0.0045046059573086595	0.006536161305480798	0.017544167436134194	0.005882456747404844	0.0053475935828877	0.0046949238466794515	0.015625	0.005102092877967514	0.025	0.004831104599897338
mk	0.03225806451612903	0.009615477071005917	0.14285714285714285	0.015873015873015872	0.005882387543252595	0.0038168230289610163	0.0056820441632231405	0.003533731224013285	0.0036765516868512106	0.0036766598453719726	0.004255373472159349	0.006451737773152965	0.006097709696609161	0.004975248137422341	0.003802454856944585	0.004081799266972095	0.004651227690643592	0.007692366863905326	0.0034768117141244586	0.00970902064285041	0.01851954732510288	0.003984095490547769	0.003937038874077748	0.003703964348422496	0.005347707969916211	0.003937255874511748	0.006060716253443526	0.018518861454046638	0.005376401896172969	0.004784803461459216	0.0040002399999999995	0.01694915254237288	0.004762063492063492	0.02631578947368421	0.0042196585483095655
ml	0.041666666666666664	0.011905045351473922	0.14285714285714285	0.017543859649122806	0.007246429321571099	0.0048078078772189345	0.007874077748155496	0.004386138061711295	0.0045455578512396694	0.0046296939300411516	0.005649749433432283	0.0068027673654495815	0.0077521783546661855	0.005848090010601552	0.004695078181136899	0.004975322393010074	0.005494565873686753	0.00884963583679223	0.00970902064285041	0.004361840673770412	0.016666944444444443	0.00497514912997203	0.0049504950495049506	0.004695078137053935	0.006711409395973154	0.00492642386371909	0.007299429911023496	0.01818181818181818	0.006451779396462018	0.006289347731497963	0.005263240997229917	0.014084507042253521	0.005813953488372093	0.024390243902439025	0.005319601657990041
mr	0.05	0.021739130434782608	0.16666666666666666	0.029411764705882353	0.014492963663095989	0.010989131747373506	0.014085499107319975	0.010526980609418283	0.0107529195283849	0.010869565217391304	0.011764982698961937	0.012987350312025636	0.014084705415592145	0.012048192771084338	0.011494913462808825	0.010870037807183364	0.011363894628099173	0.01587326782564878	0.01851954732510288	0.016666944444444443	0.010561561746925217	0.011364023889592071	0.011363636363636364	0.011111851851851852	0.013513513513513514	0.011494384991412341	0.014925595901091559	0.029411764705882353	0.012048483088982435	0.012821005917159761	0.011494649227110581	0.020408579758433985	0.011236333796237848	0.03225806451612903	0.010990218572636153
nl	0.02040816326530612	0.005347650776401956	0.14285714285714285	0.010416666666666666	0.0023148416066529494	0.0007622015123066627	0.0027027392257121985	0.0006592383694533796	0.0007734029807715887	0.0007716257769633056	0.0012886830428313312	0.0030395413937417434	0.0025510724698042486	0.0017301097927467342	0.0007943089356316803	0.0010787893845081449	0.0014326934918432524	0.004464285714285714	0.003984095490547769	0.00497514912997203	0.011364023889592071	0.0006350509574594166	0.000847466245331801	0.0008467701649243126	0.0025575512980684323	0.0009225534800043566	0.002583986005114543	0.012345679012345678	0.0021367886669999676	0.0016077403045874216	0.0010764633441516678	0.008695727788279773	0.0017482945406865854	0.022222222222222223	0.001253187795616861
pl	0.02040816326530612	0.005319148936170213	0.125	0.010309278350515464	0.002352941176470588	0.0005787104016632371	0.0025974295834036093	0.00047849934960280175	0.0006222872165142465	0.0006357525640284696	0.0012048279866453764	0.003012084482508347	0.0024449997309915652	0.0016978043992724565	0.0006574872672352565	0.0009506055837875342	0.0013736471308567802	0.004366831296123262	0.003937038874077748	0.0049504950495049506	0.011363636363636364	0.000847466245331801	0.00045050567237729183	0.0007230914184166894	0.002475265911430252	0.0007943291270294698	0.00250003125	0.012195121951219513	0.00211866651106004	0.0014903240708864808	0.0010416981347656246	0.008771929824561403	0.0016778692401243187	0.022727272727272728	0.0011481688967509
pt	0.02040816326530612	0.005235985855650887	0.125	0.010000199999999999	0.0022222666666666664	0.0006562019942512101	0.0025189932047027766	0.0005212451701495258	0.0006250300792968746	0.000658421909275574	0.0011534770403730792	0.0028012381423157496	0.002398254081638297	0.0015699030729306575	0.0006515961251663163	0.0009243750311815595	0.001278873767832496	0.004292011309841772	0.003703964348422496	0.004695078137053935	0.011111851851851852	0.0008467701649243126	0.0007230914184166894	0.000512648786823188	0.00228319363649632	0.0007882146220866155	0.0023810657596371886	0.011765121107266435	0.0019570697148065456	0.0014663337088604326	0.0009873247311183656	0.00847457627118644	0.0015361879750165756	0.022727272727272728	0.0010931064242013786
ro	0.022727272727272728	0.008264531111262892	0.125	0.012987012987012988	0.003968285462333082	0.002325597620335316	0.004098444638538028	0.002178739440201062	0.0023201963813717624	0.0022883714110667175	0.002824906636024131	0.004629736818415638	0.004166770833333333	0.003355704697986577	0.002409696623602845	0.0027027684441197956	0.0028902402352233617	0.005848055812044731	0.005347707969916211	0.006711409395973154	0.013513513513513514	0.0025575512980684323	0.002475265911430252	0.00228319363649632	0.002119905909505885	0.0024331669833827646	0.004329098030396732	0.015384852071005919	0.0037175688561517945	0.003125048828125	0.0026738754468243297	0.012345679012345678	0.0033003736017166076	0.023809523809523808	0.002817020432453878
ru	0.02040816326530612	0.0053196299513354455	0.125	0.01020408163265306	0.0023697524763594707	0.0007102721708954102	0.002681130476033034	0.0005629147286071781	0.0007194798457647114	0.0007430634967091957	0.0012854296578151735	0.0030213032192112155	0.002531799397532446	0.0016921304050320513	0.000756020193926971	0.001044025505468725	0.0013851413087683485	0.0045046059573086595	0.003937255874511748	0.00492642386371909	0.011494384991412341	0.0009225534800043566	0.0007943291270294698	0.0007882146220866155	0.0024331669833827646	0.0005316336506982085	0.0025001562624999995	0.01190518707482993	0.0021646286613819076	0.0015129279686716811	0.001102721847354097	0.008547227701073854	0.0016893147570164117	0.022222222222222223	0.0012395121712432584
sh	0.02564168310322156	0.006451862643080124	0.16666666666666666	0.013513696128560994	0.004273522536343049	0.002457026604446752	0.004587303278364637	0.002207607872963666	0.0023697075537386847	0.002409702424154449	0.0029070274472687936	0.005025302391353754	0.004566376868705824	0.003378435445580716	0.0024510765090349864	0.002747418797548605	0.0029762347647392293	0.006536161305480798	0.006060716253443526	0.007299429911023496	0.014925595901091559	0.002583986005114543	0.00250003125	0.0023810657596371886	0.004329098030396732	0.0025001562624999995	0.002142287297364292	0.014925818667854755	0.0038168813006235064	0.0024155406193843492	0.0027101299197273814	0.012048337930033388	0.0034843934004297737	0.023809523809523808	0.0029071880154813417
si	0.05555555555555555	0.02127704843820733	0.16666666666666666	0.02702702702702703	0.01639344262295082	0.011904903628117915	0.01587326782564878	0.011363636363636364	0.011627906976744186	0.011764982698961937	0.0125003125	0.01449338374291115	0.01639344262295082	0.013158067867036011	0.012658708540298026	0.011904903628117915	0.0125	0.017544167436134194	0.018518861454046638	0.01818181818181818	0.029411764705882353	0.012345679012345678	0.012195121951219513	0.011765121107266435	0.015384852071005919	0.01190518707482993	0.014925818667854755	0.011386929208506	0.013333511111111113	0.013157894736842105	0.01250046875	0.027778549382716046	0.012820677186061802	0.03571428571428571	0.011765397923875431
simple	0.02564168310322156	0.007353265570934256	0.14285714285714285	0.012345831428135955	0.0035087965527854726	0.0020367055056184436	0.0038760591460849712	0.0017700054882919566	0.0019685310659371315	0.0019380483482062374	0.002358496128515486	0.004115294077799794	0.003984127236075618	0.0030211571635892333	0.0020326318659528056	0.002150625505838825	0.0023867202852569758	0.005882456747404844	0.005376401896172969	0.006451779396462018	0.012048483088982435	0.0021367886669999676	0.00211866651106004	0.0019570697148065456	0.0037175688561517945	0.0021646286613819076	0.0038168813006235064	0.013333511111111113	0.0017571699114083612	0.0029673766608845726	0.0022422329073578796	0.01098901098901099	0.0028090282161343265	0.023255813953488372	0.0022677588247695148
sr	0.021739130434782608	0.006060679522497705	0.125	0.012195121951219513	0.003257328990228013	0.0014285795918367345	0.0035336188490304537	0.0012438615458156966	0.0013831430817880775	0.0014430368433874924	0.0019455631463004735	0.0038610783977579342	0.003401395251978343	0.002415482274965577	0.0014556740018941915	0.0017731502502389214	0.0020408579758433984	0.0053475935828877	0.004784803461459216	0.006289347731497963	0.012821005917159761	0.0016077403045874216	0.0014903240708864808	0.0014663337088604326	0.003125048828125	0.0015129279686716811	0.0024155406193843492	0.013157894736842105	0.0029673766608845726	0.001214728660236893	0.0017857844387755093	0.01020408163265306	0.002538109716818264	0.023255813953488372	0.001912166549067923
sv	0.020833333333333332	0.0055251671194407985	0.14285714285714285	0.010869565217391304	0.002415499778291208	0.0009425381599881315	0.0028091386819845974	0.0008238657466908568	0.000935486075391092	0.0009329289400148271	0.0013889564081790116	0.0031747442680776015	0.0027934521628538433	0.0018797310475436708	0.000982440835105622	0.001186442291488488	0.0015315061431630185	0.0046949238466794515	0.0040002399999999995	0.005263240997229917	0.011494649227110581	0.0010764633441516678	0.0010416981347656246	0.0009873247311183656	0.0026738754468243297	0.001102721847354097	0.0027101299197273814	0.01250046875	0.0022422329073578796	0.0017857844387755093	0.0008127811036879464	0.009259430727023319	0.0019194742209172528	0.022222222222222223	0.0014067269589215874
te	0.047619047619047616	0.019230769230769232	0.25	0.02631578947368421	0.013333333333333334	0.008403361344537815	0.012345831428135955	0.008	0.008333333333333333	0.008474648089629418	0.009259259259259259	0.010869565217391304	0.011628042184964847	0.009900990099009901	0.008695879017013231	0.008772006771314251	0.009708737864077669	0.015625	0.01694915254237288	0.014084507042253521	0.020408579758433985	0.008695727788279773	0.008771929824561403	0.00847457627118644	0.012345679012345678	0.008547227701073854	0.012048337930033388	0.027778549382716046	0.01098901098901099	0.01020408163265306	0.009259430727023319	0.00800762291750874	0.009901088128614842	0.04	0.008849792466128905
vi	0.023809523809523808	0.006622648173325731	0.14285714285714285	0.011494252873563218	0.0034246927190842557	0.0015923820438963042	0.0035714540816326533	0.0013532806905466037	0.0014992616135710256	0.0015267711741739987	0.002008088579216464	0.003584345010983929	0.0035461495900608623	0.002403869267751479	0.0016077868379152402	0.001808439264377438	0.002057663973987705	0.005102092877967514	0.004762063492063492	0.005813953488372093	0.011236333796237848	0.0017482945406865854	0.0016778692401243187	0.0015361879750165756	0.0033003736017166076	0.0016893147570164117	0.0034843934004297737	0.012820677186061802	0.0028090282161343265	0.002538109716818264	0.0019194742209172528	0.009901088128614842	0.0013527132293072084	0.022727272727272728	0.0018976736386909538
war	0.07142857142857142	0.027777777777777776	0.16666666666666666	0.034482758620689655	0.023810090702947845	0.022222222222222223	0.023255813953488372	0.022222222222222223	0.022222222222222223	0.022222222222222223	0.023809523809523808	0.024390243902439025	0.024390243902439025	0.023255813953488372	0.022727272727272728	0.022222222222222223	0.022727272727272728	0.025	0.02631578947368421	0.024390243902439025	0.03225806451612903	0.022222222222222223	0.022727272727272728	0.022727272727272728	0.023809523809523808	0.022222222222222223	0.023809523809523808	0.03571428571428571	0.023255813953488372	0.023255813953488372	0.022222222222222223	0.04	0.022727272727272728	0.022223704197530864	0.022222222222222223
zh	0.021739130434782608	0.005714742857142858	0.14285714285714285	0.010869565217391304	0.0025641683103221563	0.001095350243352379	0.0028988196177357787	0.0008875713278076507	0.0010384852275642158	0.0010777418321810455	0.001531489719963696	0.0031748047367094983	0.0028903571870092545	0.0020704919691884307	0.001084805769785103	0.00128071966734431	0.001620897911418506	0.004831104599897338	0.0042196585483095655	0.005319601657990041	0.010990218572636153	0.001253187795616861	0.0011481688967509	0.0010931064242013786	0.002817020432453878	0.0012395121712432584	0.0029071880154813417	0.011765397923875431	0.0022677588247695148	0.001912166549067923	0.0014067269589215874	0.008849792466128905	0.0018976736386909538	0.022222222222222223	0.0008976097613059317
