arz	bs	ceb	ckb	da	de	el	en	es	fr	he	hi	hu	id	it	ja	ko	lv	mk	ml	mr	nl	pl	pt	ro	ru	sh	si	simple	sr	sv	te	vi	war	zh
arz	1.0	0.0	0.0	0.0	0.0	0.0	0.0	3.510977069808757e-06	0.0	2.002803925495694e-05	0.0	0.0005970149253731343	0.0	0.0	0.0	0.0	0.0	0.0	0.0	0.0	0.0	0.0	0.0	0.0	0.0	0.0	0.00044444444444444447	0.0	0.00033967391304347825	0.0	0.0	0.0	0.0	0.0	0.0
bs	0.0	1.0	0.0	0.0013404825737265416	0.000547945205479452	0.00013314988238427057	0.0013531799729364006	3.152563033746436e-05	6.206168931918326e-05	0.00017789725445237296	0.00029717682020802375	0.0012809564474807857	0.0014771048744460858	0.0	0.00011823924867403128	0.0003180998833633761	0.0005480202767502398	0.0008176614881439084	0.0004784688995215311	0.0013812154696132596	0.0	0.000249003984063745	0.0	0.00029759374202873904	0.0005022601707684581	0.0002946171709819417	0.002059025394646534	0.0011235955056179776	0.0016629711751662971	0.0004464285714285714	0.0004912556494399686	0.0	0.0006737031214911295	0.0	0.000489065884161252
ceb	0.0	0.0	1.0	0.0	0.0	0.0	0.0	0.0	0.0	0.0	0.0	0.0	0.0	0.0	0.0	0.0	0.0	0.0	0.0	0.0	0.0	0.0	0.0	0.0	0.0	0.0	0.0	0.0	0.0	0.0	0.0	0.0	0.0	0.0	0.0
ckb	0.0	0.0013404825737265416	0.0	1.0	0.0	0.0	0.0	0.0	0.0	0.0	0.0	0.0005991611743559018	0.0	0.0	6.834102169827439e-05	0.0	0.0	0.0	0.0	0.0	0.0	0.0	0.0	4.312110562514823e-05	0.0	0.0	0.000445632798573975	0.0	0.0003403675970047651	0.0	0.0	0.0	0.0	0.0	0.0
da	0.0	0.000547945205479452	0.0	0.0	1.0	8.719916288803627e-05	0.0014885382554331646	3.148107987099753e-05	6.054368226675546e-05	0.00019610150213750636	0.0005608524957936063	0.0010924981791697013	0.0012853470437017994	0.0002978850163836759	0.00011743784182800389	0.0003833420456525527	0.00025957170668397143	0.0012300123001230013	0.00040096230954290296	0.0005396654074473826	0.0006988120195667365	0.0005929088106249259	0.0	0.00018966134912439678	0.000835421888053467	0.00025814001514421424	0.0003009328919650918	0.0	0.00049800796812749	0.0	0.0003371381784905842	0.0	0.0006176652254478073	0.0008952551477170994	0.0003444237790177034
de	0.0	0.00013314988238427057	0.0	0.0	8.719916288803627e-05	1.0	0.0001246416552411816	0.0007605183275124849	0.0006720249455659794	0.0010050251256281408	0.0003952143139438796	0.00021320143271362784	0.0002519103199261063	4.15541242468315e-05	0.001284001097010646	0.0008506845985578871	0.0002816207272855282	8.954956568460644e-05	8.620318089737511e-05	0.0002216606818282573	4.516915849857717e-05	0.0003775527715805732	0.0005544005544005544	0.0011602120691427647	0.0001298645080299554	0.0011302735515988926	0.000166472448809722	4.545041359876375e-05	0.0004450738417964799	0.00015631105900742478	0.000844533455589605	0.0	0.0003912669222943892	0.0	0.0010059957345780854
el	0.0	0.0013531799729364006	0.0	0.0	0.0014885382554331646	0.0001246416552411816	1.0	0.00010104529616724739	0.0005101173269852066	0.00024940047961630695	0.0008471499455403607	0.0007731958762886598	0.0009420631182289214	0.0011143302874972142	0.00031287050454485574	0.0008385041086701325	0.001245753114382786	0.0014503263234227702	0.001932633903920486	0.00033478406427854036	0.001952362358453729	0.0005226298735235706	0.00024217472906702184	0.00032935364347468093	0.0014184397163120568	0.0003882905088293885	0.0015726802965625702	0.00041186161449752884	0.001165954139137194	0.0006648936170212766	0.0008681745487777017	0.0004224757076468103	0.0003337783711615487	0.0	0.001061500696609832
en	3.510977069808757e-06	3.152563033746436e-05	0.0	0.0	3.148107987099753e-05	0.0007605183275124849	0.00010104529616724739	1.0	0.0005566369793611008	0.0014423062536843144	0.0002304512028176959	7.681778820637448e-05	5.5794814569420956e-05	9.059328146287244e-05	0.0017479915606150363	0.0008843461125618802	0.0002677707058847762	3.154751055088964e-05	4.5431194455996396e-05	3.15225386151098e-05	2.104591165627817e-05	0.0003356106915977466	0.00044493658817271566	0.001563776050331206	6.642381188776474e-05	0.0015589469489181143	7.317889102617714e-05	0.0	0.00010429232443256284	0.0001802432590754214	0.0006902785767113156	0.0	0.00019066107394183105	0.0	0.0010564090415809
es	0.0	6.206168931918326e-05	0.0	0.0	6.054368226675546e-05	0.0006720249455659794	0.0005101173269852066	0.0005566369793611008	1.0	0.0010272134917592947	0.0009344047841524949	0.00029356505401596995	0.0002873728375193977	0.00017003910899506886	0.0012871582256185135	0.0011176826712615843	0.00040935140543982534	0.00012567550584391103	0.000357632473028551	0.00030984693561380677	0.0001272426517368622	0.000572359441729406	0.0008431703204047217	0.0012485204222269064	0.00011988970147464332	0.0014798628015047577	0.00039761431411530816	0.0	0.00038253456473031315	0.0004696060527002348	0.001056508951771794	0.0	0.0002611920806561145	0.0	0.001363436785062279
fr	2.002803925495694e-05	0.00017789725445237296	0.0	0.0	0.00019610150213750636	0.0010050251256281408	0.00024940047961630695	0.0014423062536843144	0.0010272134917592947	1.0	0.0006443068332319147	0.00019412575466387126	0.00019275250578257516	0.0002110473705416243	0.0019875753429723034	0.0018231422697474755	0.0007618980119777455	9.921225469770027e-05	0.00027314408350404836	5.925925925925926e-05	0.0	0.000612134249785753	0.000951638065522621	0.0022599693810599984	0.00015636605292990892	0.002062300214666704	0.0002111851325666673	3.994647172788463e-05	0.0003221222169587873	0.0003169099416512872	0.0015409651914685253	1.999720039194513e-05	0.0004290164331946802	0.0	0.0017249369239483033
he	0.0	0.00029717682020802375	0.0	0.0	0.0005608524957936063	0.0003952143139438796	0.0008471499455403607	0.0002304512028176959	0.0009344047841524949	0.0006443068332319147	1.0	0.0007844162635638645	0.0008733624454148472	0.0003631521607553565	0.0007910901532543277	0.001400268136451661	0.001190665184949992	0.00045934772622875517	0.00040551500405515005	0.00014795088030773783	0.0003156565656565657	0.0010502625656414104	0.0002957559027948933	0.0010705000764642911	0.0008223684210526315	0.0007939154321281697	0.0007295719844357977	0.00032263268269075657	0.0001120699316373417	0.0010222858311183807	0.001365001365001365	0.0	0.001435602953240361	0.0	0.0012091185231059602
hi	0.0005970149253731343	0.0012809564474807857	0.0	0.0005991611743559018	0.0010924981791697013	0.00021320143271362784	0.0007731958762886598	7.681778820637448e-05	0.00029356505401596995	0.00019412575466387126	0.0007844162635638645	1.0	0.0019294377067254685	0.00025799793601651185	9.979044007584074e-05	0.000684814244136278	0.0008516851198442633	0.0013992537313432835	0.0009963467286615742	0.00042158516020236085	0.001026167265264238	0.00033504578959124413	0.00025154068670607473	0.0003127215110703415	0.001718213058419244	0.00028997867803837955	0.0018248175182481751	0.0016565433462175593	0.0008824178248400617	0.000925925925925926	0.0006580493537015277	0.0	0.0016759776536312849	0.0	0.0006769793182818265
hu	0.0	0.0014771048744460858	0.0	0.0	0.0012853470437017994	0.0002519103199261063	0.0009420631182289214	5.5794814569420956e-05	0.0002873728375193977	0.00019275250578257516	0.0008733624454148472	0.0019294377067254685	1.0	0.00023568230025925054	0.000347233704818281	0.0006424779359550942	0.000815280689494526	0.0015936254980079682	0.0011844832691738228	0.0014619883040935672	0.00043159257660768235	0.0008587376556462001	0.00012291807510294387	0.0006208866261020738	0.0018315018315018315	0.00040688310587437483	0.0019038553069966682	0.0	0.0008163265306122449	0.0005200208008320333	0.0009243852837862821	0.00047192071731949034	0.0006966213862765587	0.0	0.0007355891400294235
id	0.0	0.0	0.0	0.0	0.0002978850163836759	4.15541242468315e-05	0.0011143302874972142	9.059328146287244e-05	0.00017003910899506886	0.0002110473705416243	0.0003631521607553565	0.00025799793601651185	0.00023568230025925054	1.0	0.0002470111649046537	0.0005701445484119797	0.0006795786612300374	0.0	0.0013819789939192924	0.001343183344526528	0.0	0.00020911752404851526	0.00024226273393495245	0.00037058387548381783	0.0	0.0004896828881159028	0.001124353496739375	0.00041288191577208916	0.00019436345966958212	0.0006655574043261231	0.00041116542555621544	0.0	0.0006684491978609625	0.0	0.0007628777073866464
it	0.0	0.00011823924867403128	0.0	6.834102169827439e-05	0.00011743784182800389	0.001284001097010646	0.00031287050454485574	0.0017479915606150363	0.0012871582256185135	0.0019875753429723034	0.0007910901532543277	9.979044007584074e-05	0.000347233704818281	0.0002470111649046537	1.0	0.0021652328789448566	0.0008149207374263881	8.473714537504661e-05	0.00020044766645508302	0.00018572924053625098	8.501955449753443e-05	0.0006689268285266887	0.0007976675101771372	0.0029367311408291723	0.00016731081329786343	0.002464807068094635	0.00026363052182366414	5.1129100979974434e-05	0.0004399257014370906	0.0005302397326306318	0.0016276625740137903	5.118231139318252e-05	0.000433971968625434	0.0	0.0020405560515240405
ja	0.0	0.0003180998833633761	0.0	0.0	0.0003833420456525527	0.0008506845985578871	0.0008385041086701325	0.0008843461125618802	0.0011176826712615843	0.0018231422697474755	0.001400268136451661	0.000684814244136278	0.0006424779359550942	0.0005701445484119797	0.0021652328789448566	1.0	0.001582232119312022	0.00021353833013025838	0.00034529194433893855	0.0002824659275474896	0.00014334862385321102	0.0010034691361564265	0.0009324789594491201	0.0025491525423728813	0.0003118178983473651	0.0020016581783726165	0.0007388004567130096	3.6010082823190495e-05	0.000623461853978671	0.001021385253750399	0.0030571950235658784	3.60893572485474e-05	0.001182146394453497	0.0	0.0034158066906435814
ko	0.0	0.0005480202767502398	0.0	0.0	0.00025957170668397143	0.0002816207272855282	0.001245753114382786	0.0002677707058847762	0.00040935140543982534	0.0007618980119777455	0.001190665184949992	0.0008516851198442633	0.000815280689494526	0.0006795786612300374	0.0008149207374263881	0.001582232119312022	1.0	0.00042241622078287804	0.00037645877776383487	0.0002728885250375222	0.0002895613146083683	0.0010071217897992951	0.0005275020380760562	0.0011725324810409063	0.00101716465352829	0.0008182790961163215	0.0005684402000909505	0.0	0.0015822784810126582	0.0009659036028204385	0.0018321309973663117	0.0	0.001162227602905569	0.0	0.0016829643385659983
lv	0.0	0.0008176614881439084	0.0	0.0	0.0012300123001230013	8.954956568460644e-05	0.0014503263234227702	3.154751055088964e-05	0.00012567550584391103	9.921225469770027e-05	0.00045934772622875517	0.0013992537313432835	0.0015936254980079682	0.0	8.473714537504661e-05	0.00021353833013025838	0.00042241622078287804	1.0	0.0005285412262156448	0.0007993605115907274	0.0012062726176115801	0.0	6.764069264069264e-05	0.00019209835435743102	0.0016750418760469012	8.693233187287016e-05	0.001840264998159735	0.001445086705202312	0.0008789920890711983	0.0	0.00019837333862328903	0.0	0.00046992481203007516	0.0	0.00028135330941830204
mk	0.0	0.0004784688995215311	0.0	0.0	0.00040096230954290296	8.620318089737511e-05	0.001932633903920486	4.5431194455996396e-05	0.000357632473028551	0.00027314408350404836	0.00040551500405515005	0.0009963467286615742	0.0011844832691738228	0.0013819789939192924	0.00020044766645508302	0.00034529194433893855	0.00037645877776383487	0.0005285412262156448	1.0	0.0014177693761814746	0.0017709563164108619	0.00022985863693828295	0.00012779552715654952	0.0003982560576842458	0.0015054572826496049	0.00027410402247652986	0.0008365867261572784	0.0006414368184733803	0.000467180565288484	0.000971628449280995	0.0007136060894386299	0.0	0.0013677217663149667	0.0	0.00047789725209080046
ml	0.0	0.0013812154696132596	0.0	0.0	0.0005396654074473826	0.0002216606818282573	0.00033478406427854036	3.15225386151098e-05	0.00030984693561380677	5.925925925925926e-05	0.00014795088030773783	0.00042158516020236085	0.0014619883040935672	0.001343183344526528	0.00018572924053625098	0.0002824659275474896	0.0002728885250375222	0.0007993605115907274	0.0014177693761814746	1.0	0.0009478672985781991	0.00012405408758218582	0.0	0.0002336696760488582	0.0	0.00022517061003914505	0.0010186757215619694	0.0	0.0010995052226498076	0.00022177866489243733	0.00014712373105781962	0.0	0.0	0.0	0.0005584252408208851
mr	0.0	0.0	0.0	0.0	0.0006988120195667365	4.516915849857717e-05	0.001952362358453729	2.104591165627817e-05	0.0001272426517368622	0.0	0.0003156565656565657	0.001026167265264238	0.00043159257660768235	0.0	8.501955449753443e-05	0.00014334862385321102	0.0002895613146083683	0.0012062726176115801	0.0017709563164108619	0.0009478672985781991	1.0	0.00039282440748985203	0.0	0.000128595310557675	0.0	1.7444700300048844e-05	0.00039603960396039607	0.0	0.0006215040397762585	0.0007343941248470012	0.0001502328609344484	0.0022988505747126436	0.0007390983000739098	0.0	0.0003541578127213486
nl	0.0	0.000249003984063745	0.0	0.0	0.0005929088106249259	0.0003775527715805732	0.0005226298735235706	0.0003356106915977466	0.000572359441729406	0.000612134249785753	0.0010502625656414104	0.00033504578959124413	0.0008587376556462001	0.00020911752404851526	0.0006689268285266887	0.0010034691361564265	0.0010071217897992951	0.0	0.00022985863693828295	0.00012405408758218582	0.00039282440748985203	1.0	0.0005559931427512394	0.0007831729693443723	0.0001162385214460072	0.0008089733816643072	0.00010492078480747036	0.0	0.0007829320806420043	0.0008119079837618403	0.0011875603057967788	0.00013439053890606102	0.0012665098606839153	0.0	0.0009938382031405286
pl	0.0	0.0	0.0	0.0	0.0	0.0005544005544005544	0.00024217472906702184	0.00044493658817271566	0.0008431703204047217	0.000951638065522621	0.0002957559027948933	0.00025154068670607473	0.00012291807510294387	0.00024226273393495245	0.0007976675101771372	0.0009324789594491201	0.0005275020380760562	6.764069264069264e-05	0.00012779552715654952	0.0	0.0	0.0005559931427512394	1.0	0.0008089813438996203	0.00019292604501607716	0.0010673557665299702	0.00030347171643602816	0.0	0.00029120559114735004	0.000277192593413904	0.0008555076995692961	0.0	0.00033312975403919826	0.0	0.0011387089886840795
pt	0.0	0.00029759374202873904	0.0	4.312110562514823e-05	0.00018966134912439678	0.0011602120691427647	0.00032935364347468093	0.001563776050331206	0.0012485204222269064	0.0022599693810599984	0.0010705000764642911	0.0003127215110703415	0.0006208866261020738	0.00037058387548381783	0.0029367311408291723	0.0025491525423728813	0.0011725324810409063	0.00019209835435743102	0.0003982560576842458	0.0002336696760488582	0.000128595310557675	0.0007831729693443723	0.0008089813438996203	1.0	0.0003570603431980005	0.003008394390800136	0.0004120652711389484	6.448284756254837e-05	0.000650168637490349	0.0005390189854464874	0.0024605103280680436	0.0	0.0007591800855076518	0.0	0.002375168690958165
ro	0.0	0.0005022601707684581	0.0	0.0	0.000835421888053467	0.0001298645080299554	0.0014184397163120568	6.642381188776474e-05	0.00011988970147464332	0.00015636605292990892	0.0008223684210526315	0.001718213058419244	0.0018315018315018315	0.0	0.00016731081329786343	0.0003118178983473651	0.00101716465352829	0.0016750418760469012	0.0015054572826496049	0.0	0.0	0.0001162385214460072	0.00019292604501607716	0.0003570603431980005	1.0	0.00022307639508545543	0.0014347202295552368	0.0006849315068493151	0.0016758439071103662	0.0009906875371507827	0.0005256869772998805	0.0	0.0007964954201513341	0.0	0.0005137866072957698
ru	0.0	0.0002946171709819417	0.0	0.0	0.00025814001514421424	0.0011302735515988926	0.0003882905088293885	0.0015589469489181143	0.0014798628015047577	0.002062300214666704	0.0007939154321281697	0.00028997867803837955	0.00040688310587437483	0.0004896828881159028	0.002464807068094635	0.0020016581783726165	0.0008182790961163215	8.693233187287016e-05	0.00027410402247652986	0.00022517061003914505	1.7444700300048844e-05	0.0008089733816643072	0.0010673557665299702	0.003008394390800136	0.00022307639508545543	1.0	0.00042235437221246116	5.246130978403427e-05	0.0004508716852581658	0.0004938352894697855	0.0019997385962619266	5.2517330719137316e-05	0.0007247689798876608	0.0	0.002727079545722853
sh	0.00044444444444444447	0.002059025394646534	0.0	0.000445632798573975	0.0003009328919650918	0.000166472448809722	0.0015726802965625702	7.317889102617714e-05	0.00039761431411530816	0.0002111851325666673	0.0007295719844357977	0.0018248175182481751	0.0019038553069966682	0.001124353496739375	0.00026363052182366414	0.0007388004567130096	0.0005684402000909505	0.001840264998159735	0.0008365867261572784	0.0010186757215619694	0.00039603960396039607	0.00010492078480747036	0.00030347171643602816	0.0004120652711389484	0.0014347202295552368	0.00042235437221246116	1.0	0.0008378718056137411	0.0011750881316098707	0.0023466309084813944	0.0006407322654462242	0.0004297378599054577	0.0010087424344317419	0.0	0.0008302062232258493
si	0.0	0.0011235955056179776	0.0	0.0	0.0	4.545041359876375e-05	0.00041186161449752884	0.0	0.0	3.994647172788463e-05	0.00032263268269075657	0.0016565433462175593	0.0	0.00041288191577208916	5.1129100979974434e-05	3.6010082823190495e-05	0.0	0.001445086705202312	0.0006414368184733803	0.0	0.0	0.0	0.0	6.448284756254837e-05	0.0006849315068493151	5.246130978403427e-05	0.0008378718056137411	1.0	0.0003244646333549643	0.0	0.00015127067365873335	0.003355704697986577	0.00025484199796126404	0.0	0.00017791061770566468
simple	0.00033967391304347825	0.0016629711751662971	0.0	0.0003403675970047651	0.00049800796812749	0.0004450738417964799	0.001165954139137194	0.00010429232443256284	0.00038253456473031315	0.0003221222169587873	0.0001120699316373417	0.0008824178248400617	0.0008163265306122449	0.00019436345966958212	0.0004399257014370906	0.000623461853978671	0.0015822784810126582	0.0008789920890711983	0.000467180565288484	0.0010995052226498076	0.0006215040397762585	0.0007829320806420043	0.00029120559114735004	0.000650168637490349	0.0016758439071103662	0.0004508716852581658	0.0011750881316098707	0.0003244646333549643	1.0	0.00029976019184652276	0.0007097861769142045	0.0	0.0007526719855486979	0.0	0.0011689829848032212
sr	0.0	0.0004464285714285714	0.0	0.0	0.0	0.00015631105900742478	0.0006648936170212766	0.0001802432590754214	0.0004696060527002348	0.0003169099416512872	0.0010222858311183807	0.000925925925925926	0.0005200208008320333	0.0006655574043261231	0.0005302397326306318	0.001021385253750399	0.0009659036028204385	0.0	0.000971628449280995	0.00022177866489243733	0.0007343941248470012	0.0008119079837618403	0.000277192593413904	0.0005390189854464874	0.0009906875371507827	0.0004938352894697855	0.0023466309084813944	0.0	0.00029976019184652276	1.0	0.0009400102546573236	0.0	0.0007989347536617843	0.0	0.0010420942937442764
sv	0.0	0.0004912556494399686	0.0	0.0	0.0003371381784905842	0.000844533455589605	0.0008681745487777017	0.0006902785767113156	0.001056508951771794	0.0015409651914685253	0.001365001365001365	0.0006580493537015277	0.0009243852837862821	0.00041116542555621544	0.0016276625740137903	0.0030571950235658784	0.0018321309973663117	0.00019837333862328903	0.0007136060894386299	0.00014712373105781962	0.0001502328609344484	0.0011875603057967788	0.0008555076995692961	0.0024605103280680436	0.0005256869772998805	0.0019997385962619266	0.0006407322654462242	0.00015127067365873335	0.0007097861769142045	0.0009400102546573236	1.0	0.00010115314586283633	0.001026694045174538	0.0	0.002739495089981877
te	0.0	0.0	0.0	0.0	0.0	0.0	0.0004224757076468103	0.0	0.0	1.999720039194513e-05	0.0	0.0	0.00047192071731949034	0.0	5.118231139318252e-05	3.60893572485474e-05	0.0	0.0	0.0	0.0	0.0022988505747126436	0.00013439053890606102	0.0	0.0	0.0	5.2517330719137316e-05	0.0004297378599054577	0.003355704697986577	0.0	0.0	0.00010115314586283633	1.0	0.0002588661661920787	0.0	0.00010697093956141915
vi	0.0	0.0006737031214911295	0.0	0.0	0.0006176652254478073	0.0003912669222943892	0.0003337783711615487	0.00019066107394183105	0.0002611920806561145	0.0004290164331946802	0.001435602953240361	0.0016759776536312849	0.0006966213862765587	0.0006684491978609625	0.000433971968625434	0.001182146394453497	0.001162227602905569	0.00046992481203007516	0.0013677217663149667	0.0	0.0007390983000739098	0.0012665098606839153	0.00033312975403919826	0.0007591800855076518	0.0007964954201513341	0.0007247689798876608	0.0010087424344317419	0.00025484199796126404	0.0007526719855486979	0.0007989347536617843	0.001026694045174538	0.0002588661661920787	1.0	0.0	0.0012328117591275487
war	0.0	0.0	0.0	0.0	0.0008952551477170994	0.0	0.0	0.0	0.0	0.0	0.0	0.0	0.0	0.0	0.0	0.0	0.0	0.0	0.0	0.0	0.0	0.0	0.0	0.0	0.0	0.0	0.0	0.0	0.0	0.0	0.0	0.0	0.0	1.0	0.0
zh	0.0	0.000489065884161252	0.0	0.0	0.0003444237790177034	0.0010059957345780854	0.001061500696609832	0.0010564090415809	0.001363436785062279	0.0017249369239483033	0.0012091185231059602	0.0006769793182818265	0.0007355891400294235	0.0007628777073866464	0.0020405560515240405	0.0034158066906435814	0.0016829643385659983	0.00028135330941830204	0.00047789725209080046	0.0005584252408208851	0.0003541578127213486	0.0009938382031405286	0.0011387089886840795	0.002375168690958165	0.0005137866072957698	0.002727079545722853	0.0008302062232258493	0.00017791061770566468	0.0011689829848032212	0.0010420942937442764	0.002739495089981877	0.00010697093956141915	0.0012328117591275487	0.0	1.0
