arz	bs	ceb	ckb	da	de	el	en	es	fr	he	hi	hu	id	it	ja	ko	lv	mk	ml	mr	nl	pl	pt	ro	ru	sh	si	simple	sr	sv	te	tr	union	vi	war	zh
arz	1.0	0.5077519379844961	0.7272727272727273	0.7222222222222222	0.5056818181818182	0.5015994881637875	0.6746626686656673	0.5015537600994406	0.5023923444976076	0.5018839487565938	0.5054054054054055	0.6754098360655738	0.5034387895460798	0.5047619047619047	0.502254283137962	0.5020712510356256	0.6754270696452036	0.5058139534883721	0.6816901408450704	0.6814814814814815	0.6804123711340206	0.501919385796545	0.5020833333333333	0.5024925224327019	0.5034364261168385	0.5022914757103575	0.5016160310277957	0.684931506849315	0.5052356020942409	0.5016035920461834	0.503382949932341	0.6790697674418605	0.5050505050505051	0.5011526048870447	0.5026954177897575	0.5176470588235293	0.6698168930891908
bs	0.5077519379844961	1.0	0.5058823529411764	0.5287769784172662	0.6083713329756897	0.5502183866310401	0.5635179153094463	0.5425868022291164	0.5630162196498938	0.5511905519060641	0.5811320754716981	0.5667244367417678	0.5881415995332515	0.6022306200623336	0.5595090917652986	0.5397178916109874	0.5667166416791604	0.5928821506398009	0.5789473684210527	0.5680000000000001	0.5238095238095238	0.5651161922306169	0.5683066742887917	0.5728998166720587	0.5831403538090577	0.547911547911548	0.5597238214241429	0.5309090909090909	0.5864968999980441	0.5508070896310625	0.5874433394972568	0.5434173669467787	0.6155340601947198	0.5357950184493769	0.5711900458344215	0.552985243659975	0.5434439178515008
ceb	0.7272727272727273	0.5058823529411764	1.0	0.7058823529411764	0.504297994269341	0.5009609224855862	0.6706766917293233	0.5009334163036715	0.50143815915628	0.5011320754716981	0.5027173913043478	0.6710526315789473	0.5020689655172413	0.502868068833652	0.5013550135501355	0.5008291873963515	0.6701708278580815	0.5043988269794721	0.6742209631728046	0.6766917293233082	0.696629213483146	0.5014436958614051	0.5015673981191223	0.5014985014985015	0.5025906735751295	0.5013774104683195	0.5009708737864078	0.6865671641791045	0.503957783641161	0.5009633911368016	0.5020352781546811	0.6794258373205742	0.5038167938931297	0.5006922011998154	0.5020297699594046	0.5185185185185185	0.6690349319123742
ckb	0.7222222222222222	0.5287769784172662	0.7058823529411764	1.0	0.5243243243243244	0.506649778340722	0.7016011644832605	0.5064615384615384	0.5098963242224317	0.5078183172002978	0.5272727272727272	0.69375	0.5134408602150538	0.518450184501845	0.5093333333333333	0.508169934640523	0.6991037131882202	0.5205479452054794	0.7306666666666667	0.7346938775510203	0.725925925925926	0.509933774834437	0.5107692307692308	0.5098039215686274	0.515	0.5090252707581228	0.5060702875399361	0.7522935779816513	0.5251256281407035	0.5060240963855421	0.5132275132275133	0.7206477732793523	0.5230024213075061	0.5048054919908467	0.5125164690382081	0.5357142857142857	0.6822703335283792
da	0.5056818181818182	0.6083713329756897	0.504297994269341	0.5243243243243244	1.0	0.5647752783876409	0.5830860534124629	0.5476565070978735	0.5843412021878788	0.562026636959143	0.6026658706987417	0.5736196319018405	0.592081720550621	0.620341728516057	0.5686430388170842	0.5524625267665952	0.5862068965517242	0.6047204672785791	0.5780000000000001	0.5676855895196506	0.5261780104712042	0.5845360914648504	0.5826684137866486	0.5992421886404458	0.6087117162680686	0.5646687697160884	0.5583600665919846	0.5244565217391304	0.605724823072067	0.5518199433572553	0.6264501160092807	0.5489749430523918	0.6458226420593136	0.5408942807422131	0.5897139650950255	0.5503158259063771	0.5551359516616314
de	0.5015994881637875	0.5502183866310401	0.5009609224855862	0.506649778340722	0.5647752783876409	1.0	0.5612359550561797	0.6887101649021691	0.6743252627974607	0.6723573193823664	0.5526829690754079	0.5565019875070982	0.6208518468119346	0.6139609861251657	0.6725784817371089	0.6262992076693998	0.5674188222344524	0.5557740830110512	0.5336911150864639	0.5258044930176078	0.5085066162570888	0.6856331007570862	0.6592353151088141	0.6203802233556793	0.5784983829883343	0.5808435852372583	0.6151833690301732	0.506016466117796	0.5760884145235828	0.6067408057691686	0.6041301974081611	0.5167785234899329	0.5661162893434324	0.6672458632793747	0.6288185100231537	0.5125413133825084	0.6234309623430963
el	0.6746626686656673	0.5635179153094463	0.6706766917293233	0.7016011644832605	0.5830860534124629	0.5612359550561797	1.0	0.5596933187294633	0.5727554179566564	0.5661953727506427	0.5964391691394658	0.8072866730584851	0.5898477157360406	0.5970149253731343	0.5739776951672863	0.568953568953569	0.8353982300884956	0.5858433734939759	0.7905882352941177	0.7742749054224465	0.7065527065527065	0.5779169929522318	0.5760330578512396	0.5612802498048399	0.5740112994350283	0.5581565471836137	0.5484228002213614	0.7017543859649122	0.5811965811965811	0.5481033534909291	0.5726829268292684	0.7346938775510203	0.5796089385474861	0.5461409395973155	0.5781710914454278	0.5373443983402489	0.8061855670103093
en	0.5015537600994406	0.5425868022291164	0.5009334163036715	0.5064615384615384	0.5476565070978735	0.6887101649021691	0.5596933187294633	1.0	0.6482071336962819	0.6952660019942877	0.5510667939190259	0.5553709856035437	0.6089739934839947	0.5999418413962073	0.6845815196615695	0.6311542493541811	0.5678879310344828	0.5497268168243399	0.5337209302325581	0.5257244234180958	0.508578431372549	0.6550119995912499	0.6519449076542552	0.595860320072559	0.572633383168765	0.5849552740606015	0.6683359398276815	0.5058461538461538	0.5585733470743905	0.6589708363538304	0.5852710062188181	0.516320474777448	0.5569885711384592	0.8340579102489977	0.6216202446888259	0.5119181484433868	0.6282818977429755
es	0.5023923444976076	0.5630162196498938	0.50143815915628	0.5098963242224317	0.5843412021878788	0.6743252627974607	0.5727554179566564	0.6482071336962819	1.0	0.6623129647883372	0.5736851250529426	0.5654901960784313	0.6296086851544814	0.6315090039194324	0.6715671617124932	0.6233830938054148	0.5884146341463414	0.5783228224729461	0.5468615649183147	0.5385980479148181	0.5126286248830683	0.7018395490587949	0.6838043875302238	0.6335672333270652	0.6116682672880226	0.5850302696752889	0.5989489091637307	0.5089538171536286	0.5907512258553896	0.5897131277739648	0.634398559428588	0.5240641711229946	0.5848115873702534	0.6166608572258676	0.6402429185630495	0.5186092853584457	0.6172276098117513
fr	0.5018839487565938	0.5511905519060641	0.5011320754716981	0.5078183172002978	0.562026636959143	0.6723573193823664	0.5661953727506427	0.6952660019942877	0.6623129647883372	1.0	0.558648111332008	0.5622961513372473	0.6152002275571631	0.6231176060833469	0.6793064385359786	0.6313156578289144	0.578214059531349	0.55748837986028	0.5399583043780404	0.5304964539007092	0.5103703703703704	0.6646369024341935	0.6682771291728754	0.6032928589116997	0.5874341611751285	0.585603112840467	0.619433604099507	0.5070737155621743	0.5694664001644854	0.6077572206991021	0.6015895591140586	0.5192307692307692	0.5705306414488784	0.6693696194858356	0.6316473636224126	0.5143277002204262	0.6249361267245784
he	0.5054054054054055	0.5811320754716981	0.5027173913043478	0.5272727272727272	0.6026658706987417	0.5526829690754079	0.5964391691394658	0.5510667939190259	0.5736851250529426	0.558648111332008	1.0	0.5768072289156626	0.5889814008745234	0.6009547596986665	0.5689374363732626	0.5616929698708751	0.5953360768175583	0.6037467748569719	0.5889328063241107	0.5711252653927813	0.5263157894736842	0.5693887272716378	0.5742312015159442	0.5651634833038064	0.57788244425628	0.5598455598455598	0.5456044875946505	0.5246753246753247	0.5892061396270012	0.5451961341671404	0.579854663557085	0.5411255411255411	0.5947242315887663	0.5388665022354839	0.5832317567899045	0.5456790123456791	0.5644916540212443
hi	0.6754098360655738	0.5667244367417678	0.6710526315789473	0.69375	0.5736196319018405	0.5565019875070982	0.8072866730584851	0.5553709856035437	0.5654901960784313	0.5622961513372473	0.5768072289156626	1.0	0.5805785123966942	0.5887611749680716	0.5708870356330553	0.5667844522968198	0.8125560538116592	0.578125	0.7741147741147741	0.7804878048780488	0.7035330261136713	0.5729083665338646	0.5707070707070707	0.5582137161084529	0.5759717314487632	0.5543964232488823	0.5439283715724678	0.6960629921259842	0.5876132930513596	0.5436353529738743	0.5623762376237624	0.7461858529819695	0.5714285714285714	0.5424947145877379	0.5782520325203252	0.5381165919282511	0.8010498687664042
hu	0.5034387895460798	0.5881415995332515	0.5020689655172413	0.5134408602150538	0.592081720550621	0.6208518468119346	0.5898477157360406	0.6089739934839947	0.6296086851544814	0.6152002275571631	0.5889814008745234	0.5805785123966942	1.0	0.6415992663232916	0.6423812411432184	0.5982587064676618	0.6033464566929134	0.6017070812771089	0.5625	0.5483476132190942	0.5179760319573902	0.6421028920765776	0.6426019460970712	0.6135758990169199	0.6056788852314664	0.5806037251123957	0.5890383617420462	0.5127860026917901	0.5986251180159744	0.5811609713017816	0.6236862461966891	0.530940594059406	0.606356149886105	0.5873167847621649	0.6256306749239077	0.5260469661809715	0.6001300390117035
id	0.5047619047619047	0.6022306200623336	0.502868068833652	0.518450184501845	0.620341728516057	0.6139609861251657	0.5970149253731343	0.5999418413962073	0.6315090039194324	0.6231176060833469	0.6009547596986665	0.5887611749680716	0.6415992663232916	1.0	0.6396853867419966	0.5805799055967633	0.6087990487514863	0.6001199040767387	0.5775729646697388	0.5642276422764227	0.5207956600361664	0.6495690860903922	0.6368872303631564	0.6132907323744529	0.6363591240811023	0.5739814152966405	0.5821088951269967	0.5175600739371534	0.6265909703018877	0.5705411556692499	0.633111434270706	0.5385878489326765	0.6262612439745386	0.5733698252563229	0.6607557060501125	0.5353743486121451	0.5879828326180258
it	0.502254283137962	0.5595090917652986	0.5013550135501355	0.5093333333333333	0.5686430388170842	0.6725784817371089	0.5739776951672863	0.6845815196615695	0.6715671617124932	0.6793064385359786	0.5689374363732626	0.5708870356330553	0.6423812411432184	0.6396853867419966	1.0	0.6256883467534752	0.5868613138686131	0.5688769954627689	0.5461978740801308	0.5365239294710328	0.5105633802816901	0.6802037119936202	0.6764791295391346	0.6160150791653412	0.6067272436711622	0.5849358974358974	0.6129834254143647	0.5084444444444445	0.5777055934820217	0.5999876413868706	0.6138718133911416	0.5223251895534962	0.5904947764401032	0.665707666361568	0.659347193957328	0.5171667978837393	0.6206128133704736
ja	0.5020712510356256	0.5397178916109874	0.5008291873963515	0.508169934640523	0.5524625267665952	0.6262992076693998	0.568953568953569	0.6311542493541811	0.6233830938054148	0.6313156578289144	0.5616929698708751	0.5667844522968198	0.5982587064676618	0.5805799055967633	0.6256883467534752	1.0	0.5842465753424657	0.5587808417997097	0.5440060698027314	0.5337470907680373	0.5113821138211382	0.6199445983379501	0.6178748851396476	0.580168776371308	0.5684143222506394	0.5821882951653944	0.588336192109777	0.5069387755102042	0.5611664295874822	0.5881348698250106	0.5761904761904761	0.5206225680933851	0.5527777777777778	0.6086939814475144	0.5941140404659718	0.5152979066022544	0.6286486486486487
ko	0.6754270696452036	0.5667166416791604	0.6701708278580815	0.6991037131882202	0.5862068965517242	0.5674188222344524	0.8353982300884956	0.5678879310344828	0.5884146341463414	0.578214059531349	0.5953360768175583	0.8125560538116592	0.6033464566929134	0.6087990487514863	0.5868613138686131	0.5842465753424657	1.0	0.6022889842632332	0.8177777777777778	0.7911318553092181	0.712468193384224	0.5859969558599696	0.5902834008097166	0.5728451563691838	0.5901639344262295	0.570710696338837	0.5574931880108992	0.6938775510204082	0.5851063829787234	0.557421451787649	0.5895238095238096	0.7322654462242563	0.5866141732283464	0.5521523178807947	0.5904761904761905	0.5349264705882353	0.8289205702647658
lv	0.5058139534883721	0.5928821506398009	0.5043988269794721	0.5205479452054794	0.6047204672785791	0.5557740830110512	0.5858433734939759	0.5497268168243399	0.5783228224729461	0.55748837986028	0.6037467748569719	0.578125	0.6017070812771089	0.6001199040767387	0.5688769954627689	0.5587808417997097	0.6022889842632332	1.0	0.5745967741935484	0.5714285714285714	0.5309973045822103	0.5753256547153558	0.5800330379981246	0.5695663743368794	0.5883658406884414	0.5540856031128405	0.5458702937850692	0.5192307692307692	0.5928326548103707	0.5439215677362319	0.5826492608891497	0.5460829493087558	0.596008582349656	0.5381440125678225	0.58743904861317	0.5521798124004483	0.5623076923076923
mk	0.6816901408450704	0.5789473684210527	0.6742209631728046	0.7306666666666667	0.5780000000000001	0.5336911150864639	0.7905882352941177	0.5337209302325581	0.5468615649183147	0.5399583043780404	0.5889328063241107	0.7741147741147741	0.5625	0.5775729646697388	0.5461978740801308	0.5440060698027314	0.8177777777777778	0.5745967741935484	1.0	0.810379241516966	0.72	0.5474956822107081	0.5506035283194058	0.5418502202643172	0.5674157303370786	0.5414954806902219	0.53081986834231	0.712041884816754	0.5608856088560885	0.5306001188354129	0.5538990825688074	0.7244094488188976	0.5791433891992551	0.525438596491228	0.555045871559633	0.5555555555555556	0.7466960352422908
ml	0.6814814814814815	0.5680000000000001	0.6766917293233082	0.7346938775510203	0.5676855895196506	0.5258044930176078	0.7742749054224465	0.5257244234180958	0.5385980479148181	0.5304964539007092	0.5711252653927813	0.7804878048780488	0.5483476132190942	0.5642276422764227	0.5365239294710328	0.5337470907680373	0.7911318553092181	0.5714285714285714	0.810379241516966	1.0	0.7348242811501597	0.5368234250221828	0.5402298850574713	0.5341841385597083	0.5482456140350876	0.5316455696202532	0.5222154595252587	0.7303754266211604	0.5646817248459959	0.5223700120918984	0.5437125748502994	0.7506053268765133	0.5595238095238095	0.5193247445579742	0.546218487394958	0.5575221238938053	0.7320924985899605
mr	0.6804123711340206	0.5238095238095238	0.696629213483146	0.725925925925926	0.5261780104712042	0.5085066162570888	0.7065527065527065	0.508578431372549	0.5126286248830683	0.5103703703703704	0.5263157894736842	0.7035330261136713	0.5179760319573902	0.5207956600361664	0.5105633802816901	0.5113821138211382	0.712468193384224	0.5309973045822103	0.72	0.7348242811501597	1.0	0.5131578947368421	0.513733468972533	0.5116504854368932	0.5163398692810457	0.5111906893464637	0.5082697201017812	0.7164179104477613	0.5281173594132029	0.5082070707070707	0.5163398692810457	0.7058823529411764	0.5271867612293144	0.5063868613138686	0.5176470588235293	0.5447154471544715	0.6884480746791132
nl	0.501919385796545	0.5651161922306169	0.5014436958614051	0.509933774834437	0.5845360914648504	0.6856331007570862	0.5779169929522318	0.6550119995912499	0.7018395490587949	0.6646369024341935	0.5693887272716378	0.5729083665338646	0.6421028920765776	0.6495690860903922	0.6802037119936202	0.6199445983379501	0.5859969558599696	0.5753256547153558	0.5474956822107081	0.5368234250221828	0.5131578947368421	1.0	0.6743793295011006	0.6341830458115144	0.6209846781473916	0.5813698630136986	0.6126578907300286	0.5089877010406811	0.5878187484647304	0.5994343186860134	0.641249400649523	0.5232142857142857	0.5923550952588362	0.6248605833078036	0.6440149142588952	0.5185112985410891	0.622478386167147
pl	0.5020833333333333	0.5683066742887917	0.5015673981191223	0.5107692307692308	0.5826684137866486	0.6592353151088141	0.5760330578512396	0.6519449076542552	0.6838043875302238	0.6682771291728754	0.5742312015159442	0.5707070707070707	0.6426019460970712	0.6368872303631564	0.6764791295391346	0.6178748851396476	0.5902834008097166	0.5800330379981246	0.5506035283194058	0.5402298850574713	0.513733468972533	0.6743793295011006	1.0	0.6186969233352022	0.6086613155077764	0.5848793366479855	0.6055357886049358	0.5097435897435897	0.5823330695274944	0.5926618870994825	0.6311157722864381	0.5250481695568401	0.5870318928723609	0.6338749955540208	0.6444690663995023	0.5197928282558757	0.6100998238402819
pt	0.5024925224327019	0.5728998166720587	0.5014985014985015	0.5098039215686274	0.5992421886404458	0.6203802233556793	0.5612802498048399	0.595860320072559	0.6335672333270652	0.6032928589116997	0.5651634833038064	0.5582137161084529	0.6135758990169199	0.6132907323744529	0.6160150791653412	0.580168776371308	0.5728451563691838	0.5695663743368794	0.5418502202643172	0.5341841385597083	0.5116504854368932	0.6341830458115144	0.6186969233352022	1.0	0.6294731783051662	0.6187648456057007	0.6503874356793398	0.5093228655544652	0.5606307012154816	0.6345483328775907	0.6830773791562775	0.5294117647058824	0.6107688200448436	0.6111038634514491	0.5948586799606854	0.5184101671520776	0.5820076796489303
ro	0.5034364261168385	0.5831403538090577	0.5025906735751295	0.515	0.6087117162680686	0.5784983829883343	0.5740112994350283	0.572633383168765	0.6116682672880226	0.5874341611751285	0.57788244425628	0.5759717314487632	0.6056788852314664	0.6363591240811023	0.6067272436711622	0.5684143222506394	0.5901639344262295	0.5883658406884414	0.5674157303370786	0.5482456140350876	0.5163398692810457	0.6209846781473916	0.6086613155077764	0.6294731783051662	1.0	0.5961262553802008	0.5974523570439065	0.5150501672240803	0.5795023977369737	0.5871716512325175	0.6555658442414712	0.5402124430955993	0.6320334990840094	0.5747796224507886	0.6014018884409688	0.5297311660658781	0.5708529214237743
ru	0.5022914757103575	0.547911547911548	0.5013774104683195	0.5090252707581228	0.5646687697160884	0.5808435852372583	0.5581565471836137	0.5849552740606015	0.5850302696752889	0.585603112840467	0.5598455598455598	0.5543964232488823	0.5806037251123957	0.5739814152966405	0.5849358974358974	0.5821882951653944	0.570710696338837	0.5540856031128405	0.5414954806902219	0.5316455696202532	0.5111906893464637	0.5813698630136986	0.5848793366479855	0.6187648456057007	0.5961262553802008	1.0	0.6251189343482397	0.5090415913200723	0.5546282245827011	0.625	0.6086956521739131	0.529004329004329	0.5725368502715282	0.6004048726513259	0.5736775818639799	0.5159574468085106	0.5871413390010627
sh	0.5016160310277957	0.5597238214241429	0.5009708737864078	0.5060702875399361	0.5583600665919846	0.6151833690301732	0.5484228002213614	0.6683359398276815	0.5989489091637307	0.619433604099507	0.5456044875946505	0.5439283715724678	0.5890383617420462	0.5821088951269967	0.6129834254143647	0.588336192109777	0.5574931880108992	0.5458702937850692	0.53081986834231	0.5222154595252587	0.5082697201017812	0.6126578907300286	0.6055357886049358	0.6503874356793398	0.5974523570439065	0.6251189343482397	1.0	0.5064020486555698	0.5452995175689619	0.8937498476263049	0.6318507733057548	0.5211180124223602	0.5754167421634354	0.7159826133439158	0.584446317390908	0.5117728681641746	0.5887809187279152
si	0.684931506849315	0.5309090909090909	0.6865671641791045	0.7522935779816513	0.5244565217391304	0.506016466117796	0.7017543859649122	0.5058461538461538	0.5089538171536286	0.5070737155621743	0.5246753246753247	0.6960629921259842	0.5127860026917901	0.5175600739371534	0.5084444444444445	0.5069387755102042	0.6938775510204082	0.5192307692307692	0.712041884816754	0.7303754266211604	0.7164179104477613	0.5089877010406811	0.5097435897435897	0.5093228655544652	0.5150501672240803	0.5090415913200723	0.5064020486555698	1.0	0.5213032581453634	0.5063532401524777	0.5125827814569536	0.7272727272727273	0.5218446601941747	0.5045787545787546	0.5118733509234829	0.5514018691588785	0.6807017543859648
simple	0.5052356020942409	0.5864968999980441	0.503957783641161	0.5251256281407035	0.605724823072067	0.5760884145235828	0.5811965811965811	0.5585733470743905	0.5907512258553896	0.5694664001644854	0.5892061396270012	0.5876132930513596	0.5986251180159744	0.6265909703018877	0.5777055934820217	0.5611664295874822	0.5851063829787234	0.5928326548103707	0.5608856088560885	0.5646817248459959	0.5281173594132029	0.5878187484647304	0.5823330695274944	0.5606307012154816	0.5795023977369737	0.5546282245827011	0.5452995175689619	0.5213032581453634	1.0	0.5429690506361691	0.5814210278959555	0.5493562231759657	0.59247991665806	0.5438134809260422	0.6093879727166803	0.5478368474307436	0.5664652567975831
sr	0.5016035920461834	0.5508070896310625	0.5009633911368016	0.5060240963855421	0.5518199433572553	0.6067408057691686	0.5481033534909291	0.6589708363538304	0.5897131277739648	0.6077572206991021	0.5451961341671404	0.5436353529738743	0.5811609713017816	0.5705411556692499	0.5999876413868706	0.5881348698250106	0.557421451787649	0.5439215677362319	0.5306001188354129	0.5223700120918984	0.5082070707070707	0.5994343186860134	0.5926618870994825	0.6345483328775907	0.5871716512325175	0.625	0.8937498476263049	0.5063532401524777	0.5429690506361691	1.0	0.6152684675117808	0.5209617755856967	0.5631989337970883	0.7080616432949774	0.5760535117628205	0.5115987460815047	0.588830255057168
sv	0.503382949932341	0.5874433394972568	0.5020352781546811	0.5132275132275133	0.6264501160092807	0.6041301974081611	0.5726829268292684	0.5852710062188181	0.634398559428588	0.6015895591140586	0.579854663557085	0.5623762376237624	0.6236862461966891	0.633111434270706	0.6138718133911416	0.5761904761904761	0.5895238095238096	0.5826492608891497	0.5538990825688074	0.5437125748502994	0.5163398692810457	0.641249400649523	0.6311157722864381	0.6830773791562775	0.6555658442414712	0.6086956521739131	0.6318507733057548	0.5125827814569536	0.5814210278959555	0.6152684675117808	1.0	0.5337423312883436	0.6374419661529168	0.5889616058201129	0.6108173312140616	0.5242760606730102	0.5777363184079601
te	0.6790697674418605	0.5434173669467787	0.6794258373205742	0.7206477732793523	0.5489749430523918	0.5167785234899329	0.7346938775510203	0.516320474777448	0.5240641711229946	0.5192307692307692	0.5411255411255411	0.7461858529819695	0.530940594059406	0.5385878489326765	0.5223251895534962	0.5206225680933851	0.7322654462242563	0.5460829493087558	0.7244094488188976	0.7506053268765133	0.7058823529411764	0.5232142857142857	0.5250481695568401	0.5294117647058824	0.5402124430955993	0.529004329004329	0.5211180124223602	0.7272727272727273	0.5493562231759657	0.5209617755856967	0.5337423312883436	1.0	0.5433884297520661	0.5152329749103942	0.5310596833130329	0.5431472081218275	0.7062780269058295
tr	0.5050505050505051	0.6155340601947198	0.5038167938931297	0.5230024213075061	0.6458226420593136	0.5661162893434324	0.5796089385474861	0.5569885711384592	0.5848115873702534	0.5705306414488784	0.5947242315887663	0.5714285714285714	0.606356149886105	0.6262612439745386	0.5904947764401032	0.5527777777777778	0.5866141732283464	0.596008582349656	0.5791433891992551	0.5595238095238095	0.5271867612293144	0.5923550952588362	0.5870318928723609	0.6107688200448436	0.6320334990840094	0.5725368502715282	0.5754167421634354	0.5218446601941747	0.59247991665806	0.5631989337970883	0.6374419661529168	0.5433884297520661	1.0	0.5525574984264676	0.5940695986045197	0.5422364268953799	0.5574374079528719
union	0.5011526048870447	0.5357950184493769	0.5006922011998154	0.5048054919908467	0.5408942807422131	0.6672458632793747	0.5461409395973155	0.8340579102489977	0.6166608572258676	0.6693696194858356	0.5388665022354839	0.5424947145877379	0.5873167847621649	0.5733698252563229	0.665707666361568	0.6086939814475144	0.5521523178807947	0.5381440125678225	0.525438596491228	0.5193247445579742	0.5063868613138686	0.6248605833078036	0.6338749955540208	0.6111038634514491	0.5747796224507886	0.6004048726513259	0.7159826133439158	0.5045787545787546	0.5438134809260422	0.7080616432949774	0.5889616058201129	0.5152329749103942	0.5525574984264676	1.0	0.5930036408232495	0.5088810306671295	0.6030814380044021
vi	0.5026954177897575	0.5711900458344215	0.5020297699594046	0.5125164690382081	0.5897139650950255	0.6288185100231537	0.5781710914454278	0.6216202446888259	0.6402429185630495	0.6316473636224126	0.5832317567899045	0.5782520325203252	0.6256306749239077	0.6607557060501125	0.659347193957328	0.5941140404659718	0.5904761904761905	0.58743904861317	0.555045871559633	0.546218487394958	0.5176470588235293	0.6440149142588952	0.6444690663995023	0.5948586799606854	0.6014018884409688	0.5736775818639799	0.584446317390908	0.5118733509234829	0.6093879727166803	0.5760535117628205	0.6108173312140616	0.5310596833130329	0.5940695986045197	0.5930036408232495	1.0	0.5251612903225806	0.5984555984555985
war	0.5176470588235293	0.552985243659975	0.5185185185185185	0.5357142857142857	0.5503158259063771	0.5125413133825084	0.5373443983402489	0.5119181484433868	0.5186092853584457	0.5143277002204262	0.5456790123456791	0.5381165919282511	0.5260469661809715	0.5353743486121451	0.5171667978837393	0.5152979066022544	0.5349264705882353	0.5521798124004483	0.5555555555555556	0.5575221238938053	0.5447154471544715	0.5185112985410891	0.5197928282558757	0.5184101671520776	0.5297311660658781	0.5159574468085106	0.5117728681641746	0.5514018691588785	0.5478368474307436	0.5115987460815047	0.5242760606730102	0.5431472081218275	0.5422364268953799	0.5088810306671295	0.5251612903225806	1.0	0.5167669819432502
zh	0.6698168930891908	0.5434439178515008	0.6690349319123742	0.6822703335283792	0.5551359516616314	0.6234309623430963	0.8061855670103093	0.6282818977429755	0.6172276098117513	0.6249361267245784	0.5644916540212443	0.8010498687664042	0.6001300390117035	0.5879828326180258	0.6206128133704736	0.6286486486486487	0.8289205702647658	0.5623076923076923	0.7466960352422908	0.7320924985899605	0.6884480746791132	0.622478386167147	0.6100998238402819	0.5820076796489303	0.5708529214237743	0.5871413390010627	0.5887809187279152	0.6807017543859648	0.5664652567975831	0.588830255057168	0.5777363184079601	0.7062780269058295	0.5574374079528719	0.6030814380044021	0.5984555984555985	0.5167669819432502	1.0
