arz	bs	ceb	ckb	da	de	el	en	es	fr	he	hi	hu	id	it	ja	ko	lv	mk	ml	mr	nl	pl	pt	ro	ru	sh	si	simple	sr	sv	te	vi	war	zh
arz	1.0	0.0	0.0	0.0	1.0	1.0	1.0	1.0	1.0	1.0	0.0	1.0	1.0	1.0	1.0	1.0	1.0	1.0	0.0	1.0	0.0	1.0	1.0	1.0	1.0	1.0	1.0	0.0	1.0	1.0	1.0	0.0	1.0	0.0	1.0
bs	0.0	1.0	1.0	1.0	1.0	0.585786437626905	1.0	0.585786437626905	1.0	0.585786437626905	1.0	1.0	1.0	1.0	0.585786437626905	1.0	1.0	1.0	1.0	1.0	1.0	1.0	1.0	0.585786437626905	1.0	1.0	1.0	0.0	1.0	1.0	1.0	1.0	1.0	0.0	1.0
ceb	0.0	1.0	1.0	1.0	1.0	1.0	1.0	1.0	1.0	1.0	1.0	1.0	1.0	1.0	1.0	1.0	1.0	1.0	0.0	1.0	0.0	1.0	1.0	1.0	1.0	0.0	1.0	0.0	1.0	1.0	1.0	1.0	1.0	0.0	1.0
ckb	0.0	1.0	1.0	1.0	0.5	0.585786437626905	1.0	0.39564392373896007	1.0	1.0	1.0	1.0	1.0	1.0	0.3266316347104093	1.0	1.0	1.0	1.0	0.0	1.0	1.0	0.585786437626905	1.0	1.0	1.0	0.44948974278317805	1.0	1.0	1.0	0.5	1.0	1.0	0.0	1.0
da	1.0	1.0	1.0	0.5	1.0	0.08528471062909604	0.5	0.11712765442706012	0.08782539579046623	0.08027749737174437	0.3333333333333333	0.39564392373896007	0.37905490691606286	0.16139047779640892	0.11383797350851904	0.14146178098635465	0.12300501428901298	0.5	1.0	1.0	1.0	0.12661325285563418	0.14369484821714137	0.07047645659321697	0.2857142857142857	0.11551750829599614	0.18663665394970594	1.0	0.44948974278317805	0.21712927295533244	0.07825047055829784	0.585786437626905	0.27429188517743175	1.0	0.15225881209433406
de	1.0	0.585786437626905	1.0	0.585786437626905	0.08528471062909604	1.0	0.32449979983983984	0.03945664428078263	0.0518667645960166	0.041337481797072584	0.1784329590736899	0.3333333333333333	0.2113939262657986	0.11881103960983018	0.040536538200356326	0.13727019597372123	0.156234931905558	0.4364916731037085	0.585786437626905	1.0	1.0	0.07075454932939579	0.07283826604297418	0.04669915745867276	0.24913693443350773	0.07729392032885352	0.08805002700437341	1.0	0.2661832955178855	0.1275603242379844	0.1355696025358011	0.5	0.21979723016032493	1.0	0.1274942921283477
el	1.0	1.0	1.0	1.0	0.5	0.32449979983983984	1.0	0.08168082502427558	0.3333333333333333	0.2474401533514073	1.0	1.0	0.353889367864523	0.44948974278317805	0.10159425372763806	0.585786437626905	1.0	1.0	1.0	1.0	1.0	0.5	1.0	0.1924840598000365	0.44948974278317805	1.0	0.2674788903885893	1.0	0.585786437626905	1.0	0.585786437626905	1.0	1.0	1.0	1.0
en	1.0	0.585786437626905	1.0	0.39564392373896007	0.11712765442706012	0.03945664428078263	0.08168082502427558	1.0	0.026285177516849473	0.03713709670738078	0.06424281930999491	0.19636040545626823	0.0698155004780921	0.058538401119257434	0.1261326598659651	0.03784919478551893	0.04934373619734028	0.2857142857142857	0.585786437626905	1.0	0.585786437626905	0.033819089038829006	0.042908956298652066	0.06578694730759083	0.10054730302953702	0.031001023787065124	0.09319793433421289	1.0	0.13701014549562052	0.055449956766115194	0.044699977445857755	0.3430703308172536	0.10126025961408516	1.0	0.04272526247985644
es	1.0	1.0	1.0	1.0	0.08782539579046623	0.0518667645960166	0.3333333333333333	0.026285177516849473	1.0	0.035915815580912856	0.2958163163244893	0.5	0.17681628847615183	0.16105302542173067	0.03331152119994382	0.17100799366294794	0.19117391480835716	0.5	1.0	1.0	1.0	0.08741939919713185	0.08550617750320265	0.03495619629380065	0.24257131419419417	0.08411944267025441	0.08560475501476857	1.0	0.3380788308512194	0.28436465220442186	0.1655219585290672	1.0	0.3333333333333333	1.0	0.1898921977639714
fr	1.0	0.585786437626905	1.0	1.0	0.08027749737174437	0.041337481797072584	0.2474401533514073	0.03713709670738078	0.035915815580912856	1.0	0.16893748062498007	0.44948974278317805	0.14359596899970517	0.12848841608484918	0.03746531238427915	0.08611900873906386	0.10542649822871226	0.5	0.585786437626905	1.0	1.0	0.06063932917846894	0.07701324795626092	0.041723363499746036	0.23016508610011197	0.04657290925607452	0.0731248937080159	1.0	0.28436465220442186	0.13299282904102766	0.1289018337051499	0.39564392373896007	0.3164309725825327	1.0	0.10310703884553472
he	0.0	1.0	1.0	1.0	0.3333333333333333	0.1784329590736899	1.0	0.06424281930999491	0.2958163163244893	0.16893748062498007	1.0	1.0	0.5	0.36602540378443865	0.09386133089932469	1.0	1.0	1.0	1.0	1.0	1.0	0.44948974278317805	0.4142135623730951	0.2012628451930092	0.3483314773547883	1.0	0.1512290518085545	1.0	1.0	1.0	0.32449979983983984	1.0	0.5	1.0	1.0
hi	1.0	1.0	1.0	1.0	0.39564392373896007	0.3333333333333333	1.0	0.19636040545626823	0.5	0.44948974278317805	1.0	1.0	1.0	1.0	0.15990865468516838	1.0	1.0	1.0	1.0	1.0	1.0	0.585786437626905	1.0	0.5	1.0	1.0	0.2402530733520421	1.0	0.5	1.0	0.44948974278317805	1.0	0.585786437626905	0.0	1.0
hu	1.0	1.0	1.0	1.0	0.37905490691606286	0.2113939262657986	0.353889367864523	0.0698155004780921	0.17681628847615183	0.14359596899970517	0.5	1.0	1.0	0.33773018484522777	0.0697723689093019	0.3483314773547883	0.5	1.0	1.0	1.0	1.0	0.2145455080558469	0.2791745113185196	0.18594358782685683	0.28989794855663564	0.3090169943749474	0.2084386554620545	1.0	1.0	0.4142135623730951	0.4142135623730951	0.585786437626905	1.0	1.0	0.39564392373896007
id	1.0	1.0	1.0	1.0	0.16139047779640892	0.11881103960983018	0.44948974278317805	0.058538401119257434	0.16105302542173067	0.12848841608484918	0.36602540378443865	1.0	0.33773018484522777	1.0	0.05758304233129372	0.21393876913398135	0.20799159651347807	0.585786437626905	1.0	1.0	0.585786437626905	0.15958521354744637	0.2003578740528634	0.1153936733131431	0.2466060555964672	0.21393876913398135	0.11994549339466966	1.0	0.585786437626905	0.25355482027512377	0.1948102957023263	0.585786437626905	0.5	1.0	0.26968623182294527
it	1.0	0.585786437626905	1.0	0.3266316347104093	0.11383797350851904	0.040536538200356326	0.10159425372763806	0.1261326598659651	0.03331152119994382	0.03746531238427915	0.09386133089932469	0.15990865468516838	0.0697723689093019	0.05758304233129372	1.0	0.05100595285211168	0.05475544739745738	0.252650308587072	0.585786437626905	0.585786437626905	1.0	0.03989583030595196	0.04643770825847171	0.05099256392227454	0.09646568335802741	0.04201835541662029	0.09332089647629173	1.0	0.14234214647597185	0.06653479321101262	0.055537961934485416	0.4364916731037085	0.1214936015024375	1.0	0.04817685449567618
ja	1.0	1.0	1.0	1.0	0.14146178098635465	0.13727019597372123	0.585786437626905	0.03784919478551893	0.17100799366294794	0.08611900873906386	1.0	1.0	0.3483314773547883	0.21393876913398135	0.05100595285211168	1.0	0.5	1.0	1.0	1.0	1.0	0.24257131419419423	0.38742588672279304	0.0831311716910143	0.27792629762666365	0.585786437626905	0.09926768515423114	1.0	0.44948974278317805	1.0	0.32449979983983984	1.0	0.5	1.0	0.585786437626905
ko	1.0	1.0	1.0	1.0	0.12300501428901298	0.156234931905558	1.0	0.04934373619734028	0.19117391480835716	0.10542649822871226	1.0	1.0	0.5	0.20799159651347807	0.05475544739745738	0.5	1.0	1.0	1.0	1.0	1.0	0.24257131419419417	0.4142135623730951	0.11309410860626547	0.2857142857142857	0.585786437626905	0.1289039920351738	1.0	0.44948974278317805	1.0	0.27429188517743175	1.0	0.5	1.0	1.0
lv	1.0	1.0	1.0	1.0	0.5	0.4364916731037085	1.0	0.2857142857142857	0.5	0.5	1.0	1.0	1.0	0.585786437626905	0.252650308587072	1.0	1.0	1.0	1.0	1.0	1.0	1.0	0.585786437626905	0.39564392373896007	1.0	1.0	0.38742588672279304	1.0	1.0	1.0	0.585786437626905	0.585786437626905	1.0	1.0	1.0
mk	0.0	1.0	0.0	1.0	1.0	0.585786437626905	1.0	0.585786437626905	1.0	0.585786437626905	1.0	1.0	1.0	1.0	0.585786437626905	1.0	1.0	1.0	1.0	1.0	1.0	1.0	1.0	0.585786437626905	1.0	1.0	1.0	1.0	1.0	1.0	1.0	1.0	1.0	0.0	1.0
ml	1.0	1.0	1.0	0.0	1.0	1.0	1.0	1.0	1.0	1.0	1.0	1.0	1.0	1.0	0.585786437626905	1.0	1.0	1.0	1.0	1.0	0.0	1.0	1.0	1.0	1.0	1.0	1.0	1.0	1.0	1.0	1.0	1.0	1.0	0.0	1.0
mr	0.0	1.0	0.0	1.0	1.0	1.0	1.0	0.585786437626905	1.0	1.0	1.0	1.0	1.0	0.585786437626905	1.0	1.0	1.0	1.0	1.0	0.0	1.0	1.0	1.0	1.0	1.0	1.0	1.0	1.0	1.0	1.0	1.0	1.0	1.0	1.0	1.0
nl	1.0	1.0	1.0	1.0	0.12661325285563418	0.07075454932939579	0.5	0.033819089038829006	0.08741939919713185	0.06063932917846894	0.44948974278317805	0.585786437626905	0.2145455080558469	0.15958521354744637	0.03989583030595196	0.24257131419419423	0.24257131419419417	1.0	1.0	1.0	1.0	1.0	0.12957257459365362	0.05982949824699467	0.26321001883858175	0.1652960191502465	0.10610162206139094	1.0	0.5	0.23669181907653403	0.1918905187385462	1.0	0.5	1.0	0.2674788903885893
pl	1.0	1.0	1.0	0.585786437626905	0.14369484821714137	0.07283826604297418	1.0	0.042908956298652066	0.08550617750320265	0.07701324795626092	0.4142135623730951	1.0	0.2791745113185196	0.2003578740528634	0.04643770825847171	0.38742588672279304	0.4142135623730951	0.585786437626905	1.0	1.0	1.0	0.12957257459365362	1.0	0.06830928188969193	0.2632403810669918	0.13215341883161658	0.10739401947212428	1.0	0.44948974278317805	0.2565236958429578	0.1942263582609595	0.585786437626905	0.585786437626905	1.0	0.4142135623730951
pt	1.0	0.585786437626905	1.0	1.0	0.07047645659321697	0.04669915745867276	0.1924840598000365	0.06578694730759083	0.03495619629380065	0.041723363499746036	0.2012628451930092	0.5	0.18594358782685683	0.1153936733131431	0.05099256392227454	0.0831311716910143	0.11309410860626547	0.39564392373896007	0.585786437626905	1.0	1.0	0.05982949824699467	0.06830928188969193	1.0	0.20242054339632723	0.051671522779254526	0.07491391295993176	1.0	0.32881309020609956	0.13957875683699938	0.179128784747792	0.38742588672279304	0.27645058775495046	1.0	0.0890418601493428
ro	1.0	1.0	1.0	1.0	0.2857142857142857	0.24913693443350773	0.44948974278317805	0.10054730302953702	0.24257131419419417	0.23016508610011197	0.3483314773547883	1.0	0.28989794855663564	0.2466060555964672	0.09646568335802741	0.27792629762666365	0.2857142857142857	1.0	1.0	1.0	1.0	0.26321001883858175	0.2632403810669918	0.20242054339632723	1.0	0.27429188517743175	0.21378165702277224	1.0	0.585786437626905	0.31451985913875646	0.3333333333333333	1.0	1.0	1.0	0.2857142857142857
ru	1.0	1.0	0.0	1.0	0.11551750829599614	0.07729392032885352	1.0	0.031001023787065124	0.08411944267025441	0.04657290925607452	1.0	1.0	0.3090169943749474	0.21393876913398135	0.04201835541662029	0.585786437626905	0.585786437626905	1.0	1.0	1.0	1.0	0.1652960191502465	0.13215341883161658	0.051671522779254526	0.27429188517743175	1.0	0.08753248155487238	1.0	0.44948974278317805	1.0	0.28436465220442186	1.0	0.5	1.0	1.0
sh	1.0	1.0	1.0	0.44948974278317805	0.18663665394970594	0.08805002700437341	0.2674788903885893	0.09319793433421289	0.08560475501476857	0.0731248937080159	0.1512290518085545	0.2402530733520421	0.2084386554620545	0.11994549339466966	0.09332089647629173	0.09926768515423114	0.1289039920351738	0.38742588672279304	1.0	1.0	1.0	0.10610162206139094	0.10739401947212428	0.07491391295993176	0.21378165702277224	0.08753248155487238	1.0	1.0	0.34833147735478825	0.09592193939733352	0.18778225087531542	0.12874039567579135	0.24828371682826425	1.0	0.11803350620948265
si	0.0	0.0	0.0	1.0	1.0	1.0	1.0	1.0	1.0	1.0	1.0	1.0	1.0	1.0	1.0	1.0	1.0	1.0	1.0	1.0	1.0	1.0	1.0	1.0	1.0	1.0	1.0	1.0	1.0	1.0	1.0	1.0	1.0	1.0	1.0
simple	1.0	1.0	1.0	1.0	0.44948974278317805	0.2661832955178855	0.585786437626905	0.13701014549562052	0.3380788308512194	0.28436465220442186	1.0	0.5	1.0	0.585786437626905	0.14234214647597185	0.44948974278317805	0.44948974278317805	1.0	1.0	1.0	1.0	0.5	0.44948974278317805	0.32881309020609956	0.585786437626905	0.44948974278317805	0.34833147735478825	1.0	1.0	0.585786437626905	0.4142135623730951	1.0	0.585786437626905	1.0	0.44948974278317805
sr	1.0	1.0	1.0	1.0	0.21712927295533244	0.1275603242379844	1.0	0.055449956766115194	0.28436465220442186	0.13299282904102766	1.0	1.0	0.4142135623730951	0.25355482027512377	0.06653479321101262	1.0	1.0	1.0	1.0	1.0	1.0	0.23669181907653403	0.2565236958429578	0.13957875683699938	0.31451985913875646	1.0	0.09592193939733352	1.0	0.585786437626905	1.0	0.3430703308172536	0.5	0.585786437626905	1.0	1.0
sv	1.0	1.0	1.0	0.5	0.07825047055829784	0.1355696025358011	0.585786437626905	0.044699977445857755	0.1655219585290672	0.1289018337051499	0.32449979983983984	0.44948974278317805	0.4142135623730951	0.1948102957023263	0.055537961934485416	0.32449979983983984	0.27429188517743175	0.585786437626905	1.0	1.0	1.0	0.1918905187385462	0.1942263582609595	0.179128784747792	0.3333333333333333	0.28436465220442186	0.18778225087531542	1.0	0.4142135623730951	0.3430703308172536	1.0	1.0	0.585786437626905	1.0	0.38742588672279304
te	0.0	1.0	1.0	1.0	0.585786437626905	0.5	1.0	0.3430703308172536	1.0	0.39564392373896007	1.0	1.0	0.585786437626905	0.585786437626905	0.4364916731037085	1.0	1.0	0.585786437626905	1.0	1.0	1.0	1.0	0.585786437626905	0.38742588672279304	1.0	1.0	0.12874039567579135	1.0	1.0	0.5	1.0	1.0	1.0	1.0	1.0
vi	1.0	1.0	1.0	1.0	0.27429188517743175	0.21979723016032493	1.0	0.10126025961408516	0.3333333333333333	0.3164309725825327	0.5	0.585786437626905	1.0	0.5	0.1214936015024375	0.5	0.5	1.0	1.0	1.0	1.0	0.5	0.585786437626905	0.27645058775495046	1.0	0.5	0.24828371682826425	1.0	0.585786437626905	0.585786437626905	0.585786437626905	1.0	1.0	1.0	0.5
war	0.0	0.0	0.0	0.0	1.0	1.0	1.0	1.0	1.0	1.0	1.0	0.0	1.0	1.0	1.0	1.0	1.0	1.0	0.0	0.0	1.0	1.0	1.0	1.0	1.0	1.0	1.0	1.0	1.0	1.0	1.0	1.0	1.0	1.0	0.0
zh	1.0	1.0	1.0	1.0	0.15225881209433406	0.1274942921283477	1.0	0.04272526247985644	0.1898921977639714	0.10310703884553472	1.0	1.0	0.39564392373896007	0.26968623182294527	0.04817685449567618	0.585786437626905	1.0	1.0	1.0	1.0	1.0	0.2674788903885893	0.4142135623730951	0.0890418601493428	0.2857142857142857	1.0	0.11803350620948265	1.0	0.44948974278317805	1.0	0.38742588672279304	1.0	0.5	0.0	1.0
