arz	bs	ceb	ckb	da	de	el	en	es	fr	he	hi	hu	id	it	ja	ko	lv	mk	ml	mr	nl	pl	pt	ro	ru	sh	si	simple	sr	sv	te	tr	vi	war	zh
arz	1.0	0.5555555555555556	0.6666666666666666	0.75	0.5416666666666666	0.5078125	0.75	0.5036231884057971	0.5096153846153846	0.5069444444444444	0.6938775510204082	0.7272727272727273	0.5238095238095238	0.5384615384615384	0.5104166666666666	0.6823529411764706	0.6875	0.782608695652174	0.7692307692307692	0.823529411764706	0.9090909090909091	0.5113636363636364	0.5131578947368421	0.5111111111111111	0.5357142857142857	0.6815642458100559	0.5555555555555556	0.7692307692307692	0.5357142857142857	0.5294117647058824	0.515625	1.0	0.5263157894736842	0.72	0.6000000000000001	0.6842105263157894
bs	0.5555555555555556	1.0	0.5068493150684932	0.5002885170225043	0.5014392630972941	0.5888990740677859	0.5226336881813128	0.5645168871091835	0.5407774227785136	0.6469775835902085	0.503695281409892	0.5002885170225043	0.5205520889242392	0.5142335435296169	0.5196229203742634	0.5178969352476536	0.5213412543449245	0.5002885170225043	0.6630392537893509	0.5002885170225043	0.5789473684210527	0.6830589734174473	0.6589239047844335	0.6586361054864579	0.5330457418535232	0.6603110878321141	0.656375799002083	0.5789473684210527	0.5011520737327189	0.672423897291599	0.5185895996405047	0.5555555555555556	0.5777777777777777	0.5353204950534605	0.6000000000000001	0.6079252492443411
ceb	0.6666666666666666	0.5068493150684932	1.0	0.6666666666666666	0.5024154589371981	0.5005688282138794	0.6666666666666666	0.5001778726431875	0.500381679389313	0.5001591849729385	0.670076726342711	0.6726457399103138	0.6696629213483146	0.5023148148148148	0.5007874015748032	0.6697247706422018	0.671304347826087	0.6739130434782609	0.6725663716814159	0.6751592356687898	0.6666666666666666	0.5005025125628141	0.5010989010989011	0.5010330578512396	0.5032258064516129	0.6679764243614931	0.5027027027027027	0.6902654867256638	0.5033557046979865	0.50187265917603	0.5009174311926605	0.6666666666666666	-1.0	0.6728538283062645	0.5185185185185185	0.5013123359580053
ckb	0.75	0.5002885170225043	0.6666666666666666	1.0	0.6666666666666666	0.5006418485237484	0.5031446540880503	0.5009746588693957	0.5	0.5004135649296939	0.5	0.6666666666666666	0.5	0.5	0.5	0.5032679738562091	0.5	0.6666666666666666	0.6671955573185244	0.6666666666666666	0.787878787878788	0.5002932551319648	0.5003013863773357	0.5003035822707954	0.5	0.5002988643156008	0.5003455425017277	0.787878787878788	0.6666666666666666	0.5002898550724637	0.5035460992907801	0.75	0.5833333333333333	0.5	0.5833333333333333	0.5005117707267145
da	0.5416666666666666	0.5014392630972941	0.5024154589371981	0.6666666666666666	1.0	0.5025510204081632	0.5060240963855421	0.5038610038610039	0.5060240963855421	0.5016474464579901	0.5319148936170213	0.75	0.5096774193548387	0.509090909090909	0.510989010989011	0.5126582278481012	0.511904761904762	0.75	0.6682483194938711	0.75	0.56	0.5011695906432748	0.501201923076923	0.5012106537530266	0.5063829787234042	0.50119189511323	0.5010323468685478	0.56	0.782608695652174	0.5011560693641618	0.5102040816326531	0.5416666666666666	0.5576923076923077	0.5074626865671642	0.5769230769230769	0.5020366598778004
de	0.5078125	0.5888990740677859	0.5005688282138794	0.5006418485237484	0.5025510204081632	1.0	0.545764023521062	0.6023347416339296	0.5770294645654306	0.5760718175157596	0.51125	0.5006418485237484	0.541322445943178	0.5294922916296428	0.5433808327737206	0.5434301599215673	0.5455707594721181	0.5006418485237484	0.5886015325670498	0.5006418485237484	0.5116279069767442	0.5889383828306125	0.5926588221247455	0.5939499435453519	0.5649827113861565	0.5850290490730413	0.5735493747594631	0.5116279069767442	0.5025575447570332	0.588941519380444	0.5408372785527654	0.5078125	0.5472972972972973	0.5692611774012493	0.5153846153846153	0.5771995925110972
el	0.75	0.5226336881813128	0.6666666666666666	0.5031446540880503	0.5060240963855421	0.545764023521062	1.0	0.57134895328564	0.5798754970748058	0.5303168835682659	0.5129533678756477	0.5031446540880503	0.6111339752841422	0.5924021283552807	0.5463404297654779	0.572353807559438	0.5975313851672117	0.5031446540880503	0.5224559408754974	0.5031446540880503	0.787878787878788	0.5226479649490118	0.5231313891905044	0.5230512971802614	0.6100621906423294	0.5195172975884883	0.5240358288941462	0.787878787878788	0.503030303030303	0.5226798959296935	0.5680816770087075	0.75	0.5833333333333333	0.5862099803255232	0.5833333333333333	0.5348983397114352
en	0.5036231884057971	0.5645168871091835	0.5001778726431875	0.5009746588693957	0.5038610038610039	0.6023347416339296	0.57134895328564	1.0	0.6105191954215523	0.5794532509623215	0.5187969924812029	0.5009746588693957	0.5699672770545814	0.548394784991793	0.5653291556123579	0.5647968073206912	0.5740327720471216	0.5009746588693957	0.5600408788962697	0.5009746588693957	0.5054151624548736	0.5647935355749699	0.5663090584524434	0.5656953595715444	0.6202175015985099	0.5589121009568498	0.5640796225991254	0.5054151624548736	0.5038759689922481	0.5620618763333685	0.553767287181953	0.5036231884057971	0.5308219178082192	0.6069731737856331	0.5071942446043165	0.580131502039217
es	0.5096153846153846	0.5407774227785136	0.500381679389313	0.5	0.5060240963855421	0.5770294645654306	0.5798754970748058	0.6105191954215523	1.0	0.5558724230045179	0.5184135977337111	0.5015290519877675	0.5889779180936983	0.5682429567429672	0.5678733031674208	0.5779207456474589	0.5947829708524985	0.5015290519877675	0.5415766738660907	0.5015290519877675	0.5142857142857143	0.5416523527805269	0.5446131976917431	0.5440781118710049	0.6238131295452722	0.5372086086938579	0.5433089411122463	0.5142857142857143	0.5060606060606061	0.5403494770984957	0.5643665954730399	0.5096153846153846	0.5564516129032258	0.6235319194287542	0.5188679245283019	0.5643124854014729
fr	0.5069444444444444	0.6469775835902085	0.5001591849729385	0.5004135649296939	0.5016474464579901	0.5760718175157596	0.5303168835682659	0.5794532509623215	0.5558724230045179	1.0	0.5056726094003241	0.5004135649296939	0.5292506594506798	0.5202776980249205	0.5278904045591643	0.5271543849084681	0.5321426390789702	0.5004135649296939	0.6251082251082252	0.5004135649296939	0.5103448275862069	0.6434722690343192	0.6321867556584827	0.6321513563812053	0.548830278570321	0.6257607811974966	0.6517148495179004	0.5103448275862069	0.5016501650165016	0.6312600614770502	0.5262077137354517	0.5069444444444444	0.5460122699386503	0.5464702918497079	0.5136986301369862	0.6426006308669004
he	0.6938775510204082	0.503695281409892	0.670076726342711	0.5	0.5319148936170213	0.51125	0.5129533678756477	0.5187969924812029	0.5184135977337111	0.5056726094003241	1.0	0.5121951219512195	0.5108695652173914	0.5071428571428571	0.54	0.5333333333333333	0.5233160621761658	0.5121951219512195	0.5038078500292912	0.5121951219512195	0.7070707070707071	0.5037550548815714	0.5059594755661502	0.5056988602279544	0.5134099616858238	0.5059101654846336	0.5030467163168585	0.7070707070707071	0.5217391304347826	0.5037320186202753	0.5172413793103449	0.6938775510204082	0.5555555555555556	0.511864406779661	0.5294117647058824	0.5069860279441117
hi	0.7272727272727273	0.5002885170225043	0.6726457399103138	0.6666666666666666	0.75	0.5006418485237484	0.5031446540880503	0.5009746588693957	0.5015290519877675	0.5004135649296939	0.5121951219512195	1.0	0.5033557046979865	0.5048543689320388	0.5028248587570622	0.5032679738562091	0.5030674846625767	1.0	0.6671955573185244	1.0	0.7555555555555555	0.5002932551319648	0.5003013863773357	0.5003035822707954	0.5021834061135371	0.5002988643156008	0.5	0.7555555555555555	0.7692307692307692	0.5002898550724637	0.5035460992907801	0.7272727272727273	0.5714285714285714	0.5019011406844106	0.5625	0.5005117707267145
hu	0.5238095238095238	0.5205520889242392	0.6696629213483146	0.5	0.5096774193548387	0.541322445943178	0.6111339752841422	0.5699672770545814	0.5889779180936983	0.5292506594506798	0.5108695652173914	0.5033557046979865	1.0	0.6295664485454302	0.5595830128420985	0.5852894759733078	0.6773517020737425	0.5033557046979865	0.5202048947068867	0.5033557046979865	0.5348837209302326	0.5212174331474208	0.5214377477099367	0.5208733283441253	0.6599476447967028	0.5181779998497954	0.5226078428031325	0.5348837209302326	0.5064935064935064	0.5201552855834779	0.572961693247876	0.5238095238095238	0.5588235294117647	0.6125234120333236	0.5454545454545455	0.5368367406306782
id	0.5384615384615384	0.5142335435296169	0.5023148148148148	0.5	0.509090909090909	0.5294922916296428	0.5924021283552807	0.548394784991793	0.5682429567429672	0.5202776980249205	0.5071428571428571	0.5048543689320388	0.6295664485454302	1.0	0.5454872329605869	0.5914454179019955	0.6212328494202339	0.5048543689320388	0.5144341801385681	0.5048543689320388	0.5555555555555556	0.5144520753895487	0.5150302320894997	0.5148679413312811	0.59345704993304	0.5129701429587827	0.5162093088683273	0.5555555555555556	0.5140186915887851	0.5143522770613047	0.581230283911672	0.5384615384615384	0.5882352941176471	0.5769129171436118	0.5714285714285714	0.5250597805527332
it	0.5104166666666666	0.5196229203742634	0.5007874015748032	0.5	0.510989010989011	0.5433808327737206	0.5463404297654779	0.5653291556123579	0.5678733031674208	0.5278904045591643	0.54	0.5028248587570622	0.5595830128420985	0.5454872329605869	1.0	0.5815602836879433	0.560982983771927	0.5028248587570622	0.5198879551820729	0.5028248587570622	0.5154639175257733	0.5205095418724219	0.5241450116082802	0.5232624928202182	0.5571015342044218	0.5226244343891403	0.5192189223484907	0.5154639175257733	0.5111111111111111	0.5194304392551984	0.5622775800711745	0.5104166666666666	0.5652173913043479	0.553543077059862	0.5270985631459542	0.532347504621072
ja	0.6823529411764706	0.5178969352476536	0.6697247706422018	0.5032679738562091	0.5126582278481012	0.5434301599215673	0.572353807559438	0.5647968073206912	0.5779207456474589	0.5271543849084681	0.5333333333333333	0.5032679738562091	0.5852894759733078	0.5914454179019955	0.5815602836879433	1.0	0.5886950628379473	0.5032679738562091	0.5180995475113122	0.5032679738562091	0.6900584795321637	0.5178681836862076	0.521914648212226	0.5217643644805572	0.5729976629627377	0.5211428571428571	0.5181582360570688	0.6900584795321637	0.5063291139240506	0.5177018267429523	0.5910931174089069	0.6823529411764706	0.556390977443609	0.565162086018645	0.5172413793103449	0.5325779036827195
ko	0.6875	0.5213412543449245	0.671304347826087	0.5	0.511904761904762	0.5455707594721181	0.5975313851672117	0.5740327720471216	0.5947829708524985	0.5321426390789702	0.5233160621761658	0.5030674846625767	0.6773517020737425	0.6212328494202339	0.560982983771927	0.5886950628379473	1.0	0.5030674846625767	0.5212224108658744	0.5030674846625767	0.6976744186046512	0.5216912506509745	0.5228559792026507	0.5235601820551602	0.6438779467209703	0.518801680114105	0.5244021415077679	0.6976744186046512	0.5059523809523809	0.5211255768013556	0.5689073243071471	0.6875	0.5607476635514019	0.6113480362292352	0.5227272727272727	0.5381857839935071
lv	0.782608695652174	0.5002885170225043	0.6739130434782609	0.6666666666666666	0.75	0.5006418485237484	0.5031446540880503	0.5009746588693957	0.5015290519877675	0.5004135649296939	0.5121951219512195	1.0	0.5033557046979865	0.5048543689320388	0.5028248587570622	0.5032679738562091	0.5030674846625767	1.0	0.6671955573185244	1.0	0.8333333333333334	0.5002932551319648	0.5003013863773357	0.5003035822707954	0.5021834061135371	0.5002988643156008	0.5	0.8333333333333334	0.7692307692307692	0.5002898550724637	0.5035460992907801	0.782608695652174	0.5813953488372093	0.5019011406844106	0.6111111111111112	0.5005117707267145
mk	0.7692307692307692	0.6630392537893509	0.6725663716814159	0.6671955573185244	0.6682483194938711	0.5886015325670498	0.5224559408754974	0.5600408788962697	0.5415766738660907	0.6251082251082252	0.5038078500292912	0.6671955573185244	0.5202048947068867	0.5144341801385681	0.5198879551820729	0.5180995475113122	0.5212224108658744	0.6671955573185244	1.0	0.6671955573185244	0.8148148148148148	0.6635294117647059	0.6573454115793619	0.6578322784810128	0.5311804008908686	0.6582875098193245	0.6440049443757726	0.8148148148148148	0.6687797147385103	0.6630307752239969	0.5188141391106044	0.7692307692307692	0.5909090909090909	0.5352811466372658	0.6000000000000001	0.606392694063927
ml	0.823529411764706	0.5002885170225043	0.6751592356687898	0.6666666666666666	0.75	0.5006418485237484	0.5031446540880503	0.5009746588693957	0.5015290519877675	0.5004135649296939	0.5121951219512195	1.0	0.5033557046979865	0.5048543689320388	0.5028248587570622	0.5032679738562091	0.5030674846625767	1.0	0.6671955573185244	1.0	0.8888888888888888	0.5002932551319648	0.5003013863773357	0.5003035822707954	0.5021834061135371	0.5002988643156008	0.5	0.8888888888888888	0.7692307692307692	0.5002898550724637	0.5035460992907801	0.823529411764706	0.5609756097560976	0.5019011406844106	0.6428571428571428	0.5005117707267145
mr	0.9090909090909091	0.5789473684210527	0.6666666666666666	0.787878787878788	0.56	0.5116279069767442	0.787878787878788	0.5054151624548736	0.5142857142857143	0.5103448275862069	0.7070707070707071	0.7555555555555555	0.5348837209302326	0.5555555555555556	0.5154639175257733	0.6900584795321637	0.6976744186046512	0.8333333333333334	0.8148148148148148	0.8888888888888888	1.0	0.5168539325842697	0.5194805194805194	0.5164835164835164	0.5517241379310345	0.6888888888888889	0.5789473684210527	0.75	0.5517241379310345	0.5428571428571428	0.5230769230769231	0.9090909090909091	0.5384615384615384	0.7450980392156863	0.6363636363636364	0.6928104575163399
nl	0.5113636363636364	0.6830589734174473	0.5005025125628141	0.5002932551319648	0.5011695906432748	0.5889383828306125	0.5226479649490118	0.5647935355749699	0.5416523527805269	0.6434722690343192	0.5037550548815714	0.5002932551319648	0.5212174331474208	0.5144520753895487	0.5205095418724219	0.5178681836862076	0.5216912506509745	0.5002932551319648	0.6635294117647059	0.5002932551319648	0.5168539325842697	1.0	0.6603659118704389	0.6603482620250192	0.5335106730470855	0.6623680698299568	0.6530090264441335	0.5168539325842697	0.5011709601873536	0.6699725439943927	0.5191663188246538	0.5113636363636364	0.5648148148148149	0.5354754798857368	0.5222222222222223	0.6095176713108791
pl	0.5131578947368421	0.6589239047844335	0.5010989010989011	0.5003013863773357	0.501201923076923	0.5926588221247455	0.5231313891905044	0.5663090584524434	0.5446131976917431	0.6321867556584827	0.5059594755661502	0.5003013863773357	0.5214377477099367	0.5150302320894997	0.5241450116082802	0.521914648212226	0.5228559792026507	0.5003013863773357	0.6573454115793619	0.5003013863773357	0.5194805194805194	0.6603659118704389	1.0	0.6648507169449421	0.5326178447397687	0.6593858810763962	0.63999995362546	0.5194805194805194	0.5012033694344163	0.658357046081514	0.5199537304800462	0.5131578947368421	0.5555555555555556	0.5368142151835184	0.5256410256410257	0.6135648649424367
pt	0.5111111111111111	0.6586361054864579	0.5010330578512396	0.5003035822707954	0.5012106537530266	0.5939499435453519	0.5230512971802614	0.5656953595715444	0.5440781118710049	0.6321513563812053	0.5056988602279544	0.5003035822707954	0.5208733283441253	0.5148679413312811	0.5232624928202182	0.5217643644805572	0.5235601820551602	0.5003035822707954	0.6578322784810128	0.5003035822707954	0.5164835164835164	0.6603482620250192	0.6648507169449421	1.0	0.5325032242372558	0.657645593486384	0.6401346371388902	0.5164835164835164	0.5012121212121212	0.6581145479557757	0.5200931857891672	0.5111111111111111	0.5740740740740741	0.5370677364561199	0.5217391304347826	0.61316062628733
ro	0.5357142857142857	0.5330457418535232	0.5032258064516129	0.5	0.5063829787234042	0.5649827113861565	0.6100621906423294	0.6202175015985099	0.6238131295452722	0.548830278570321	0.5134099616858238	0.5021834061135371	0.6599476447967028	0.59345704993304	0.5571015342044218	0.5729976629627377	0.6438779467209703	0.5021834061135371	0.5311804008908686	0.5021834061135371	0.5517241379310345	0.5335106730470855	0.5326178447397687	0.5325032242372558	1.0	0.5254601656136051	0.5374173878171429	0.5517241379310345	0.5064377682403434	0.5321504720218958	0.5632971055181605	0.5357142857142857	0.5961538461538461	0.657794529565902	0.5666666666666667	0.5538444029001407
ru	0.6815642458100559	0.6603110878321141	0.6679764243614931	0.5002988643156008	0.50119189511323	0.5850290490730413	0.5195172975884883	0.5589121009568498	0.5372086086938579	0.6257607811974966	0.5059101654846336	0.5002988643156008	0.5181779998497954	0.5129701429587827	0.5226244343891403	0.5211428571428571	0.518801680114105	0.5002988643156008	0.6582875098193245	0.5002988643156008	0.6888888888888889	0.6623680698299568	0.6593858810763962	0.657645593486384	0.5254601656136051	1.0	0.6405940168143325	0.6888888888888889	0.5011933174224343	0.6593345270974025	0.5198993115939341	0.6815642458100559	0.5539568345323741	0.5296785049519688	0.5163934426229508	0.6062169528321488
sh	0.5555555555555556	0.656375799002083	0.5027027027027027	0.5003455425017277	0.5010323468685478	0.5735493747594631	0.5240358288941462	0.5640796225991254	0.5433089411122463	0.6517148495179004	0.5030467163168585	0.5	0.5226078428031325	0.5162093088683273	0.5192189223484907	0.5181582360570688	0.5244021415077679	0.5	0.6440049443757726	0.5	0.5789473684210527	0.6530090264441335	0.63999995362546	0.6401346371388902	0.5374173878171429	0.6405940168143325	1.0	0.5789473684210527	0.5006887052341598	0.6513695326642662	0.5196592398427261	0.5555555555555556	0.5909090909090909	0.5382950667297521	0.6000000000000001	0.6207260671378133
si	0.7692307692307692	0.5789473684210527	0.6902654867256638	0.787878787878788	0.56	0.5116279069767442	0.787878787878788	0.5054151624548736	0.5142857142857143	0.5103448275862069	0.7070707070707071	0.7555555555555555	0.5348837209302326	0.5555555555555556	0.5154639175257733	0.6900584795321637	0.6976744186046512	0.8333333333333334	0.8148148148148148	0.8888888888888888	0.75	0.5168539325842697	0.5194805194805194	0.5164835164835164	0.5517241379310345	0.6888888888888889	0.5789473684210527	1.0	0.5517241379310345	0.5428571428571428	0.5230769230769231	0.7692307692307692	0.5384615384615384	0.7450980392156863	0.5833333333333333	0.6928104575163399
simple	0.5357142857142857	0.5011520737327189	0.5033557046979865	0.6666666666666666	0.782608695652174	0.5025575447570332	0.503030303030303	0.5038759689922481	0.5060606060606061	0.5016501650165016	0.5217391304347826	0.7692307692307692	0.5064935064935064	0.5140186915887851	0.5111111111111111	0.5063291139240506	0.5059523809523809	0.7692307692307692	0.6687797147385103	0.7692307692307692	0.5517241379310345	0.5011709601873536	0.5012033694344163	0.5012121212121212	0.5064377682403434	0.5011933174224343	0.5006887052341598	0.5517241379310345	1.0	0.5011574074074074	0.5103448275862069	0.5357142857142857	0.5849056603773585	0.5056179775280899	0.5666666666666667	0.5020408163265306
sr	0.5294117647058824	0.672423897291599	0.50187265917603	0.5002898550724637	0.5011560693641618	0.588941519380444	0.5226798959296935	0.5620618763333685	0.5403494770984957	0.6312600614770502	0.5037320186202753	0.5002898550724637	0.5201552855834779	0.5143522770613047	0.5194304392551984	0.5177018267429523	0.5211255768013556	0.5002898550724637	0.6630307752239969	0.5002898550724637	0.5428571428571428	0.6699725439943927	0.658357046081514	0.6581145479557757	0.5321504720218958	0.6593345270974025	0.6513695326642662	0.5428571428571428	0.5011574074074074	1.0	0.5183954972685382	0.5294117647058824	0.5862068965517242	0.5349811763232123	0.5555555555555556	0.6075630982986516
sv	0.515625	0.5185895996405047	0.5009174311926605	0.5035460992907801	0.5102040816326531	0.5408372785527654	0.5680816770087075	0.553767287181953	0.5643665954730399	0.5262077137354517	0.5172413793103449	0.5035460992907801	0.572961693247876	0.581230283911672	0.5622775800711745	0.5910931174089069	0.5689073243071471	0.5035460992907801	0.5188141391106044	0.5035460992907801	0.5230769230769231	0.5191663188246538	0.5199537304800462	0.5200931857891672	0.5632971055181605	0.5198993115939341	0.5196592398427261	0.5230769230769231	0.5103448275862069	0.5183954972685382	1.0	0.515625	0.5764705882352942	0.5570524785910717	0.5303030303030303	0.5302512439213114
te	1.0	0.5555555555555556	0.6666666666666666	0.75	0.5416666666666666	0.5078125	0.75	0.5036231884057971	0.5096153846153846	0.5069444444444444	0.6938775510204082	0.7272727272727273	0.5238095238095238	0.5384615384615384	0.5104166666666666	0.6823529411764706	0.6875	0.782608695652174	0.7692307692307692	0.823529411764706	0.9090909090909091	0.5113636363636364	0.5131578947368421	0.5111111111111111	0.5357142857142857	0.6815642458100559	0.5555555555555556	0.7692307692307692	0.5357142857142857	0.5294117647058824	0.515625	1.0	0.5263157894736842	0.72	0.6000000000000001	0.6842105263157894
tr	0.5263157894736842	0.5777777777777777	-1.0	0.5833333333333333	0.5576923076923077	0.5472972972972973	0.5833333333333333	0.5308219178082192	0.5564516129032258	0.5460122699386503	0.5555555555555556	0.5714285714285714	0.5588235294117647	0.5882352941176471	0.5652173913043479	0.556390977443609	0.5607476635514019	0.5813953488372093	0.5909090909090909	0.5609756097560976	0.5384615384615384	0.5648148148148149	0.5555555555555556	0.5740740740740741	0.5961538461538461	0.5539568345323741	0.5909090909090909	0.5384615384615384	0.5849056603773585	0.5862068965517242	0.5764705882352942	0.5263157894736842	1.0	0.576271186440678	0.55	0.5666666666666667
vi	0.72	0.5353204950534605	0.6728538283062645	0.5	0.5074626865671642	0.5692611774012493	0.5862099803255232	0.6069731737856331	0.6235319194287542	0.5464702918497079	0.511864406779661	0.5019011406844106	0.6125234120333236	0.5769129171436118	0.553543077059862	0.565162086018645	0.6113480362292352	0.5019011406844106	0.5352811466372658	0.5019011406844106	0.7450980392156863	0.5354754798857368	0.5368142151835184	0.5370677364561199	0.657794529565902	0.5296785049519688	0.5382950667297521	0.7450980392156863	0.5056179775280899	0.5349811763232123	0.5570524785910717	0.72	0.576271186440678	1.0	0.5555555555555556	0.5558530085551684
war	0.6000000000000001	0.6000000000000001	0.5185185185185185	0.5833333333333333	0.5769230769230769	0.5153846153846153	0.5833333333333333	0.5071942446043165	0.5188679245283019	0.5136986301369862	0.5294117647058824	0.5625	0.5454545454545455	0.5714285714285714	0.5270985631459542	0.5172413793103449	0.5227272727272727	0.6111111111111112	0.6000000000000001	0.6428571428571428	0.6363636363636364	0.5222222222222223	0.5256410256410257	0.5217391304347826	0.5666666666666667	0.5163934426229508	0.6000000000000001	0.5833333333333333	0.5666666666666667	0.5555555555555556	0.5303030303030303	0.6000000000000001	0.55	0.5555555555555556	1.0	0.5192307692307692
zh	0.6842105263157894	0.6079252492443411	0.5013123359580053	0.5005117707267145	0.5020366598778004	0.5771995925110972	0.5348983397114352	0.580131502039217	0.5643124854014729	0.6426006308669004	0.5069860279441117	0.5005117707267145	0.5368367406306782	0.5250597805527332	0.532347504621072	0.5325779036827195	0.5381857839935071	0.5005117707267145	0.606392694063927	0.5005117707267145	0.6928104575163399	0.6095176713108791	0.6135648649424367	0.61316062628733	0.5538444029001407	0.6062169528321488	0.6207260671378133	0.6928104575163399	0.5020408163265306	0.6075630982986516	0.5302512439213114	0.6842105263157894	0.5666666666666667	0.5558530085551684	0.5192307692307692	1.0
