arz	bs	ceb	ckb	da	de	el	en	es	fr	he	hi	hu	id	it	ja	ko	lv	mk	ml	mr	nl	pl	pt	ro	ru	sh	si	simple	sr	sv	te	tr	vi	war	zh
arz	1.0	1.0	0.125	1.0	1.0	1.0	1.0	1.0	1.0	1.0	1.0	1.0	1.0	1.0	1.0	1.0	1.0	1.0	0.0	1.0	1.0	1.0	1.0	1.0	1.0	1.0	1.0	0.0	1.0	1.0	1.0	1.0	0.5	1.0	1.0	1.0
bs	1.0	0.125046875	0.009682768395459507	0.5	0.25	0.125	0.3333333333333333	0.125	0.125	0.14285714285714285	0.2	0.3333333333333333	0.25	0.2	0.125	0.25	0.25	0.3333333333333333	0.5	1.0	0.5	0.16666666666666666	0.14285714285714285	0.14285714285714285	0.2	0.125	0.16666666666666666	0.0	0.3333333333333333	0.14285714285714285	0.16666666666666666	1.0	0.09091735537190083	0.2	1.0	0.16666666666666666
ceb	0.125	0.009682768395459507	0.009241879409072472	0.008695652173913044	0.009585325808713487	0.009115944163964487	0.00819672131147541	0.008935967022815839	0.00899174484422628	0.008949907790156359	0.008547008547008548	0.008928571428571428	0.00863961085331173	0.009111944173774806	0.009557747801482669	0.00819672131147541	0.00819672131147541	0.009268617033766498	0.008695652173913044	0.008695652173913044	0.008695652173913044	0.00962074204025302	0.009222269745765812	0.008476882080477963	0.009440273579743615	0.00819672131147541	0.008831803661154273	0.03333333333333333	0.009477852227189281	0.008547008547008548	0.009040094595345487	0.01098901098901099	-1.0	0.009096097928870018	0.008696181474480152	0.008262201049276488
ckb	1.0	0.5	0.008695652173913044	0.2	0.5	0.3333333333333333	0.5	0.2	0.3333333333333333	0.3333333333333333	0.5	0.5	0.3333333333333333	0.5	0.3333333333333333	0.3333333333333333	0.3333333333333333	0.5	1.0	1.0	0.5	0.3333333333333333	0.25	0.3333333333333333	0.3333333333333333	0.3333333333333333	0.5	0.0	0.3333333333333333	0.5	0.3333333333333333	1.0	0.3333333333333333	0.3333333333333333	1.0	0.3333333333333333
da	1.0	0.25	0.009585325808713487	0.5	0.0625078125	0.07692307692307693	0.16666666666666666	0.0625	0.07692307692307693	0.06666666666666667	0.125	0.16666666666666666	0.125	0.16666666666666666	0.07692307692307693	0.1	0.14285714285714285	0.2	0.3333333333333333	0.3333333333333333	0.3333333333333333	0.08333333333333333	0.06666666666666667	0.07692307692307693	0.14285714285714285	0.1111111111111111	0.125	1.0	0.14285714285714285	0.1111111111111111	0.1111111111111111	1.0	0.09090909090909091	0.125	1.0	0.1111111111111111
de	1.0	0.125	0.009115944163964487	0.3333333333333333	0.07692307692307693	0.008133718356468372	0.14285714285714285	0.009345794392523364	0.014925373134328358	0.015873015873015872	0.05	0.125	0.07692307692307693	0.07142857142857142	0.015873015873015872	0.02857142857142857	0.05555555555555555	0.2	0.2	0.5	0.3333333333333333	0.02631578947368421	0.01282051282051282	0.016666666666666666	0.0625	0.0196078431372549	0.058823529411764705	1.0	0.07142857142857142	0.038461538461538464	0.03225806451612903	1.0	0.05555555555555555	0.05	1.0	0.03571428571428571
el	1.0	0.3333333333333333	0.00819672131147541	0.5	0.16666666666666666	0.14285714285714285	0.1	0.1	0.125	0.14285714285714285	0.16666666666666666	0.16666666666666666	0.2	0.14285714285714285	0.14285714285714285	0.14285714285714285	0.16666666666666666	0.2	0.5	0.5	0.3333333333333333	0.16666666666666666	0.125	0.14285714285714285	0.2	0.16666666666666666	0.25	1.0	0.2	0.2	0.2	1.0	0.16666666666666666	0.2	1.0	0.16666666666666666
en	1.0	0.125	0.008935967022815839	0.2	0.0625	0.009345794392523364	0.1	0.0027639269734552416	0.008771929824561403	0.009708737864077669	0.043478260869565216	0.1111111111111111	0.07142857142857142	0.0625	0.011494252873563218	0.02127659574468085	0.047619047619047616	0.2	0.2	0.25	0.3333333333333333	0.024390243902439025	0.007633704387856186	0.010752803792345937	0.05263157894736842	0.015625	0.05263157894736842	1.0	0.058823529411764705	0.03225910509885536	0.02702702702702703	0.5	0.05263434903047091	0.041666666666666664	1.0	0.025
es	1.0	0.125	0.00899174484422628	0.3333333333333333	0.07692307692307693	0.014925373134328358	0.125	0.008771929824561403	0.00855102834516853	0.01639344262295082	0.045454545454545456	0.14285714285714285	0.09090909090909091	0.07692307692307693	0.015873015873015872	0.034482758620689655	0.05555555555555555	0.2	0.2	0.25	0.3333333333333333	0.03125	0.013513513513513514	0.016129032258064516	0.0625	0.022222222222222223	0.05555555555555555	1.0	0.07142857142857142	0.038461538461538464	0.03125	0.5	0.05555555555555555	0.05555555555555555	1.0	0.03225806451612903
fr	1.0	0.14285714285714285	0.008949907790156359	0.3333333333333333	0.06666666666666667	0.015873015873015872	0.14285714285714285	0.009708737864077669	0.01639344262295082	0.007938964600655076	0.05555555555555555	0.1111111111111111	0.07692307692307693	0.06666666666666667	0.017241379310344827	0.03333333333333333	0.06666666666666667	0.2	0.25	0.25	0.3333333333333333	0.02702702702702703	0.014492963663095989	0.016393711367911852	0.058823529411764705	0.021739130434782608	0.0625	1.0	0.08333333333333333	0.045454545454545456	0.03125	0.5	0.05263157894736842	0.05263157894736842	1.0	0.034482758620689655
he	1.0	0.2	0.008547008547008548	0.5	0.125	0.05	0.16666666666666666	0.043478260869565216	0.045454545454545456	0.05555555555555555	0.043478260869565216	0.14285714285714285	0.125	0.1111111111111111	0.05263157894736842	0.06666666666666667	0.09090909090909091	0.2	0.3333333333333333	0.5	0.3333333333333333	0.0625	0.05555555555555555	0.05	0.125	0.058823529411764705	0.1111111111111111	1.0	0.09090909090909091	0.08333333333333333	0.07142857142857142	1.0	0.14285714285714285	0.1	1.0	0.07142857142857142
hi	1.0	0.3333333333333333	0.008928571428571428	0.5	0.16666666666666666	0.125	0.16666666666666666	0.1111111111111111	0.14285714285714285	0.1111111111111111	0.14285714285714285	0.1111111111111111	0.2	0.16666666666666666	0.14285714285714285	0.14285714285714285	0.125	0.2	0.5	0.5	0.3333333333333333	0.14285714285714285	0.125	0.125	0.2	0.14285714285714285	0.25	1.0	0.2	0.16666666666666666	0.14285714285714285	1.0	0.14285714285714285	0.14285714285714285	1.0	0.14285714285714285
hu	1.0	0.25	0.00863961085331173	0.3333333333333333	0.125	0.07692307692307693	0.2	0.07142857142857142	0.09090909090909091	0.07692307692307693	0.125	0.2	0.06667111111111111	0.2	0.07692307692307693	0.125	0.14285714285714285	0.2	0.5	0.5	0.3333333333333333	0.09090909090909091	0.08333333333333333	0.07692307692307693	0.125	0.1	0.16666666666666666	1.0	0.1111111111111111	0.16666666666666666	0.125	1.0	0.16666666666666666	0.14285714285714285	1.0	0.1
id	1.0	0.2	0.009111944173774806	0.5	0.16666666666666666	0.07142857142857142	0.14285714285714285	0.0625	0.07692307692307693	0.06666666666666667	0.1111111111111111	0.16666666666666666	0.2	0.058826993083048444	0.09090909090909091	0.125	0.1111111111111111	0.2	0.5	0.5	0.3333333333333333	0.1	0.08333333333333333	0.07142857142857142	0.125	0.08333333333333333	0.16666666666666666	1.0	0.16666666666666666	0.14285714285714285	0.1111111111111111	1.0	0.07143367346938775	0.125	1.0	0.125
it	1.0	0.125	0.009557747801482669	0.3333333333333333	0.07692307692307693	0.015873015873015872	0.14285714285714285	0.011494252873563218	0.015873015873015872	0.017241379310344827	0.05263157894736842	0.14285714285714285	0.07692307692307693	0.09090909090909091	0.010003701100300199	0.03571428571428571	0.0625	0.2	0.2	0.25	0.3333333333333333	0.027777777777777776	0.014705882352941176	0.018518518518518517	0.06666666666666667	0.023255813953488372	0.0625	1.0	0.07142857142857142	0.045454545454545456	0.04	0.5	0.058823529411764705	0.05555555555555555	1.0	0.038461538461538464
ja	1.0	0.25	0.00819672131147541	0.3333333333333333	0.1	0.02857142857142857	0.14285714285714285	0.02127659574468085	0.034482758620689655	0.03333333333333333	0.06666666666666667	0.14285714285714285	0.125	0.125	0.03571428571428571	0.02127659574468085	0.07142857142857142	0.2	0.3333333333333333	0.5	0.3333333333333333	0.05263157894736842	0.02857142857142857	0.03225806451612903	0.1111111111111111	0.03571428571428571	0.125	1.0	0.09090909090909091	0.08333333333333333	0.05555555555555555	1.0	0.06666666666666667	0.07142857142857142	1.0	0.05555555555555555
ko	1.0	0.25	0.00819672131147541	0.3333333333333333	0.14285714285714285	0.05555555555555555	0.16666666666666666	0.047619047619047616	0.05555555555555555	0.06666666666666667	0.09090909090909091	0.125	0.14285714285714285	0.1111111111111111	0.0625	0.07142857142857142	0.047619047619047616	0.2	0.5	0.5	0.3333333333333333	0.07142857142857142	0.06666666666666667	0.05263157894736842	0.125	0.07692307692307693	0.14285714285714285	1.0	0.1111111111111111	0.08333333333333333	0.06666666666666667	1.0	0.09090909090909091	0.1111111111111111	1.0	0.06666666666666667
lv	1.0	0.3333333333333333	0.009268617033766498	0.5	0.2	0.2	0.2	0.2	0.2	0.2	0.2	0.2	0.2	0.2	0.2	0.2	0.2	0.2	1.0	0.5	0.3333333333333333	0.2	0.2	0.2	0.2	0.2	0.25	1.0	0.2	0.25	0.2	1.0	0.14285714285714285	0.2	1.0	0.2
mk	0.0	0.5	0.008695652173913044	1.0	0.3333333333333333	0.2	0.5	0.2	0.2	0.25	0.3333333333333333	0.5	0.5	0.5	0.2	0.3333333333333333	0.5	1.0	0.2	0.0	1.0	0.3333333333333333	0.2	0.25	1.0	0.2	0.3333333333333333	0.0	0.5	0.2	0.3333333333333333	0.0	0.16666666666666666	1.0	0.0	0.3333333333333333
ml	1.0	1.0	0.008695652173913044	1.0	0.3333333333333333	0.5	0.5	0.25	0.25	0.25	0.5	0.5	0.5	0.5	0.25	0.5	0.5	0.5	0.0	0.25	0.5	0.5	0.25	0.3333333333333333	0.5	0.5	0.3333333333333333	1.0	0.3333333333333333	0.3333333333333333	0.3333333333333333	0.5	0.1111111111111111	0.3333333333333333	1.0	0.5
mr	1.0	0.5	0.008695652173913044	0.5	0.3333333333333333	0.3333333333333333	0.3333333333333333	0.3333333333333333	0.3333333333333333	0.3333333333333333	0.3333333333333333	0.3333333333333333	0.3333333333333333	0.3333333333333333	0.3333333333333333	0.3333333333333333	0.3333333333333333	0.3333333333333333	1.0	0.5	0.3333333333333333	0.3333333333333333	0.3333333333333333	0.3333333333333333	0.3333333333333333	0.3333333333333333	0.3333333333333333	1.0	0.3333333333333333	0.3333333333333333	0.3333333333333333	1.0	0.5	0.3333333333333333	1.0	0.3333333333333333
nl	1.0	0.16666666666666666	0.00962074204025302	0.3333333333333333	0.08333333333333333	0.02631578947368421	0.16666666666666666	0.024390243902439025	0.03125	0.02702702702702703	0.0625	0.14285714285714285	0.09090909090909091	0.1	0.027777777777777776	0.05263157894736842	0.07142857142857142	0.2	0.3333333333333333	0.5	0.3333333333333333	0.018876830192954434	0.02857142857142857	0.030303030303030304	0.07142857142857142	0.03333333333333333	0.07692899408284024	1.0	0.08333333333333333	0.058823529411764705	0.047619047619047616	1.0	0.0526398891966759	0.07142857142857142	1.0	0.05
pl	1.0	0.14285714285714285	0.009222269745765812	0.25	0.06666666666666667	0.01282051282051282	0.125	0.007633704387856186	0.013513513513513514	0.014492963663095989	0.05555555555555555	0.125	0.08333333333333333	0.08333333333333333	0.014705882352941176	0.02857142857142857	0.06666666666666667	0.2	0.2	0.25	0.3333333333333333	0.02857142857142857	0.006625237095566335	0.015151515151515152	0.06666666666666667	0.018518518518518517	0.0625	1.0	0.07692307692307693	0.04	0.034482758620689655	0.5	0.05555864197530863	0.05263157894736842	1.0	0.034482758620689655
pt	1.0	0.14285714285714285	0.008476882080477963	0.3333333333333333	0.07692307692307693	0.016666666666666666	0.14285714285714285	0.010752803792345937	0.016129032258064516	0.016393711367911852	0.05	0.125	0.07692307692307693	0.07142857142857142	0.018518518518518517	0.03225806451612903	0.05263157894736842	0.2	0.25	0.3333333333333333	0.3333333333333333	0.030303030303030304	0.015151515151515152	0.010428507285499912	0.07142857142857142	0.02564102564102564	0.07142857142857142	1.0	0.0625	0.045454545454545456	0.034482758620689655	0.5	0.05263157894736842	0.05263157894736842	1.0	0.030303030303030304
ro	1.0	0.2	0.009440273579743615	0.3333333333333333	0.14285714285714285	0.0625	0.2	0.05263157894736842	0.0625	0.058823529411764705	0.125	0.2	0.125	0.125	0.06666666666666667	0.1111111111111111	0.125	0.2	1.0	0.5	0.3333333333333333	0.07142857142857142	0.06666666666666667	0.07142857142857142	0.05000249999999999	0.07142857142857142	0.1111111111111111	1.0	0.14285714285714285	0.1	0.09090909090909091	1.0	0.16666666666666666	0.09090909090909091	1.0	0.1
ru	1.0	0.125	0.00819672131147541	0.3333333333333333	0.1111111111111111	0.0196078431372549	0.16666666666666666	0.015625	0.022222222222222223	0.021739130434782608	0.058823529411764705	0.14285714285714285	0.1	0.08333333333333333	0.023255813953488372	0.03571428571428571	0.07692307692307693	0.2	0.2	0.5	0.3333333333333333	0.03333333333333333	0.018518518518518517	0.02564102564102564	0.07142857142857142	0.013888888888888888	0.07692307692307693	1.0	0.08333333333333333	0.05555555555555555	0.038461538461538464	1.0	0.05263157894736842	0.058823529411764705	1.0	0.047619047619047616
sh	1.0	0.16666666666666666	0.008831803661154273	0.5	0.125	0.058823529411764705	0.25	0.05263157894736842	0.05555555555555555	0.0625	0.1111111111111111	0.25	0.16666666666666666	0.16666666666666666	0.0625	0.125	0.14285714285714285	0.25	0.3333333333333333	0.3333333333333333	0.3333333333333333	0.07692899408284024	0.0625	0.07142857142857142	0.1111111111111111	0.07692307692307693	0.05277044414376564	1.0	0.125	0.052637119113573404	0.07692307692307693	1.0	0.14285714285714285	0.1	1.0	0.1
si	0.0	0.0	0.03333333333333333	0.0	1.0	1.0	1.0	1.0	1.0	1.0	1.0	1.0	1.0	1.0	1.0	1.0	1.0	1.0	0.0	1.0	1.0	1.0	1.0	1.0	1.0	1.0	1.0	1.0	1.0	1.0	1.0	0.0	1.0	1.0	0.0	1.0
simple	1.0	0.3333333333333333	0.009477852227189281	0.3333333333333333	0.14285714285714285	0.07142857142857142	0.2	0.058823529411764705	0.07142857142857142	0.08333333333333333	0.09090909090909091	0.2	0.1111111111111111	0.16666666666666666	0.07142857142857142	0.09090909090909091	0.1111111111111111	0.2	0.5	0.3333333333333333	0.3333333333333333	0.08333333333333333	0.07692307692307693	0.0625	0.14285714285714285	0.08333333333333333	0.125	1.0	0.058830449826989616	0.125	0.09090909090909091	0.5	0.07142857142857142	0.125	1.0	0.09090909090909091
sr	1.0	0.14285714285714285	0.008547008547008548	0.5	0.1111111111111111	0.038461538461538464	0.2	0.03225910509885536	0.038461538461538464	0.045454545454545456	0.08333333333333333	0.16666666666666666	0.16666666666666666	0.14285714285714285	0.045454545454545456	0.08333333333333333	0.08333333333333333	0.25	0.2	0.3333333333333333	0.3333333333333333	0.058823529411764705	0.04	0.045454545454545456	0.1	0.05555555555555555	0.052637119113573404	1.0	0.125	0.032277848084293445	0.05555555555555555	1.0	0.1	0.08333333333333333	1.0	0.0625
sv	1.0	0.16666666666666666	0.009040094595345487	0.3333333333333333	0.1111111111111111	0.03225806451612903	0.2	0.02702702702702703	0.03125	0.03125	0.07142857142857142	0.14285714285714285	0.125	0.1111111111111111	0.04	0.05555555555555555	0.06666666666666667	0.2	0.3333333333333333	0.3333333333333333	0.3333333333333333	0.047619047619047616	0.034482758620689655	0.034482758620689655	0.09090909090909091	0.038461538461538464	0.07692307692307693	1.0	0.09090909090909091	0.05555555555555555	0.026324794322022855	0.5	0.07692307692307693	0.06666666666666667	1.0	0.047619047619047616
te	1.0	1.0	0.01098901098901099	1.0	1.0	1.0	1.0	0.5	0.5	0.5	1.0	1.0	1.0	1.0	0.5	1.0	1.0	1.0	0.0	0.5	1.0	1.0	0.5	0.5	1.0	1.0	1.0	0.0	0.5	1.0	0.5	0.5	0.16666666666666666	1.0	1.0	1.0
tr	0.5	0.09091735537190083	-1.0	0.3333333333333333	0.09090909090909091	0.05555555555555555	0.16666666666666666	0.05263434903047091	0.05555555555555555	0.05263157894736842	0.14285714285714285	0.14285714285714285	0.16666666666666666	0.07143367346938775	0.058823529411764705	0.06666666666666667	0.09090909090909091	0.14285714285714285	0.16666666666666666	0.1111111111111111	0.5	0.0526398891966759	0.05555864197530863	0.05263157894736842	0.16666666666666666	0.05263157894736842	0.14285714285714285	1.0	0.07142857142857142	0.1	0.07692307692307693	0.16666666666666666	0.05004002251251	0.07692307692307693	0.5	0.06666666666666667
vi	1.0	0.2	0.009096097928870018	0.3333333333333333	0.125	0.05	0.2	0.041666666666666664	0.05555555555555555	0.05263157894736842	0.1	0.14285714285714285	0.14285714285714285	0.125	0.05555555555555555	0.07142857142857142	0.1111111111111111	0.2	1.0	0.3333333333333333	0.3333333333333333	0.07142857142857142	0.05263157894736842	0.05263157894736842	0.09090909090909091	0.058823529411764705	0.1	1.0	0.125	0.08333333333333333	0.06666666666666667	1.0	0.07692307692307693	0.041666666666666664	1.0	0.08333333333333333
war	1.0	1.0	0.008696181474480152	1.0	1.0	1.0	1.0	1.0	1.0	1.0	1.0	1.0	1.0	1.0	1.0	1.0	1.0	1.0	0.0	1.0	1.0	1.0	1.0	1.0	1.0	1.0	1.0	0.0	1.0	1.0	1.0	1.0	0.5	1.0	1.0	1.0
zh	1.0	0.16666666666666666	0.008262201049276488	0.3333333333333333	0.1111111111111111	0.03571428571428571	0.16666666666666666	0.025	0.03225806451612903	0.034482758620689655	0.07142857142857142	0.14285714285714285	0.1	0.125	0.038461538461538464	0.05555555555555555	0.06666666666666667	0.2	0.3333333333333333	0.5	0.3333333333333333	0.05	0.034482758620689655	0.030303030303030304	0.1	0.047619047619047616	0.1	1.0	0.09090909090909091	0.0625	0.047619047619047616	1.0	0.06666666666666667	0.08333333333333333	1.0	0.025
