arz	bs	ceb	ckb	da	de	el	en	es	fr	he	hi	hu	id	it	ja	ko	lv	mk	ml	mr	nl	pl	pt	ro	ru	sh	si	simple	sr	sv	te	vi	war	zh
arz	1.0	0.5	1.0	0.585786437626905	0.3483314773547883	0.21329077575943217	0.2120627607896064	0.2112836809049332	0.2120627607896064	0.22023304590612075	0.30193324523786563	0.44948974278317805	0.2300565138164603	0.20554318381808978	0.21329077575943217	0.2097188436578299	0.20377045205461966	0.4142135623730951	0.2097188436578299	0.3483314773547883	0.3973388932813801	0.20852738024331213	0.20686554033110677	0.22111040659731673	0.2087430479469398	0.2143443209150956	0.28989794855663564	1.0	0.25987931522691743	0.21708255210413327	0.28172904669025317	1.0	0.20686554033110677	0.2097188436578299	0.19884868603151637
bs	0.5	1.0	0.30383243470068705	0.585786437626905	0.5	0.585786437626905	0.585786437626905	0.28133685361327354	0.585786437626905	0.3483314773547883	0.19202415803496453	1.0	0.252650308587072	0.3655636559687688	1.0	0.585786437626905	0.32881309020609956	0.40453726661826384	0.585786437626905	0.4364916731037085	0.2791745113185196	0.585786437626905	0.3483314773547883	0.4142135623730951	0.38742588672279304	0.3726822671238253	0.5	1.0	0.2449655295864104	0.3380788308512194	0.2958163163244893	0.585786437626905	0.5	1.0	0.17292505821140117
ceb	1.0	0.30383243470068705	1.0	0.5	0.10759942468753184	0.09529368875085954	0.1918253663634734	0.09902309712614256	0.09372475462602009	0.09475252545650764	0.10767026505296932	0.1306969342206625	0.10683034637296825	0.10932793593401002	0.10303709018399748	0.11560452981526476	0.11638628452596263	0.1306969342206625	0.17904506111747956	0.23551910659284123	0.2573731590444376	0.10391086425137123	0.10385344551940648	0.09740074352668603	0.10619511498077353	0.09568259426440623	0.14928191921211542	0.585786437626905	0.13213029235268894	0.16452387124067794	0.09529368875085954	1.0	0.11783649378142687	0.4625414945524146	0.13426082348944926
ckb	0.585786437626905	0.585786437626905	0.5	1.0	0.5	0.5	0.585786437626905	0.44948974278317805	0.5	0.35388936786452296	0.32037724101704074	0.5	0.35388936786452296	0.4142135623730951	0.5	0.44948974278317805	0.5	0.5	0.5	0.44948974278317805	0.2766967754673749	0.5	0.44948974278317805	0.44948974278317805	0.4142135623730951	0.44948974278317805	0.5	1.0	0.44948974278317805	0.44948974278317805	0.5	0.585786437626905	0.44948974278317805	1.0	0.44948974278317805
da	0.3483314773547883	0.5	0.10759942468753184	0.5	1.0	0.05334951007949438	0.14693862753724435	0.05988482400425468	0.04472203588568211	0.04463662334216163	0.06551687455851835	0.13034871497852632	0.06136852973140325	0.04896276954046861	0.04495991443937579	0.04666535037260073	0.05467973054243598	0.15075601018895973	0.20041808276169437	0.15278212615814146	0.12739363612514185	0.05142185486242511	0.046793332046646166	0.049864486043580736	0.06459906358380718	0.04422481094924335	0.1680743603534397	0.4142135623730951	0.06378265170399246	0.08143332165967075	0.04524373952311471	0.585786437626905	0.06610743249504523	0.44948974278317805	0.06644924109468286
de	0.21329077575943217	0.585786437626905	0.09529368875085954	0.5	0.05334951007949438	1.0	0.21383398577331436	0.048907273696967395	0.028606032476577586	0.041816765804338636	0.052228139497203285	0.11913645423651524	0.05372206886119551	0.04738740927530767	0.033369734593920994	0.034337450973611655	0.04605066328395323	0.26968623182294527	0.14483718151286182	0.082469243253439	0.08547190131064847	0.035968813730261055	0.042148616946664094	0.04255731983874719	0.05188388286535156	0.04114340959233526	0.14319856668565048	0.44948974278317805	0.04778974996526036	0.056523405903691974	0.03580400618429988	0.2791745113185196	0.07941510370404332	0.5	0.05865917536615978
el	0.2120627607896064	0.585786437626905	0.1918253663634734	0.585786437626905	0.14693862753724435	0.21383398577331436	1.0	0.04552795894698244	0.2739335927491396	0.15619689783431503	0.06689356070738224	0.32037724101704074	0.07995573043786612	0.12178632452799958	0.2843646522044218	0.2204812092115424	0.16080467073753243	0.36602540378443865	0.34833147735478825	0.09571247226717033	0.09774803571700075	0.23441237831492112	0.1368790236677886	0.099836642704462	0.20942771453851886	0.17050763999009447	0.31264808514230086	0.585786437626905	0.06481483957038514	0.08645245054236264	0.18368518446174903	0.3660254037844386	0.21393876913398135	0.5	0.056099202640241694
en	0.2112836809049332	0.28133685361327354	0.09902309712614256	0.44948974278317805	0.05988482400425468	0.048907273696967395	0.04552795894698244	1.0	0.017777237721341772	0.04824093046424593	0.07709285406643991	0.0390733387164182	0.07533533946925017	0.04896248865492155	0.024738660144715957	0.023859970253259588	0.04530933599250808	0.13459271180193821	0.08902504193605656	0.07655487507876393	0.07881389235191137	0.027320903713256836	0.061747775758756486	0.04751346404049919	0.04395098160809733	0.04309066858426011	0.06408286734206474	0.28989794855663564	0.07794867351685449	0.06945409437610174	0.029182499073470137	0.12961169355607297	0.04129795313425621	0.32419763955231984	0.07885596060437967
es	0.2120627607896064	0.585786437626905	0.09372475462602009	0.5	0.04472203588568211	0.028606032476577586	0.2739335927491396	0.017777237721341772	1.0	0.021461450204332252	0.03552764796291761	0.2240092377397959	0.040123829140105385	0.034270260468437695	0.06939550581854696	0.07378681827069601	0.03406623684874926	0.32881309020609956	0.2402530733520421	0.09516313210157375	0.08005838391882787	0.052065527443087165	0.03565285330947147	0.027600314851095393	0.0572293018351319	0.023625094697267153	0.1794799889580394	0.5	0.03609853922279256	0.04760175182923319	0.05111855205699835	0.2891652923756212	0.1061515171975421	0.5	0.024250039985434648
fr	0.22023304590612075	0.3483314773547883	0.09475252545650764	0.35388936786452296	0.04463662334216163	0.041816765804338636	0.15619689783431503	0.04824093046424593	0.021461450204332252	1.0	0.0444408613812238	0.10048484617427303	0.042771970576561846	0.035761715737456325	0.0294863811424279	0.030658642829435503	0.035573086152976066	0.2193450929151803	0.16875803642951856	0.07184875183114361	0.06701293660262025	0.03733930881879449	0.037774706574088	0.039455444624412236	0.053725589851955316	0.03448300828767745	0.12671587202874066	0.30216947925196225	0.04797420917481863	0.05126798999190576	0.039777706412311695	0.18535363908389302	0.07792622754324358	0.3483314773547883	0.049442100671452216
he	0.30193324523786563	0.19202415803496453	0.10767026505296932	0.32037724101704074	0.06551687455851835	0.052228139497203285	0.06689356070738224	0.07709285406643991	0.03552764796291761	0.0444408613812238	1.0	0.0669229909578674	0.0750767592500527	0.05077490301920081	0.03797422444717424	0.04033489821567224	0.046922620064565115	0.09337280172287399	0.16689866385884233	0.13603240443150433	0.1338932172407784	0.042408739564195025	0.04870499981627877	0.04582223626951186	0.054650840158842376	0.045113911973748005	0.07992374919479373	0.35388936786452296	0.14714141856113144	0.0782854488784891	0.04412440282404198	0.36537630432787827	0.05017880574416583	0.32037724101704074	0.08974097159580238
hi	0.44948974278317805	1.0	0.1306969342206625	0.5	0.13034871497852632	0.11913645423651524	0.32037724101704074	0.0390733387164182	0.2240092377397959	0.10048484617427303	0.0669229909578674	1.0	0.0920368753672261	0.09385964659416884	0.19442892566301143	0.16507106312533584	0.13341368662053776	0.32037724101704074	0.2612038749637414	0.09155912213316666	0.061487232713015	0.2056677898504543	0.16807282579430868	0.20894541729001367	0.14792703226311402	0.11694450353731645	0.2632403810669918	0.5	0.059356469030690424	0.10586278355152678	0.13317408957767457	0.161854992430337	0.24336073281110826	0.5	0.060519632232886235
hu	0.2300565138164603	0.252650308587072	0.10683034637296825	0.35388936786452296	0.06136852973140325	0.05372206886119551	0.07995573043786612	0.07533533946925017	0.040123829140105385	0.042771970576561846	0.0750767592500527	0.0920368753672261	1.0	0.055060539506001566	0.04654346053556286	0.04923862982563833	0.05260124640424994	0.10547870595506591	0.12834815681811146	0.14447345051468333	0.11766818993298299	0.046746547681408124	0.04773901510353727	0.04615612529852423	0.05230984413789457	0.04450311164430416	0.08312740566990813	0.26968623182294527	0.15791365137618787	0.10075017636608521	0.049860202271457627	0.5	0.06347164060858633	0.22947018234477365	0.10738354223047461
id	0.20554318381808978	0.3655636559687688	0.10932793593401002	0.4142135623730951	0.04896276954046861	0.04738740927530767	0.12178632452799958	0.04896248865492155	0.034270260468437695	0.035761715737456325	0.05077490301920081	0.09385964659416884	0.055060539506001566	1.0	0.038789326793850894	0.039835367977558676	0.04427413546574486	0.18353911380360177	0.18088342338175895	0.08999436506628826	0.08515492132847641	0.04595739638296918	0.05094600631458565	0.044917517161758125	0.0572863761344714	0.04504368668083481	0.15304386062059078	0.4142135623730951	0.049253771207480035	0.06486034914542668	0.03974391244582603	0.34833147735478825	0.06405285817434801	0.585786437626905	0.04553905695543224
it	0.21329077575943217	1.0	0.10303709018399748	0.5	0.04495991443937579	0.033369734593920994	0.2843646522044218	0.024738660144715957	0.06939550581854696	0.0294863811424279	0.03797422444717424	0.19442892566301143	0.04654346053556286	0.038789326793850894	1.0	0.052423102343489826	0.0396923838962986	0.31264808514230086	0.20075374162668772	0.08204884190632356	0.08619287813787124	0.07317025768085837	0.03265500185673671	0.03290703854829343	0.058480208369599954	0.02746001137009214	0.18905299528192201	0.3797958971132712	0.0412430197527765	0.048489954878118934	0.03048181324495058	0.2857142857142857	0.10215195904699985	0.5	0.029330949865064997
ja	0.2097188436578299	0.585786437626905	0.11560452981526476	0.44948974278317805	0.04666535037260073	0.034337450973611655	0.2204812092115424	0.023859970253259588	0.07378681827069601	0.030658642829435503	0.04033489821567224	0.16507106312533584	0.04923862982563833	0.039835367977558676	0.052423102343489826	1.0	0.0357140326077705	0.23582845781094	0.21290885543182675	0.08273517405735639	0.08112689940359581	0.0681601784025664	0.04568635087863927	0.04388135025935368	0.06943369103199594	0.03501681463331202	0.20457632640175302	0.35388936786452296	0.03935097401946157	0.05246499648678277	0.04052019373692498	0.26968623182294527	0.0822113941196965	0.5	0.029254591355424703
ko	0.20377045205461966	0.32881309020609956	0.11638628452596263	0.5	0.05467973054243598	0.04605066328395323	0.16080467073753243	0.04530933599250808	0.03406623684874926	0.035573086152976066	0.046922620064565115	0.13341368662053776	0.05260124640424994	0.04427413546574486	0.0396923838962986	0.0357140326077705	1.0	0.16952084719853724	0.1946234160699306	0.10920070742697821	0.10703437353787258	0.061421903769609994	0.05353235367930559	0.04720863298638749	0.06970381228995116	0.03954876575434224	0.1765633506768389	0.38742588672279304	0.04763396671060522	0.07471116086055053	0.042430663484282996	0.44948974278317805	0.06745860283547923	0.3483314773547883	0.051567559928776215
lv	0.4142135623730951	0.40453726661826384	0.1306969342206625	0.5	0.15075601018895973	0.26968623182294527	0.36602540378443865	0.13459271180193821	0.32881309020609956	0.2193450929151803	0.09337280172287399	0.32037724101704074	0.10547870595506591	0.18353911380360177	0.31264808514230086	0.23582845781094	0.16952084719853724	1.0	0.2612038749637414	0.20521309615767264	0.1793792029926192	0.3164309725825328	0.2031250433972617	0.1951941016011038	0.19793939922796286	0.23441237831492112	0.23441237831492112	0.4364916731037085	0.09350907980896543	0.09174199775032936	0.26968623182294527	0.585786437626905	0.24660605559646726	0.5	0.07696895892285299
mk	0.2097188436578299	0.585786437626905	0.17904506111747956	0.5	0.20041808276169437	0.14483718151286182	0.34833147735478825	0.08902504193605656	0.2402530733520421	0.16875803642951856	0.16689866385884233	0.2612038749637414	0.12834815681811146	0.18088342338175895	0.20075374162668772	0.21290885543182675	0.1946234160699306	0.2612038749637414	1.0	0.2588283628687876	0.20784829892961953	0.1833061958650611	0.18400240527946554	0.19440654804975302	0.1522339066245731	0.20168959288722538	0.23441237831492112	1.0	0.10385257862933277	0.10676775788780966	0.23302402810392372	0.585786437626905	0.21290885543182675	0.4142135623730951	0.08267258859188407
ml	0.3483314773547883	0.4364916731037085	0.23551910659284123	0.44948974278317805	0.15278212615814146	0.082469243253439	0.09571247226717033	0.07655487507876393	0.09516313210157375	0.07184875183114361	0.13603240443150433	0.09155912213316666	0.14447345051468333	0.08999436506628826	0.08204884190632356	0.08273517405735639	0.10920070742697821	0.20521309615767264	0.2588283628687876	1.0	0.127240016589793	0.12135957610498659	0.09014282762474908	0.12882259740760835	0.10081614787898419	0.07259028308689014	0.40453726661826384	0.36602540378443865	0.11084698548556668	0.16383599349001587	0.08906533735759344	0.12705814676492705	0.19908069705940784	0.585786437626905	0.11337908453297532
mr	0.3973388932813801	0.2791745113185196	0.2573731590444376	0.2766967754673749	0.12739363612514185	0.08547190131064847	0.09774803571700075	0.07881389235191137	0.08005838391882787	0.06701293660262025	0.1338932172407784	0.061487232713015	0.11766818993298299	0.08515492132847641	0.08619287813787124	0.08112689940359581	0.10703437353787258	0.1793792029926192	0.20784829892961953	0.127240016589793	1.0	0.1040720919176402	0.09715638941015062	0.09486519897603501	0.11294819831725669	0.06678471663198232	0.18428275729702565	0.2553967929896867	0.14400059327363854	0.14037601801165825	0.07987256172841317	0.09275094060235226	0.15954492995986427	0.2857142857142857	0.13732078850495222
nl	0.20852738024331213	0.585786437626905	0.10391086425137123	0.5	0.05142185486242511	0.035968813730261055	0.23441237831492112	0.027320903713256836	0.052065527443087165	0.03733930881879449	0.042408739564195025	0.2056677898504543	0.046746547681408124	0.04595739638296918	0.07317025768085837	0.0681601784025664	0.061421903769609994	0.3164309725825328	0.1833061958650611	0.12135957610498659	0.1040720919176402	1.0	0.04835813961267942	0.04685971537468908	0.08940411700176543	0.03689065694042449	0.1302742254502711	0.5	0.0451890738559728	0.0551471795197567	0.05656739490552877	0.585786437626905	0.10333983013973097	0.44948974278317805	0.035548642002115195
pl	0.20686554033110677	0.3483314773547883	0.10385344551940648	0.44948974278317805	0.046793332046646166	0.042148616946664094	0.1368790236677886	0.061747775758756486	0.03565285330947147	0.037774706574088	0.04870499981627877	0.16807282579430868	0.04773901510353727	0.05094600631458565	0.03265500185673671	0.04568635087863927	0.05353235367930559	0.2031250433972617	0.18400240527946554	0.09014282762474908	0.09715638941015062	0.04835813961267942	1.0	0.0481129483041346	0.05095576738321442	0.039184173071768726	0.149811659937599	0.3660254037844386	0.04851781909110244	0.058162044235370504	0.0370320965901471	0.44948974278317805	0.08221566408937854	0.585786437626905	0.03925675822516213
pt	0.22111040659731673	0.4142135623730951	0.09740074352668603	0.44948974278317805	0.049864486043580736	0.04255731983874719	0.099836642704462	0.04751346404049919	0.027600314851095393	0.039455444624412236	0.04582223626951186	0.20894541729001367	0.04615612529852423	0.044917517161758125	0.03290703854829343	0.04388135025935368	0.04720863298638749	0.1951941016011038	0.19440654804975302	0.12882259740760835	0.09486519897603501	0.04685971537468908	0.0481129483041346	1.0	0.056716522545431095	0.03476303995316344	0.13337318065354328	0.4142135623730951	0.04878776194735691	0.05389515494094577	0.04470999762747226	0.3288130902060995	0.08729376741752012	0.27792629762666365	0.05494230447110879
ro	0.2087430479469398	0.38742588672279304	0.10619511498077353	0.4142135623730951	0.06459906358380718	0.05188388286535156	0.20942771453851886	0.04395098160809733	0.0572293018351319	0.053725589851955316	0.054650840158842376	0.14792703226311402	0.05230984413789457	0.0572863761344714	0.058480208369599954	0.06943369103199594	0.06970381228995116	0.19793939922796286	0.1522339066245731	0.10081614787898419	0.11294819831725669	0.08940411700176543	0.05095576738321442	0.056716522545431095	1.0	0.04357640841316675	0.1920638242883536	0.44948974278317805	0.06485446503792032	0.06018826320803427	0.0606225397797896	0.4142135623730951	0.07513878420001936	0.31451985913875646	0.055037722437325416
ru	0.2143443209150956	0.3726822671238253	0.09568259426440623	0.44948974278317805	0.04422481094924335	0.04114340959233526	0.17050763999009447	0.04309066858426011	0.023625094697267153	0.03448300828767745	0.045113911973748005	0.11694450353731645	0.04450311164430416	0.04504368668083481	0.02746001137009214	0.03501681463331202	0.03954876575434224	0.23441237831492112	0.20168959288722538	0.07259028308689014	0.06678471663198232	0.03689065694042449	0.039184173071768726	0.03476303995316344	0.04357640841316675	1.0	0.16252694921763686	0.4142135623730951	0.039303496868227525	0.0480607572672437	0.031016225505503692	0.3203772410170407	0.067263605448852	0.5	0.038603179893404
sh	0.28989794855663564	0.5	0.14928191921211542	0.5	0.1680743603534397	0.14319856668565048	0.31264808514230086	0.06408286734206474	0.1794799889580394	0.12671587202874066	0.07992374919479373	0.2632403810669918	0.08312740566990813	0.15304386062059078	0.18905299528192201	0.20457632640175302	0.1765633506768389	0.23441237831492112	0.23441237831492112	0.40453726661826384	0.18428275729702565	0.1302742254502711	0.149811659937599	0.13337318065354328	0.1920638242883536	0.16252694921763686	1.0	0.44948974278317805	0.07951113307509312	0.06838942772925356	0.17908690718739584	0.585786437626905	0.1951941016011038	0.44948974278317805	0.06470405265735325
si	1.0	1.0	0.585786437626905	1.0	0.4142135623730951	0.44948974278317805	0.585786437626905	0.28989794855663564	0.5	0.30216947925196225	0.35388936786452296	0.5	0.26968623182294527	0.4142135623730951	0.3797958971132712	0.35388936786452296	0.38742588672279304	0.4364916731037085	1.0	0.36602540378443865	0.2553967929896867	0.5	0.3660254037844386	0.4142135623730951	0.44948974278317805	0.4142135623730951	0.44948974278317805	1.0	0.4364916731037085	0.3797958971132712	0.4142135623730951	1.0	0.5	1.0	0.18849289668367109
simple	0.25987931522691743	0.2449655295864104	0.13213029235268894	0.44948974278317805	0.06378265170399246	0.04778974996526036	0.06481483957038514	0.07794867351685449	0.03609853922279256	0.04797420917481863	0.14714141856113144	0.059356469030690424	0.15791365137618787	0.049253771207480035	0.0412430197527765	0.03935097401946157	0.04763396671060522	0.09350907980896543	0.10385257862933277	0.11084698548556668	0.14400059327363854	0.0451890738559728	0.04851781909110244	0.04878776194735691	0.06485446503792032	0.039303496868227525	0.07951113307509312	0.4364916731037085	1.0	0.08694644510678803	0.040942559818118986	0.23582845781094	0.05372678714770825	0.21239994067041815	0.17046236731098885
sr	0.21708255210413327	0.3380788308512194	0.16452387124067794	0.44948974278317805	0.08143332165967075	0.056523405903691974	0.08645245054236264	0.06945409437610174	0.04760175182923319	0.05126798999190576	0.0782854488784891	0.10586278355152678	0.10075017636608521	0.06486034914542668	0.048489954878118934	0.05246499648678277	0.07471116086055053	0.09174199775032936	0.10676775788780966	0.16383599349001587	0.14037601801165825	0.0551471795197567	0.058162044235370504	0.05389515494094577	0.06018826320803427	0.0480607572672437	0.06838942772925356	0.3797958971132712	0.08694644510678803	1.0	0.061127859015453236	0.34833147735478825	0.0664465986546492	0.2989350844248255	0.11394014943500402
sv	0.28172904669025317	0.2958163163244893	0.09529368875085954	0.5	0.04524373952311471	0.03580400618429988	0.18368518446174903	0.029182499073470137	0.05111855205699835	0.039777706412311695	0.04412440282404198	0.13317408957767457	0.049860202271457627	0.03974391244582603	0.03048181324495058	0.04052019373692498	0.042430663484282996	0.26968623182294527	0.23302402810392372	0.08906533735759344	0.07987256172841317	0.05656739490552877	0.0370320965901471	0.04470999762747226	0.0606225397797896	0.031016225505503692	0.17908690718739584	0.4142135623730951	0.040942559818118986	0.061127859015453236	1.0	0.38742588672279304	0.11153242604176514	0.585786437626905	0.03632060722494432
te	1.0	0.585786437626905	1.0	0.585786437626905	0.585786437626905	0.2791745113185196	0.3660254037844386	0.12961169355607297	0.2891652923756212	0.18535363908389302	0.36537630432787827	0.161854992430337	0.5	0.34833147735478825	0.2857142857142857	0.26968623182294527	0.44948974278317805	0.585786437626905	0.585786437626905	0.12705814676492705	0.09275094060235226	0.585786437626905	0.44948974278317805	0.3288130902060995	0.4142135623730951	0.3203772410170407	0.585786437626905	1.0	0.23582845781094	0.34833147735478825	0.38742588672279304	1.0	0.5	0.585786437626905	0.3019332452378656
vi	0.20686554033110677	0.5	0.11783649378142687	0.44948974278317805	0.06610743249504523	0.07941510370404332	0.21393876913398135	0.04129795313425621	0.1061515171975421	0.07792622754324358	0.05017880574416583	0.24336073281110826	0.06347164060858633	0.06405285817434801	0.10215195904699985	0.0822113941196965	0.06745860283547923	0.24660605559646726	0.21290885543182675	0.19908069705940784	0.15954492995986427	0.10333983013973097	0.08221566408937854	0.08729376741752012	0.07513878420001936	0.067263605448852	0.1951941016011038	0.5	0.05372678714770825	0.0664465986546492	0.11153242604176514	0.5	1.0	0.585786437626905	0.04284500002855396
war	0.2097188436578299	1.0	0.4625414945524146	1.0	0.44948974278317805	0.5	0.5	0.32419763955231984	0.5	0.3483314773547883	0.32037724101704074	0.5	0.22947018234477365	0.585786437626905	0.5	0.5	0.3483314773547883	0.5	0.4142135623730951	0.585786437626905	0.2857142857142857	0.44948974278317805	0.585786437626905	0.27792629762666365	0.31451985913875646	0.5	0.44948974278317805	1.0	0.21239994067041815	0.2989350844248255	0.585786437626905	0.585786437626905	0.585786437626905	1.0	0.17726182700482315
zh	0.19884868603151637	0.17292505821140117	0.13426082348944926	0.44948974278317805	0.06644924109468286	0.05865917536615978	0.056099202640241694	0.07885596060437967	0.024250039985434648	0.049442100671452216	0.08974097159580238	0.060519632232886235	0.10738354223047461	0.04553905695543224	0.029330949865064997	0.029254591355424703	0.051567559928776215	0.07696895892285299	0.08267258859188407	0.11337908453297532	0.13732078850495222	0.035548642002115195	0.03925675822516213	0.05494230447110879	0.055037722437325416	0.038603179893404	0.06470405265735325	0.18849289668367109	0.17046236731098885	0.11394014943500402	0.03632060722494432	0.3019332452378656	0.04284500002855396	0.17726182700482315	1.0
