arz	bs	ceb	ckb	da	de	el	en	es	fr	he	hi	hu	id	it	ja	ko	lv	mk	ml	mr	nl	pl	pt	ro	ru	sh	si	simple	sr	sv	te	tr	vi	war	zh
arz	1.0	0.0	0.0	0.0	1.0	1.0	1.0	1.0	1.0	1.0	1.0	0.0	1.0	1.0	1.0	1.0	1.0	1.0	1.0	1.0	0.0	1.0	1.0	1.0	1.0	1.0	0.0	0.0	1.0	1.0	1.0	1.0	1.0	1.0	1.0	1.0
bs	0.0	1.0	1.0	1.0	1.0	1.0	1.0	0.39564392373896007	1.0	0.5	1.0	1.0	1.0	1.0	0.5	0.585786437626905	1.0	1.0	1.0	1.0	0.0	1.0	0.585786437626905	1.0	1.0	1.0	1.0	1.0	1.0	1.0	1.0	0.0	0.585786437626905	1.0	0.0	0.5
ceb	0.0	1.0	1.0	1.0	1.0	1.0	1.0	1.0	1.0	1.0	1.0	1.0	1.0	1.0	1.0	1.0	1.0	1.0	1.0	1.0	0.0	1.0	1.0	1.0	1.0	1.0	1.0	1.0	1.0	1.0	1.0	0.0	1.0	1.0	1.0	1.0
ckb	0.0	1.0	1.0	1.0	1.0	1.0	1.0	1.0	1.0	1.0	1.0	1.0	1.0	1.0	1.0	1.0	1.0	1.0	1.0	1.0	0.0	1.0	1.0	1.0	1.0	1.0	1.0	1.0	1.0	1.0	1.0	1.0	1.0	1.0	0.0	1.0
da	1.0	1.0	1.0	1.0	1.0	0.22742752658149315	0.44948974278317805	0.16715291240972263	0.3782222635030162	0.28708594921778513	0.44948974278317805	0.5	0.44948974278317805	0.38742588672279304	0.19029392824019403	0.3534797987848214	0.44948974278317805	1.0	0.5	1.0	1.0	0.34833147735478825	0.4955914823802616	0.31615407452837835	0.585786437626905	0.3333333333333333	0.585786437626905	0.585786437626905	0.4142135623730951	1.0	0.4142135623730951	1.0	0.34833147735478825	0.38742588672279304	1.0	0.31615407452837835
de	1.0	1.0	1.0	1.0	0.22742752658149315	1.0	0.2989350844248255	0.1611263688753513	0.3210869232809098	0.19002352511795909	0.27792629762666365	0.4364916731037085	0.21625192352272835	0.23134246468406053	0.21802919086456704	0.20339443177988076	0.21209649407822986	0.5	0.28989794855663564	0.5	0.585786437626905	0.23350907508846463	0.2192921976158719	0.22314192885115566	0.30332513906922604	0.2474401533514073	0.4364916731037085	1.0	0.3139485079232126	0.5	0.2106885056328565	1.0	0.22228813266755304	0.21372058295648305	1.0	0.2552356633559262
el	1.0	1.0	1.0	1.0	0.44948974278317805	0.2989350844248255	1.0	0.1886378647726465	0.3430703308172536	0.3164309725825328	1.0	1.0	0.44948974278317805	0.585786437626905	0.2020331186045411	0.36602540378443865	1.0	1.0	0.44948974278317805	1.0	1.0	0.5	0.36602540378443865	0.36602540378443865	0.5	0.38742588672279304	1.0	1.0	0.585786437626905	1.0	0.5	1.0	0.44948974278317805	0.585786437626905	1.0	0.32449979983983984
en	1.0	0.39564392373896007	1.0	1.0	0.16715291240972263	0.1611263688753513	0.1886378647726465	1.0	0.19458344897885724	0.16087239560032557	0.1827439976315568	0.23800671553691075	0.172946987730773	0.16064285363659409	0.24120987383402628	0.15948058585076444	0.15776505912784203	0.25728427444747215	0.2837898913739404	0.25	0.5	0.15753012438120972	0.17561516429690474	0.15019175608681704	0.19496117573727967	0.1764790060243693	0.3430703308172536	0.5	0.1845447776214312	0.25728427444747215	0.15012046400181198	0.585786437626905	0.16793042293012775	0.16583854476169366	1.0	0.19724881180824919
es	1.0	1.0	1.0	1.0	0.3782222635030162	0.3210869232809098	0.3430703308172536	0.19458344897885724	1.0	0.24660605559646726	0.3164309725825328	0.39564392373896	0.37169956610399096	0.30552726787943424	0.2261431396264969	0.28436465220442186	0.3164309725825328	0.585786437626905	0.37169956610399096	0.585786437626905	1.0	0.2958163163244893	0.3797958971132712	0.2791745113185196	0.3944245849395553	0.2592192604530755	0.5	0.585786437626905	0.30552726787943424	0.585786437626905	0.3200881994536449	1.0	0.30552726787943424	0.30552726787943424	1.0	0.26533119314590375
fr	1.0	0.5	1.0	1.0	0.28708594921778513	0.19002352511795909	0.3164309725825328	0.16087239560032557	0.24660605559646726	1.0	0.3164309725825328	0.3430703308172536	0.2987074021818656	0.32008819945364486	0.18770803083737306	0.30660739616271576	0.3164309725825328	0.35388936786452296	0.44948974278317805	0.353889367864523	1.0	0.28398103971200106	0.26533119314590375	0.25000000000000006	0.2958163163244893	0.3121176067299382	0.44948974278317805	1.0	0.3240749299922019	0.35388936786452296	0.25921926045307553	1.0	0.2987074021818656	0.3200881994536449	1.0	0.3845184814437565
he	1.0	1.0	1.0	1.0	0.44948974278317805	0.27792629762666365	1.0	0.1827439976315568	0.3164309725825328	0.3164309725825328	1.0	1.0	0.44948974278317805	0.585786437626905	0.203075234310397	0.36602540378443865	1.0	1.0	0.44948974278317805	1.0	1.0	0.5	0.36602540378443865	0.36602540378443865	0.5	0.4142135623730951	1.0	1.0	0.585786437626905	1.0	0.585786437626905	1.0	0.44948974278317805	0.585786437626905	1.0	0.32449979983983984
hi	0.0	1.0	1.0	1.0	0.5	0.4364916731037085	1.0	0.23800671553691075	0.39564392373896	0.3430703308172536	1.0	1.0	0.5	0.585786437626905	0.25	0.44948974278317805	1.0	1.0	0.44948974278317805	1.0	1.0	0.5	0.39564392373896	0.39564392373896007	0.585786437626905	0.5	1.0	1.0	1.0	1.0	0.585786437626905	1.0	0.44948974278317805	0.585786437626905	0.0	0.353889367864523
hu	1.0	1.0	1.0	1.0	0.44948974278317805	0.21625192352272835	0.44948974278317805	0.172946987730773	0.37169956610399096	0.2987074021818656	0.44948974278317805	0.5	1.0	0.3660254037844386	0.18820403742993122	0.37874419100462375	0.4142135623730951	1.0	0.5	1.0	1.0	0.3660254037844386	0.37874419100462375	0.3326708590659174	0.585786437626905	0.3333333333333333	0.5	1.0	0.4142135623730951	1.0	0.38742588672279304	1.0	0.3333333333333333	0.4142135623730951	1.0	0.2928060946961875
id	1.0	1.0	1.0	1.0	0.38742588672279304	0.23134246468406053	0.585786437626905	0.16064285363659409	0.30552726787943424	0.32008819945364486	0.585786437626905	0.585786437626905	0.3660254037844386	1.0	0.18712638582486987	0.3333333333333333	0.5	1.0	0.4142135623730951	1.0	1.0	0.5	0.3333333333333333	0.36510398455674875	0.44948974278317805	0.3660254037844386	0.585786437626905	1.0	0.5	1.0	0.38742588672279304	1.0	0.4142135623730951	0.4142135623730951	1.0	0.3126480851423008
it	1.0	0.5	1.0	1.0	0.19029392824019403	0.21802919086456704	0.2020331186045411	0.24120987383402628	0.2261431396264969	0.18770803083737306	0.203075234310397	0.25	0.18820403742993122	0.18712638582486987	1.0	0.1887902946369507	0.17507960357339145	0.353889367864523	0.2844863264738755	0.353889367864523	1.0	0.1936417619887357	0.19477512305179703	0.19274067297059302	0.22350283624971873	0.18739148046221016	0.353889367864523	0.585786437626905	0.20611610037031067	0.353889367864523	0.17853616266046496	1.0	0.18323079902403225	0.18793812642729865	1.0	0.21029269369148323
ja	1.0	0.585786437626905	1.0	1.0	0.3534797987848214	0.20339443177988076	0.36602540378443865	0.15948058585076444	0.28436465220442186	0.30660739616271576	0.36602540378443865	0.44948974278317805	0.37874419100462375	0.3333333333333333	0.1887902946369507	1.0	0.36602540378443865	0.4364916731037085	0.5	0.4364916731037085	1.0	0.33773018484522777	0.3164309725825328	0.30216947925196225	0.37218975135070936	0.31604160750540605	0.5	1.0	0.3950325357559503	0.4364916731037085	0.3534797987848214	1.0	0.3090169943749474	0.3721897513507093	1.0	0.3333333333333333
ko	1.0	1.0	1.0	1.0	0.44948974278317805	0.21209649407822986	1.0	0.15776505912784203	0.3164309725825328	0.3164309725825328	1.0	1.0	0.4142135623730951	0.5	0.17507960357339145	0.36602540378443865	1.0	1.0	0.44948974278317805	1.0	1.0	0.4142135623730951	0.36602540378443865	0.3090169943749474	0.5	0.38742588672279304	1.0	1.0	0.585786437626905	1.0	0.44948974278317805	1.0	0.4142135623730951	0.5	1.0	0.32449979983983984
lv	1.0	1.0	1.0	1.0	1.0	0.5	1.0	0.25728427444747215	0.585786437626905	0.35388936786452296	1.0	1.0	1.0	1.0	0.353889367864523	0.4364916731037085	1.0	1.0	1.0	1.0	0.0	1.0	0.585786437626905	1.0	1.0	0.4142135623730951	1.0	1.0	0.585786437626905	1.0	1.0	1.0	0.44948974278317805	1.0	1.0	0.353889367864523
mk	1.0	1.0	1.0	1.0	0.5	0.28989794855663564	0.44948974278317805	0.2837898913739404	0.37169956610399096	0.44948974278317805	0.44948974278317805	0.44948974278317805	0.5	0.4142135623730951	0.2844863264738755	0.5	0.44948974278317805	1.0	1.0	1.0	1.0	0.44948974278317805	0.5	0.44753211546917104	0.44948974278317805	0.44948974278317805	0.5	0.585786437626905	0.4142135623730951	1.0	0.5	1.0	0.44948974278317805	0.5	1.0	0.44948974278317805
ml	1.0	1.0	1.0	1.0	1.0	0.5	1.0	0.25	0.585786437626905	0.353889367864523	1.0	1.0	1.0	1.0	0.353889367864523	0.4364916731037085	1.0	1.0	1.0	1.0	0.0	1.0	0.585786437626905	1.0	1.0	0.4142135623730951	1.0	1.0	0.585786437626905	1.0	1.0	1.0	0.44948974278317805	1.0	1.0	0.35388936786452296
mr	0.0	0.0	0.0	0.0	1.0	0.585786437626905	1.0	0.5	1.0	1.0	1.0	1.0	1.0	1.0	1.0	1.0	1.0	0.0	1.0	0.0	1.0	1.0	1.0	1.0	1.0	1.0	1.0	1.0	1.0	0.0	1.0	0.0	1.0	1.0	0.0	1.0
nl	1.0	1.0	1.0	1.0	0.34833147735478825	0.23350907508846463	0.5	0.15753012438120972	0.2958163163244893	0.28398103971200106	0.5	0.5	0.3660254037844386	0.5	0.1936417619887357	0.33773018484522777	0.4142135623730951	1.0	0.44948974278317805	1.0	1.0	1.0	0.3090169943749474	0.43301270189221935	0.4142135623730951	0.34833147735478825	0.5	1.0	0.44948974278317805	1.0	0.38742588672279304	1.0	0.3660254037844386	0.5	1.0	0.30216947925196225
pl	1.0	0.585786437626905	1.0	1.0	0.4955914823802616	0.2192921976158719	0.36602540378443865	0.17561516429690474	0.3797958971132712	0.26533119314590375	0.36602540378443865	0.39564392373896	0.37874419100462375	0.3333333333333333	0.19477512305179703	0.3164309725825328	0.36602540378443865	0.585786437626905	0.5	0.585786437626905	1.0	0.3090169943749474	1.0	0.28989794855663564	0.4347390715268817	0.2989350844248255	0.4364916731037085	0.585786437626905	0.3483314773547883	0.585786437626905	0.3534797987848214	1.0	0.3090169943749474	0.3333333333333333	1.0	0.30216947925196225
pt	1.0	1.0	1.0	1.0	0.31615407452837835	0.22314192885115566	0.36602540378443865	0.15019175608681704	0.2791745113185196	0.25000000000000006	0.36602540378443865	0.39564392373896007	0.3326708590659174	0.36510398455674875	0.19274067297059302	0.30216947925196225	0.3090169943749474	1.0	0.44753211546917104	1.0	1.0	0.43301270189221935	0.28989794855663564	1.0	0.40387408308644984	0.3087618505583288	0.39564392373896007	1.0	0.34833147735478825	1.0	0.36464637288214274	1.0	0.30528189970704067	0.36510398455674875	1.0	0.2612038749637414
ro	1.0	1.0	1.0	1.0	0.585786437626905	0.30332513906922604	0.5	0.19496117573727967	0.3944245849395553	0.2958163163244893	0.5	0.585786437626905	0.585786437626905	0.44948974278317805	0.22350283624971873	0.37218975135070936	0.5	1.0	0.44948974278317805	1.0	1.0	0.4142135623730951	0.4347390715268817	0.40387408308644984	1.0	0.3660254037844386	0.585786437626905	1.0	0.44948974278317805	1.0	0.585786437626905	1.0	0.38742588672279304	0.44948974278317805	1.0	0.30216947925196225
ru	1.0	1.0	1.0	1.0	0.3333333333333333	0.2474401533514073	0.38742588672279304	0.1764790060243693	0.2592192604530755	0.3121176067299382	0.4142135623730951	0.5	0.3333333333333333	0.3660254037844386	0.18739148046221016	0.31604160750540605	0.38742588672279304	0.4142135623730951	0.44948974278317805	0.4142135623730951	1.0	0.34833147735478825	0.2989350844248255	0.3087618505583288	0.3660254037844386	1.0	0.5	1.0	0.3660254037844386	0.4142135623730951	0.38742588672279304	0.585786437626905	0.3660254037844386	0.38742588672279304	1.0	0.30483850931973927
sh	0.0	1.0	1.0	1.0	0.585786437626905	0.4364916731037085	1.0	0.3430703308172536	0.5	0.44948974278317805	1.0	1.0	0.5	0.585786437626905	0.353889367864523	0.5	1.0	1.0	0.5	1.0	1.0	0.5	0.4364916731037085	0.39564392373896007	0.585786437626905	0.5	1.0	1.0	1.0	1.0	0.585786437626905	1.0	0.585786437626905	0.585786437626905	0.0	1.0
si	0.0	1.0	1.0	1.0	0.585786437626905	1.0	1.0	0.5	0.585786437626905	1.0	1.0	1.0	1.0	1.0	0.585786437626905	1.0	1.0	1.0	0.585786437626905	1.0	1.0	1.0	0.585786437626905	1.0	1.0	1.0	1.0	1.0	1.0	1.0	1.0	1.0	0.585786437626905	1.0	0.0	0.5
simple	1.0	1.0	1.0	1.0	0.4142135623730951	0.3139485079232126	0.585786437626905	0.1845447776214312	0.30552726787943424	0.3240749299922019	0.585786437626905	1.0	0.4142135623730951	0.5	0.20611610037031067	0.3950325357559503	0.585786437626905	0.585786437626905	0.4142135623730951	0.585786437626905	1.0	0.44948974278317805	0.3483314773547883	0.34833147735478825	0.44948974278317805	0.3660254037844386	1.0	1.0	1.0	0.585786437626905	0.44948974278317805	1.0	0.4142135623730951	0.5	1.0	0.3427032721697021
sr	1.0	1.0	1.0	1.0	1.0	0.5	1.0	0.25728427444747215	0.585786437626905	0.35388936786452296	1.0	1.0	1.0	1.0	0.353889367864523	0.4364916731037085	1.0	1.0	1.0	1.0	0.0	1.0	0.585786437626905	1.0	1.0	0.4142135623730951	1.0	1.0	0.585786437626905	1.0	1.0	1.0	0.44948974278317805	1.0	1.0	0.353889367864523
sv	1.0	1.0	1.0	1.0	0.4142135623730951	0.2106885056328565	0.5	0.15012046400181198	0.3200881994536449	0.25921926045307553	0.585786437626905	0.585786437626905	0.38742588672279304	0.38742588672279304	0.17853616266046496	0.3534797987848214	0.44948974278317805	1.0	0.5	1.0	1.0	0.38742588672279304	0.3534797987848214	0.36464637288214274	0.585786437626905	0.38742588672279304	0.585786437626905	1.0	0.44948974278317805	1.0	1.0	1.0	0.34833147735478825	0.5	1.0	0.3021694792519622
te	1.0	0.0	0.0	1.0	1.0	1.0	1.0	0.585786437626905	1.0	1.0	1.0	1.0	1.0	1.0	1.0	1.0	1.0	1.0	1.0	1.0	0.0	1.0	1.0	1.0	1.0	0.585786437626905	1.0	1.0	1.0	1.0	1.0	1.0	1.0	1.0	1.0	1.0
tr	1.0	0.585786437626905	1.0	1.0	0.34833147735478825	0.22228813266755304	0.44948974278317805	0.16793042293012775	0.30552726787943424	0.2987074021818656	0.44948974278317805	0.44948974278317805	0.3333333333333333	0.4142135623730951	0.18323079902403225	0.3090169943749474	0.4142135623730951	0.44948974278317805	0.44948974278317805	0.44948974278317805	1.0	0.3660254037844386	0.3090169943749474	0.30528189970704067	0.38742588672279304	0.3660254037844386	0.585786437626905	0.585786437626905	0.4142135623730951	0.44948974278317805	0.34833147735478825	1.0	1.0	0.3660254037844386	1.0	0.31615407452837835
vi	1.0	1.0	1.0	1.0	0.38742588672279304	0.21372058295648305	0.585786437626905	0.16583854476169366	0.30552726787943424	0.3200881994536449	0.585786437626905	0.585786437626905	0.4142135623730951	0.4142135623730951	0.18793812642729865	0.3721897513507093	0.5	1.0	0.5	1.0	1.0	0.5	0.3333333333333333	0.36510398455674875	0.44948974278317805	0.38742588672279304	0.585786437626905	1.0	0.5	1.0	0.5	1.0	0.3660254037844386	1.0	1.0	0.31264808514230086
war	1.0	0.0	1.0	0.0	1.0	1.0	1.0	1.0	1.0	1.0	1.0	0.0	1.0	1.0	1.0	1.0	1.0	1.0	1.0	1.0	0.0	1.0	1.0	1.0	1.0	1.0	0.0	0.0	1.0	1.0	1.0	1.0	1.0	1.0	1.0	1.0
zh	1.0	0.5	1.0	1.0	0.31615407452837835	0.2552356633559262	0.32449979983983984	0.19724881180824919	0.26533119314590375	0.3845184814437565	0.32449979983983984	0.353889367864523	0.2928060946961875	0.3126480851423008	0.21029269369148323	0.3333333333333333	0.32449979983983984	0.353889367864523	0.44948974278317805	0.35388936786452296	1.0	0.30216947925196225	0.30216947925196225	0.2612038749637414	0.30216947925196225	0.30483850931973927	1.0	0.5	0.3427032721697021	0.353889367864523	0.3021694792519622	1.0	0.31615407452837835	0.31264808514230086	1.0	1.0
