arz	bs	ceb	ckb	da	de	el	en	es	fr	he	hi	hu	id	it	ja	ko	lv	mk	ml	mr	nl	pl	pt	ro	ru	sh	si	simple	sr	sv	te	tr	vi	war	zh
arz	1.0	0.0	0.0	0.0	1.0	1.0	1.0	0.5660160774121898	1.0	1.0	1.0	0.0	1.0	1.0	1.0	1.0	1.0	1.0	1.0	1.0	0.0	1.0	1.0	1.0	1.0	1.0	0.0	0.0	1.0	1.0	1.0	1.0	1.0	1.0	1.0	1.0
bs	0.0	1.0	1.0	1.0	1.0	1.0	1.0	0.8236800042410136	0.5020797777427737	0.5480953166963739	1.0	1.0	1.0	0.5020797777427737	0.5480953166963739	0.7863954451402115	1.0	1.0	1.0	1.0	0.0	1.0	0.7863954451402115	1.0	1.0	0.5020797777427737	1.0	1.0	0.5020797777427737	0.5020797777427737	0.4557735640768249	0.0	0.45627762828753365	0.5020797777427737	0.0	0.5390110865470968
ceb	0.0	1.0	1.0	1.0	1.0	1.0	1.0	0.5020797777427737	1.0	1.0	1.0	1.0	1.0	1.0	1.0	1.0	1.0	1.0	1.0	1.0	0.0	1.0	1.0	0.5660160774121898	1.0	1.0	1.0	1.0	1.0	1.0	1.0	0.0	1.0	1.0	1.0	1.0
ckb	0.0	1.0	1.0	1.0	1.0	1.0	1.0	0.5660160774121898	1.0	1.0	1.0	1.0	1.0	1.0	1.0	1.0	1.0	1.0	1.0	1.0	0.0	1.0	1.0	1.0	1.0	1.0	1.0	1.0	1.0	1.0	0.5660160774121898	1.0	1.0	1.0	0.0	1.0
da	1.0	1.0	1.0	1.0	1.0	0.43596449723834113	0.5336669279721648	0.3199092609702808	0.32851949128010505	0.3246642075654363	0.5757942532974009	0.646793650404393	0.40536197886752956	0.34177424208323687	0.35133298666688834	0.5193690999241485	0.5632310776422788	1.0	0.7389925148463125	1.0	1.0	0.29930812348318847	0.7492934980007289	0.3587941828992073	0.8359447512322503	0.4714796236358073	0.5034710416645194	0.7863954451402115	0.37398018834181734	0.4493075654568811	0.3981947473255123	1.0	0.297397010867914	0.38155353405570724	1.0	0.39672251843797396
de	1.0	1.0	1.0	1.0	0.43596449723834113	1.0	0.42478565843211047	0.27956799925225667	0.3105881751539098	0.2961087992892535	0.4931924123920028	0.6524007805500077	0.33201168022244837	0.3144068593837702	0.3294545714357514	0.44649357517376925	0.4174295919264762	0.4377367103295498	0.6001425029844234	0.4130061351254454	0.8216064286890065	0.32755904965266663	0.4399775994242502	0.43207255580685555	0.5680965920438935	0.4336762536010397	0.4595207338673265	1.0	0.36157569539046414	0.33871347422421905	0.328403463681506	1.0	0.27045452652272806	0.3637702716567038	1.0	0.3554210835379539
el	1.0	1.0	1.0	1.0	0.5336669279721648	0.42478565843211047	1.0	0.35025603770418984	0.36878604444227153	0.2983961855979892	0.42489828324440815	0.43526109167898114	0.3594652443761584	0.37033035913781814	0.3549415395793897	0.4040199586057627	0.41691170415342604	1.0	0.5120750899084128	1.0	0.5660160774121898	0.3097779728510335	0.5273134610239611	0.4205261421259071	0.5143182334267579	0.37773666562117025	1.0	0.5020797777427737	0.33218873330584403	0.4493075654568811	0.34967589844789804	1.0	0.2817982205161778	0.33826536545209135	1.0	0.34360525940942827
en	0.5660160774121898	0.8236800042410136	0.5020797777427737	0.5660160774121898	0.3199092609702808	0.27956799925225667	0.35025603770418984	1.0	0.28712956186332567	0.2986678347739039	0.33689713211110717	0.3878107823547448	0.32252159289691124	0.27695611825314315	0.40434625801599555	0.28688439879517413	0.27235556581517045	0.7841496276481467	0.5069734095385113	0.4629225838677244	0.953225785585603	0.28550924664302324	0.35364676181789595	0.24466047668715188	0.43643405584144107	0.25522542061260717	0.35161191987449164	0.49308086712953303	0.27855049320078706	0.4770550623221652	0.2584672518126668	0.5660160774121898	0.2408516551394736	0.3017659752223312	1.0	0.2741086868210261
es	1.0	0.5020797777427737	1.0	1.0	0.32851949128010505	0.3105881751539098	0.36878604444227153	0.28712956186332567	1.0	0.2446775609568298	0.28891574771026074	0.35578496724054975	0.2860519613426994	0.27042770290352647	0.33718019838442437	0.2758916129845072	0.27268060288845286	0.4576444201675777	0.4220410798795527	0.42995415895150896	0.5660160774121898	0.26265452460342803	0.3680137246504182	0.2886196191195479	0.35741878247960995	0.24962550578308748	0.42451574848966656	0.45627762828753365	0.2866580926967302	0.7847969955634424	0.2957033123170925	1.0	0.2657282957153583	0.2685354603003034	1.0	0.2488368185386688
fr	1.0	0.5480953166963739	1.0	1.0	0.3246642075654363	0.2961087992892535	0.2983961855979892	0.2986678347739039	0.2446775609568298	1.0	0.3886272620206024	0.4374515198121886	0.3730359671305859	0.29433843354225186	0.3058086194242453	0.32283341143812705	0.33074597907611436	0.7459585646157235	0.41935529429541657	0.6749390642090419	1.0	0.3220242789301392	0.32571122555194787	0.28369954809954234	0.38099386334510726	0.320483554846387	0.33934929692695415	1.0	0.30931358047883517	0.48532626181825006	0.30011299990181056	1.0	0.25669207645397035	0.32985489492345316	1.0	0.3570047843379119
he	1.0	1.0	1.0	1.0	0.5757942532974009	0.4931924123920028	0.42489828324440815	0.33689713211110717	0.28891574771026074	0.3886272620206024	1.0	1.0	0.6863225612388889	0.3711198660035464	0.324884018619722	0.6309313336027379	1.0	1.0	0.7105872722972744	1.0	1.0	0.37893470633979104	0.5442709622169377	0.5470993698057759	0.6391906500312813	0.6110198633046523	0.4493075654568811	1.0	0.42995415895150896	0.4493075654568811	0.417692685905307	1.0	0.3216967763567537	0.42086015539690247	1.0	0.6469358197843694
hi	0.0	1.0	1.0	1.0	0.646793650404393	0.6524007805500077	0.43526109167898114	0.3878107823547448	0.35578496724054975	0.4374515198121886	1.0	1.0	0.8137822343553779	0.39378652744891385	0.415052446544067	0.7509111017040236	1.0	1.0	0.732051759263289	1.0	1.0	0.4091887101156302	0.5982311734420861	0.6242959540110128	0.7510341748895938	0.4091887101156303	0.4493075654568811	1.0	0.43526109167898114	0.4695960115558277	0.44829136374474965	1.0	0.3486610733630283	0.4417255608795031	0.0	0.6594265756561413
hu	1.0	1.0	1.0	1.0	0.40536197886752956	0.33201168022244837	0.3594652443761584	0.32252159289691124	0.2860519613426994	0.3730359671305859	0.6863225612388889	0.8137822343553779	1.0	0.37246980868820123	0.2924311204546118	0.386855585858513	0.4204778466315091	1.0	0.8854547635319127	1.0	1.0	0.27989126315087653	0.3901188812249985	0.3181318620978781	0.8087852306249236	0.3770192158772447	0.4680251699804935	1.0	0.3307754212720272	0.4493075654568811	0.34530073158700303	1.0	0.2727743145390714	0.3947778252670565	1.0	0.6082143479028406
id	1.0	0.5020797777427737	1.0	1.0	0.34177424208323687	0.3144068593837702	0.37033035913781814	0.27695611825314315	0.27042770290352647	0.29433843354225186	0.3711198660035464	0.39378652744891385	0.37246980868820123	1.0	0.28310862975171874	0.3281299712706746	0.3252411513490751	0.4493075654568811	0.41592780643328303	0.43526109167898114	0.5660160774121898	0.24865151248967057	0.34322909719272693	0.27598767828128257	0.40405002093776604	0.30804303770529545	0.7847969955634422	0.4557735640768249	0.2856090181770008	0.35575059169709	0.2935575774610382	1.0	0.25223826811281364	0.4156501244396454	1.0	0.385280972374895
it	1.0	0.5480953166963739	1.0	1.0	0.35133298666688834	0.3294545714357514	0.3549415395793897	0.40434625801599555	0.33718019838442437	0.3058086194242453	0.324884018619722	0.415052446544067	0.2924311204546118	0.28310862975171874	1.0	0.2868058576454411	0.28030127779078384	0.4567982623862492	0.4816961524317132	0.39239028303039547	1.0	0.31819030760422323	0.3725064564899168	0.2819292018976307	0.4052652912253993	0.2715201923317427	0.41347216490113287	0.7863954451402115	0.2907403285981532	0.41347216490113287	0.26648780039929915	1.0	0.2386924699472469	0.29542958340149256	1.0	0.2641455086316007
ja	1.0	0.7863954451402115	1.0	1.0	0.5193690999241485	0.44649357517376925	0.4040199586057627	0.28688439879517413	0.2758916129845072	0.32283341143812705	0.6309313336027379	0.7509111017040236	0.386855585858513	0.3281299712706746	0.2868058576454411	1.0	0.613403611833048	0.6704675947063354	0.689106487772388	0.6524007805500078	1.0	0.3198986173818097	0.481947145552475	0.375236729060082	0.5703697036297766	0.5969067461709838	0.4680251699804935	1.0	0.39946176441943004	0.41012616267595703	0.3817023943264821	1.0	0.2967695665717464	0.4254351571555926	1.0	0.4031264469050606
ko	1.0	1.0	1.0	1.0	0.5632310776422788	0.4174295919264762	0.41691170415342604	0.27235556581517045	0.27268060288845286	0.33074597907611436	1.0	1.0	0.4204778466315091	0.3252411513490751	0.28030127779078384	0.613403611833048	1.0	1.0	0.7105872722972744	1.0	1.0	0.3196669269167681	0.5251681281999959	0.36178976469614976	0.6391906500312813	0.5886339507856114	0.4493075654568811	1.0	0.42086015539690247	0.4493075654568811	0.40872696779525075	1.0	0.3001072977760131	0.41715274718679807	1.0	0.4123929513959254
lv	1.0	1.0	1.0	1.0	1.0	0.4377367103295498	1.0	0.7841496276481467	0.4576444201675777	0.7459585646157235	1.0	1.0	1.0	0.4493075654568811	0.4567982623862492	0.6704675947063354	1.0	1.0	1.0	1.0	0.0	1.0	0.7584325078215763	1.0	1.0	0.6858431704884033	1.0	1.0	0.4576444201675777	0.4493075654568811	0.4044267028502897	1.0	0.36934763748841715	0.4493075654568811	1.0	0.6972576590062823
mk	1.0	1.0	1.0	1.0	0.7389925148463125	0.6001425029844234	0.5120750899084128	0.5069734095385113	0.4220410798795527	0.41935529429541657	0.7105872722972744	0.732051759263289	0.8854547635319127	0.41592780643328303	0.4816961524317132	0.689106487772388	0.7105872722972744	1.0	1.0	1.0	1.0	0.4203563480586176	0.7389925148463125	0.6578415165411884	0.7962707244406688	0.7105872722972744	0.5150685869411775	0.8216064286890065	0.6255623061625979	1.0	0.7186009790159161	1.0	0.7105872722972744	0.42918628511880347	1.0	0.7074034698485633
ml	1.0	1.0	1.0	1.0	1.0	0.4130061351254454	1.0	0.4629225838677244	0.42995415895150896	0.6749390642090419	1.0	1.0	1.0	0.43526109167898114	0.39239028303039547	0.6524007805500078	1.0	1.0	1.0	1.0	0.0	1.0	0.7584325078215763	1.0	1.0	0.6365256959226397	1.0	1.0	0.4576444201675777	0.4493075654568811	0.3769734897680097	1.0	0.3486610733630284	0.43526109167898114	1.0	0.634948613693116
mr	0.0	0.0	0.0	0.0	1.0	0.8216064286890065	0.5660160774121898	0.953225785585603	0.5660160774121898	1.0	1.0	1.0	1.0	0.5660160774121898	1.0	1.0	1.0	0.0	1.0	0.0	1.0	0.5660160774121898	1.0	1.0	1.0	1.0	0.5660160774121898	1.0	1.0	0.0	1.0	0.0	1.0	1.0	0.0	1.0
nl	1.0	1.0	1.0	1.0	0.29930812348318847	0.32755904965266663	0.3097779728510335	0.28550924664302324	0.26265452460342803	0.3220242789301392	0.37893470633979104	0.4091887101156302	0.27989126315087653	0.24865151248967057	0.31819030760422323	0.3198986173818097	0.3196669269167681	1.0	0.4203563480586176	1.0	0.5660160774121898	1.0	0.30413939788267486	0.41955331219820535	0.36518517041008436	0.32769836234636107	0.33772435003878354	1.0	0.302202672048157	0.4493075654568811	0.2765423526417044	1.0	0.24339578562952552	0.3020645853038924	1.0	0.29945023171500834
pl	1.0	0.7863954451402115	1.0	1.0	0.7492934980007289	0.4399775994242502	0.5273134610239611	0.35364676181789595	0.3680137246504182	0.32571122555194787	0.5442709622169377	0.5982311734420861	0.3901188812249985	0.34322909719272693	0.3725064564899168	0.481947145552475	0.5251681281999959	0.7584325078215763	0.7389925148463125	0.7584325078215763	1.0	0.30413939788267486	1.0	0.3593078968466996	0.7223673569843759	0.4457907096339724	0.5095520671955879	0.7863954451402115	0.3679326689183298	0.43166400025303375	0.3885005448816914	1.0	0.29152884875156326	0.3675199564493468	1.0	0.3794581297993944
pt	1.0	1.0	0.5660160774121898	1.0	0.3587941828992073	0.43207255580685555	0.4205261421259071	0.24466047668715188	0.2886196191195479	0.28369954809954234	0.5470993698057759	0.6242959540110128	0.3181318620978781	0.27598767828128257	0.2819292018976307	0.375236729060082	0.36178976469614976	1.0	0.6578415165411884	1.0	1.0	0.41955331219820535	0.3593078968466996	1.0	0.5910872008772678	0.43973057098178026	0.45336091826336194	1.0	0.3644891689966965	0.4493075654568811	0.30758865765537696	1.0	0.25537436615526654	0.31893171857556596	1.0	0.3907513377815256
ro	1.0	1.0	1.0	1.0	0.8359447512322503	0.5680965920438935	0.5143182334267579	0.43643405584144107	0.35741878247960995	0.38099386334510726	0.6391906500312813	0.7510341748895938	0.8087852306249236	0.40405002093776604	0.4052652912253993	0.5703697036297766	0.6391906500312813	1.0	0.7962707244406688	1.0	1.0	0.36518517041008436	0.7223673569843759	0.5910872008772678	1.0	0.522642190901876	0.5034710416645194	1.0	0.39885259358159464	0.4493075654568811	0.4184804567398328	1.0	0.3184333253133369	0.3984935069447321	1.0	0.5780113748099519
ru	1.0	0.5020797777427737	1.0	1.0	0.4714796236358073	0.4336762536010397	0.37773666562117025	0.25522542061260717	0.24962550578308748	0.320483554846387	0.6110198633046523	0.4091887101156303	0.3770192158772447	0.30804303770529545	0.2715201923317427	0.5969067461709838	0.5886339507856114	0.6858431704884033	0.7105872722972744	0.6365256959226397	1.0	0.32769836234636107	0.4457907096339724	0.43973057098178026	0.522642190901876	1.0	0.33772435003878354	1.0	0.45775486055393744	0.4822913244317713	0.44093505942858485	0.8216064286890065	0.3324612954797246	0.38068887723603106	1.0	0.3918112172423535
sh	0.0	1.0	1.0	1.0	0.5034710416645194	0.4595207338673265	1.0	0.35161191987449164	0.42451574848966656	0.33934929692695415	0.4493075654568811	0.4493075654568811	0.4680251699804935	0.7847969955634422	0.41347216490113287	0.4680251699804935	0.4493075654568811	1.0	0.5150685869411775	1.0	0.5660160774121898	0.33772435003878354	0.5095520671955879	0.45336091826336194	0.5034710416645194	0.33772435003878354	1.0	0.5660160774121898	0.35575059169709	0.5020797777427737	0.3736785328204699	1.0	0.32524001876009223	0.4308507195827609	0.0	0.4493075654568811
si	0.0	1.0	1.0	1.0	0.7863954451402115	1.0	0.5020797777427737	0.49308086712953303	0.45627762828753365	1.0	1.0	1.0	1.0	0.4557735640768249	0.7863954451402115	1.0	1.0	1.0	0.8216064286890065	1.0	1.0	1.0	0.7863954451402115	1.0	1.0	1.0	0.5660160774121898	1.0	1.0	1.0	1.0	1.0	0.7863954451402115	0.5020797777427737	0.0	0.9999999999999996
simple	1.0	0.5020797777427737	1.0	1.0	0.37398018834181734	0.36157569539046414	0.33218873330584403	0.27855049320078706	0.2866580926967302	0.30931358047883517	0.42995415895150896	0.43526109167898114	0.3307754212720272	0.2856090181770008	0.2907403285981532	0.39946176441943004	0.42086015539690247	0.4576444201675777	0.6255623061625979	0.4576444201675777	1.0	0.302202672048157	0.3679326689183298	0.3644891689966965	0.39885259358159464	0.45775486055393744	0.35575059169709	1.0	1.0	0.7847969955634422	0.6330452669950049	1.0	0.4689127270832923	0.33771568467723345	1.0	0.3443359778180474
sr	1.0	0.5020797777427737	1.0	1.0	0.4493075654568811	0.33871347422421905	0.4493075654568811	0.4770550623221652	0.7847969955634424	0.48532626181825006	0.4493075654568811	0.4695960115558277	0.4493075654568811	0.35575059169709	0.41347216490113287	0.41012616267595703	0.4493075654568811	0.4493075654568811	1.0	0.4493075654568811	0.0	0.4493075654568811	0.43166400025303375	0.4493075654568811	0.4493075654568811	0.4822913244317713	0.5020797777427737	1.0	0.7847969955634422	1.0	0.45780379047650044	1.0	0.5776637760493276	0.35575059169709	1.0	0.4345870546989775
sv	1.0	0.4557735640768249	1.0	0.5660160774121898	0.3981947473255123	0.328403463681506	0.34967589844789804	0.2584672518126668	0.2957033123170925	0.30011299990181056	0.417692685905307	0.44829136374474965	0.34530073158700303	0.2935575774610382	0.26648780039929915	0.3817023943264821	0.40872696779525075	0.4044267028502897	0.7186009790159161	0.3769734897680097	1.0	0.2765423526417044	0.3885005448816914	0.30758865765537696	0.4184804567398328	0.44093505942858485	0.3736785328204699	1.0	0.6330452669950049	0.45780379047650044	1.0	1.0	0.40494291633844526	0.32992044399618925	1.0	0.35205112116471515
te	1.0	0.0	0.0	1.0	1.0	1.0	1.0	0.5660160774121898	1.0	1.0	1.0	1.0	1.0	1.0	1.0	1.0	1.0	1.0	1.0	1.0	0.0	1.0	1.0	1.0	1.0	0.8216064286890065	1.0	1.0	1.0	1.0	1.0	1.0	1.0	1.0	1.0	1.0
tr	1.0	0.45627762828753365	1.0	1.0	0.297397010867914	0.27045452652272806	0.2817982205161778	0.2408516551394736	0.2657282957153583	0.25669207645397035	0.3216967763567537	0.3486610733630283	0.2727743145390714	0.25223826811281364	0.2386924699472469	0.2967695665717464	0.3001072977760131	0.36934763748841715	0.7105872722972744	0.3486610733630284	1.0	0.24339578562952552	0.29152884875156326	0.25537436615526654	0.3184333253133369	0.3324612954797246	0.32524001876009223	0.7863954451402115	0.4689127270832923	0.5776637760493276	0.40494291633844526	1.0	1.0	0.2959294455563293	1.0	0.27835173738816954
vi	1.0	0.5020797777427737	1.0	1.0	0.38155353405570724	0.3637702716567038	0.33826536545209135	0.3017659752223312	0.2685354603003034	0.32985489492345316	0.42086015539690247	0.4417255608795031	0.3947778252670565	0.4156501244396454	0.29542958340149256	0.4254351571555926	0.41715274718679807	0.4493075654568811	0.42918628511880347	0.43526109167898114	1.0	0.3020645853038924	0.3675199564493468	0.31893171857556596	0.3984935069447321	0.38068887723603106	0.4308507195827609	0.5020797777427737	0.33771568467723345	0.35575059169709	0.32992044399618925	1.0	0.2959294455563293	1.0	1.0	0.47275030663266354
war	1.0	0.0	1.0	0.0	1.0	1.0	1.0	1.0	1.0	1.0	1.0	0.0	1.0	1.0	1.0	1.0	1.0	1.0	1.0	1.0	0.0	1.0	1.0	1.0	1.0	1.0	0.0	0.0	1.0	1.0	1.0	1.0	1.0	1.0	1.0	1.0
zh	1.0	0.5390110865470968	1.0	1.0	0.39672251843797396	0.3554210835379539	0.34360525940942827	0.2741086868210261	0.2488368185386688	0.3570047843379119	0.6469358197843694	0.6594265756561413	0.6082143479028406	0.385280972374895	0.2641455086316007	0.4031264469050606	0.4123929513959254	0.6972576590062823	0.7074034698485633	0.634948613693116	1.0	0.29945023171500834	0.3794581297993944	0.3907513377815256	0.5780113748099519	0.3918112172423535	0.4493075654568811	0.9999999999999996	0.3443359778180474	0.4345870546989775	0.35205112116471515	1.0	0.27835173738816954	0.47275030663266354	1.0	1.0
