arz	bs	ceb	ckb	da	de	el	en	es	fr	he	hi	hu	id	it	ja	ko	lv	mk	ml	mr	nl	pl	pt	ro	ru	sh	si	simple	sr	sv	te	vi	war	zh
arz	1.0	1.0	0.0	1.0	1.0	1.0	1.0	1.0	1.0	1.0	1.0	1.0	1.0	1.0	1.0	1.0	1.0	1.0	0.0	1.0	0.0	1.0	1.0	0.585786437626905	1.0	1.0	1.0	0.0	1.0	1.0	1.0	0.0	1.0	1.0	1.0
bs	1.0	1.0	1.0	1.0	0.585786437626905	0.5	0.585786437626905	0.3534797987848214	0.40453726661826384	0.5	0.585786437626905	0.585786437626905	0.5	0.585786437626905	0.3726822671238253	0.585786437626905	0.585786437626905	0.5	1.0	0.585786437626905	1.0	0.5	1.0	0.18589635600711713	0.585786437626905	1.0	0.1176880751639279	0.0	0.5	0.4142135623730951	0.585786437626905	1.0	0.585786437626905	1.0	0.585786437626905
ceb	0.0	1.0	1.0	1.0	1.0	1.0	1.0	1.0	1.0	1.0	1.0	1.0	1.0	1.0	1.0	1.0	1.0	1.0	0.0	1.0	0.0	1.0	1.0	1.0	1.0	0.0	1.0	0.0	1.0	1.0	1.0	1.0	1.0	0.0	1.0
ckb	1.0	1.0	1.0	1.0	0.585786437626905	0.5	1.0	0.5	0.5	0.585786437626905	1.0	1.0	0.36602540378443865	0.585786437626905	0.585786437626905	1.0	1.0	1.0	1.0	1.0	1.0	1.0	0.44948974278317805	0.3333333333333333	1.0	1.0	0.16893748062498004	1.0	1.0	0.585786437626905	0.44948974278317805	1.0	1.0	1.0	1.0
da	1.0	0.585786437626905	1.0	0.585786437626905	1.0	0.2240092377397959	0.585786437626905	0.06459940445278671	0.21089672205953397	0.22901628833426058	0.32449979983983984	1.0	0.3333333333333333	0.2216368750839041	0.15309887413431528	0.3430703308172536	0.3430703308172536	0.44948974278317805	0.585786437626905	1.0	0.585786437626905	0.1510594721485851	0.17684258135111194	0.04006662889845275	0.44948974278317805	0.3660254037844386	0.05550405383471865	1.0	0.2958163163244893	0.11884088318183571	0.2056677898504543	1.0	0.5	1.0	0.39564392373896007
de	1.0	0.5	1.0	0.5	0.2240092377397959	1.0	0.32449979983983984	0.01613493475714326	0.06923057377867435	0.05155466681101202	0.2	0.5	0.23582845781094	0.12382188472844839	0.02268419832834642	0.13079074932337362	0.18660549686337075	0.3380788308512194	1.0	0.585786437626905	1.0	0.07127407899382217	0.07937036512615796	0.0188475413421145	0.2791745113185196	0.139263840218951	0.03372288905435567	1.0	0.19038733311557218	0.06192057861984812	0.09619961262854601	0.44948974278317805	0.26968623182294527	1.0	0.1809073112342927
el	1.0	0.585786437626905	1.0	1.0	0.585786437626905	0.32449979983983984	1.0	0.1827439976315568	0.34833147735478825	0.30216947925196225	1.0	1.0	0.3430703308172536	0.585786437626905	0.2553967929896867	1.0	1.0	0.585786437626905	1.0	1.0	1.0	0.25824569976124334	0.34833147735478825	0.06526991061920791	0.585786437626905	1.0	0.07557946084210312	1.0	0.5	0.28436465220442186	0.36602540378443865	1.0	1.0	1.0	1.0
en	1.0	0.3534797987848214	1.0	0.5	0.06459940445278671	0.01613493475714326	0.1827439976315568	1.0	0.014503141970658254	0.016288296981827256	0.03371006736392151	0.12027370322216945	0.1437155838813476	0.03648004685252063	0.028049717207864477	0.023433619135899992	0.031685353930709946	0.2612038749637414	0.32449979983983984	0.2240092377397959	0.5	0.019521034270662846	0.017947809443284293	0.04112751505642237	0.11734069589136145	0.019147233752792776	0.03903522426053438	1.0	0.0796505318725924	0.031180909089516533	0.02047539095488202	0.44948974278317805	0.05729464351728661	1.0	0.029951897828830294
es	1.0	0.40453726661826384	1.0	0.5	0.21089672205953397	0.06923057377867435	0.34833147735478825	0.014503141970658254	1.0	0.03627834743673949	0.1510257427784993	0.3660254037844386	0.25175647872610657	0.10687234504304723	0.023719919341035144	0.12105862717760289	0.156159660795834	0.3660254037844386	0.5	0.4142135623730951	0.585786437626905	0.05215897846409494	0.07502731768620433	0.01771294163166622	0.203075234310397	0.10290397182775128	0.034615763037949235	1.0	0.1720229936570474	0.046728972292828866	0.0847367846038382	0.5	0.2612038749637414	1.0	0.11504849007695503
fr	1.0	0.5	1.0	0.585786437626905	0.22901628833426058	0.05155466681101202	0.30216947925196225	0.016288296981827256	0.03627834743673949	1.0	0.10918065630756983	0.25728427444747215	0.21712927295533244	0.11694995473055479	0.02538392431416836	0.14503446107483847	0.17826035697019474	0.34833147735478825	0.4364916731037085	0.5	0.585786437626905	0.05066564434482839	0.06911090810106664	0.01805582919648709	0.24660605559646726	0.060585223259934706	0.033705012914611844	1.0	0.1794213009876526	0.053170140918629025	0.09825187841037739	0.585786437626905	0.2402530733520421	1.0	0.11591908091717261
he	1.0	0.585786437626905	1.0	1.0	0.32449979983983984	0.2	1.0	0.03371006736392151	0.1510257427784993	0.10918065630756983	1.0	1.0	0.2612038749637414	0.1779738764024757	0.09120574414227796	1.0	1.0	0.44948974278317805	1.0	1.0	1.0	0.1301521958455223	0.18502951679940477	0.027124663252747767	0.39564392373896007	0.585786437626905	0.037276791501936815	1.0	0.2843646522044218	0.08349162510502155	0.17176743283130236	1.0	1.0	1.0	1.0
hi	1.0	0.585786437626905	1.0	1.0	1.0	0.5	1.0	0.12027370322216945	0.3660254037844386	0.25728427444747215	1.0	1.0	0.4142135623730951	0.38742588672279304	0.36602540378443865	1.0	1.0	1.0	1.0	1.0	1.0	0.39564392373896007	0.44948974278317805	0.07714319833429098	1.0	1.0	0.0866165250560005	1.0	0.5	0.25	0.32449979983983984	1.0	1.0	1.0	1.0
hu	1.0	0.5	1.0	0.36602540378443865	0.3333333333333333	0.23582845781094	0.3430703308172536	0.1437155838813476	0.25175647872610657	0.21712927295533244	0.2612038749637414	0.4142135623730951	1.0	0.25921926045307553	0.23302402810392372	0.2791745113185196	0.3021694792519622	0.44948974278317805	0.39564392373896007	0.36602540378443865	0.585786437626905	0.2632403810669918	0.25921926045307553	0.1330973960492778	0.2791745113185196	0.2612038749637414	0.0812093860676451	1.0	0.30552726787943424	0.16462407202206505	0.25175647872610657	0.585786437626905	0.32449979983983984	1.0	0.2791745113185196
id	1.0	0.585786437626905	1.0	0.585786437626905	0.2216368750839041	0.12382188472844839	0.585786437626905	0.03648004685252063	0.10687234504304723	0.11694995473055479	0.1779738764024757	0.38742588672279304	0.25921926045307553	1.0	0.07588399051027629	0.15166765990992354	0.19367338768973053	0.3380788308512194	0.585786437626905	1.0	1.0	0.11215487760789396	0.10632720754937854	0.029764030155185472	0.2791745113185196	0.14561156220438332	0.041397787013125034	1.0	0.2061257833323215	0.12119101723946424	0.12526662237147249	0.585786437626905	0.4142135623730951	1.0	0.20799159651347807
it	1.0	0.3726822671238253	1.0	0.585786437626905	0.15309887413431528	0.02268419832834642	0.2553967929896867	0.028049717207864477	0.023719919341035144	0.02538392431416836	0.09120574414227796	0.36602540378443865	0.23302402810392372	0.07588399051027629	1.0	0.06936540706703205	0.07220673055327642	0.26427884169111276	0.4364916731037085	0.2708131845707603	0.585786437626905	0.03172568793489889	0.029350433715506857	0.029105979297905996	0.15815511491062575	0.03623611022081769	0.035926676840983676	1.0	0.14663815693951476	0.053439753011353994	0.03464749881456716	0.585786437626905	0.2070518364164892	0.585786437626905	0.05434443136953269
ja	1.0	0.585786437626905	1.0	1.0	0.3430703308172536	0.13079074932337362	1.0	0.023433619135899992	0.12105862717760289	0.14503446107483847	1.0	1.0	0.2791745113185196	0.15166765990992354	0.06936540706703205	1.0	1.0	0.44948974278317805	1.0	1.0	1.0	0.131657717156152	0.1618099389409039	0.02482034807141586	0.5	0.585786437626905	0.03734423136292461	1.0	0.26533119314590375	0.07206147251903265	0.18400240527946554	1.0	1.0	1.0	1.0
ko	1.0	0.585786437626905	1.0	1.0	0.3430703308172536	0.18660549686337075	1.0	0.031685353930709946	0.156159660795834	0.17826035697019474	1.0	1.0	0.3021694792519622	0.19367338768973053	0.07220673055327642	1.0	1.0	0.5	1.0	1.0	1.0	0.1442970426795824	0.24660605559646726	0.028961800798165384	0.585786437626905	1.0	0.0422447721199011	1.0	0.27429188517743175	0.08233500539567443	0.1886378647726465	1.0	1.0	1.0	1.0
lv	1.0	0.5	1.0	1.0	0.44948974278317805	0.3380788308512194	0.585786437626905	0.2612038749637414	0.3660254037844386	0.34833147735478825	0.44948974278317805	1.0	0.44948974278317805	0.3380788308512194	0.26427884169111276	0.44948974278317805	0.5	1.0	1.0	0.585786437626905	1.0	0.2474401533514073	0.35388936786452296	0.12171293628377122	0.5	0.44948974278317805	0.08132448161084695	1.0	0.585786437626905	0.3203772410170407	0.38742588672279304	1.0	0.585786437626905	1.0	0.44948974278317805
mk	0.0	1.0	0.0	1.0	0.585786437626905	1.0	1.0	0.32449979983983984	0.5	0.4364916731037085	1.0	1.0	0.39564392373896007	0.585786437626905	0.4364916731037085	1.0	1.0	1.0	1.0	1.0	1.0	1.0	0.585786437626905	0.34833147735478825	1.0	1.0	0.18001097668719743	1.0	0.585786437626905	0.585786437626905	0.585786437626905	1.0	1.0	1.0	1.0
ml	1.0	0.585786437626905	1.0	1.0	1.0	0.585786437626905	1.0	0.2240092377397959	0.4142135623730951	0.5	1.0	1.0	0.36602540378443865	1.0	0.2708131845707603	1.0	1.0	0.585786437626905	1.0	1.0	1.0	0.28172904669025317	1.0	0.14257458343761814	1.0	1.0	0.10113069765789216	1.0	0.585786437626905	0.3266316347104093	0.39564392373896007	1.0	1.0	1.0	1.0
mr	0.0	1.0	0.0	1.0	0.585786437626905	1.0	1.0	0.5	0.585786437626905	0.585786437626905	1.0	1.0	0.585786437626905	1.0	0.585786437626905	1.0	1.0	1.0	1.0	1.0	1.0	1.0	1.0	0.585786437626905	1.0	1.0	0.3333333333333333	1.0	1.0	0.585786437626905	1.0	1.0	1.0	1.0	1.0
nl	1.0	0.5	1.0	1.0	0.1510594721485851	0.07127407899382217	0.25824569976124334	0.019521034270662846	0.05215897846409494	0.05066564434482839	0.1301521958455223	0.39564392373896007	0.2632403810669918	0.11215487760789396	0.03172568793489889	0.131657717156152	0.1442970426795824	0.2474401533514073	1.0	0.28172904669025317	1.0	1.0	0.07297149184229153	0.022371187350384143	0.13957875683699938	0.0950542041799951	0.03589861018041704	1.0	0.1918253663634734	0.07955323158738764	0.08715008031444606	0.585786437626905	0.2240092377397959	1.0	0.14518338349164053
pl	1.0	1.0	1.0	0.44948974278317805	0.17684258135111194	0.07937036512615796	0.34833147735478825	0.017947809443284293	0.07502731768620433	0.06911090810106664	0.18502951679940477	0.44948974278317805	0.25921926045307553	0.10632720754937854	0.029350433715506857	0.1618099389409039	0.24660605559646726	0.35388936786452296	0.585786437626905	1.0	1.0	0.07297149184229153	1.0	0.020239235277333813	0.2674788903885893	0.1170116952056219	0.03541865109714843	1.0	0.23441237831492112	0.06693846963486734	0.10939768134760115	0.5	0.34833147735478825	1.0	0.2240092377397959
pt	0.585786437626905	0.18589635600711713	1.0	0.3333333333333333	0.04006662889845275	0.0188475413421145	0.06526991061920791	0.04112751505642237	0.01771294163166622	0.01805582919648709	0.027124663252747767	0.07714319833429098	0.1330973960492778	0.029764030155185472	0.029105979297905996	0.02482034807141586	0.028961800798165384	0.12171293628377122	0.34833147735478825	0.14257458343761814	0.585786437626905	0.022371187350384143	0.020239235277333813	1.0	0.05325254997920056	0.02148686881568247	0.1179367027425002	1.0	0.045676137359573064	0.027561901528073585	0.0209772846887272	0.23006275550355904	0.036562796488407066	1.0	0.02467236263082814
ro	1.0	0.585786437626905	1.0	1.0	0.44948974278317805	0.2791745113185196	0.585786437626905	0.11734069589136145	0.203075234310397	0.24660605559646726	0.39564392373896007	1.0	0.2791745113185196	0.2791745113185196	0.15815511491062575	0.5	0.585786437626905	0.5	1.0	1.0	1.0	0.13957875683699938	0.2674788903885893	0.05325254997920056	1.0	0.39564392373896007	0.05504954650096584	1.0	0.36602540378443865	0.19715062508814155	0.2402530733520421	1.0	0.39564392373896007	1.0	0.39564392373896007
ru	1.0	1.0	0.0	1.0	0.3660254037844386	0.139263840218951	1.0	0.019147233752792776	0.10290397182775128	0.060585223259934706	0.585786437626905	1.0	0.2612038749637414	0.14561156220438332	0.03623611022081769	0.585786437626905	1.0	0.44948974278317805	1.0	1.0	1.0	0.0950542041799951	0.1170116952056219	0.02148686881568247	0.39564392373896007	1.0	0.03643871914694551	1.0	0.3333333333333333	0.05587916160064235	0.14713345700845937	1.0	1.0	1.0	0.585786437626905
sh	1.0	0.1176880751639279	1.0	0.16893748062498004	0.05550405383471865	0.03372288905435567	0.07557946084210312	0.03903522426053438	0.034615763037949235	0.033705012914611844	0.037276791501936815	0.0866165250560005	0.0812093860676451	0.041397787013125034	0.035926676840983676	0.03734423136292461	0.0422447721199011	0.08132448161084695	0.18001097668719743	0.10113069765789216	0.3333333333333333	0.03589861018041704	0.03541865109714843	0.1179367027425002	0.05504954650096584	0.03643871914694551	1.0	1.0	0.05844430825795444	0.0354849710820506	0.03658319359619551	0.1252238426491463	0.056038481089029236	0.44948974278317805	0.03943727128347353
si	0.0	0.0	0.0	1.0	1.0	1.0	1.0	1.0	1.0	1.0	1.0	1.0	1.0	1.0	1.0	1.0	1.0	1.0	1.0	1.0	1.0	1.0	1.0	1.0	1.0	1.0	1.0	1.0	1.0	1.0	1.0	1.0	1.0	1.0	1.0
simple	1.0	0.5	1.0	1.0	0.2958163163244893	0.19038733311557218	0.5	0.0796505318725924	0.1720229936570474	0.1794213009876526	0.2843646522044218	0.5	0.30552726787943424	0.2061257833323215	0.14663815693951476	0.26533119314590375	0.27429188517743175	0.585786437626905	0.585786437626905	0.585786437626905	1.0	0.1918253663634734	0.23441237831492112	0.045676137359573064	0.36602540378443865	0.3333333333333333	0.05844430825795444	1.0	1.0	0.1301521958455223	0.1845960120558625	0.585786437626905	0.3430703308172536	1.0	0.27429188517743175
sr	1.0	0.4142135623730951	1.0	0.585786437626905	0.11884088318183571	0.06192057861984812	0.28436465220442186	0.031180909089516533	0.046728972292828866	0.053170140918629025	0.08349162510502155	0.25	0.16462407202206505	0.12119101723946424	0.053439753011353994	0.07206147251903265	0.08233500539567443	0.3203772410170407	0.585786437626905	0.3266316347104093	0.585786437626905	0.07955323158738764	0.06693846963486734	0.027561901528073585	0.19715062508814155	0.05587916160064235	0.0354849710820506	1.0	0.1301521958455223	1.0	0.07016271401775474	0.585786437626905	0.1652960191502465	1.0	0.09726379779047509
sv	1.0	0.585786437626905	1.0	0.44948974278317805	0.2056677898504543	0.09619961262854601	0.36602540378443865	0.02047539095488202	0.0847367846038382	0.09825187841037739	0.17176743283130236	0.32449979983983984	0.25175647872610657	0.12526662237147249	0.03464749881456716	0.18400240527946554	0.1886378647726465	0.38742588672279304	0.585786437626905	0.39564392373896007	1.0	0.08715008031444606	0.10939768134760115	0.0209772846887272	0.2402530733520421	0.14713345700845937	0.03658319359619551	1.0	0.1845960120558625	0.07016271401775474	1.0	0.585786437626905	0.23371479611805132	1.0	0.1639607805437114
te	0.0	1.0	1.0	1.0	1.0	0.44948974278317805	1.0	0.44948974278317805	0.5	0.585786437626905	1.0	1.0	0.585786437626905	0.585786437626905	0.585786437626905	1.0	1.0	1.0	1.0	1.0	1.0	0.585786437626905	0.5	0.23006275550355904	1.0	1.0	0.1252238426491463	1.0	0.585786437626905	0.585786437626905	0.585786437626905	1.0	1.0	1.0	1.0
vi	1.0	0.585786437626905	1.0	1.0	0.5	0.26968623182294527	1.0	0.05729464351728661	0.2612038749637414	0.2402530733520421	1.0	1.0	0.32449979983983984	0.4142135623730951	0.2070518364164892	1.0	1.0	0.585786437626905	1.0	1.0	1.0	0.2240092377397959	0.34833147735478825	0.036562796488407066	0.39564392373896007	1.0	0.056038481089029236	1.0	0.3430703308172536	0.1652960191502465	0.23371479611805132	1.0	1.0	1.0	1.0
war	1.0	1.0	0.0	1.0	1.0	1.0	1.0	1.0	1.0	1.0	1.0	1.0	1.0	1.0	0.585786437626905	1.0	1.0	1.0	1.0	1.0	1.0	1.0	1.0	1.0	1.0	1.0	0.44948974278317805	1.0	1.0	1.0	1.0	1.0	1.0	1.0	1.0
zh	1.0	0.585786437626905	1.0	1.0	0.39564392373896007	0.1809073112342927	1.0	0.029951897828830294	0.11504849007695503	0.11591908091717261	1.0	1.0	0.2791745113185196	0.20799159651347807	0.05434443136953269	1.0	1.0	0.44948974278317805	1.0	1.0	1.0	0.14518338349164053	0.2240092377397959	0.02467236263082814	0.39564392373896007	0.585786437626905	0.03943727128347353	1.0	0.27429188517743175	0.09726379779047509	0.1639607805437114	1.0	1.0	1.0	1.0
