arz	bs	ceb	ckb	da	de	el	en	es	fr	he	hi	hu	id	it	ja	ko	lv	mk	ml	mr	nl	pl	pt	ro	ru	sh	si	simple	sr	sv	te	vi	war	zh
arz	0.3333333333333333	0.3333333333333333	0.5	0.058823529411764705	0.0	0.3333333333333333	0.3333333333333333	0.3333333333333333	0.3333333333333333	0.3333333333333333	0.3333333333333333	0.0	0.3333333333333333	0.5	0.3333333333333333	0.3333333333333333	0.3333333333333333	1.0	0.3333333333333333	0.041666666666666664	0.05	0.3333333333333333	0.3333333333333333	0.3333333333333333	0.0	0.3333333333333333	0.3333333333333333	0.05555555555555555	1.0	0.3333333333333333	0.3333333333333333	0.047619047619047616	1.0	0.07142857142857142	0.3333333333333333
bs	0.3333333333333333	0.023381401520238744	0.16666666666666666	0.019230769230769232	0.3333333333333333	0.02564168310322156	0.038461538461538464	0.025002499999999997	0.025	0.026322716066481993	0.05555555555555555	0.0	0.0625	0.5002502502502503	0.029427343429066603	0.08333333333333333	0.034482758620689655	0.05263157894736842	0.02564102564102564	0.011904903628117915	0.02173960302457467	0.07142857142857142	0.026317174515235454	0.04	0.25	0.02564102564102564	0.0256581301867265	0.0212779538252603	1.0	0.03333333333333333	0.06666666666666667	0.019231139053254437	0.06666666666666667	0.027777777777777776	0.03333333333333333
ceb	0.5	0.16666666666666666	0.12507823453146907	0.2	0.16666666666666666	0.125	0.14285714285714285	0.125	0.125	0.125	0.125	0.125	0.14285714285714285	0.125	0.14285714285714285	0.125	0.125	0.2	0.14285714285714285	0.14285714285714285	0.16666666666666666	0.14285714285714285	0.125	0.125	0.125	0.125	0.16669444444444442	0.16666666666666666	0.14285714285714285	0.125015625	0.14285714285714285	0.25	0.14285714285714285	0.16666666666666666	0.14285714285714285
ckb	0.058823529411764705	0.019230769230769232	0.2	0.00961871403504068	0.012987012987012988	0.01	0.013333511111111113	0.009708737864077669	0.009900990099009901	0.010101010101010102	0.010752688172043012	0.014705882352941176	0.014084507042253521	0.011494252873563218	0.01	0.010526315789473684	0.010869565217391304	0.014925595901091559	0.015873015873015872	0.017544167436134194	0.029411764705882353	0.010416666666666666	0.010309278350515464	0.01	0.012987012987012988	0.01020408163265306	0.013513513513513514	0.02702702702702703	0.012345679012345678	0.012195121951219513	0.010869565217391304	0.02631578947368421	0.011494252873563218	0.034482758620689655	0.01086968336483932
da	0.0	0.3333333333333333	0.16666666666666666	0.012987012987012988	0.09090909090909091	0.25	0.3333333333333333	0.125	0.16666666666666666	0.25	0.3333333333333333	0.0	0.3333333333333333	0.0	0.25	0.3333333333333333	0.3333333333333333	1.0	0.3333333333333333	0.007246376811594203	0.014492753623188406	0.3333333333333333	0.125	0.3333333333333333	1.0	0.1111111111111111	0.3333333333333333	0.01639344262295082	1.0	0.2	0.16666666666666666	0.013333511111111113	0.0	0.023809523809523808	0.25
de	0.3333333333333333	0.02564168310322156	0.125	0.01	0.25	0.0039906948342876575	0.022727272727272728	0.008265555631445938	0.008695652173913044	0.011365056818181818	0.011764705882352941	0.3333333333333333	0.05	0.2	0.01724346046373365	0.07692307692307693	0.030303030303030304	0.05	0.022222222222222223	0.004807761649408285	0.010989131747373506	0.028572244897959183	0.009091157024793387	0.025	0.14285714285714285	0.010752688172043012	0.025645628534517424	0.011904761904761904	0.125	0.014925373134328358	0.05	0.008403431961019702	0.06666666666666667	0.022222222222222223	0.025
el	0.3333333333333333	0.038461538461538464	0.14285714285714285	0.013333511111111113	0.3333333333333333	0.022727272727272728	0.019230769230769232	0.02	0.021739130434782608	0.03225806451612903	0.03125	0.0	0.05555555555555555	0.3333333333333333	0.04	0.09090909090909091	0.05555555555555555	0.1	0.03333333333333333	0.007874201748403496	0.014084705415592145	0.05263157894736842	0.021739130434782608	0.047619047619047616	0.3333333333333333	0.022222222222222223	0.038461538461538464	0.015873015873015872	0.5	0.027777777777777776	0.07692307692307693	0.012345831428135955	0.16666666666666666	0.023255813953488372	0.047619047619047616
en	0.3333333333333333	0.025002499999999997	0.125	0.009708737864077669	0.125	0.008265555631445938	0.02	0.0024757175391336753	0.005154639175257732	0.010001600099999999	0.011235955056179775	0.3333333333333333	0.041666666666666664	0.12503124999999998	0.013700882341902795	0.06666666666666667	0.02857142857142857	0.047619047619047616	0.022222222222222223	0.004386176554324407	0.010526648199445982	0.01851920438957476	0.004587787244339702	0.018518518518518517	0.07692307692307693	0.004672897196261682	0.025005625	0.011363894628099173	0.1	0.010869565217391304	0.03333333333333333	0.008000064	0.0625	0.022222222222222223	0.02127659574468085
es	0.3333333333333333	0.025	0.125	0.009900990099009901	0.16666666666666666	0.008695652173913044	0.021739130434782608	0.005154639175257732	0.0012873724253994851	0.010101010101010102	0.011494252873563218	0.3333333333333333	0.047619047619047616	0.16666666666666666	0.013888888888888888	0.07142857142857142	0.029411764705882353	0.047619047619047616	0.022727272727272728	0.004545495867768595	0.010752688172043012	0.012658227848101266	0.008333333333333333	0.013333333333333334	0.1	0.007874015748031496	0.02564102564102564	0.011627906976744186	0.1111111111111111	0.013157894736842105	0.05	0.008333333333333333	0.06666666666666667	0.022222222222222223	0.022222222222222223
fr	0.3333333333333333	0.026322716066481993	0.125	0.010101010101010102	0.25	0.011365056818181818	0.03225806451612903	0.010001600099999999	0.010101010101010102	0.005805110784027474	0.017543859649122806	0.3333333333333333	0.05263157894736842	0.25006249999999997	0.009621582471986502	0.07142857142857142	0.034482758620689655	0.05555555555555555	0.025	0.004629693930041152	0.010870274220226843	0.0312509765625	0.013334577955555557	0.02564102564102564	0.14285714285714285	0.012048192771084338	0.027035065011687367	0.011765259515570933	0.125	0.020833333333333332	0.058823529411764705	0.008474719908072394	0.07142857142857142	0.022222222222222223	0.029411764705882353
he	0.3333333333333333	0.05555555555555555	0.125	0.010752688172043012	0.3333333333333333	0.011764705882352941	0.03125	0.011235955056179775	0.011494252873563218	0.017543859649122806	0.01020408163265306	0.3333333333333333	0.07142857142857142	0.25	0.029411764705882353	0.1111111111111111	0.07692307692307693	0.5	0.05	0.005649813272048262	0.011765121107266433	0.04	0.015151515151515152	0.034482758620689655	0.2	0.016129032258064516	0.05555555555555555	0.01250015625	0.16666666666666666	0.027777777777777776	0.08333333333333333	0.00925934499314129	1.0	0.023809523809523808	0.0625
hi	0.0	0.0	0.125	0.014705882352941176	0.0	0.3333333333333333	0.0	0.3333333333333333	0.3333333333333333	0.3333333333333333	0.3333333333333333	0.3333333333333333	0.0	0.0	0.0	0.0	0.0	0.0	0.0	0.006802813642463788	0.012987518974531959	0.0	1.0	1.0	0.0	0.3333333333333333	0.0	0.014492963663095989	0.0	0.5	0.0	0.01086991965973535	0.0	0.024390243902439025	1.0
hu	0.3333333333333333	0.0625	0.14285714285714285	0.014084507042253521	0.3333333333333333	0.05	0.05555555555555555	0.041666666666666664	0.047619047619047616	0.05263157894736842	0.07142857142857142	0.0	0.03125	0.5	0.0625	0.1	0.08333333333333333	0.5	0.0625	0.00775199807703864	0.014085300535608013	0.07692307692307693	0.047619047619047616	0.0625	0.25	0.045454545454545456	0.06666666666666667	0.01639344262295082	1.0	0.08333333333333333	0.07142857142857142	0.011628177393185505	1.0	0.024390243902439025	0.07142857142857142
id	0.5	0.5002502502502503	0.125	0.011494252873563218	0.0	0.2	0.3333333333333333	0.12503124999999998	0.16666666666666666	0.25006249999999997	0.25	0.0	0.5	0.03620690361091198	0.25	0.5	0.5	0.0	0.3333333333333333	0.005847953216374269	0.012048483088982435	0.25	0.16666666666666666	0.16666666666666666	0.0	0.25	0.5	0.013157894736842105	1.0	0.3333333333333333	0.3333333333333333	0.009900990099009901	0.5	0.023255813953488372	0.3333333333333333
it	0.3333333333333333	0.029427343429066603	0.14285714285714285	0.01	0.25	0.01724346046373365	0.04	0.013700882341902795	0.013888888888888888	0.009621582471986502	0.029411764705882353	0.0	0.0625	0.25	0.004991945130235656	0.08333333333333333	0.034482758620689655	0.05555555555555555	0.02702702702702703	0.004695012012607728	0.011494384991412341	0.037037037037037035	0.016951163458776213	0.034482758620689655	0.16666666666666666	0.01639344262295082	0.02858694449224571	0.012658548309565774	0.14285714285714285	0.030303030303030304	0.05555555555555555	0.008695727788279773	0.07692307692307693	0.022727272727272728	0.029411764705882353
ja	0.3333333333333333	0.08333333333333333	0.125	0.010526315789473684	0.3333333333333333	0.07692307692307693	0.09090909090909091	0.06666666666666667	0.07142857142857142	0.07142857142857142	0.1111111111111111	0.0	0.1	0.5	0.08333333333333333	0.06666666666666667	0.08333333333333333	0.5	0.08333333333333333	0.0049753966485978065	0.01087015595463138	0.08333333333333333	0.07142857142857142	0.08333333333333333	1.0	0.07142857142857142	0.08333333333333333	0.011905328798185939	1.0	0.07692307692307693	0.1	0.008772160664819945	1.0	0.022222222222222223	0.07692307692307693
ko	0.3333333333333333	0.034482758620689655	0.125	0.010869565217391304	0.3333333333333333	0.030303030303030304	0.05555555555555555	0.02857142857142857	0.029411764705882353	0.034482758620689655	0.07692307692307693	0.0	0.08333333333333333	0.5	0.034482758620689655	0.08333333333333333	0.027777777777777776	0.05263157894736842	0.034482758620689655	0.005494596063277382	0.011363636363636364	0.07142857142857142	0.030303030303030304	0.058823529411764705	0.25	0.030303030303030304	0.034482758620689655	0.0125003125	1.0	0.034482758620689655	0.08333333333333333	0.009708832123668583	0.06666666666666667	0.022727272727272728	0.03125
lv	1.0	0.05263157894736842	0.2	0.014925595901091559	1.0	0.05	0.1	0.047619047619047616	0.047619047619047616	0.05555555555555555	0.5	0.0	0.5	0.0	0.05555555555555555	0.5	0.05263157894736842	0.00847457627118644	0.05263157894736842	0.008849792466128905	0.01587351977828168	0.3333333333333333	0.043478260869565216	0.16666666666666666	0.5	0.04	0.05263157894736842	0.017544167436134194	0.0	0.05	0.3333333333333333	0.015625	0.07142857142857142	0.025	0.05263157894736842
mk	0.3333333333333333	0.02564102564102564	0.14285714285714285	0.015873015873015872	0.3333333333333333	0.022222222222222223	0.03333333333333333	0.022222222222222223	0.022727272727272728	0.025	0.05	0.0	0.0625	0.3333333333333333	0.02702702702702703	0.08333333333333333	0.034482758620689655	0.05263157894736842	0.02127659574468085	0.009708926383259497	0.018518518518518517	0.06666666666666667	0.022727272727272728	0.038461538461538464	0.25	0.022727272727272728	0.02631578947368421	0.01851920438957476	1.0	0.030303030303030304	0.07142857142857142	0.01694915254237288	0.06666666666666667	0.02631578947368421	0.03125
ml	0.041666666666666664	0.011904903628117915	0.14285714285714285	0.017544167436134194	0.007246376811594203	0.004807761649408285	0.007874201748403496	0.004386176554324407	0.004545495867768595	0.004629693930041152	0.005649813272048262	0.006802813642463788	0.00775199807703864	0.005847953216374269	0.004695012012607728	0.0049753966485978065	0.005494596063277382	0.008849792466128905	0.009708926383259497	0.004361841717662894	0.016666944444444443	0.004975173881834608	0.0049504950495049506	0.0046950120126077275	0.006711454438989235	0.004926302506733965	0.007299536469710693	0.01818214876033058	0.006451862643080125	0.006289387286895297	0.0052632409972299165	0.014084507042253521	0.005813987290427258	0.024390243902439025	0.005319545127885921
mr	0.05	0.02173960302457467	0.16666666666666666	0.029411764705882353	0.014492753623188406	0.010989131747373506	0.014084705415592145	0.010526648199445982	0.010752688172043012	0.010870274220226843	0.011765121107266433	0.012987518974531959	0.014085300535608013	0.012048483088982435	0.011494384991412341	0.01087015595463138	0.011363636363636364	0.01587351977828168	0.018518518518518517	0.016666944444444443	0.01056155784452897	0.011363765495867768	0.011363894628099173	0.011111604938271603	0.013514061358655953	0.011495309948474038	0.014925595901091559	0.029412629757785465	0.012048337930033388	0.012820677186061802	0.011494781344959702	0.02040816326530612	0.0112360813028658	0.03225806451612903	0.010989494143340297
nl	0.3333333333333333	0.07142857142857142	0.14285714285714285	0.010416666666666666	0.3333333333333333	0.028572244897959183	0.05263157894736842	0.01851920438957476	0.012658227848101266	0.0312509765625	0.04	0.0	0.07692307692307693	0.25	0.037037037037037035	0.08333333333333333	0.07142857142857142	0.3333333333333333	0.06666666666666667	0.004975173881834608	0.011363765495867768	0.003147644155790229	0.023810090702947845	0.034482758620689655	0.3333333333333333	0.025	0.07142857142857142	0.012345831428135955	0.2	0.045454545454545456	0.058823529411764705	0.008695803402646503	1.0	0.022222222222222223	0.07142857142857142
pl	0.3333333333333333	0.026317174515235454	0.125	0.010309278350515464	0.125	0.009091157024793387	0.021739130434782608	0.004587787244339702	0.008333333333333333	0.013334577955555557	0.015151515151515152	1.0	0.047619047619047616	0.16666666666666666	0.016951163458776213	0.07142857142857142	0.030303030303030304	0.043478260869565216	0.022727272727272728	0.0049504950495049506	0.011363894628099173	0.023810090702947845	0.0003787803115140083	0.021739130434782608	0.09090909090909091	0.002352941176470588	0.027779320987654316	0.012195121951219513	0.125	0.008403361344537815	0.047619047619047616	0.008772006771314251	0.06666666666666667	0.022727272727272728	0.023809523809523808
pt	0.3333333333333333	0.04	0.125	0.01	0.3333333333333333	0.025	0.047619047619047616	0.018518518518518517	0.013333333333333334	0.02564102564102564	0.034482758620689655	1.0	0.0625	0.16666666666666666	0.034482758620689655	0.08333333333333333	0.058823529411764705	0.16666666666666666	0.038461538461538464	0.0046950120126077275	0.011111604938271603	0.034482758620689655	0.021739130434782608	0.002544529262086514	0.3333333333333333	0.020833333333333332	0.043478260869565216	0.011764982698961937	0.5	0.038461538461538464	0.07142857142857142	0.00847464816151975	0.25	0.022727272727272728	0.05
ro	0.0	0.25	0.125	0.012987012987012988	1.0	0.14285714285714285	0.3333333333333333	0.07692307692307693	0.1	0.14285714285714285	0.2	0.0	0.25	0.0	0.16666666666666666	1.0	0.25	0.5	0.25	0.006711454438989235	0.013514061358655953	0.3333333333333333	0.09090909090909091	0.3333333333333333	0.047653086188238145	0.06666666666666667	0.3333333333333333	0.015384852071005919	0.0	0.2	1.0	0.012345679012345678	1.0	0.023809523809523808	0.2
ru	0.3333333333333333	0.02564102564102564	0.125	0.01020408163265306	0.1111111111111111	0.010752688172043012	0.022222222222222223	0.004672897196261682	0.007874015748031496	0.012048192771084338	0.016129032258064516	0.3333333333333333	0.045454545454545456	0.25	0.01639344262295082	0.07142857142857142	0.030303030303030304	0.04	0.022727272727272728	0.004926302506733965	0.011495309948474038	0.025	0.002352941176470588	0.020833333333333332	0.06666666666666667	0.0005104645227156713	0.02564102564102564	0.011905328798185939	0.16666666666666666	0.006993006993006993	0.017241379310344827	0.00854708159836365	0.06666666666666667	0.022222222222222223	0.022222222222222223
sh	0.3333333333333333	0.0256581301867265	0.16669444444444442	0.013513513513513514	0.3333333333333333	0.025645628534517424	0.038461538461538464	0.025005625	0.02564102564102564	0.027035065011687367	0.05555555555555555	0.0	0.06666666666666667	0.5	0.02858694449224571	0.08333333333333333	0.034482758620689655	0.05263157894736842	0.02631578947368421	0.007299536469710693	0.014925595901091559	0.07142857142857142	0.027779320987654316	0.043478260869565216	0.3333333333333333	0.02564102564102564	0.023393435594589215	0.014925595901091559	1.0	0.034482758620689655	0.058823529411764705	0.012048337930033388	0.06666666666666667	0.023809523809523808	0.03333333333333333
si	0.05555555555555555	0.0212779538252603	0.16666666666666666	0.02702702702702703	0.01639344262295082	0.011904761904761904	0.015873015873015872	0.011363894628099173	0.011627906976744186	0.011765259515570933	0.01250015625	0.014492963663095989	0.01639344262295082	0.013157894736842105	0.012658548309565774	0.011905328798185939	0.0125003125	0.017544167436134194	0.01851920438957476	0.01818214876033058	0.029412629757785465	0.012345831428135955	0.012195121951219513	0.011764982698961937	0.015384852071005919	0.011905328798185939	0.014925595901091559	0.011386925192451006	0.013333333333333334	0.013158240997229917	0.0125003125	0.027777777777777776	0.012820677186061802	0.035715561224489795	0.011765674878892733
simple	1.0	1.0	0.14285714285714285	0.012345679012345678	1.0	0.125	0.5	0.1	0.1111111111111111	0.125	0.16666666666666666	0.0	1.0	1.0	0.14285714285714285	1.0	1.0	0.0	1.0	0.006451862643080125	0.012048337930033388	0.2	0.125	0.5	0.0	0.16666666666666666	1.0	0.013333333333333334	0.1	1.0	1.0	0.01098901098901099	1.0	0.023255813953488372	1.0
sr	0.3333333333333333	0.03333333333333333	0.125015625	0.012195121951219513	0.2	0.014925373134328358	0.027777777777777776	0.010869565217391304	0.013157894736842105	0.020833333333333332	0.027777777777777776	0.5	0.08333333333333333	0.3333333333333333	0.030303030303030304	0.07692307692307693	0.034482758620689655	0.05	0.030303030303030304	0.006289387286895297	0.012820677186061802	0.045454545454545456	0.008403361344537815	0.038461538461538464	0.2	0.006993006993006993	0.034482758620689655	0.013158240997229917	1.0	0.0049504950495049506	0.06666666666666667	0.01020408163265306	0.06666666666666667	0.023255813953488372	0.02631578947368421
sv	0.3333333333333333	0.06666666666666667	0.14285714285714285	0.010869565217391304	0.16666666666666666	0.05	0.07692307692307693	0.03333333333333333	0.05	0.058823529411764705	0.08333333333333333	0.0	0.07142857142857142	0.3333333333333333	0.05555555555555555	0.1	0.08333333333333333	0.3333333333333333	0.07142857142857142	0.0052632409972299165	0.011494781344959702	0.058823529411764705	0.047619047619047616	0.07142857142857142	1.0	0.017241379310344827	0.058823529411764705	0.0125003125	1.0	0.06666666666666667	0.005962992482581892	0.00925934499314129	1.0	0.022222716049382713	0.1
te	0.047619047619047616	0.019231139053254437	0.25	0.02631578947368421	0.013333511111111113	0.008403431961019702	0.012345831428135955	0.008000064	0.008333333333333333	0.008474719908072394	0.00925934499314129	0.01086991965973535	0.011628177393185505	0.009900990099009901	0.008695727788279773	0.008772160664819945	0.009708832123668583	0.015625	0.01694915254237288	0.014084507042253521	0.02040816326530612	0.008695803402646503	0.008772006771314251	0.00847464816151975	0.012345679012345678	0.00854708159836365	0.012048337930033388	0.027777777777777776	0.01098901098901099	0.01020408163265306	0.00925934499314129	0.008007622982854984	0.009900990099009901	0.04	0.00884971422985363
vi	1.0	0.06666666666666667	0.14285714285714285	0.011494252873563218	0.0	0.06666666666666667	0.16666666666666666	0.0625	0.06666666666666667	0.07142857142857142	1.0	0.0	1.0	0.5	0.07692307692307693	1.0	0.06666666666666667	0.07142857142857142	0.06666666666666667	0.005813987290427258	0.0112360813028658	1.0	0.06666666666666667	0.25	1.0	0.06666666666666667	0.06666666666666667	0.012820677186061802	1.0	0.06666666666666667	1.0	0.009900990099009901	0.0625	0.022727272727272728	0.06666666666666667
war	0.07142857142857142	0.027777777777777776	0.16666666666666666	0.034482758620689655	0.023809523809523808	0.022222222222222223	0.023255813953488372	0.022222222222222223	0.022222222222222223	0.022222222222222223	0.023809523809523808	0.024390243902439025	0.024390243902439025	0.023255813953488372	0.022727272727272728	0.022222222222222223	0.022727272727272728	0.025	0.02631578947368421	0.024390243902439025	0.03225806451612903	0.022222222222222223	0.022727272727272728	0.022727272727272728	0.023809523809523808	0.022222222222222223	0.023809523809523808	0.035715561224489795	0.023255813953488372	0.023255813953488372	0.022222716049382713	0.04	0.022727272727272728	0.022223703703703704	0.022222222222222223
zh	0.3333333333333333	0.03333333333333333	0.14285714285714285	0.01086968336483932	0.25	0.025	0.047619047619047616	0.02127659574468085	0.022222222222222223	0.029411764705882353	0.0625	1.0	0.07142857142857142	0.3333333333333333	0.029411764705882353	0.07692307692307693	0.03125	0.05263157894736842	0.03125	0.005319545127885921	0.010989494143340297	0.07142857142857142	0.023809523809523808	0.05	0.2	0.022222222222222223	0.03333333333333333	0.011765674878892733	1.0	0.02631578947368421	0.1	0.00884971422985363	0.06666666666666667	0.022222222222222223	0.019230769230769232
