arz	bs	ceb	ckb	da	de	el	en	es	fr	he	hi	hu	id	it	ja	ko	lv	mk	ml	mr	nl	pl	pt	ro	ru	sh	si	simple	sr	sv	te	tr	vi	war	zh
arz	1.0	1.0	0.0	1.0	1.0	1.0	1.0	1.0	1.0	1.0	1.0	1.0	1.0	0.5660160774121898	1.0	1.0	1.0	1.0	1.0	1.0	1.0	1.0	1.0	1.0	1.0	1.0	1.0	1.0	1.0	1.0	1.0	1.0	1.0	1.0	1.0	1.0
bs	1.0	1.0	1.0	0.6700507162348127	0.7106922308883379	0.6791159872283232	0.7584325078215763	0.5970888426028329	0.6005052729432637	0.6791159872283232	0.7510341748895939	0.7106922308883379	0.7510341748895939	0.45326581932715004	0.6994017365373274	0.6791159872283232	0.6791159872283232	0.7584325078215763	0.7584325078215763	0.7584325078215763	1.0	0.6551971980308345	0.6994017365373274	0.7063291400651769	0.5925873021943566	0.6994017365373274	0.6536882109692874	0.7863954451402115	0.668791425374818	0.7106922308883379	0.6791159872283232	1.0	0.6700507162348127	0.6791159872283232	0.6723191802055581	0.6791159872283232
ceb	0.0	1.0	1.0	0.0	1.0	1.0	0.0	1.0	1.0	1.0	1.0	1.0	1.0	1.0	1.0	1.0	1.0	1.0	1.0	1.0	0.0	1.0	1.0	1.0	1.0	1.0	1.0	1.0	1.0	1.0	1.0	0.0	-1.0	1.0	1.0	1.0
ckb	1.0	0.6700507162348127	0.0	1.0	1.0	1.0	1.0	0.6161562425375515	0.7376607345031153	1.0	1.0	1.0	1.0	0.42489828324440826	1.0	1.0	1.0	1.0	1.0	1.0	1.0	0.6351837315163126	1.0	0.7411828468492556	0.7411828468492555	1.0	0.6298689450388921	1.0	0.7455134344225701	1.0	1.0	1.0	1.0	1.0	0.7690990303325336	1.0
da	1.0	0.7106922308883379	1.0	1.0	1.0	0.5895598144787592	1.0	0.542274495927059	0.5429616189013748	0.6044414021866646	0.6504036062041291	1.0	0.6908587525207898	0.43526109167898114	0.6079021523063158	0.5988205997809539	0.5988205997809539	1.0	1.0	1.0	1.0	0.5541160651754652	0.5988205997809539	0.6615537785923373	0.7455134344225701	0.5895598144787592	0.7106922308883379	1.0	0.6640237664404941	0.6239725949460846	0.6131109307903289	1.0	1.0	0.7411828468492556	0.7690990303325336	0.6131109307903289
de	1.0	0.6791159872283232	1.0	1.0	0.5895598144787592	1.0	1.0	0.22308902851216725	0.34491386062792584	0.32382717316840004	0.5207149856945881	0.728099120889861	0.5973524767815628	0.5401652421386488	0.2507788487610515	0.3554510571105888	0.4019404936616126	0.7455134344225701	0.7455134344225701	1.0	1.0	0.34037113486186793	0.4028241607333082	0.38925492115717497	0.7300208629885034	0.3637119572311977	0.6298689450388921	1.0	0.5644218176036786	0.6455519993951537	0.5686534374093927	1.0	0.6024430681058948	1.0	0.7690990303325336	0.4570680161601634
el	1.0	0.7584325078215763	0.0	1.0	1.0	1.0	1.0	1.0	0.7411828468492555	1.0	1.0	1.0	1.0	0.42995415895150885	1.0	1.0	1.0	1.0	1.0	1.0	1.0	0.6388106040265582	0.7347168825662656	0.7347168825662656	1.0	1.0	0.7288267369698332	1.0	0.6994017365373274	1.0	1.0	1.0	0.7411828468492556	1.0	0.7690990303325336	1.0
en	1.0	0.5970888426028329	1.0	0.6161562425375515	0.542274495927059	0.22308902851216725	1.0	1.0	0.2746552265583407	0.2676912554275806	0.4985860945061443	1.0	0.5301835893707884	0.5401652421386488	0.2334097390547572	0.27901029068530253	0.21526470314014406	1.0	1.0	1.0	1.0	0.32771653843849	0.3000529209174189	0.3751985447483126	0.6056469048251054	0.3384506589645821	0.605305390508391	1.0	0.5617942412865563	0.5993923200937556	0.3255431082345668	1.0	0.5491857800172477	0.6290808149140177	0.7690990303325336	0.31715216298970283
es	1.0	0.6005052729432637	1.0	0.7376607345031153	0.5429616189013748	0.34491386062792584	0.7411828468492555	0.2746552265583407	1.0	0.3946005489904125	0.6084370696808219	0.6380558066189798	0.7234532828151788	0.6146508795189748	0.3273015089440373	0.46999185303491686	0.48868480597614933	1.0	1.0	1.0	1.0	0.4311248093516391	0.4151339775794611	0.49093142758112557	0.6093096912777513	0.46148880217123195	0.5757183527829203	1.0	0.7143271277083281	0.6701591524560107	0.511361986760602	1.0	0.5670725392807305	0.7263875964832448	0.7690990303325336	0.49672985480619164
fr	1.0	0.6791159872283232	1.0	1.0	0.6044414021866646	0.32382717316840004	1.0	0.2676912554275806	0.3946005489904125	1.0	0.5788148614446592	1.0	0.6402464701444691	0.4698062128538115	0.2697519342543233	0.4970628345483078	0.5193761691449004	1.0	1.0	1.0	1.0	0.34398997858395175	0.43504400607096605	0.3856732744602865	0.6701591524560107	0.4456636212404864	0.6298689450388921	1.0	0.6187498656830154	1.0	0.47646981145152206	1.0	0.6015200458244364	1.0	0.7690990303325336	0.4984141215147138
he	1.0	0.7510341748895939	1.0	1.0	0.6504036062041291	0.5207149856945881	1.0	0.4985860945061443	0.6084370696808219	0.5788148614446592	1.0	1.0	1.0	0.42975434618943076	0.5669751842290004	1.0	1.0	1.0	1.0	1.0	1.0	0.5359957065811157	0.6501445840862391	0.6516104242389319	1.0	1.0	0.7584325078215763	1.0	0.6504036062041291	1.0	0.6568318202362041	1.0	0.6786291688147437	1.0	0.7690990303325336	1.0
hi	1.0	0.7106922308883379	1.0	1.0	1.0	0.728099120889861	1.0	1.0	0.6380558066189798	1.0	1.0	1.0	1.0	0.42489828324440826	1.0	1.0	1.0	1.0	1.0	1.0	1.0	0.5863089236503652	1.0	0.6701591524560105	1.0	1.0	0.7011374362674355	1.0	0.6908587525207898	1.0	1.0	1.0	1.0	1.0	0.7690990303325336	1.0
hu	1.0	0.7510341748895939	1.0	1.0	0.6908587525207898	0.5973524767815628	1.0	0.5301835893707884	0.7234532828151788	0.6402464701444691	1.0	1.0	1.0	0.6191299437188735	0.4607049098620611	0.7234532828151788	0.7248485669756152	1.0	1.0	1.0	1.0	0.46116682483900223	0.7248485669756151	0.7221793916855703	1.0	1.0	0.7288267369698332	1.0	0.650403606204129	1.0	0.7263875964832448	1.0	1.0	1.0	0.7690990303325336	1.0
id	0.5660160774121898	0.45326581932715004	1.0	0.42489828324440826	0.43526109167898114	0.5401652421386488	0.42995415895150885	0.5401652421386488	0.6146508795189748	0.4698062128538115	0.42975434618943076	0.42489828324440826	0.6191299437188735	1.0	0.46508876521795983	0.5401652421386488	0.5474330848982398	0.43526109167898114	0.43526109167898114	0.44930756545688116	0.5020797777427737	0.43403192363183407	0.48475639258370073	0.46508876521795983	0.4208601553969025	0.4065937775758603	0.3938664798933928	0.5020797777427737	0.40301905218737666	0.42489828324440826	0.551204680969242	0.5660160774121898	0.4009009745585367	0.42441306054069095	0.44650355581684187	0.4065937775758603
it	1.0	0.6994017365373274	1.0	1.0	0.6079021523063158	0.2507788487610515	1.0	0.2334097390547572	0.3273015089440373	0.2697519342543233	0.5669751842290004	1.0	0.4607049098620611	0.46508876521795983	1.0	0.4063470456283868	0.4709178344904726	1.0	0.7411828468492556	1.0	1.0	0.32183738261928285	0.33692501572645284	0.3053437110636794	0.7047404810937389	0.3146744160141888	0.7011374362674355	1.0	0.6262001486800971	0.590450634789213	0.30079629972314165	1.0	0.5775163885988541	0.5329145214507353	0.7690990303325336	0.26228019250079543
ja	1.0	0.6791159872283232	1.0	1.0	0.5988205997809539	0.3554510571105888	1.0	0.27901029068530253	0.46999185303491686	0.4970628345483078	1.0	1.0	0.7234532828151788	0.5401652421386488	0.4063470456283868	1.0	1.0	1.0	1.0	1.0	1.0	0.40349785299118734	0.4670357072474482	0.47449373127983724	0.6667969795412325	1.0	0.6298689450388921	1.0	0.6187498656830154	1.0	0.7162976956558118	1.0	0.661251134120194	1.0	0.7690990303325336	1.0
ko	1.0	0.6791159872283232	1.0	1.0	0.5988205997809539	0.4019404936616126	1.0	0.21526470314014406	0.48868480597614933	0.5193761691449004	1.0	1.0	0.7248485669756152	0.5474330848982398	0.4709178344904726	1.0	1.0	1.0	1.0	1.0	1.0	0.4159506303592456	0.5751238670581347	0.5519543221923858	0.6701591524560107	1.0	0.6298689450388921	1.0	0.6187498656830154	1.0	0.6549329476340925	1.0	0.7280991208898608	1.0	0.7690990303325336	1.0
lv	1.0	0.7584325078215763	1.0	1.0	1.0	0.7455134344225701	1.0	1.0	1.0	1.0	1.0	1.0	1.0	0.43526109167898114	1.0	1.0	1.0	1.0	1.0	1.0	1.0	0.6994017365373274	1.0	1.0	1.0	1.0	0.7288267369698332	1.0	0.7455134344225701	1.0	1.0	1.0	1.0	1.0	0.7690990303325336	1.0
mk	1.0	0.7584325078215763	1.0	1.0	1.0	0.7455134344225701	1.0	1.0	1.0	1.0	1.0	1.0	1.0	0.43526109167898114	0.7411828468492556	1.0	1.0	1.0	1.0	1.0	1.0	0.6908587525207898	0.7455134344225701	1.0	0.7455134344225701	1.0	0.7288267369698332	1.0	0.7455134344225701	1.0	1.0	1.0	1.0	1.0	0.7690990303325336	1.0
ml	1.0	0.7584325078215763	1.0	1.0	1.0	1.0	1.0	1.0	1.0	1.0	1.0	1.0	1.0	0.44930756545688116	1.0	1.0	1.0	1.0	1.0	1.0	1.0	0.7584325078215763	1.0	1.0	1.0	1.0	0.7584325078215763	1.0	0.7584325078215763	1.0	1.0	1.0	1.0	1.0	0.7690990303325336	1.0
mr	1.0	1.0	0.0	1.0	1.0	1.0	1.0	1.0	1.0	1.0	1.0	1.0	1.0	0.5020797777427737	1.0	1.0	1.0	1.0	1.0	1.0	1.0	1.0	1.0	1.0	1.0	1.0	1.0	1.0	1.0	1.0	1.0	1.0	1.0	1.0	0.7863954451402115	1.0
nl	1.0	0.6551971980308345	1.0	0.6351837315163126	0.5541160651754652	0.34037113486186793	0.6388106040265582	0.32771653843849	0.4311248093516391	0.34398997858395175	0.5359957065811157	0.5863089236503652	0.46116682483900223	0.43403192363183407	0.32183738261928285	0.40349785299118734	0.4159506303592456	0.6994017365373274	0.6908587525207898	0.7584325078215763	1.0	1.0	0.4020034548683288	0.370460788340575	0.5092137515058327	0.43776100072890056	0.5794815509135605	0.7863954451402115	0.5538819078905879	0.5547135754855695	0.415548326398088	1.0	0.5824237377107566	0.5753932445026375	0.7690990303325336	0.41948575879755295
pl	1.0	0.6994017365373274	1.0	1.0	0.5988205997809539	0.4028241607333082	0.7347168825662656	0.3000529209174189	0.4151339775794611	0.43504400607096605	0.6501445840862391	1.0	0.7248485669756151	0.48475639258370073	0.33692501572645284	0.4670357072474482	0.5751238670581347	1.0	0.7455134344225701	1.0	1.0	0.4020034548683288	1.0	0.44240689086754936	0.7047404810937389	0.48035299078988286	0.7011374362674355	1.0	0.6366095685924098	0.6332460537063271	0.6143589292419388	1.0	0.6499913553099703	0.728099120889861	0.7690990303325336	0.537158018847367
pt	1.0	0.7063291400651769	1.0	0.7411828468492556	0.6615537785923373	0.38925492115717497	0.7347168825662656	0.3751985447483126	0.49093142758112557	0.3856732744602865	0.6516104242389319	0.6701591524560105	0.7221793916855703	0.46508876521795983	0.3053437110636794	0.47449373127983724	0.5519543221923858	1.0	1.0	1.0	1.0	0.370460788340575	0.44240689086754936	1.0	0.6042055995786251	0.5140737975143626	0.6833519451793552	1.0	0.6248888371628453	0.6638546162332061	0.47311330263882256	1.0	0.5765327390702757	0.7263875964832449	0.7690990303325336	0.4798299137486021
ro	1.0	0.5925873021943566	1.0	0.7411828468492555	0.7455134344225701	0.7300208629885034	1.0	0.6056469048251054	0.6093096912777513	0.6701591524560107	1.0	1.0	1.0	0.4208601553969025	0.7047404810937389	0.6667969795412325	0.6701591524560107	1.0	0.7455134344225701	1.0	1.0	0.5092137515058327	0.7047404810937389	0.6042055995786251	1.0	0.7300208629885035	0.5685567889002775	1.0	0.660489913725291	0.7347168825662656	0.7300208629885034	1.0	0.6108894819461956	0.6786291688147437	0.7690990303325336	0.6667969795412325
ru	1.0	0.6994017365373274	1.0	1.0	0.5895598144787592	0.3637119572311977	1.0	0.3384506589645821	0.46148880217123195	0.4456636212404864	1.0	1.0	1.0	0.4065937775758603	0.3146744160141888	1.0	1.0	1.0	1.0	1.0	1.0	0.43776100072890056	0.48035299078988286	0.5140737975143626	0.7300208629885035	1.0	0.7011374362674355	1.0	0.6262001486800971	0.6589257440209709	0.6234960830746442	1.0	0.6463864166156963	1.0	0.7690990303325336	1.0
sh	1.0	0.6536882109692874	1.0	0.6298689450388921	0.7106922308883379	0.6298689450388921	0.7288267369698332	0.605305390508391	0.5757183527829203	0.6298689450388921	0.7584325078215763	0.7011374362674355	0.7288267369698332	0.3938664798933928	0.7011374362674355	0.6298689450388921	0.6298689450388921	0.7288267369698332	0.7288267369698332	0.7584325078215763	1.0	0.5794815509135605	0.7011374362674355	0.6833519451793552	0.5685567889002775	0.7011374362674355	1.0	1.0	0.7669493910587897	0.7011374362674355	0.6298689450388921	1.0	0.6298689450388921	0.6298689450388921	0.6698766910334878	0.6298689450388921
si	1.0	0.7863954451402115	1.0	1.0	1.0	1.0	1.0	1.0	1.0	1.0	1.0	1.0	1.0	0.5020797777427737	1.0	1.0	1.0	1.0	1.0	1.0	1.0	0.7863954451402115	1.0	1.0	1.0	1.0	1.0	1.0	0.7863954451402115	1.0	1.0	1.0	1.0	1.0	1.0	1.0
simple	1.0	0.668791425374818	1.0	0.7455134344225701	0.6640237664404941	0.5644218176036786	0.6994017365373274	0.5617942412865563	0.7143271277083281	0.6187498656830154	0.6504036062041291	0.6908587525207898	0.650403606204129	0.40301905218737666	0.6262001486800971	0.6187498656830154	0.6187498656830154	0.7455134344225701	0.7455134344225701	0.7584325078215763	1.0	0.5538819078905879	0.6366095685924098	0.6248888371628453	0.660489913725291	0.6262001486800971	0.7669493910587897	0.7863954451402115	1.0	0.6504036062041291	0.6436895599575894	1.0	0.6841174893561722	0.6908587525207898	0.7690990303325336	0.6187498656830154
sr	1.0	0.7106922308883379	1.0	1.0	0.6239725949460846	0.6455519993951537	1.0	0.5993923200937556	0.6701591524560107	1.0	1.0	1.0	1.0	0.42489828324440826	0.590450634789213	1.0	1.0	1.0	1.0	1.0	1.0	0.5547135754855695	0.6332460537063271	0.6638546162332061	0.7347168825662656	0.6589257440209709	0.7011374362674355	1.0	0.6504036062041291	1.0	1.0	1.0	1.0	1.0	0.7690990303325336	1.0
sv	1.0	0.6791159872283232	1.0	1.0	0.6131109307903289	0.5686534374093927	1.0	0.3255431082345668	0.511361986760602	0.47646981145152206	0.6568318202362041	1.0	0.7263875964832448	0.551204680969242	0.30079629972314165	0.7162976956558118	0.6549329476340925	1.0	1.0	1.0	1.0	0.415548326398088	0.6143589292419388	0.47311330263882256	0.7300208629885034	0.6234960830746442	0.6298689450388921	1.0	0.6436895599575894	1.0	1.0	1.0	0.6667969795412325	1.0	0.7690990303325336	0.4918519491988743
te	1.0	1.0	0.0	1.0	1.0	1.0	1.0	1.0	1.0	1.0	1.0	1.0	1.0	0.5660160774121898	1.0	1.0	1.0	1.0	1.0	1.0	1.0	1.0	1.0	1.0	1.0	1.0	1.0	1.0	1.0	1.0	1.0	1.0	1.0	1.0	1.0	1.0
tr	1.0	0.6700507162348127	-1.0	1.0	1.0	0.6024430681058948	0.7411828468492556	0.5491857800172477	0.5670725392807305	0.6015200458244364	0.6786291688147437	1.0	1.0	0.4009009745585367	0.5775163885988541	0.661251134120194	0.7280991208898608	1.0	1.0	1.0	1.0	0.5824237377107566	0.6499913553099703	0.5765327390702757	0.6108894819461956	0.6463864166156963	0.6298689450388921	1.0	0.6841174893561722	1.0	0.6667969795412325	1.0	1.0	1.0	0.7690990303325336	0.6221982196391784
vi	1.0	0.6791159872283232	1.0	1.0	0.7411828468492556	1.0	1.0	0.6290808149140177	0.7263875964832448	1.0	1.0	1.0	1.0	0.42441306054069095	0.5329145214507353	1.0	1.0	1.0	1.0	1.0	1.0	0.5753932445026375	0.728099120889861	0.7263875964832449	0.6786291688147437	1.0	0.6298689450388921	1.0	0.6908587525207898	1.0	1.0	1.0	1.0	1.0	0.7690990303325336	1.0
war	1.0	0.6723191802055581	1.0	0.7690990303325336	0.7690990303325336	0.7690990303325336	0.7690990303325336	0.7690990303325336	0.7690990303325336	0.7690990303325336	0.7690990303325336	0.7690990303325336	0.7690990303325336	0.44650355581684187	0.7690990303325336	0.7690990303325336	0.7690990303325336	0.7690990303325336	0.7690990303325336	0.7690990303325336	0.7863954451402115	0.7690990303325336	0.7690990303325336	0.7690990303325336	0.7690990303325336	0.7690990303325336	0.6698766910334878	1.0	0.7690990303325336	0.7690990303325336	0.7690990303325336	1.0	0.7690990303325336	0.7690990303325336	1.0	0.7690990303325336
zh	1.0	0.6791159872283232	1.0	1.0	0.6131109307903289	0.4570680161601634	1.0	0.31715216298970283	0.49672985480619164	0.4984141215147138	1.0	1.0	1.0	0.4065937775758603	0.26228019250079543	1.0	1.0	1.0	1.0	1.0	1.0	0.41948575879755295	0.537158018847367	0.4798299137486021	0.6667969795412325	1.0	0.6298689450388921	1.0	0.6187498656830154	1.0	0.4918519491988743	1.0	0.6221982196391784	1.0	0.7690990303325336	1.0
