arz	bs	ceb	ckb	da	de	el	en	es	fr	he	hi	hu	id	it	ja	ko	lv	mk	ml	mr	nl	pl	pt	ro	ru	sh	si	simple	sr	sv	te	tr	vi	war	zh
arz	1.0	1.0	0.0	1.0	1.0	0.5	1.0	0.36602540378443865	0.3797958971132712	1.0	1.0	1.0	1.0	0.585786437626905	0.39564392373896007	1.0	1.0	1.0	1.0	1.0	1.0	0.585786437626905	0.585786437626905	0.3430703308172536	1.0	1.0	0.44948974278317805	1.0	1.0	1.0	0.5	1.0	1.0	0.585786437626905	1.0	1.0
bs	1.0	1.0	1.0	1.0	0.5	0.2639626719759689	1.0	0.11741708448984602	0.34833147735478825	0.20658711810431302	1.0	1.0	0.5	0.3660254037844386	0.2187841884486319	0.585786437626905	0.585786437626905	0.585786437626905	1.0	1.0	1.0	0.28989794855663564	0.3380788308512194	0.13004672183153887	1.0	0.585786437626905	0.19513883876099986	1.0	0.44948974278317805	0.3203772410170407	0.44948974278317805	1.0	0.585786437626905	0.5	1.0	0.585786437626905
ceb	0.0	1.0	1.0	1.0	1.0	1.0	1.0	1.0	1.0	1.0	1.0	1.0	1.0	1.0	1.0	1.0	1.0	1.0	0.0	1.0	0.0	1.0	1.0	1.0	1.0	0.0	1.0	0.0	1.0	1.0	1.0	1.0	1.0	1.0	0.0	1.0
ckb	1.0	1.0	1.0	1.0	1.0	0.24257131419419417	1.0	0.11189119247086728	0.1569940562106229	0.2612038749637415	1.0	1.0	0.585786437626905	0.38742588672279304	0.17192062304130262	1.0	1.0	0.5	1.0	1.0	1.0	0.2020331186045411	0.4142135623730951	0.1607677430268676	0.5	1.0	0.2193450929151803	1.0	0.585786437626905	0.3333333333333333	0.32449979983983984	1.0	1.0	0.585786437626905	1.0	1.0
da	1.0	0.5	1.0	1.0	1.0	0.13750274658965997	0.5	0.045813075932854115	0.12106460153006049	0.12191742100572288	0.32449979983983984	1.0	0.2898979485566356	0.2612038749637414	0.07767980003063606	0.36602540378443865	0.36602540378443865	0.5	1.0	0.5	1.0	0.12253986051125679	0.18933139574356017	0.06553829669827092	0.3721897513507093	0.32449979983983984	0.0720742344054549	1.0	0.3333333333333333	0.18336972063517498	0.16778977572266515	1.0	0.32037724101704074	0.3483314773547883	1.0	0.3430703308172536
de	0.5	0.2639626719759689	1.0	0.24257131419419417	0.13750274658965997	1.0	0.16449072740645634	0.02084200166759929	0.05342045435523567	0.04692835899783056	0.10477782979607683	0.3333333333333333	0.15387824854890408	0.0813933386223486	0.03503355529311501	0.09890772657493047	0.11962007627473113	0.23539631285519144	0.28989794855663564	0.22772999919644132	0.39564392373896007	0.062251207088578675	0.07833169662257898	0.031510524488433396	0.13356002136378328	0.07783295867311443	0.042592686196404286	0.585786437626905	0.1652960191502465	0.08092044290312927	0.06883806558070127	0.3333333333333333	0.08755792119184665	0.1307753518359099	0.585786437626905	0.11149901960407381
el	1.0	1.0	1.0	1.0	0.5	0.16449072740645634	1.0	0.0668526456275498	0.11409810353446934	0.19219040425836986	1.0	1.0	1.0	0.34833147735478825	0.1374203627757835	1.0	1.0	0.44948974278317805	1.0	1.0	1.0	0.16868942712466675	0.2372732414640341	0.12671020163537874	0.5	1.0	0.12282856857085701	1.0	1.0	0.3203772410170407	0.30216947925196225	1.0	0.585786437626905	0.585786437626905	1.0	1.0
en	0.36602540378443865	0.11741708448984602	1.0	0.11189119247086728	0.045813075932854115	0.02084200166759929	0.0668526456275498	1.0	0.01857829277861994	0.017897258533130126	0.024645398588183435	0.08539362888304806	0.10157551844896857	0.032293589283851405	0.025705018678878606	0.024740596473649255	0.03138276502034834	0.08987777451442702	0.12849622184722817	0.09017458933039238	0.203075234310397	0.02361343054385246	0.020840181624986104	0.021500820833180372	0.04881605263799632	0.021376470555029115	0.04310569399251092	0.24366210707205962	0.04069964759519337	0.024747782400497624	0.023004011063434877	0.08746256761065015	0.034112942263750806	0.03528407273844695	0.44948974278317805	0.02756608618746581
es	0.3797958971132712	0.34833147735478825	1.0	0.1569940562106229	0.12106460153006049	0.05342045435523567	0.11409810353446934	0.01857829277861994	1.0	0.038054540198845715	0.07929097608144636	0.2193450929151803	0.15596855466190984	0.08691120832495351	0.03282075137522535	0.06753698758857786	0.08936658909324326	0.14972241354757942	0.20942771453851886	0.18660549686337075	0.32449979983983984	0.05569056475244071	0.0554435704719908	0.032265534979340385	0.11191338365804747	0.0801162020364323	0.050883858526618225	0.30383243470068705	0.10837636421267369	0.060197362404995	0.06017822588646305	0.1876127897984334	0.09673236923845006	0.09038681324030007	0.4364916731037085	0.07962019243503783
fr	1.0	0.20658711810431302	1.0	0.2612038749637415	0.12191742100572288	0.04692835899783056	0.19219040425836986	0.017897258533130126	0.038054540198845715	1.0	0.05263157894736842	0.15191308535297487	0.14606232351271584	0.06530448943530635	0.03140306165658705	0.06848625276486654	0.07162563710668096	0.21918352566908242	0.2158344610587697	0.2070518364164892	0.2791745113185196	0.04824013752327083	0.044159384274782394	0.02862474327236816	0.08971704363089542	0.05541735014114697	0.04420784186277696	0.585786437626905	0.12843478562226252	0.051497644520313066	0.053575422416891505	0.14826758270431342	0.08628306228894374	0.08204425805139624	1.0	0.05478255829773898
he	1.0	1.0	1.0	1.0	0.32449979983983984	0.10477782979607683	1.0	0.024645398588183435	0.07929097608144636	0.05263157894736842	1.0	1.0	0.2674788903885893	0.1774053291584318	0.05855508811966418	1.0	1.0	0.5	1.0	1.0	1.0	0.08534504056969161	0.15225881209433406	0.043215757241651984	0.44948974278317805	1.0	0.05258547267538168	1.0	0.2240092377397959	0.17573408380111566	0.12632380015122013	1.0	0.4142135623730951	0.585786437626905	1.0	1.0
hi	1.0	1.0	1.0	1.0	1.0	0.3333333333333333	1.0	0.08539362888304806	0.2193450929151803	0.15191308535297487	1.0	1.0	0.44948974278317805	0.23582845781094	0.15174115516527187	1.0	1.0	1.0	1.0	1.0	1.0	0.2402530733520421	0.3430703308172536	0.12890399203517383	1.0	1.0	0.18795247918520225	1.0	1.0	0.34833147735478825	0.4142135623730951	1.0	0.5	1.0	1.0	1.0
hu	1.0	0.5	1.0	0.585786437626905	0.2898979485566356	0.15387824854890408	1.0	0.10157551844896857	0.15596855466190984	0.14606232351271584	0.2674788903885893	0.44948974278317805	1.0	0.25	0.13179920699674436	0.28172904669025317	0.28172904669025317	1.0	0.585786437626905	0.585786437626905	1.0	0.1900246032268801	0.23582845781094	0.10664211245917068	0.33333333333333326	0.2674788903885893	0.10827871925456797	1.0	0.4142135623730951	0.21712927295533244	0.2239226236169951	1.0	0.28172904669025317	0.5	1.0	0.34833147735478825
id	0.585786437626905	0.3660254037844386	1.0	0.38742588672279304	0.2612038749637414	0.0813933386223486	0.34833147735478825	0.032293589283851405	0.08691120832495351	0.06530448943530635	0.1774053291584318	0.23582845781094	0.25	1.0	0.050496131139908564	0.17253779651421453	0.1774053291584318	0.3090169943749474	0.32449979983983984	0.25	0.38742588672279304	0.09987743499910033	0.14285714285714285	0.042546160607389125	0.23166247903554	0.21089672205953397	0.05695639213500192	0.585786437626905	0.17395122943062785	0.14062868193953815	0.11171984558359478	0.23371479611805132	0.20658711810431302	0.18181818181818182	0.585786437626905	0.17253779651421453
it	0.39564392373896007	0.2187841884486319	1.0	0.17192062304130262	0.07767980003063606	0.03503355529311501	0.1374203627757835	0.025705018678878606	0.03282075137522535	0.03140306165658705	0.05855508811966418	0.15174115516527187	0.13179920699674436	0.050496131139908564	1.0	0.038610337957960365	0.05829036315924428	0.13293812044189302	0.25000000000000006	0.14118784806383944	0.28172904669025317	0.04334989709810153	0.03523813841926553	0.030380445018208708	0.09776347444492887	0.0491664332595542	0.046498430923365947	0.44948974278317805	0.07529509763229163	0.041867930146511634	0.03793123162362645	0.1639607805437114	0.06380540997597142	0.05367537905861178	0.5	0.04641432534295113
ja	1.0	0.585786437626905	1.0	1.0	0.36602540378443865	0.09890772657493047	1.0	0.024740596473649255	0.06753698758857786	0.06848625276486654	1.0	1.0	0.28172904669025317	0.17253779651421453	0.038610337957960365	1.0	1.0	0.5	1.0	1.0	1.0	0.09132524868434898	0.12389934309929541	0.037217749546854285	0.4142135623730951	0.39564392373896007	0.052326514606345055	1.0	0.22901628833426058	0.14459058185587104	0.11962007627473113	1.0	0.32449979983983984	0.585786437626905	1.0	1.0
ko	1.0	0.585786437626905	1.0	1.0	0.36602540378443865	0.11962007627473113	1.0	0.03138276502034834	0.08936658909324326	0.07162563710668096	1.0	1.0	0.28172904669025317	0.1774053291584318	0.05829036315924428	1.0	1.0	0.5	1.0	1.0	1.0	0.11200403626338666	0.12910941082283192	0.044056888395455136	0.5	1.0	0.05714285714285714	1.0	0.29893508442482547	0.17573408380111566	0.14184812878937275	1.0	0.32449979983983984	0.585786437626905	1.0	1.0
lv	1.0	0.585786437626905	1.0	0.5	0.5	0.23539631285519144	0.44948974278317805	0.08987777451442702	0.14972241354757942	0.21918352566908242	0.5	1.0	1.0	0.3090169943749474	0.13293812044189302	0.5	0.5	1.0	1.0	0.5	0.585786437626905	0.1687887518337516	0.28948838444733055	0.14255436460258072	0.44948974278317805	0.5	0.12819304429541925	1.0	0.585786437626905	0.2674788903885893	0.2953775516915374	0.585786437626905	0.5	0.44948974278317805	1.0	0.5
mk	1.0	1.0	0.0	1.0	1.0	0.28989794855663564	1.0	0.12849622184722817	0.20942771453851886	0.2158344610587697	1.0	1.0	0.585786437626905	0.32449979983983984	0.25000000000000006	1.0	1.0	1.0	1.0	1.0	1.0	0.2989350844248255	0.3266316347104093	0.13333333333333333	0.585786437626905	1.0	0.25728427444747215	1.0	1.0	1.0	0.585786437626905	1.0	1.0	1.0	1.0	1.0
ml	1.0	1.0	1.0	1.0	0.5	0.22772999919644132	1.0	0.09017458933039238	0.18660549686337075	0.2070518364164892	1.0	1.0	0.585786437626905	0.25	0.14118784806383944	1.0	1.0	0.5	1.0	1.0	1.0	0.1907435698305462	0.2372732414640341	0.11454999858502388	0.585786437626905	1.0	0.15295783961613652	1.0	0.4142135623730951	0.29893508442482547	0.2791745113185196	1.0	1.0	0.585786437626905	1.0	1.0
mr	1.0	1.0	0.0	1.0	1.0	0.39564392373896007	1.0	0.203075234310397	0.32449979983983984	0.2791745113185196	1.0	1.0	1.0	0.38742588672279304	0.28172904669025317	1.0	1.0	0.585786437626905	1.0	1.0	1.0	0.3797958971132712	0.36602540378443865	0.2958163163244893	1.0	1.0	0.34833147735478825	1.0	1.0	0.4142135623730951	0.585786437626905	1.0	1.0	1.0	1.0	1.0
nl	0.585786437626905	0.28989794855663564	1.0	0.2020331186045411	0.12253986051125679	0.062251207088578675	0.16868942712466675	0.02361343054385246	0.05569056475244071	0.04824013752327083	0.08534504056969161	0.2402530733520421	0.1900246032268801	0.09987743499910033	0.04334989709810153	0.09132524868434898	0.11200403626338666	0.1687887518337516	0.2989350844248255	0.1907435698305462	0.3797958971132712	1.0	0.08639715855109546	0.03558684724678026	0.12680581454277357	0.09535767393825997	0.047756165077603836	0.39564392373896007	0.11632907822624416	0.07598417493798565	0.0811306792216661	0.2402530733520421	0.11280403388263667	0.11023826691753658	0.585786437626905	0.09822483027828219
pl	0.585786437626905	0.3380788308512194	1.0	0.4142135623730951	0.18933139574356017	0.07833169662257898	0.2372732414640341	0.020840181624986104	0.0554435704719908	0.044159384274782394	0.15225881209433406	0.3430703308172536	0.23582845781094	0.14285714285714285	0.03523813841926553	0.12389934309929541	0.12910941082283192	0.28948838444733055	0.3266316347104093	0.2372732414640341	0.36602540378443865	0.08639715855109546	1.0	0.03435946065118784	0.19292728076790167	0.15493412373279505	0.048338168938571936	1.0	0.1619898618675374	0.08737797563969725	0.10775431380662692	0.29429805508554946	0.16484708315636035	0.14548268842493628	0.585786437626905	0.1087485224498161
pt	0.3430703308172536	0.13004672183153887	1.0	0.1607677430268676	0.06553829669827092	0.031510524488433396	0.12671020163537874	0.021500820833180372	0.032265534979340385	0.02862474327236816	0.043215757241651984	0.12890399203517383	0.10664211245917068	0.042546160607389125	0.030380445018208708	0.037217749546854285	0.044056888395455136	0.14255436460258072	0.13333333333333333	0.11454999858502388	0.2958163163244893	0.03558684724678026	0.03435946065118784	1.0	0.06881610291678861	0.0383554758086803	0.04512620642315917	0.3660254037844386	0.0593678646912741	0.0383309993324137	0.03509840673974978	0.09958601436548065	0.04900790771419603	0.05485793716490197	0.39564392373896007	0.03798733974642911
ro	1.0	1.0	1.0	0.5	0.3721897513507093	0.13356002136378328	0.5	0.04881605263799632	0.11191338365804747	0.08971704363089542	0.44948974278317805	1.0	0.33333333333333326	0.23166247903554	0.09776347444492887	0.4142135623730951	0.5	0.44948974278317805	0.585786437626905	0.585786437626905	1.0	0.12680581454277357	0.19292728076790167	0.06881610291678861	1.0	0.4142135623730951	0.0719233424603375	1.0	0.2553967929896867	0.17253779651421453	0.16883579355936776	1.0	0.4142135623730951	0.44948974278317805	1.0	0.4142135623730951
ru	1.0	0.585786437626905	0.0	1.0	0.32449979983983984	0.07783295867311443	1.0	0.021376470555029115	0.0801162020364323	0.05541735014114697	1.0	1.0	0.2674788903885893	0.21089672205953397	0.0491664332595542	0.39564392373896007	1.0	0.5	1.0	1.0	1.0	0.09535767393825997	0.15493412373279505	0.0383554758086803	0.4142135623730951	1.0	0.049456518665540725	1.0	0.3660254037844386	0.4142135623730951	0.1639607805437114	1.0	0.3090169943749474	0.585786437626905	1.0	1.0
sh	0.44948974278317805	0.19513883876099986	1.0	0.2193450929151803	0.0720742344054549	0.042592686196404286	0.12282856857085701	0.04310569399251092	0.050883858526618225	0.04420784186277696	0.05258547267538168	0.18795247918520225	0.10827871925456797	0.05695639213500192	0.046498430923365947	0.052326514606345055	0.05714285714285714	0.12819304429541925	0.25728427444747215	0.15295783961613652	0.34833147735478825	0.047756165077603836	0.048338168938571936	0.04512620642315917	0.0719233424603375	0.049456518665540725	1.0	0.3660254037844386	0.08810431101960979	0.04438717392438262	0.045249945795642045	0.14459058185587106	0.06713995061606631	0.07237982001823152	1.0	0.05044005263497495
si	1.0	1.0	0.0	1.0	1.0	0.585786437626905	1.0	0.24366210707205962	0.30383243470068705	0.585786437626905	1.0	1.0	1.0	0.585786437626905	0.44948974278317805	1.0	1.0	1.0	1.0	1.0	1.0	0.39564392373896007	1.0	0.3660254037844386	1.0	1.0	0.3660254037844386	1.0	1.0	1.0	1.0	1.0	1.0	1.0	1.0	1.0
simple	1.0	0.44948974278317805	1.0	0.585786437626905	0.3333333333333333	0.1652960191502465	1.0	0.04069964759519337	0.10837636421267369	0.12843478562226252	0.2240092377397959	1.0	0.4142135623730951	0.17395122943062785	0.07529509763229163	0.22901628833426058	0.29893508442482547	0.585786437626905	1.0	0.4142135623730951	1.0	0.11632907822624416	0.1619898618675374	0.0593678646912741	0.2553967929896867	0.3660254037844386	0.08810431101960979	1.0	1.0	0.17237437305961342	0.16074259134831634	1.0	0.23441237831492118	0.29893508442482547	1.0	0.29893508442482547
sr	1.0	0.3203772410170407	1.0	0.3333333333333333	0.18336972063517498	0.08092044290312927	0.3203772410170407	0.024747782400497624	0.060197362404995	0.051497644520313066	0.17573408380111566	0.34833147735478825	0.21712927295533244	0.14062868193953815	0.041867930146511634	0.14459058185587104	0.17573408380111566	0.2674788903885893	1.0	0.29893508442482547	0.4142135623730951	0.07598417493798565	0.08737797563969725	0.0383309993324137	0.17253779651421453	0.4142135623730951	0.04438717392438262	1.0	0.17237437305961342	1.0	0.09781691216052658	0.3090169943749474	0.18090731123429268	0.15894454156034005	1.0	0.1725377965142145
sv	0.5	0.44948974278317805	1.0	0.32449979983983984	0.16778977572266515	0.06883806558070127	0.30216947925196225	0.023004011063434877	0.06017822588646305	0.053575422416891505	0.12632380015122013	0.4142135623730951	0.2239226236169951	0.11171984558359478	0.03793123162362645	0.11962007627473113	0.14184812878937275	0.2953775516915374	0.585786437626905	0.2791745113185196	0.585786437626905	0.0811306792216661	0.10775431380662692	0.03509840673974978	0.16883579355936776	0.1639607805437114	0.045249945795642045	1.0	0.16074259134831634	0.09781691216052658	1.0	0.585786437626905	0.1333965344220252	0.14584445002217805	0.585786437626905	0.14053719616945776
te	1.0	1.0	1.0	1.0	1.0	0.3333333333333333	1.0	0.08746256761065015	0.1876127897984334	0.14826758270431342	1.0	1.0	1.0	0.23371479611805132	0.1639607805437114	1.0	1.0	0.585786437626905	1.0	1.0	1.0	0.2402530733520421	0.29429805508554946	0.09958601436548065	1.0	1.0	0.14459058185587106	1.0	1.0	0.3090169943749474	0.585786437626905	1.0	1.0	1.0	1.0	1.0
tr	1.0	0.585786437626905	1.0	1.0	0.32037724101704074	0.08755792119184665	0.585786437626905	0.034112942263750806	0.09673236923845006	0.08628306228894374	0.4142135623730951	0.5	0.28172904669025317	0.20658711810431302	0.06380540997597142	0.32449979983983984	0.32449979983983984	0.5	1.0	1.0	1.0	0.11280403388263667	0.16484708315636035	0.04900790771419603	0.4142135623730951	0.3090169943749474	0.06713995061606631	1.0	0.23441237831492118	0.18090731123429268	0.1333965344220252	1.0	1.0	0.5	1.0	0.585786437626905
vi	0.585786437626905	0.5	1.0	0.585786437626905	0.3483314773547883	0.1307753518359099	0.585786437626905	0.03528407273844695	0.09038681324030007	0.08204425805139624	0.585786437626905	1.0	0.5	0.18181818181818182	0.05367537905861178	0.585786437626905	0.585786437626905	0.44948974278317805	1.0	0.585786437626905	1.0	0.11023826691753658	0.14548268842493628	0.05485793716490197	0.44948974278317805	0.585786437626905	0.07237982001823152	1.0	0.29893508442482547	0.15894454156034005	0.14584445002217805	1.0	0.5	1.0	0.585786437626905	0.585786437626905
war	1.0	1.0	0.0	1.0	1.0	0.585786437626905	1.0	0.44948974278317805	0.4364916731037085	1.0	1.0	1.0	1.0	0.585786437626905	0.5	1.0	1.0	1.0	1.0	1.0	1.0	0.585786437626905	0.585786437626905	0.39564392373896007	1.0	1.0	1.0	1.0	1.0	1.0	0.585786437626905	1.0	1.0	0.585786437626905	1.0	1.0
zh	1.0	0.585786437626905	1.0	1.0	0.3430703308172536	0.11149901960407381	1.0	0.02756608618746581	0.07962019243503783	0.05478255829773898	1.0	1.0	0.34833147735478825	0.17253779651421453	0.04641432534295113	1.0	1.0	0.5	1.0	1.0	1.0	0.09822483027828219	0.1087485224498161	0.03798733974642911	0.4142135623730951	1.0	0.05044005263497495	1.0	0.29893508442482547	0.1725377965142145	0.14053719616945776	1.0	0.585786437626905	0.585786437626905	1.0	1.0
