arz	bs	ceb	ckb	da	de	el	en	es	fr	he	hi	hu	id	it	ja	ko	lv	mk	ml	mr	nl	pl	pt	ro	ru	sh	si	simple	sr	sv	te	vi	war	zh
arz	1.0	0.530938123752495	0.5076923076923077	0.5276872964169381	0.517113783533765	0.5044452347083926	0.5174992812795188	0.5025531837940072	0.5053047638859997	0.5048132460531383	0.5111216280170374	0.5205949656750571	0.5180722891566265	0.5130208333333334	0.5052050138092202	0.508448900616892	0.513233025270764	0.5234782608695653	0.523571286841907	0.5217391304347826	0.534965034965035	0.5075827917053544	0.5054024255788313	0.50604403713082	0.5216110019646365	0.5062135429875729	0.5192118226600985	0.5328467153284672	0.5161513776972864	0.5133410672853828	0.5093589659337293	0.5304347826086956	0.5134615384615385	0.5364583333333334	0.5097706032285472
bs	0.530938123752495	1.0	0.5070422535211268	0.5454545454545455	0.5516550495181135	0.5167163097939954	0.5559831409199194	0.5100172269812286	0.519436052366566	0.5181414523889478	0.5360330617032681	0.5563300198027568	0.5510923649784163	0.5449164115327856	0.5192486546528995	0.5286974549551863	0.5395236896327671	0.5591152588277118	0.5588747291609192	0.553241309381321	0.5410714285714285	0.5276953399949112	0.5200350847041304	0.5226647197645886	0.5489022174152127	0.5229471221208802	0.5656215602518694	0.5434505325582785	0.547918898704239	0.5433729541680943	0.5332012338589863	0.5426998922022357	0.543250646043858	0.5387040113083646	0.53477326354983
ceb	0.5076923076923077	0.5070422535211268	1.0	0.5114155251141552	0.5029644268774703	0.5007186489399927	0.5038674033149171	0.5004026575397624	0.5008421052631579	0.5007788161993769	0.5019493177387914	0.5049875311720698	0.5037837837837837	0.502724795640327	0.5007571362753634	0.5014064697609002	0.5022246941045606	0.5050301810865191	0.5059625212947189	0.5074626865671642	0.515	0.5011030570438072	0.5008936550491511	0.500999500249875	0.5041928721174004	0.5010298661174047	0.5031645569620253	0.5161290322580645	0.5030355594102341	0.5024067388688327	0.5013949780789159	0.5076335877862596	0.5023411371237458	0.53	0.5015263846489315
ckb	0.5276872964169381	0.5454545454545455	0.5114155251141552	1.0	0.5339805825242718	0.5088245675961878	0.5364431486880467	0.5051340843385504	0.5104145184574139	0.509451976322322	0.5215377489578509	0.5364025695931478	0.533713200379867	0.5276363621221648	0.5105352026530164	0.5161071549677857	0.5241757638892243	0.5539874838604614	0.5435684647302904	0.546644844517185	0.5467032967032968	0.5146520146520147	0.5105918322777899	0.5121891760117016	0.5357474466109563	0.5122930255895635	0.5345149253731344	0.5533141210374639	0.5319609413426661	0.5230337078651686	0.5175840978593271	0.5452380952380952	0.5270690728064716	0.5539033457249071	0.5191763051087097
da	0.517113783533765	0.5516550495181135	0.5029644268774703	0.5339805825242718	1.0	0.5366617702058328	0.5674358353622793	0.5230295745051665	0.5428442203094749	0.5403185769051212	0.5712822006742291	0.5648959316358857	0.5768821947532717	0.5695030468021322	0.5425296233023644	0.5595951892591006	0.5749793701097701	0.5642591871379138	0.5605354385346252	0.5522792704867429	0.5309180486955224	0.5578836954632139	0.5421782185105981	0.5495767765542316	0.5744301368419861	0.5474137458999574	0.5685814771395077	0.5275200805573729	0.5772343877570421	0.5655432689835382	0.5671110911513441	0.5318606627017842	0.5664845173041895	0.52	0.5674672703758139
de	0.5044452347083926	0.5167163097939954	0.5007186489399927	0.5088245675961878	0.5366617702058328	1.0	0.532930755600945	0.5946455529418685	0.6064243499384048	0.6031758003354961	0.5651129629026654	0.529092666130984	0.5346594920961784	0.5493864476417456	0.6022180649792374	0.5791883207619123	0.5595330161788817	0.5195359435444222	0.5223134256924324	0.5179239495217555	0.5080547906565013	0.588695435651331	0.6043743601698629	0.5953282254239496	0.5354339965083649	0.5880174150558275	0.5334919721886258	0.5074336283185841	0.5396090669752989	0.5538308067948368	0.5761781534185008	0.5104706556934279	0.5490108725867949	0.5040157058718544	0.5661916379765219
el	0.5174992812795188	0.5559831409199194	0.5038674033149171	0.5364431486880467	0.5674358353622793	0.532930755600945	1.0	0.5210532035371096	0.5390672687778285	0.5358239785713613	0.5635638183211436	0.5716183398140793	0.5682004315401485	0.5686767684019075	0.5376089141364166	0.5552436490315088	0.5692662849811471	0.56931007461273	0.5682411477796708	0.5518718045948455	0.535421881568663	0.5502303722059353	0.538802922100272	0.5442651611237095	0.5768163176958077	0.5425102113097794	0.5679565539534871	0.5313352310407803	0.57270871395559	0.5625223986591219	0.5587948694287532	0.5381504410142673	0.566978403947375	0.5227995758218451	0.5611907348305586
en	0.5025531837940072	0.5100172269812286	0.5004026575397624	0.5051340843385504	0.5230295745051665	0.5946455529418685	0.5210532035371096	1.0	0.5920178597767781	0.590890220461647	0.5459460801611801	0.519050365673507	0.521476159145886	0.5331720833119962	0.5889346431559386	0.5602937747115067	0.5409862413367139	0.5119508335227542	0.5138615781948478	0.5112336660163886	0.5047400459036024	0.5656423301629611	0.5850770662088306	0.5804528707284887	0.522054048634007	0.574422065674605	0.5217757559045761	0.5043956342243462	0.5269199428024838	0.5373511496791025	0.5543826248053784	0.5062191862052008	0.5346606878372351	0.5022565439775348	0.551160141422549
es	0.5053047638859997	0.519436052366566	0.5008421052631579	0.5104145184574139	0.5428442203094749	0.6064243499384048	0.5390672687778285	0.5920178597767781	1.0	0.6081832078376082	0.5763400660192277	0.5351868762050408	0.5406748603638574	0.5585252582471084	0.6115060958341165	0.5901999741152099	0.5708465675368088	0.5237427369264677	0.5269744540960174	0.5220963722736541	0.5096094234345939	0.5979664520236473	0.6059416868361411	0.612599495748061	0.5410455933628445	0.5965221800312354	0.5401624584214452	0.5088990066225165	0.5474258266721098	0.5639218521426895	0.5868813378390576	0.5123152709359606	0.5600858837145102	0.5047002297890119	0.579827049596187
fr	0.5048132460531383	0.5181414523889478	0.5007788161993769	0.509451976322322	0.5403185769051212	0.6031758003354961	0.5358239785713613	0.590890220461647	0.6081832078376082	1.0	0.5703473580536921	0.5319337398234458	0.5373900553896512	0.5533119813993292	0.6032000526441957	0.5838568755410711	0.565590323336381	0.5217580140779325	0.5250759980247555	0.5201469922199001	0.50880729953102	0.5928331439224044	0.5983764566920735	0.6006661041869096	0.5388184841477688	0.5885454803626151	0.5367744638286231	0.5081587941745065	0.5449183957313313	0.5570330805619125	0.5823222405576226	0.5112219561061864	0.5551312064460953	0.504349507055867	0.5721070294627391
he	0.5111216280170374	0.5360330617032681	0.5019493177387914	0.5215377489578509	0.5712822006742291	0.5651129629026654	0.5635638183211436	0.5459460801611801	0.5763400660192277	0.5703473580536921	1.0	0.5585477181879689	0.5649483409755425	0.5781888198860948	0.574274792317054	0.5870301656015942	0.5924932057451583	0.5448798365237216	0.54934726904052	0.5381174586801031	0.5199045517404663	0.587700387369238	0.573231907197692	0.5841259642531917	0.5671912465265901	0.5759934376345678	0.5655504658847053	0.5187783767161696	0.5771106784123369	0.5809227906998233	0.5947202557661566	0.524747496310417	0.5823322777674886	0.510038240917782	0.5894057974653749
hi	0.5205949656750571	0.5563300198027568	0.5049875311720698	0.5364025695931478	0.5648959316358857	0.529092666130984	0.5716183398140793	0.519050365673507	0.5351868762050408	0.5319337398234458	0.5585477181879689	1.0	0.5652782034341298	0.5703541802395228	0.5333057457880868	0.5501553047481325	0.565698885091183	0.5675258634646965	0.5639976213727298	0.5670724177673704	0.5424476295479603	0.5453957025008004	0.5336893057126865	0.5403756327254696	0.5709779605951922	0.5382165152322853	0.5652377648566413	0.5382907880133185	0.5720418145125088	0.5594488147360455	0.5530855430659716	0.5483193277310924	0.5701982814436588	0.5243179122182681	0.5572657466197126
hu	0.5180722891566265	0.5510923649784163	0.5037837837837837	0.533713200379867	0.5768821947532717	0.5346594920961784	0.5682004315401485	0.521476159145886	0.5406748603638574	0.5373900553896512	0.5649483409755425	0.5652782034341298	1.0	0.5679536253303384	0.5391189140664717	0.5529880279976265	0.5673948222710172	0.5631783420133202	0.5619341820616315	0.551946416880697	0.5344227014600741	0.5532109745933668	0.5411235209355739	0.5465352298650998	0.5743845494465832	0.5450277158122374	0.5672016369576411	0.5295829291949564	0.5699046924460708	0.5646974662609971	0.5587944061532266	0.5398148148148149	0.5669006769262719	0.5212435233160622	0.5609423944677923
id	0.5130208333333334	0.5449164115327856	0.502724795640327	0.5276363621221648	0.5695030468021322	0.5493864476417456	0.5686767684019075	0.5331720833119962	0.5585252582471084	0.5533119813993292	0.5781888198860948	0.5703541802395228	0.5679536253303384	1.0	0.5567219470535574	0.5703894541991028	0.5804548708277548	0.5531552018192155	0.5547937074118422	0.5489861269162218	0.5267003668448104	0.571530993278566	0.5552721368841059	0.5662057505998171	0.571053021506564	0.5624362011400491	0.5705553381006201	0.5245860246188441	0.5731302438558715	0.5768879317419163	0.5778096357417215	0.531385954008701	0.582439961362273	0.5142667551426675	0.5743630194146999
it	0.5052050138092202	0.5192486546528995	0.5007571362753634	0.5105352026530164	0.5425296233023644	0.6022180649792374	0.5376089141364166	0.5889346431559386	0.6115060958341165	0.6032000526441957	0.574274792317054	0.5333057457880868	0.5391189140664717	0.5567219470535574	1.0	0.5866000375503434	0.5681935290032317	0.5235210713024958	0.5265990482697266	0.521833880175654	0.5091802266185033	0.5964125791610206	0.6005840186110875	0.6091773430720158	0.5401764420305242	0.5928120514762358	0.5395495109325222	0.5083474187548414	0.5466506822198309	0.5613892096136243	0.5838310570643737	0.512041884816754	0.5566686041661466	0.5046948356807511	0.5775632355882431
ja	0.508448900616892	0.5286974549551863	0.5014064697609002	0.5161071549677857	0.5595951892591006	0.5791883207619123	0.5552436490315088	0.5602937747115067	0.5901999741152099	0.5838568755410711	0.5870301656015942	0.5501553047481325	0.5529880279976265	0.5703894541991028	0.5866000375503434	1.0	0.5894969527443196	0.5348426502075856	0.5388059970782982	0.5326118772262444	0.5157354328583611	0.5916767281988546	0.5845572199469681	0.5950137707042381	0.5543693802870474	0.5840557889090058	0.5535471790426549	0.5143728422583633	0.5664500736030588	0.5720687378942777	0.5946646400102625	0.5192179166383114	0.5736870375725973	0.5078191336157454	0.5911410035528885
ko	0.513233025270764	0.5395236896327671	0.5022246941045606	0.5241757638892243	0.5749793701097701	0.5595330161788817	0.5692662849811471	0.5409862413367139	0.5708465675368088	0.565590323336381	0.5924932057451583	0.565698885091183	0.5673948222710172	0.5804548708277548	0.5681935290032317	0.5894969527443196	1.0	0.5474207213911132	0.5501200736971112	0.5442057850265158	0.5234143779230093	0.5823428746735674	0.5660837679676449	0.5785288786484761	0.5727180404313073	0.5733639109514029	0.5707518356007656	0.5212891500769067	0.5837664066843542	0.5832993172374659	0.5904085828533521	0.5266701581967824	0.5874637935492252	0.5119825708061002	0.5898735438039212
lv	0.5234782608695653	0.5591152588277118	0.5050301810865191	0.5539874838604614	0.5642591871379138	0.5195359435444222	0.56931007461273	0.5119508335227542	0.5237427369264677	0.5217580140779325	0.5448798365237216	0.5675258634646965	0.5631783420133202	0.5531552018192155	0.5235210713024958	0.5348426502075856	0.5474207213911132	1.0	0.5697645867396876	0.5680847777768184	0.5513866231647634	0.5327636195842665	0.5242328042328043	0.5274608119406309	0.5679830980783703	0.5268260691641143	0.5601888276947286	0.547107438016529	0.5584016783901254	0.5479451399795018	0.5385066904540255	0.5480939632743864	0.5552525768982844	0.5373134328358209	0.54049532467113
mk	0.523571286841907	0.5588747291609192	0.5059625212947189	0.5435684647302904	0.5605354385346252	0.5223134256924324	0.5682411477796708	0.5138615781948478	0.5269744540960174	0.5250759980247555	0.54934726904052	0.5639976213727298	0.5619341820616315	0.5547937074118422	0.5265990482697266	0.5388059970782982	0.5501200736971112	0.5697645867396876	1.0	0.5558081943932035	0.5383269475739897	0.536048617750002	0.5265202152783915	0.5314280874615994	0.570543680026742	0.5303344176027691	0.5614169408096692	0.5385714285714286	0.5609139291093933	0.5520106681754372	0.5443698507203274	0.5383615084525357	0.5569972823082119	0.5301587301587302	0.545284848134053
ml	0.5217391304347826	0.553241309381321	0.5074626865671642	0.546644844517185	0.5522792704867429	0.5179239495217555	0.5518718045948455	0.5112336660163886	0.5220963722736541	0.5201469922199001	0.5381174586801031	0.5670724177673704	0.551946416880697	0.5489861269162218	0.521833880175654	0.5326118772262444	0.5442057850265158	0.5680847777768184	0.5558081943932035	1.0	0.5511349493749147	0.5293602103418055	0.521389247590363	0.5251588552555514	0.5594229835130831	0.5245822579621221	0.5546348360347974	0.5476583567738151	0.5536534427769524	0.5408594785564903	0.5344080351929212	0.5555555555555556	0.5485451132267314	0.5402750491159136	0.5369169571995271
mr	0.534965034965035	0.5410714285714285	0.515	0.5467032967032968	0.5309180486955224	0.5080547906565013	0.535421881568663	0.5047400459036024	0.5096094234345939	0.50880729953102	0.5199045517404663	0.5424476295479603	0.5344227014600741	0.5267003668448104	0.5091802266185033	0.5157354328583611	0.5234143779230093	0.5513866231647634	0.5383269475739897	0.5511349493749147	1.0	0.5134721371708512	0.5096458118770258	0.5110084824787603	0.5351981791808672	0.5109597198929936	0.5315739868049011	0.5530449059013104	0.5333500873876241	0.522083805209513	0.5167649652947335	0.5633868997274691	0.5281776487349795	0.5622489959839357	0.5191794509539023
nl	0.5075827917053544	0.5276953399949112	0.5011030570438072	0.5146520146520147	0.5578836954632139	0.588695435651331	0.5502303722059353	0.5656423301629611	0.5979664520236473	0.5928331439224044	0.587700387369238	0.5453957025008004	0.5532109745933668	0.571530993278566	0.5964125791610206	0.5916767281988546	0.5823428746735674	0.5327636195842665	0.536048617750002	0.5293602103418055	0.5134721371708512	1.0	0.5916065427081001	0.5990894797204215	0.5526033840058799	0.5913048771605732	0.5523100629112229	0.5124621241509464	0.5611837656119875	0.574504708355644	0.5985371543953579	0.5174295240982116	0.5705144646792437	0.5070115300716734	0.5861766056302579
pl	0.5054024255788313	0.5200350847041304	0.5008936550491511	0.5105918322777899	0.5421782185105981	0.6043743601698629	0.538802922100272	0.5850770662088306	0.6059416868361411	0.5983764566920735	0.573231907197692	0.5336893057126865	0.5411235209355739	0.5552721368841059	0.6005840186110875	0.5845572199469681	0.5660837679676449	0.5242328042328043	0.5265202152783915	0.521389247590363	0.5096458118770258	0.5916065427081001	1.0	0.5980724771886323	0.5403569058409667	0.5891514380604732	0.5400051326263646	0.5089872862779483	0.5459664581884246	0.5617931236560879	0.5802505185952646	0.512380538662033	0.5556863140167225	0.5048737261852015	0.5744192765346876
pt	0.50604403713082	0.5226647197645886	0.500999500249875	0.5121891760117016	0.5495767765542316	0.5953282254239496	0.5442651611237095	0.5804528707284887	0.612599495748061	0.6006661041869096	0.5841259642531917	0.5403756327254696	0.5465352298650998	0.5662057505998171	0.6091773430720158	0.5950137707042381	0.5785288786484761	0.5274608119406309	0.5314280874615994	0.5251588552555514	0.5110084824787603	0.5990894797204215	0.5980724771886323	1.0	0.5487525085564945	0.5970584754937833	0.5467148590275915	0.5104039167686658	0.5553821530677123	0.5688670303741932	0.5931554971038082	0.5142995637421232	0.5675917084449188	0.5054455445544555	0.5863139452489068
ro	0.5216110019646365	0.5489022174152127	0.5041928721174004	0.5357474466109563	0.5744301368419861	0.5354339965083649	0.5768163176958077	0.522054048634007	0.5410455933628445	0.5388184841477688	0.5671912465265901	0.5709779605951922	0.5743845494465832	0.571053021506564	0.5401764420305242	0.5543693802870474	0.5727180404313073	0.5679830980783703	0.570543680026742	0.5594229835130831	0.5351981791808672	0.5526033840058799	0.5403569058409667	0.5487525085564945	1.0	0.5466444612531565	0.5701522542621205	0.5307473982970672	0.5740967385594062	0.5703041691704382	0.5608874219258118	0.536322869955157	0.5712900131446088	0.5211267605633803	0.561879602426244
ru	0.5062135429875729	0.5229471221208802	0.5010298661174047	0.5122930255895635	0.5474137458999574	0.5880174150558275	0.5425102113097794	0.574422065674605	0.5965221800312354	0.5885454803626151	0.5759934376345678	0.5382165152322853	0.5450277158122374	0.5624362011400491	0.5928120514762358	0.5840557889090058	0.5733639109514029	0.5268260691641143	0.5303344176027691	0.5245822579621221	0.5109597198929936	0.5913048771605732	0.5891514380604732	0.5970584754937833	0.5466444612531565	1.0	0.5454058029539932	0.5105892360512424	0.5508066932309115	0.5680641808999045	0.5835964217575308	0.5145968030401527	0.5621949378243791	0.5057383320581484	0.5762487979092848
sh	0.5192118226600985	0.5656215602518694	0.5031645569620253	0.5345149253731344	0.5685814771395077	0.5334919721886258	0.5679565539534871	0.5217757559045761	0.5401624584214452	0.5367744638286231	0.5655504658847053	0.5652377648566413	0.5672016369576411	0.5705553381006201	0.5395495109325222	0.5535471790426549	0.5707518356007656	0.5601888276947286	0.5614169408096692	0.5546348360347974	0.5315739868049011	0.5523100629112229	0.5400051326263646	0.5467148590275915	0.5701522542621205	0.5454058029539932	1.0	0.5319961795606495	0.5724904663669952	0.5955153775082849	0.5603900700416465	0.5375565610859728	0.5674745404093886	0.5212981744421906	0.5601070259781848
si	0.5328467153284672	0.5434505325582785	0.5161290322580645	0.5533141210374639	0.5275200805573729	0.5074336283185841	0.5313352310407803	0.5043956342243462	0.5088990066225165	0.5081587941745065	0.5187783767161696	0.5382907880133185	0.5295829291949564	0.5245860246188441	0.5083474187548414	0.5143728422583633	0.5212891500769067	0.547107438016529	0.5385714285714286	0.5476583567738151	0.5530449059013104	0.5124621241509464	0.5089872862779483	0.5104039167686658	0.5307473982970672	0.5105892360512424	0.5319961795606495	1.0	0.5302116515859212	0.5216647662485747	0.5154351074396807	0.5461538461538461	0.5246913431297274	0.5588235294117647	0.5179329074958929
simple	0.5161513776972864	0.547918898704239	0.5030355594102341	0.5319609413426661	0.5772343877570421	0.5396090669752989	0.57270871395559	0.5269199428024838	0.5474258266721098	0.5449183957313313	0.5771106784123369	0.5720418145125088	0.5699046924460708	0.5731302438558715	0.5466506822198309	0.5664500736030588	0.5837664066843542	0.5584016783901254	0.5609139291093933	0.5536534427769524	0.5333500873876241	0.5611837656119875	0.5459664581884246	0.5553821530677123	0.5740967385594062	0.5508066932309115	0.5724904663669952	0.5302116515859212	1.0	0.5687103062246345	0.5700334172780417	0.5349194167306217	0.5786284892715265	0.5180520570948783	0.574268774581574
sr	0.5133410672853828	0.5433729541680943	0.5024067388688327	0.5230337078651686	0.5655432689835382	0.5538308067948368	0.5625223986591219	0.5373511496791025	0.5639218521426895	0.5570330805619125	0.5809227906998233	0.5594488147360455	0.5646974662609971	0.5768879317419163	0.5613892096136243	0.5720687378942777	0.5832993172374659	0.5479451399795018	0.5520106681754372	0.5408594785564903	0.522083805209513	0.574504708355644	0.5617931236560879	0.5688670303741932	0.5703041691704382	0.5680641808999045	0.5955153775082849	0.5216647662485747	0.5687103062246345	1.0	0.5781500892342218	0.5271317829457365	0.5717842092832971	0.5126396237507349	0.5769727196570168
sv	0.5093589659337293	0.5332012338589863	0.5013949780789159	0.5175840978593271	0.5671110911513441	0.5761781534185008	0.5587948694287532	0.5543826248053784	0.5868813378390576	0.5823222405576226	0.5947202557661566	0.5530855430659716	0.5587944061532266	0.5778096357417215	0.5838310570643737	0.5946646400102625	0.5904085828533521	0.5385066904540255	0.5443698507203274	0.5344080351929212	0.5167649652947335	0.5985371543953579	0.5802505185952646	0.5931554971038082	0.5608874219258118	0.5835964217575308	0.5603900700416465	0.5154351074396807	0.5700334172780417	0.5781500892342218	1.0	0.520439061317184	0.5756756361416245	0.5088408644400786	0.5881968023687261
te	0.5304347826086956	0.5426998922022357	0.5076335877862596	0.5452380952380952	0.5318606627017842	0.5104706556934279	0.5381504410142673	0.5062191862052008	0.5123152709359606	0.5112219561061864	0.524747496310417	0.5483193277310924	0.5398148148148149	0.531385954008701	0.512041884816754	0.5192179166383114	0.5266701581967824	0.5480939632743864	0.5383615084525357	0.5555555555555556	0.5633868997274691	0.5174295240982116	0.512380538662033	0.5142995637421232	0.536322869955157	0.5145968030401527	0.5375565610859728	0.5461538461538461	0.5349194167306217	0.5271317829457365	0.520439061317184	1.0	0.5308868501529052	0.5396825396825397	0.52333746385791
vi	0.5134615384615385	0.543250646043858	0.5023411371237458	0.5270690728064716	0.5664845173041895	0.5490108725867949	0.566978403947375	0.5346606878372351	0.5600858837145102	0.5551312064460953	0.5823322777674886	0.5701982814436588	0.5669006769262719	0.582439961362273	0.5566686041661466	0.5736870375725973	0.5874637935492252	0.5552525768982844	0.5569972823082119	0.5485451132267314	0.5281776487349795	0.5705144646792437	0.5556863140167225	0.5675917084449188	0.5712900131446088	0.5621949378243791	0.5674745404093886	0.5246913431297274	0.5786284892715265	0.5717842092832971	0.5756756361416245	0.5308868501529052	1.0	0.5143603133159269	0.5817536900717135
war	0.5364583333333334	0.5387040113083646	0.53	0.5539033457249071	0.52	0.5040157058718544	0.5227995758218451	0.5022565439775348	0.5047002297890119	0.504349507055867	0.510038240917782	0.5243179122182681	0.5212435233160622	0.5142667551426675	0.5046948356807511	0.5078191336157454	0.5119825708061002	0.5373134328358209	0.5301587301587302	0.5402750491159136	0.5622489959839357	0.5070115300716734	0.5048737261852015	0.5054455445544555	0.5211267605633803	0.5057383320581484	0.5212981744421906	0.5588235294117647	0.5180520570948783	0.5126396237507349	0.5088408644400786	0.5396825396825397	0.5143603133159269	1.0	0.5096607986260198
zh	0.5097706032285472	0.53477326354983	0.5015263846489315	0.5191763051087097	0.5674672703758139	0.5661916379765219	0.5611907348305586	0.551160141422549	0.579827049596187	0.5721070294627391	0.5894057974653749	0.5572657466197126	0.5609423944677923	0.5743630194146999	0.5775632355882431	0.5911410035528885	0.5898735438039212	0.54049532467113	0.545284848134053	0.5369169571995271	0.5191794509539023	0.5861766056302579	0.5744192765346876	0.5863139452489068	0.561879602426244	0.5762487979092848	0.5601070259781848	0.5179329074958929	0.574268774581574	0.5769727196570168	0.5881968023687261	0.52333746385791	0.5817536900717135	0.5096607986260198	1.0
