arz	bs	ceb	ckb	da	de	el	en	es	fr	he	hi	hu	id	it	ja	ko	lv	mk	ml	mr	nl	pl	pt	ro	ru	sh	si	simple	sr	sv	te	vi	war	zh
arz	1.0	0.25512653080393544	1.0	0.5894129346619257	0.34551904816160683	0.2998823993308576	0.3593094030095848	0.2147569025382055	0.26050924332097913	0.3104369867667735	0.28362834461594066	0.2850016159584184	0.26704648259561	0.3787446200699294	0.2148825186132323	0.2621580555227023	0.2064841465978861	0.3874770137395124	0.24895099785898586	0.5664944681766735	0.41527713196548505	0.308427112801829	0.3008695029845338	0.20453029198095513	0.2952938961441851	0.25519031311773854	0.34813798890171244	0.30339125683302487	0.23246034840048366	0.23700980643289593	0.21692852706059573	0.3027291123805097	0.32062910701425607	0.6928997443627297	0.22067159666791208
bs	0.25512653080393544	1.0	0.5177493127548747	0.18562707859148198	0.107313970849223	0.10465714260303027	0.10804886892342104	0.09000706368661875	0.09449860023604262	0.09368973838244445	0.09990832192867614	0.11951956989409673	0.11183586446774618	0.10229249694598695	0.09265252135305267	0.09293449253635276	0.0986991362638233	0.13023933497207263	0.11305822972735091	0.16985593838451957	0.1726761969069791	0.10694327108517589	0.10582107824148146	0.09175468814719391	0.11072843873277538	0.08966700135278476	0.10336952620679134	0.19076451183510854	0.1078016951156728	0.10484841684452316	0.09758912900325392	0.23180615239589358	0.10537062383845303	0.31735599819286675	0.09708662475428932
ceb	1.0	0.5177493127548747	1.0	0.5974112180959356	0.5865167004672415	0.5604770794563164	0.5716582061263775	0.5604770794563164	0.5604770794563164	0.5292183688103907	0.5604770794563164	0.5604770794563164	0.5301883695121257	0.5604770794563164	0.5513844143994665	0.5604770794563164	0.5604770794563164	0.5780171791412113	0.5716582061263775	0.5716582061263775	0.6427811771228706	0.5716582061263775	0.5604770794563164	0.37164622108353024	0.5604770794563164	0.4968065520394991	0.5865167004672415	0.5185987385073753	0.5716582061263775	0.5228893329829787	0.5716582061263775	0.672370045633007	0.5716582061263775	0.5865167004672415	0.5716582061263775
ckb	0.5894129346619257	0.18562707859148198	0.5974112180959356	1.0	0.20087896108218206	0.2084093522795013	0.1914497065188321	0.16529177296695216	0.24427127946697277	0.17318436272491078	0.22120737428639625	0.2584469290149816	0.19247112407034153	0.25720606428853177	0.1399953809601821	0.17823041776874088	0.20200883413815918	0.31323189957027026	0.15374522919149203	0.24940862314438142	0.30590376275851094	0.2634857860839086	0.1891391057109036	0.15961521451851857	0.19742620034102332	0.1574843467730696	0.2381732209782742	0.21251219647242692	0.19387860647877186	0.2056926987036052	0.17526960959227603	0.3282611274872386	0.21876357610401978	0.5561634412916654	0.1625590060991668
da	0.34551904816160683	0.107313970849223	0.5865167004672415	0.20087896108218206	1.0	0.05932807516237899	0.09287103932681676	0.06024570476747454	0.058263484626863454	0.05620133336486536	0.06040216450323478	0.10099693147899748	0.0733081306073986	0.07774145207080323	0.06052356998467288	0.06772854906387107	0.0641052069040005	0.10309488653056408	0.0995132623672456	0.10645979734644258	0.17857609122269122	0.06111987602938751	0.06136210345586509	0.061591953461194913	0.08000643716584822	0.06597153865910906	0.08350147865398515	0.14583311565627616	0.07810380961494909	0.07228151425294603	0.06301867425300689	0.18147821244103965	0.07003291999707657	0.33630003697693645	0.07214311574741514
de	0.2998823993308576	0.10465714260303027	0.5604770794563164	0.2084093522795013	0.05932807516237899	1.0	0.07060900381239638	0.03428187717437313	0.0313204394378084	0.036218418827147	0.04298239270782865	0.07360632947517534	0.06722095103646285	0.049218833411884114	0.03729092125705748	0.043329974967492635	0.04726446881601306	0.09737263889871053	0.09323680796238999	0.10059706971494924	0.160861059286206	0.033823410843839115	0.03198549602454161	0.03892410402891073	0.06335628903612747	0.040030712393130496	0.06723313557234943	0.16026248064730791	0.06189096862241315	0.04526434416356765	0.0428649871755899	0.14413937783809955	0.05052851648733427	0.47504782809934915	0.048388888607452094
el	0.3593094030095848	0.10804886892342104	0.5716582061263775	0.1914497065188321	0.09287103932681676	0.07060900381239638	1.0	0.06929771775366872	0.07207395017351709	0.06718858952614645	0.07152587101753716	0.08403797123856353	0.08427328204076204	0.07567508069670088	0.07189000522293583	0.07416159363483685	0.07006817870807965	0.10012652161989492	0.09895872207149584	0.11049154285014998	0.1508174981419442	0.07301834447371476	0.07274104281861704	0.07285889029439316	0.08154647899047694	0.07552574813240051	0.08355138092688726	0.16034810524696494	0.08119230231388898	0.0775195145731184	0.07479773649283299	0.1620678623619028	0.07507255069855477	0.24049171087715343	0.0855746552781949
en	0.2147569025382055	0.09000706368661875	0.5604770794563164	0.16529177296695216	0.06024570476747454	0.03428187717437313	0.06929771775366872	1.0	0.03459741263224766	0.04277824486655791	0.05173612957565803	0.0702230898125014	0.06890220344320015	0.05317156437799758	0.045878393921890644	0.056030206986081084	0.05820041708155226	0.08221987367475647	0.08141420667964203	0.08721480325689339	0.12940762249277094	0.038881297923738074	0.035857783503819865	0.048476933230653864	0.06041549730835836	0.05159600817217374	0.0691863172510298	0.13717758717294792	0.06408719243524036	0.05289647111172773	0.05762879431947515	0.11899683097956291	0.05734426002032934	0.29677614285575826	0.06286153070756362
es	0.26050924332097913	0.09449860023604262	0.5604770794563164	0.24427127946697277	0.058263484626863454	0.0313204394378084	0.07207395017351709	0.03459741263224766	1.0	0.03589218658128895	0.04304254373529332	0.07346282498114677	0.06808946302201598	0.047320933608048836	0.037367776413403136	0.04167649868408843	0.045019233936014744	0.09489648616952828	0.09426592281353263	0.09966638088992129	0.166020969410374	0.03414875629150436	0.03249009988531422	0.038040959146703544	0.061561731868678034	0.03962610296217326	0.06845814691758445	0.15254064594735683	0.061201836353457176	0.04650272274019727	0.04306933458763214	0.1452423076231785	0.05130776685820145	0.4952001473985661	0.04528799545864455
fr	0.3104369867667735	0.09368973838244445	0.5292183688103907	0.17318436272491078	0.05620133336486536	0.036218418827147	0.06718858952614645	0.04277824486655791	0.03589218658128895	1.0	0.04922743390598584	0.06798815793100962	0.06540961218290878	0.05178085558321882	0.04763689165144235	0.054427771787005794	0.05563358875781856	0.0830504660433139	0.08117662035475837	0.08409705729963744	0.14225000587654354	0.039216522310808515	0.037573459491410034	0.049143453429109245	0.06003314484848526	0.052584976246292575	0.06628880380186618	0.14858461306272874	0.05982732197086088	0.05140607939294303	0.05510074050884511	0.13139229362109878	0.05575022903065913	0.3551334450102519	0.059674630350385935
he	0.28362834461594066	0.09990832192867614	0.5604770794563164	0.22120737428639625	0.06040216450323478	0.04298239270782865	0.07152587101753716	0.05173612957565803	0.04304254373529332	0.04922743390598584	1.0	0.07019125874309314	0.06836883636508444	0.0581279423224689	0.052943563637061014	0.055948833588621495	0.05516871111752857	0.09713020389535529	0.08850161994409365	0.10208076006649058	0.1628674665205521	0.04551421215315804	0.04475871813679723	0.0527449334984597	0.0637050298697036	0.05537757014746866	0.06605638033190867	0.15440304407933178	0.06400817955749863	0.05402246344269745	0.05640425673223849	0.14423336137967718	0.057219761304789805	0.40930362621703714	0.05997849726466147
hi	0.2850016159584184	0.11951956989409673	0.5604770794563164	0.2584469290149816	0.10099693147899748	0.07360632947517534	0.08403797123856353	0.0702230898125014	0.07346282498114677	0.06798815793100962	0.07019125874309314	1.0	0.0842932358074696	0.07687369007635013	0.07159938974166524	0.07520598663157806	0.07348455683104992	0.10551901784411172	0.10633894546649136	0.1025291468947985	0.150983807592421	0.07789767664515827	0.0765487077043913	0.07337331021645122	0.08888157137990027	0.07612071586095759	0.08254933408380705	0.1702397297397875	0.08055949632720817	0.07852714821137613	0.07543534633448606	0.17762276402298516	0.07366824841781583	0.35566202089062166	0.08003801531494692
hu	0.26704648259561	0.11183586446774618	0.5301883695121257	0.19247112407034153	0.0733081306073986	0.06722095103646285	0.08427328204076204	0.06890220344320015	0.06808946302201598	0.06540961218290878	0.06836883636508444	0.0842932358074696	1.0	0.07927451499426848	0.07047771690428141	0.07516882678714025	0.06750393594850976	0.11317204489505776	0.09479890116614242	0.10854296821953097	0.16476468037696343	0.0687719040500521	0.07390388489236904	0.07026470449781085	0.08277948273154186	0.07409855310416347	0.08102238637287305	0.14162402055316867	0.07609019728427217	0.07530860670607055	0.07427820745850057	0.16522036002924276	0.0739120409605623	0.34154163212938765	0.08190207761468304
id	0.3787446200699294	0.10229249694598695	0.5604770794563164	0.25720606428853177	0.07774145207080323	0.049218833411884114	0.07567508069670088	0.05317156437799758	0.047320933608048836	0.05178085558321882	0.0581279423224689	0.07687369007635013	0.07927451499426848	1.0	0.05591309774705793	0.06022274404234564	0.061480272625356505	0.09305616835767475	0.10426965073680242	0.10672843845615906	0.16345691325231443	0.05244956469159374	0.05113843711559708	0.055246678738418924	0.07435334152749536	0.05890470884148698	0.07473124319556561	0.1666939859163896	0.07165231943335733	0.060088468775573806	0.06095987460525556	0.16259474347730973	0.06357492053916335	0.4200877713695258	0.06494396751634421
it	0.2148825186132323	0.09265252135305267	0.5513844143994665	0.1399953809601821	0.06052356998467288	0.03729092125705748	0.07189000522293583	0.045878393921890644	0.037367776413403136	0.04763689165144235	0.052943563637061014	0.07159938974166524	0.07047771690428141	0.05591309774705793	1.0	0.059428343408791794	0.05915012919180454	0.08499851163703571	0.08339829659028455	0.08584238877311613	0.13438527337139916	0.04074168678926668	0.03925119317197738	0.05208439253170425	0.06460429540117212	0.05671209476515407	0.06929399819689473	0.15527410306223352	0.06548885803292481	0.054482269468651624	0.06008015646162418	0.12233364691838858	0.05953768520693613	0.34858378671663004	0.06619231550830088
ja	0.2621580555227023	0.09293449253635276	0.5604770794563164	0.17823041776874088	0.06772854906387107	0.043329974967492635	0.07416159363483685	0.056030206986081084	0.04167649868408843	0.054427771787005794	0.055948833588621495	0.07520598663157806	0.07516882678714025	0.06022274404234564	0.059428343408791794	1.0	0.06267152318025218	0.08979718572281746	0.0840657288519887	0.08438811497364768	0.14789712144306996	0.04651507700013892	0.044334632916394855	0.060316244143335224	0.06717357791242529	0.06515568044475972	0.07398339704293197	0.1440442272403784	0.06851310061431505	0.059021450933664274	0.06525721586492096	0.1306287019589889	0.06222647379475475	0.35318654989044396	0.0731546092700433
ko	0.2064841465978861	0.0986991362638233	0.5604770794563164	0.20200883413815918	0.0641052069040005	0.04726446881601306	0.07006817870807965	0.05820041708155226	0.045019233936014744	0.05563358875781856	0.05516871111752857	0.07348455683104992	0.06750393594850976	0.061480272625356505	0.05915012919180454	0.06267152318025218	1.0	0.09746609278929273	0.09145010022346024	0.0953835551190847	0.1566166147046022	0.05209576350779859	0.05038629966503984	0.06038043028539775	0.06274012274098435	0.06298414654775965	0.06821014909004953	0.13946337856175833	0.06375655481683877	0.05668205850828663	0.06271033918656592	0.14256792760900974	0.059893420344402766	0.4366815374455036	0.0678000226592081
lv	0.3874770137395124	0.13023933497207263	0.5780171791412113	0.31323189957027026	0.10309488653056408	0.09737263889871053	0.10012652161989492	0.08221987367475647	0.09489648616952828	0.0830504660433139	0.09713020389535529	0.10551901784411172	0.11317204489505776	0.09305616835767475	0.08499851163703571	0.08979718572281746	0.09746609278929273	1.0	0.12171193770569509	0.13446719836067675	0.17948462050919287	0.09509219955450916	0.09585654164701209	0.08788770938016821	0.10428812826857872	0.09223659161816852	0.10884401892032734	0.16756450958621888	0.09810103709467653	0.10701600666537694	0.09044504391138324	0.1712550840893277	0.09816598478842166	0.41403827131695864	0.09822131629609224
mk	0.24895099785898586	0.11305822972735091	0.5716582061263775	0.15374522919149203	0.0995132623672456	0.09323680796238999	0.09895872207149584	0.08141420667964203	0.09426592281353263	0.08117662035475837	0.08850161994409365	0.10633894546649136	0.09479890116614242	0.10426965073680242	0.08339829659028455	0.0840657288519887	0.09145010022346024	0.12171193770569509	1.0	0.1256677863857491	0.1690103647561313	0.10408941358275402	0.09325904856022389	0.08548179268376552	0.09568121249792091	0.08778799510260868	0.09528323795551746	0.14654478275117094	0.09814239485230516	0.09349572640278406	0.08905540754661948	0.17462972016438888	0.09115794454929652	0.31084923861549923	0.0926097565574446
ml	0.5664944681766735	0.16985593838451957	0.5716582061263775	0.24940862314438142	0.10645979734644258	0.10059706971494924	0.11049154285014998	0.08721480325689339	0.09966638088992129	0.08409705729963744	0.10208076006649058	0.1025291468947985	0.10854296821953097	0.10672843845615906	0.08584238877311613	0.08438811497364768	0.0953835551190847	0.13446719836067675	0.1256677863857491	1.0	0.19086998913953276	0.10584327803412313	0.10120479743761983	0.08799500983087909	0.10169293141602274	0.087472585626127	0.106654089921151	0.19711103443305167	0.10936765992155977	0.10422152470012397	0.09182097303382394	0.18856119579064154	0.09336727106547178	0.39027332796093167	0.09741483334326251
mr	0.41527713196548505	0.1726761969069791	0.6427811771228706	0.30590376275851094	0.17857609122269122	0.160861059286206	0.1508174981419442	0.12940762249277094	0.166020969410374	0.14225000587654354	0.1628674665205521	0.150983807592421	0.16476468037696343	0.16345691325231443	0.13438527337139916	0.14789712144306996	0.1566166147046022	0.17948462050919287	0.1690103647561313	0.19086998913953276	1.0	0.1597583269935422	0.1634793828310902	0.1403791587855163	0.17786876452382247	0.1391981641027025	0.15590918265540857	0.2280440555067668	0.15305767021640537	0.1724871258833479	0.15306627416499435	0.1615677695182242	0.15286806522071023	0.26426858905921524	0.13614761953937038
nl	0.308427112801829	0.10694327108517589	0.5716582061263775	0.2634857860839086	0.06111987602938751	0.033823410843839115	0.07301834447371476	0.038881297923738074	0.03414875629150436	0.039216522310808515	0.04551421215315804	0.07789767664515827	0.0687719040500521	0.05244956469159374	0.04074168678926668	0.04651507700013892	0.05209576350779859	0.09509219955450916	0.10408941358275402	0.10584327803412313	0.1597583269935422	1.0	0.036109462820031635	0.041637233661382896	0.06755481475566352	0.04363805123176988	0.06914235132240808	0.15350524815823333	0.06270190303069317	0.049026699589871305	0.04638619113449602	0.15334781132745398	0.053269876902936955	0.45013858716475647	0.0519100826397218
pl	0.3008695029845338	0.10582107824148146	0.5604770794563164	0.1891391057109036	0.06136210345586509	0.03198549602454161	0.07274104281861704	0.035857783503819865	0.03249009988531422	0.037573459491410034	0.04475871813679723	0.0765487077043913	0.07390388489236904	0.05113843711559708	0.03925119317197738	0.044334632916394855	0.05038629966503984	0.09585654164701209	0.09325904856022389	0.10120479743761983	0.1634793828310902	0.036109462820031635	1.0	0.040340747939260416	0.063866268336518	0.04231311896061141	0.06872703639131969	0.15821581933583462	0.06088954017912341	0.04757740856156627	0.04608208274722411	0.15949066409347526	0.05406460330679127	0.3335827702592358	0.04850974647525666
pt	0.20453029198095513	0.09175468814719391	0.37164622108353024	0.15961521451851857	0.061591953461194913	0.03892410402891073	0.07285889029439316	0.048476933230653864	0.038040959146703544	0.049143453429109245	0.0527449334984597	0.07337331021645122	0.07026470449781085	0.055246678738418924	0.05208439253170425	0.060316244143335224	0.06038043028539775	0.08788770938016821	0.08548179268376552	0.08799500983087909	0.1403791587855163	0.041637233661382896	0.040340747939260416	1.0	0.06246126997054922	0.058203310769169944	0.06847945075347081	0.12963196899009521	0.06528418792681107	0.05545906574007508	0.06094783048027163	0.13289111106371249	0.05909043479152886	0.37959654177725827	0.06709163450696223
ro	0.2952938961441851	0.11072843873277538	0.5604770794563164	0.19742620034102332	0.08000643716584822	0.06335628903612747	0.08154647899047694	0.06041549730835836	0.061561731868678034	0.06003314484848526	0.0637050298697036	0.08888157137990027	0.08277948273154186	0.07435334152749536	0.06460429540117212	0.06717357791242529	0.06274012274098435	0.10428812826857872	0.09568121249792091	0.10169293141602274	0.17786876452382247	0.06755481475566352	0.063866268336518	0.06246126997054922	1.0	0.06752380935798223	0.08347511190989439	0.13893697449406303	0.07907958618261368	0.06939297554605835	0.06407967814122585	0.16024140990163355	0.06883303043969537	0.3712953074062645	0.07410554963161689
ru	0.25519031311773854	0.08966700135278476	0.4968065520394991	0.1574843467730696	0.06597153865910906	0.040030712393130496	0.07552574813240051	0.05159600817217374	0.03962610296217326	0.052584976246292575	0.05537757014746866	0.07612071586095759	0.07409855310416347	0.05890470884148698	0.05671209476515407	0.06515568044475972	0.06298414654775965	0.09223659161816852	0.08778799510260868	0.087472585626127	0.1391981641027025	0.04363805123176988	0.04231311896061141	0.058203310769169944	0.06752380935798223	1.0	0.07451714509054347	0.13554948903130243	0.06890236988740875	0.05740038017441375	0.06535974699218815	0.12265943506749524	0.0631149976898964	0.24791597551689523	0.07362324677453193
sh	0.34813798890171244	0.10336952620679134	0.5865167004672415	0.2381732209782742	0.08350147865398515	0.06723313557234943	0.08355138092688726	0.0691863172510298	0.06845814691758445	0.06628880380186618	0.06605638033190867	0.08254933408380705	0.08102238637287305	0.07473124319556561	0.06929399819689473	0.07398339704293197	0.06821014909004953	0.10884401892032734	0.09528323795551746	0.106654089921151	0.15590918265540857	0.06914235132240808	0.06872703639131969	0.06847945075347081	0.08347511190989439	0.07451714509054347	1.0	0.1610698733357663	0.07528527787947777	0.06398475329506204	0.07203303100529732	0.13150093628827397	0.07599627605068879	0.33849643588391715	0.07796153618606602
si	0.30339125683302487	0.19076451183510854	0.5185987385073753	0.21251219647242692	0.14583311565627616	0.16026248064730791	0.16034810524696494	0.13717758717294792	0.15254064594735683	0.14858461306272874	0.15440304407933178	0.1702397297397875	0.14162402055316867	0.1666939859163896	0.15527410306223352	0.1440442272403784	0.13946337856175833	0.16756450958621888	0.14654478275117094	0.19711103443305167	0.2280440555067668	0.15350524815823333	0.15821581933583462	0.12963196899009521	0.13893697449406303	0.13554948903130243	0.1610698733357663	1.0	0.141064141000388	0.16145801988964673	0.13167194798014273	0.2211835530196203	0.14741004467633465	0.26261306904628245	0.13046882856757683
simple	0.23246034840048366	0.1078016951156728	0.5716582061263775	0.19387860647877186	0.07810380961494909	0.06189096862241315	0.08119230231388898	0.06408719243524036	0.061201836353457176	0.05982732197086088	0.06400817955749863	0.08055949632720817	0.07609019728427217	0.07165231943335733	0.06548885803292481	0.06851310061431505	0.06375655481683877	0.09810103709467653	0.09814239485230516	0.10936765992155977	0.15305767021640537	0.06270190303069317	0.06088954017912341	0.06528418792681107	0.07907958618261368	0.06890236988740875	0.07528527787947777	0.141064141000388	1.0	0.06839590231895115	0.06791704803755387	0.16820482336496417	0.06858486245609195	0.33802023650838925	0.07356637687847303
sr	0.23700980643289593	0.10484841684452316	0.5228893329829787	0.2056926987036052	0.07228151425294603	0.04526434416356765	0.0775195145731184	0.05289647111172773	0.04650272274019727	0.05140607939294303	0.05402246344269745	0.07852714821137613	0.07530860670607055	0.060088468775573806	0.054482269468651624	0.059021450933664274	0.05668205850828663	0.10701600666537694	0.09349572640278406	0.10422152470012397	0.1724871258833479	0.049026699589871305	0.04757740856156627	0.05545906574007508	0.06939297554605835	0.05740038017441375	0.06398475329506204	0.16145801988964673	0.06839590231895115	1.0	0.05816723542161514	0.15274227837193977	0.06108461676065178	0.4280632613336506	0.06397420638351924
sv	0.21692852706059573	0.09758912900325392	0.5716582061263775	0.17526960959227603	0.06301867425300689	0.0428649871755899	0.07479773649283299	0.05762879431947515	0.04306933458763214	0.05510074050884511	0.05640425673223849	0.07543534633448606	0.07427820745850057	0.06095987460525556	0.06008015646162418	0.06525721586492096	0.06271033918656592	0.09044504391138324	0.08905540754661948	0.09182097303382394	0.15306627416499435	0.04638619113449602	0.04608208274722411	0.06094783048027163	0.06407967814122585	0.06535974699218815	0.07203303100529732	0.13167194798014273	0.06791704803755387	0.05816723542161514	1.0	0.12850851438496372	0.06337271562738356	0.3017713906063195	0.0734744734270612
te	0.3027291123805097	0.23180615239589358	0.672370045633007	0.3282611274872386	0.18147821244103965	0.14413937783809955	0.1620678623619028	0.11899683097956291	0.1452423076231785	0.13139229362109878	0.14423336137967718	0.17762276402298516	0.16522036002924276	0.16259474347730973	0.12233364691838858	0.1306287019589889	0.14256792760900974	0.1712550840893277	0.17462972016438888	0.18856119579064154	0.1615677695182242	0.15334781132745398	0.15949066409347526	0.13289111106371249	0.16024140990163355	0.12265943506749524	0.13150093628827397	0.2211835530196203	0.16820482336496417	0.15274227837193977	0.12850851438496372	1.0	0.14034726908577327	0.35621177966472145	0.12627373851109358
vi	0.32062910701425607	0.10537062383845303	0.5716582061263775	0.21876357610401978	0.07003291999707657	0.05052851648733427	0.07507255069855477	0.05734426002032934	0.05130776685820145	0.05575022903065913	0.057219761304789805	0.07366824841781583	0.0739120409605623	0.06357492053916335	0.05953768520693613	0.06222647379475475	0.059893420344402766	0.09816598478842166	0.09115794454929652	0.09336727106547178	0.15286806522071023	0.053269876902936955	0.05406460330679127	0.05909043479152886	0.06883303043969537	0.0631149976898964	0.07599627605068879	0.14741004467633465	0.06858486245609195	0.06108461676065178	0.06337271562738356	0.14034726908577327	1.0	0.4197551465761167	0.06790889434202686
war	0.6928997443627297	0.31735599819286675	0.5865167004672415	0.5561634412916654	0.33630003697693645	0.47504782809934915	0.24049171087715343	0.29677614285575826	0.4952001473985661	0.3551334450102519	0.40930362621703714	0.35566202089062166	0.34154163212938765	0.4200877713695258	0.34858378671663004	0.35318654989044396	0.4366815374455036	0.41403827131695864	0.31084923861549923	0.39027332796093167	0.26426858905921524	0.45013858716475647	0.3335827702592358	0.37959654177725827	0.3712953074062645	0.24791597551689523	0.33849643588391715	0.26261306904628245	0.33802023650838925	0.4280632613336506	0.3017713906063195	0.35621177966472145	0.4197551465761167	1.0	0.2637435877826579
zh	0.22067159666791208	0.09708662475428932	0.5716582061263775	0.1625590060991668	0.07214311574741514	0.048388888607452094	0.0855746552781949	0.06286153070756362	0.04528799545864455	0.059674630350385935	0.05997849726466147	0.08003801531494692	0.08190207761468304	0.06494396751634421	0.06619231550830088	0.0731546092700433	0.0678000226592081	0.09822131629609224	0.0926097565574446	0.09741483334326251	0.13614761953937038	0.0519100826397218	0.04850974647525666	0.06709163450696223	0.07410554963161689	0.07362324677453193	0.07796153618606602	0.13046882856757683	0.07356637687847303	0.06397420638351924	0.0734744734270612	0.12627373851109358	0.06790889434202686	0.2637435877826579	1.0
