arz	bs	ceb	ckb	da	de	el	en	es	fr	he	hi	hu	id	it	ja	ko	lv	mk	ml	mr	nl	pl	pt	ro	ru	sh	si	simple	sr	sv	te	tr	union	vi	war	zh
arz	0.5	0.25	0.0	0.10714285714285714	0.07142857142857142	0.023809523809523808	0.125	0.016666666666666666	0.021739130434782608	0.020833333333333332	0.0625	0.1	0.0625	0.0625	0.029411764705882353	0.03333333333333333	0.045454545454545456	0.25	0.1	0.0	0.0	0.03125	0.045454545454545456	0.03333333333333333	0.08333333333333333	0.041666666666666664	0.07142857142857142	0.1111111111111111	0.0	0.07142857142857142	0.038461538461538464	0.08823529411764706	0.05555555555555555	0.012195121951219513	0.08333333333333333	0.3	0.038461538461538464
bs	0.25	0.5	0.041666666666666664	0.13157894736842105	0.14285714285714285	0.047619047619047616	0.1	0.03333333333333333	0.043478260869565216	0.041666666666666664	0.125	0.2	0.125	0.125	0.058823529411764705	0.06666666666666667	0.09090909090909091	0.16666666666666666	0.08333333333333333	0.16666666666666666	0.0	0.0625	0.09090909090909091	0.06666666666666667	0.16666666666666666	0.08333333333333333	0.14285714285714285	0.0625	0.0	0.14285714285714285	0.07692307692307693	0.14285714285714285	0.1111111111111111	0.024390243902439025	0.16666666666666666	0.07692307692307693	0.07692307692307693
ceb	0.0	0.041666666666666664	0.5	0.041666666666666664	0.013888888888888888	0.005319148936170213	0.02	0.0035211267605633804	0.00510204081632653	0.004901960784313725	0.008928571428571428	0.021739130434782608	0.022727272727272728	0.01020408163265306	0.006097560975609756	0.007575757575757576	0.010416666666666666	0.02631578947368421	0.0	0.03125	0.0	0.006578947368421052	0.006172839506172839	0.0056179775280898875	0.015625	0.0	0.012195121951219513	0.0	0.014285714285714285	0.008620689655172414	0.007042253521126761	0.03333333333333333	0.011363636363636364	0.002890173410404624	0.01282051282051282	0.0	0.00847457627118644
ckb	0.10714285714285714	0.13157894736842105	0.041666666666666664	0.5	0.11538461538461539	0.06382978723404255	0.16071428571428573	0.04225352112676056	0.061224489795918366	0.058823529411764705	0.09649122807017543	0.14814814814814814	0.18	0.09803921568627451	0.07317073170731707	0.07352941176470588	0.1	0.20454545454545456	0.17647058823529413	0.2	0.1	0.07894736842105263	0.07407407407407407	0.06111111111111111	0.16666666666666666	0.06547619047619048	0.10227272727272728	0.14285714285714285	0.13513513513513514	0.09322033898305085	0.08450704225352113	0.14285714285714285	0.10869565217391304	0.03468208092485549	0.12195121951219512	0.125	0.09166666666666666
da	0.07142857142857142	0.14285714285714285	0.013888888888888888	0.11538461538461539	0.5	0.16666666666666666	0.1875	0.11666666666666667	0.15217391304347827	0.14583333333333334	0.4375	0.16666666666666666	0.25	0.25	0.20588235294117646	0.23333333333333334	0.3181818181818182	0.14285714285714285	0.25	0.14285714285714285	0.07142857142857142	0.21875	0.25	0.23333333333333334	0.3125	0.2916666666666667	0.375	0.05263157894736842	0.125	0.2	0.2692307692307692	0.1375	0.3	0.08536585365853659	0.2222222222222222	0.041666666666666664	0.2692307692307692
de	0.023809523809523808	0.047619047619047616	0.005319148936170213	0.06382978723404255	0.16666666666666666	0.5	0.09523809523809523	0.16666666666666666	0.125	0.25	0.0	0.125	0.13043478260869565	0.0	0.125	0.1	0.125	0.047619047619047616	0.11904761904761904	0.047619047619047616	0.023809523809523808	0.3333333333333333	0.3333333333333333	0.08333333333333333	0.16666666666666666	0.2	0.16666666666666666	0.02631578947368421	0.125	0.16666666666666666	0.2727272727272727	0.07368421052631578	0.0	0.13636363636363635	0.125	0.015957446808510637	0.1
el	0.125	0.1	0.02	0.16071428571428573	0.1875	0.09523809523809523	0.5	0.06666666666666667	0.08695652173913043	0.08333333333333333	0.16666666666666666	0.14285714285714285	0.1	0.16666666666666666	0.11764705882352941	0.09375	0.125	0.1	0.14285714285714285	0.1	0.0	0.125	0.125	0.09375	0.125	0.11538461538461539	0.1875	0.07407407407407407	0.0	0.1875	0.15384615384615385	0.14516129032258066	0.15	0.04878048780487805	0.3333333333333333	0.06	0.15384615384615385
en	0.016666666666666666	0.03333333333333333	0.0035211267605633804	0.04225352112676056	0.11666666666666667	0.16666666666666666	0.06666666666666667	0.5	0.1111111111111111	0.16666666666666666	0.05555555555555555	0.1111111111111111	0.11290322580645161	0.05555555555555555	0.1111111111111111	0.16666666666666666	0.1111111111111111	0.03333333333333333	0.08333333333333333	0.03333333333333333	0.016666666666666666	0.1111111111111111	0.1111111111111111	0.15	0.05555555555555555	0.15	0.11666666666666667	0.021774428957162664	0.1111111111111111	0.11666666666666667	0.21666666666666667	0.0528169014084507	0.05555555555555555	0.4090909090909091	0.1111111111111111	0.01056338028169014	0.16666666666666666
es	0.021739130434782608	0.043478260869565216	0.00510204081632653	0.061224489795918366	0.15217391304347827	0.125	0.08695652173913043	0.1111111111111111	0.5	0.125	0.25	0.5	0.14583333333333334	0.25	0.5	0.3333333333333333	0.16666666666666666	0.043478260869565216	0.10869565217391304	0.043478260869565216	0.021739130434782608	0.16666666666666666	0.16666666666666666	0.25	0.25	0.25	0.15217391304347827	0.025252525252525252	0.16666666666666666	0.15217391304347827	0.2826086956521739	0.07653061224489796	0.25	0.09090909090909091	0.16666666666666666	0.015306122448979591	0.125
fr	0.020833333333333332	0.041666666666666664	0.004901960784313725	0.058823529411764705	0.14583333333333334	0.25	0.08333333333333333	0.16666666666666666	0.125	0.5	0.0	0.125	0.14	0.0	0.125	0.1	0.125	0.041666666666666664	0.10416666666666667	0.041666666666666664	0.020833333333333332	0.125	0.125	0.08333333333333333	0.16666666666666666	0.2	0.14583333333333334	0.03272302298402805	0.125	0.14583333333333334	0.2708333333333333	0.06796116504854369	0.0	0.13636363636363635	0.125	0.014705882352941176	0.25
he	0.0625	0.125	0.008928571428571428	0.09649122807017543	0.4375	0.0	0.16666666666666666	0.05555555555555555	0.25	0.0	0.5	0.25	0.3	0.5	0.25	0.16666666666666666	0.0	0.125	0.2222222222222222	0.125	0.0625	0.0	0.0	0.125	0.0	0.125	0.3333333333333333	0.043859649122807015	0.0	0.18181818181818182	0.3076923076923077	0.12280701754385964	0.5	0.045454545454545456	0.0	0.026785714285714284	0.0
hi	0.1	0.2	0.021739130434782608	0.14814814814814814	0.16666666666666666	0.125	0.14285714285714285	0.1111111111111111	0.5	0.125	0.25	0.5	0.09090909090909091	0.25	0.5	0.3333333333333333	0.16666666666666666	0.08333333333333333	0.21428571428571427	0.2	0.0	0.16666666666666666	0.16666666666666666	0.25	0.25	0.25	0.16666666666666666	0.057692307692307696	0.16666666666666666	0.25	0.1	0.17857142857142858	0.25	0.09090909090909091	0.16666666666666666	0.041666666666666664	0.125
hu	0.0625	0.125	0.022727272727272728	0.18	0.25	0.13043478260869565	0.1	0.11290322580645161	0.14583333333333334	0.14	0.3	0.09090909090909091	0.5	0.16666666666666666	0.15789473684210525	0.1388888888888889	0.23076923076923078	0.125	0.09090909090909091	0.05555555555555555	0.0625	0.20588235294117646	0.23076923076923078	0.17647058823529413	0.2	0.21428571428571427	0.18181818181818182	0.08333333333333333	0.1111111111111111	0.125	0.2	0.11666666666666667	0.20833333333333334	0.0975609756097561	0.13636363636363635	0.06818181818181818	0.2
id	0.0625	0.125	0.01020408163265306	0.09803921568627451	0.25	0.0	0.16666666666666666	0.05555555555555555	0.25	0.0	0.5	0.25	0.16666666666666666	0.5	0.25	0.16666666666666666	0.0	0.125	0.3125	0.125	0.0625	0.0	0.0	0.125	0.0	0.125	0.18181818181818182	0.05	0.0	0.25	0.25	0.12745098039215685	0.5	0.045454545454545456	0.0	0.030612244897959183	0.0
it	0.029411764705882353	0.058823529411764705	0.006097560975609756	0.07317073170731707	0.20588235294117646	0.125	0.11764705882352941	0.1111111111111111	0.5	0.125	0.25	0.5	0.15789473684210525	0.25	0.5	0.3333333333333333	0.16666666666666666	0.058823529411764705	0.14705882352941177	0.058823529411764705	0.029411764705882353	0.16666666666666666	0.16666666666666666	0.25	0.25	0.25	0.20588235294117646	0.030120481927710843	0.16666666666666666	0.20588235294117646	0.3333333333333333	0.09146341463414634	0.25	0.09090909090909091	0.16666666666666666	0.018292682926829267	0.125
ja	0.03333333333333333	0.06666666666666667	0.007575757575757576	0.07352941176470588	0.23333333333333334	0.1	0.09375	0.16666666666666666	0.3333333333333333	0.1	0.16666666666666666	0.3333333333333333	0.1388888888888889	0.16666666666666666	0.3333333333333333	0.5	0.3333333333333333	0.06666666666666667	0.16666666666666666	0.06666666666666667	0.03333333333333333	0.125	0.125	0.375	0.16666666666666666	0.2	0.1875	0.03731343283582089	0.3333333333333333	0.14705882352941177	0.2	0.1044776119402985	0.16666666666666666	0.13636363636363635	0.3333333333333333	0.022727272727272728	0.25
ko	0.045454545454545456	0.09090909090909091	0.010416666666666666	0.1	0.3181818181818182	0.125	0.125	0.1111111111111111	0.16666666666666666	0.125	0.0	0.16666666666666666	0.23076923076923078	0.0	0.16666666666666666	0.3333333333333333	0.5	0.09090909090909091	0.22727272727272727	0.09090909090909091	0.045454545454545456	0.16666666666666666	0.16666666666666666	0.25	0.25	0.1	0.25	0.05102040816326531	0.5	0.19230769230769232	0.35714285714285715	0.14285714285714285	0.0	0.09090909090909091	0.5	0.03125	0.3333333333333333
lv	0.25	0.16666666666666666	0.02631578947368421	0.20454545454545456	0.14285714285714285	0.047619047619047616	0.1	0.03333333333333333	0.043478260869565216	0.041666666666666664	0.125	0.08333333333333333	0.125	0.125	0.058823529411764705	0.06666666666666667	0.09090909090909091	0.5	0.2	0.0	0.25	0.0625	0.09090909090909091	0.06666666666666667	0.16666666666666666	0.08333333333333333	0.0625	0.09523809523809523	0.125	0.0625	0.07692307692307693	0.18	0.1111111111111111	0.024390243902439025	0.07142857142857142	0.07894736842105263	0.07692307692307693
mk	0.1	0.08333333333333333	0.0	0.17647058823529413	0.25	0.11904761904761904	0.14285714285714285	0.08333333333333333	0.10869565217391304	0.10416666666666667	0.2222222222222222	0.21428571428571427	0.09090909090909091	0.3125	0.14705882352941177	0.16666666666666666	0.22727272727272727	0.2	0.5	0.08333333333333333	0.1	0.11764705882352941	0.16666666666666666	0.16666666666666666	0.1875	0.15384615384615385	0.16666666666666666	0.10714285714285714	0.16666666666666666	0.16666666666666666	0.14285714285714285	0.15	0.13636363636363635	0.06097560975609756	0.1111111111111111	0.08333333333333333	0.19230769230769232
ml	0.0	0.16666666666666666	0.03125	0.2	0.14285714285714285	0.047619047619047616	0.1	0.03333333333333333	0.043478260869565216	0.041666666666666664	0.125	0.2	0.05555555555555555	0.125	0.058823529411764705	0.06666666666666667	0.09090909090909091	0.0	0.08333333333333333	0.5	0.0	0.0625	0.09090909090909091	0.06666666666666667	0.16666666666666666	0.08333333333333333	0.14285714285714285	0.07894736842105263	0.0	0.14285714285714285	0.07692307692307693	0.14583333333333334	0.1111111111111111	0.024390243902439025	0.16666666666666666	0.09375	0.07692307692307693
mr	0.0	0.0	0.0	0.1	0.07142857142857142	0.023809523809523808	0.0	0.016666666666666666	0.021739130434782608	0.020833333333333332	0.0625	0.0	0.0625	0.0625	0.029411764705882353	0.03333333333333333	0.045454545454545456	0.25	0.1	0.0	0.5	0.03125	0.045454545454545456	0.03333333333333333	0.08333333333333333	0.041666666666666664	0.0	0.1	0.16666666666666666	0.0	0.038461538461538464	0.15625	0.05555555555555555	0.012195121951219513	0.0	0.0625	0.038461538461538464
nl	0.03125	0.0625	0.006578947368421052	0.07894736842105263	0.21875	0.3333333333333333	0.125	0.1111111111111111	0.16666666666666666	0.125	0.0	0.16666666666666666	0.20588235294117646	0.0	0.16666666666666666	0.125	0.16666666666666666	0.0625	0.11764705882352941	0.0625	0.03125	0.5	0.5	0.1	0.25	0.1	0.17647058823529413	0.02564102564102564	0.16666666666666666	0.1388888888888889	0.35294117647058826	0.09090909090909091	0.0	0.09090909090909091	0.16666666666666666	0.019736842105263157	0.125
pl	0.045454545454545456	0.09090909090909091	0.006172839506172839	0.07407407407407407	0.25	0.3333333333333333	0.125	0.1111111111111111	0.16666666666666666	0.125	0.0	0.16666666666666666	0.23076923076923078	0.0	0.16666666666666666	0.125	0.16666666666666666	0.09090909090909091	0.16666666666666666	0.09090909090909091	0.045454545454545456	0.5	0.5	0.1	0.25	0.1	0.19230769230769232	0.03048780487804878	0.16666666666666666	0.19230769230769232	0.25	0.08536585365853659	0.0	0.09090909090909091	0.16666666666666666	0.018518518518518517	0.125
pt	0.03333333333333333	0.06666666666666667	0.0056179775280898875	0.06111111111111111	0.23333333333333334	0.08333333333333333	0.09375	0.15	0.25	0.08333333333333333	0.125	0.25	0.17647058823529413	0.125	0.25	0.375	0.25	0.06666666666666667	0.16666666666666666	0.06666666666666667	0.03333333333333333	0.1	0.1	0.5	0.125	0.16666666666666666	0.1875	0.027777777777777776	0.25	0.14705882352941177	0.2777777777777778	0.08426966292134831	0.125	0.18181818181818182	0.25	0.016853932584269662	0.2
ro	0.08333333333333333	0.16666666666666666	0.015625	0.16666666666666666	0.3125	0.16666666666666666	0.125	0.05555555555555555	0.25	0.16666666666666666	0.0	0.25	0.2	0.0	0.25	0.16666666666666666	0.25	0.16666666666666666	0.1875	0.16666666666666666	0.08333333333333333	0.25	0.25	0.125	0.5	0.125	0.2222222222222222	0.058823529411764705	0.25	0.2222222222222222	0.17857142857142858	0.11842105263157894	0.0	0.045454545454545456	0.25	0.046875	0.16666666666666666
ru	0.041666666666666664	0.08333333333333333	0.0	0.06547619047619048	0.2916666666666667	0.2	0.11538461538461539	0.15	0.25	0.2	0.125	0.25	0.21428571428571427	0.125	0.25	0.2	0.1	0.08333333333333333	0.15384615384615385	0.08333333333333333	0.041666666666666664	0.1	0.1	0.16666666666666666	0.125	0.5	0.2916666666666667	0.02976190476190476	0.1	0.17857142857142858	0.3333333333333333	0.08333333333333333	0.125	0.18181818181818182	0.1	0.018072289156626505	0.08333333333333333
sh	0.07142857142857142	0.14285714285714285	0.012195121951219513	0.10227272727272728	0.375	0.16666666666666666	0.1875	0.11666666666666667	0.15217391304347827	0.14583333333333334	0.3333333333333333	0.16666666666666666	0.18181818181818182	0.18181818181818182	0.20588235294117646	0.1875	0.25	0.0625	0.16666666666666666	0.14285714285714285	0.0	0.17647058823529413	0.19230769230769232	0.1875	0.2222222222222222	0.2916666666666667	0.5	0.046511627906976744	0.05555555555555555	0.2777777777777778	0.2692307692307692	0.1511627906976744	0.22727272727272727	0.08536585365853659	0.2222222222222222	0.036585365853658534	0.21428571428571427
si	0.1111111111111111	0.0625	0.0	0.14285714285714285	0.05263157894736842	0.02631578947368421	0.07407407407407407	0.021774428957162664	0.025252525252525252	0.03272302298402805	0.043859649122807015	0.057692307692307696	0.08333333333333333	0.05	0.030120481927710843	0.03731343283582089	0.05102040816326531	0.09523809523809523	0.10714285714285714	0.07894736842105263	0.1	0.02564102564102564	0.03048780487804878	0.027777777777777776	0.058823529411764705	0.02976190476190476	0.046511627906976744	1.0	0.06944444444444445	0.0423728813559322	0.034722222222222224	0.11764705882352941	0.043478260869565216	0.01763672349022195	0.0625	0.14285714285714285	0.041666666666666664
simple	0.0	0.0	0.014285714285714285	0.13513513513513514	0.125	0.125	0.0	0.1111111111111111	0.16666666666666666	0.125	0.0	0.16666666666666666	0.1111111111111111	0.0	0.16666666666666666	0.3333333333333333	0.5	0.125	0.16666666666666666	0.0	0.16666666666666666	0.16666666666666666	0.16666666666666666	0.25	0.25	0.1	0.05555555555555555	0.06944444444444445	0.5	0.0	0.11538461538461539	0.15789473684210525	0.0	0.09090909090909091	0.5	0.04285714285714286	0.3333333333333333
sr	0.07142857142857142	0.14285714285714285	0.008620689655172414	0.09322033898305085	0.2	0.16666666666666666	0.1875	0.11666666666666667	0.15217391304347827	0.14583333333333334	0.18181818181818182	0.25	0.125	0.25	0.20588235294117646	0.14705882352941177	0.19230769230769232	0.0625	0.16666666666666666	0.14285714285714285	0.0	0.1388888888888889	0.19230769230769232	0.14705882352941177	0.2222222222222222	0.17857142857142858	0.2777777777777778	0.0423728813559322	0.0	0.5	0.21428571428571427	0.11864406779661017	0.16666666666666666	0.08536585365853659	0.2222222222222222	0.02586206896551724	0.21428571428571427
sv	0.038461538461538464	0.07692307692307693	0.007042253521126761	0.08450704225352113	0.2692307692307692	0.2727272727272727	0.15384615384615385	0.21666666666666667	0.2826086956521739	0.2708333333333333	0.3076923076923077	0.1	0.2	0.25	0.3333333333333333	0.2	0.35714285714285715	0.07692307692307693	0.14285714285714285	0.07692307692307693	0.038461538461538464	0.35294117647058826	0.25	0.2777777777777778	0.17857142857142858	0.3333333333333333	0.2692307692307692	0.034722222222222224	0.11538461538461539	0.21428571428571427	0.5	0.09722222222222222	0.1875	0.15853658536585366	0.17857142857142858	0.02112676056338028	0.3125
te	0.08823529411764706	0.14285714285714285	0.03333333333333333	0.14285714285714285	0.1375	0.07368421052631578	0.14516129032258066	0.0528169014084507	0.07653061224489796	0.06796116504854369	0.12280701754385964	0.17857142857142858	0.11666666666666667	0.12745098039215685	0.09146341463414634	0.1044776119402985	0.14285714285714285	0.18	0.15	0.14583333333333334	0.15625	0.09090909090909091	0.08536585365853659	0.08426966292134831	0.11842105263157894	0.08333333333333333	0.1511627906976744	0.11764705882352941	0.15789473684210525	0.11864406779661017	0.09722222222222222	0.5	0.10204081632653061	0.04335260115606936	0.14285714285714285	0.0625	0.1271186440677966
tr	0.05555555555555555	0.1111111111111111	0.011363636363636364	0.10869565217391304	0.3	0.0	0.15	0.05555555555555555	0.25	0.0	0.5	0.25	0.20833333333333334	0.5	0.25	0.16666666666666666	0.0	0.1111111111111111	0.13636363636363635	0.1111111111111111	0.05555555555555555	0.0	0.0	0.125	0.0	0.125	0.22727272727272727	0.043478260869565216	0.0	0.16666666666666666	0.1875	0.10204081632653061	0.5	0.045454545454545456	0.0	0.03409090909090909	0.0
union	0.012195121951219513	0.024390243902439025	0.002890173410404624	0.03468208092485549	0.08536585365853659	0.13636363636363635	0.04878048780487805	0.4090909090909091	0.09090909090909091	0.13636363636363635	0.045454545454545456	0.09090909090909091	0.0975609756097561	0.045454545454545456	0.09090909090909091	0.13636363636363635	0.09090909090909091	0.024390243902439025	0.06097560975609756	0.024390243902439025	0.012195121951219513	0.09090909090909091	0.09090909090909091	0.18181818181818182	0.045454545454545456	0.18181818181818182	0.08536585365853659	0.01763672349022195	0.09090909090909091	0.08536585365853659	0.15853658536585366	0.04335260115606936	0.045454545454545456	0.5	0.09090909090909091	0.008670520231213872	0.13636363636363635
vi	0.08333333333333333	0.16666666666666666	0.01282051282051282	0.12195121951219512	0.2222222222222222	0.125	0.3333333333333333	0.1111111111111111	0.16666666666666666	0.125	0.0	0.16666666666666666	0.13636363636363635	0.0	0.16666666666666666	0.3333333333333333	0.5	0.07142857142857142	0.1111111111111111	0.16666666666666666	0.0	0.16666666666666666	0.16666666666666666	0.25	0.25	0.1	0.2222222222222222	0.0625	0.5	0.2222222222222222	0.17857142857142858	0.14285714285714285	0.0	0.09090909090909091	0.5	0.038461538461538464	0.3333333333333333
war	0.3	0.07692307692307693	0.0	0.125	0.041666666666666664	0.015957446808510637	0.06	0.01056338028169014	0.015306122448979591	0.014705882352941176	0.026785714285714284	0.041666666666666664	0.06818181818181818	0.030612244897959183	0.018292682926829267	0.022727272727272728	0.03125	0.07894736842105263	0.08333333333333333	0.09375	0.0625	0.019736842105263157	0.018518518518518517	0.016853932584269662	0.046875	0.018072289156626505	0.036585365853658534	0.14285714285714285	0.04285714285714286	0.02586206896551724	0.02112676056338028	0.0625	0.03409090909090909	0.008670520231213872	0.038461538461538464	0.5	0.025423728813559324
zh	0.038461538461538464	0.07692307692307693	0.00847457627118644	0.09166666666666666	0.2692307692307692	0.1	0.15384615384615385	0.16666666666666666	0.125	0.25	0.0	0.125	0.2	0.0	0.125	0.25	0.3333333333333333	0.07692307692307693	0.19230769230769232	0.07692307692307693	0.038461538461538464	0.125	0.125	0.2	0.16666666666666666	0.08333333333333333	0.21428571428571427	0.041666666666666664	0.3333333333333333	0.21428571428571427	0.3125	0.1271186440677966	0.0	0.13636363636363635	0.3333333333333333	0.025423728813559324	0.5
