arz	bs	ceb	ckb	da	de	el	en	es	fr	he	hi	hu	id	it	ja	ko	lv	mk	ml	mr	nl	pl	pt	ro	ru	sh	si	simple	sr	sv	te	tr	vi	war	zh
arz	1.0	0.8216064286890065	0.0	1.0	0.8216064286890065	0.8216064286890065	1.0	1.0	1.0	1.0	1.0	1.0	1.0	1.0	1.0	1.0	1.0	1.0	1.0	1.0	1.0	1.0	1.0	1.0	1.0	1.0	1.0	1.0	1.0	1.0	1.0	1.0	1.0	1.0	1.0	1.0
bs	0.8216064286890065	1.0	1.0	0.8216064286890065	0.38789158148941605	0.3323581195399657	0.5465290827673099	0.23590728172283146	0.3159905053613519	0.3525335922665504	0.4216787896733817	0.5087886037777477	0.4105357107139558	0.3697443040613878	0.3474356895940998	0.3846312605083563	0.4644414527370166	0.552413522492792	0.4238589611877533	0.44068995365670754	0.8216064286890065	0.3486873036971766	0.4098143100289611	0.39698929827394236	0.4317732230577141	0.42924180027652037	0.32411085995131744	1.0	0.3692646738363828	0.48738985388115463	0.42271154764777225	0.7361412429601097	0.36292558463542895	0.4023582603578433	0.8216064286890065	0.38763120067485696
ceb	0.0	1.0	1.0	0.0	1.0	1.0	0.0	1.0	1.0	1.0	1.0	1.0	1.0	1.0	1.0	1.0	1.0	1.0	1.0	1.0	0.0	1.0	1.0	1.0	1.0	1.0	1.0	1.0	1.0	1.0	1.0	0.0	-1.0	1.0	1.0	1.0
ckb	1.0	0.8216064286890065	0.0	1.0	1.0	1.0	1.0	0.5480953166963739	1.0	1.0	1.0	1.0	1.0	1.0	1.0	1.0	1.0	0.8216064286890065	1.0	1.0	1.0	1.0	1.0	1.0	1.0	1.0	1.0	1.0	0.749506019670501	1.0	1.0	1.0	0.7863954451402115	1.0	1.0	1.0
da	0.8216064286890065	0.38789158148941605	1.0	1.0	1.0	0.363093875444408	0.7584325078215763	0.24124933329121567	0.41220853636632915	0.3416230847880809	0.5263805540562086	0.6315392971060967	0.6514240595831888	0.3424735106730082	0.4759700403199759	0.4349479687490842	0.45550551591013805	0.7221487782500587	0.4244130605406909	0.41691170415342604	1.0	0.27691865342071825	0.3740147673920257	0.38802843123486164	0.4763728008214024	0.41509070653508723	0.3077546848824443	1.0	0.38225766396311833	0.4657044225862252	0.4630585999263658	0.6524007805500078	0.45048686521110304	0.522362909995992	1.0	0.4968343549823524
de	0.8216064286890065	0.3323581195399657	1.0	1.0	0.363093875444408	1.0	0.8055567530094857	0.15346664516713165	0.14695038332257046	0.1330665634477129	0.6701591524560107	0.5014351231510298	0.5221862328696939	0.31184761828157304	0.15643332591564454	0.19681944142010555	0.39241361790212487	0.4192992562111955	0.5778412451150076	0.4619456620363413	1.0	0.14271953848232546	0.14103154189577982	0.13013432659245408	0.49970255570898314	0.16877512284732646	0.34601765339819157	1.0	0.2813706597848856	0.29726210323184304	0.2110495117953737	1.0	0.36173787105099886	0.39120165300350723	1.0	0.22216412226690493
el	1.0	0.5465290827673099	0.0	1.0	0.7584325078215763	0.8055567530094857	1.0	0.5945316235228356	0.6786274278789106	0.3477564795905147	1.0	1.0	1.0	1.0	0.7992591943912659	1.0	1.0	0.7863954451402115	1.0	1.0	1.0	0.45510151654766684	1.0	0.6841174893561723	1.0	1.0	0.4340113097924818	1.0	0.6452814529293991	0.7510341748895938	1.0	1.0	0.5982311734420861	1.0	1.0	1.0
en	1.0	0.23590728172283146	1.0	0.5480953166963739	0.24124933329121567	0.15346664516713165	0.5945316235228356	1.0	0.1528259086770928	0.1682862440295505	0.4594152167102173	0.5080093188567035	0.30816753852949436	0.23676701691210278	0.16920383055207225	0.23232484722750152	0.39366375740165266	0.32207346316316215	0.5371762464555243	0.5306735283269471	1.0	0.2282102186406436	0.16828387891182778	0.17506699074343782	0.4059188452444615	0.2595130299471834	0.21538341656045676	1.0	0.2748067383538417	0.23378090353279238	0.2524672266966293	0.378499721247421	0.34263601504535346	0.26491621839802887	1.0	0.2597126134558626
es	1.0	0.3159905053613519	1.0	1.0	0.41220853636632915	0.14695038332257046	0.6786274278789106	0.1528259086770928	1.0	0.16813423655156606	0.5780965534243105	0.7322034805959263	0.6589257440209709	0.2831333326008061	0.17629956682330028	0.3238924107330469	0.4985335355017715	0.4713866128539196	0.7347168825662657	0.6638546162332061	1.0	0.16635625486194258	0.141488715241673	0.16039860011321536	0.46996990194962307	0.19745107718513455	0.2940547165383161	1.0	0.34779202947197424	0.2755304276386139	0.29401751050425035	0.7411828468492555	0.4523672643892785	0.28459432029785336	1.0	0.3330589066853903
fr	1.0	0.3525335922665504	1.0	1.0	0.3416230847880809	0.1330665634477129	0.3477564795905147	0.1682862440295505	0.16813423655156606	1.0	0.401761250865953	0.410708324043856	0.3239199467394598	0.26806286773766325	0.14120802682847408	0.3051508419442607	0.3101760559455493	0.29827443525730696	0.41715274718679807	0.3356057099200814	1.0	0.17077059301229824	0.15190965376593027	0.17691103396477964	0.3293623602854333	0.20470792616410186	0.3337752187516293	1.0	0.27984198381652325	0.27346327334245724	0.2792656039944871	0.41715274718679807	0.3930304228993613	0.32090533540028504	0.5660160774121898	0.27128900841267833
he	1.0	0.4216787896733817	1.0	1.0	0.5263805540562086	0.6701591524560107	1.0	0.4594152167102173	0.5780965534243105	0.401761250865953	1.0	1.0	1.0	0.42637911411073504	0.6413248438516836	1.0	1.0	0.677481938762881	1.0	1.0	1.0	0.4419430772774529	0.625430319232508	0.7300208629885034	0.5331246020007521	1.0	0.6994017365373274	1.0	0.6067454105236015	0.7900608149332319	0.7300208629885034	1.0	0.6994017365373274	1.0	1.0	1.0
hi	1.0	0.5087886037777477	1.0	1.0	0.6315392971060967	0.5014351231510298	1.0	0.5080093188567035	0.7322034805959263	0.410708324043856	1.0	1.0	1.0	0.5438389834512788	0.5938656299832472	1.0	1.0	0.7002078323832266	1.0	1.0	1.0	0.38559855285191624	0.6740515375688696	0.6110569957520273	0.5331246020007521	1.0	0.29436121033875645	1.0	0.558116015369647	0.7173869854085879	0.7347168825662656	1.0	0.7455134344225701	1.0	1.0	1.0
hu	1.0	0.4105357107139558	1.0	1.0	0.6514240595831888	0.5221862328696939	1.0	0.30816753852949436	0.6589257440209709	0.3239199467394598	1.0	1.0	1.0	0.536416776693473	0.5626483168152822	1.0	1.0	0.7265334708466399	1.0	1.0	1.0	0.38374617766406965	0.5413893062738326	0.527137472355161	0.5795497218138229	1.0	0.6380732827477678	1.0	1.0	0.7300208629885034	1.0	1.0	0.7510341748895939	1.0	1.0	1.0
id	1.0	0.3697443040613878	1.0	1.0	0.3424735106730082	0.31184761828157304	1.0	0.23676701691210278	0.2831333326008061	0.26806286773766325	0.42637911411073504	0.5438389834512788	0.536416776693473	1.0	0.3275635690653067	0.36432549732745095	0.40230333472922414	0.541942532524167	0.33929033341589765	0.4366305462759243	0.953225785585603	0.2825691643710815	0.2665016935260605	0.27012535826540907	0.5909374695216852	0.3279648718760227	0.23882474309249138	1.0	0.29055940113241985	0.4063053828764815	0.3276719589635252	0.6016856723093115	0.371530312337559	0.390300150939153	1.0	0.3879810251793184
it	1.0	0.3474356895940998	1.0	1.0	0.4759700403199759	0.15643332591564454	0.7992591943912659	0.16920383055207225	0.17629956682330028	0.14120802682847408	0.6413248438516836	0.5938656299832472	0.5626483168152822	0.3275635690653067	1.0	0.2554539956852127	0.6134690090078665	0.32281974842979216	0.6863225612388889	0.7051349230068009	1.0	0.20039716707747496	0.17259062562900138	0.1882022738400405	0.4184265049592427	0.26749331980204666	0.30736629126671716	1.0	0.32649721060496956	0.3548770310002134	0.24845812492443894	0.6908587525207899	0.47010500668141186	0.2754976780432819	1.0	0.21846277066400424
ja	1.0	0.3846312605083563	1.0	1.0	0.4349479687490842	0.19681944142010555	1.0	0.23232484722750152	0.3238924107330469	0.3051508419442607	1.0	1.0	1.0	0.36432549732745095	0.2554539956852127	1.0	1.0	0.6536457131628082	1.0	1.0	1.0	0.40039777017393635	0.2783001585644096	0.4067118398536375	0.5198648198542661	1.0	0.26222549817091734	1.0	0.4753397860761184	0.5828840157517886	0.6102470946685323	1.0	0.5950069739481689	1.0	1.0	1.0
ko	1.0	0.4644414527370166	1.0	1.0	0.45550551591013805	0.39241361790212487	1.0	0.39366375740165266	0.4985335355017715	0.3101760559455493	1.0	1.0	1.0	0.40230333472922414	0.6134690090078665	1.0	1.0	0.6941315264308119	1.0	1.0	1.0	0.3205408096852726	0.718925811717485	0.5461801650210423	0.5795497218138229	1.0	0.2653831472481625	1.0	0.5600042412982897	0.6290808149140177	1.0	1.0	0.7460286678138558	1.0	1.0	1.0
lv	1.0	0.552413522492792	1.0	0.8216064286890065	0.7221487782500587	0.4192992562111955	0.7863954451402115	0.32207346316316215	0.4713866128539196	0.29827443525730696	0.677481938762881	0.7002078323832266	0.7265334708466399	0.541942532524167	0.32281974842979216	0.6536457131628082	0.6941315264308119	1.0	0.7690990303325336	0.6983438190355966	1.0	0.34752672022071573	0.43772958390126787	0.47550683139519145	0.4907489939141029	0.47550683139519134	0.6046810420667165	1.0	0.4698203455314779	0.6367511916306162	0.5387091179312548	0.7690990303325336	0.5536250774701446	0.7106258151102424	1.0	0.636203994373152
mk	1.0	0.4238589611877533	1.0	1.0	0.4244130605406909	0.5778412451150076	1.0	0.5371762464555243	0.7347168825662657	0.41715274718679807	1.0	1.0	1.0	0.33929033341589765	0.6863225612388889	1.0	1.0	0.7690990303325336	1.0	1.0	1.0	0.33809199491945585	1.0	1.0	0.5704427358174062	1.0	0.2884465863213757	1.0	0.6333404237489203	0.7455134344225701	0.7411828468492556	1.0	0.7510341748895938	1.0	1.0	1.0
ml	1.0	0.44068995365670754	1.0	1.0	0.41691170415342604	0.4619456620363413	1.0	0.5306735283269471	0.6638546162332061	0.3356057099200814	1.0	1.0	1.0	0.4366305462759243	0.7051349230068009	1.0	1.0	0.6983438190355966	1.0	1.0	1.0	0.40570664734924267	0.5426414400657158	0.5753932445026375	0.8137822343553781	1.0	0.3378916872036753	1.0	0.6309248813888629	0.6841174893561722	0.7376607345031153	1.0	0.6223041007404059	1.0	1.0	1.0
mr	1.0	0.8216064286890065	0.0	1.0	1.0	1.0	1.0	1.0	1.0	1.0	1.0	1.0	1.0	0.953225785585603	1.0	1.0	1.0	1.0	1.0	1.0	1.0	1.0	1.0	1.0	1.0	1.0	1.0	1.0	1.0	1.0	1.0	1.0	0.8216064286890065	1.0	1.0	1.0
nl	1.0	0.3486873036971766	1.0	1.0	0.27691865342071825	0.14271953848232546	0.45510151654766684	0.2282102186406436	0.16635625486194258	0.17077059301229824	0.4419430772774529	0.38559855285191624	0.38374617766406965	0.2825691643710815	0.20039716707747496	0.40039777017393635	0.3205408096852726	0.34752672022071573	0.33809199491945585	0.40570664734924267	1.0	1.0	0.169031395620978	0.19017811506005083	0.35364440433859295	0.3907974439518664	0.25057386321209735	1.0	0.3105302366944826	0.3390818730884132	0.2714281724371199	0.5291745750155951	0.43676811237779617	0.38924676489867427	0.5660160774121898	0.43383666464714277
pl	1.0	0.4098143100289611	1.0	1.0	0.3740147673920257	0.14103154189577982	1.0	0.16828387891182778	0.141488715241673	0.15190965376593027	0.625430319232508	0.6740515375688696	0.5413893062738326	0.2665016935260605	0.17259062562900138	0.2783001585644096	0.718925811717485	0.43772958390126787	1.0	0.5426414400657158	1.0	0.169031395620978	1.0	0.17051180029404156	0.4568827097870336	0.21531141805382478	0.292053603966314	1.0	0.3276119665973303	0.33078096735092555	0.3131416425667841	1.0	0.4911972931396249	0.4946346266836362	1.0	0.3403865067784432
pt	1.0	0.39698929827394236	1.0	1.0	0.38802843123486164	0.13013432659245408	0.6841174893561723	0.17506699074343782	0.16039860011321536	0.17691103396477964	0.7300208629885034	0.6110569957520273	0.527137472355161	0.27012535826540907	0.1882022738400405	0.4067118398536375	0.5461801650210423	0.47550683139519145	1.0	0.5753932445026375	1.0	0.19017811506005083	0.17051180029404156	1.0	0.43714511882645507	0.26927876364006714	0.3035302251240842	1.0	0.3395748948340838	0.4060015938954849	0.3122128324698227	0.74551343442257	0.4807146525070139	0.5295763332985679	1.0	0.40028378884813837
ro	1.0	0.4317732230577141	1.0	1.0	0.4763728008214024	0.49970255570898314	1.0	0.4059188452444615	0.46996990194962307	0.3293623602854333	0.5331246020007521	0.5331246020007521	0.5795497218138229	0.5909374695216852	0.4184265049592427	0.5198648198542661	0.5795497218138229	0.4907489939141029	0.5704427358174062	0.8137822343553781	1.0	0.35364440433859295	0.4568827097870336	0.43714511882645507	1.0	0.4669880304279669	0.6116415435981666	1.0	0.41754969268927866	0.5088906292753588	0.4730056379145114	0.6571702826516208	0.5179054786677953	0.55192078357536	1.0	0.5380636048553595
ru	1.0	0.42924180027652037	1.0	1.0	0.41509070653508723	0.16877512284732646	1.0	0.2595130299471834	0.19745107718513455	0.20470792616410186	1.0	1.0	1.0	0.3279648718760227	0.26749331980204666	1.0	1.0	0.47550683139519134	1.0	1.0	1.0	0.3907974439518664	0.21531141805382478	0.26927876364006714	0.4669880304279669	1.0	0.282556913159468	1.0	0.3872091828471124	0.4770646359589011	0.4722160331607652	1.0	0.5511735972157903	1.0	1.0	1.0
sh	1.0	0.32411085995131744	1.0	1.0	0.3077546848824443	0.34601765339819157	0.4340113097924818	0.21538341656045676	0.2940547165383161	0.3337752187516293	0.6994017365373274	0.29436121033875645	0.6380732827477678	0.23882474309249138	0.30736629126671716	0.26222549817091734	0.2653831472481625	0.6046810420667165	0.2884465863213757	0.3378916872036753	1.0	0.25057386321209735	0.292053603966314	0.3035302251240842	0.6116415435981666	0.282556913159468	1.0	1.0	0.2939752325453873	0.3190495266013461	0.3067670988931289	0.7584325078215763	0.29642646794840977	0.33103182764805955	1.0	0.27441034874209874
si	1.0	1.0	1.0	1.0	1.0	1.0	1.0	1.0	1.0	1.0	1.0	1.0	1.0	1.0	1.0	1.0	1.0	1.0	1.0	1.0	1.0	1.0	1.0	1.0	1.0	1.0	1.0	1.0	1.0	1.0	1.0	1.0	1.0	1.0	1.0	1.0
simple	1.0	0.3692646738363828	1.0	0.749506019670501	0.38225766396311833	0.2813706597848856	0.6452814529293991	0.2748067383538417	0.34779202947197424	0.27984198381652325	0.6067454105236015	0.558116015369647	1.0	0.29055940113241985	0.32649721060496956	0.4753397860761184	0.5600042412982897	0.4698203455314779	0.6333404237489203	0.6309248813888629	1.0	0.3105302366944826	0.3276119665973303	0.3395748948340838	0.41754969268927866	0.3872091828471124	0.2939752325453873	1.0	1.0	0.572173573718081	0.3723644644508395	0.7477786934810816	0.5269247301572937	0.5298125953653308	1.0	0.489999931169934
sr	1.0	0.48738985388115463	1.0	1.0	0.4657044225862252	0.29726210323184304	0.7510341748895938	0.23378090353279238	0.2755304276386139	0.27346327334245724	0.7900608149332319	0.7173869854085879	0.7300208629885034	0.4063053828764815	0.3548770310002134	0.5828840157517886	0.6290808149140177	0.6367511916306162	0.7455134344225701	0.6841174893561722	1.0	0.3390818730884132	0.33078096735092555	0.4060015938954849	0.5088906292753588	0.4770646359589011	0.3190495266013461	1.0	0.572173573718081	1.0	0.5448877170779842	1.0	0.55401870677973	0.7173869854085879	1.0	0.6108239160974152
sv	1.0	0.42271154764777225	1.0	1.0	0.4630585999263658	0.2110495117953737	1.0	0.2524672266966293	0.29401751050425035	0.2792656039944871	0.7300208629885034	0.7347168825662656	1.0	0.3276719589635252	0.24845812492443894	0.6102470946685323	1.0	0.5387091179312548	0.7411828468492556	0.7376607345031153	1.0	0.2714281724371199	0.3131416425667841	0.3122128324698227	0.4730056379145114	0.4722160331607652	0.3067670988931289	1.0	0.3723644644508395	0.5448877170779842	1.0	1.0	0.5607879537465096	0.7763354016084121	1.0	0.5912384651224016
te	1.0	0.7361412429601097	0.0	1.0	0.6524007805500078	1.0	1.0	0.378499721247421	0.7411828468492555	0.41715274718679807	1.0	1.0	1.0	0.6016856723093115	0.6908587525207899	1.0	1.0	0.7690990303325336	1.0	1.0	1.0	0.5291745750155951	1.0	0.74551343442257	0.6571702826516208	1.0	0.7584325078215763	1.0	0.7477786934810816	1.0	1.0	1.0	0.7509111017040236	1.0	1.0	1.0
tr	1.0	0.36292558463542895	-1.0	0.7863954451402115	0.45048686521110304	0.36173787105099886	0.5982311734420861	0.34263601504535346	0.4523672643892785	0.3930304228993613	0.6994017365373274	0.7455134344225701	0.7510341748895939	0.371530312337559	0.47010500668141186	0.5950069739481689	0.7460286678138558	0.5536250774701446	0.7510341748895938	0.6223041007404059	0.8216064286890065	0.43676811237779617	0.4911972931396249	0.4807146525070139	0.5179054786677953	0.5511735972157903	0.29642646794840977	1.0	0.5269247301572937	0.55401870677973	0.5607879537465096	0.7509111017040236	1.0	0.6154345270476078	1.0	0.5888863141021002
vi	1.0	0.4023582603578433	1.0	1.0	0.522362909995992	0.39120165300350723	1.0	0.26491621839802887	0.28459432029785336	0.32090533540028504	1.0	1.0	1.0	0.390300150939153	0.2754976780432819	1.0	1.0	0.7106258151102424	1.0	1.0	1.0	0.38924676489867427	0.4946346266836362	0.5295763332985679	0.55192078357536	1.0	0.33103182764805955	1.0	0.5298125953653308	0.7173869854085879	0.7763354016084121	1.0	0.6154345270476078	1.0	1.0	1.0
war	1.0	0.8216064286890065	1.0	1.0	1.0	1.0	1.0	1.0	1.0	0.5660160774121898	1.0	1.0	1.0	1.0	1.0	1.0	1.0	1.0	1.0	1.0	1.0	0.5660160774121898	1.0	1.0	1.0	1.0	1.0	1.0	1.0	1.0	1.0	1.0	1.0	1.0	1.0	1.0
zh	1.0	0.38763120067485696	1.0	1.0	0.4968343549823524	0.22216412226690493	1.0	0.2597126134558626	0.3330589066853903	0.27128900841267833	1.0	1.0	1.0	0.3879810251793184	0.21846277066400424	1.0	1.0	0.636203994373152	1.0	1.0	1.0	0.43383666464714277	0.3403865067784432	0.40028378884813837	0.5380636048553595	1.0	0.27441034874209874	1.0	0.489999931169934	0.6108239160974152	0.5912384651224016	1.0	0.5888863141021002	1.0	1.0	1.0
