arz	bs	ceb	ckb	da	de	el	en	es	fr	he	hi	hu	id	it	ja	ko	lv	mk	ml	mr	nl	pl	pt	ro	ru	sh	si	simple	sr	sv	te	vi	war	zh
arz	1.0	0.0	0.0	0.0	1.0	1.0	1.0	1.0	1.0	1.0	0.0	1.0	1.0	1.0	1.0	1.0	1.0	1.0	0.0	1.0	0.0	1.0	1.0	1.0	1.0	1.0	1.0	0.0	1.0	1.0	1.0	0.0	1.0	0.0	1.0
bs	0.0	1.0	1.0	1.0	0.585786437626905	1.0	1.0	0.585786437626905	1.0	1.0	1.0	1.0	1.0	1.0	1.0	1.0	1.0	1.0	1.0	1.0	1.0	1.0	0.585786437626905	1.0	1.0	1.0	1.0	0.0	1.0	1.0	1.0	1.0	1.0	0.0	1.0
ceb	0.0	1.0	1.0	1.0	1.0	1.0	1.0	1.0	1.0	1.0	1.0	1.0	1.0	1.0	1.0	1.0	1.0	1.0	0.0	1.0	0.0	1.0	1.0	1.0	1.0	0.0	1.0	0.0	1.0	1.0	1.0	1.0	1.0	0.0	1.0
ckb	0.0	1.0	1.0	1.0	0.5	1.0	1.0	0.585786437626905	1.0	1.0	1.0	1.0	0.585786437626905	0.4364916731037085	0.39564392373896007	1.0	1.0	1.0	1.0	0.0	1.0	1.0	1.0	1.0	0.585786437626905	1.0	1.0	1.0	1.0	1.0	0.585786437626905	1.0	1.0	0.0	1.0
da	1.0	0.585786437626905	1.0	0.5	1.0	0.07804690207092609	0.39564392373896007	0.09731547971911726	0.08046516057803343	0.08708754267305409	0.20856217852254144	0.2612038749637414	0.28989794855663564	0.13272258156311909	0.1108994484354893	0.09913866125246411	0.09528928620713628	0.3333333333333333	0.585786437626905	1.0	1.0	0.09062708232751072	0.11238698994989395	0.08749996641126305	0.25728427444747215	0.10859853227406406	0.1544864732100932	1.0	0.21712927295533244	0.19636040545626823	0.08350038612143956	0.585786437626905	0.26427884169111276	1.0	0.10255873596305146
de	1.0	1.0	1.0	1.0	0.07804690207092609	1.0	0.44948974278317805	0.03540174179796089	0.0595754391408355	0.062287372916086096	0.1821251058314344	0.44948974278317805	0.20799159651347807	0.14541167719874953	0.0368207817152106	0.17475528550455577	0.18163482541075254	0.585786437626905	1.0	1.0	1.0	0.07779322314591455	0.11513479136904962	0.051872744678298194	0.2632403810669918	0.098000434592796	0.08248471273510205	1.0	0.5	0.2612038749637414	0.1463924816619788	1.0	0.3483314773547883	1.0	0.2216368750839041
el	1.0	1.0	1.0	1.0	0.39564392373896007	0.44948974278317805	1.0	0.08030321404665546	0.22772999919644132	0.3090169943749474	1.0	1.0	0.5	0.353889367864523	0.08887015901321045	1.0	1.0	1.0	1.0	1.0	1.0	0.44948974278317805	0.585786437626905	0.177648276168107	0.5	1.0	0.2097188436578299	1.0	0.585786437626905	1.0	0.585786437626905	1.0	1.0	1.0	1.0
en	1.0	0.585786437626905	1.0	0.585786437626905	0.09731547971911726	0.03540174179796089	0.08030321404665546	1.0	0.026106720536507002	0.031094665329081204	0.06107565188442043	0.14923419446018063	0.07048336594516261	0.0627126409877285	0.11252820163336465	0.03731271332601275	0.04905432667413598	0.2958163163244893	0.585786437626905	1.0	0.585786437626905	0.03303537073083768	0.041404720802980285	0.05900211777691395	0.0929800592531559	0.029015709067017906	0.13828355831320233	1.0	0.10683894602971235	0.05571184324983821	0.045562323676018236	0.3430703308172536	0.10370588758018436	1.0	0.0424230219873971
es	1.0	1.0	1.0	1.0	0.08046516057803343	0.0595754391408355	0.22772999919644132	0.026106720536507002	1.0	0.04055815521381917	0.27429188517743175	0.585786437626905	0.15775994368767005	0.13318391150480952	0.032658342066171527	0.14678795651467477	0.2187841884486319	0.5	1.0	1.0	1.0	0.10582176235385006	0.14459058185587106	0.038227231905677006	0.23166247903554	0.12413263478637165	0.07197785080858049	1.0	0.3380788308512194	0.2063099139372659	0.12600293914987232	0.585786437626905	0.3288130902060995	1.0	0.20168959288722538
fr	1.0	1.0	1.0	1.0	0.08708754267305409	0.062287372916086096	0.3090169943749474	0.031094665329081204	0.04055815521381917	1.0	0.1639607805437114	0.32449979983983984	0.20243880751777277	0.11538050841580325	0.03341244722870381	0.11419804257149406	0.1390551394732742	0.585786437626905	1.0	1.0	1.0	0.08269755917245146	0.14388924163538974	0.039039627932029565	0.2372732414640341	0.08768602352766812	0.07543824322896243	1.0	0.3333333333333333	0.21498516621900873	0.12198633956114618	0.585786437626905	0.32881309020609956	1.0	0.12208127266088137
he	0.0	1.0	1.0	1.0	0.20856217852254144	0.1821251058314344	1.0	0.06107565188442043	0.27429188517743175	0.1639607805437114	1.0	1.0	0.36602540378443865	0.2989350844248255	0.0816511703522071	1.0	1.0	1.0	1.0	1.0	1.0	0.4142135623730951	0.44948974278317805	0.18200213598171075	0.5	1.0	0.2449655295864104	1.0	0.585786437626905	1.0	0.44948974278317805	1.0	0.585786437626905	1.0	1.0
hi	1.0	1.0	1.0	1.0	0.2612038749637414	0.44948974278317805	1.0	0.14923419446018063	0.585786437626905	0.32449979983983984	1.0	1.0	0.585786437626905	0.39564392373896007	0.25	1.0	1.0	1.0	1.0	1.0	1.0	1.0	0.585786437626905	0.3483314773547883	1.0	1.0	0.25824569976124334	1.0	0.5	1.0	0.39564392373896007	1.0	1.0	0.0	1.0
hu	1.0	1.0	1.0	0.585786437626905	0.28989794855663564	0.20799159651347807	0.5	0.07048336594516261	0.15775994368767005	0.20243880751777277	0.36602540378443865	0.585786437626905	1.0	0.27429188517743175	0.07225890706007096	0.3090169943749474	0.3333333333333333	0.585786437626905	1.0	1.0	1.0	0.24257131419419417	0.25728427444747215	0.14690274787048926	0.2958163163244893	0.25728427444747215	0.13248342935893445	1.0	0.4364916731037085	0.4142135623730951	0.38742588672279304	1.0	1.0	1.0	0.3090169943749474
id	1.0	1.0	1.0	0.4364916731037085	0.13272258156311909	0.14541167719874953	0.353889367864523	0.0627126409877285	0.13318391150480952	0.11538050841580325	0.2989350844248255	0.39564392373896007	0.27429188517743175	1.0	0.05838044430077806	0.14608721524372043	0.20799159651347807	0.4364916731037085	1.0	1.0	1.0	0.16007116156927023	0.17808829082195718	0.10168473166369195	0.26968623182294527	0.16484708315636032	0.1421219196637818	1.0	0.29429805508554946	0.25824569976124334	0.1774053291584318	0.585786437626905	0.28989794855663564	1.0	0.19404996501286384
it	1.0	1.0	1.0	0.39564392373896007	0.1108994484354893	0.0368207817152106	0.08887015901321045	0.11252820163336465	0.032658342066171527	0.03341244722870381	0.0816511703522071	0.25	0.07225890706007096	0.05838044430077806	1.0	0.05053167610780247	0.05290301655702083	0.28172904669025317	1.0	1.0	1.0	0.040423295616520506	0.04385635006629549	0.06746438922632574	0.088980096330999	0.04024674015859054	0.10527942054205307	1.0	0.1597515274579608	0.06831449565938301	0.053124279504620786	0.5	0.1598233329171111	1.0	0.0474579133727223
ja	1.0	1.0	1.0	1.0	0.09913866125246411	0.17475528550455577	1.0	0.03731271332601275	0.14678795651467477	0.11419804257149406	1.0	1.0	0.3090169943749474	0.14608721524372043	0.05053167610780247	1.0	0.585786437626905	1.0	1.0	1.0	1.0	0.23800671553691075	0.38742588672279304	0.06749319981032872	0.32037724101704074	0.585786437626905	0.07219803705500094	1.0	0.44948974278317805	0.585786437626905	0.20575912324631343	1.0	0.585786437626905	1.0	0.585786437626905
ko	1.0	1.0	1.0	1.0	0.09528928620713628	0.18163482541075254	1.0	0.04905432667413598	0.2187841884486319	0.1390551394732742	1.0	1.0	0.3333333333333333	0.20799159651347807	0.05290301655702083	0.585786437626905	1.0	1.0	1.0	1.0	1.0	0.27429188517743175	0.38742588672279304	0.09127871703104018	0.3333333333333333	1.0	0.10815240673485554	1.0	0.44948974278317805	1.0	0.1975496259559987	1.0	0.585786437626905	1.0	1.0
lv	1.0	1.0	1.0	1.0	0.3333333333333333	0.585786437626905	1.0	0.2958163163244893	0.5	0.585786437626905	1.0	1.0	0.585786437626905	0.4364916731037085	0.28172904669025317	1.0	1.0	1.0	1.0	1.0	1.0	0.585786437626905	0.585786437626905	0.585786437626905	0.585786437626905	1.0	0.353889367864523	1.0	1.0	1.0	0.585786437626905	1.0	1.0	1.0	1.0
mk	0.0	1.0	0.0	1.0	0.585786437626905	1.0	1.0	0.585786437626905	1.0	1.0	1.0	1.0	1.0	1.0	1.0	1.0	1.0	1.0	1.0	1.0	1.0	1.0	0.585786437626905	1.0	1.0	1.0	1.0	1.0	1.0	1.0	1.0	1.0	1.0	0.0	1.0
ml	1.0	1.0	1.0	0.0	1.0	1.0	1.0	1.0	1.0	1.0	1.0	1.0	1.0	1.0	1.0	1.0	1.0	1.0	1.0	1.0	0.0	1.0	1.0	1.0	1.0	1.0	1.0	1.0	1.0	1.0	1.0	1.0	1.0	0.0	1.0
mr	0.0	1.0	0.0	1.0	1.0	1.0	1.0	0.585786437626905	1.0	1.0	1.0	1.0	1.0	1.0	1.0	1.0	1.0	1.0	1.0	0.0	1.0	0.585786437626905	1.0	1.0	1.0	1.0	1.0	1.0	1.0	1.0	1.0	1.0	1.0	1.0	1.0
nl	1.0	1.0	1.0	1.0	0.09062708232751072	0.07779322314591455	0.44948974278317805	0.03303537073083768	0.10582176235385006	0.08269755917245146	0.4142135623730951	1.0	0.24257131419419417	0.16007116156927023	0.040423295616520506	0.23800671553691075	0.27429188517743175	0.585786437626905	1.0	1.0	0.585786437626905	1.0	0.15894454156034005	0.07151538832299112	0.3090169943749474	0.179040436907906	0.06697974999457657	1.0	0.44948974278317805	0.30216947925196225	0.1558512154833198	0.585786437626905	0.5	1.0	0.28436465220442186
pl	1.0	0.585786437626905	1.0	1.0	0.11238698994989395	0.11513479136904962	0.585786437626905	0.041404720802980285	0.14459058185587106	0.14388924163538974	0.44948974278317805	0.585786437626905	0.25728427444747215	0.17808829082195718	0.04385635006629549	0.38742588672279304	0.38742588672279304	0.585786437626905	0.585786437626905	1.0	1.0	0.15894454156034005	1.0	0.07792381280933347	0.3090169943749474	0.23302402810392372	0.08139918945593301	1.0	0.44948974278317805	0.44948974278317805	0.20846672670545388	0.5	0.585786437626905	1.0	0.36602540378443865
pt	1.0	1.0	1.0	1.0	0.08749996641126305	0.051872744678298194	0.177648276168107	0.05900211777691395	0.038227231905677006	0.039039627932029565	0.18200213598171075	0.3483314773547883	0.14690274787048926	0.10168473166369195	0.06746438922632574	0.06749319981032872	0.09127871703104018	0.585786437626905	1.0	1.0	1.0	0.07151538832299112	0.07792381280933347	1.0	0.23441237831492112	0.06014034658729147	0.06712212543731721	1.0	0.3164309725825327	0.21089672205953397	0.11182937912562399	0.38742588672279304	0.1983555576735248	1.0	0.08861451932476043
ro	1.0	1.0	1.0	0.585786437626905	0.25728427444747215	0.2632403810669918	0.5	0.0929800592531559	0.23166247903554	0.2372732414640341	0.5	1.0	0.2958163163244893	0.26968623182294527	0.088980096330999	0.32037724101704074	0.3333333333333333	0.585786437626905	1.0	1.0	1.0	0.3090169943749474	0.3090169943749474	0.23441237831492112	1.0	0.30216947925196225	0.19738971127857352	1.0	0.585786437626905	0.3164309725825328	0.312382456964725	0.585786437626905	1.0	1.0	0.36602540378443865
ru	1.0	1.0	0.0	1.0	0.10859853227406406	0.098000434592796	1.0	0.029015709067017906	0.12413263478637165	0.08768602352766812	1.0	1.0	0.25728427444747215	0.16484708315636032	0.04024674015859054	0.585786437626905	1.0	1.0	1.0	1.0	1.0	0.179040436907906	0.23302402810392372	0.06014034658729147	0.30216947925196225	1.0	0.0756906311684038	1.0	0.44948974278317805	0.585786437626905	0.20100820154529447	1.0	0.585786437626905	1.0	0.585786437626905
sh	1.0	1.0	1.0	1.0	0.1544864732100932	0.08248471273510205	0.2097188436578299	0.13828355831320233	0.07197785080858049	0.07543824322896243	0.2449655295864104	0.25824569976124334	0.13248342935893445	0.1421219196637818	0.10527942054205307	0.07219803705500094	0.10815240673485554	0.353889367864523	1.0	1.0	1.0	0.06697974999457657	0.08139918945593301	0.06712212543731721	0.19738971127857352	0.0756906311684038	1.0	0.585786437626905	0.2717910461396254	0.09169427416298043	0.17131047540085398	0.11732548830074842	0.3021694792519622	1.0	0.09675827033303178
si	0.0	0.0	0.0	1.0	1.0	1.0	1.0	1.0	1.0	1.0	1.0	1.0	1.0	1.0	1.0	1.0	1.0	1.0	1.0	1.0	1.0	1.0	1.0	1.0	1.0	1.0	0.585786437626905	1.0	1.0	1.0	1.0	1.0	1.0	1.0	1.0
simple	1.0	1.0	1.0	1.0	0.21712927295533244	0.5	0.585786437626905	0.10683894602971235	0.3380788308512194	0.3333333333333333	0.585786437626905	0.5	0.4364916731037085	0.29429805508554946	0.1597515274579608	0.44948974278317805	0.44948974278317805	1.0	1.0	1.0	1.0	0.44948974278317805	0.44948974278317805	0.3164309725825327	0.585786437626905	0.44948974278317805	0.2717910461396254	1.0	1.0	0.5	0.30552726787943424	0.4364916731037085	0.5	1.0	0.5
sr	1.0	1.0	1.0	1.0	0.19636040545626823	0.2612038749637414	1.0	0.05571184324983821	0.2063099139372659	0.21498516621900873	1.0	1.0	0.4142135623730951	0.25824569976124334	0.06831449565938301	0.585786437626905	1.0	1.0	1.0	1.0	1.0	0.30216947925196225	0.44948974278317805	0.21089672205953397	0.3164309725825328	0.585786437626905	0.09169427416298043	1.0	0.5	1.0	0.2708131845707603	0.39564392373896	1.0	1.0	1.0
sv	1.0	1.0	1.0	0.585786437626905	0.08350038612143956	0.1463924816619788	0.585786437626905	0.045562323676018236	0.12600293914987232	0.12198633956114618	0.44948974278317805	0.39564392373896007	0.38742588672279304	0.1774053291584318	0.053124279504620786	0.20575912324631343	0.1975496259559987	0.585786437626905	1.0	1.0	1.0	0.1558512154833198	0.20846672670545388	0.11182937912562399	0.312382456964725	0.20100820154529447	0.17131047540085398	1.0	0.30552726787943424	0.2708131845707603	1.0	0.44948974278317805	0.5	1.0	0.2184498952542088
te	0.0	1.0	1.0	1.0	0.585786437626905	1.0	1.0	0.3430703308172536	0.585786437626905	0.585786437626905	1.0	1.0	1.0	0.585786437626905	0.5	1.0	1.0	1.0	1.0	1.0	1.0	0.585786437626905	0.5	0.38742588672279304	0.585786437626905	1.0	0.11732548830074842	1.0	0.4364916731037085	0.39564392373896	0.44948974278317805	1.0	1.0	1.0	1.0
vi	1.0	1.0	1.0	1.0	0.26427884169111276	0.3483314773547883	1.0	0.10370588758018436	0.3288130902060995	0.32881309020609956	0.585786437626905	1.0	1.0	0.28989794855663564	0.1598233329171111	0.585786437626905	0.585786437626905	1.0	1.0	1.0	1.0	0.5	0.585786437626905	0.1983555576735248	1.0	0.585786437626905	0.3021694792519622	1.0	0.5	1.0	0.5	1.0	1.0	1.0	0.585786437626905
war	0.0	0.0	0.0	0.0	1.0	1.0	1.0	1.0	1.0	1.0	1.0	0.0	1.0	1.0	1.0	1.0	1.0	1.0	0.0	0.0	1.0	1.0	1.0	1.0	1.0	1.0	1.0	1.0	1.0	1.0	1.0	1.0	1.0	1.0	0.0
zh	1.0	1.0	1.0	1.0	0.10255873596305146	0.2216368750839041	1.0	0.0424230219873971	0.20168959288722538	0.12208127266088137	1.0	1.0	0.3090169943749474	0.19404996501286384	0.0474579133727223	0.585786437626905	1.0	1.0	1.0	1.0	1.0	0.28436465220442186	0.36602540378443865	0.08861451932476043	0.36602540378443865	0.585786437626905	0.09675827033303178	1.0	0.5	1.0	0.2184498952542088	1.0	0.585786437626905	0.0	1.0
