arz	bs	ceb	ckb	da	de	el	en	es	fr	he	hi	hu	id	it	ja	ko	lv	mk	ml	mr	nl	pl	pt	ro	ru	sh	si	simple	sr	sv	te	vi	war	zh
arz	1.0	1.0	0.0	0.0	0.0	1.0	0.0	1.0	1.0	1.0	1.0	1.0	1.0	1.0	1.0	1.0	1.0	0.0	1.0	0.0	0.0	1.0	0.7455134344225701	1.0	1.0	1.0	1.0	0.0	0.0	1.0	1.0	0.0	1.0	0.0	1.0
bs	1.0	1.0	1.0	1.0	0.510623470187706	0.5269245656518757	0.7411828468492556	0.39380719286706695	0.6122131884607099	0.496529195757645	0.5936597225568959	0.6380558066189798	0.7322034805959263	0.5084394991059917	0.35950957371582165	0.6589257440209709	0.7263875964832448	0.7863954451402115	1.0	0.7510341748895938	0.0	0.518495410101184	0.7347168825662656	0.5132046050126483	0.7248485669756152	0.5108207943379719	0.41166519056704515	1.0	1.0	0.5828763145002701	0.7263875964832448	1.0	0.7347168825662656	1.0	0.5642670943910084
ceb	0.0	1.0	1.0	0.0	1.0	1.0	0.0	1.0	1.0	1.0	1.0	1.0	1.0	1.0	1.0	1.0	1.0	1.0	1.0	1.0	0.0	1.0	1.0	1.0	1.0	1.0	1.0	1.0	1.0	1.0	1.0	0.0	1.0	1.0	1.0
ckb	0.0	1.0	0.0	1.0	1.0	1.0	1.0	0.661251134120194	0.7263875964832448	1.0	1.0	1.0	1.0	0.7376607345031153	0.6030419283415577	1.0	1.0	1.0	0.0	1.0	1.0	0.7411828468492555	1.0	1.0	0.7455134344225701	1.0	1.0	1.0	0.7106922308883379	1.0	0.7347168825662656	1.0	1.0	1.0	1.0
da	0.0	0.510623470187706	1.0	1.0	1.0	0.23984639994326118	0.3720231376976103	0.17094783269410394	0.24872438584452705	0.2115453435635096	0.31293330218094917	0.6501445840862393	0.41611433625437577	0.28586131548824945	0.238159844170631	0.31261653495645547	0.3370104269405732	0.42534549395239046	0.6290808149140177	0.5331204179143466	1.0	0.2796664069413115	0.35593074380939016	0.29827156931250964	0.3199031172424345	0.26980814426343336	0.5415466217939151	0.5494246254269926	0.48718912079528015	0.3263228425210071	0.2748932119709049	1.0	0.3813260162133559	0.7690990303325336	0.26867370402296714
de	1.0	0.5269245656518757	1.0	1.0	0.23984639994326118	1.0	0.7057511910252483	0.06314955454383489	0.14532536943839852	0.08531599679785458	0.3025628855951416	0.3996564022693901	0.3513709061521673	0.17771126955154165	0.12922367116606084	0.18530397284508027	0.3705354076056556	0.6532002319725722	0.6377047307628825	0.7111374370280847	1.0	0.14224649245699086	0.21788680553263792	0.1475512996649775	0.2754519711743814	0.13753580726747927	0.4295745286539908	1.0	0.49625539253927214	0.379094407306776	0.1828309191283744	1.0	0.20992073033603537	0.6841174893561723	0.1942086981592279
el	0.0	0.7411828468492556	0.0	1.0	0.3720231376976103	0.7057511910252483	1.0	0.2190241420499774	0.7021690135599071	0.2852622712982058	1.0	1.0	1.0	0.43584120934530196	0.44677387758267395	1.0	1.0	1.0	1.0	1.0	1.0	0.4457344590978857	1.0	1.0	0.5066158069716884	1.0	0.7179915061657697	1.0	0.4876220769765525	1.0	0.29047339642746633	1.0	1.0	0.7510341748895937	1.0
en	1.0	0.39380719286706695	1.0	0.661251134120194	0.17094783269410394	0.06314955454383489	0.2190241420499774	1.0	0.058886986783198085	0.04384924946453555	0.12010191526639528	0.18328733892014723	0.21345085858174595	0.09587673242951568	0.05577715511292032	0.11388884863536627	0.14695523965264867	0.5988341345139976	0.3678698386743894	0.4140879952877903	0.7248485669756151	0.08334575906465005	0.10832139533999892	0.07681953194345931	0.1282124356176691	0.06729640855378326	0.1909637900274136	0.5618106076643239	0.2702339929924969	0.19918823781981515	0.10005590392193259	1.0	0.21671271670658024	0.6740515375688697	0.09288957910543612
es	1.0	0.6122131884607099	1.0	0.7263875964832448	0.24872438584452705	0.14532536943839852	0.7021690135599071	0.058886986783198085	1.0	0.07357692390364515	0.43633339040777874	0.6221567555131192	0.5749636029460929	0.15586103240952964	0.1147823436156467	0.4632686575324854	0.5075251837858961	1.0	0.7039424865283901	1.0	1.0	0.16816635481388365	0.19595507905698067	0.24640921106691616	0.2747659061495165	0.3042541469083658	0.32818196060000704	1.0	0.35014913314701757	0.45057687719491	0.18422853404646938	1.0	0.6199422408702859	0.6786291688147437	0.3630258246161187
fr	1.0	0.496529195757645	1.0	1.0	0.2115453435635096	0.08531599679785458	0.2852622712982058	0.04384924946453555	0.07357692390364515	1.0	0.1584197065466439	0.28150644317885753	0.28146680199028795	0.11855036753901627	0.07576258672672917	0.14159570611481548	0.21257219109307515	1.0	0.49870980578918966	0.3629183960728936	0.7347168825662656	0.11170938901550372	0.16645939512569233	0.09886499339743143	0.20904008845725489	0.09645631815533531	0.23703889445370163	0.37112154476243153	0.2894111384697458	0.2992451690570755	0.1265540141496304	0.7455134344225701	0.31598762209970416	0.7126095066991412	0.14377445221817353
he	1.0	0.5936597225568959	1.0	1.0	0.31293330218094917	0.3025628855951416	1.0	0.12010191526639528	0.43633339040777874	0.1584197065466439	1.0	1.0	1.0	0.22795022017818398	0.18669540856220576	1.0	1.0	1.0	1.0	1.0	1.0	0.2885213026071207	0.40389770501718036	0.6953009332395166	0.4110045356440291	1.0	0.456527077212314	1.0	0.42065848928912786	0.7021690135599071	0.3480159229859322	1.0	1.0	0.6841174893561723	0.6973656372342559
hi	1.0	0.6380558066189798	1.0	1.0	0.6501445840862393	0.3996564022693901	1.0	0.18328733892014723	0.6221567555131192	0.28150644317885753	1.0	1.0	1.0	0.37227589388018933	0.36935154228598793	1.0	1.0	1.0	1.0	1.0	1.0	0.3948741267176632	0.6377047307628824	0.7008670319311907	0.4778797986586311	1.0	0.7147973711694583	1.0	0.6463474082678704	0.7075325319701226	0.5341700335076338	1.0	1.0	0.6786291688147437	1.0
hu	1.0	0.7322034805959263	1.0	1.0	0.41611433625437577	0.3513709061521673	1.0	0.21345085858174595	0.5749636029460929	0.28146680199028795	1.0	1.0	1.0	0.32950271866048264	0.34222563799001665	1.0	1.0	1.0	1.0	1.0	1.0	0.3245842857138857	0.48861542485408843	1.0	0.4625220587155652	1.0	0.5111227859918243	1.0	0.5286864891398425	1.0	0.43405192232513307	1.0	1.0	0.7510341748895938	0.7012818362538287
id	1.0	0.5084394991059917	1.0	0.7376607345031153	0.28586131548824945	0.17771126955154165	0.43584120934530196	0.09587673242951568	0.15586103240952964	0.11855036753901627	0.22795022017818398	0.37227589388018933	0.32950271866048264	1.0	0.1434599137464274	0.17820627239021178	0.23506963334776373	1.0	0.47462040092177604	0.5586948029842127	1.0	0.186274264418842	0.2321347994583679	0.19562060041206325	0.29079543214513154	0.1682813366506237	0.4031628581750513	0.6549329476340925	0.4110906002702509	0.2897328855605552	0.22641905549738436	0.7510341748895939	0.29317024891820426	0.717344688307639	0.16143277969629202
it	1.0	0.35950957371582165	1.0	0.6030419283415577	0.238159844170631	0.12922367116606084	0.44677387758267395	0.05577715511292032	0.1147823436156467	0.07576258672672917	0.18669540856220576	0.36935154228598793	0.34222563799001665	0.1434599137464274	1.0	0.2392559080826032	0.19246545988892694	0.7234532828151787	0.5597384540450365	0.6432357517002909	0.7376607345031153	0.14150379890349796	0.2103812219392858	0.13872614869163405	0.2142938390591172	0.12867381599762792	0.3256609917358185	1.0	0.3033812105446164	0.2835230381371766	0.16975442374031047	1.0	0.2704316503987779	0.7411828468492555	0.16029446797871705
ja	1.0	0.6589257440209709	1.0	1.0	0.31261653495645547	0.18530397284508027	1.0	0.11388884863536627	0.4632686575324854	0.14159570611481548	1.0	1.0	1.0	0.17820627239021178	0.2392559080826032	1.0	1.0	1.0	1.0	1.0	1.0	0.21149578397511015	0.42039560903852324	0.5697166340355713	0.4355006800824577	1.0	0.5012659390270594	1.0	0.5988341345139978	0.7028911840705583	0.21026867142731367	1.0	1.0	0.7411828468492555	0.6934049242589717
ko	1.0	0.7263875964832448	1.0	1.0	0.3370104269405732	0.3705354076056556	1.0	0.14695523965264867	0.5075251837858961	0.21257219109307515	1.0	1.0	1.0	0.23506963334776373	0.19246545988892694	1.0	1.0	1.0	1.0	1.0	1.0	0.24742349867060556	0.4530142202226718	0.6185254943607429	0.4461499815251206	1.0	0.5057346623832499	1.0	0.6024121817672693	1.0	0.23908790125361468	1.0	1.0	0.6841174893561723	0.6950891286180206
lv	0.0	0.7863954451402115	1.0	1.0	0.42534549395239046	0.6532002319725722	1.0	0.5988341345139976	1.0	1.0	1.0	1.0	1.0	1.0	0.7234532828151787	1.0	1.0	1.0	1.0	1.0	1.0	0.594461461275062	1.0	1.0	1.0	1.0	1.0	1.0	1.0	1.0	0.728099120889861	1.0	1.0	0.7106922308883379	1.0
mk	1.0	1.0	1.0	0.0	0.6290808149140177	0.6377047307628825	1.0	0.3678698386743894	0.7039424865283901	0.49870980578918966	1.0	1.0	1.0	0.47462040092177604	0.5597384540450365	1.0	1.0	1.0	1.0	1.0	1.0	0.5813908581932734	0.5866241954474569	0.707152466483344	0.7162976956558117	1.0	0.5982000748211033	1.0	1.0	1.0	0.6432357517002909	1.0	1.0	1.0	1.0
ml	0.0	0.7510341748895938	1.0	1.0	0.5331204179143466	0.7111374370280847	1.0	0.4140879952877903	1.0	0.3629183960728936	1.0	1.0	1.0	0.5586948029842127	0.6432357517002909	1.0	1.0	1.0	1.0	1.0	1.0	0.5691170853853887	1.0	1.0	0.6338208189097604	1.0	1.0	1.0	0.5912384651224016	1.0	0.5988341345139978	1.0	1.0	0.6994017365373274	1.0
mr	0.0	0.0	0.0	1.0	1.0	1.0	1.0	0.7248485669756151	1.0	0.7347168825662656	1.0	1.0	1.0	1.0	0.7376607345031153	1.0	1.0	1.0	1.0	1.0	1.0	1.0	1.0	1.0	1.0	1.0	1.0	1.0	0.7510341748895938	1.0	0.4493075654568811	1.0	1.0	1.0	1.0
nl	1.0	0.518495410101184	1.0	0.7411828468492555	0.2796664069413115	0.14224649245699086	0.4457344590978857	0.08334575906465005	0.16816635481388365	0.11170938901550372	0.2885213026071207	0.3948741267176632	0.3245842857138857	0.186274264418842	0.14150379890349796	0.21149578397511015	0.24742349867060556	0.594461461275062	0.5813908581932734	0.5691170853853887	1.0	1.0	0.24536074592334073	0.1926937236767404	0.21856222805712708	0.12379087937147018	0.3092266461639944	0.7210092110599264	0.2842670783138627	0.26267289687659295	0.17516298329606658	1.0	0.3672402712181084	0.6841174893561723	0.20625183992280388
pl	0.7455134344225701	0.7347168825662656	1.0	1.0	0.35593074380939016	0.21788680553263792	1.0	0.10832139533999892	0.19595507905698067	0.16645939512569233	0.40389770501718036	0.6377047307628824	0.48861542485408843	0.2321347994583679	0.2103812219392858	0.42039560903852324	0.4530142202226718	1.0	0.5866241954474569	1.0	1.0	0.24536074592334073	1.0	0.26663958634332496	0.2842189177195265	0.2623350989434766	0.5582681216144211	1.0	0.3046809234544112	0.5553499690904082	0.2044704956073699	1.0	0.46696903265622647	0.6908587525207897	0.3322491948642985
pt	1.0	0.5132046050126483	1.0	1.0	0.29827156931250964	0.1475512996649775	1.0	0.07681953194345931	0.24640921106691616	0.09886499339743143	0.6953009332395166	0.7008670319311907	1.0	0.19562060041206325	0.13872614869163405	0.5697166340355713	0.6185254943607429	1.0	0.707152466483344	1.0	1.0	0.1926937236767404	0.26663958634332496	1.0	0.34486309814572186	0.4361547863590952	0.36905686446816655	1.0	0.3322843747680273	0.5724641987987851	0.21068057434231213	1.0	1.0	0.6908587525207897	0.4126485101695967
ro	1.0	0.7248485669756152	1.0	0.7455134344225701	0.3199031172424345	0.2754519711743814	0.5066158069716884	0.1282124356176691	0.2747659061495165	0.20904008845725489	0.4110045356440291	0.4778797986586311	0.4625220587155652	0.29079543214513154	0.2142938390591172	0.4355006800824577	0.4461499815251206	1.0	0.7162976956558117	0.6338208189097604	1.0	0.21856222805712708	0.2842189177195265	0.34486309814572186	1.0	0.30851994774221136	0.4642696205606469	1.0	0.48464545697811856	0.4337233700219749	0.28213604166990564	1.0	0.5350587738655865	0.7510341748895938	0.28924741262043213
ru	1.0	0.5108207943379719	1.0	1.0	0.26980814426343336	0.13753580726747927	1.0	0.06729640855378326	0.3042541469083658	0.09645631815533531	1.0	1.0	1.0	0.1682813366506237	0.12867381599762792	1.0	1.0	1.0	1.0	1.0	1.0	0.12379087937147018	0.2623350989434766	0.4361547863590952	0.30851994774221136	1.0	0.26992542433113326	1.0	0.3758244901305047	0.5243071438261098	0.18083905448288207	1.0	1.0	0.6786291688147437	0.6893239646520148
sh	1.0	0.41166519056704515	1.0	1.0	0.5415466217939151	0.4295745286539908	0.7179915061657697	0.1909637900274136	0.32818196060000704	0.23703889445370163	0.456527077212314	0.7147973711694583	0.5111227859918243	0.4031628581750513	0.3256609917358185	0.5012659390270594	0.5057346623832499	1.0	0.5982000748211033	1.0	1.0	0.3092266461639944	0.5582681216144211	0.36905686446816655	0.4642696205606469	0.26992542433113326	1.0	1.0	0.6439612029015811	0.33603700318319957	0.5016375330187071	0.7690990303325336	0.6313954136658706	0.7690990303325336	0.44239509620396067
si	0.0	1.0	1.0	1.0	0.5494246254269926	1.0	1.0	0.5618106076643239	1.0	0.37112154476243153	1.0	1.0	1.0	0.6549329476340925	1.0	1.0	1.0	1.0	1.0	1.0	1.0	0.7210092110599264	1.0	1.0	1.0	1.0	1.0	1.0	0.7322034805959263	1.0	1.0	1.0	1.0	0.6994017365373274	1.0
simple	0.0	1.0	1.0	0.7106922308883379	0.48718912079528015	0.49625539253927214	0.4876220769765525	0.2702339929924969	0.35014913314701757	0.2894111384697458	0.42065848928912786	0.6463474082678704	0.5286864891398425	0.4110906002702509	0.3033812105446164	0.5988341345139978	0.6024121817672693	1.0	1.0	0.5912384651224016	0.7510341748895938	0.2842670783138627	0.3046809234544112	0.3322843747680273	0.48464545697811856	0.3758244901305047	0.6439612029015811	0.7322034805959263	1.0	0.5409099584858091	0.30280604920641013	1.0	0.6452450558286367	0.6908587525207897	0.34965331167104946
sr	1.0	0.5828763145002701	1.0	1.0	0.3263228425210071	0.379094407306776	1.0	0.19918823781981515	0.45057687719491	0.2992451690570755	0.7021690135599071	0.7075325319701226	1.0	0.2897328855605552	0.2835230381371766	0.7028911840705583	1.0	1.0	1.0	1.0	1.0	0.26267289687659295	0.5553499690904082	0.5724641987987851	0.4337233700219749	0.5243071438261098	0.33603700318319957	1.0	0.5409099584858091	1.0	0.33898147861551786	1.0	1.0	0.6841174893561723	0.5779206207038636
sv	1.0	0.7263875964832448	1.0	0.7347168825662656	0.2748932119709049	0.1828309191283744	0.29047339642746633	0.10005590392193259	0.18422853404646938	0.1265540141496304	0.3480159229859322	0.5341700335076338	0.43405192232513307	0.22641905549738436	0.16975442374031047	0.21026867142731367	0.23908790125361468	0.728099120889861	0.6432357517002909	0.5988341345139978	0.4493075654568811	0.17516298329606658	0.2044704956073699	0.21068057434231213	0.28213604166990564	0.18083905448288207	0.5016375330187071	1.0	0.30280604920641013	0.33898147861551786	1.0	1.0	0.3321916825268287	0.6994017365373274	0.19679933911324224
te	0.0	1.0	0.0	1.0	1.0	1.0	1.0	1.0	1.0	0.7455134344225701	1.0	1.0	1.0	0.7510341748895939	1.0	1.0	1.0	1.0	1.0	1.0	1.0	1.0	1.0	1.0	1.0	1.0	0.7690990303325336	1.0	1.0	1.0	1.0	1.0	1.0	1.0	1.0
vi	1.0	0.7347168825662656	1.0	1.0	0.3813260162133559	0.20992073033603537	1.0	0.21671271670658024	0.6199422408702859	0.31598762209970416	1.0	1.0	1.0	0.29317024891820426	0.2704316503987779	1.0	1.0	1.0	1.0	1.0	1.0	0.3672402712181084	0.46696903265622647	1.0	0.5350587738655865	1.0	0.6313954136658706	1.0	0.6452450558286367	1.0	0.3321916825268287	1.0	1.0	0.6841174893561723	0.6968317140380265
war	0.0	1.0	1.0	1.0	0.7690990303325336	0.6841174893561723	0.7510341748895937	0.6740515375688697	0.6786291688147437	0.7126095066991412	0.6841174893561723	0.6786291688147437	0.7510341748895938	0.717344688307639	0.7411828468492555	0.7411828468492555	0.6841174893561723	0.7106922308883379	1.0	0.6994017365373274	1.0	0.6841174893561723	0.6908587525207897	0.6908587525207897	0.7510341748895938	0.6786291688147437	0.7690990303325336	0.6994017365373274	0.6908587525207897	0.6841174893561723	0.6994017365373274	1.0	0.6841174893561723	1.0	0.6841174893561723
zh	1.0	0.5642670943910084	1.0	1.0	0.26867370402296714	0.1942086981592279	1.0	0.09288957910543612	0.3630258246161187	0.14377445221817353	0.6973656372342559	1.0	0.7012818362538287	0.16143277969629202	0.16029446797871705	0.6934049242589717	0.6950891286180206	1.0	1.0	1.0	1.0	0.20625183992280388	0.3322491948642985	0.4126485101695967	0.28924741262043213	0.6893239646520148	0.44239509620396067	1.0	0.34965331167104946	0.5779206207038636	0.19679933911324224	1.0	0.6968317140380265	0.6841174893561723	1.0
