arz	bs	ceb	ckb	da	de	el	en	es	fr	he	hi	hu	id	it	ja	ko	lv	mk	ml	mr	nl	pl	pt	ro	ru	sh	si	simple	sr	sv	te	tr	vi	war	zh
arz	1.0	1.0	0.0	1.0	1.0	1.0	1.0	1.0	1.0	1.0	1.0	1.0	1.0	1.0	1.0	1.0	1.0	1.0	1.0	1.0	1.0	1.0	1.0	0.5660160774121898	1.0	1.0	1.0	1.0	1.0	1.0	1.0	1.0	1.0	1.0	1.0	1.0
bs	1.0	1.0	1.0	1.0	0.6213937473815819	0.2907935236235971	0.37601168758039577	0.2572407210867817	0.44944120420924694	0.40470970566410486	0.7460748220315173	0.3946514430744052	0.4558049155144548	0.4130817867902645	0.25922731227212154	0.4387669865412229	0.6396288659594708	0.7583180347876477	0.3861961860751201	0.4100462248647394	1.0	0.34541216942639485	0.38641789734871973	0.3422327839038809	0.5669580077815332	0.4626214854227754	0.6323509330653394	1.0	0.264953003732741	0.36459038414694367	0.3924270918803712	1.0	0.40735842100414466	0.5061084416611887	1.0	0.4055090190996256
ceb	0.0	1.0	1.0	0.0	1.0	1.0	0.0	1.0	1.0	1.0	1.0	1.0	1.0	1.0	1.0	1.0	1.0	1.0	1.0	1.0	0.0	1.0	1.0	1.0	1.0	1.0	1.0	1.0	1.0	1.0	1.0	0.0	-1.0	1.0	1.0	1.0
ckb	1.0	1.0	0.0	1.0	1.0	1.0	1.0	0.7863954451402115	0.7863954451402115	1.0	1.0	1.0	1.0	0.5480953166963739	1.0	1.0	1.0	0.8216064286890065	1.0	1.0	1.0	1.0	0.8755395908437883	0.5020797777427737	1.0	1.0	1.0	1.0	1.0	1.0	1.0	1.0	1.0	1.0	1.0	1.0
da	1.0	0.6213937473815819	1.0	1.0	1.0	0.2676079992266734	0.7584325078215763	0.28290913929907374	0.2521991868887612	0.2999949887853694	0.37186252238912726	0.30282694652624226	0.3622582737575458	0.2645518353577714	0.22397316758850488	0.32871148929974986	0.35068105457427506	0.40188087576509823	0.47909116172575184	0.4950065078258593	1.0	0.2759407495133838	0.29678881900570814	0.2962172115503375	0.34786244896929996	0.3328617430681152	0.45861525988329366	1.0	0.292505503957509	0.27525858543946585	0.33999461639569245	0.5851273745372155	0.4339325005339067	0.46940651433356284	1.0	0.3718097294145125
de	1.0	0.2907935236235971	1.0	1.0	0.2676079992266734	1.0	0.7455134344225701	0.15698154288448657	0.16894930349325005	0.1562290229321249	0.3292605088075633	0.4136484130982777	0.38475622683723154	0.2190124526154856	0.18154423561020522	0.33076499018332683	0.38999051602926865	0.36562108898446755	0.417692685905307	0.6164001843252531	1.0	0.1731249099247732	0.1476052478102047	0.1777776910279872	0.2925019991659019	0.23057868619184527	0.39711918902526655	1.0	0.2209704504075619	0.26313952949311226	0.23764000454300116	0.3621577122837849	0.3207025185890807	0.2707917906858252	1.0	0.22318514241026366
el	1.0	0.37601168758039577	0.0	1.0	0.7584325078215763	0.7455134344225701	1.0	0.7376607345031153	0.7992591943912659	0.7411828468492555	1.0	1.0	1.0	0.5386062767638284	0.42534549395239046	1.0	1.0	0.7863954451402115	1.0	1.0	1.0	0.6789499243743929	0.6786274278789107	0.41360553468474	1.0	1.0	1.0	1.0	0.5356618324800493	0.7510341748895938	1.0	1.0	1.0	1.0	1.0	1.0
en	1.0	0.2572407210867817	1.0	0.7863954451402115	0.28290913929907374	0.15698154288448657	0.7376607345031153	1.0	0.18647239975250024	0.18053679972230133	0.6143726587601382	0.3397083328843555	0.5041326828045432	0.2581922338460385	0.17520230842135803	0.23782014754595826	0.4709840211203179	0.5362241689250817	0.6016441419741769	0.4120396927278751	1.0	0.22455975591855246	0.16582950383495312	0.17390345146646782	0.4772235573426672	0.2297883840127502	0.4136713767685081	0.8216064286890065	0.24595934283108523	0.27587910844031244	0.28782712248058384	0.4245705049208519	0.36983923003716873	0.1767261053495858	1.0	0.28260244195347467
es	1.0	0.44944120420924694	1.0	0.7863954451402115	0.2521991868887612	0.16894930349325005	0.7992591943912659	0.18647239975250024	1.0	0.15056535174107083	0.5780965534243105	0.7322034805959263	0.5427749074435139	0.2578168597359119	0.1936911577396584	0.31394569300131864	0.45947703795957284	0.38391727241564766	0.7347168825662656	0.5288971101299547	1.0	0.18068637969693202	0.14463394955431016	0.15596127594979373	0.5788295207475145	0.21408815095546732	0.4314699280434558	1.0	0.3052259743572585	0.29779823213204487	0.2544761631935474	1.0	0.3019129075261384	0.44012947803914215	1.0	0.38286836330222146
fr	1.0	0.40470970566410486	1.0	1.0	0.2999949887853694	0.1562290229321249	0.7411828468492555	0.18053679972230133	0.15056535174107083	1.0	0.574421462997928	0.7347168825662656	0.5284850224293884	0.30870969186660435	0.17871668110986957	0.3285346631092893	0.5368759443448842	0.4854054841172009	0.7376607345031153	0.4020504026192962	1.0	0.1845283591836152	0.15008495886089337	0.1478209471961154	0.443771779415414	0.2239852546016575	0.5005519424947412	1.0	0.31430018905593665	0.3125213148826345	0.23814907470184915	0.6841174893561722	0.3634647968469361	0.4365202977561011	1.0	0.3467296278204437
he	1.0	0.7460748220315173	1.0	1.0	0.37186252238912726	0.3292605088075633	1.0	0.6143726587601382	0.5780965534243105	0.574421462997928	1.0	1.0	1.0	0.3221568531246343	0.40642908176469	1.0	1.0	0.6160025752277454	1.0	1.0	1.0	0.4018184259209564	0.7248485669756152	0.4000997612874393	0.6908587525207897	1.0	1.0	1.0	0.43643689787780154	0.7347168825662656	0.7300208629885034	1.0	0.6994017365373274	1.0	1.0	1.0
hi	1.0	0.3946514430744052	1.0	1.0	0.30282694652624226	0.4136484130982777	1.0	0.3397083328843555	0.7322034805959263	0.7347168825662656	1.0	1.0	1.0	0.3268930555851597	0.3559537111769481	1.0	1.0	0.5851273745372155	1.0	1.0	1.0	0.5393380894352073	0.5973329889831545	0.40272781479378505	0.6908587525207897	1.0	0.8055567530094857	1.0	0.5258000670724388	1.0	0.7347168825662656	1.0	0.74551343442257	1.0	1.0	1.0
hu	1.0	0.4558049155144548	1.0	1.0	0.3622582737575458	0.38475622683723154	1.0	0.5041326828045432	0.5427749074435139	0.5284850224293884	1.0	1.0	1.0	0.6113472178390282	0.3526554882440243	1.0	1.0	0.6704675947063355	1.0	1.0	1.0	0.3674180094643273	0.5828763145002701	0.3868925482431309	0.6529237176829992	1.0	0.7455134344225701	1.0	0.6240986545701268	0.6189014223491325	1.0	1.0	0.6524007805500077	1.0	1.0	1.0
id	1.0	0.4130817867902645	1.0	0.5480953166963739	0.2645518353577714	0.2190124526154856	0.5386062767638284	0.2581922338460385	0.2578168597359119	0.30870969186660435	0.3221568531246343	0.3268930555851597	0.6113472178390282	1.0	0.24947122070036717	0.2701883616069155	0.2936085379952152	0.4332982239963503	0.3465502151411392	0.3686423540571618	1.0	0.2848720864599985	0.26563578845201125	0.24922809117294922	0.5188361167927681	0.33045863980650797	0.30016253267178894	1.0	0.26459817953944215	0.3588578927984831	0.30053487677999896	1.0	0.394236087633954	0.28386253456989946	1.0	0.30521172850761186
it	1.0	0.25922731227212154	1.0	1.0	0.22397316758850488	0.18154423561020522	0.42534549395239046	0.17520230842135803	0.1936911577396584	0.17871668110986957	0.40642908176469	0.3559537111769481	0.3526554882440243	0.24947122070036717	1.0	0.26411297107454484	0.37389778499738213	0.34250886800417657	0.42489828324440815	0.40692577976615363	1.0	0.23554340633307197	0.20183681542892143	0.18647209274728496	0.2910053862786575	0.24748881514029097	0.5399379603137552	1.0	0.24202768535064656	0.3313228034014738	0.2611184781319041	0.7203531333409419	0.2801608607864138	0.3572677018582842	1.0	0.2774254053577613
ja	1.0	0.4387669865412229	1.0	1.0	0.32871148929974986	0.33076499018332683	1.0	0.23782014754595826	0.31394569300131864	0.3285346631092893	1.0	1.0	1.0	0.2701883616069155	0.26411297107454484	1.0	1.0	0.5876192126698677	1.0	1.0	1.0	0.4218714806128944	0.28385956252555594	0.23613314641173933	0.5599608133269115	1.0	0.5394720153042691	1.0	0.3505163755459353	0.7695446697526286	0.6291753224061863	1.0	0.5104784238784806	1.0	1.0	1.0
ko	1.0	0.6396288659594708	1.0	1.0	0.35068105457427506	0.38999051602926865	1.0	0.4709840211203179	0.45947703795957284	0.5368759443448842	1.0	1.0	1.0	0.2936085379952152	0.37389778499738213	1.0	1.0	0.657312113971931	1.0	1.0	1.0	0.4779521022907619	0.5261475665643555	0.384128316640394	0.6529237176829992	1.0	0.6248509202701144	1.0	0.41911354656116256	0.6638546162332061	1.0	1.0	0.5895598144787592	1.0	1.0	1.0
lv	1.0	0.7583180347876477	1.0	0.8216064286890065	0.40188087576509823	0.36562108898446755	0.7863954451402115	0.5362241689250817	0.38391727241564766	0.4854054841172009	0.6160025752277454	0.5851273745372155	0.6704675947063355	0.4332982239963503	0.34250886800417657	0.5876192126698677	0.657312113971931	1.0	0.7690990303325336	0.7690990303325336	1.0	0.33738866690173663	0.435980357589708	0.3575103479863972	0.6568818166223361	0.4578682679492144	0.39948879267426457	1.0	0.4214879969617375	0.5876192126698677	0.42101692989972084	0.7690990303325336	0.7027262689161649	0.6709699196584556	1.0	0.5657131132667904
mk	1.0	0.3861961860751201	1.0	1.0	0.47909116172575184	0.417692685905307	1.0	0.6016441419741769	0.7347168825662656	0.7376607345031153	1.0	1.0	1.0	0.3465502151411392	0.42489828324440815	1.0	1.0	0.7690990303325336	1.0	1.0	1.0	0.4410232546770566	0.7347168825662656	0.4104466021350759	0.682082772751162	1.0	0.6672900944003651	1.0	0.35479701959104776	1.0	0.7411828468492556	1.0	0.7510341748895937	1.0	1.0	1.0
ml	1.0	0.4100462248647394	1.0	1.0	0.4950065078258593	0.6164001843252531	1.0	0.4120396927278751	0.5288971101299547	0.4020504026192962	1.0	1.0	1.0	0.3686423540571618	0.40692577976615363	1.0	1.0	0.7690990303325336	1.0	1.0	1.0	0.34841849706770744	0.590450634789213	0.3960177441387637	0.7510341748895938	1.0	0.8252244849082945	1.0	0.3230710549310463	1.0	0.6841174893561722	1.0	0.6585785515191102	1.0	1.0	1.0
mr	1.0	1.0	0.0	1.0	1.0	1.0	1.0	1.0	1.0	1.0	1.0	1.0	1.0	1.0	1.0	1.0	1.0	1.0	1.0	1.0	1.0	1.0	1.0	0.5660160774121898	1.0	1.0	1.0	1.0	1.0	1.0	1.0	1.0	1.0	1.0	1.0	1.0
nl	1.0	0.34541216942639485	1.0	1.0	0.2759407495133838	0.1731249099247732	0.6789499243743929	0.22455975591855246	0.18068637969693202	0.1845283591836152	0.4018184259209564	0.5393380894352073	0.3674180094643273	0.2848720864599985	0.23554340633307197	0.4218714806128944	0.4779521022907619	0.33738866690173663	0.4410232546770566	0.34841849706770744	1.0	1.0	0.17236484744876024	0.19274372648278665	0.3290346976166159	0.38811099486731304	0.3356969200554152	0.5455381281950756	0.28689476408575765	0.3140197788881598	0.3298549157840742	0.47802880077173165	0.33552369102377155	0.46542640038731287	1.0	0.42245213557206085
pl	1.0	0.38641789734871973	1.0	0.8755395908437883	0.29678881900570814	0.1476052478102047	0.6786274278789107	0.16582950383495312	0.14463394955431016	0.15008495886089337	0.7248485669756152	0.5973329889831545	0.5828763145002701	0.26563578845201125	0.20183681542892143	0.28385956252555594	0.5261475665643555	0.435980357589708	0.7347168825662656	0.590450634789213	1.0	0.17236484744876024	1.0	0.1660941089790766	0.5060801492691862	0.2155832805899857	0.5064512507623129	1.0	0.22529238677514019	0.29389292123493016	0.32604226778921497	0.7376607345031153	0.4656553534910359	0.42787093392454467	1.0	0.4307754476099043
pt	0.5660160774121898	0.3422327839038809	1.0	0.5020797777427737	0.2962172115503375	0.1777776910279872	0.41360553468474	0.17390345146646782	0.15596127594979373	0.1478209471961154	0.4000997612874393	0.40272781479378505	0.3868925482431309	0.24922809117294922	0.18647209274728496	0.23613314641173933	0.384128316640394	0.3575103479863972	0.4104466021350759	0.3960177441387637	0.5660160774121898	0.19274372648278665	0.1660941089790766	1.0	0.40534788122159093	0.22058748052981786	0.3566926037639762	0.5660160774121898	0.279097070308352	0.23138576746189982	0.3054164345739819	0.42995415895150885	0.32251182354080954	0.3600898650702676	0.5660160774121898	0.2758274470752929
ro	1.0	0.5669580077815332	1.0	1.0	0.34786244896929996	0.2925019991659019	1.0	0.4772235573426672	0.5788295207475145	0.443771779415414	0.6908587525207897	0.6908587525207897	0.6529237176829992	0.5188361167927681	0.2910053862786575	0.5599608133269115	0.6529237176829992	0.6568818166223361	0.682082772751162	0.7510341748895938	1.0	0.3290346976166159	0.5060801492691862	0.40534788122159093	1.0	0.5340944605622845	0.7510341748895937	1.0	0.42598831411801336	0.6214997568336841	0.7594636898526383	0.6571702826516209	0.6824465047655925	0.7310918840925194	1.0	0.6419431339757352
ru	1.0	0.4626214854227754	1.0	1.0	0.3328617430681152	0.23057868619184527	1.0	0.2297883840127502	0.21408815095546732	0.2239852546016575	1.0	1.0	1.0	0.33045863980650797	0.24748881514029097	1.0	1.0	0.4578682679492144	1.0	1.0	1.0	0.38811099486731304	0.2155832805899857	0.22058748052981786	0.5340944605622845	1.0	0.4979734011304514	1.0	0.3075814896167471	0.4826006249184695	0.45325219586719123	1.0	0.4784397590665958	1.0	1.0	1.0
sh	1.0	0.6323509330653394	1.0	1.0	0.45861525988329366	0.39711918902526655	1.0	0.4136713767685081	0.4314699280434558	0.5005519424947412	1.0	0.8055567530094857	0.7455134344225701	0.30016253267178894	0.5399379603137552	0.5394720153042691	0.6248509202701144	0.39948879267426457	0.6672900944003651	0.8252244849082945	1.0	0.3356969200554152	0.5064512507623129	0.3566926037639762	0.7510341748895937	0.4979734011304514	1.0	1.0	0.4790091245095041	0.45557333987523563	0.37571824080856686	1.0	0.7292679407387131	1.0	1.0	0.6313021041436259
si	1.0	1.0	1.0	1.0	1.0	1.0	1.0	0.8216064286890065	1.0	1.0	1.0	1.0	1.0	1.0	1.0	1.0	1.0	1.0	1.0	1.0	1.0	0.5455381281950756	1.0	0.5660160774121898	1.0	1.0	1.0	1.0	1.0	1.0	1.0	1.0	1.0	1.0	1.0	1.0
simple	1.0	0.264953003732741	1.0	1.0	0.292505503957509	0.2209704504075619	0.5356618324800493	0.24595934283108523	0.3052259743572585	0.31430018905593665	0.43643689787780154	0.5258000670724388	0.6240986545701268	0.26459817953944215	0.24202768535064656	0.3505163755459353	0.41911354656116256	0.4214879969617375	0.35479701959104776	0.3230710549310463	1.0	0.28689476408575765	0.22529238677514019	0.279097070308352	0.42598831411801336	0.3075814896167471	0.4790091245095041	1.0	1.0	0.4833252095071176	0.29154042279514547	0.4796888634933662	0.34397968425832604	0.478390457698121	0.953225785585603	0.42005808210866225
sr	1.0	0.36459038414694367	1.0	1.0	0.27525858543946585	0.26313952949311226	0.7510341748895938	0.27587910844031244	0.29779823213204487	0.3125213148826345	0.7347168825662656	1.0	0.6189014223491325	0.3588578927984831	0.3313228034014738	0.7695446697526286	0.6638546162332061	0.5876192126698677	1.0	1.0	1.0	0.3140197788881598	0.29389292123493016	0.23138576746189982	0.6214997568336841	0.4826006249184695	0.45557333987523563	1.0	0.4833252095071176	1.0	0.6463864166156963	1.0	0.7347168825662657	0.7376607345031153	1.0	0.7221793916855703
sv	1.0	0.3924270918803712	1.0	1.0	0.33999461639569245	0.23764000454300116	1.0	0.28782712248058384	0.2544761631935474	0.23814907470184915	0.7300208629885034	0.7347168825662656	1.0	0.30053487677999896	0.2611184781319041	0.6291753224061863	1.0	0.42101692989972084	0.7411828468492556	0.6841174893561722	1.0	0.3298549157840742	0.32604226778921497	0.3054164345739819	0.7594636898526383	0.45325219586719123	0.37571824080856686	1.0	0.29154042279514547	0.6463864166156963	1.0	1.0	0.6080814280605195	0.7248485669756151	1.0	0.636485134875708
te	1.0	1.0	0.0	1.0	0.5851273745372155	0.3621577122837849	1.0	0.4245705049208519	1.0	0.6841174893561722	1.0	1.0	1.0	1.0	0.7203531333409419	1.0	1.0	0.7690990303325336	1.0	1.0	1.0	0.47802880077173165	0.7376607345031153	0.42995415895150885	0.6571702826516209	1.0	1.0	1.0	0.4796888634933662	1.0	1.0	1.0	0.7510341748895938	1.0	1.0	1.0
tr	1.0	0.40735842100414466	-1.0	1.0	0.4339325005339067	0.3207025185890807	1.0	0.36983923003716873	0.3019129075261384	0.3634647968469361	0.6994017365373274	0.74551343442257	0.6524007805500077	0.394236087633954	0.2801608607864138	0.5104784238784806	0.5895598144787592	0.7027262689161649	0.7510341748895937	0.6585785515191102	1.0	0.33552369102377155	0.4656553534910359	0.32251182354080954	0.6824465047655925	0.4784397590665958	0.7292679407387131	1.0	0.34397968425832604	0.7347168825662657	0.6080814280605195	0.7510341748895938	1.0	0.5822174469110636	1.0	0.5871603677856654
vi	1.0	0.5061084416611887	1.0	1.0	0.46940651433356284	0.2707917906858252	1.0	0.1767261053495858	0.44012947803914215	0.4365202977561011	1.0	1.0	1.0	0.28386253456989946	0.3572677018582842	1.0	1.0	0.6709699196584556	1.0	1.0	1.0	0.46542640038731287	0.42787093392454467	0.3600898650702676	0.7310918840925194	1.0	1.0	1.0	0.478390457698121	0.7376607345031153	0.7248485669756151	1.0	0.5822174469110636	1.0	1.0	1.0
war	1.0	1.0	1.0	1.0	1.0	1.0	1.0	1.0	1.0	1.0	1.0	1.0	1.0	1.0	1.0	1.0	1.0	1.0	1.0	1.0	1.0	1.0	1.0	0.5660160774121898	1.0	1.0	1.0	1.0	0.953225785585603	1.0	1.0	1.0	1.0	1.0	1.0	1.0
zh	1.0	0.4055090190996256	1.0	1.0	0.3718097294145125	0.22318514241026366	1.0	0.28260244195347467	0.38286836330222146	0.3467296278204437	1.0	1.0	1.0	0.30521172850761186	0.2774254053577613	1.0	1.0	0.5657131132667904	1.0	1.0	1.0	0.42245213557206085	0.4307754476099043	0.2758274470752929	0.6419431339757352	1.0	0.6313021041436259	1.0	0.42005808210866225	0.7221793916855703	0.636485134875708	1.0	0.5871603677856654	1.0	1.0	1.0
