arz	bs	ceb	ckb	da	de	el	en	es	fr	he	hi	hu	id	it	ja	ko	lv	mk	ml	mr	nl	pl	pt	ro	ru	sh	si	simple	sr	sv	te	vi	war	zh
arz	1.0	1.0	0.0	0.0	1.0	1.0	1.0	0.7584325078215763	1.0	0.0	1.0	0.0	1.0	1.0	1.0	1.0	1.0	1.0	1.0	0.0	0.0	0.7690990303325336	1.0	1.0	1.0	1.0	1.0	0.0	1.0	1.0	1.0	0.0	1.0	0.0	0.7584325078215763
bs	1.0	1.0	0.0	1.0	0.7863954451402115	0.7863954451402115	0.6983438190355966	0.5185202992857784	0.5222457490981748	0.0	0.4764061488379977	1.0	1.0	0.6983438190355966	0.48418927794163735	0.6983438190355966	0.7863954451402115	0.7495060196705011	0.6983438190355966	0.8216064286890065	1.0	0.7863954451402115	0.6256867665541485	0.7561971966235398	0.5635201111613576	0.5966672336576567	0.7863954451402115	1.0	0.6983438190355966	0.6983438190355966	0.7863954451402115	1.0	0.6290597636579104	0.7863954451402115	0.5964803143011147
ceb	0.0	0.0	1.0	0.0	1.0	1.0	1.0	1.0	1.0	0.0	1.0	0.0	0.0	0.0	1.0	1.0	1.0	1.0	0.0	0.0	0.0	1.0	1.0	1.0	1.0	1.0	1.0	0.0	0.0	0.0	1.0	0.0	1.0	0.0	1.0
ckb	0.0	1.0	0.0	1.0	1.0	1.0	1.0	1.0	1.0	0.0	1.0	1.0	1.0	1.0	1.0	1.0	1.0	1.0	1.0	1.0	1.0	1.0	1.0	1.0	0.5660160774121898	1.0	1.0	1.0	1.0	1.0	1.0	1.0	0.5020797777427737	1.0	1.0
da	1.0	0.7863954451402115	1.0	1.0	1.0	0.26505365015799626	0.3962397281587223	0.13053889241085434	0.24735286976644055	0.0	0.31663421730843405	1.0	0.5453861649905171	0.5133714773081576	0.2509541868762456	0.2809299906308361	0.3595173514854331	0.4799363646168717	0.40272781479378505	0.45978199139093534	1.0	0.20751019359386683	0.2601141721680151	0.3202830450743203	0.24334689058470607	0.21922873690051656	0.34969481162188476	1.0	0.3732467314772326	0.36625350118637856	0.17960509347194828	1.0	0.29698494604651593	1.0	0.2598175165154232
de	1.0	0.7863954451402115	1.0	1.0	0.26505365015799626	1.0	0.17155029272403713	0.057316509268516225	0.11424707397220117	0.0	0.21644101178623432	1.0	0.36923259859877533	0.2513797331895192	0.07940452748572566	0.1386550746057624	0.5465461983132446	0.3151417743301149	0.718925811717485	0.2905516913632649	1.0	0.10176865724686456	0.09159251800466506	0.12690737180594872	0.23494491150409125	0.08354045096317647	0.2938551058989059	1.0	0.454922181788413	0.23484263762228708	0.13952111097943232	0.7863954451402115	0.27418960011828625	1.0	0.1472408575682869
el	1.0	0.6983438190355966	1.0	1.0	0.3962397281587223	0.17155029272403713	1.0	0.09539848679690538	0.14037607120310402	0.0	0.2643689806954179	1.0	0.5354421592513077	0.2412687206355811	0.1380039912094199	0.21799557593412872	0.42006601236654684	0.3003149921918175	0.5635380039916208	0.3511407786037264	1.0	0.19530499006649518	0.14198397014714276	0.2052679319290657	0.28740435148475024	0.13835405686898614	0.3899693686490133	1.0	0.6549329476340925	0.5967816440658614	0.21377489241718156	1.0	0.3841848323890039	1.0	0.19413791674956052
en	0.7584325078215763	0.5185202992857784	1.0	1.0	0.13053889241085434	0.057316509268516225	0.09539848679690538	1.0	0.04525176269790972	1.0	0.1095911970687632	0.5978638987844404	0.17336784518632986	0.16444297737751967	0.033004433351418616	0.08670895366089545	0.2642967489352919	0.15920992989439525	0.41821042727609115	0.0773195842389981	1.0	0.04724838927295585	0.04122265803483615	0.050248324231609305	0.10103674808105963	0.04249361132937273	0.16888960342648396	0.7411828468492556	0.22710700881527254	0.19995790619689707	0.07209603800615498	1.0	0.17265976346449288	1.0	0.09099756391227892
es	1.0	0.5222457490981748	1.0	1.0	0.24735286976644055	0.11424707397220117	0.14037607120310402	0.04525176269790972	1.0	1.0	0.19656176271461853	0.7347168825662658	0.3434255184724419	0.2419151361210534	0.041896068294947554	0.12336871269369126	0.49159220852230906	0.3755223347001923	0.7134542832283587	0.1574758149140254	1.0	0.07231640419385135	0.05256456875826319	0.07455287078666731	0.23185571134270733	0.05705029572434395	0.2822844320979342	1.0	0.4113419883228722	0.22649961621640355	0.10324255162302061	1.0	0.2652406957217439	1.0	0.1268261320706177
fr	0.0	0.0	0.0	0.0	0.0	0.0	0.0	1.0	1.0	1.0	0.0	0.0	0.0	0.0	0.7263875964832449	0.0	0.0	0.0	0.0	0.0	0.0	1.0	1.0	1.0	0.0	1.0	0.0	0.0	0.0	0.0	0.0	0.0	0.0	0.0	1.0
he	1.0	0.4764061488379977	1.0	1.0	0.31663421730843405	0.21644101178623432	0.2643689806954179	0.1095911970687632	0.19656176271461853	0.0	1.0	1.0	0.5000176118977951	0.42034552360670274	0.15228424068132793	0.1960026399919053	0.578510336828195	0.4927070472042884	0.7248485669756152	0.48114049652237356	1.0	0.18480004402622502	0.14811033859448675	0.17378896260256535	0.2394544865266565	0.12353149160540898	0.33636696831996327	1.0	0.5756429471993157	0.23292266113307172	0.2555587734687978	1.0	0.3483085778897069	1.0	0.19801732637529232
hi	0.0	1.0	0.0	1.0	1.0	1.0	1.0	0.5978638987844404	0.7347168825662658	0.0	1.0	1.0	1.0	1.0	0.6093096912777514	1.0	1.0	1.0	1.0	1.0	1.0	1.0	1.0	1.0	0.8125806012482828	0.576954362218826	1.0	1.0	1.0	1.0	1.0	1.0	0.5660160774121898	1.0	1.0
hu	1.0	1.0	0.0	1.0	0.5453861649905171	0.36923259859877533	0.5354421592513077	0.17336784518632986	0.3434255184724419	0.0	0.5000176118977951	1.0	1.0	0.6908587525207898	0.32523266803096074	0.34538042196765517	1.0	1.0	1.0	0.4500321954967236	1.0	0.30088771554924565	0.2809753876206087	0.40620828264506675	0.21785516396495455	0.33947941292778017	0.6411621673688592	1.0	0.6443242360956812	1.0	0.33172708261745953	1.0	0.3841229725954143	1.0	0.35706744831391496
id	1.0	0.6983438190355966	0.0	1.0	0.5133714773081576	0.2513797331895192	0.2412687206355811	0.16444297737751967	0.2419151361210534	0.0	0.42034552360670274	1.0	0.6908587525207898	1.0	0.2095261462683424	0.2754052475759179	0.42985187963132515	0.3734648964482675	0.7455134344225701	0.21042816899148017	1.0	0.22836129083751866	0.1797839357235652	0.1996745333380538	0.2717403357052278	0.17712436905541257	0.5421699140206103	1.0	0.2205960127758329	0.5774224297650752	0.31095689147774613	1.0	0.3654894306838927	1.0	0.23131113627553862
it	1.0	0.48418927794163735	1.0	1.0	0.2509541868762456	0.07940452748572566	0.1380039912094199	0.033004433351418616	0.041896068294947554	0.7263875964832449	0.15228424068132793	0.6093096912777514	0.32523266803096074	0.2095261462683424	1.0	0.09805202869373005	0.4207367280931284	0.2566600645874012	1.0	0.11352120586158367	1.0	0.058744902070290275	0.04344750554662711	0.06419228817220667	0.1690620653976076	0.045290267064357376	0.259872469533804	1.0	0.42577545129808053	0.2353901959916835	0.09807517705490873	1.0	0.25053029444055613	1.0	0.12426306751549335
ja	1.0	0.6983438190355966	1.0	1.0	0.2809299906308361	0.1386550746057624	0.21799557593412872	0.08670895366089545	0.12336871269369126	0.0	0.1960026399919053	1.0	0.34538042196765517	0.2754052475759179	0.09805202869373005	1.0	0.31413986330532156	0.30868894069447406	0.5365672293818221	0.2489497141778053	1.0	0.11694632578656218	0.11826774033695035	0.12842329746952494	0.20449435311839295	0.0985482275527644	0.2555053645903405	1.0	0.2757757210107414	0.254084223914798	0.1492283101307023	1.0	0.23406172504168068	1.0	0.14803906432645667
ko	1.0	0.7863954451402115	1.0	1.0	0.3595173514854331	0.5465461983132446	0.42006601236654684	0.2642967489352919	0.49159220852230906	0.0	0.578510336828195	1.0	1.0	0.42985187963132515	0.4207367280931284	0.31413986330532156	1.0	0.7710370547764414	1.0	0.5816958192909886	1.0	0.2796186225024181	0.45748394933154024	0.49560447536210317	0.2632124135125932	0.30385169020520064	0.5534713567001341	1.0	0.5922033024827085	0.4964717136331508	0.35573960594175613	1.0	0.40232825399562516	1.0	0.32177887140079664
lv	1.0	0.7495060196705011	1.0	1.0	0.4799363646168717	0.3151417743301149	0.3003149921918175	0.15920992989439525	0.3755223347001923	0.0	0.4927070472042884	1.0	1.0	0.3734648964482675	0.2566600645874012	0.30868894069447406	0.7710370547764414	1.0	0.728099120889861	0.6667969795412325	1.0	0.3147927222796222	0.283391597333735	0.4016768486689411	0.3015324447999585	0.24479351247093736	0.5376010604148695	1.0	0.6783645284344529	0.6553215534040776	0.22327458832307898	1.0	0.3786394495410237	1.0	0.2886721951151262
mk	1.0	0.6983438190355966	0.0	1.0	0.40272781479378505	0.718925811717485	0.5635380039916208	0.41821042727609115	0.7134542832283587	0.0	0.7248485669756152	1.0	1.0	0.7455134344225701	1.0	0.5365672293818221	1.0	0.728099120889861	1.0	1.0	1.0	0.6028877247745956	0.7179915061657696	0.7234532828151787	0.6445026434513921	0.5749237482013762	1.0	1.0	0.7347168825662656	0.5616929536617626	0.3841378125179277	1.0	0.41360553468474	1.0	0.7221793916855703
ml	0.0	0.8216064286890065	0.0	1.0	0.45978199139093534	0.2905516913632649	0.3511407786037264	0.0773195842389981	0.1574758149140254	0.0	0.48114049652237356	1.0	0.4500321954967236	0.21042816899148017	0.11352120586158367	0.2489497141778053	0.5816958192909886	0.6667969795412325	1.0	1.0	1.0	0.18654916224144902	0.18089238039062894	0.18537854253028815	0.29602412093536445	0.13565311529483517	0.590273720040199	0.7690990303325336	0.6157203285187429	0.7942219112853847	0.36738972300254574	1.0	0.36348931517333016	1.0	0.2173788949403156
mr	0.0	1.0	0.0	1.0	1.0	1.0	1.0	1.0	1.0	0.0	1.0	1.0	1.0	1.0	1.0	1.0	1.0	1.0	1.0	1.0	1.0	1.0	1.0	1.0	0.5660160774121898	1.0	1.0	1.0	1.0	1.0	1.0	1.0	0.5660160774121898	1.0	1.0
nl	0.7690990303325336	0.7863954451402115	1.0	1.0	0.20751019359386683	0.10176865724686456	0.19530499006649518	0.04724838927295585	0.07231640419385135	1.0	0.18480004402622502	1.0	0.30088771554924565	0.22836129083751866	0.058744902070290275	0.11694632578656218	0.2796186225024181	0.3147927222796222	0.6028877247745956	0.18654916224144902	1.0	1.0	0.07201449439339845	0.10310307477869962	0.17175402092230943	0.06441242862597707	0.22171481322223527	1.0	0.4465763227019447	0.2738686144071043	0.09554860852832701	1.0	0.29312198173102144	1.0	0.1343126507254339
pl	1.0	0.6256867665541485	1.0	1.0	0.2601141721680151	0.09159251800466506	0.14198397014714276	0.04122265803483615	0.05256456875826319	1.0	0.14811033859448675	1.0	0.2809753876206087	0.1797839357235652	0.04344750554662711	0.11826774033695035	0.45748394933154024	0.283391597333735	0.7179915061657696	0.18089238039062894	1.0	0.07201449439339845	1.0	0.09205484085339463	0.20773414599856482	0.05411168306975049	0.24012608558989793	1.0	0.41138446147248237	0.24251868756342285	0.11037223066980952	1.0	0.26317355638981516	1.0	0.13574054180036157
pt	1.0	0.7561971966235398	1.0	1.0	0.3202830450743203	0.12690737180594872	0.2052679319290657	0.050248324231609305	0.07455287078666731	1.0	0.17378896260256535	1.0	0.40620828264506675	0.1996745333380538	0.06419228817220667	0.12842329746952494	0.49560447536210317	0.4016768486689411	0.7234532828151787	0.18537854253028815	1.0	0.10310307477869962	0.09205484085339463	1.0	0.2133728512763293	0.07462400066972287	0.3132391318518161	1.0	0.44932161528458253	0.2316299324766878	0.135321931565013	1.0	0.25277269971087973	0.7584325078215765	0.13086652860342907
ro	1.0	0.5635201111613576	1.0	0.5660160774121898	0.24334689058470607	0.23494491150409125	0.28740435148475024	0.10103674808105963	0.23185571134270733	0.0	0.2394544865266565	0.8125806012482828	0.21785516396495455	0.2717403357052278	0.1690620653976076	0.20449435311839295	0.2632124135125932	0.3015324447999585	0.6445026434513921	0.29602412093536445	0.5660160774121898	0.17175402092230943	0.20773414599856482	0.2133728512763293	1.0	0.17827168854621675	0.2650526900454288	1.0	0.3979476179271056	0.39158484226540397	0.20532956596736895	1.0	0.23124937806164383	0.7863954451402115	0.20273300511632533
ru	1.0	0.5966672336576567	1.0	1.0	0.21922873690051656	0.08354045096317647	0.13835405686898614	0.04249361132937273	0.05705029572434395	1.0	0.12353149160540898	0.576954362218826	0.33947941292778017	0.17712436905541257	0.045290267064357376	0.0985482275527644	0.30385169020520064	0.24479351247093736	0.5749237482013762	0.13565311529483517	1.0	0.06441242862597707	0.05411168306975049	0.07462400066972287	0.17827168854621675	1.0	0.23656280742791094	1.0	0.3587320179015539	0.19189919653235865	0.10379341661280801	1.0	0.2213697861918348	1.0	0.11673674963691465
sh	1.0	0.7863954451402115	1.0	1.0	0.34969481162188476	0.2938551058989059	0.3899693686490133	0.16888960342648396	0.2822844320979342	0.0	0.33636696831996327	1.0	0.6411621673688592	0.5421699140206103	0.259872469533804	0.2555053645903405	0.5534713567001341	0.5376010604148695	1.0	0.590273720040199	1.0	0.22171481322223527	0.24012608558989793	0.3132391318518161	0.2650526900454288	0.23656280742791094	1.0	1.0	0.5883146765915751	0.2624073755574029	0.34539179546703014	1.0	0.31883098932334286	1.0	0.27748459304923445
si	0.0	1.0	0.0	1.0	1.0	1.0	1.0	0.7411828468492556	1.0	0.0	1.0	1.0	1.0	1.0	1.0	1.0	1.0	1.0	1.0	0.7690990303325336	1.0	1.0	1.0	1.0	1.0	1.0	1.0	1.0	1.0	1.0	1.0	1.0	0.5020797777427737	1.0	1.0
simple	1.0	0.6983438190355966	0.0	1.0	0.3732467314772326	0.454922181788413	0.6549329476340925	0.22710700881527254	0.4113419883228722	0.0	0.5756429471993157	1.0	0.6443242360956812	0.2205960127758329	0.42577545129808053	0.2757757210107414	0.5922033024827085	0.6783645284344529	0.7347168825662656	0.6157203285187429	1.0	0.4465763227019447	0.41138446147248237	0.44932161528458253	0.3979476179271056	0.3587320179015539	0.5883146765915751	1.0	1.0	0.6216387126951446	0.4047316528267079	1.0	0.36275612860686424	1.0	0.3339201227994193
sr	1.0	0.6983438190355966	0.0	1.0	0.36625350118637856	0.23484263762228708	0.5967816440658614	0.19995790619689707	0.22649961621640355	0.0	0.23292266113307172	1.0	1.0	0.5774224297650752	0.2353901959916835	0.254084223914798	0.4964717136331508	0.6553215534040776	0.5616929536617626	0.7942219112853847	1.0	0.2738686144071043	0.24251868756342285	0.2316299324766878	0.39158484226540397	0.19189919653235865	0.2624073755574029	1.0	0.6216387126951446	1.0	0.3151890107657678	1.0	0.40154816406029115	1.0	0.2837603204403465
sv	1.0	0.7863954451402115	1.0	1.0	0.17960509347194828	0.13952111097943232	0.21377489241718156	0.07209603800615498	0.10324255162302061	0.0	0.2555587734687978	1.0	0.33172708261745953	0.31095689147774613	0.09807517705490873	0.1492283101307023	0.35573960594175613	0.22327458832307898	0.3841378125179277	0.36738972300254574	1.0	0.09554860852832701	0.11037223066980952	0.135321931565013	0.20532956596736895	0.10379341661280801	0.34539179546703014	1.0	0.4047316528267079	0.3151890107657678	1.0	1.0	0.440720571758689	1.0	0.18858925149395359
te	0.0	1.0	0.0	1.0	1.0	0.7863954451402115	1.0	1.0	1.0	0.0	1.0	1.0	1.0	1.0	1.0	1.0	1.0	1.0	1.0	1.0	1.0	1.0	1.0	1.0	1.0	1.0	1.0	1.0	1.0	1.0	1.0	1.0	0.5020797777427737	1.0	1.0
vi	1.0	0.6290597636579104	1.0	0.5020797777427737	0.29698494604651593	0.27418960011828625	0.3841848323890039	0.17265976346449288	0.2652406957217439	0.0	0.3483085778897069	0.5660160774121898	0.3841229725954143	0.3654894306838927	0.25053029444055613	0.23406172504168068	0.40232825399562516	0.3786394495410237	0.41360553468474	0.36348931517333016	0.5660160774121898	0.29312198173102144	0.26317355638981516	0.25277269971087973	0.23124937806164383	0.2213697861918348	0.31883098932334286	0.5020797777427737	0.36275612860686424	0.40154816406029115	0.440720571758689	0.5020797777427737	1.0	0.44930756545688116	0.24491340870928235
war	0.0	0.7863954451402115	0.0	1.0	1.0	1.0	1.0	1.0	1.0	0.0	1.0	1.0	1.0	1.0	1.0	1.0	1.0	1.0	1.0	1.0	1.0	1.0	1.0	0.7584325078215765	0.7863954451402115	1.0	1.0	1.0	1.0	1.0	1.0	1.0	0.44930756545688116	1.0	1.0
zh	0.7584325078215763	0.5964803143011147	1.0	1.0	0.2598175165154232	0.1472408575682869	0.19413791674956052	0.09099756391227892	0.1268261320706177	1.0	0.19801732637529232	1.0	0.35706744831391496	0.23131113627553862	0.12426306751549335	0.14803906432645667	0.32177887140079664	0.2886721951151262	0.7221793916855703	0.2173788949403156	1.0	0.1343126507254339	0.13574054180036157	0.13086652860342907	0.20273300511632533	0.11673674963691465	0.27748459304923445	1.0	0.3339201227994193	0.2837603204403465	0.18858925149395359	1.0	0.24491340870928235	1.0	1.0
