arz	bs	ceb	ckb	da	de	el	en	es	fr	he	hi	hu	id	it	ja	ko	lv	mk	ml	mr	nl	pl	pt	ro	ru	sh	si	simple	sr	sv	te	vi	war	zh
arz	1.0	0.0	0.0	0.0	0.0	0.0	0.0	0.0	0.0	0.0	0.0001649620587264929	0.0	0.0	0.0	0.0	0.0	0.0	0.0018050541516245488	0.0	0.0	0.0	0.0	0.0	2.1557299301543504e-05	0.0	5.258821673357056e-05	0.00044444444444444447	0.0	0.0	0.0	0.0	0.0	0.0	0.0	0.0
bs	0.0	1.0	0.0013986013986013986	0.0	0.000547945205479452	0.00013314988238427057	0.0003379520108144643	1.401114586653683e-05	6.206168931918326e-05	7.905763301446754e-05	0.00044583147570218456	0.0004266211604095563	0.0011074197120708748	0.0003386386725364037	0.0001013462155634005	0.0005302789267154523	0.00027393507738665936	0.0008176614881439084	0.0009573958831977022	0.0006901311249137336	0.001949317738791423	0.00037355248412401944	6.674676278200507e-05	0.0001700318809776833	0.0	0.00019061481943578014	0.0013717421124828531	0.0	0.0016629711751662971	0.0004464285714285714	0.00029469548133595285	0.0012062726176115801	0.000449034575662326	0.0	0.0001396843134515994
ceb	0.0	0.0013986013986013986	1.0	0.0	0.0	0.0	0.0	0.0	0.0	0.0	0.0	0.0006105006105006105	0.0	0.0	0.0	0.0	0.0	0.0	0.0	0.0	0.0	0.0	0.0	0.0	0.0	0.0	0.0	0.0	0.0	0.0	0.0	0.0	0.0	0.0	0.0
ckb	0.0	0.0	0.0	1.0	0.0	0.0	0.0	0.0	0.0	0.0	0.0	0.0	0.0	0.0004389815627743635	0.0	0.0	0.0	0.0	0.0	0.0	0.0	0.0	0.0	0.0	0.0	1.753063478428554e-05	0.0	0.0	0.0	0.0	0.0	0.0	0.0	0.0	0.0
da	0.0	0.000547945205479452	0.0	0.0	1.0	0.00017441353449027645	0.0011904761904761906	4.5473307168691974e-05	0.0001210946960523129	0.0001568750490234528	0.0002803476310625175	0.0	0.0006422607578676942	0.0005959475566150178	0.00023490327018909713	0.0004879408894465356	0.0007791195948578107	0.0006146281499692685	0.0008022462896109105	0.0005396654074473826	0.0	0.00011852554225435582	6.499415052645263e-05	0.00018966134912439678	0.0	0.0002925687536571094	0.0	0.0007727975270479134	0.0007471980074719801	0.0	0.00028896166441918705	0.0008110300081103001	0.0004116920543433512	0.0	0.00041333700744006614
de	0.0	0.00013314988238427057	0.0	0.0	0.00017441353449027645	1.0	0.00016619577862722287	0.0005221199374761374	0.0006451266060964465	0.0009770804835152564	0.0005030542579949694	8.526966531656363e-05	0.0001259392972587213	0.000166237220513673	0.0010968055538244862	0.0009926060974374557	0.000810087348548887	4.477277815088426e-05	0.000172421225052804	8.865248226950355e-05	4.516915849857717e-05	0.0004805711931896197	0.0002771234585007621	0.0011308063971333323	0.0001298645080299554	0.001117559656096415	0.0001248491406217487	0.0	0.00048555474629764507	0.0002344849148038143	0.0008928355975965831	0.0	0.00019559519618198178	0.0	0.0010059957345780854
el	0.0	0.0003379520108144643	0.0	0.0	0.0011904761904761906	0.00016619577862722287	1.0	8.71067999052278e-05	0.0003967129498441485	0.0002302114108122626	0.0007260406582768635	0.000515331100231899	0.001885902876001886	0.00022266755733689602	0.00036228900782214903	0.0004358467160626278	0.0004526422994228811	0.0010873504893077202	0.001932633903920486	0.0016761649346295675	0.0003898635477582846	0.0007318348144276007	0.00036330608537693006	0.00041172595520421606	0.0019869429463525404	0.0004389593287298881	0.0006734006734006734	0.001236603462489695	0.001165954139137194	0.0008312551953449709	0.0008224435712327515	0.0	0.0003337783711615487	0.0	0.0005968169761273209
en	0.0	1.401114586653683e-05	0.0	0.0	4.5473307168691974e-05	0.0005221199374761374	8.71067999052278e-05	1.0	0.000519953204211621	0.001313466774376926	0.00023389157749550274	7.681778820637448e-05	8.718213393965602e-05	7.317022181030097e-05	0.001841545380522812	0.0009452825593765621	0.00026090299901131495	3.8558338766553796e-05	5.242097537961523e-05	4.2030493122760564e-05	1.4030509342565408e-05	0.00029450340219918704	0.0005252680707271784	0.0014789588613528996	4.5446917999776264e-05	0.0017145218535593182	6.272410801091399e-05	1.0527904210108893e-05	0.00012863033033659428	0.00014904266086209047	0.0006376523874165546	3.5100281504257663e-06	0.0001490560936210925	0.0	0.0010339771948806925
es	0.0	6.206168931918326e-05	0.0	0.0	0.0001210946960523129	0.0006451266060964465	0.0003967129498441485	0.000519953204211621	1.0	0.0009965198460760115	0.0005604334018307491	0.00017611835153222966	0.00011492931846914148	0.0002834306445212856	0.0009209973859927133	0.001327526375852994	0.0006369136981938948	0.0	0.00029800929789009417	6.195403010965863e-05	0.0001272426517368622	0.0006604728985953943	0.0007419148146899133	0.0013459386706017806	0.0003597553663508814	0.0011337084710143926	0.00022716946842344388	0.0	0.00038253456473031315	0.00031302170283806343	0.001170859868064083	0.0	0.0003657071208400815	0.0	0.001201478743068392
fr	0.0	7.905763301446754e-05	0.0	0.0	0.0001568750490234528	0.0009770804835152564	0.0002302114108122626	0.001313466774376926	0.0009965198460760115	1.0	0.0006622160972204822	7.764125856480134e-05	0.0002313119241296889	0.0002494291908900785	0.0022006675974812527	0.0019138261004500077	0.0007087046650484577	1.9840876173091802e-05	0.00027314408350404836	5.925925925925926e-05	0.0	0.000682140171059766	0.0009047938474018377	0.002207781387986337	0.00013681762210972773	0.0020153352955512645	0.0002111851325666673	3.994647172788463e-05	0.00026526204100193264	0.0004474606607502424	0.0014544302521492447	0.0	0.00024244232670035993	0.0	0.0016088965543871391
he	0.0001649620587264929	0.00044583147570218456	0.0	0.0	0.0002803476310625175	0.0005030542579949694	0.0007260406582768635	0.00023389157749550274	0.0005604334018307491	0.0006622160972204822	1.0	0.0010461618935530272	0.0003741114852225963	0.0007265681763138775	0.0007910901532543277	0.0012511170688114387	0.001747279803033913	0.00045934772622875517	0.0008113590263691683	0.0004439840165754033	0.00047355958958168905	0.0006749156355455568	0.00024645110410094636	0.001089636978838103	0.0005480953685941354	0.0010164377034860637	0.0004862630683199611	0.00016129032258064516	0.0008972633467922835	0.00030646644192460924	0.0015993758533255314	0.00016289297931259162	0.001025010250102501	0.0	0.0022731969415168423
hi	0.0	0.0004266211604095563	0.0006105006105006105	0.0	0.0	8.526966531656363e-05	0.000515331100231899	7.681778820637448e-05	0.00017611835153222966	7.764125856480134e-05	0.0010461618935530272	1.0	0.002482073910645339	0.0	0.00023287534515452942	0.00044502259345474465	0.00072992700729927	0.0018665422305179655	0.0026613439787092482	0.0012658227848101266	0.001540041067761807	0.00033504578959124413	0.00012575452716297788	0.00039614694966848756	0.0010302197802197802	0.0002729164534506874	0.00078125	0.0005515719801434088	0.0013242109909512249	0.000925925925925926	0.0007991726212861978	0.001142204454597373	0.0011166945840312675	0.0	0.0009819191440373807
hu	0.0	0.0011074197120708748	0.0	0.0	0.0006422607578676942	0.0001259392972587213	0.001885902876001886	8.718213393965602e-05	0.00011492931846914148	0.0002313119241296889	0.0003741114852225963	0.002482073910645339	1.0	0.0011795234725171032	0.0002645371426681878	0.0007101552196408644	0.001048462255358807	0.0011947431302270011	0.0023717758671805513	0.0007304601899196494	0.0008635578583765112	0.0008587376556462001	0.00043034550596335916	0.00039313869519336215	0.0012202562538133007	0.00032208848957450414	0.0009510223490252021	0.0	0.0008163265306122449	0.0008670019074041963	0.0004157619993532591	0.0	0.0013942140118508191	0.0	0.0006352178128447728
id	0.0	0.0003386386725364037	0.0	0.0004389815627743635	0.0005959475566150178	0.000166237220513673	0.00022266755733689602	7.317022181030097e-05	0.0002834306445212856	0.0002494291908900785	0.0007265681763138775	0.0	0.0011795234725171032	1.0	0.00036232480772081224	0.0002682223563334004	0.0006795786612300374	0.0007262164124909223	0.0008287292817679558	0.0006711409395973154	0.0	0.0003137090871065565	0.00036343812465927677	0.00030880082346886257	0.0002838489923360772	0.00038832984399270616	0.00022466861379465288	0.00041288191577208916	0.0009725734292939117	0.0008320852055250458	0.0005940141649531642	0.0	0.0005012531328320802	0.0	0.0005637539379870668
it	0.0	0.0001013462155634005	0.0	0.0	0.00023490327018909713	0.0010968055538244862	0.00036228900782214903	0.001841545380522812	0.0009209973859927133	0.0022006675974812527	0.0007910901532543277	0.00023287534515452942	0.0002645371426681878	0.00036232480772081224	1.0	0.002083575835176347	0.0009842216959370098	5.084056399132321e-05	0.00023386342376052386	0.00010129830662997417	8.501955449753443e-05	0.0005928673497309294	0.0011969786607597375	0.0028503926463695753	0.00011711169109281938	0.00254311579422461	0.00021418921145417998	3.408548639989093e-05	0.0003910259543477198	0.00038557313840469114	0.0018330983207281118	0.0	0.000498296148652993	0.0	0.0023659580390383078
ja	0.0	0.0005302789267154523	0.0	0.0	0.0004879408894465356	0.0009926060974374557	0.0004358467160626278	0.0009452825593765621	0.001327526375852994	0.0019138261004500077	0.0012511170688114387	0.00044502259345474465	0.0007101552196408644	0.0002682223563334004	0.002083575835176347	1.0	0.0013768455589407078	0.00024913691853222766	0.00034529194433893855	0.00021183448665442733	0.00010750761512273786	0.000946073793755913	0.0011479134281956237	0.0025083725407780023	0.000346476335666274	0.0022390712000947754	0.0007724082345434396	0.000108038029386344	0.000721974271462326	0.0008297166198621394	0.0024400076382847806	7.218131947451999e-05	0.000862371841962375	0.0	0.003016999981934132
ko	0.0	0.00027393507738665936	0.0	0.0	0.0007791195948578107	0.000810087348548887	0.0004526422994228811	0.00026090299901131495	0.0006369136981938948	0.0007087046650484577	0.001747279803033913	0.00072992700729927	0.001048462255358807	0.0006795786612300374	0.0009842216959370098	0.0013768455589407078	1.0	0.00042241622078287804	0.0008788449466415569	0.0004093886462882096	0.00014475969889982628	0.0010071217897992951	0.0005275020380760562	0.0008886031914089088	0.0003811944091486658	0.0011018416496143555	0.0009098146252701012	0.0002954209748892171	0.0014766374854973104	0.0008692292833687463	0.001449883627761456	0.0	0.0015502373800988277	0.0	0.0023228129264539358
lv	0.0018050541516245488	0.0008176614881439084	0.0	0.0	0.0006146281499692685	4.477277815088426e-05	0.0010873504893077202	3.8558338766553796e-05	0.0	1.9840876173091802e-05	0.00045934772622875517	0.0018665422305179655	0.0011947431302270011	0.0007262164124909223	5.084056399132321e-05	0.00024913691853222766	0.00042241622078287804	1.0	0.004244031830238726	0.0007993605115907274	0.0	0.0	0.0	0.00010671219720414043	0.0022346368715083797	6.954465636246675e-05	0.0003675119441381845	0.001445086705202312	0.0017595307917888563	0.00046707146193367583	0.00019837333862328903	0.0	0.0007050528789659225	0.0	0.00028135330941830204
mk	0.0	0.0009573958831977022	0.0	0.0	0.0008022462896109105	0.000172421225052804	0.001932633903920486	5.242097537961523e-05	0.00029800929789009417	0.00027314408350404836	0.0008113590263691683	0.0026613439787092482	0.0023717758671805513	0.0008287292817679558	0.00023386342376052386	0.00034529194433893855	0.0008788449466415569	0.004244031830238726	1.0	0.000944733112895607	0.0017709563164108619	0.00022985863693828295	0.00012779552715654952	0.00031438631790744467	0.000752162467092892	0.00042835358017922316	0.0016745743790120011	0.0012836970474967907	0.0014028524666822538	0.000971628449280995	0.0005708034057936546	0.0006675567423230974	0.0019550342130987292	0.0	0.00047789725209080046
ml	0.0	0.0006901311249137336	0.0	0.0	0.0005396654074473826	8.865248226950355e-05	0.0016761649346295675	4.2030493122760564e-05	6.195403010965863e-05	5.925925925925926e-05	0.0004439840165754033	0.0012658227848101266	0.0007304601899196494	0.0006711409395973154	0.00010129830662997417	0.00021183448665442733	0.0004093886462882096	0.0007993605115907274	0.000944733112895607	1.0	0.0009478672985781991	0.00012405408758218582	0.0001332533813045506	0.00010619995327202056	0.0024813895781637717	0.00013855452986716085	0.00033932813030200206	0.0021810250817884407	0.0	0.0006656312402928778	0.00014712373105781962	0.0011668611435239206	0.0013398838767306833	0.0	0.00034894270360806757
mr	0.0	0.001949317738791423	0.0	0.0	0.0	4.516915849857717e-05	0.0003898635477582846	1.4030509342565408e-05	0.0001272426517368622	0.0	0.00047355958958168905	0.001540041067761807	0.0008635578583765112	0.0	8.501955449753443e-05	0.00010750761512273786	0.00014475969889982628	0.0	0.0017709563164108619	0.0009478672985781991	1.0	0.00013090718680455556	0.0	4.286142900004286e-05	0.0018808777429467085	6.978245320214232e-05	0.000792393026941363	0.006072874493927126	0.0012437810945273632	0.0007343941248470012	5.0072605277652595e-05	0.0	0.0002462447672986949	0.0	0.0003541578127213486
nl	0.0	0.00037355248412401944	0.0	0.0	0.00011852554225435582	0.0004805711931896197	0.0007318348144276007	0.00029450340219918704	0.0006604728985953943	0.000682140171059766	0.0006749156355455568	0.00033504578959124413	0.0008587376556462001	0.0003137090871065565	0.0005928673497309294	0.000946073793755913	0.0010071217897992951	0.0	0.00022985863693828295	0.00012405408758218582	0.00013090718680455556	1.0	0.0006023538133629877	0.0006339026027295101	0.0006978367062107466	0.0008712563204978607	0.00010492078480747036	0.00013329778725673153	0.0006849985321460025	0.0004508972855983407	0.0011132551580822325	0.0	0.0005423973964924968	0.0	0.0007665010645848119
pl	0.0	6.674676278200507e-05	0.0	0.0	6.499415052645263e-05	0.0002771234585007621	0.00036330608537693006	0.0005252680707271784	0.0007419148146899133	0.0009047938474018377	0.00024645110410094636	0.00012575452716297788	0.00043034550596335916	0.00036343812465927677	0.0011969786607597375	0.0011479134281956237	0.0005275020380760562	0.0	0.00012779552715654952	0.0001332533813045506	0.0	0.0006023538133629877	1.0	0.0009081302423882174	0.00019292604501607716	0.0009127290598890683	0.00024276263882988408	6.919936336585703e-05	0.000407735321528425	0.0	0.0010917674830333431	0.0	0.00027759271596713303	0.0	0.0011149594344546188
pt	2.1557299301543504e-05	0.0001700318809776833	0.0	0.0	0.00018966134912439678	0.0011308063971333323	0.00041172595520421606	0.0014789588613528996	0.0013459386706017806	0.002207781387986337	0.001089636978838103	0.00039614694966848756	0.00039313869519336215	0.00030880082346886257	0.0028503926463695753	0.0025083725407780023	0.0008886031914089088	0.00010671219720414043	0.00031438631790744467	0.00010619995327202056	4.286142900004286e-05	0.0006339026027295101	0.0009081302423882174	1.0	0.00021000462010164223	0.002599745845741946	0.00035023383258822805	8.59789781398448e-05	0.00046722327178174577	0.0006988399257232994	0.002064798226702699	2.1521575379317765e-05	0.00039942482824732386	0.0	0.002591652718535716
ro	0.0	0.0	0.0	0.0	0.0	0.0001298645080299554	0.0019869429463525404	4.5446917999776264e-05	0.0003597553663508814	0.00013681762210972773	0.0005480953685941354	0.0010302197802197802	0.0012202562538133007	0.0002838489923360772	0.00011711169109281938	0.000346476335666274	0.0003811944091486658	0.0022346368715083797	0.000752162467092892	0.0024813895781637717	0.0018808777429467085	0.0006978367062107466	0.00019292604501607716	0.00021000462010164223	1.0	0.0002574046744688884	0.0008603383997705764	0.0006849315068493151	0.0009569377990430622	0.0005941770647653001	0.0006213258136978445	0.0007147962830593281	0.0005972526378658173	0.0	0.0006851661527920521
ru	5.258821673357056e-05	0.00019061481943578014	0.0	1.753063478428554e-05	0.0002925687536571094	0.001117559656096415	0.0004389593287298881	0.0017145218535593182	0.0011337084710143926	0.0020153352955512645	0.0010164377034860637	0.0002729164534506874	0.00032208848957450414	0.00038832984399270616	0.00254311579422461	0.0022390712000947754	0.0011018416496143555	6.954465636246675e-05	0.00042835358017922316	0.00013855452986716085	6.978245320214232e-05	0.0008712563204978607	0.0009127290598890683	0.002599745845741946	0.0002574046744688884	1.0	0.0004054533475242005	8.743857440148296e-05	0.0005344110623089898	0.000460897762999786	0.0021831206860489435	0.0	0.0006918021445866483	0.0	0.002147365937112855
sh	0.00044444444444444447	0.0013717421124828531	0.0	0.0	0.0	0.0001248491406217487	0.0006734006734006734	6.272410801091399e-05	0.00022716946842344388	0.0002111851325666673	0.0004862630683199611	0.00078125	0.0009510223490252021	0.00022466861379465288	0.00021418921145417998	0.0007724082345434396	0.0009098146252701012	0.0003675119441381845	0.0016745743790120011	0.00033932813030200206	0.000792393026941363	0.00010492078480747036	0.00024276263882988408	0.00035023383258822805	0.0008603383997705764	0.0004054533475242005	1.0	0.0016771488469601676	0.0011750881316098707	0.0018428547495392862	0.001190585218426596	0.0	0.0008404773911581779	0.0	0.0008966822755803527
si	0.0	0.0	0.0	0.0	0.0007727975270479134	0.0	0.001236603462489695	1.0527904210108893e-05	0.0	3.994647172788463e-05	0.00016129032258064516	0.0005515719801434088	0.0	0.00041288191577208916	3.408548639989093e-05	0.000108038029386344	0.0002954209748892171	0.001445086705202312	0.0012836970474967907	0.0021810250817884407	0.006072874493927126	0.00013329778725673153	6.919936336585703e-05	8.59789781398448e-05	0.0006849315068493151	8.743857440148296e-05	0.0016771488469601676	1.0	0.0003244646333549643	0.0	5.041847332862761e-05	0.0	0.0005098139179199592	0.0	0.0002135003380422019
simple	0.0	0.0016629711751662971	0.0	0.0	0.0007471980074719801	0.00048555474629764507	0.001165954139137194	0.00012863033033659428	0.00038253456473031315	0.00026526204100193264	0.0008972633467922835	0.0013242109909512249	0.0008163265306122449	0.0009725734292939117	0.0003910259543477198	0.000721974271462326	0.0014766374854973104	0.0017595307917888563	0.0014028524666822538	0.0	0.0012437810945273632	0.0006849985321460025	0.000407735321528425	0.00046722327178174577	0.0009569377990430622	0.0005344110623089898	0.0011750881316098707	0.0003244646333549643	1.0	0.0012001200120012002	0.0006653950228452291	0.0	0.0007526719855486979	0.0	0.0011364743319154462
sr	0.0	0.0004464285714285714	0.0	0.0	0.0	0.0002344849148038143	0.0008312551953449709	0.00014904266086209047	0.00031302170283806343	0.0004474606607502424	0.00030646644192460924	0.000925925925925926	0.0008670019074041963	0.0008320852055250458	0.00038557313840469114	0.0008297166198621394	0.0008692292833687463	0.00046707146193367583	0.000971628449280995	0.0006656312402928778	0.0007343941248470012	0.0004508972855983407	0.0	0.0006988399257232994	0.0005941770647653001	0.000460897762999786	0.0018428547495392862	0.0	0.0012001200120012002	1.0	0.0013250694592861724	0.00025713551041398817	0.0018661690215942416	0.0	0.0011053213327017212
sv	0.0	0.00029469548133595285	0.0	0.0	0.00028896166441918705	0.0008928355975965831	0.0008224435712327515	0.0006376523874165546	0.001170859868064083	0.0014544302521492447	0.0015993758533255314	0.0007991726212861978	0.0004157619993532591	0.0005940141649531642	0.0018330983207281118	0.0024400076382847806	0.001449883627761456	0.00019837333862328903	0.0005708034057936546	0.00014712373105781962	5.0072605277652595e-05	0.0011132551580822325	0.0010917674830333431	0.002064798226702699	0.0006213258136978445	0.0021831206860489435	0.001190585218426596	5.041847332862761e-05	0.0006653950228452291	0.0013250694592861724	1.0	0.00020232675771370763	0.0011123470522803114	0.0	0.0033949771208063597
te	0.0	0.0012062726176115801	0.0	0.0	0.0008110300081103001	0.0	0.0	3.5100281504257663e-06	0.0	0.0	0.00016289297931259162	0.001142204454597373	0.0	0.0	0.0	7.218131947451999e-05	0.0	0.0	0.0006675567423230974	0.0011668611435239206	0.0	0.0	0.0	2.1521575379317765e-05	0.0007147962830593281	0.0	0.0	0.0	0.0	0.00025713551041398817	0.00020232675771370763	1.0	0.0	0.0	3.565443719470888e-05
vi	0.0	0.000449034575662326	0.0	0.0	0.0004116920543433512	0.00019559519618198178	0.0003337783711615487	0.0001490560936210925	0.0003657071208400815	0.00024244232670035993	0.001025010250102501	0.0011166945840312675	0.0013942140118508191	0.0005012531328320802	0.000498296148652993	0.000862371841962375	0.0015502373800988277	0.0007050528789659225	0.0019550342130987292	0.0013398838767306833	0.0002462447672986949	0.0005423973964924968	0.00027759271596713303	0.00039942482824732386	0.0005972526378658173	0.0006918021445866483	0.0008404773911581779	0.0005098139179199592	0.0007526719855486979	0.0018661690215942416	0.0011123470522803114	0.0	1.0	0.0	0.001486072027065482
war	0.0	0.0	0.0	0.0	0.0	0.0	0.0	0.0	0.0	0.0	0.0	0.0	0.0	0.0	0.0	0.0	0.0	0.0	0.0	0.0	0.0	0.0	0.0	0.0	0.0	0.0	0.0	0.0	0.0	0.0	0.0	0.0	0.0	1.0	0.0
zh	0.0	0.0001396843134515994	0.0	0.0	0.00041333700744006614	0.0010059957345780854	0.0005968169761273209	0.0010339771948806925	0.001201478743068392	0.0016088965543871391	0.0022731969415168423	0.0009819191440373807	0.0006352178128447728	0.0005637539379870668	0.0023659580390383078	0.003016999981934132	0.0023228129264539358	0.00028135330941830204	0.00047789725209080046	0.00034894270360806757	0.0003541578127213486	0.0007665010645848119	0.0011149594344546188	0.002591652718535716	0.0006851661527920521	0.002147365937112855	0.0008966822755803527	0.0002135003380422019	0.0011364743319154462	0.0011053213327017212	0.0033949771208063597	3.565443719470888e-05	0.001486072027065482	0.0	1.0
