arz	bs	ceb	ckb	da	de	el	en	es	fr	he	hi	hu	id	it	ja	ko	lv	mk	ml	mr	nl	pl	pt	ro	ru	sh	si	simple	sr	sv	te	vi	war	zh
arz	1.0	0.530938123752495	0.5076923076923077	0.5276872964169381	0.517113783533765	0.5044452347083926	0.5173824130879345	0.5025522970673606	0.5053047638859997	0.5048132460531383	0.5111647201074095	0.5205949656750571	0.5180722891566265	0.5130208333333334	0.5052050138092202	0.5084395452979676	0.5131933225632741	0.523972473841367	0.5233785822021116	0.5217391304347826	0.534965034965035	0.5075827917053544	0.5054024255788313	0.5060385169046019	0.5216110019646365	0.5062270184813108	0.5193316108041282	0.5328467153284672	0.515970515970516	0.5133410672853828	0.5093457943925234	0.5304347826086956	0.5134615384615385	0.5364583333333334	0.5097706032285472
bs	0.530938123752495	1.0	0.5074015748031496	0.5454545454545455	0.5514884386846243	0.5167281586387321	0.555565728516233	0.5100144936252445	0.51945279696817	0.5181520640910444	0.5360757465404224	0.5561980668468747	0.5512043725452498	0.5448159108113688	0.5192304405497928	0.5287567198125226	0.539443984632373	0.5591152588277118	0.5587253951083766	0.553241309381321	0.5416415974292005	0.5276606817819569	0.5200350847041304	0.5226821357732601	0.5487510072522159	0.5229565983296881	0.5650742688313307	0.5431192660550459	0.5482513804890875	0.5434388376947895	0.5331733158908144	0.5426998922022357	0.543250646043858	0.5382978723404256	0.5346933921167851
ceb	0.5076923076923077	0.5074015748031496	1.0	0.5114155251141552	0.5029644268774703	0.5007186489399927	0.5038674033149171	0.5004026575397624	0.5008421052631579	0.5007788161993769	0.5019493177387914	0.505143169367303	0.5037837837837837	0.502724795640327	0.500752850075285	0.5014064697609002	0.5022246941045606	0.5050301810865191	0.5059625212947189	0.5074626865671642	0.515	0.5011030570438072	0.5008936550491511	0.500999500249875	0.5041928721174004	0.5010298661174047	0.5031645569620253	0.5161290322580645	0.5030355594102341	0.5024067388688327	0.5013949780789159	0.5076335877862596	0.5023411371237458	0.53	0.5015263846489315
ckb	0.5276872964169381	0.5454545454545455	0.5114155251141552	1.0	0.5339805825242718	0.5088245675961878	0.5364431486880467	0.5051340843385504	0.5104145184574139	0.509451976322322	0.5215377489578509	0.5364025695931478	0.533713200379867	0.5276363621221648	0.510530749789385	0.5161071549677857	0.524134312696747	0.5534290271132376	0.5435684647302904	0.546644844517185	0.5467032967032968	0.5146520146520147	0.5105918322777899	0.5121891760117016	0.5357474466109563	0.5122976263626686	0.5345149253731344	0.5533141210374639	0.5318646734854445	0.5230337078651686	0.5175840978593271	0.5452380952380952	0.5270690728064716	0.5539033457249071	0.5191666666666667
da	0.517113783533765	0.5514884386846243	0.5029644268774703	0.5339805825242718	1.0	0.5366994403695442	0.5676273288744875	0.5230334019514341	0.5428442203094749	0.5403243009122056	0.5711450292942237	0.5647798742138365	0.5768821947532717	0.5693099415333543	0.5425691260717044	0.55962791744384	0.5749793701097701	0.5642591871379138	0.5605354385346252	0.5522792704867429	0.5307212822796081	0.5578836954632139	0.5421400126866868	0.5495513228738493	0.5742924528301887	0.5474395253608619	0.5685814771395077	0.5275200805573729	0.5768200518070037	0.5653469561515538	0.5671265761668198	0.5320899963631154	0.5666166076480084	0.52	0.5674672703758139
de	0.5044452347083926	0.5167281586387321	0.5007186489399927	0.5088245675961878	0.5366994403695442	1.0	0.5329071595046356	0.594579822462728	0.6064045928594264	0.6031301435198555	0.5651129629026654	0.529092666130984	0.5346354954589672	0.5493613656431466	0.6021909749068785	0.5792290561046503	0.5596321959858548	0.5195238594058794	0.5223487008386645	0.5179239495217555	0.5080547906565013	0.588695435651331	0.6042226037010257	0.5953178276094894	0.5354339965083649	0.5881007636918504	0.5334564452165425	0.5074336283185841	0.5396679543249127	0.5538188226608455	0.576114130201239	0.5104587801019511	0.5489990841611753	0.5040157058718544	0.566204525107391
el	0.5173824130879345	0.555565728516233	0.5038674033149171	0.5364431486880467	0.5676273288744875	0.5329071595046356	1.0	0.521063608480467	0.5390178862319833	0.535818471946914	0.5634486287465448	0.5711138960688581	0.5682764068106388	0.5686047843566568	0.5375803687269354	0.5551610083816177	0.5689731984443912	0.5695448665247188	0.5684191577849834	0.5521777597522065	0.5350869276525214	0.5503569175847939	0.5387677802015606	0.5443017375258258	0.5770048875737356	0.5425251121019157	0.5676672669685257	0.5315677882195102	0.5727723847117696	0.5626801329671325	0.5588091252574687	0.5380281690140845	0.5667103754654083	0.5227995758218451	0.5610342397593434
en	0.5025522970673606	0.5100144936252445	0.5004026575397624	0.5051340843385504	0.5230334019514341	0.594579822462728	0.521063608480467	1.0	0.5920155246427842	0.5908568376001778	0.5459471051152964	0.5190484843946196	0.5214742626716036	0.5331730737308772	0.5889720298897034	0.56032794638828	0.5409812191761014	0.5119581830874069	0.5138578872272087	0.5112336660163886	0.5047436203265966	0.5656346629073654	0.5851114082563155	0.5804488007109706	0.5220521431702427	0.5744519945045835	0.5217729099928389	0.5043965270352886	0.5269276637646386	0.5373481476658196	0.5543341709969419	0.5062191862052008	0.5346626693855278	0.5022565439775348	0.5511572271230382
es	0.5053047638859997	0.51945279696817	0.5008421052631579	0.5104145184574139	0.5428442203094749	0.6064045928594264	0.5390178862319833	0.5920155246427842	1.0	0.6081265619448166	0.5762470541824323	0.5351364451428081	0.5406412691040688	0.5585252582471084	0.6113897377782528	0.5902810049180716	0.5707873118918373	0.5237427369264677	0.5270240986595675	0.5220963722736541	0.5096424665139219	0.5979979210630889	0.6059540599726279	0.6126116507468736	0.5410982352021635	0.5965565810839183	0.5401955941675471	0.5088990066225165	0.5473439873203308	0.5638223574890602	0.5869894279910561	0.5123152709359606	0.5600858837145102	0.5047002297890119	0.5798192910134119
fr	0.5048132460531383	0.5181520640910444	0.5007788161993769	0.509451976322322	0.5403243009122056	0.6031301435198555	0.535818471946914	0.5908568376001778	0.6081265619448166	1.0	0.5704171851188727	0.5319062822901136	0.5374067520775063	0.5533178541338919	0.6032403387970502	0.5839228785200483	0.5656073149985774	0.5217526129310105	0.5251028874630808	0.5201202739023622	0.5088021431305013	0.5928638603233547	0.5983541352801681	0.6006885997154656	0.5388014634605811	0.5885778858421471	0.536779994363263	0.5081536368368454	0.5449015223302451	0.5570446456865862	0.582249109171921	0.5112167300380228	0.5550335448973809	0.504349507055867	0.5720859999822816
he	0.5111647201074095	0.5360757465404224	0.5019493177387914	0.5215377489578509	0.5711450292942237	0.5651129629026654	0.5634486287465448	0.5459471051152964	0.5762470541824323	0.5704171851188727	1.0	0.5585477181879689	0.5647892401307593	0.5782697368988619	0.574290127350623	0.5869686575137286	0.5928273811472127	0.5449252786413745	0.5494696239806718	0.5381602979481348	0.5199045517404663	0.5877780486522597	0.5731185819621665	0.5842041605910986	0.5673234490303861	0.5759881739399456	0.5653562146874955	0.5187349791205537	0.5769987357413956	0.5808194171591651	0.5947064808794759	0.524747496310417	0.5824712053872991	0.510038240917782	0.5896310022513551
hi	0.5205949656750571	0.5561980668468747	0.505143169367303	0.5364025695931478	0.5647798742138365	0.529092666130984	0.5711138960688581	0.5190484843946196	0.5351364451428081	0.5319062822901136	0.5585477181879689	1.0	0.5658942181986358	0.5697674418604651	0.5333341263662165	0.5501345923810274	0.5656599848695952	0.5679762703905663	0.5645258085213853	0.5668015222683169	0.5429004666641404	0.5454289139092704	0.53370721303269	0.5403999772768251	0.5712017297881685	0.5382214550309953	0.5651546405407898	0.5384505691495776	0.5721139487645166	0.5594488147360455	0.553114282745003	0.5486625590893938	0.5700774198838493	0.5243179122182681	0.5573077678664544
hu	0.5180722891566265	0.5512043725452498	0.5037837837837837	0.533713200379867	0.5768821947532717	0.5346354954589672	0.5682764068106388	0.5214742626716036	0.5406412691040688	0.5374067520775063	0.5647892401307593	0.5658942181986358	1.0	0.5682578139123684	0.5390756797476304	0.5529570285433705	0.5673948222710172	0.5634307779810073	0.5624015477133684	0.551946416880697	0.5345459428262603	0.553407983196798	0.5412315058546753	0.5465228738625975	0.5743845494465832	0.5450126140321642	0.5672780647597652	0.5295829291949564	0.5696398959944136	0.5648632546438876	0.5586646680564946	0.5398148148148149	0.5669566128969713	0.5212435233160622	0.5608162659202233
id	0.5130208333333334	0.5448159108113688	0.502724795640327	0.5276363621221648	0.5693099415333543	0.5493613656431466	0.5686047843566568	0.5331730737308772	0.5585252582471084	0.5533178541338919	0.5782697368988619	0.5697674418604651	0.5682578139123684	1.0	0.5567831854432619	0.5703022263716231	0.5803786096866304	0.5533773379244707	0.5549636717247957	0.5490872138588361	0.5264837268666241	0.571530993278566	0.5552721368841059	0.5662189465835032	0.5707755444073281	0.5623988314039127	0.5704822267619475	0.5244724749157331	0.5731302438558715	0.5769432745441087	0.577794389821276	0.531385954008701	0.5823833141820777	0.5142667551426675	0.5742427734268486
it	0.5052050138092202	0.5192304405497928	0.500752850075285	0.510530749789385	0.5425691260717044	0.6021909749068785	0.5375803687269354	0.5889720298897034	0.6113897377782528	0.6032403387970502	0.574290127350623	0.5333341263662165	0.5390756797476304	0.5567831854432619	1.0	0.5866080317027538	0.5682381721630289	0.5235024941161036	0.5266036795031752	0.5218200896358498	0.5091934513691772	0.5963909632589477	0.6006682948270021	0.6091667248098123	0.5401617989612849	0.5928546494307437	0.5395207401332921	0.5083474187548414	0.5466020184576296	0.5613841484274261	0.5837656429704016	0.512041884816754	0.5566586472427285	0.5046948356807511	0.5775941145613105
ja	0.5084395452979676	0.5287567198125226	0.5014064697609002	0.5161071549677857	0.55962791744384	0.5792290561046503	0.5551610083816177	0.56032794638828	0.5902810049180716	0.5839228785200483	0.5869686575137286	0.5501345923810274	0.5529570285433705	0.5703022263716231	0.5866080317027538	1.0	0.5894766213122055	0.5348426502075856	0.5387558978568825	0.5325317832614677	0.5157068423153395	0.5916967828025399	0.5845245717317286	0.5950041941484984	0.5543268059163252	0.5840074063645616	0.5536088801098786	0.5143728422583633	0.5663764273846927	0.5721000446238049	0.5946721248869731	0.5191984596088982	0.5736450293114939	0.5078097882679625	0.591046607330463
ko	0.5131933225632741	0.539443984632373	0.5022246941045606	0.524134312696747	0.5749793701097701	0.5596321959858548	0.5689731984443912	0.5409812191761014	0.5707873118918373	0.5656073149985774	0.5928273811472127	0.5656599848695952	0.5673948222710172	0.5803786096866304	0.5682381721630289	0.5894766213122055	1.0	0.5475050889156	0.5501960079340487	0.5441250004205941	0.5232954459385083	0.5823428746735674	0.5659916287784607	0.5784656626657113	0.572509805518349	0.5733794182658235	0.570529839723056	0.5212891500769067	0.5838022996986469	0.5832336606137033	0.5902758042877628	0.5265875064532783	0.5876307722677522	0.5119825708061002	0.5900449433094144
lv	0.523972473841367	0.5591152588277118	0.5050301810865191	0.5534290271132376	0.5642591871379138	0.5195238594058794	0.5695448665247188	0.5119581830874069	0.5237427369264677	0.5217526129310105	0.5449252786413745	0.5679762703905663	0.5634307779810073	0.5533773379244707	0.5235024941161036	0.5348426502075856	0.5475050889156	1.0	0.5709675553887446	0.5680847777768184	0.5513866231647634	0.5326911850554582	0.5242328042328043	0.5274608119406309	0.568523083868512	0.5268308943279532	0.5603041385391521	0.5475397079253533	0.5587670372325373	0.5480152338833395	0.538463557833767	0.5476190476190476	0.5553974269934187	0.5373134328358209	0.5404645126457202
mk	0.5233785822021116	0.5587253951083766	0.5059625212947189	0.5435684647302904	0.5605354385346252	0.5223487008386645	0.5684191577849834	0.5138578872272087	0.5270240986595675	0.5251028874630808	0.5494696239806718	0.5645258085213853	0.5624015477133684	0.5549636717247957	0.5266036795031752	0.5387558978568825	0.5501960079340487	0.5709675553887446	1.0	0.5553711771428226	0.5383269475739897	0.5360156026491295	0.526537927574774	0.5314695119128287	0.5701769259775723	0.5303585036622471	0.5615926374496795	0.5389435562650401	0.5609873976233745	0.551951517888854	0.5443698507203274	0.5385549288954341	0.5572395308188545	0.5301587301587302	0.545284848134053
ml	0.5217391304347826	0.553241309381321	0.5074626865671642	0.546644844517185	0.5522792704867429	0.5179239495217555	0.5521777597522065	0.5112336660163886	0.5220963722736541	0.5201202739023622	0.5381602979481348	0.5668015222683169	0.551946416880697	0.5490872138588361	0.5218200896358498	0.5325317832614677	0.5441250004205941	0.5680847777768184	0.5553711771428226	1.0	0.5511349493749147	0.5293949710256576	0.5214073580553623	0.5251412842623248	0.5600433818092186	0.5245965544993489	0.5544262172464014	0.547984916642134	0.5534851621808143	0.5408594785564903	0.5343380257454201	0.555915511209019	0.5488808468421184	0.5402750491159136	0.5368767369924646
mr	0.534965034965035	0.5416415974292005	0.515	0.5467032967032968	0.5307212822796081	0.5080547906565013	0.5350869276525214	0.5047436203265966	0.5096424665139219	0.5088021431305013	0.5199045517404663	0.5429004666641404	0.5345459428262603	0.5264837268666241	0.5091934513691772	0.5157068423153395	0.5232954459385083	0.5513866231647634	0.5383269475739897	0.5511349493749147	1.0	0.5135066491285186	0.5096280087527352	0.5110028865845031	0.5353774864749448	0.5109506112953058	0.5317978109399252	0.5530449059013104	0.5335268306060883	0.5222839098849575	0.5167248553455137	0.5626598465473146	0.52810897927192	0.5622489959839357	0.5191889939779353
nl	0.5075827917053544	0.5276606817819569	0.5011030570438072	0.5146520146520147	0.5578836954632139	0.588695435651331	0.5503569175847939	0.5656346629073654	0.5979979210630889	0.5928638603233547	0.5877780486522597	0.5454289139092704	0.553407983196798	0.571530993278566	0.5963909632589477	0.5916967828025399	0.5823428746735674	0.5326911850554582	0.5360156026491295	0.5293949710256576	0.5135066491285186	1.0	0.5916551688348299	0.5990226140326664	0.5527808994612822	0.5913048771605732	0.5521181155395517	0.5124621241509464	0.561152970585866	0.5742668003112011	0.5984973193947133	0.5174295240982116	0.5703086835559057	0.5070115300716734	0.5860694076858385
pl	0.5054024255788313	0.5200350847041304	0.5008936550491511	0.5105918322777899	0.5421400126866868	0.6042226037010257	0.5387677802015606	0.5851114082563155	0.6059540599726279	0.5983541352801681	0.5731185819621665	0.53370721303269	0.5412315058546753	0.5552721368841059	0.6006682948270021	0.5845245717317286	0.5659916287784607	0.5242328042328043	0.526537927574774	0.5214073580553623	0.5096280087527352	0.5916551688348299	1.0	0.5980075772298074	0.5403756800794082	0.5891660469840353	0.540022826643604	0.5090052130134917	0.5460358887049195	0.5615483397541735	0.58026044273895	0.512380538662033	0.5557034532076865	0.5048737261852015	0.5744192765346876
pt	0.5060385169046019	0.5226821357732601	0.500999500249875	0.5121891760117016	0.5495513228738493	0.5953178276094894	0.5443017375258258	0.5804488007109706	0.6126116507468736	0.6006885997154656	0.5842041605910986	0.5403999772768251	0.5465228738625975	0.5662189465835032	0.6091667248098123	0.5950041941484984	0.5784656626657113	0.5274608119406309	0.5314695119128287	0.5251412842623248	0.5110028865845031	0.5990226140326664	0.5980075772298074	1.0	0.548708254436699	0.5970446795250868	0.5466471544938146	0.510426314394998	0.5553633649112855	0.5688928593690861	0.5931341752774039	0.5143052562262815	0.5675338319880856	0.5054455445544555	0.586193636789909
ro	0.5216110019646365	0.5487510072522159	0.5041928721174004	0.5357474466109563	0.5742924528301887	0.5354339965083649	0.5770048875737356	0.5220521431702427	0.5410982352021635	0.5388014634605811	0.5673234490303861	0.5712017297881685	0.5743845494465832	0.5707755444073281	0.5401617989612849	0.5543268059163252	0.572509805518349	0.568523083868512	0.5701769259775723	0.5600433818092186	0.5353774864749448	0.5527808994612822	0.5403756800794082	0.548708254436699	1.0	0.5466649681328073	0.5701522542621205	0.5309402765793708	0.5741755225686958	0.5703685562578488	0.5610677978547367	0.5365284074232153	0.5713549573111573	0.5211267605633803	0.5619552702943365
ru	0.5062270184813108	0.5229565983296881	0.5010298661174047	0.5122976263626686	0.5474395253608619	0.5881007636918504	0.5425251121019157	0.5744519945045835	0.5965565810839183	0.5885778858421471	0.5759881739399456	0.5382214550309953	0.5450126140321642	0.5623988314039127	0.5928546494307437	0.5840074063645616	0.5733794182658235	0.5268308943279532	0.5303585036622471	0.5245965544993489	0.5109506112953058	0.5913048771605732	0.5891660469840353	0.5970446795250868	0.5466649681328073	1.0	0.5454309208415372	0.5106074713928344	0.5508421433615442	0.5680270178893495	0.5836630687081609	0.5145921676228485	0.5622729850876974	0.5057383320581484	0.576088552271163
sh	0.5193316108041282	0.5650742688313307	0.5031645569620253	0.5345149253731344	0.5685814771395077	0.5334564452165425	0.5676672669685257	0.5217729099928389	0.5401955941675471	0.536779994363263	0.5653562146874955	0.5651546405407898	0.5672780647597652	0.5704822267619475	0.5395207401332921	0.5536088801098786	0.570529839723056	0.5603041385391521	0.5615926374496795	0.5544262172464014	0.5317978109399252	0.5521181155395517	0.540022826643604	0.5466471544938146	0.5701522542621205	0.5454309208415372	1.0	0.5324704738391112	0.5723622692064205	0.5956933429996071	0.5604906304919646	0.5375565610859728	0.5674204596796983	0.5212981744421906	0.5600445762664532
si	0.5328467153284672	0.5431192660550459	0.5161290322580645	0.5533141210374639	0.5275200805573729	0.5074336283185841	0.5315677882195102	0.5043965270352886	0.5088990066225165	0.5081536368368454	0.5187349791205537	0.5384505691495776	0.5295829291949564	0.5244724749157331	0.5083474187548414	0.5143728422583633	0.5212891500769067	0.5475397079253533	0.5389435562650401	0.547984916642134	0.5530449059013104	0.5124621241509464	0.5090052130134917	0.510426314394998	0.5309402765793708	0.5106074713928344	0.5324704738391112	1.0	0.5302116515859212	0.5216647662485747	0.5154217136183378	0.5461538461538461	0.5247614928908809	0.5588235294117647	0.5179519949328476
simple	0.515970515970516	0.5482513804890875	0.5030355594102341	0.5318646734854445	0.5768200518070037	0.5396679543249127	0.5727723847117696	0.5269276637646386	0.5473439873203308	0.5449015223302451	0.5769987357413956	0.5721139487645166	0.5696398959944136	0.5731302438558715	0.5466020184576296	0.5663764273846927	0.5838022996986469	0.5587670372325373	0.5609873976233745	0.5534851621808143	0.5335268306060883	0.561152970585866	0.5460358887049195	0.5553633649112855	0.5741755225686958	0.5508421433615442	0.5723622692064205	0.5302116515859212	1.0	0.5688557276128792	0.5699470030114062	0.5349194167306217	0.5785277814928843	0.5180520570948783	0.57419391108145
sr	0.5133410672853828	0.5434388376947895	0.5024067388688327	0.5230337078651686	0.5653469561515538	0.5538188226608455	0.5626801329671325	0.5373481476658196	0.5638223574890602	0.5570446456865862	0.5808194171591651	0.5594488147360455	0.5648632546438876	0.5769432745441087	0.5613841484274261	0.5721000446238049	0.5832336606137033	0.5480152338833395	0.551951517888854	0.5408594785564903	0.5222839098849575	0.5742668003112011	0.5615483397541735	0.5688928593690861	0.5703685562578488	0.5680270178893495	0.5956933429996071	0.5216647662485747	0.5688557276128792	1.0	0.5783499194572902	0.5272032239676966	0.5723502538396066	0.5126396237507349	0.576941216880078
sv	0.5093457943925234	0.5331733158908144	0.5013949780789159	0.5175840978593271	0.5671265761668198	0.576114130201239	0.5588091252574687	0.5543341709969419	0.5869894279910561	0.582249109171921	0.5947064808794759	0.553114282745003	0.5586646680564946	0.577794389821276	0.5837656429704016	0.5946721248869731	0.5902758042877628	0.538463557833767	0.5443698507203274	0.5343380257454201	0.5167248553455137	0.5984973193947133	0.58026044273895	0.5931341752774039	0.5610677978547367	0.5836630687081609	0.5604906304919646	0.5154217136183378	0.5699470030114062	0.5783499194572902	1.0	0.5204938575819076	0.5755482018811445	0.5088408644400786	0.5884513917883833
te	0.5304347826086956	0.5426998922022357	0.5076335877862596	0.5452380952380952	0.5320899963631154	0.5104587801019511	0.5380281690140845	0.5062191862052008	0.5123152709359606	0.5112167300380228	0.524747496310417	0.5486625590893938	0.5398148148148149	0.531385954008701	0.512041884816754	0.5191984596088982	0.5265875064532783	0.5476190476190476	0.5385549288954341	0.555915511209019	0.5626598465473146	0.5174295240982116	0.512380538662033	0.5143052562262815	0.5365284074232153	0.5145921676228485	0.5375565610859728	0.5461538461538461	0.5349194167306217	0.5272032239676966	0.5204938575819076	1.0	0.5308868501529052	0.5396825396825397	0.523347228804125
vi	0.5134615384615385	0.543250646043858	0.5023411371237458	0.5270690728064716	0.5666166076480084	0.5489990841611753	0.5667103754654083	0.5346626693855278	0.5600858837145102	0.5550335448973809	0.5824712053872991	0.5700774198838493	0.5669566128969713	0.5823833141820777	0.5566586472427285	0.5736450293114939	0.5876307722677522	0.5553974269934187	0.5572395308188545	0.5488808468421184	0.52810897927192	0.5703086835559057	0.5557034532076865	0.5675338319880856	0.5713549573111573	0.5622729850876974	0.5674204596796983	0.5247614928908809	0.5785277814928843	0.5723502538396066	0.5755482018811445	0.5308868501529052	1.0	0.5143603133159269	0.5817536900717135
war	0.5364583333333334	0.5382978723404256	0.53	0.5539033457249071	0.52	0.5040157058718544	0.5227995758218451	0.5022565439775348	0.5047002297890119	0.504349507055867	0.510038240917782	0.5243179122182681	0.5212435233160622	0.5142667551426675	0.5046948356807511	0.5078097882679625	0.5119825708061002	0.5373134328358209	0.5301587301587302	0.5402750491159136	0.5622489959839357	0.5070115300716734	0.5048737261852015	0.5054455445544555	0.5211267605633803	0.5057383320581484	0.5212981744421906	0.5588235294117647	0.5180520570948783	0.5126396237507349	0.5088408644400786	0.5396825396825397	0.5143603133159269	1.0	0.5096607986260198
zh	0.5097706032285472	0.5346933921167851	0.5015263846489315	0.5191666666666667	0.5674672703758139	0.566204525107391	0.5610342397593434	0.5511572271230382	0.5798192910134119	0.5720859999822816	0.5896310022513551	0.5573077678664544	0.5608162659202233	0.5742427734268486	0.5775941145613105	0.591046607330463	0.5900449433094144	0.5404645126457202	0.545284848134053	0.5368767369924646	0.5191889939779353	0.5860694076858385	0.5744192765346876	0.586193636789909	0.5619552702943365	0.576088552271163	0.5600445762664532	0.5179519949328476	0.57419391108145	0.576941216880078	0.5884513917883833	0.523347228804125	0.5817536900717135	0.5096607986260198	1.0
