arz	bs	ceb	ckb	da	de	el	en	es	fr	he	hi	hu	id	it	ja	ko	lv	mk	ml	mr	nl	pl	pt	ro	ru	sh	si	simple	sr	sv	te	vi	war	zh
arz	1.0	0.0	0.0	0.0	1.0	1.0	1.0	1.0	1.0	1.0	1.0	1.0	1.0	1.0	1.0	1.0	1.0	1.0	0.0	1.0	0.0	1.0	1.0	1.0	1.0	1.0	1.0	0.0	1.0	1.0	1.0	0.0	1.0	0.0	1.0
bs	0.0	1.0	1.0	1.0	0.7376607345031152	0.6612511341201939	0.7411828468492556	0.6589257440209708	0.7248485669756152	0.6451356057815301	1.0	1.0	1.0	0.6483618101972173	0.6638546162332061	1.0	1.0	1.0	1.0	1.0	1.0	0.6589257440209708	1.0	0.728099120889861	1.0	0.6589257440209708	1.0	1.0	1.0	1.0	1.0	0.0	1.0	1.0	1.0
ceb	0.0	1.0	1.0	0.0	0.0	1.0	1.0	1.0	1.0	1.0	1.0	0.0	0.0	1.0	1.0	1.0	1.0	0.0	0.0	0.0	0.0	1.0	1.0	1.0	1.0	1.0	0.0	0.0	0.0	1.0	1.0	0.0	1.0	0.0	1.0
ckb	0.0	1.0	0.0	1.0	1.0	1.0	1.0	1.0	1.0	1.0	1.0	1.0	1.0	1.0	1.0	1.0	1.0	1.0	1.0	1.0	1.0	1.0	1.0	1.0	1.0	1.0	1.0	1.0	1.0	1.0	1.0	0.0	1.0	1.0	1.0
da	1.0	0.7376607345031152	0.0	1.0	1.0	0.5799374734601551	1.0	0.4597308993725416	1.0	0.7087564131141618	1.0	1.0	0.7199285383279772	0.7155258672934656	0.5804163229124977	0.7128329397683222	1.0	1.0	1.0	1.0	1.0	0.7096516635440986	1.0	0.7101264857596846	1.0	0.7096516635440985	1.0	1.0	1.0	1.0	0.35724547384668887	0.0	1.0	1.0	1.0
de	1.0	0.6612511341201939	1.0	1.0	0.5799374734601551	1.0	0.7141080454298697	0.22749222488367385	0.2629052839429307	0.31860557206829815	0.5485711922098868	1.0	0.7106212328351246	0.47450754546057367	0.34666204463890854	0.45352076004247294	0.7427794913475276	1.0	0.7347168825662657	1.0	1.0	0.40953286607841255	0.4162666603809572	0.37088451092385516	1.0	0.3912602813853652	0.525753909606436	1.0	0.7128329397683222	0.5949224416307971	0.29452812401592926	1.0	0.5903211505754852	0.7690990303325336	0.5565440463915754
el	1.0	0.7411828468492556	1.0	1.0	1.0	0.7141080454298697	1.0	0.7075325319701224	1.0	1.0	1.0	1.0	1.0	0.6501445840862393	0.7162976956558116	1.0	1.0	1.0	1.0	1.0	1.0	1.0	1.0	0.7155258672934656	1.0	1.0	1.0	1.0	1.0	1.0	1.0	0.0	1.0	0.7690990303325336	1.0
en	1.0	0.6589257440209708	1.0	1.0	0.4597308993725416	0.22749222488367385	0.7075325319701224	1.0	0.2743036120498799	0.2516843785592891	0.4976921808847537	0.7147973711694584	0.5806835661185532	0.3522421419021629	0.27744484305498845	0.3905573027623837	0.416566938954322	0.7300208629885034	1.0	1.0	1.0	0.3449902836145615	0.3666709350130643	0.277382167904324	0.707152466483344	0.34820154682122145	0.5837075435067187	1.0	0.6358400943144777	0.7054274448755342	0.2684556610438542	1.0	1.0	0.7690990303325336	0.470032834585172
es	1.0	0.7248485669756152	1.0	1.0	1.0	0.2629052839429307	1.0	0.2743036120498799	1.0	0.38858809278025763	1.0	1.0	1.0	0.473240824291903	0.32887448300457356	0.6977891583206233	1.0	1.0	1.0	1.0	1.0	0.5074345986581402	0.41999933836240744	0.4047454091585721	1.0	0.5361192263272464	0.6390933240567507	1.0	1.0	1.0	0.3311124686392462	1.0	1.0	0.7690990303325336	0.5751834617436183
fr	1.0	0.6451356057815301	1.0	1.0	0.7087564131141618	0.31860557206829815	1.0	0.2516843785592891	0.38858809278025763	1.0	0.7031439803509412	1.0	0.7101264857596848	0.44960624520030124	0.3363007170783045	0.4501917064977269	0.5242284662240091	1.0	1.0	1.0	1.0	0.4485749990624583	0.5346847121499361	0.4102452920928282	1.0	0.48839231310202463	0.6414463581614512	1.0	0.5497405758583843	0.7101264857596848	0.31580809985659275	1.0	0.709195387537678	0.7690990303325336	0.4789885585904592
he	1.0	1.0	1.0	1.0	1.0	0.5485711922098868	1.0	0.4976921808847537	1.0	0.7031439803509412	1.0	1.0	0.7171176902274348	0.5949224416307971	0.5544086130501151	1.0	1.0	1.0	1.0	1.0	1.0	0.7067849872559714	1.0	1.0	1.0	1.0	1.0	1.0	0.7199285383279772	1.0	0.5903211505754851	0.0	1.0	1.0	1.0
hi	1.0	1.0	0.0	1.0	1.0	1.0	1.0	0.7147973711694584	1.0	1.0	1.0	1.0	1.0	0.6030419283415576	1.0	1.0	1.0	1.0	1.0	1.0	1.0	0.7221793916855703	1.0	1.0	1.0	1.0	1.0	1.0	1.0	1.0	0.7263875964832448	0.0	1.0	1.0	1.0
hu	1.0	1.0	0.0	1.0	0.7199285383279772	0.7106212328351246	1.0	0.5806835661185532	1.0	0.7101264857596848	0.7171176902274348	1.0	1.0	0.7155258672934656	0.6314395498907663	0.7134542832283586	0.7134542832283587	1.0	1.0	1.0	1.0	1.0	0.7122412578101112	0.7111374370280843	1.0	1.0	0.7221793916855703	1.0	1.0	1.0	0.7106212328351246	0.0	1.0	0.7690990303325336	1.0
id	1.0	0.6483618101972173	1.0	1.0	0.7155258672934656	0.47450754546057367	0.6501445840862393	0.3522421419021629	0.473240824291903	0.44960624520030124	0.5949224416307971	0.6030419283415576	0.7155258672934656	1.0	0.4591207114984164	0.4850451381074826	0.5574091546057278	0.7376607345031153	1.0	0.7322034805959263	1.0	0.4441753857934101	0.554102913220608	0.5258673561553947	0.6037638397743439	0.4861996654242838	0.6357464214812708	1.0	0.5921593538295753	0.5988341345139977	0.334750074818911	0.0	0.6011455215697223	0.7690990303325336	0.5857084650013977
it	1.0	0.6638546162332061	1.0	1.0	0.5804163229124977	0.34666204463890854	0.7162976956558116	0.27744484305498845	0.32887448300457356	0.3363007170783045	0.5544086130501151	1.0	0.6314395498907663	0.4591207114984164	1.0	0.49658792564382936	0.6280783374972719	1.0	1.0	1.0	1.0	0.4329856045161881	0.45461938286170445	0.3796053892181587	0.5869974228381241	0.4645169808691873	0.5881009543707145	1.0	0.553929128833732	0.7111374370280845	0.32050905901810156	1.0	0.7128329397683223	0.7690990303325336	0.5465996468332875
ja	1.0	1.0	1.0	1.0	0.7128329397683222	0.45352076004247294	1.0	0.3905573027623837	0.6977891583206233	0.4501917064977269	1.0	1.0	0.7134542832283586	0.4850451381074826	0.49658792564382936	1.0	1.0	1.0	1.0	1.0	1.0	0.5782032259014133	1.0	0.6249738127342563	1.0	1.0	1.0	1.0	1.0	1.0	0.5807252029124169	1.0	1.0	0.7690990303325336	1.0
ko	1.0	1.0	1.0	1.0	1.0	0.7427794913475276	1.0	0.416566938954322	1.0	0.5242284662240091	1.0	1.0	0.7134542832283587	0.5574091546057278	0.6280783374972719	1.0	1.0	1.0	1.0	1.0	1.0	0.7039424865283899	1.0	0.6280783374972722	0.7147973711694584	1.0	1.0	1.0	0.718925811717485	1.0	0.633191676364495	1.0	1.0	0.7690990303325336	1.0
lv	1.0	1.0	0.0	1.0	1.0	1.0	1.0	0.7300208629885034	1.0	1.0	1.0	1.0	1.0	0.7376607345031153	1.0	1.0	1.0	1.0	1.0	1.0	1.0	1.0	1.0	1.0	1.0	1.0	1.0	1.0	1.0	1.0	1.0	0.0	1.0	0.7690990303325336	1.0
mk	0.0	1.0	0.0	1.0	1.0	0.7347168825662657	1.0	1.0	1.0	1.0	1.0	1.0	1.0	1.0	1.0	1.0	1.0	1.0	1.0	1.0	1.0	1.0	1.0	1.0	1.0	1.0	1.0	1.0	1.0	1.0	1.0	0.0	1.0	1.0	1.0
ml	1.0	1.0	0.0	1.0	1.0	1.0	1.0	1.0	1.0	1.0	1.0	1.0	1.0	0.7322034805959263	1.0	1.0	1.0	1.0	1.0	1.0	1.0	1.0	1.0	1.0	1.0	1.0	1.0	1.0	1.0	1.0	1.0	0.0	1.0	1.0	1.0
mr	0.0	1.0	0.0	1.0	1.0	1.0	1.0	1.0	1.0	1.0	1.0	1.0	1.0	1.0	1.0	1.0	1.0	1.0	1.0	1.0	1.0	1.0	1.0	1.0	1.0	1.0	1.0	1.0	1.0	1.0	1.0	0.0	1.0	1.0	1.0
nl	1.0	0.6589257440209708	1.0	1.0	0.7096516635440986	0.40953286607841255	1.0	0.3449902836145615	0.5074345986581402	0.4485749990624583	0.7067849872559714	0.7221793916855703	1.0	0.4441753857934101	0.4329856045161881	0.5782032259014133	0.7039424865283899	1.0	1.0	1.0	1.0	1.0	0.5730396866439336	0.47569336178237126	0.7116768074483948	0.540264197599618	0.6432357517002908	1.0	1.0	0.7111374370280843	0.3319515868305059	0.0	0.7111374370280844	0.7690990303325336	0.6268516359385989
pl	1.0	1.0	1.0	1.0	1.0	0.4162666603809572	1.0	0.3666709350130643	0.41999933836240744	0.5346847121499361	1.0	1.0	0.7122412578101112	0.554102913220608	0.45461938286170445	1.0	1.0	1.0	1.0	1.0	1.0	0.5730396866439336	1.0	0.509626734901473	1.0	0.621246451342743	0.6398385892358058	1.0	1.0	1.0	0.3580235497787853	1.0	1.0	0.7690990303325336	1.0
pt	1.0	0.728099120889861	1.0	1.0	0.7101264857596846	0.37088451092385516	0.7155258672934656	0.277382167904324	0.4047454091585721	0.4102452920928282	1.0	1.0	0.7111374370280843	0.5258673561553947	0.3796053892181587	0.6249738127342563	0.6280783374972722	1.0	1.0	1.0	1.0	0.47569336178237126	0.509626734901473	1.0	0.7122412578101113	0.5383825628702668	0.6432357517002909	1.0	1.0	0.7091953875376781	0.3170920080395338	1.0	1.0	0.7690990303325336	0.7010721865942466
ro	1.0	1.0	1.0	1.0	1.0	1.0	1.0	0.707152466483344	1.0	1.0	1.0	1.0	1.0	0.6037638397743439	0.5869974228381241	1.0	0.7147973711694584	1.0	1.0	1.0	1.0	0.7116768074483948	1.0	0.7122412578101113	1.0	1.0	1.0	1.0	1.0	1.0	1.0	1.0	1.0	0.7690990303325336	1.0
ru	1.0	0.6589257440209708	1.0	1.0	0.7096516635440985	0.3912602813853652	1.0	0.34820154682122145	0.5361192263272464	0.48839231310202463	1.0	1.0	1.0	0.4861996654242838	0.4645169808691873	1.0	1.0	1.0	1.0	1.0	1.0	0.540264197599618	0.621246451342743	0.5383825628702668	1.0	1.0	0.6406217872018793	1.0	0.6423162003593036	1.0	0.4804249641592846	1.0	1.0	0.7690990303325336	1.0
sh	1.0	1.0	0.0	1.0	1.0	0.525753909606436	1.0	0.5837075435067187	0.6390933240567507	0.6414463581614512	1.0	1.0	0.7221793916855703	0.6357464214812708	0.5881009543707145	1.0	1.0	1.0	1.0	1.0	1.0	0.6432357517002908	0.6398385892358058	0.6432357517002909	1.0	0.6406217872018793	1.0	1.0	1.0	0.7162976956558117	0.7141080454298697	0.0	1.0	0.7690990303325336	0.7171176902274347
si	0.0	1.0	0.0	1.0	1.0	1.0	1.0	1.0	1.0	1.0	1.0	1.0	1.0	1.0	1.0	1.0	1.0	1.0	1.0	1.0	1.0	1.0	1.0	1.0	1.0	1.0	1.0	1.0	1.0	1.0	1.0	0.0	1.0	1.0	1.0
simple	1.0	1.0	0.0	1.0	1.0	0.7128329397683222	1.0	0.6358400943144777	1.0	0.5497405758583843	0.7199285383279772	1.0	1.0	0.5921593538295753	0.553929128833732	1.0	0.718925811717485	1.0	1.0	1.0	1.0	1.0	1.0	1.0	1.0	0.6423162003593036	1.0	1.0	1.0	1.0	1.0	0.0	1.0	1.0	0.7179915061657698
sr	1.0	1.0	1.0	1.0	1.0	0.5949224416307971	1.0	0.7054274448755342	1.0	0.7101264857596848	1.0	1.0	1.0	0.5988341345139977	0.7111374370280845	1.0	1.0	1.0	1.0	1.0	1.0	0.7111374370280843	1.0	0.7091953875376781	1.0	1.0	0.7162976956558117	1.0	1.0	1.0	0.7111374370280844	1.0	1.0	0.7690990303325336	1.0
sv	1.0	1.0	1.0	1.0	0.35724547384668887	0.29452812401592926	1.0	0.2684556610438542	0.3311124686392462	0.31580809985659275	0.5903211505754851	0.7263875964832448	0.7106212328351246	0.334750074818911	0.32050905901810156	0.5807252029124169	0.633191676364495	1.0	1.0	1.0	1.0	0.3319515868305059	0.3580235497787853	0.3170920080395338	1.0	0.4804249641592846	0.7141080454298697	1.0	1.0	0.7111374370280844	1.0	1.0	0.6432357517002908	0.7690990303325336	0.5838435887902772
te	0.0	0.0	0.0	0.0	0.0	1.0	0.0	1.0	1.0	1.0	0.0	0.0	0.0	0.0	1.0	1.0	1.0	0.0	0.0	0.0	0.0	0.0	1.0	1.0	1.0	1.0	0.0	0.0	0.0	1.0	1.0	1.0	0.0	0.0	1.0
vi	1.0	1.0	1.0	1.0	1.0	0.5903211505754852	1.0	1.0	1.0	0.709195387537678	1.0	1.0	1.0	0.6011455215697223	0.7128329397683223	1.0	1.0	1.0	1.0	1.0	1.0	0.7111374370280844	1.0	1.0	1.0	1.0	1.0	1.0	1.0	1.0	0.6432357517002908	0.0	1.0	0.7690990303325336	1.0
war	0.0	1.0	0.0	1.0	1.0	0.7690990303325336	0.7690990303325336	0.7690990303325336	0.7690990303325336	0.7690990303325336	1.0	1.0	0.7690990303325336	0.7690990303325336	0.7690990303325336	0.7690990303325336	0.7690990303325336	0.7690990303325336	1.0	1.0	1.0	0.7690990303325336	0.7690990303325336	0.7690990303325336	0.7690990303325336	0.7690990303325336	0.7690990303325336	1.0	1.0	0.7690990303325336	0.7690990303325336	0.0	0.7690990303325336	1.0	0.7690990303325336
zh	1.0	1.0	1.0	1.0	1.0	0.5565440463915754	1.0	0.470032834585172	0.5751834617436183	0.4789885585904592	1.0	1.0	1.0	0.5857084650013977	0.5465996468332875	1.0	1.0	1.0	1.0	1.0	1.0	0.6268516359385989	1.0	0.7010721865942466	1.0	1.0	0.7171176902274347	1.0	0.7179915061657698	1.0	0.5838435887902772	1.0	1.0	0.7690990303325336	1.0
