arz	bs	ceb	ckb	da	de	el	en	es	fr	he	hi	hu	id	it	ja	ko	lv	mk	ml	mr	nl	pl	pt	ro	ru	sh	si	simple	sr	sv	te	vi	war	zh
arz	1.0	0.0	0.0	0.0	1.0	1.0	0.0	1.0	1.0	0.5020797777427737	1.0	0.0	1.0	1.0	1.0	1.0	1.0	0.0	1.0	0.0	0.0	1.0	1.0	1.0	1.0	1.0	0.0	0.0	1.0	0.0	1.0	0.0	1.0	0.0	1.0
bs	0.0	1.0	0.0	1.0	1.0	1.0	1.0	1.0	1.0	1.0	1.0	1.0	1.0	1.0	0.7863954451402115	1.0	1.0	1.0	1.0	1.0	0.0	1.0	1.0	1.0	0.0	1.0	1.0	0.0	1.0	1.0	0.8216064286890065	0.0	1.0	0.0	1.0
ceb	0.0	0.0	1.0	0.0	1.0	1.0	0.0	1.0	1.0	1.0	1.0	0.0	0.0	1.0	1.0	1.0	1.0	1.0	1.0	1.0	0.0	1.0	1.0	1.0	1.0	1.0	0.0	0.0	1.0	1.0	1.0	0.0	1.0	0.0	1.0
ckb	0.0	1.0	0.0	1.0	1.0	1.0	1.0	0.6309313336027379	1.0	1.0	1.0	1.0	1.0	1.0	0.8216064286890065	1.0	1.0	1.0	1.0	1.0	0.0	1.0	1.0	1.0	0.0	1.0	0.0	0.0	1.0	1.0	1.0	0.0	1.0	0.0	1.0
da	1.0	1.0	1.0	1.0	1.0	0.3553531941733527	1.0	0.20859767782769073	0.511080061006632	0.46511972203494717	0.7376607345031153	1.0	0.42489828324440826	0.4457620591207195	0.3770842723644985	0.6193113617177751	0.728099120889861	0.7510341748895938	0.6589257440209708	1.0	0.0	0.3554324332246564	0.2754411384213193	0.34957386544546737	0.7690990303325336	0.5219389673142222	1.0	0.0	0.43526109167898114	1.0	0.2557782718142008	0.0	1.0	1.0	0.6193113617177751
de	1.0	1.0	1.0	1.0	0.3553531941733527	1.0	0.6129299101677941	0.1023176021829983	0.20815890284474528	0.11070265761190341	0.5707120090385179	1.0	0.27740683753221346	0.21871074551210168	0.1813656946217368	0.26202923177753923	0.48028725766153824	1.0	0.46836507026186974	1.0	0.0	0.11253675486769757	0.1496794723495433	0.15250569093984334	0.5973524767815628	0.13431169143265587	0.4284911257253558	0.0	0.3502011284124954	0.6102470946685322	0.19453791178261823	0.0	0.6487871090048526	1.0	0.2946784889385548
el	0.0	1.0	0.0	1.0	1.0	0.6129299101677941	1.0	0.19516670134602357	0.705113224982586	0.3710767957495473	1.0	1.0	0.5329523188772378	0.5044415294848488	0.28221684114576023	1.0	1.0	1.0	1.0	1.0	0.0	0.5616608491394203	0.5111633475889247	0.30072844773847235	1.0	1.0	1.0	0.0	1.0	1.0	0.4328280009991739	0.0	1.0	1.0	1.0
en	1.0	1.0	1.0	0.6309313336027379	0.20859767782769073	0.1023176021829983	0.19516670134602357	1.0	0.13556351197248412	0.09885270707546026	0.1894420109582906	0.5781548028963631	0.17502832485296269	0.16918603253363296	0.15561169095229485	0.16591512805369701	0.18515180050752414	0.6740515375688697	0.19939625462137126	0.7347168825662656	1.0	0.1062595184888009	0.12595105114681152	0.12221890830629335	0.3480321571301283	0.15079419210638553	0.2627799959919764	1.0	0.24579478765643872	0.19202154075897818	0.12583331761077357	0.0	0.2590663954065115	1.0	0.16919514982962558
es	1.0	1.0	1.0	1.0	0.511080061006632	0.20815890284474528	0.705113224982586	0.13556351197248412	1.0	0.13279722001811833	0.7128329397683222	1.0	0.2619252382499205	0.27836405018825455	0.23553390091990264	0.39299099209289023	0.6318190499308992	1.0	0.6406217872018795	1.0	0.0	0.1747134785269541	0.19374319335727153	0.1594756806166557	0.6568318202362041	0.2904604361183879	0.459851200236721	0.0	0.37067043335495964	1.0	0.21332771567004644	0.0	0.7147973711694584	1.0	0.4554299837899632
fr	0.5020797777427737	1.0	1.0	1.0	0.46511972203494717	0.11070265761190341	0.3710767957495473	0.09885270707546026	0.13279722001811833	1.0	0.4517320526475502	0.5823205758750108	0.24104239315431708	0.2329739690386554	0.13336047438007598	0.15292913105936412	0.3159450230749692	0.6740515375688696	0.28001433777243756	0.7510341748895937	0.0	0.11002245361627408	0.14611280162301443	0.13057908223315873	0.4679492490167796	0.13104772461820982	0.47139220692983325	1.0	0.322733773998888	0.5885918394673357	0.1960569818549183	1.0	0.4295058017898636	1.0	0.19255373362931338
he	1.0	1.0	1.0	1.0	0.7376607345031153	0.5707120090385179	1.0	0.1894420109582906	0.7128329397683222	0.4517320526475502	1.0	1.0	0.3686471913967697	0.5495479301442009	0.36037731024073083	1.0	1.0	1.0	1.0	1.0	0.0	0.5365512297307408	0.4913842563639784	0.2511789544184914	1.0	1.0	0.7690990303325336	0.0	1.0	1.0	0.5407986183060265	0.0	1.0	1.0	1.0
hi	0.0	1.0	0.0	1.0	1.0	1.0	1.0	0.5781548028963631	1.0	0.5823205758750108	1.0	1.0	1.0	0.7584325078215763	0.52452603151865	1.0	1.0	1.0	1.0	1.0	1.0	0.7510341748895938	0.7376607345031152	0.31397873865896103	1.0	1.0	1.0	0.0	1.0	1.0	0.6223041007404059	1.0	1.0	1.0	1.0
hu	1.0	1.0	0.0	1.0	0.42489828324440826	0.27740683753221346	0.5329523188772378	0.17502832485296269	0.2619252382499205	0.24104239315431708	0.3686471913967697	1.0	1.0	0.3861695431422331	0.2457892161382423	0.36915216258854544	0.6937565381177957	1.0	0.3893540111452552	1.0	0.0	0.3163139940038012	0.3381339170401632	0.2515107296735789	0.4695960115558277	0.23315411193664384	0.6523839999161463	0.0	0.7362033637659952	1.0	0.33818648676774216	0.0	0.42559664830438537	1.0	0.5416233774252791
id	1.0	1.0	1.0	1.0	0.4457620591207195	0.21871074551210168	0.5044415294848488	0.16918603253363296	0.27836405018825455	0.2329739690386554	0.5495479301442009	0.7584325078215763	0.3861695431422331	1.0	0.22209493054938315	0.268104563915817	0.3075927945007474	0.8137822343553781	0.6740515375688696	1.0	0.0	0.21518090863904712	0.24672459972324506	0.27016101818863175	1.0	0.23630480200025986	0.6562661056221565	1.0	0.33462242699488004	0.6204120806044475	0.31758924359731733	0.0	0.4310255456709117	1.0	0.26409335606171086
it	1.0	0.7863954451402115	1.0	0.8216064286890065	0.3770842723644985	0.1813656946217368	0.28221684114576023	0.15561169095229485	0.23553390091990264	0.13336047438007598	0.36037731024073083	0.52452603151865	0.2457892161382423	0.22209493054938315	1.0	0.2835689006866784	0.27606815226749076	0.4042857956622162	0.31931172694524007	0.6704675947063355	0.0	0.17107300232126105	0.18315927305386454	0.14154026334481923	0.41641323199756186	0.2712302499557618	0.26604355640410965	1.0	0.27126695403750317	0.3258802279861125	0.20392276246884544	0.0	0.42205416156157044	1.0	0.30882350540771547
ja	1.0	1.0	1.0	1.0	0.6193113617177751	0.26202923177753923	1.0	0.16591512805369701	0.39299099209289023	0.15292913105936412	1.0	1.0	0.36915216258854544	0.268104563915817	0.2835689006866784	1.0	0.7014961547481128	1.0	1.0	1.0	0.0	0.16575487513505738	0.23339022126726702	0.1931887509176099	0.6254303192325079	1.0	0.5453111577010743	0.0	0.3705062647134157	1.0	0.25609177082237083	1.0	1.0	1.0	1.0
ko	1.0	1.0	1.0	1.0	0.728099120889861	0.48028725766153824	1.0	0.18515180050752414	0.6318190499308992	0.3159450230749692	1.0	1.0	0.6937565381177957	0.3075927945007474	0.27606815226749076	0.7014961547481128	1.0	1.0	1.0	1.0	0.0	0.4201506525699539	0.38613499434841647	0.26329112375044234	1.0	1.0	0.7347168825662656	0.0	0.6589257440209708	1.0	0.2731422969950699	0.0	1.0	1.0	1.0
lv	0.0	1.0	1.0	1.0	0.7510341748895938	1.0	1.0	0.6740515375688697	1.0	0.6740515375688696	1.0	1.0	1.0	0.8137822343553781	0.4042857956622162	1.0	1.0	1.0	1.0	1.0	0.0	0.7376607345031152	1.0	0.41055547717987523	1.0	1.0	1.0	0.0	1.0	1.0	0.7173869854085879	0.0	1.0	1.0	1.0
mk	1.0	1.0	1.0	1.0	0.6589257440209708	0.46836507026186974	1.0	0.19939625462137126	0.6406217872018795	0.28001433777243756	1.0	1.0	0.3893540111452552	0.6740515375688696	0.31931172694524007	1.0	1.0	1.0	1.0	1.0	0.0	0.3602370138785955	0.5234621163829349	0.4418808097487155	0.74551343442257	1.0	0.7300208629885034	0.0	1.0	1.0	0.3555971124812054	0.0	1.0	1.0	1.0
ml	0.0	1.0	1.0	1.0	1.0	1.0	1.0	0.7347168825662656	1.0	0.7510341748895937	1.0	1.0	1.0	1.0	0.6704675947063355	1.0	1.0	1.0	1.0	1.0	0.0	1.0	1.0	0.43526109167898114	1.0	1.0	1.0	0.0	1.0	1.0	1.0	0.0	1.0	1.0	1.0
mr	0.0	0.0	0.0	0.0	0.0	0.0	0.0	1.0	0.0	0.0	0.0	1.0	0.0	0.0	0.0	0.0	0.0	0.0	0.0	0.0	1.0	0.0	0.0	0.0	0.0	0.0	0.0	0.0	0.0	0.0	0.0	0.0	0.0	0.0	0.0
nl	1.0	1.0	1.0	1.0	0.3554324332246564	0.11253675486769757	0.5616608491394203	0.1062595184888009	0.1747134785269541	0.11002245361627408	0.5365512297307408	0.7510341748895938	0.3163139940038012	0.21518090863904712	0.17107300232126105	0.16575487513505738	0.4201506525699539	0.7376607345031152	0.3602370138785955	1.0	0.0	1.0	0.16044570896111351	0.18644617195619687	0.5652306949292912	0.14168909457569778	0.3526012933474756	0.0	0.346777677389333	0.48336710905604563	0.19777264931176075	0.0	0.4982243199095968	1.0	0.19818441714509527
pl	1.0	1.0	1.0	1.0	0.2754411384213193	0.1496794723495433	0.5111633475889247	0.12595105114681152	0.19374319335727153	0.14611280162301443	0.4913842563639784	0.7376607345031152	0.3381339170401632	0.24672459972324506	0.18315927305386454	0.23339022126726702	0.38613499434841647	1.0	0.5234621163829349	1.0	0.0	0.16044570896111351	1.0	0.16605721384148936	0.6455519993951538	0.1646770961617637	0.43097516883993464	0.0	0.6273337113996524	0.613022978610243	0.18204346771212654	1.0	0.567084270083088	1.0	0.24713212283272237
pt	1.0	1.0	1.0	1.0	0.34957386544546737	0.15250569093984334	0.30072844773847235	0.12221890830629335	0.1594756806166557	0.13057908223315873	0.2511789544184914	0.31397873865896103	0.2515107296735789	0.27016101818863175	0.14154026334481923	0.1931887509176099	0.26329112375044234	0.41055547717987523	0.4418808097487155	0.43526109167898114	0.0	0.18644617195619687	0.16605721384148936	1.0	0.35953063464760815	0.16556384347396558	0.36501738305381326	0.0	0.2940392927531987	0.6262749292351008	0.14741277556018512	0.0	0.32117767350239296	0.5660160774121898	0.2300363367505678
ro	1.0	0.0	1.0	0.0	0.7690990303325336	0.5973524767815628	1.0	0.3480321571301283	0.6568318202362041	0.4679492490167796	1.0	1.0	0.4695960115558277	1.0	0.41641323199756186	0.6254303192325079	1.0	1.0	0.74551343442257	1.0	0.0	0.5652306949292912	0.6455519993951538	0.35953063464760815	1.0	0.5808852645006567	0.6640237664404941	0.0	1.0	0.7455134344225701	0.42096077702864015	0.0	1.0	1.0	0.7300208629885034
ru	1.0	1.0	1.0	1.0	0.5219389673142222	0.13431169143265587	1.0	0.15079419210638553	0.2904604361183879	0.13104772461820982	1.0	1.0	0.23315411193664384	0.23630480200025986	0.2712302499557618	1.0	1.0	1.0	1.0	1.0	0.0	0.14168909457569778	0.1646770961617637	0.16556384347396558	0.5808852645006567	1.0	0.44079812355542813	1.0	0.3680719683076469	1.0	0.17445130627660868	1.0	1.0	1.0	1.0
sh	0.0	1.0	0.0	0.0	1.0	0.4284911257253558	1.0	0.2627799959919764	0.459851200236721	0.47139220692983325	0.7690990303325336	1.0	0.6523839999161463	0.6562661056221565	0.26604355640410965	0.5453111577010743	0.7347168825662656	1.0	0.7300208629885034	1.0	0.0	0.3526012933474756	0.43097516883993464	0.36501738305381326	0.6640237664404941	0.44079812355542813	1.0	0.0	1.0	0.5863089236503652	0.5768807820728514	0.0	1.0	1.0	0.5421448374928308
si	0.0	0.0	0.0	0.0	0.0	0.0	0.0	1.0	0.0	1.0	0.0	0.0	0.0	1.0	1.0	0.0	0.0	0.0	0.0	0.0	0.0	0.0	0.0	0.0	0.0	1.0	0.0	1.0	0.0	0.0	1.0	0.0	0.0	0.0	0.0
simple	1.0	1.0	1.0	1.0	0.43526109167898114	0.3502011284124954	1.0	0.24579478765643872	0.37067043335495964	0.322733773998888	1.0	1.0	0.7362033637659952	0.33462242699488004	0.27126695403750317	0.3705062647134157	0.6589257440209708	1.0	1.0	1.0	0.0	0.346777677389333	0.6273337113996524	0.2940392927531987	1.0	0.3680719683076469	1.0	0.0	1.0	1.0	0.489310531325816	0.0	0.7322034805959263	0.0	0.3802578063308078
sr	0.0	1.0	1.0	1.0	1.0	0.6102470946685322	1.0	0.19202154075897818	1.0	0.5885918394673357	1.0	1.0	1.0	0.6204120806044475	0.3258802279861125	1.0	1.0	1.0	1.0	1.0	0.0	0.48336710905604563	0.613022978610243	0.6262749292351008	0.7455134344225701	1.0	0.5863089236503652	0.0	1.0	1.0	0.4983391835119364	0.0	1.0	1.0	1.0
sv	1.0	0.8216064286890065	1.0	1.0	0.2557782718142008	0.19453791178261823	0.4328280009991739	0.12583331761077357	0.21332771567004644	0.1960569818549183	0.5407986183060265	0.6223041007404059	0.33818648676774216	0.31758924359731733	0.20392276246884544	0.25609177082237083	0.2731422969950699	0.7173869854085879	0.3555971124812054	1.0	0.0	0.19777264931176075	0.18204346771212654	0.14741277556018512	0.42096077702864015	0.17445130627660868	0.5768807820728514	1.0	0.489310531325816	0.4983391835119364	1.0	0.0	0.5011871227442807	1.0	0.20558078033256144
te	0.0	0.0	0.0	0.0	0.0	0.0	0.0	0.0	0.0	1.0	0.0	1.0	0.0	0.0	0.0	1.0	0.0	0.0	0.0	0.0	0.0	0.0	1.0	0.0	0.0	1.0	0.0	0.0	0.0	0.0	0.0	1.0	0.0	0.0	0.0
vi	1.0	1.0	1.0	1.0	1.0	0.6487871090048526	1.0	0.2590663954065115	0.7147973711694584	0.4295058017898636	1.0	1.0	0.42559664830438537	0.4310255456709117	0.42205416156157044	1.0	1.0	1.0	1.0	1.0	0.0	0.4982243199095968	0.567084270083088	0.32117767350239296	1.0	1.0	1.0	0.0	0.7322034805959263	1.0	0.5011871227442807	0.0	1.0	1.0	1.0
war	0.0	0.0	0.0	0.0	1.0	1.0	1.0	1.0	1.0	1.0	1.0	1.0	1.0	1.0	1.0	1.0	1.0	1.0	1.0	1.0	0.0	1.0	1.0	0.5660160774121898	1.0	1.0	1.0	0.0	0.0	1.0	1.0	0.0	1.0	1.0	1.0
zh	1.0	1.0	1.0	1.0	0.6193113617177751	0.2946784889385548	1.0	0.16919514982962558	0.4554299837899632	0.19255373362931338	1.0	1.0	0.5416233774252791	0.26409335606171086	0.30882350540771547	1.0	1.0	1.0	1.0	1.0	0.0	0.19818441714509527	0.24713212283272237	0.2300363367505678	0.7300208629885034	1.0	0.5421448374928308	0.0	0.3802578063308078	1.0	0.20558078033256144	0.0	1.0	1.0	1.0
