arz	bs	ceb	ckb	da	de	el	en	es	fr	he	hi	hu	id	it	ja	ko	lv	mk	ml	mr	nl	pl	pt	ro	ru	sh	si	simple	sr	sv	te	vi	war	zh
arz	1.0	0.7775814579026958	0.0	0.7863954451402115	0.2748988938305997	0.32842300042614436	0.2947774524310598	0.3474792075707385	0.3508234310129264	0.31251485751159674	0.2958929566547548	1.0	0.3261756173007135	0.2687697958170534	0.34455077932306444	0.4222047963267736	0.2551189524845875	0.37175672464721043	0.6722221621197193	0.565747163967296	0.45581268567284794	0.2723630149811753	0.3460520384122446	0.31839990315143873	0.30199038769229064	0.3548688067053639	0.7690990303325336	1.0	0.2812773801600929	0.6152235523558268	0.3320222457321621	0.0	0.3572258992247161	1.0	0.3189033515627682
bs	0.7775814579026958	1.0	0.0	0.5585341572549036	0.30126758110802393	0.24534285871889155	0.32197603345172937	0.2071428867243347	0.33577762507025194	0.38675373192752766	0.370205683603646	0.6223487188118165	0.3282636801487698	0.37831294803441623	0.2366819809558617	0.2805127996670872	0.3267642212690378	0.5237893513474626	0.39619686568374013	0.42700727468888566	0.5856436732537863	0.3174620892689348	0.27771349597299916	0.22259272063958027	0.45258064284425875	0.28121273811117525	0.48563315284202263	0.4004177962735557	0.33656293967272183	0.4495700791083293	0.25218683460565894	0.0	0.29971813488320703	0.35968588682267	0.21883868124992573
ceb	0.0	0.0	1.0	0.0	1.0	1.0	1.0	1.0	1.0	1.0	1.0	1.0	1.0	1.0	1.0	1.0	1.0	1.0	1.0	0.0	1.0	1.0	1.0	1.0	1.0	1.0	1.0	0.0	1.0	1.0	1.0	0.0	1.0	0.0	1.0
ckb	0.7863954451402115	0.5585341572549036	0.0	1.0	0.43166400025303375	0.7320606857984924	0.333004535521116	0.7510341748895938	0.7510341748895938	0.4071309295911624	0.383765521600502	1.0	0.4511593527725755	0.46443647660776066	0.5881990197144963	0.4650653395561995	0.34372915109837404	0.7527085433245789	0.672319180205558	0.4188425220072581	0.6900086327471674	0.3307999766869959	0.7433742886544917	0.6290066987253158	0.453039982403646	0.7037367187522106	1.0	1.0	0.4308507195827609	0.7220700288258562	0.5857345761815991	0.0	0.7584325078215763	1.0	0.3583459142954668
da	0.2748988938305997	0.30126758110802393	1.0	0.43166400025303375	1.0	0.20632438595380473	0.2520389049814274	0.16476559947310862	0.19880123826158425	0.26952651593759197	0.2592356965283308	0.46990208738340944	0.24280571374727464	0.2887207018461332	0.19883366686230414	0.23139943377287434	0.25104518041657375	0.3155261199783325	0.373984147453416	0.4826201376276918	0.3900692153869398	0.22402245349871694	0.21700791401590447	0.17072873948270897	0.28876305140197156	0.21494891416599285	0.351724703010887	0.5519463947598889	0.21505854216330844	0.28646717805536953	0.2263142563162764	0.0	0.1920121659166301	0.47705226572063963	0.20581708325226142
de	0.32842300042614436	0.24534285871889155	1.0	0.7320606857984924	0.20632438595380473	1.0	0.1919089875552765	0.12252932762640978	0.0835964816229885	0.16997109808586502	0.21693247564543272	0.7863954451402115	0.1809715030960237	0.2215780325945706	0.14101969825434862	0.1677352294059043	0.18245698749039665	0.22388594297992045	0.3283664687215017	0.3900888260325714	0.5424924904964344	0.15415122181790838	0.1598676344545517	0.14265962174657915	0.20016665607010403	0.15603378998495496	0.24049690419947312	0.6030419283415578	0.17058908334074704	0.21807387470313952	0.1798165151042674	0.0	0.18397869728675306	1.0	0.15465646143339615
el	0.2947774524310598	0.32197603345172937	1.0	0.333004535521116	0.2520389049814274	0.1919089875552765	1.0	0.16748595279318196	0.1744007291074605	0.2490575526181093	0.268528890358014	0.8080545640981811	0.23697298578927753	0.2974743461811837	0.19146340936836326	0.21216096038910615	0.22972729575087772	0.35976507284305637	0.29548000271363145	0.39951718670189396	0.3247341009180675	0.2211307726017581	0.20761574754768708	0.1751265470498156	0.2759187676749235	0.19967162265945892	0.4144366211593985	1.0	0.20384649026755444	0.3116766826153642	0.22016834299641835	0.0	0.2072229526301718	1.0	0.19497892546342835
en	0.3474792075707385	0.2071428867243347	1.0	0.7510341748895938	0.16476559947310862	0.12252932762640978	0.16748595279318196	1.0	0.06766402762597482	0.1416863504453168	0.1829905445959471	0.7863954451402115	0.15251057558793712	0.17141653300194679	0.11775500929774595	0.1447514279713895	0.1578130746831774	0.22150578862590584	0.33433393619896246	0.4097162428540352	0.5196391447287078	0.12810748926950796	0.1367228260825228	0.12486865187126321	0.17176207995547774	0.13548901900702554	0.5116814209552164	0.32358638747097873	0.15016536223603758	0.1975203664760905	0.1551970250606428	0.0	0.15281433986183585	0.7234532828151787	0.13349115448379312
es	0.3508234310129264	0.33577762507025194	1.0	0.7510341748895938	0.19880123826158425	0.0835964816229885	0.1744007291074605	0.06766402762597482	1.0	0.08545661663416025	0.19921700543334428	0.7863954451402115	0.12339883572605503	0.24007361194411603	0.07522219635171021	0.11242943694331073	0.13725013331302752	0.4089873641309553	0.4156622431823714	0.4097162428540352	0.662652146087003	0.0892825238994817	0.09762190339798206	0.09103762148941139	0.1340107397529453	0.10053245079601318	0.5114014194820763	1.0	0.17087995505410283	0.29641053668156375	0.1461784309929405	0.0	0.1819173773080172	1.0	0.10442745750821947
fr	0.31251485751159674	0.38675373192752766	1.0	0.4071309295911624	0.26952651593759197	0.16997109808586502	0.2490575526181093	0.1416863504453168	0.08545661663416025	1.0	0.3015267950320209	0.4699149719637838	0.23468849885260598	0.3208529916574337	0.16647822808704452	0.20841992104949492	0.23401941348226102	0.40287917981611393	0.36211471890958086	0.482095167281793	0.4911963088128691	0.20298786608060815	0.19714170193786323	0.16772869391017328	0.29671459314903853	0.19342325513971076	0.35526643184168233	1.0	0.18721089612074243	0.3544493190823239	0.23397693937656816	0.0	0.20893443781200727	0.7744097047377118	0.18936023852657616
he	0.2958929566547548	0.370205683603646	1.0	0.383765521600502	0.2592356965283308	0.21693247564543272	0.268528890358014	0.1829905445959471	0.19921700543334428	0.3015267950320209	1.0	0.6827447964042134	0.2722782221318669	0.31221985980201905	0.2137276881235031	0.2505373417261025	0.26282278189206304	0.37141420033581257	0.3003245918232846	0.3238801030855757	0.48800182654199986	0.25379193782643694	0.2393746203016063	0.18841283372008197	0.3343605753268359	0.23140569477990164	0.3334986222034572	1.0	0.20789118052559366	0.3301063946850802	0.24917619651659012	0.0	0.21754532597731177	1.0	0.21695816776637486
hi	1.0	0.6223487188118165	1.0	1.0	0.46990208738340944	0.7863954451402115	0.8080545640981811	0.7863954451402115	0.7863954451402115	0.4699149719637838	0.6827447964042134	1.0	0.4699149719637838	0.6827447964042134	0.7863954451402115	0.8216064286890065	0.6607844260408273	0.884699901809936	0.7863954451402115	0.953225785585603	0.953225785585603	0.46990208738340944	0.7863954451402115	0.7863954451402115	0.40899771065066015	0.7863954451402115	1.0	1.0	0.7863954451402115	0.5862379667662798	0.7863954451402115	0.0	0.7863954451402115	1.0	0.4814135838872379
hu	0.3261756173007135	0.3282636801487698	1.0	0.4511593527725755	0.24280571374727464	0.1809715030960237	0.23697298578927753	0.15251057558793712	0.12339883572605503	0.23468849885260598	0.2722782221318669	0.4699149719637838	1.0	0.2901293154399622	0.1765359827923654	0.20858801572692817	0.235163027703082	0.35110860316525394	0.32812356343524623	0.3881465940273077	0.47072648307856474	0.20718394214581443	0.199350935027558	0.1730850753508266	0.2636358831632001	0.1943208493161933	0.6372028666049915	1.0	0.22478784193868093	0.2994547479481977	0.22565510332667604	0.0	0.19799098869207984	1.0	0.1960759070370041
id	0.2687697958170534	0.37831294803441623	1.0	0.46443647660776066	0.2887207018461332	0.2215780325945706	0.2974743461811837	0.17141653300194679	0.24007361194411603	0.3208529916574337	0.31221985980201905	0.6827447964042134	0.2901293154399622	1.0	0.2178732596913055	0.25026218855848326	0.2712769955223652	0.417707904256218	0.3206253278354299	0.45312304285396354	0.3747490357405688	0.27338314849179746	0.24707267324570234	0.1752863000775726	0.37418958967422555	0.24784260909303488	0.39410047736173676	0.7263875964832449	0.306925465019252	0.3736383557449876	0.2477146251924423	0.0	0.2551047833812014	0.7234532828151788	0.21631553372603124
it	0.34455077932306444	0.2366819809558617	1.0	0.5881990197144963	0.19883366686230414	0.14101969825434862	0.19146340936836326	0.11775500929774595	0.07522219635171021	0.16647822808704452	0.2137276881235031	0.7863954451402115	0.1765359827923654	0.2178732596913055	1.0	0.16420781572140403	0.18635900883031167	0.263018898531646	0.28351177108753545	0.3353282156434979	0.38540340168882603	0.15337520598330762	0.1542968953407621	0.14023151830486602	0.19859746640196424	0.15632836543639034	0.3088869481955519	0.6067454105236014	0.16304519487827115	0.24775526958026356	0.18177612829070308	0.0	0.18043334380991002	0.5288971101299547	0.15262718624609958
ja	0.4222047963267736	0.2805127996670872	1.0	0.4650653395561995	0.23139943377287434	0.1677352294059043	0.21216096038910615	0.1447514279713895	0.11242943694331073	0.20841992104949492	0.2505373417261025	0.8216064286890065	0.20858801572692817	0.25026218855848326	0.16420781572140403	1.0	0.2005269471624962	0.30191373974348673	0.3977709806819879	0.4021925714130133	0.33043881087630916	0.19143613742658627	0.18089600926918073	0.16365604621593396	0.23928283311478463	0.17670684960170774	0.35280463463142103	1.0	0.19618943620449028	0.25159059903917524	0.2051638570520481	0.0	0.1853152430485826	1.0	0.17304890410667917
ko	0.2551189524845875	0.3267642212690378	1.0	0.34372915109837404	0.25104518041657375	0.18245698749039665	0.22972729575087772	0.1578130746831774	0.13725013331302752	0.23401941348226102	0.26282278189206304	0.6607844260408273	0.235163027703082	0.2712769955223652	0.18635900883031167	0.2005269471624962	1.0	0.34518908631660983	0.2572548520487367	0.4028251070286397	0.3280464834130024	0.21503144149744577	0.2041394912606109	0.17241306899468162	0.27531048619633514	0.19599628220846574	0.3786951908398656	1.0	0.21094821757992044	0.3181959467841732	0.2182319997175512	0.0	0.18904071387139623	1.0	0.1871228983666768
lv	0.37175672464721043	0.5237893513474626	1.0	0.7527085433245789	0.3155261199783325	0.22388594297992045	0.35976507284305637	0.22150578862590584	0.4089873641309553	0.40287917981611393	0.37141420033581257	0.884699901809936	0.35110860316525394	0.417707904256218	0.263018898531646	0.30191373974348673	0.34518908631660983	1.0	0.434510499676475	0.43773575273844106	0.6420004973144167	0.3308477487079042	0.28324372189468355	0.2065432505816745	0.517517690449928	0.2578466026953644	0.6238338897563704	1.0	0.35722245793712265	0.483505047086767	0.26679038381085196	0.0	0.24898993963480176	1.0	0.2011957770236071
mk	0.6722221621197193	0.39619686568374013	1.0	0.672319180205558	0.373984147453416	0.3283664687215017	0.29548000271363145	0.33433393619896246	0.4156622431823714	0.36211471890958086	0.3003245918232846	0.7863954451402115	0.32812356343524623	0.3206253278354299	0.28351177108753545	0.3977709806819879	0.2572548520487367	0.434510499676475	1.0	0.4219859152008854	0.4625171083567738	0.31195043148555507	0.31967639997574865	0.2718194086822014	0.35593522028659313	0.34399122059019266	0.5026179546642627	1.0	0.4174236178165027	0.384135394741373	0.3039113712763738	0.0	0.3642226370784636	1.0	0.29857910152085065
ml	0.565747163967296	0.42700727468888566	0.0	0.4188425220072581	0.4826201376276918	0.3900888260325714	0.39951718670189396	0.4097162428540352	0.4097162428540352	0.482095167281793	0.3238801030855757	0.953225785585603	0.3881465940273077	0.45312304285396354	0.3353282156434979	0.4021925714130133	0.4028251070286397	0.43773575273844106	0.4219859152008854	1.0	0.4437768877597435	0.4255753603557403	0.43444589992781724	0.43662490714085134	0.29189699754401005	0.4097162428540352	0.8216064286890065	1.0	0.3318237417556898	0.4236745623657575	0.48112056852373786	0.0	0.45312304285396354	1.0	0.7415734418326358
mr	0.45581268567284794	0.5856436732537863	1.0	0.6900086327471674	0.3900692153869398	0.5424924904964344	0.3247341009180675	0.5196391447287078	0.662652146087003	0.4911963088128691	0.48800182654199986	0.953225785585603	0.47072648307856474	0.3747490357405688	0.38540340168882603	0.33043881087630916	0.3280464834130024	0.6420004973144167	0.4625171083567738	0.4437768877597435	1.0	0.2761795599708856	0.5710966673980675	0.39947823482410666	0.5038044484842726	0.5084781900991339	0.517346181619858	1.0	0.3605739691903841	0.47441214366892587	0.6392073310446441	0.0	0.4191212801078868	1.0	0.36117813888299694
nl	0.2723630149811753	0.3174620892689348	1.0	0.3307999766869959	0.22402245349871694	0.15415122181790838	0.2211307726017581	0.12810748926950796	0.0892825238994817	0.20298786608060815	0.25379193782643694	0.46990208738340944	0.20718394214581443	0.27338314849179746	0.15337520598330762	0.19143613742658627	0.21503144149744577	0.3308477487079042	0.31195043148555507	0.4255753603557403	0.2761795599708856	1.0	0.17836405004283024	0.14861334276672078	0.24289755751397638	0.17597181531992867	0.33281480666455604	0.5819274293967763	0.180202491796853	0.2994451732338917	0.19792531076731879	0.0	0.18239521009621146	0.5607371342276144	0.16892551766834987
pl	0.3460520384122446	0.27771349597299916	1.0	0.7433742886544917	0.21700791401590447	0.1598676344545517	0.20761574754768708	0.1367228260825228	0.09762190339798206	0.19714170193786323	0.2393746203016063	0.7863954451402115	0.199350935027558	0.24707267324570234	0.1542968953407621	0.18089600926918073	0.2041394912606109	0.28324372189468355	0.31967639997574865	0.43444589992781724	0.5710966673980675	0.17836405004283024	1.0	0.15474018505972892	0.2282809189644023	0.17171733120093344	0.38689718639659976	0.728099120889861	0.18975867050298054	0.26712360423547016	0.2010126857134416	0.0	0.19148059827897315	0.7234532828151787	0.17267184906665786
pt	0.31839990315143873	0.22259272063958027	1.0	0.6290066987253158	0.17072873948270897	0.14265962174657915	0.1751265470498156	0.12486865187126321	0.09103762148941139	0.16772869391017328	0.18841283372008197	0.7863954451402115	0.1730850753508266	0.1752863000775726	0.14023151830486602	0.16365604621593396	0.17241306899468162	0.2065432505816745	0.2718194086822014	0.43662490714085134	0.39947823482410666	0.14861334276672078	0.15474018505972892	1.0	0.18952094784445964	0.1552387647611215	0.5138142872469766	1.0	0.15297778101189302	0.20600366687716498	0.16939199211503947	0.0	0.16347392245623935	0.7234532828151788	0.1540844458189562
ro	0.30199038769229064	0.45258064284425875	1.0	0.453039982403646	0.28876305140197156	0.20016665607010403	0.2759187676749235	0.17176207995547774	0.1340107397529453	0.29671459314903853	0.3343605753268359	0.40899771065066015	0.2636358831632001	0.37418958967422555	0.19859746640196424	0.23928283311478463	0.27531048619633514	0.517517690449928	0.35593522028659313	0.29189699754401005	0.5038044484842726	0.24289755751397638	0.2282809189644023	0.18952094784445964	1.0	0.21653728956868842	0.5782296708999847	1.0	0.2262195762799074	0.4256898194441581	0.258798739982194	0.0	0.23060934129478602	1.0	0.2148207629928034
ru	0.3548688067053639	0.28121273811117525	1.0	0.7037367187522106	0.21494891416599285	0.15603378998495496	0.19967162265945892	0.13548901900702554	0.10053245079601318	0.19342325513971076	0.23140569477990164	0.7863954451402115	0.1943208493161933	0.24784260909303488	0.15632836543639034	0.17670684960170774	0.19599628220846574	0.2578466026953644	0.34399122059019266	0.4097162428540352	0.5084781900991339	0.17597181531992867	0.17171733120093344	0.1552387647611215	0.21653728956868842	1.0	0.404980667915549	1.0	0.16802724432227517	0.24957082817290044	0.19210081096529472	0.0	0.1769663373013977	1.0	0.1657788610407791
sh	0.7690990303325336	0.48563315284202263	1.0	1.0	0.351724703010887	0.24049690419947312	0.4144366211593985	0.5116814209552164	0.5114014194820763	0.35526643184168233	0.3334986222034572	1.0	0.6372028666049915	0.39410047736173676	0.3088869481955519	0.35280463463142103	0.3786951908398656	0.6238338897563704	0.5026179546642627	0.8216064286890065	0.517346181619858	0.33281480666455604	0.38689718639659976	0.5138142872469766	0.5782296708999847	0.404980667915549	1.0	1.0	0.43166400025303375	0.5070923443396054	0.3983583456459578	0.0	1.0	0.7248485669756152	0.5208497886809784
si	1.0	0.4004177962735557	0.0	1.0	0.5519463947598889	0.6030419283415578	1.0	0.32358638747097873	1.0	1.0	1.0	1.0	1.0	0.7263875964832449	0.6067454105236014	1.0	1.0	1.0	1.0	1.0	1.0	0.5819274293967763	0.728099120889861	1.0	1.0	1.0	1.0	1.0	0.7300208629885034	1.0	1.0	1.0	1.0	1.0	1.0
simple	0.2812773801600929	0.33656293967272183	1.0	0.4308507195827609	0.21505854216330844	0.17058908334074704	0.20384649026755444	0.15016536223603758	0.17087995505410283	0.18721089612074243	0.20789118052559366	0.7863954451402115	0.22478784193868093	0.306925465019252	0.16304519487827115	0.19618943620449028	0.21094821757992044	0.35722245793712265	0.4174236178165027	0.3318237417556898	0.3605739691903841	0.180202491796853	0.18975867050298054	0.15297778101189302	0.2262195762799074	0.16802724432227517	0.43166400025303375	0.7300208629885034	1.0	0.3193489252549322	0.21804618077096086	0.0	0.25325510140352764	0.728099120889861	0.17127761339327865
sr	0.6152235523558268	0.4495700791083293	1.0	0.7220700288258562	0.28646717805536953	0.21807387470313952	0.3116766826153642	0.1975203664760905	0.29641053668156375	0.3544493190823239	0.3301063946850802	0.5862379667662798	0.2994547479481977	0.3736383557449876	0.24775526958026356	0.25159059903917524	0.3181959467841732	0.483505047086767	0.384135394741373	0.4236745623657575	0.47441214366892587	0.2994451732338917	0.26712360423547016	0.20600366687716498	0.4256898194441581	0.24957082817290044	0.5070923443396054	1.0	0.3193489252549322	1.0	0.24722018726288103	0.0	0.25859257929004126	1.0	0.20780763794770085
sv	0.3320222457321621	0.25218683460565894	1.0	0.5857345761815991	0.2263142563162764	0.1798165151042674	0.22016834299641835	0.1551970250606428	0.1461784309929405	0.23397693937656816	0.24917619651659012	0.7863954451402115	0.22565510332667604	0.2477146251924423	0.18177612829070308	0.2051638570520481	0.2182319997175512	0.26679038381085196	0.3039113712763738	0.48112056852373786	0.6392073310446441	0.19792531076731879	0.2010126857134416	0.16939199211503947	0.258798739982194	0.19210081096529472	0.3983583456459578	1.0	0.21804618077096086	0.24722018726288103	1.0	0.0	0.19151707694276232	1.0	0.1827404994536432
te	0.0	0.0	0.0	0.0	0.0	0.0	0.0	0.0	0.0	0.0	0.0	0.0	0.0	0.0	0.0	0.0	0.0	0.0	0.0	0.0	0.0	0.0	0.0	0.0	0.0	0.0	0.0	1.0	0.0	0.0	0.0	0.0	0.0	1.0	0.0
vi	0.3572258992247161	0.29971813488320703	1.0	0.7584325078215763	0.1920121659166301	0.18397869728675306	0.2072229526301718	0.15281433986183585	0.1819173773080172	0.20893443781200727	0.21754532597731177	0.7863954451402115	0.19799098869207984	0.2551047833812014	0.18043334380991002	0.1853152430485826	0.18904071387139623	0.24898993963480176	0.3642226370784636	0.45312304285396354	0.4191212801078868	0.18239521009621146	0.19148059827897315	0.16347392245623935	0.23060934129478602	0.1769663373013977	1.0	1.0	0.25325510140352764	0.25859257929004126	0.19151707694276232	0.0	1.0	1.0	0.17094217080563812
war	1.0	0.35968588682267	0.0	1.0	0.47705226572063963	1.0	1.0	0.7234532828151787	1.0	0.7744097047377118	1.0	1.0	1.0	0.7234532828151788	0.5288971101299547	1.0	1.0	1.0	1.0	1.0	1.0	0.5607371342276144	0.7234532828151787	0.7234532828151788	1.0	1.0	0.7248485669756152	1.0	0.728099120889861	1.0	1.0	1.0	1.0	1.0	1.0
zh	0.3189033515627682	0.21883868124992573	1.0	0.3583459142954668	0.20581708325226142	0.15465646143339615	0.19497892546342835	0.13349115448379312	0.10442745750821947	0.18936023852657616	0.21695816776637486	0.4814135838872379	0.1960759070370041	0.21631553372603124	0.15262718624609958	0.17304890410667917	0.1871228983666768	0.2011957770236071	0.29857910152085065	0.7415734418326358	0.36117813888299694	0.16892551766834987	0.17267184906665786	0.1540844458189562	0.2148207629928034	0.1657788610407791	0.5208497886809784	1.0	0.17127761339327865	0.20780763794770085	0.1827404994536432	0.0	0.17094217080563812	1.0	1.0
