arz	bs	ceb	ckb	da	de	el	en	es	fr	he	hi	hu	id	it	ja	ko	lv	mk	ml	mr	nl	pl	pt	ro	ru	sh	si	simple	sr	sv	te	vi	war	zh
arz	1.0	1.0	0.0	1.0	0.4142135623730951	0.44948974278317805	1.0	0.26533119314590375	1.0	1.0	1.0	1.0	1.0	0.585786437626905	0.2791745113185196	1.0	1.0	1.0	1.0	1.0	1.0	0.39564392373896007	0.44948974278317805	1.0	1.0	1.0	0.585786437626905	1.0	0.44948974278317805	1.0	0.5	1.0	1.0	1.0	1.0
bs	1.0	1.0	0.0	0.5	0.13040643692604448	0.1607677430268676	0.179128784747792	0.10818788645885664	0.1512290518085545	0.14328432723886902	0.16879264089884097	0.3660254037844386	0.2216368750839041	0.14215404226100398	0.0918313700403129	0.1757340838011157	0.16462407202206505	0.26968623182294527	0.2193450929151803	0.38742588672279304	0.5	0.12153007116878985	0.15331120368114004	0.15225881209433406	0.16952084719853724	0.15384615384615385	0.1247219569701368	1.0	0.2553967929896867	0.1566130288262323	0.18336972063517498	1.0	0.18181818181818182	0.5	0.1571856809867317
ceb	0.0	0.0	1.0	0.0	1.0	1.0	1.0	0.585786437626905	1.0	1.0	1.0	1.0	1.0	1.0	1.0	1.0	1.0	1.0	1.0	0.0	1.0	1.0	1.0	1.0	1.0	1.0	1.0	0.0	1.0	1.0	1.0	0.0	1.0	0.0	1.0
ckb	1.0	0.5	0.0	1.0	1.0	1.0	1.0	1.0	1.0	0.585786437626905	1.0	1.0	1.0	0.585786437626905	0.3430703308172536	1.0	1.0	1.0	1.0	1.0	1.0	0.585786437626905	0.585786437626905	1.0	1.0	1.0	1.0	1.0	1.0	1.0	1.0	1.0	1.0	1.0	1.0
da	0.4142135623730951	0.13040643692604448	1.0	1.0	1.0	0.010052609266770943	0.0224297542346097	0.01611236612514889	0.009486711630588259	0.009711460863325737	0.012875836816312386	0.07001026624430583	0.01897998063777194	0.010886303318153509	0.01639808811552391	0.01128154216991879	0.011273140818609449	0.03486492120207761	0.07404117477921998	0.1209147179063303	0.12102259948148744	0.013122609410877737	0.01131144972469419	0.010049366608503916	0.014500234979887661	0.008736245053465463	0.013082680156861275	0.3430703308172536	0.027703560057177414	0.011364126442177502	0.01013978003677601	0.585786437626905	0.014349534946494841	0.585786437626905	0.010336370608062159
de	0.44948974278317805	0.1607677430268676	1.0	1.0	0.010052609266770943	1.0	0.14732056773523425	0.003369767955443975	0.023308930420569904	0.004822765485690295	0.08977439572209492	0.2708131845707603	0.1268268489487802	0.013571015397758034	0.004224099390040462	0.06475844160275354	0.0689312905916282	0.1907435698305462	0.26533119314590375	0.36602540378443865	0.5	0.005697311524127613	0.02287080808697027	0.009491074108666106	0.1140024190419222	0.023419302391424597	0.033085916481703295	1.0	0.15022110482233483	0.06891407869107215	0.027499538477373176	1.0	0.12178632452799958	1.0	0.06972691561653295
el	1.0	0.179128784747792	1.0	1.0	0.0224297542346097	0.14732056773523425	1.0	0.008163529759088952	0.10362021916353029	0.058008535680507164	1.0	1.0	1.0	0.06774633524082788	0.008597920110390305	1.0	1.0	0.5	1.0	1.0	1.0	0.017619370336788728	0.09640213619950164	0.07434999738953722	0.4142135623730951	1.0	0.07667774013050205	1.0	0.21712927295533244	0.585786437626905	0.09963174968368561	1.0	1.0	1.0	1.0
en	0.26533119314590375	0.10818788645885664	0.585786437626905	1.0	0.01611236612514889	0.003369767955443975	0.008163529759088952	1.0	0.002860769186965024	0.00636380185199734	0.006280152898051277	0.049456518665540745	0.008409634080549781	0.005522887650980477	0.021966854949185426	0.004370832316350183	0.0047312817306133445	0.03156783678332547	0.015094254753542912	0.10815240673485554	0.09156572161301857	0.015268358362900842	0.00409756439050474	0.005589422915272971	0.008212193432290144	0.002516159008522457	0.005987261562258612	0.32449979983983984	0.019388469712732018	0.0044423365742420765	0.005534461132443403	0.44948974278317805	0.006441309089633089	0.44948974278317805	0.0047697221758151226
es	1.0	0.1512290518085545	1.0	1.0	0.009486711630588259	0.023308930420569904	0.10362021916353029	0.002860769186965024	1.0	0.003726809085489657	0.06778318327446464	0.2535548202751238	0.11497686110163649	0.006620212040042058	0.0035357131376813795	0.062241235280174174	0.055325040802442965	0.21551468935838852	0.1876127897984334	0.38742588672279304	0.27429188517743175	0.005126885203782426	0.02167198926968464	0.0048800913927191675	0.09926768515423114	0.014883143151935608	0.018792553604164396	1.0	0.11907316337693592	0.04472660253773712	0.020431231750859334	1.0	0.09461367975403265	1.0	0.053531764218711364
fr	1.0	0.14328432723886902	1.0	0.585786437626905	0.009711460863325737	0.004822765485690295	0.058008535680507164	0.00636380185199734	0.003726809085489657	1.0	0.028123127920599157	0.1774053291584318	0.05902735236317969	0.005769558247818415	0.006060343830345351	0.010215425334117201	0.008105934877410898	0.14268739470996925	0.08823529411764705	0.18181818181818182	0.2791745113185196	0.005972068180542582	0.006269696974964475	0.005097557810907999	0.06055281325838882	0.0031363610693280215	0.017554706447054754	0.585786437626905	0.09308062970302404	0.007491953873858777	0.008632222105870321	0.585786437626905	0.041056103406061986	0.5	0.010437226686360193
he	1.0	0.16879264089884097	1.0	1.0	0.012875836816312386	0.08977439572209492	1.0	0.006280152898051277	0.06778318327446464	0.028123127920599157	1.0	1.0	0.5	0.03846422836553612	0.006827676478284264	1.0	1.0	0.44948974278317805	1.0	1.0	1.0	0.010091361035679295	0.06780705896206128	0.03074196709748402	0.34833147735478825	1.0	0.06322284925104027	1.0	0.16666666666666666	0.44948974278317805	0.055638268109922305	1.0	1.0	1.0	1.0
hi	1.0	0.3660254037844386	1.0	1.0	0.07001026624430583	0.2708131845707603	1.0	0.049456518665540745	0.2535548202751238	0.1774053291584318	1.0	1.0	1.0	0.1571856809867317	0.041026612711152106	1.0	1.0	1.0	1.0	1.0	1.0	0.1259030081161846	0.23441237831492112	0.17100799366294794	1.0	1.0	0.21498516621900873	1.0	0.2474401533514073	0.585786437626905	0.22772999919644132	1.0	1.0	1.0	1.0
hu	1.0	0.2216368750839041	1.0	1.0	0.01897998063777194	0.1268268489487802	1.0	0.008409634080549781	0.11497686110163649	0.05902735236317969	0.5	1.0	1.0	0.06742577152714706	0.01002317900765972	0.5	0.585786437626905	0.5	1.0	1.0	1.0	0.016708380839664135	0.1113692468466577	0.0797576594831737	0.34833147735478825	0.44948974278317805	0.11383557353039307	1.0	0.26533119314590375	0.2843646522044218	0.0989973355721063	1.0	0.585786437626905	1.0	0.5
id	0.585786437626905	0.14215404226100398	1.0	0.585786437626905	0.010886303318153509	0.013571015397758034	0.06774633524082788	0.005522887650980477	0.006620212040042058	0.005769558247818415	0.03846422836553612	0.1571856809867317	0.06742577152714706	1.0	0.005504796443210602	0.03212800300976131	0.022692265842175482	0.1765633506768389	0.1571856809867317	0.22646721143623746	0.25	0.006870252568026115	0.016898903432515638	0.0063766985946884965	0.05623449228033796	0.0053890951204728565	0.030559692348780188	0.585786437626905	0.10014510102696031	0.023855748059262712	0.023618766788281103	0.585786437626905	0.058855996277218145	0.4364916731037085	0.017864394515841084
it	0.2791745113185196	0.0918313700403129	1.0	0.3430703308172536	0.01639808811552391	0.004224099390040462	0.008597920110390305	0.021966854949185426	0.0035357131376813795	0.006060343830345351	0.006827676478284264	0.041026612711152106	0.01002317900765972	0.005504796443210602	1.0	0.005101406850621532	0.005442597274367116	0.04842942974176867	0.017101917590704903	0.06741531551070613	0.047197071938691736	0.013522525999155405	0.004488072148631021	0.005281274723933752	0.009099994801547759	0.0030938745290517693	0.006747133104303115	0.585786437626905	0.02064799797128472	0.004913399874504389	0.006068395919038259	0.39564392373896007	0.008874955880905493	0.30216947925196225	0.005554962937278123
ja	1.0	0.1757340838011157	1.0	1.0	0.01128154216991879	0.06475844160275354	1.0	0.004370832316350183	0.062241235280174174	0.010215425334117201	1.0	1.0	0.5	0.03212800300976131	0.005101406850621532	1.0	1.0	0.44948974278317805	1.0	1.0	1.0	0.006742714195846088	0.05601519274329582	0.02025164108898805	0.3660254037844386	1.0	0.04478917794260589	1.0	0.1467614860213248	0.44948974278317805	0.04724730895279343	1.0	1.0	1.0	1.0
ko	1.0	0.16462407202206505	1.0	1.0	0.011273140818609449	0.0689312905916282	1.0	0.0047312817306133445	0.055325040802442965	0.008105934877410898	1.0	1.0	0.585786437626905	0.022692265842175482	0.005442597274367116	1.0	1.0	0.44948974278317805	1.0	1.0	1.0	0.007722703879454011	0.04760359454013329	0.01852978749907007	0.2989350844248255	1.0	0.05134435906544804	1.0	0.14942992956379245	0.3660254037844386	0.03148806032138214	1.0	1.0	1.0	1.0
lv	1.0	0.26968623182294527	1.0	1.0	0.03486492120207761	0.1907435698305462	0.5	0.03156783678332547	0.21551468935838852	0.14268739470996925	0.44948974278317805	1.0	0.5	0.1765633506768389	0.04842942974176867	0.44948974278317805	0.44948974278317805	1.0	0.585786437626905	1.0	1.0	0.10277408462114013	0.21594030529939418	0.1566130288262323	0.44948974278317805	0.4142135623730951	0.18400240527946554	1.0	0.3660254037844386	0.5	0.21712927295533244	1.0	0.585786437626905	1.0	0.44948974278317805
mk	1.0	0.2193450929151803	1.0	1.0	0.07404117477921998	0.26533119314590375	1.0	0.015094254753542912	0.1876127897984334	0.08823529411764705	1.0	1.0	1.0	0.1571856809867317	0.017101917590704903	1.0	1.0	0.585786437626905	1.0	1.0	1.0	0.10653601562893387	0.1918253663634734	0.13209805015357332	0.44948974278317805	1.0	0.10791679967957667	1.0	0.38742588672279304	1.0	0.14319856668565048	1.0	1.0	1.0	1.0
ml	1.0	0.38742588672279304	0.0	1.0	0.1209147179063303	0.36602540378443865	1.0	0.10815240673485554	0.38742588672279304	0.18181818181818182	1.0	1.0	1.0	0.22646721143623746	0.06741531551070613	1.0	1.0	1.0	1.0	1.0	1.0	0.18001097668719743	0.25728427444747215	0.2187841884486319	1.0	1.0	0.3660254037844386	1.0	0.27429188517743175	1.0	0.27429188517743175	1.0	1.0	1.0	1.0
mr	1.0	0.5	1.0	1.0	0.12102259948148744	0.5	1.0	0.09156572161301857	0.27429188517743175	0.2791745113185196	1.0	1.0	1.0	0.25	0.047197071938691736	1.0	1.0	1.0	1.0	1.0	1.0	0.18822566650963435	0.3090169943749474	0.2474401533514073	1.0	1.0	0.3333333333333333	1.0	0.44948974278317805	0.585786437626905	0.28989794855663564	1.0	1.0	1.0	1.0
nl	0.39564392373896007	0.12153007116878985	1.0	0.585786437626905	0.013122609410877737	0.005697311524127613	0.017619370336788728	0.015268358362900842	0.005126885203782426	0.005972068180542582	0.010091361035679295	0.1259030081161846	0.016708380839664135	0.006870252568026115	0.013522525999155405	0.006742714195846088	0.007722703879454011	0.10277408462114013	0.10653601562893387	0.18001097668719743	0.18822566650963435	1.0	0.006976387266832588	0.006354986280548656	0.0154378058701144	0.005069597993391208	0.009199896587741497	0.44948974278317805	0.07510973181029341	0.006453939828746769	0.008602885840210564	0.5	0.014441525118914321	0.5	0.007625859895214539
pl	0.44948974278317805	0.15331120368114004	1.0	0.585786437626905	0.01131144972469419	0.02287080808697027	0.09640213619950164	0.00409756439050474	0.02167198926968464	0.006269696974964475	0.06780705896206128	0.23441237831492112	0.1113692468466577	0.016898903432515638	0.004488072148631021	0.05601519274329582	0.04760359454013329	0.21594030529939418	0.1918253663634734	0.25728427444747215	0.3090169943749474	0.006976387266832588	1.0	0.011851865066233317	0.0972516658758851	0.014815021096154114	0.04324548703256689	0.585786437626905	0.12368284214567765	0.04698611784850978	0.033658447148644424	0.5	0.08510872257961453	0.4364916731037085	0.04118692291163164
pt	1.0	0.15225881209433406	1.0	1.0	0.010049366608503916	0.009491074108666106	0.07434999738953722	0.005589422915272971	0.0048800913927191675	0.005097557810907999	0.03074196709748402	0.17100799366294794	0.0797576594831737	0.0063766985946884965	0.005281274723933752	0.02025164108898805	0.01852978749907007	0.1566130288262323	0.13209805015357332	0.2187841884486319	0.2474401533514073	0.006354986280548656	0.011851865066233317	1.0	0.06505317125614087	0.004266404408049403	0.01927000740537834	0.585786437626905	0.10562355377661414	0.012342838792313742	0.016100546824418062	0.585786437626905	0.04553422377329664	0.585786437626905	0.0169078920177038
ro	1.0	0.16952084719853724	1.0	1.0	0.014500234979887661	0.1140024190419222	0.4142135623730951	0.008212193432290144	0.09926768515423114	0.06055281325838882	0.34833147735478825	1.0	0.34833147735478825	0.05623449228033796	0.009099994801547759	0.3660254037844386	0.2989350844248255	0.44948974278317805	0.44948974278317805	1.0	1.0	0.0154378058701144	0.0972516658758851	0.06505317125614087	1.0	0.2898979485566356	0.07732348441494105	1.0	0.23166247903554	0.3203772410170407	0.08996046648350998	1.0	0.3660254037844386	1.0	0.3203772410170407
ru	1.0	0.15384615384615385	1.0	1.0	0.008736245053465463	0.023419302391424597	1.0	0.002516159008522457	0.014883143151935608	0.0031363610693280215	1.0	1.0	0.44948974278317805	0.0053890951204728565	0.0030938745290517693	1.0	1.0	0.4142135623730951	1.0	1.0	1.0	0.005069597993391208	0.014815021096154114	0.004266404408049403	0.2898979485566356	1.0	0.014593897506700081	1.0	0.13312870141159136	0.2193450929151803	0.012171323282686202	1.0	1.0	1.0	1.0
sh	0.585786437626905	0.1247219569701368	1.0	1.0	0.013082680156861275	0.033085916481703295	0.07667774013050205	0.005987261562258612	0.018792553604164396	0.017554706447054754	0.06322284925104027	0.21498516621900873	0.11383557353039307	0.030559692348780188	0.006747133104303115	0.04478917794260589	0.05134435906544804	0.18400240527946554	0.10791679967957667	0.3660254037844386	0.3333333333333333	0.009199896587741497	0.04324548703256689	0.01927000740537834	0.07732348441494105	0.014593897506700081	1.0	1.0	0.1591438697727227	0.02079837252749809	0.052718627102354754	1.0	0.09488213349077174	0.5	0.048455864508691535
si	1.0	1.0	0.0	1.0	0.3430703308172536	1.0	1.0	0.32449979983983984	1.0	0.585786437626905	1.0	1.0	1.0	0.585786437626905	0.585786437626905	1.0	1.0	1.0	1.0	1.0	1.0	0.44948974278317805	0.585786437626905	0.585786437626905	1.0	1.0	1.0	1.0	0.3797958971132712	1.0	1.0	1.0	1.0	1.0	1.0
simple	0.44948974278317805	0.2553967929896867	1.0	1.0	0.027703560057177414	0.15022110482233483	0.21712927295533244	0.019388469712732018	0.11907316337693592	0.09308062970302404	0.16666666666666666	0.2474401533514073	0.26533119314590375	0.10014510102696031	0.02064799797128472	0.1467614860213248	0.14942992956379245	0.3660254037844386	0.38742588672279304	0.27429188517743175	0.44948974278317805	0.07510973181029341	0.12368284214567765	0.10562355377661414	0.23166247903554	0.13312870141159136	0.1591438697727227	0.3797958971132712	1.0	0.15730101423796208	0.12339601393830958	0.585786437626905	0.17011071785351697	1.0	0.1506217166217102
sr	1.0	0.1566130288262323	1.0	1.0	0.011364126442177502	0.06891407869107215	0.585786437626905	0.0044423365742420765	0.04472660253773712	0.007491953873858777	0.44948974278317805	0.585786437626905	0.2843646522044218	0.023855748059262712	0.004913399874504389	0.44948974278317805	0.3660254037844386	0.5	1.0	1.0	0.585786437626905	0.006453939828746769	0.04698611784850978	0.012342838792313742	0.3203772410170407	0.2193450929151803	0.02079837252749809	1.0	0.15730101423796208	1.0	0.05225736165908564	1.0	0.38742588672279304	1.0	0.2612038749637414
sv	0.5	0.18336972063517498	1.0	1.0	0.01013978003677601	0.027499538477373176	0.09963174968368561	0.005534461132443403	0.020431231750859334	0.008632222105870321	0.055638268109922305	0.22772999919644132	0.0989973355721063	0.023618766788281103	0.006068395919038259	0.04724730895279343	0.03148806032138214	0.21712927295533244	0.14319856668565048	0.27429188517743175	0.28989794855663564	0.008602885840210564	0.033658447148644424	0.016100546824418062	0.08996046648350998	0.012171323282686202	0.052718627102354754	1.0	0.12339601393830958	0.05225736165908564	1.0	1.0	0.10327039433383017	1.0	0.040173358253382425
te	1.0	1.0	0.0	1.0	0.585786437626905	1.0	1.0	0.44948974278317805	1.0	0.585786437626905	1.0	1.0	1.0	0.585786437626905	0.39564392373896007	1.0	1.0	1.0	1.0	1.0	1.0	0.5	0.5	0.585786437626905	1.0	1.0	1.0	1.0	0.585786437626905	1.0	1.0	1.0	1.0	1.0	1.0
vi	1.0	0.18181818181818182	1.0	1.0	0.014349534946494841	0.12178632452799958	1.0	0.006441309089633089	0.09461367975403265	0.041056103406061986	1.0	1.0	0.585786437626905	0.058855996277218145	0.008874955880905493	1.0	1.0	0.585786437626905	1.0	1.0	1.0	0.014441525118914321	0.08510872257961453	0.04553422377329664	0.3660254037844386	1.0	0.09488213349077174	1.0	0.17011071785351697	0.38742588672279304	0.10327039433383017	1.0	1.0	1.0	1.0
war	1.0	0.5	0.0	1.0	0.585786437626905	1.0	1.0	0.44948974278317805	1.0	0.5	1.0	1.0	1.0	0.4364916731037085	0.30216947925196225	1.0	1.0	1.0	1.0	1.0	1.0	0.5	0.4364916731037085	0.585786437626905	1.0	1.0	0.5	1.0	1.0	1.0	1.0	1.0	1.0	1.0	1.0
zh	1.0	0.1571856809867317	1.0	1.0	0.010336370608062159	0.06972691561653295	1.0	0.0047697221758151226	0.053531764218711364	0.010437226686360193	1.0	1.0	0.5	0.017864394515841084	0.005554962937278123	1.0	1.0	0.44948974278317805	1.0	1.0	1.0	0.007625859895214539	0.04118692291163164	0.0169078920177038	0.3203772410170407	1.0	0.048455864508691535	1.0	0.1506217166217102	0.2612038749637414	0.040173358253382425	1.0	1.0	1.0	1.0
