arz	bs	ceb	ckb	da	de	el	en	es	fr	he	hi	hu	id	it	ja	ko	lv	mk	ml	mr	nl	pl	pt	ro	ru	sh	si	simple	sr	sv	te	tr	vi	war	zh
arz	1.0	1.0	0.9164557673056719	1.0	1.0	1.0	1.0	1.0	1.0	1.0	1.0	1.0	1.0	1.0	1.0	1.0	1.0	1.0	0.0	1.0	1.0	1.0	1.0	1.0	1.0	1.0	1.0	0.0	1.0	1.0	1.0	1.0	1.0	1.0	1.0	1.0
bs	1.0	1.0	0.7584612775032967	1.0	1.0	0.680329609414627	1.0	0.5744284027918679	0.5744284027918679	0.6590675637199679	0.7584325078215763	1.0	1.0	0.4308507195827609	0.5350517408361362	1.0	0.7690990303325336	1.0	1.0	1.0	1.0	0.6624525348502385	0.6391906500312812	0.660489913725291	1.0	0.5744284027918679	0.4747569503247781	0.0	1.0	0.5330364113289163	0.7510341748895938	1.0	0.40228924367201546	1.0	1.0	0.7510341748895938
ceb	0.9164557673056719	0.7584612775032967	1.0	0.7992350742296948	0.7418843845587347	0.7109211941068395	0.793956007457671	0.6166118964179089	0.6509341166664405	0.630892871080948	0.7961881497102319	0.8009990400801038	0.4384798757232336	0.7094340084795335	0.7782201672332962	0.793956007457671	0.7939560074576708	0.5530945625439627	0.7992350742296948	0.7992350742296948	0.7992350742296948	0.7699281203469155	0.7312569762772063	0.33130507228059924	0.742765873172945	0.7939560074576708	0.32158225282509817	0.8710213036877547	0.7650318505484696	0.7961881497102319	0.665286850689477	0.8117583127778518	-1.0	0.6698403077337057	0.4462446933895745	0.24670943162723655
ckb	1.0	1.0	0.7992350742296948	1.0	1.0	1.0	1.0	1.0	1.0	1.0	1.0	1.0	1.0	1.0	1.0	1.0	1.0	1.0	1.0	1.0	1.0	1.0	1.0	1.0	1.0	1.0	1.0	0.0	1.0	1.0	1.0	1.0	0.7863954451402115	1.0	1.0	1.0
da	1.0	1.0	0.7418843845587347	1.0	1.0	0.728099120889861	1.0	0.5944614612750622	0.6030419283415576	0.5969819612641136	1.0	1.0	1.0	0.43526109167898114	0.6293677998453338	1.0	1.0	1.0	1.0	1.0	1.0	0.7300208629885034	0.6740147761467677	1.0	1.0	1.0	0.3575146597831248	1.0	0.7455134344225701	0.6538836485984503	1.0	1.0	0.5716990627723506	0.7411828468492556	1.0	1.0
de	1.0	0.680329609414627	0.7109211941068395	1.0	0.728099120889861	1.0	1.0	0.15519958181459492	0.21117969430267675	0.2591774602931092	0.718925811717485	1.0	1.0	0.38231970972412016	0.3505477978904163	0.5754285044535221	0.7210092110599263	1.0	1.0	1.0	1.0	0.3736857175527271	0.3500707144690905	0.21738142910739902	1.0	0.38119494068394383	0.36171031876465715	1.0	0.6638546162332061	0.3440441750224703	0.33226099157292777	1.0	0.2552708904243611	1.0	1.0	0.6423162003593036
el	1.0	1.0	0.793956007457671	1.0	1.0	1.0	1.0	1.0	1.0	1.0	1.0	1.0	1.0	0.42489828324440815	0.7455134344225701	1.0	1.0	1.0	1.0	1.0	1.0	1.0	0.7411828468492556	1.0	1.0	1.0	0.8428085291297184	1.0	1.0	1.0	1.0	1.0	0.7106922308883378	1.0	1.0	1.0
en	1.0	0.5744284027918679	0.6166118964179089	1.0	0.5944614612750622	0.15519958181459492	1.0	1.0	0.1378418658522451	0.16313614925271858	0.5287053747512639	1.0	0.7263875964832448	0.3495656159332477	0.18126840088146642	0.3065156761843194	0.6501445840862393	1.0	1.0	1.0	1.0	0.33295675209957615	0.11941929959672984	0.1416655994879331	0.5855771169446181	0.32297630135227434	0.36128187893156205	1.0	0.5631085402657148	0.3274636783948155	0.2856100099277067	1.0	0.2790054221126394	0.5769005005202821	1.0	0.3482641233221338
es	1.0	0.5744284027918679	0.6509341166664405	1.0	0.6030419283415576	0.21117969430267675	1.0	0.1378418658522451	1.0	0.2912208324162513	0.3602660261967577	1.0	0.7322034805959264	0.3147839255046165	0.2856005318211121	0.7122412578101112	0.7210092110599263	1.0	1.0	1.0	1.0	0.38572472988987694	0.28081497905647285	0.1935957266213686	0.37832830123443745	0.3927059306535722	0.3830494120244837	1.0	0.6638546162332061	0.41749534638766267	0.4212650354293898	1.0	0.4014356110037671	0.38255811498770237	1.0	0.47650916440014024
fr	1.0	0.6590675637199679	0.630892871080948	1.0	0.5969819612641136	0.2591774602931092	1.0	0.16313614925271858	0.2912208324162513	1.0	0.7210092110599264	1.0	1.0	0.3802042467578962	0.31042278375235777	0.6406217872018793	0.7248485669756152	1.0	1.0	1.0	1.0	0.360858882248017	0.33144736108879974	0.19825631304875865	0.7221793916855704	0.566326437971421	0.3638676028526223	1.0	0.6701591524560105	0.5003198901209998	0.49653597120446774	1.0	0.3472333264368832	0.7199285383279772	1.0	0.6414463581614515
he	1.0	0.7584325078215763	0.7961881497102319	1.0	1.0	0.718925811717485	1.0	0.5287053747512639	0.3602660261967577	0.7210092110599264	1.0	1.0	1.0	0.41055547717987523	0.653200231972572	1.0	1.0	1.0	1.0	1.0	1.0	0.7234532828151787	0.7710370547764414	0.2832982694050226	1.0	1.0	0.3820091098547733	1.0	0.7322034805959264	0.5499261341452261	0.6638546162332061	1.0	0.7455134344225701	1.0	1.0	1.0
hi	1.0	1.0	0.8009990400801038	1.0	1.0	1.0	1.0	1.0	1.0	1.0	1.0	1.0	1.0	0.43526109167898114	0.7455134344225701	1.0	1.0	1.0	1.0	1.0	1.0	1.0	0.7411828468492556	1.0	1.0	1.0	0.8428085291297184	1.0	1.0	0.7510341748895938	1.0	1.0	0.74551343442257	1.0	1.0	1.0
hu	1.0	1.0	0.4384798757232336	1.0	1.0	1.0	1.0	0.7263875964832448	0.7322034805959264	1.0	1.0	1.0	1.0	0.44930756545688116	1.0	1.0	1.0	1.0	1.0	1.0	1.0	1.0	0.7300208629885034	0.6468909830471344	1.0	1.0	0.37147361479977936	1.0	0.7376607345031153	0.7510341748895937	1.0	1.0	1.0	1.0	1.0	0.7347168825662658
id	1.0	0.4308507195827609	0.7094340084795335	1.0	0.43526109167898114	0.38231970972412016	0.42489828324440815	0.3495656159332477	0.3147839255046165	0.3802042467578962	0.41055547717987523	0.43526109167898114	0.44930756545688116	1.0	0.38280859240094584	0.41691170415342604	0.41055547717987523	0.44930756545688116	1.0	1.0	1.0	0.40537003198728544	0.38748272509441994	0.38231970972412016	0.41691170415342604	0.39740733051235566	0.41789968767414243	1.0	0.43526109167898114	0.42489828324440826	0.41055547717987523	1.0	0.34860653747534287	0.41691170415342604	1.0	0.41691170415342604
it	1.0	0.5350517408361362	0.7782201672332962	1.0	0.6293677998453338	0.3505477978904163	0.7455134344225701	0.18126840088146642	0.2856005318211121	0.31042278375235777	0.653200231972572	0.7455134344225701	1.0	0.38280859240094584	1.0	0.5677162923123092	0.6589257440209709	1.0	0.7584325078215763	1.0	1.0	0.3417461710306111	0.2896800632412235	0.22350310155015654	1.0	0.494286395290691	0.34735703087988423	1.0	0.6638546162332061	0.48045252358457163	0.565386545406937	1.0	0.29753843445677125	0.6549329476340925	1.0	0.6442100898340133
ja	1.0	1.0	0.793956007457671	1.0	1.0	0.5754285044535221	1.0	0.3065156761843194	0.7122412578101112	0.6406217872018793	1.0	1.0	1.0	0.41691170415342604	0.5677162923123092	1.0	1.0	1.0	1.0	1.0	1.0	0.7199285383279773	0.5754285044535222	0.48885479241107943	1.0	1.0	0.43996514144204	1.0	0.7322034805959264	0.6701591524560105	0.7210092110599264	1.0	0.4854274436129746	1.0	1.0	1.0
ko	1.0	0.7690990303325336	0.7939560074576708	1.0	1.0	0.7210092110599263	1.0	0.6501445840862393	0.7210092110599263	0.7248485669756152	1.0	1.0	1.0	0.41055547717987523	0.6589257440209709	1.0	1.0	1.0	1.0	1.0	1.0	0.6638546162332061	0.7248485669756152	0.5385248569497161	1.0	1.0	0.5038044450830572	1.0	1.0	0.6701591524560107	0.6254303192325078	1.0	0.5643747533284127	1.0	1.0	1.0
lv	1.0	1.0	0.5530945625439627	1.0	1.0	1.0	1.0	1.0	1.0	1.0	1.0	1.0	1.0	0.44930756545688116	1.0	1.0	1.0	1.0	1.0	1.0	1.0	1.0	1.0	1.0	1.0	1.0	0.8428085291297184	1.0	1.0	1.0	1.0	1.0	0.517776268321252	1.0	1.0	1.0
mk	0.0	1.0	0.7992350742296948	1.0	1.0	1.0	1.0	1.0	1.0	1.0	1.0	1.0	1.0	1.0	0.7584325078215763	1.0	1.0	1.0	1.0	0.0	1.0	1.0	0.7584325078215763	1.0	1.0	1.0	0.8125806012482828	0.0	1.0	1.0	1.0	0.0	1.0	1.0	0.0	1.0
ml	1.0	1.0	0.7992350742296948	1.0	1.0	1.0	1.0	1.0	1.0	1.0	1.0	1.0	1.0	1.0	1.0	1.0	1.0	1.0	0.0	1.0	1.0	1.0	1.0	0.7863954451402115	1.0	1.0	0.8755395908437883	1.0	1.0	1.0	1.0	1.0	0.7376607345031153	1.0	1.0	1.0
mr	1.0	1.0	0.7992350742296948	1.0	1.0	1.0	1.0	1.0	1.0	1.0	1.0	1.0	1.0	1.0	1.0	1.0	1.0	1.0	1.0	1.0	1.0	1.0	1.0	1.0	1.0	1.0	0.7863954451402115	1.0	1.0	1.0	1.0	1.0	1.0	1.0	1.0	1.0
nl	1.0	0.6624525348502385	0.7699281203469155	1.0	0.7300208629885034	0.3736857175527271	1.0	0.33295675209957615	0.38572472988987694	0.360858882248017	0.7234532828151787	1.0	1.0	0.40537003198728544	0.3417461710306111	0.7199285383279773	0.6638546162332061	1.0	1.0	1.0	1.0	1.0	0.3926959119618682	0.23947655975740348	0.7263875964832448	0.5090237679506524	0.3785621120881562	1.0	0.6070269561668532	0.6254567876405887	0.514274901083246	1.0	0.32657033924382534	1.0	1.0	0.5261475665643555
pl	1.0	0.6391906500312812	0.7312569762772063	1.0	0.6740147761467677	0.3500707144690905	0.7411828468492556	0.11941929959672984	0.28081497905647285	0.33144736108879974	0.7710370547764414	0.7411828468492556	0.7300208629885034	0.38748272509441994	0.2896800632412235	0.5754285044535222	0.7248485669756152	1.0	0.7584325078215763	1.0	1.0	0.3926959119618682	1.0	0.26950180386317674	0.6443242360956813	0.42823220486432956	0.3515103733207331	1.0	0.6667969795412325	0.41021351157929176	0.48908500344649697	1.0	0.336137575344469	0.7199285383279772	1.0	0.5505854873933674
pt	1.0	0.660489913725291	0.33130507228059924	1.0	1.0	0.21738142910739902	1.0	0.1416655994879331	0.1935957266213686	0.19825631304875865	0.2832982694050226	1.0	0.6468909830471344	0.38231970972412016	0.22350310155015654	0.48885479241107943	0.5385248569497161	1.0	1.0	0.7863954451402115	1.0	0.23947655975740348	0.26950180386317674	1.0	1.0	0.23515029573983853	0.38185025343780993	1.0	0.5768315136655064	0.44851376257056746	0.26909029549693486	0.8216064286890065	0.3751052711790005	1.0	1.0	0.26220262327492766
ro	1.0	1.0	0.742765873172945	1.0	1.0	1.0	1.0	0.5855771169446181	0.37832830123443745	0.7221793916855704	1.0	1.0	1.0	0.41691170415342604	1.0	1.0	1.0	1.0	1.0	1.0	1.0	0.7263875964832448	0.6443242360956813	1.0	1.0	1.0	0.6023570823171425	1.0	0.74551343442257	0.6786291688147438	1.0	1.0	0.7510341748895938	1.0	1.0	1.0
ru	1.0	0.5744284027918679	0.7939560074576708	1.0	1.0	0.38119494068394383	1.0	0.32297630135227434	0.3927059306535722	0.566326437971421	1.0	1.0	1.0	0.39740733051235566	0.494286395290691	1.0	1.0	1.0	1.0	1.0	1.0	0.5090237679506524	0.42823220486432956	0.23515029573983853	1.0	1.0	0.4873629082548457	1.0	0.7300208629885034	0.553597750767838	0.5207149856945882	1.0	0.37614192129426954	1.0	1.0	1.0
sh	1.0	0.4747569503247781	0.32158225282509817	1.0	0.3575146597831248	0.36171031876465715	0.8428085291297184	0.36128187893156205	0.3830494120244837	0.3638676028526223	0.3820091098547733	0.8428085291297184	0.37147361479977936	0.41789968767414243	0.34735703087988423	0.43996514144204	0.5038044450830572	0.8428085291297184	0.8125806012482828	0.8755395908437883	0.7863954451402115	0.3785621120881562	0.3515103733207331	0.38185025343780993	0.6023570823171425	0.4873629082548457	1.0	1.0	0.32766119338090466	0.38571043133752975	0.4141333368585645	1.0	0.3259874860358311	0.45003559255291276	1.0	0.4320081433823219
si	0.0	0.0	0.8710213036877547	0.0	1.0	1.0	1.0	1.0	1.0	1.0	1.0	1.0	1.0	1.0	1.0	1.0	1.0	1.0	0.0	1.0	1.0	1.0	1.0	1.0	1.0	1.0	1.0	1.0	1.0	1.0	1.0	0.0	1.0	1.0	0.0	1.0
simple	1.0	1.0	0.7650318505484696	1.0	0.7455134344225701	0.6638546162332061	1.0	0.5631085402657148	0.6638546162332061	0.6701591524560105	0.7322034805959264	1.0	0.7376607345031153	0.43526109167898114	0.6638546162332061	0.7322034805959264	1.0	1.0	1.0	1.0	1.0	0.6070269561668532	0.6667969795412325	0.5768315136655064	0.74551343442257	0.7300208629885034	0.32766119338090466	1.0	1.0	0.7411828468492555	0.7322034805959264	1.0	0.48087323109850527	0.7411828468492555	1.0	0.6740515375688697
sr	1.0	0.5330364113289163	0.7961881497102319	1.0	0.6538836485984503	0.3440441750224703	1.0	0.3274636783948155	0.41749534638766267	0.5003198901209998	0.5499261341452261	0.7510341748895938	0.7510341748895937	0.42489828324440826	0.48045252358457163	0.6701591524560105	0.6701591524560107	1.0	1.0	1.0	1.0	0.6254567876405887	0.41021351157929176	0.44851376257056746	0.6786291688147438	0.553597750767838	0.38571043133752975	1.0	0.7411828468492555	1.0	0.46237481600901204	1.0	0.6044414021866646	0.5983349109117907	1.0	0.5982000748211033
sv	1.0	0.7510341748895938	0.665286850689477	1.0	1.0	0.33226099157292777	1.0	0.2856100099277067	0.4212650354293898	0.49653597120446774	0.6638546162332061	1.0	1.0	0.41055547717987523	0.565386545406937	0.7210092110599264	0.6254303192325078	1.0	1.0	1.0	1.0	0.514274901083246	0.48908500344649697	0.26909029549693486	1.0	0.5207149856945882	0.4141333368585645	1.0	0.7322034805959264	0.46237481600901204	1.0	1.0	0.490454052347133	1.0	1.0	0.6102470946685321
te	1.0	1.0	0.8117583127778518	1.0	1.0	1.0	1.0	1.0	1.0	1.0	1.0	1.0	1.0	1.0	1.0	1.0	1.0	1.0	0.0	1.0	1.0	1.0	1.0	0.8216064286890065	1.0	1.0	1.0	0.0	1.0	1.0	1.0	1.0	0.7510341748895938	1.0	1.0	1.0
tr	1.0	0.40228924367201546	-1.0	0.7863954451402115	0.5716990627723506	0.2552708904243611	0.7106922308883378	0.2790054221126394	0.4014356110037671	0.3472333264368832	0.7455134344225701	0.74551343442257	1.0	0.34860653747534287	0.29753843445677125	0.4854274436129746	0.5643747533284127	0.517776268321252	1.0	0.7376607345031153	1.0	0.32657033924382534	0.336137575344469	0.3751052711790005	0.7510341748895938	0.37614192129426954	0.3259874860358311	1.0	0.48087323109850527	0.6044414021866646	0.490454052347133	0.7510341748895938	1.0	0.5317767000289689	1.0	0.5512193550219807
vi	1.0	1.0	0.6698403077337057	1.0	0.7411828468492556	1.0	1.0	0.5769005005202821	0.38255811498770237	0.7199285383279772	1.0	1.0	1.0	0.41691170415342604	0.6549329476340925	1.0	1.0	1.0	1.0	1.0	1.0	1.0	0.7199285383279772	1.0	1.0	1.0	0.45003559255291276	1.0	0.7411828468492555	0.5983349109117907	1.0	1.0	0.5317767000289689	1.0	1.0	1.0
war	1.0	1.0	0.4462446933895745	1.0	1.0	1.0	1.0	1.0	1.0	1.0	1.0	1.0	1.0	1.0	1.0	1.0	1.0	1.0	0.0	1.0	1.0	1.0	1.0	1.0	1.0	1.0	1.0	0.0	1.0	1.0	1.0	1.0	1.0	1.0	1.0	1.0
zh	1.0	0.7510341748895938	0.24670943162723655	1.0	1.0	0.6423162003593036	1.0	0.3482641233221338	0.47650916440014024	0.6414463581614515	1.0	1.0	0.7347168825662658	0.41691170415342604	0.6442100898340133	1.0	1.0	1.0	1.0	1.0	1.0	0.5261475665643555	0.5505854873933674	0.26220262327492766	1.0	1.0	0.4320081433823219	1.0	0.6740515375688697	0.5982000748211033	0.6102470946685321	1.0	0.5512193550219807	1.0	1.0	1.0
