arz	bs	ceb	ckb	da	de	el	en	es	fr	he	hi	hu	id	it	ja	ko	lv	mk	ml	mr	nl	pl	pt	ro	ru	sh	si	simple	sr	sv	te	vi	war	zh
arz	1.0	0.6392003900536324	0.6190476190476191	0.6368876080691642	0.5800000000000001	0.557076509410902	0.619410569105691	0.5518853225303832	0.5606060606060607	0.55255382017729	0.5869565217391304	0.5714285714285714	0.5952380952380952	0.6353790613718412	0.5666666666666667	0.5625	0.5948586118251928	0.6314199395770393	0.6333333333333333	0.6666666666666666	0.6363636363636364	0.5778513961192617	0.5800000000000001	0.6018518518518519	0.6171209540034072	0.5634209765963594	0.6318082788671023	0.5294117647058824	0.6176470588235294	0.6176470588235294	0.5753424657534246	0.5294117647058824	0.6016830294530154	0.64	0.5851031553398058
bs	0.6392003900536324	1.0	0.5925925925925926	0.6807727690892365	0.6340984893074357	0.5765171503957783	0.7090909090909091	0.5721022041890559	0.59303528330077	0.5790158100061598	0.6399482870071106	0.5769230769230769	0.7093333333333334	0.6735225955967554	0.6063447550609061	0.6019704433497537	0.6634131462559097	0.667779632721202	0.6875	0.6666666666666666	0.6126949973103819	0.5973586183542161	0.6110795991680847	0.6694759985342617	0.6984402079722704	0.5844302369311771	0.7673114662181104	0.5217391304347826	0.650925335035099	0.6996396986570587	0.596104119979314	0.5217391304347826	0.637959279194945	0.6333333333333333	0.6503247433479992
ceb	0.6190476190476191	0.5925925925925926	1.0	0.6086956521739131	0.5531914893617021	0.5333333333333333	0.5714285714285714	0.5324675324675325	0.5396825396825397	0.5324675324675325	0.5581395348837209	0.5625	0.5641025641025641	0.5757575757575757	0.543859649122807	0.540983606557377	0.5609756097560976	0.5757575757575757	0.5925925925925926	0.631578947368421	0.6470588235294118	0.5454545454545455	0.5531914893617021	0.5609756097560976	0.5714285714285714	0.5373134328358209	0.5862068965517242	0.75	0.5806451612903225	0.5806451612903225	0.5423728813559322	0.75	0.5609756097560976	0.896551724137931	0.5531914893617021
ckb	0.6368876080691642	0.6807727690892365	0.6086956521739131	1.0	0.5882352941176471	0.5569620253164557	0.6426592797783934	0.5555555555555556	0.5671641791044776	0.5555555555555556	0.5957446808510638	0.5909090909090909	0.6162962962962963	0.6322436849925707	0.5788410554222951	0.5692307692307692	0.6077586206896551	0.6216216216216216	0.625	0.6932409012131716	0.6000000000000001	0.5925311203319502	0.5882352941176471	0.6104651162790697	0.6325581395348837	0.5633802816901409	0.65625	0.5263157894736842	0.6111111111111112	0.6407766990291263	0.5714285714285714	0.5263157894736842	0.6000000000000001	0.6296296296296295	0.5958549222797928
da	0.5800000000000001	0.6340984893074357	0.5531914893617021	0.5882352941176471	1.0	0.6198723792160438	0.6393648140409528	0.6227921195652174	0.6211180124223603	0.6179194486323497	0.6320541760722348	0.5515802027429934	0.6605426794799321	0.6260480715483511	0.6332935357325602	0.6343042071197411	0.6290322580645161	0.6327543424317618	0.6163891609533138	0.5777777777777777	0.5625	0.6272727272727273	0.6420382165605095	0.6436957631444614	0.646014355874575	0.6265060240963854	0.6416072585871678	0.5116279069767442	0.6137975499677627	0.6311881188118811	0.631578947368421	0.5116279069767442	0.6478405315614618	0.5800000000000001	0.6318380743982495
de	0.557076509410902	0.5765171503957783	0.5333333333333333	0.5569620253164557	0.6198723792160438	1.0	0.5917874396135265	0.6536467643904182	0.6153846153846154	0.6531665451281764	0.6112096004363834	0.5270270270270271	0.6083964211975224	0.5877862595419847	0.6499065420560748	0.6462333825701625	0.6008460236886632	0.5886990801576872	0.5679012345679012	0.5454545454545455	0.5394736842105263	0.6298003072196621	0.613086038124678	0.608686573397369	0.5980066445182725	0.6631411951348493	0.582901866345575	0.5070422535211268	0.5783132530120483	0.582931292630178	0.64350954885137	0.5070422535211268	0.6047396138092452	0.5512820512820512	0.6171371966319961
el	0.619410569105691	0.7090909090909091	0.5714285714285714	0.6426592797783934	0.6393648140409528	0.5917874396135265	1.0	0.5946680251316013	0.6125415794012566	0.605691940039105	0.6544526901669759	0.5588235294117647	0.6674846625766871	0.6725903614457831	0.6370161729965473	0.6176031253590716	0.6764570904084442	0.69331341053418	0.6298788694481829	0.6113723813595554	0.5900826446280992	0.6153846153846154	0.6363069245165315	0.673469387755102	0.6741573033707865	0.60501176796345	0.7044072948328268	0.5161290322580645	0.6483221476510067	0.6534526854219949	0.6187389510901591	0.5161290322580645	0.6671850699844479	0.6052631578947368	0.6670830730793254
en	0.5518853225303832	0.5721022041890559	0.5324675324675325	0.5555555555555556	0.6227921195652174	0.6536467643904182	0.5946680251316013	1.0	0.6200897867564534	0.6706849315068493	0.6160928977772564	0.5280748663101604	0.6088798907669853	0.5869289340101523	0.6580188679245282	0.6441746943712472	0.6022674900912527	0.5813953488372093	0.5680521050157792	0.5512412004446091	0.5384615384615384	0.6330565872842473	0.6187985150185622	0.6032591985241366	0.5959104186952288	0.6441697451927632	0.5808671713695802	0.5068493150684932	0.5783542277940784	0.5783124673969744	0.6258957654723127	0.5068493150684932	0.607843137254902	0.55	0.6235703630034809
es	0.5606060606060607	0.59303528330077	0.5396825396825397	0.5671641791044776	0.6211180124223603	0.6153846153846154	0.6125415794012566	0.6200897867564534	1.0	0.6238940425760094	0.6191102921821532	0.532258064516129	0.6312823775333999	0.6131432114073155	0.6221114084164437	0.6335847558554982	0.6179844687610307	0.5979581059672593	0.5915349311575726	0.5538461538461539	0.546875	0.6206896551724138	0.6211180124223603	0.6256656017039404	0.6117327907765344	0.6352261790182868	0.6006207324643079	0.5084745762711864	0.5957446808510638	0.6037242731133616	0.626553953257086	0.5084745762711864	0.6185085609169378	0.5606060606060607	0.6255672241669908
fr	0.55255382017729	0.5790158100061598	0.5324675324675325	0.5555555555555556	0.6179194486323497	0.6531665451281764	0.605691940039105	0.6706849315068493	0.6238940425760094	1.0	0.6093389843111012	0.5263157894736842	0.6098894838783183	0.5910067779798314	0.651792051100071	0.6487289709706522	0.6023424428332403	0.5866425992779783	0.5662650602409639	0.5465748107898312	0.5384615384615384	0.6315494928296608	0.6204584775086506	0.6056589344889116	0.5962507558959887	0.6421597809263008	0.5832614322691976	0.5068493150684932	0.581436230992353	0.5837332876242715	0.6378716070659198	0.5068493150684932	0.6127659574468085	0.55	0.6314929168180168
he	0.5869565217391304	0.6399482870071106	0.5581395348837209	0.5957446808510638	0.6320541760722348	0.6112096004363834	0.6544526901669759	0.6160928977772564	0.6191102921821532	0.6093389843111012	1.0	0.5476190476190476	0.6591012256014526	0.65472	0.6403940886699507	0.6488453815261045	0.6555009676939109	0.618828932261768	0.632630410654828	0.5985267034990792	0.5681818181818182	0.6438086918541167	0.6466512702078523	0.6817300232738557	0.6471551371264839	0.62402496099844	0.6473659231134314	0.5128205128205129	0.6348273328434975	0.6484975541579315	0.6436567164179104	0.5128205128205129	0.6444567320984241	0.5869565217391304	0.6475320289999007
hi	0.5714285714285714	0.5769230769230769	0.5625	0.5909090909090909	0.5515802027429934	0.5270270270270271	0.5588235294117647	0.5280748663101604	0.532258064516129	0.5263157894736842	0.5476190476190476	1.0	0.5526315789473684	0.5625	0.5357142857142857	0.5333333333333333	0.55	0.5625	0.5555555555555556	0.6111111111111112	0.5555555555555556	0.5370370370370371	0.5434782608695652	0.55	0.5640771895101435	0.5303030303030303	0.5774278215223096	0.5555555555555556	0.5483870967741935	0.5666666666666667	0.5344827586206896	0.5555555555555556	0.55	0.5714285714285714	0.5434782608695652
hu	0.5952380952380952	0.7093333333333334	0.5641025641025641	0.6162962962962963	0.6605426794799321	0.6083964211975224	0.6674846625766871	0.6088798907669853	0.6312823775333999	0.6098894838783183	0.6591012256014526	0.5526315789473684	1.0	0.6617783552997959	0.6309766200940814	0.624414744190006	0.6790750141003948	0.6315158777711204	0.6403326403326403	0.5920958083832335	0.5787390443878994	0.6339622641509434	0.6713588049411089	0.6771241830065359	0.6786751888436956	0.6189045079980611	0.6856136820925552	0.5142857142857143	0.6476997578692495	0.6690777576853526	0.6211894052973513	0.5142857142857143	0.6989154759855396	0.5952380952380952	0.6363777329818576
id	0.6353790613718412	0.6735225955967554	0.5757575757575757	0.6322436849925707	0.6260480715483511	0.5877862595419847	0.6725903614457831	0.5869289340101523	0.6131432114073155	0.5910067779798314	0.65472	0.5625	0.6617783552997959	1.0	0.6211180124223603	0.6070038910505837	0.6743752331219693	0.6363636363636364	0.6933115823817292	0.6346153846153847	0.5882352941176471	0.609375	0.631163708086785	0.6739233317557974	0.7016129032258064	0.5968811614984764	0.6999343401181878	0.5172413793103449	0.6967741935483871	0.7030545818728092	0.6029411764705882	0.5172413793103449	0.6472675656493968	0.6111111111111112	0.6402936378466557
it	0.5666666666666667	0.6063447550609061	0.543859649122807	0.5788410554222951	0.6332935357325602	0.6499065420560748	0.6370161729965473	0.6580188679245282	0.6221114084164437	0.651792051100071	0.6403940886699507	0.5357142857142857	0.6309766200940814	0.6211180124223603	1.0	0.6711864406779661	0.6448141592920354	0.6049232807153108	0.5969734060309336	0.5615982241953384	0.5541899441340782	0.6537380086007277	0.6332935357325602	0.6366223908918406	0.6237182719784837	0.6407065435568045	0.6144799705990445	0.5094339622641509	0.6103151862464183	0.6125874125874126	0.6261674782469865	0.5094339622641509	0.6160979228486647	0.5666666666666667	0.6654444945848376
ja	0.5625	0.6019704433497537	0.540983606557377	0.5692307692307692	0.6343042071197411	0.6462333825701625	0.6176031253590716	0.6441746943712472	0.6335847558554982	0.6487289709706522	0.6488453815261045	0.5333333333333333	0.624414744190006	0.6070038910505837	0.6711864406779661	1.0	0.6376237623762376	0.5993413830954994	0.5961093098656786	0.5555555555555556	0.5483870967741935	0.646341463414634	0.6237072394590294	0.6188745949130905	0.6163074636373288	0.6408475783475783	0.6018518518518519	0.5087719298245614	0.6092879256965945	0.6013493693165152	0.6401186672752168	0.5087719298245614	0.6123225152129818	0.5625	0.6419760976545025
ko	0.5948586118251928	0.6634131462559097	0.5609756097560976	0.6077586206896551	0.6290322580645161	0.6008460236886632	0.6764570904084442	0.6022674900912527	0.6179844687610307	0.6023424428332403	0.6555009676939109	0.55	0.6790750141003948	0.6743752331219693	0.6448141592920354	0.6376237623762376	1.0	0.6274509803921569	0.6389228886168911	0.602194133078941	0.5714285714285714	0.6366373902132999	0.6531487889273357	0.6850886339937435	0.6669473684210526	0.6077447453133876	0.6638013371537727	0.5135135135135135	0.6403698603187095	0.6476902434349242	0.626882530120482	0.5135135135135135	0.6501901140684411	0.5909090909090909	0.6600759253400822
lv	0.6314199395770393	0.667779632721202	0.5757575757575757	0.6216216216216216	0.6327543424317618	0.5886990801576872	0.69331341053418	0.5813953488372093	0.5979581059672593	0.5866425992779783	0.618828932261768	0.5625	0.6315158777711204	0.6363636363636364	0.6049232807153108	0.5993413830954994	0.6274509803921569	1.0	0.625	0.6000000000000001	0.5882352941176471	0.6000000000000001	0.6140350877192983	0.6255144032921811	0.6469701537533916	0.5979089522979744	0.6754518072289156	0.5172413793103449	0.6393775372124493	0.676300578034682	0.6029411764705883	0.5172413793103449	0.6330935251798561	0.6111111111111112	0.6246901338621715
mk	0.6333333333333333	0.6875	0.5925925925925926	0.625	0.6163891609533138	0.5679012345679012	0.6298788694481829	0.5680521050157792	0.5915349311575726	0.5662650602409639	0.632630410654828	0.5555555555555556	0.6403326403326403	0.6933115823817292	0.5969734060309336	0.5961093098656786	0.6389228886168911	0.625	1.0	0.6190476190476191	0.6071428571428572	0.5901639344262295	0.6228967337512371	0.6309246309246309	0.6596534653465346	0.5801801801801801	0.6665412118931126	0.5217391304347826	0.6793943383805136	0.7180140038192234	0.5916746107403876	0.5217391304347826	0.6244306418219462	0.6333333333333333	0.6235897435897436
ml	0.6666666666666666	0.6666666666666666	0.631578947368421	0.6932409012131716	0.5777777777777777	0.5454545454545455	0.6113723813595554	0.5512412004446091	0.5538461538461539	0.5465748107898312	0.5985267034990792	0.6111111111111112	0.5920958083832335	0.6346153846153847	0.5615982241953384	0.5555555555555556	0.602194133078941	0.6000000000000001	0.6190476190476191	1.0	0.6190476190476191	0.5813867259918428	0.5777777777777777	0.5948702101359704	0.6191369606003752	0.5507246376811594	0.6238273921200751	0.5333333333333333	0.6081081081081081	0.625	0.5725741780272654	0.5333333333333333	0.5813953488372093	0.625	0.5829145728643216
mr	0.6363636363636364	0.6126949973103819	0.6470588235294118	0.6000000000000001	0.5625	0.5394736842105263	0.5900826446280992	0.5384615384615384	0.546875	0.5384615384615384	0.5681818181818182	0.5555555555555556	0.5787390443878994	0.5882352941176471	0.5541899441340782	0.5483870967741935	0.5714285714285714	0.5882352941176471	0.6071428571428572	0.6190476190476191	1.0	0.5535714285714286	0.5625	0.5714285714285714	0.5833333333333333	0.5441176470588236	0.6064981949458484	0.5384615384615384	0.6102189781021898	0.59375	0.5610200364298725	0.5384615384615384	0.5821596244131455	0.6363636363636364	0.5625
nl	0.5778513961192617	0.5973586183542161	0.5454545454545455	0.5925311203319502	0.6272727272727273	0.6298003072196621	0.6153846153846154	0.6330565872842473	0.6206896551724138	0.6315494928296608	0.6438086918541167	0.5370370370370371	0.6339622641509434	0.609375	0.6537380086007277	0.646341463414634	0.6366373902132999	0.6000000000000001	0.5901639344262295	0.5813867259918428	0.5535714285714286	1.0	0.641860465116279	0.6358345131351266	0.6100795755968169	0.6499192008226826	0.60931289040318	0.5098039215686274	0.6031746031746031	0.6031746031746031	0.648077735530207	0.5098039215686274	0.6204328601349779	0.5689655172413793	0.6597025495750708
pl	0.5800000000000001	0.6110795991680847	0.5531914893617021	0.5882352941176471	0.6420382165605095	0.613086038124678	0.6363069245165315	0.6187985150185622	0.6211180124223603	0.6204584775086506	0.6466512702078523	0.5434782608695652	0.6713588049411089	0.631163708086785	0.6332935357325602	0.6237072394590294	0.6531487889273357	0.6140350877192983	0.6228967337512371	0.5777777777777777	0.5625	0.641860465116279	1.0	0.6611324711639287	0.6532951289398281	0.6285377358490566	0.6111111111111112	0.5116279069767442	0.6620305980528512	0.6311881188118811	0.6584070796460177	0.5116279069767442	0.6914893617021277	0.5800000000000001	0.6270358306188926
pt	0.6018518518518519	0.6694759985342617	0.5609756097560976	0.6104651162790697	0.6436957631444614	0.608686573397369	0.673469387755102	0.6032591985241366	0.6256656017039404	0.6056589344889116	0.6817300232738557	0.55	0.6771241830065359	0.6739233317557974	0.6366223908918406	0.6188745949130905	0.6850886339937435	0.6255144032921811	0.6309246309246309	0.5948702101359704	0.5714285714285714	0.6358345131351266	0.6611324711639287	1.0	0.6590114827758362	0.6189351906504544	0.6804733727810651	0.5135135135135135	0.6478328173374613	0.6622266901231465	0.6252994729276474	0.5135135135135135	0.6617647058823529	0.5909090909090909	0.6596047712301941
ro	0.6171209540034072	0.6984402079722704	0.5714285714285714	0.6325581395348837	0.646014355874575	0.5980066445182725	0.6741573033707865	0.5959104186952288	0.6117327907765344	0.5962507558959887	0.6471551371264839	0.5640771895101435	0.6786751888436956	0.7016129032258064	0.6237182719784837	0.6163074636373288	0.6669473684210526	0.6469701537533916	0.6596534653465346	0.6191369606003752	0.5833333333333333	0.6100795755968169	0.6532951289398281	0.6590114827758362	1.0	0.6296441141963238	0.698489010989011	0.5161290322580645	0.6910340518587941	0.6947683109118087	0.6312997347480106	0.5161290322580645	0.6821705426356589	0.6052631578947368	0.6553059643687065
ru	0.5634209765963594	0.5844302369311771	0.5373134328358209	0.5633802816901409	0.6265060240963854	0.6631411951348493	0.60501176796345	0.6441697451927632	0.6352261790182868	0.6421597809263008	0.62402496099844	0.5303030303030303	0.6189045079980611	0.5968811614984764	0.6407065435568045	0.6408475783475783	0.6077447453133876	0.5979089522979744	0.5801801801801801	0.5507246376811594	0.5441176470588236	0.6499192008226826	0.6285377358490566	0.6189351906504544	0.6296441141963238	1.0	0.5984690327070284	0.5079365079365079	0.6027397260273972	0.5866666666666667	0.6416717885679164	0.5079365079365079	0.6148569516479839	0.5571428571428572	0.6293657929317381
sh	0.6318082788671023	0.7673114662181104	0.5862068965517242	0.65625	0.6416072585871678	0.582901866345575	0.7044072948328268	0.5808671713695802	0.6006207324643079	0.5832614322691976	0.6473659231134314	0.5774278215223096	0.6856136820925552	0.6999343401181878	0.6144799705990445	0.6018518518518519	0.6638013371537727	0.6754518072289156	0.6665412118931126	0.6238273921200751	0.6064981949458484	0.60931289040318	0.6111111111111112	0.6804733727810651	0.698489010989011	0.5984690327070284	1.0	0.52	0.6640344580043073	0.6929637526652451	0.5997693194925029	0.52	0.6444099378881988	0.625	0.6456061577934573
si	0.5294117647058824	0.5217391304347826	0.75	0.5263157894736842	0.5116279069767442	0.5070422535211268	0.5161290322580645	0.5068493150684932	0.5084745762711864	0.5068493150684932	0.5128205128205129	0.5555555555555556	0.5142857142857143	0.5172413793103449	0.5094339622641509	0.5087719298245614	0.5135135135135135	0.5172413793103449	0.5217391304347826	0.5333333333333333	0.5384615384615384	0.5098039215686274	0.5116279069767442	0.5135135135135135	0.5161290322580645	0.5079365079365079	0.52	1.0	0.5185185185185185	0.5185185185185185	0.509090909090909	1.0	0.5135135135135135	0.72	0.5116279069767442
simple	0.6176470588235294	0.650925335035099	0.5806451612903225	0.6111111111111112	0.6137975499677627	0.5783132530120483	0.6483221476510067	0.5783542277940784	0.5957446808510638	0.581436230992353	0.6348273328434975	0.5483870967741935	0.6476997578692495	0.6967741935483871	0.6103151862464183	0.6092879256965945	0.6403698603187095	0.6393775372124493	0.6793943383805136	0.6081081081081081	0.6102189781021898	0.6031746031746031	0.6620305980528512	0.6478328173374613	0.6910340518587941	0.6027397260273972	0.6640344580043073	0.5185185185185185	1.0	0.6908212560386474	0.6297056810403834	0.5185185185185185	0.6581455805892548	0.6176470588235294	0.6286139719568185
sr	0.6176470588235294	0.6996396986570587	0.5806451612903225	0.6407766990291263	0.6311881188118811	0.582931292630178	0.6534526854219949	0.5783124673969744	0.6037242731133616	0.5837332876242715	0.6484975541579315	0.5666666666666667	0.6690777576853526	0.7030545818728092	0.6125874125874126	0.6013493693165152	0.6476902434349242	0.676300578034682	0.7180140038192234	0.625	0.59375	0.6031746031746031	0.6311881188118811	0.6622266901231465	0.6947683109118087	0.5866666666666667	0.6929637526652451	0.5185185185185185	0.6908212560386474	1.0	0.6042296072507553	0.5185185185185185	0.6402961808261886	0.6176470588235294	0.6388308977035491
sv	0.5753424657534246	0.596104119979314	0.5423728813559322	0.5714285714285714	0.631578947368421	0.64350954885137	0.6187389510901591	0.6258957654723127	0.626553953257086	0.6378716070659198	0.6436567164179104	0.5344827586206896	0.6211894052973513	0.6029411764705882	0.6261674782469865	0.6401186672752168	0.626882530120482	0.6029411764705883	0.5916746107403876	0.5725741780272654	0.5610200364298725	0.648077735530207	0.6584070796460177	0.6252994729276474	0.6312997347480106	0.6416717885679164	0.5997693194925029	0.509090909090909	0.6297056810403834	0.6042296072507553	1.0	0.509090909090909	0.6453715775749674	0.5645161290322581	0.6284314553594054
te	0.5294117647058824	0.5217391304347826	0.75	0.5263157894736842	0.5116279069767442	0.5070422535211268	0.5161290322580645	0.5068493150684932	0.5084745762711864	0.5068493150684932	0.5128205128205129	0.5555555555555556	0.5142857142857143	0.5172413793103449	0.5094339622641509	0.5087719298245614	0.5135135135135135	0.5172413793103449	0.5217391304347826	0.5333333333333333	0.5384615384615384	0.5098039215686274	0.5116279069767442	0.5135135135135135	0.5161290322580645	0.5079365079365079	0.52	1.0	0.5185185185185185	0.5185185185185185	0.509090909090909	1.0	0.5135135135135135	0.72	0.5116279069767442
vi	0.6016830294530154	0.637959279194945	0.5609756097560976	0.6000000000000001	0.6478405315614618	0.6047396138092452	0.6671850699844479	0.607843137254902	0.6185085609169378	0.6127659574468085	0.6444567320984241	0.55	0.6989154759855396	0.6472675656493968	0.6160979228486647	0.6123225152129818	0.6501901140684411	0.6330935251798561	0.6244306418219462	0.5813953488372093	0.5821596244131455	0.6204328601349779	0.6914893617021277	0.6617647058823529	0.6821705426356589	0.6148569516479839	0.6444099378881988	0.5135135135135135	0.6581455805892548	0.6402961808261886	0.6453715775749674	0.5135135135135135	1.0	0.5909090909090909	0.6289038579301899
war	0.64	0.6333333333333333	0.896551724137931	0.6296296296296295	0.5800000000000001	0.5512820512820512	0.6052631578947368	0.55	0.5606060606060607	0.55	0.5869565217391304	0.5714285714285714	0.5952380952380952	0.6111111111111112	0.5666666666666667	0.5625	0.5909090909090909	0.6111111111111112	0.6333333333333333	0.625	0.6363636363636364	0.5689655172413793	0.5800000000000001	0.5909090909090909	0.6052631578947368	0.5571428571428572	0.625	0.72	0.6176470588235294	0.6176470588235294	0.5645161290322581	0.72	0.5909090909090909	1.0	0.5800000000000001
zh	0.5851031553398058	0.6503247433479992	0.5531914893617021	0.5958549222797928	0.6318380743982495	0.6171371966319961	0.6670830730793254	0.6235703630034809	0.6255672241669908	0.6314929168180168	0.6475320289999007	0.5434782608695652	0.6363777329818576	0.6402936378466557	0.6654444945848376	0.6419760976545025	0.6600759253400822	0.6246901338621715	0.6235897435897436	0.5829145728643216	0.5625	0.6597025495750708	0.6270358306188926	0.6596047712301941	0.6553059643687065	0.6293657929317381	0.6456061577934573	0.5116279069767442	0.6286139719568185	0.6388308977035491	0.6284314553594054	0.5116279069767442	0.6289038579301899	0.5800000000000001	1.0
