arz	bs	ceb	ckb	da	de	el	en	es	fr	he	hi	hu	id	it	ja	ko	lv	mk	ml	mr	nl	pl	pt	ro	ru	sh	si	simple	sr	sv	te	vi	war	zh
arz	1.0	0.1591838311709183	1.0	0.3660254037844386	0.15548737703860027	0.09337578751770759	0.15548737703860027	0.08993380845866042	0.09286962764048548	0.09163164664616771	0.10015187320963134	0.18324402332786965	0.16855212267069633	0.12973190755680386	0.09013432097756106	0.07214180479914957	0.08631727218691128	0.23798501667638786	0.13717037227955248	0.19900804996708035	0.15894454156034005	0.09471102625062666	0.09604049634722206	0.09740060673255163	0.10844918603392764	0.07304975363746127	0.14548268842493628	0.21149382763267055	0.14732056773523425	0.11799468234830116	0.08898608616890791	0.2989350844248255	0.16952084719853724	0.36602540378443865	0.08155980063700578
bs	0.1591838311709183	1.0	0.3483314773547883	0.1303639547600728	0.01174551040491804	0.006742664565797525	0.012509573931369256	0.011477442780214547	0.006967774220732704	0.008513445650483705	0.008957471368334661	0.01385315703960342	0.012695057032607891	0.009522003783124185	0.012209096118656676	0.011444684852354245	0.00942672265935585	0.022080058582383603	0.016065340148392233	0.02939367586324722	0.0463923779046238	0.006848485568224171	0.006913498430713673	0.011161226811096459	0.013327072638170989	0.014477754837688732	0.010152486289325474	0.06644511300800103	0.01127403994027851	0.009181780823148184	0.012765462243580342	0.0696816374014466	0.009668492454334068	0.1985180292573379	0.018955160722303677
ceb	1.0	0.3483314773547883	1.0	0.44948974278317805	0.39564392373896007	0.3430703308172536	0.3483314773547883	0.3430703308172536	0.3430703308172536	0.3430703308172536	0.3164309725825327	0.34794420077497773	0.36602540378443865	0.3430703308172536	0.3483314773547883	0.3430703308172536	0.32881309020609956	0.39564392373896007	0.3333333333333333	0.3333333333333333	0.44948974278317805	0.36602540378443865	0.3430703308172536	0.3164309725825328	0.3430703308172536	0.294771477094588	0.3726822671238253	0.3483314773547883	0.36602540378443865	0.3430703308172536	0.36602540378443865	0.585786437626905	0.36602540378443865	0.39564392373896007	0.3483314773547883
ckb	0.3660254037844386	0.1303639547600728	0.44948974278317805	1.0	0.12455568564833365	0.11384944815480409	0.05817469054752867	0.03138183935984623	0.10917196101543733	0.061969220139551376	0.10163318267220205	0.08905800986962019	0.10089317227396921	0.12869959859918143	0.0337734723331434	0.04659593410339452	0.07814156904555249	0.07617028666917236	0.06434967142755281	0.10074938846606682	0.07339378834142915	0.12300501428901298	0.11660068741046675	0.034768001437204196	0.1005738662528054	0.0215923494962369	0.0735594233494196	0.0967741935483871	0.09094453143944539	0.10518720191833135	0.030448729565290378	0.23166247903554	0.10106972706258834	0.5	0.018749216518635422
da	0.15548737703860027	0.01174551040491804	0.39564392373896007	0.12455568564833365	1.0	0.003761788975940011	0.006218731198293118	0.004876497825719939	0.003528176457640939	0.004548404561251244	0.004555882817964772	0.007640215304444878	0.005703013031996514	0.008055781402172656	0.004530569899337591	0.004511170869262745	0.0048577531278097795	0.013986169313836646	0.008069506903599956	0.011618894757867329	0.020994394141189605	0.003927209768134247	0.003839918752187325	0.005014727307586689	0.009711932128120144	0.004693469232128685	0.00616058569133518	0.03166664629450054	0.005239577566362211	0.005488787593687702	0.005020946788435582	0.09377021150086208	0.006125288754632312	0.2632403810669918	0.004674429849546399
de	0.09337578751770759	0.006742664565797525	0.3430703308172536	0.11384944815480409	0.003761788975940011	1.0	0.0035127858480151816	0.00376774910874731	0.003565938424373834	0.004276685609155387	0.0030490452885375066	0.003898186451751686	0.0031449107688358265	0.002845655136107702	0.0037917668791618737	0.003856033434641154	0.003231427590248986	0.00687935112604323	0.004753696435504994	0.006774098394334967	0.013614770451144587	0.0030240188509931955	0.004028882612721319	0.0036185158832772214	0.0035291082051548297	0.00379725464588253	0.003359828877380751	0.018700191021767083	0.0032085887486763233	0.0030337767258538976	0.0036838438283185357	0.04977134275663489	0.002968969234075148	0.28708594921778513	0.00331287214659426
el	0.15548737703860027	0.012509573931369256	0.3483314773547883	0.05817469054752867	0.006218731198293118	0.0035127858480151816	1.0	0.015285662630747432	0.003274925320450915	0.009560559111603991	0.006447913685819184	0.00926758428375218	0.008988642800966121	0.004795147646850246	0.013163183634927607	0.014304134784750056	0.009687806779791764	0.00973912092332183	0.010756310240816839	0.013526101837373355	0.020027594542673725	0.0035545012079365827	0.003593124657528775	0.015437893206972324	0.006386219221132603	0.01474541574268019	0.010125383317914658	0.030030602631393625	0.008711775152182558	0.005923501918333723	0.014459881231159516	0.06007147961964276	0.006605234379474972	0.15870639528706376	0.017459049516124307
en	0.08993380845866042	0.011477442780214547	0.3430703308172536	0.03138183935984623	0.004876497825719939	0.00376774910874731	0.015285662630747432	1.0	0.0037042532965740377	0.003760288216826954	0.00787574870999449	0.011473994915364459	0.011127862332965782	0.005191718617063869	0.004844162069567971	0.006669960932281038	0.009284522621189516	0.00872787397394166	0.012937550349183646	0.010995610984538757	0.01401885933761884	0.003837026773984865	0.0034274295877693593	0.005473210752141927	0.0064693712285605175	0.005545900763169936	0.013426498828226061	0.017776690655035766	0.011244876272209292	0.007361808121370299	0.009147026475496903	0.017955998350854034	0.010462371089407783	0.15684129112137077	0.008583120572278615
es	0.09286962764048548	0.006967774220732704	0.3430703308172536	0.10917196101543733	0.003528176457640939	0.003565938424373834	0.003274925320450915	0.0037042532965740377	1.0	0.003954514508337925	0.0030439545996574897	0.003735634434174797	0.003044341063666249	0.002721063354898751	0.003968050104040106	0.003366629800521245	0.0030492490929278047	0.006330659575144355	0.004951076572502913	0.0063032968965405075	0.013342412939989562	0.0029243341958192625	0.0034579438886551657	0.003682804503110309	0.0033107353444865014	0.0035700937764106848	0.003300178161720067	0.018204399312058056	0.0028729430058335595	0.0029477381148499877	0.003508207871176842	0.0489224135203301	0.0027814258418816817	0.34833147735478825	0.0032790085942398964
fr	0.09163164664616771	0.008513445650483705	0.3430703308172536	0.061969220139551376	0.004548404561251244	0.004276685609155387	0.009560559111603991	0.003760288216826954	0.003954514508337925	1.0	0.007633602421035992	0.007414606529657631	0.00788225804766012	0.004775631037835774	0.005518030230118093	0.007522155999400266	0.0110289395842898	0.007465466158641879	0.009078241133819871	0.00831848588816726	0.014231665814383926	0.003989930316592321	0.004003342644693847	0.006019497861063396	0.005768633981802122	0.00698558312504254	0.007894111786256857	0.018473218958456546	0.008348830645221959	0.007174058336238149	0.008935455757773209	0.04175987626857089	0.009382226356652177	0.20521309615767264	0.009434713753374279
he	0.10015187320963134	0.008957471368334661	0.3164309725825327	0.10163318267220205	0.004555882817964772	0.0030490452885375066	0.006447913685819184	0.00787574870999449	0.0030439545996574897	0.007633602421035992	1.0	0.006097706245444305	0.005533795577438399	0.004131082497387766	0.00794886931721095	0.007728706456757402	0.007049495769576203	0.008394948625659435	0.0060179514717365245	0.008608522697462683	0.01546275819482574	0.003228032208673399	0.0030873194578588913	0.00737286887852346	0.005277182956764833	0.0074612798467985	0.0063857370995428625	0.020828620568599788	0.006144533264714687	0.005001940688533742	0.008372890988755245	0.052700042918964914	0.00546986237568962	0.2708131845707603	0.007685637905550727
hi	0.18324402332786965	0.01385315703960342	0.34794420077497773	0.08905800986962019	0.007640215304444878	0.003898186451751686	0.00926758428375218	0.011473994915364459	0.003735634434174797	0.007414606529657631	0.006097706245444305	1.0	0.009336944865370764	0.00494673561166407	0.01056149126982743	0.011426856097415894	0.008769418540921165	0.011203777574902497	0.011110094660121052	0.011094415265253024	0.017072182533467088	0.004059854082128967	0.0041766525796474345	0.00959195050345575	0.007678864995350905	0.01212139795392957	0.008669751771732322	0.030773560025850497	0.008183555283881289	0.006067884280133115	0.01016829871799599	0.050609937118445546	0.006500008524665757	0.17222832290855955	0.012820622357312156
hu	0.16855212267069633	0.012695057032607891	0.36602540378443865	0.10089317227396921	0.005703013031996514	0.0031449107688358265	0.008988642800966121	0.011127862332965782	0.003044341063666249	0.00788225804766012	0.005533795577438399	0.009336944865370764	1.0	0.005263697423041236	0.01059181644471318	0.011379120024841404	0.008376764905531365	0.013865687945708282	0.010389796233379107	0.015874925851457916	0.019114863112390766	0.0033721618889894413	0.0031758109511856258	0.011590293601540317	0.00664534862162839	0.013026460269737968	0.008561210161273385	0.03068201132077169	0.008294169051415409	0.005736183807896236	0.011070056108156536	0.05776926072077051	0.006705413306519662	0.2449655295864104	0.012865366746780934
id	0.12973190755680386	0.009522003783124185	0.3430703308172536	0.12869959859918143	0.008055781402172656	0.002845655136107702	0.004795147646850246	0.005191718617063869	0.002721063354898751	0.004775631037835774	0.004131082497387766	0.00494673561166407	0.005263697423041236	1.0	0.004938522284740307	0.004449295867537382	0.004427778815431929	0.009322975910007485	0.006869675312631767	0.008224805114586361	0.016247810690617294	0.0030478203718759937	0.002994951612036191	0.004946803174449962	0.006392485310496629	0.004980150684264603	0.00490995274696707	0.022198058971386655	0.00472614969858514	0.004300516331083569	0.004872477245626922	0.07618566766542662	0.004702483090636628	0.25728427444747215	0.004675974565102484
it	0.09013432097756106	0.012209096118656676	0.3483314773547883	0.0337734723331434	0.004530569899337591	0.0037917668791618737	0.013163183634927607	0.004844162069567971	0.003968050104040106	0.005518030230118093	0.00794886931721095	0.01056149126982743	0.01059181644471318	0.004938522284740307	1.0	0.0076840746151002675	0.011195309543605085	0.00822386670326934	0.012472712411393678	0.009805728575116128	0.015800942627598683	0.004078426645655485	0.0037150296459300225	0.006043231798596342	0.005623110897693089	0.007290819613306958	0.011697083627749311	0.02244913366932134	0.010836020796917575	0.007157367446219639	0.00919647111957972	0.022600777563827168	0.009558721265640115	0.1367733581867939	0.009896181974431227
ja	0.07214180479914957	0.011444684852354245	0.3430703308172536	0.04659593410339452	0.004511170869262745	0.003856033434641154	0.014304134784750056	0.006669960932281038	0.003366629800521245	0.007522155999400266	0.007728706456757402	0.011426856097415894	0.011379120024841404	0.004449295867537382	0.0076840746151002675	1.0	0.009804158321009572	0.00829443273012286	0.013240955439930369	0.0109396058115572	0.0160600843605714	0.0037867468212636046	0.00343122014637565	0.007642370883262102	0.0053185596507987895	0.011313469422644176	0.01205908067543388	0.01851596674672294	0.011260146571919954	0.006910481854310866	0.010903394654887833	0.019660664656131997	0.008482137383361395	0.12869959859918143	0.011688283242157111
ko	0.08631727218691128	0.00942672265935585	0.32881309020609956	0.07814156904555249	0.0048577531278097795	0.003231427590248986	0.009687806779791764	0.009284522621189516	0.0030492490929278047	0.0110289395842898	0.007049495769576203	0.008769418540921165	0.008376764905531365	0.004427778815431929	0.011195309543605085	0.009804158321009572	1.0	0.008982160468523749	0.009978178060988564	0.008440357149178805	0.01435071810989015	0.0032989205996704057	0.0031816086211678063	0.01176427037988001	0.005339393633361696	0.010887833345649757	0.008320538291627905	0.020606689594925627	0.008392759583538684	0.005775566773463149	0.011828604858119257	0.05142561918043188	0.006823326306699146	0.20658711810431302	0.010514099314321386
lv	0.23798501667638786	0.022080058582383603	0.39564392373896007	0.07617028666917236	0.013986169313836646	0.00687935112604323	0.00973912092332183	0.00872787397394166	0.006330659575144355	0.007465466158641879	0.008394948625659435	0.011203777574902497	0.013865687945708282	0.009322975910007485	0.00822386670326934	0.00829443273012286	0.008982160468523749	1.0	0.011803095982716496	0.018555843562106742	0.02221224902917321	0.007348662632584602	0.007119243983414821	0.009054644990052107	0.012614091499417194	0.009111631794261736	0.011577223592238518	0.04332034470438929	0.010486103185458716	0.010183711847487287	0.00911914134691978	0.09608507269843874	0.008995949946534918	0.25539679298968665	0.009122328851546636
mk	0.13717037227955248	0.016065340148392233	0.3333333333333333	0.06434967142755281	0.008069506903599956	0.004753696435504994	0.010756310240816839	0.012937550349183646	0.004951076572502913	0.009078241133819871	0.0060179514717365245	0.011110094660121052	0.010389796233379107	0.006869675312631767	0.012472712411393678	0.013240955439930369	0.009978178060988564	0.011803095982716496	1.0	0.016040295081747095	0.02866912686472884	0.005471829231274114	0.00543433777027864	0.013547149589147637	0.007372915742625187	0.016630034369234246	0.009789333744674987	0.03691352747841538	0.008721726937124426	0.006649548228752657	0.012731649412805655	0.09544114674756013	0.0067844822741886905	0.10811302738125515	0.019097164751447817
ml	0.19900804996708035	0.02939367586324722	0.3333333333333333	0.10074938846606682	0.011618894757867329	0.006774098394334967	0.013526101837373355	0.010995610984538757	0.0063032968965405075	0.00831848588816726	0.008608522697462683	0.011094415265253024	0.015874925851457916	0.008224805114586361	0.009805728575116128	0.0109396058115572	0.008440357149178805	0.018555843562106742	0.016040295081747095	1.0	0.02656611491705761	0.006736413715039638	0.007017563455164494	0.011231002916311633	0.010403785704238723	0.012674181522751708	0.011650271143983005	0.04236563209214946	0.010893731371679925	0.008959236196820956	0.01135615260321469	0.06543863314647369	0.008962774939712786	0.16666666666666666	0.013777550606921117
mr	0.15894454156034005	0.0463923779046238	0.44948974278317805	0.07339378834142915	0.020994394141189605	0.013614770451144587	0.020027594542673725	0.01401885933761884	0.013342412939989562	0.014231665814383926	0.01546275819482574	0.017072182533467088	0.019114863112390766	0.016247810690617294	0.015800942627598683	0.0160600843605714	0.01435071810989015	0.02221224902917321	0.02866912686472884	0.02656611491705761	1.0	0.014266858881321473	0.014269025618013942	0.0142603828550802	0.018224035768244922	0.01580087940910599	0.024642762975123345	0.0632288939215113	0.016256118863248833	0.017232407689270687	0.014973729758571225	0.033421877486343156	0.015032524902583161	0.1	0.02031709572363466
nl	0.09471102625062666	0.006848485568224171	0.36602540378443865	0.12300501428901298	0.003927209768134247	0.0030240188509931955	0.0035545012079365827	0.003837026773984865	0.0029243341958192625	0.003989930316592321	0.003228032208673399	0.004059854082128967	0.0033721618889894413	0.0030478203718759937	0.004078426645655485	0.0037867468212636046	0.0032989205996704057	0.007348662632584602	0.005471829231274114	0.006736413715039638	0.014266858881321473	1.0	0.0028074593015885597	0.003977521344461043	0.0038563886263690084	0.0037973696976728566	0.003485768838219729	0.020584054809472403	0.0033804677564790767	0.0030321082598224157	0.0037544471191671234	0.05236435243753096	0.003016739984742242	0.30552726787943424	0.0035167162039733066
pl	0.09604049634722206	0.006913498430713673	0.3430703308172536	0.11660068741046675	0.003839918752187325	0.004028882612721319	0.003593124657528775	0.0034274295877693593	0.0034579438886551657	0.004003342644693847	0.0030873194578588913	0.0041766525796474345	0.0031758109511856258	0.002994951612036191	0.0037150296459300225	0.00343122014637565	0.0031816086211678063	0.007119243983414821	0.00543433777027864	0.007017563455164494	0.014269025618013942	0.0028074593015885597	1.0	0.00392236266289084	0.0037767700004475535	0.004150825945655257	0.0034924250522957736	0.020852468879373896	0.0030626796571683592	0.002930393896554465	0.0036092260620266877	0.05200245633288463	0.003121179839684509	0.34833147735478825	0.0031824056892330323
pt	0.09740060673255163	0.011161226811096459	0.3164309725825328	0.034768001437204196	0.005014727307586689	0.0036185158832772214	0.015437893206972324	0.005473210752141927	0.003682804503110309	0.006019497861063396	0.00737286887852346	0.00959195050345575	0.011590293601540317	0.004946803174449962	0.006043231798596342	0.007642370883262102	0.01176427037988001	0.009054644990052107	0.013547149589147637	0.011231002916311633	0.0142603828550802	0.003977521344461043	0.00392236266289084	1.0	0.006095950830905141	0.007503994349130802	0.012168411363742412	0.01879219034281861	0.011686313083726235	0.007621668467627957	0.00959871225482019	0.023388704069660402	0.009762047323642721	0.17100799366294794	0.009760504328206628
ro	0.10844918603392764	0.013327072638170989	0.3430703308172536	0.1005738662528054	0.009711932128120144	0.0035291082051548297	0.006386219221132603	0.0064693712285605175	0.0033107353444865014	0.005768633981802122	0.005277182956764833	0.007678864995350905	0.00664534862162839	0.006392485310496629	0.005623110897693089	0.0053185596507987895	0.005339393633361696	0.012614091499417194	0.007372915742625187	0.010403785704238723	0.018224035768244922	0.0038563886263690084	0.0037767700004475535	0.006095950830905141	1.0	0.006209516788825484	0.006775950317971217	0.028770145398864966	0.006219409491475085	0.005437684683154817	0.005925795423187238	0.08273565314798734	0.005860697179690744	0.2592192604530755	0.005553140916932017
ru	0.07304975363746127	0.014477754837688732	0.294771477094588	0.0215923494962369	0.004693469232128685	0.00379725464588253	0.01474541574268019	0.005545900763169936	0.0035700937764106848	0.00698558312504254	0.0074612798467985	0.01212139795392957	0.013026460269737968	0.004980150684264603	0.007290819613306958	0.011313469422644176	0.010887833345649757	0.009111631794261736	0.016630034369234246	0.012674181522751708	0.01580087940910599	0.0037973696976728566	0.004150825945655257	0.007503994349130802	0.006209516788825484	1.0	0.013410646440566247	0.020722311694790222	0.011671268174849205	0.007229717554788488	0.010714987858676063	0.014339414645966773	0.009216126108314298	0.09056674678725922	0.011268745846198002
sh	0.14548268842493628	0.010152486289325474	0.3726822671238253	0.0735594233494196	0.00616058569133518	0.003359828877380751	0.010125383317914658	0.013426498828226061	0.003300178161720067	0.007894111786256857	0.0063857370995428625	0.008669751771732322	0.008561210161273385	0.00490995274696707	0.011697083627749311	0.01205908067543388	0.008320538291627905	0.011577223592238518	0.009789333744674987	0.011650271143983005	0.024642762975123345	0.003485768838219729	0.0034924250522957736	0.012168411363742412	0.006775950317971217	0.013410646440566247	1.0	0.030654915562997	0.008255096638996075	0.005654206223006973	0.011356526089297781	0.05617934577575405	0.006972922409751174	0.21604850763119507	0.013045922190535669
si	0.21149382763267055	0.06644511300800103	0.3483314773547883	0.0967741935483871	0.03166664629450054	0.018700191021767083	0.030030602631393625	0.017776690655035766	0.018204399312058056	0.018473218958456546	0.020828620568599788	0.030773560025850497	0.03068201132077169	0.022198058971386655	0.02244913366932134	0.01851596674672294	0.020606689594925627	0.04332034470438929	0.03691352747841538	0.04236563209214946	0.0632288939215113	0.020584054809472403	0.020852468879373896	0.01879219034281861	0.028770145398864966	0.020722311694790222	0.030654915562997	1.0	0.021688089816266288	0.02275395174359322	0.020288930657716957	0.11681063765238879	0.02209278028325007	0.14415097937281632	0.02194053535149812
simple	0.14732056773523425	0.01127403994027851	0.36602540378443865	0.09094453143944539	0.005239577566362211	0.0032085887486763233	0.008711775152182558	0.011244876272209292	0.0028729430058335595	0.008348830645221959	0.006144533264714687	0.008183555283881289	0.008294169051415409	0.00472614969858514	0.010836020796917575	0.011260146571919954	0.008392759583538684	0.010486103185458716	0.008721726937124426	0.010893731371679925	0.016256118863248833	0.0033804677564790767	0.0030626796571683592	0.011686313083726235	0.006219409491475085	0.011671268174849205	0.008255096638996075	0.021688089816266288	1.0	0.005889357392735363	0.011160400713168931	0.05322080481478866	0.006040929063969621	0.19991587377390818	0.01197954081688543
sr	0.11799468234830116	0.009181780823148184	0.3430703308172536	0.10518720191833135	0.005488787593687702	0.0030337767258538976	0.005923501918333723	0.007361808121370299	0.0029477381148499877	0.007174058336238149	0.005001940688533742	0.006067884280133115	0.005736183807896236	0.004300516331083569	0.007157367446219639	0.006910481854310866	0.005775566773463149	0.010183711847487287	0.006649548228752657	0.008959236196820956	0.017232407689270687	0.0030321082598224157	0.002930393896554465	0.007621668467627957	0.005437684683154817	0.007229717554788488	0.005654206223006973	0.02275395174359322	0.005889357392735363	1.0	0.006948688363701172	0.06499570206912475	0.005090224964524801	0.3203772410170407	0.006731443975433787
sv	0.08898608616890791	0.012765462243580342	0.36602540378443865	0.030448729565290378	0.005020946788435582	0.0036838438283185357	0.014459881231159516	0.009147026475496903	0.003508207871176842	0.008935455757773209	0.008372890988755245	0.01016829871799599	0.011070056108156536	0.004872477245626922	0.00919647111957972	0.010903394654887833	0.011828604858119257	0.00911914134691978	0.012731649412805655	0.01135615260321469	0.014973729758571225	0.0037544471191671234	0.0036092260620266877	0.00959871225482019	0.005925795423187238	0.010714987858676063	0.011356526089297781	0.020288930657716957	0.011160400713168931	0.006948688363701172	1.0	0.021021195668913167	0.00883959353687844	0.15225881209433406	0.012112638088005405
te	0.2989350844248255	0.0696816374014466	0.585786437626905	0.23166247903554	0.09377021150086208	0.04977134275663489	0.06007147961964276	0.017955998350854034	0.0489224135203301	0.04175987626857089	0.052700042918964914	0.050609937118445546	0.05776926072077051	0.07618566766542662	0.022600777563827168	0.019660664656131997	0.05142561918043188	0.09608507269843874	0.09544114674756013	0.06543863314647369	0.033421877486343156	0.05236435243753096	0.05200245633288463	0.023388704069660402	0.08273565314798734	0.014339414645966773	0.05617934577575405	0.11681063765238879	0.05322080481478866	0.06499570206912475	0.021021195668913167	1.0	0.05215307962554762	0.3726822671238253	0.012345997387591583
vi	0.16952084719853724	0.009668492454334068	0.36602540378443865	0.10106972706258834	0.006125288754632312	0.002968969234075148	0.006605234379474972	0.010462371089407783	0.0027814258418816817	0.009382226356652177	0.00546986237568962	0.006500008524665757	0.006705413306519662	0.004702483090636628	0.009558721265640115	0.008482137383361395	0.006823326306699146	0.008995949946534918	0.0067844822741886905	0.008962774939712786	0.015032524902583161	0.003016739984742242	0.003121179839684509	0.009762047323642721	0.005860697179690744	0.009216126108314298	0.006972922409751174	0.02209278028325007	0.006040929063969621	0.005090224964524801	0.00883959353687844	0.05215307962554762	1.0	0.2553967929896867	0.00884243765867787
war	0.36602540378443865	0.1985180292573379	0.39564392373896007	0.5	0.2632403810669918	0.28708594921778513	0.15870639528706376	0.15684129112137077	0.34833147735478825	0.20521309615767264	0.2708131845707603	0.17222832290855955	0.2449655295864104	0.25728427444747215	0.1367733581867939	0.12869959859918143	0.20658711810431302	0.25539679298968665	0.10811302738125515	0.16666666666666666	0.1	0.30552726787943424	0.34833147735478825	0.17100799366294794	0.2592192604530755	0.09056674678725922	0.21604850763119507	0.14415097937281632	0.19991587377390818	0.3203772410170407	0.15225881209433406	0.3726822671238253	0.2553967929896867	1.0	0.05199586026860851
zh	0.08155980063700578	0.018955160722303677	0.3483314773547883	0.018749216518635422	0.004674429849546399	0.00331287214659426	0.017459049516124307	0.008583120572278615	0.0032790085942398964	0.009434713753374279	0.007685637905550727	0.012820622357312156	0.012865366746780934	0.004675974565102484	0.009896181974431227	0.011688283242157111	0.010514099314321386	0.009122328851546636	0.019097164751447817	0.013777550606921117	0.02031709572363466	0.0035167162039733066	0.0031824056892330323	0.009760504328206628	0.005553140916932017	0.011268745846198002	0.013045922190535669	0.02194053535149812	0.01197954081688543	0.006731443975433787	0.012112638088005405	0.012345997387591583	0.00884243765867787	0.05199586026860851	1.0
