arz	bs	ceb	ckb	da	de	el	en	es	fr	he	hi	hu	id	it	ja	ko	lv	mk	ml	mr	nl	pl	pt	ro	ru	sh	si	simple	sr	sv	te	vi	war	zh
arz	1.0	0.0	0.0	0.0	1.0	1.0	1.0	1.0	1.0	1.0	1.0	1.0	1.0	1.0	1.0	1.0	1.0	1.0	0.0	1.0	0.0	1.0	1.0	1.0	1.0	1.0	1.0	0.0	1.0	1.0	1.0	0.0	1.0	0.0	1.0
bs	0.0	1.0	1.0	1.0	0.5	0.5	0.585786437626905	0.5	0.5	0.5	0.585786437626905	1.0	0.585786437626905	1.0	0.585786437626905	0.585786437626905	1.0	1.0	1.0	0.585786437626905	1.0	0.5	1.0	1.0	1.0	0.585786437626905	1.0	1.0	1.0	1.0	0.585786437626905	0.0	1.0	1.0	0.585786437626905
ceb	0.0	1.0	1.0	0.0	0.0	1.0	1.0	1.0	1.0	1.0	1.0	0.0	0.0	1.0	1.0	1.0	1.0	0.0	0.0	0.0	0.0	1.0	1.0	1.0	1.0	1.0	0.0	0.0	0.0	1.0	1.0	0.0	1.0	0.0	1.0
ckb	0.0	1.0	0.0	1.0	1.0	1.0	1.0	1.0	1.0	1.0	1.0	1.0	1.0	1.0	1.0	1.0	1.0	1.0	1.0	1.0	1.0	1.0	1.0	1.0	1.0	1.0	1.0	1.0	1.0	1.0	1.0	0.0	1.0	1.0	1.0
da	1.0	0.5	0.0	1.0	1.0	0.44948974278317805	1.0	0.38742588672279304	0.4142135623730951	0.5	1.0	1.0	1.0	0.5	0.5	1.0	1.0	1.0	1.0	0.585786437626905	1.0	0.5	0.585786437626905	0.5	1.0	0.44948974278317805	1.0	1.0	0.585786437626905	1.0	0.4142135623730951	0.0	1.0	1.0	1.0
de	1.0	0.5	1.0	1.0	0.44948974278317805	1.0	1.0	0.14459058185587106	0.22281267964860224	0.25	0.585786437626905	1.0	0.585786437626905	0.26968623182294527	0.24496552958641035	0.44948974278317805	0.585786437626905	1.0	1.0	1.0	1.0	0.2402530733520421	0.4142135623730951	0.2466060555964672	0.585786437626905	0.3203772410170407	1.0	1.0	0.5	1.0	0.2898979485566356	1.0	0.585786437626905	0.585786437626905	0.5
el	1.0	0.585786437626905	1.0	1.0	1.0	1.0	1.0	0.5	1.0	1.0	1.0	1.0	1.0	0.585786437626905	1.0	1.0	1.0	1.0	1.0	1.0	1.0	1.0	1.0	1.0	1.0	1.0	1.0	1.0	1.0	1.0	1.0	0.0	1.0	0.585786437626905	1.0
en	1.0	0.5	1.0	1.0	0.38742588672279304	0.14459058185587106	0.5	1.0	0.15331120368114	0.17050763999009447	0.4142135623730951	0.5	0.44948974278317805	0.23874775399470888	0.16202097927744857	0.2989350844248255	0.4142135623730951	1.0	1.0	1.0	1.0	0.2118949818756026	0.23582845781094	0.14969218255130742	0.585786437626905	0.2553967929896867	0.4142135623730951	1.0	0.44948974278317805	0.4142135623730951	0.2612038749637414	1.0	0.44948974278317805	0.585786437626905	0.3660254037844386
es	1.0	0.5	1.0	1.0	0.4142135623730951	0.22281267964860224	1.0	0.15331120368114	1.0	0.2553967929896867	0.5	1.0	0.585786437626905	0.28172904669025317	0.28172904669025317	0.4364916731037085	0.5	1.0	1.0	1.0	1.0	0.3333333333333333	0.3660254037844386	0.20342651452257512	0.585786437626905	0.38742588672279304	0.585786437626905	1.0	0.44948974278317805	1.0	0.3090169943749474	1.0	1.0	0.585786437626905	1.0
fr	1.0	0.5	1.0	1.0	0.5	0.25	1.0	0.17050763999009447	0.2553967929896867	1.0	0.5	0.585786437626905	0.585786437626905	0.5	0.27429188517743175	0.585786437626905	0.585786437626905	1.0	1.0	1.0	1.0	0.24336073281110826	0.3660254037844386	0.3203772410170407	0.44948974278317805	0.4142135623730951	0.5	1.0	0.44948974278317805	0.585786437626905	0.3660254037844386	1.0	1.0	0.585786437626905	0.36602540378443865
he	1.0	0.585786437626905	1.0	1.0	1.0	0.585786437626905	1.0	0.4142135623730951	0.5	0.5	1.0	1.0	1.0	0.585786437626905	1.0	1.0	1.0	1.0	1.0	1.0	1.0	0.585786437626905	0.585786437626905	0.3430703308172536	0.585786437626905	1.0	1.0	1.0	1.0	1.0	0.585786437626905	0.0	1.0	1.0	1.0
hi	1.0	1.0	0.0	1.0	1.0	1.0	1.0	0.5	1.0	0.585786437626905	1.0	1.0	1.0	0.585786437626905	1.0	1.0	1.0	1.0	1.0	1.0	1.0	1.0	1.0	1.0	1.0	1.0	1.0	1.0	1.0	1.0	1.0	0.0	1.0	1.0	1.0
hu	1.0	0.585786437626905	0.0	1.0	1.0	0.585786437626905	1.0	0.44948974278317805	0.585786437626905	0.585786437626905	1.0	1.0	1.0	0.585786437626905	0.44948974278317805	1.0	0.585786437626905	1.0	1.0	1.0	1.0	0.585786437626905	1.0	0.5	1.0	1.0	1.0	1.0	1.0	1.0	0.585786437626905	0.0	1.0	0.585786437626905	1.0
id	1.0	1.0	1.0	1.0	0.5	0.26968623182294527	0.585786437626905	0.23874775399470888	0.28172904669025317	0.5	0.585786437626905	0.585786437626905	0.585786437626905	1.0	0.4142135623730951	0.44948974278317805	0.585786437626905	1.0	1.0	1.0	1.0	0.44948974278317805	0.5	0.30552726787943424	0.585786437626905	0.44948974278317805	0.5	1.0	1.0	1.0	0.38742588672279304	0.0	0.585786437626905	0.585786437626905	0.585786437626905
it	1.0	0.585786437626905	1.0	1.0	0.5	0.24496552958641035	1.0	0.16202097927744857	0.28172904669025317	0.27429188517743175	1.0	1.0	0.44948974278317805	0.4142135623730951	1.0	0.5	0.4142135623730951	1.0	1.0	0.585786437626905	1.0	0.2553967929896867	0.44948974278317805	0.2553967929896867	0.585786437626905	0.34833147735478825	0.5	1.0	0.38742588672279304	0.585786437626905	0.29893508442482547	1.0	1.0	0.585786437626905	0.4142135623730951
ja	1.0	0.585786437626905	1.0	1.0	1.0	0.44948974278317805	1.0	0.2989350844248255	0.4364916731037085	0.585786437626905	1.0	1.0	1.0	0.44948974278317805	0.5	1.0	1.0	1.0	1.0	1.0	1.0	0.44948974278317805	0.585786437626905	0.5	0.585786437626905	1.0	1.0	1.0	0.5	1.0	0.38742588672279304	1.0	1.0	0.585786437626905	1.0
ko	1.0	1.0	1.0	1.0	1.0	0.585786437626905	1.0	0.4142135623730951	0.5	0.585786437626905	1.0	1.0	0.585786437626905	0.585786437626905	0.4142135623730951	1.0	1.0	1.0	1.0	1.0	1.0	0.585786437626905	0.585786437626905	0.585786437626905	0.585786437626905	1.0	1.0	1.0	0.585786437626905	1.0	0.44948974278317805	1.0	1.0	0.585786437626905	1.0
lv	1.0	1.0	0.0	1.0	1.0	1.0	1.0	1.0	1.0	1.0	1.0	1.0	1.0	1.0	1.0	1.0	1.0	1.0	1.0	1.0	1.0	1.0	1.0	1.0	1.0	1.0	1.0	1.0	1.0	1.0	1.0	0.0	1.0	0.585786437626905	1.0
mk	0.0	1.0	0.0	1.0	1.0	1.0	1.0	1.0	1.0	1.0	1.0	1.0	1.0	1.0	1.0	1.0	1.0	1.0	1.0	1.0	1.0	1.0	1.0	1.0	1.0	1.0	1.0	1.0	1.0	1.0	1.0	0.0	1.0	1.0	1.0
ml	1.0	0.585786437626905	0.0	1.0	0.585786437626905	1.0	1.0	1.0	1.0	1.0	1.0	1.0	1.0	1.0	0.585786437626905	1.0	1.0	1.0	1.0	1.0	1.0	1.0	1.0	1.0	1.0	1.0	1.0	1.0	1.0	1.0	1.0	0.0	1.0	1.0	1.0
mr	0.0	1.0	0.0	1.0	1.0	1.0	1.0	1.0	1.0	1.0	1.0	1.0	1.0	1.0	1.0	1.0	1.0	1.0	1.0	1.0	1.0	1.0	1.0	1.0	1.0	1.0	1.0	1.0	1.0	1.0	1.0	0.0	1.0	1.0	1.0
nl	1.0	0.5	1.0	1.0	0.5	0.2402530733520421	1.0	0.2118949818756026	0.3333333333333333	0.24336073281110826	0.585786437626905	1.0	0.585786437626905	0.44948974278317805	0.2553967929896867	0.44948974278317805	0.585786437626905	1.0	1.0	1.0	1.0	1.0	0.38742588672279304	0.34833147735478825	0.5	0.38742588672279304	0.585786437626905	1.0	0.44948974278317805	1.0	0.3203772410170407	0.0	0.585786437626905	0.585786437626905	0.44948974278317805
pl	1.0	1.0	1.0	1.0	0.585786437626905	0.4142135623730951	1.0	0.23582845781094	0.3660254037844386	0.3660254037844386	0.585786437626905	1.0	1.0	0.5	0.44948974278317805	0.585786437626905	0.585786437626905	1.0	1.0	1.0	1.0	0.38742588672279304	1.0	0.34833147735478825	0.585786437626905	0.585786437626905	0.585786437626905	1.0	0.5	1.0	0.34833147735478825	1.0	1.0	0.585786437626905	0.585786437626905
pt	1.0	1.0	1.0	1.0	0.5	0.2466060555964672	1.0	0.14969218255130742	0.20342651452257512	0.3203772410170407	0.3430703308172536	1.0	0.5	0.30552726787943424	0.2553967929896867	0.5	0.585786437626905	1.0	1.0	1.0	1.0	0.34833147735478825	0.34833147735478825	1.0	1.0	0.30901699437494745	0.585786437626905	1.0	0.5	1.0	0.3660254037844386	1.0	0.585786437626905	0.585786437626905	0.5
ro	1.0	1.0	1.0	1.0	1.0	0.585786437626905	1.0	0.585786437626905	0.585786437626905	0.44948974278317805	0.585786437626905	1.0	1.0	0.585786437626905	0.585786437626905	0.585786437626905	0.585786437626905	1.0	1.0	1.0	1.0	0.5	0.585786437626905	1.0	1.0	0.585786437626905	1.0	1.0	1.0	0.585786437626905	0.5	1.0	0.585786437626905	0.585786437626905	0.585786437626905
ru	1.0	0.585786437626905	1.0	1.0	0.44948974278317805	0.3203772410170407	1.0	0.2553967929896867	0.38742588672279304	0.4142135623730951	1.0	1.0	1.0	0.44948974278317805	0.34833147735478825	1.0	1.0	1.0	1.0	1.0	1.0	0.38742588672279304	0.585786437626905	0.30901699437494745	0.585786437626905	1.0	0.5	1.0	1.0	1.0	0.3660254037844386	1.0	1.0	0.585786437626905	1.0
sh	1.0	1.0	0.0	1.0	1.0	1.0	1.0	0.4142135623730951	0.585786437626905	0.5	1.0	1.0	1.0	0.5	0.5	1.0	1.0	1.0	1.0	1.0	1.0	0.585786437626905	0.585786437626905	0.585786437626905	1.0	0.5	1.0	1.0	0.585786437626905	0.585786437626905	0.585786437626905	0.0	1.0	0.585786437626905	1.0
si	0.0	1.0	0.0	1.0	1.0	1.0	1.0	1.0	1.0	1.0	1.0	1.0	1.0	1.0	1.0	1.0	1.0	1.0	1.0	1.0	1.0	1.0	1.0	1.0	1.0	1.0	1.0	1.0	1.0	1.0	1.0	0.0	1.0	1.0	1.0
simple	1.0	1.0	0.0	1.0	0.585786437626905	0.5	1.0	0.44948974278317805	0.44948974278317805	0.44948974278317805	1.0	1.0	1.0	1.0	0.38742588672279304	0.5	0.585786437626905	1.0	1.0	1.0	1.0	0.44948974278317805	0.5	0.5	1.0	1.0	0.585786437626905	1.0	1.0	1.0	0.585786437626905	0.0	1.0	1.0	0.585786437626905
sr	1.0	1.0	1.0	1.0	1.0	1.0	1.0	0.4142135623730951	1.0	0.585786437626905	1.0	1.0	1.0	1.0	0.585786437626905	1.0	1.0	1.0	1.0	1.0	1.0	1.0	1.0	1.0	0.585786437626905	1.0	0.585786437626905	1.0	1.0	1.0	1.0	1.0	1.0	0.585786437626905	1.0
sv	1.0	0.585786437626905	1.0	1.0	0.4142135623730951	0.2898979485566356	1.0	0.2612038749637414	0.3090169943749474	0.3660254037844386	0.585786437626905	1.0	0.585786437626905	0.38742588672279304	0.29893508442482547	0.38742588672279304	0.44948974278317805	1.0	1.0	1.0	1.0	0.3203772410170407	0.34833147735478825	0.3660254037844386	0.5	0.3660254037844386	0.585786437626905	1.0	0.585786437626905	1.0	1.0	1.0	1.0	0.585786437626905	0.4142135623730951
te	0.0	0.0	0.0	0.0	0.0	1.0	0.0	1.0	1.0	1.0	0.0	0.0	0.0	0.0	1.0	1.0	1.0	0.0	0.0	0.0	0.0	0.0	1.0	1.0	1.0	1.0	0.0	0.0	0.0	1.0	1.0	1.0	0.0	0.0	1.0
vi	1.0	1.0	1.0	1.0	1.0	0.585786437626905	1.0	0.44948974278317805	1.0	1.0	1.0	1.0	1.0	0.585786437626905	1.0	1.0	1.0	1.0	1.0	1.0	1.0	0.585786437626905	1.0	0.585786437626905	0.585786437626905	1.0	1.0	1.0	1.0	1.0	1.0	0.0	1.0	0.585786437626905	1.0
war	0.0	1.0	0.0	1.0	1.0	0.585786437626905	0.585786437626905	0.585786437626905	0.585786437626905	0.585786437626905	1.0	1.0	0.585786437626905	0.585786437626905	0.585786437626905	0.585786437626905	0.585786437626905	0.585786437626905	1.0	1.0	1.0	0.585786437626905	0.585786437626905	0.585786437626905	0.585786437626905	0.585786437626905	0.585786437626905	1.0	1.0	0.585786437626905	0.585786437626905	0.0	0.585786437626905	1.0	0.585786437626905
zh	1.0	0.585786437626905	1.0	1.0	1.0	0.5	1.0	0.3660254037844386	1.0	0.36602540378443865	1.0	1.0	1.0	0.585786437626905	0.4142135623730951	1.0	1.0	1.0	1.0	1.0	1.0	0.44948974278317805	0.585786437626905	0.5	0.585786437626905	1.0	1.0	1.0	0.585786437626905	1.0	0.4142135623730951	1.0	1.0	0.585786437626905	1.0
