arz	bs	ceb	ckb	da	de	el	en	es	fr	he	hi	hu	id	it	ja	ko	lv	mk	ml	mr	nl	pl	pt	ro	ru	sh	si	simple	sr	sv	te	vi	war	zh
arz	1.0	0.5114771566842783	0.6666666666666666	0.5333333333333333	0.5107692307692308	0.5059588299024919	0.5146341463414634	0.5048309178743962	0.5044483985765125	0.5064568563950955	0.5147058823529412	0.525	0.5077863565543296	0.5165289256198348	0.5048803038678223	0.5079498639354264	0.5098039215686274	0.5185266471914874	0.5360561582641991	0.5348837209302326	0.5384615384615384	0.5040951316036327	0.5064377682403434	0.5084581908674649	0.5088423735909573	0.5073746312684366	0.5333333333333333	0.7017543859649122	0.5242718446601942	0.5098039215686274	0.5093945720250522	0.5	0.5115606936416185	0.7289719626168224	0.5088235294117647
bs	0.5114771566842783	1.0	0.5	0.5165562913907285	0.5858060230292295	0.5384922589081093	0.5758395400882381	0.5214804289611858	0.5285586013277497	0.5329233781079696	0.6061025485815975	0.5102040816326531	0.5603136539219292	0.628698903658851	0.5345528174818652	0.5533318332291033	0.5530331203874993	0.6619722408124072	0.5482884360732849	0.513448731909974	0.5236962748369234	0.5308592449373765	0.5469684796870466	0.5315854859080376	0.5508389028763256	0.5503872836552564	0.5277285781072597	0.528	0.5515339805825242	0.6438850279023054	0.5686919180614622	0.5	0.5434800259824618	0.546218487394958	0.5488918152242019
ceb	0.6666666666666666	0.5	1.0	0.6666666666666666	0.501577287066246	0.5010162601626017	0.671875	0.5006802721088436	0.500965250965251	0.5009487666034156	0.6706231454005934	0.6724890829694323	0.5029940119760479	0.501358695652174	0.5009784735812133	0.6695652173913044	0.6696935300794551	0.5029940119760479	0.6707692307692308	0.6666666666666666	0.6832298136645962	0.5015673981191223	0.5013020833333334	0.5011961722488038	0.5029761904761905	0.6680919294494923	0.5020661157024793	0.6666666666666666	0.5053763440860215	0.5007923930269413	0.5018587360594796	0.6666666666666666	0.6711864406779662	0.6666666666666666	0.6697459584295612
ckb	0.5333333333333333	0.5165562913907285	0.6666666666666666	1.0	0.5082508250825083	0.5033185840707964	0.5076530612244897	0.5018270401948843	0.5027173913043478	0.5032894736842105	0.5099601593625498	0.5625	0.5050505050505051	0.5113122171945702	0.5029761904761905	0.5045537340619308	0.5050505050505051	0.5222668869991459	0.5384615384615384	0.6111111111111112	0.5985037406483791	0.5027777777777778	0.504424778761062	0.5034168564920273	0.5049668874172185	0.5045592705167173	0.5263157894736842	0.72	0.5133689839572192	0.5139664804469274	0.5065502183406114	0.5	0.5076923076923077	0.787878787878788	0.5045317220543807
da	0.5107692307692308	0.5858060230292295	0.501577287066246	0.5082508250825083	1.0	0.5563932649875712	0.5872735386838188	0.5417381398284421	0.5480232743417273	0.5557455120749295	0.5943847158099479	0.5050167224080268	0.5792763199711931	0.5970311368573498	0.5585303898266676	0.5677643778759929	0.5700601065827559	0.5835623485276379	0.5254304701612502	0.5066225165562913	0.5133939104897212	0.5550825034555693	0.5639598386461883	0.5469147791923723	0.5541784627234478	0.5647980756200027	0.5111435675024807	0.5194029850746269	0.5644676288854129	0.5807806123614372	0.5994124005083152	0.5	0.5585483610693694	0.5242424242424242	0.5694318183178051
de	0.5059588299024919	0.5384922589081093	0.5010162601626017	0.5033185840707964	0.5563932649875712	1.0	0.5783068883944246	0.6072784447313945	0.6147218953140102	0.6264982053564738	0.5584791934078396	0.5016648168701443	0.600984076556507	0.5484520952501248	0.6226475619183778	0.6058097109177659	0.5804620427133422	0.5283316559543199	0.5109291231823666	0.5027685492801772	0.5049708352914694	0.6142740281072289	0.6099787259867849	0.5958763893459997	0.5976792706894694	0.6155543152639972	0.5071399709588141	0.5064805583250249	0.5412812306945645	0.5410925569800953	0.571396265334974	0.5	0.545022084194925	0.5075075075075075	0.6086174294578767
el	0.5146341463414634	0.5758395400882381	0.671875	0.5076530612244897	0.5872735386838188	0.5783068883944246	1.0	0.5529441563162788	0.5669848339092691	0.5778132790987967	0.6071910297298916	0.5038560411311054	0.5920451429875911	0.5879647322621339	0.5765385015751682	0.5992766227279329	0.5883166293580492	0.5673443041142089	0.5250125573359681	0.5063938618925832	0.5114538332451917	0.5663095677872184	0.5901285018447325	0.5689808159891732	0.5900358431916839	0.5951381667000395	0.5111710343210468	0.6964618249534451	0.5641757891638863	0.5702786262484482	0.5826616644942246	0.5	0.5527791931674332	0.6992481203007519	0.5883084147069739
en	0.5048309178743962	0.5214804289611858	0.5006802721088436	0.5018270401948843	0.5417381398284421	0.6072784447313945	0.5529441563162788	1.0	0.6181496951623965	0.6111449676717542	0.5350143875571224	0.50091519219036	0.56699318637492	0.531148954573107	0.6186687520170345	0.5722563950660335	0.5577996107936332	0.516071265029045	0.5063590688648926	0.5015234613040829	0.5027519441683045	0.608654508558907	0.5852724247818916	0.5835448988624623	0.5672262217941257	0.583968975451249	0.5039469230539841	0.5057239057239057	0.5257887536786071	0.5254785173934777	0.5604203353935753	0.5	0.5448285256106697	0.5053908355795148	0.5851759412189921
es	0.5044483985765125	0.5285586013277497	0.500965250965251	0.5027173913043478	0.5480232743417273	0.6147218953140102	0.5669848339092691	0.6181496951623965	1.0	0.6167998378977789	0.5496335973314453	0.5013623978201636	0.5848652877675666	0.5396597005973904	0.6287855912183165	0.5904517099160468	0.5705189933938949	0.5230260388757262	0.5093666369313113	0.5022665457842249	0.5036036036036037	0.6011550133071857	0.6006387354562162	0.6025660031290669	0.5814843615049387	0.6058017863988282	0.5053859964093357	0.506641366223909	0.5338345864661654	0.5325214500648989	0.559252192383032	0.5	0.5377030216179439	0.5076190476190476	0.5978552554633861
fr	0.5064568563950955	0.5329233781079696	0.5009487666034156	0.5032894736842105	0.5557455120749295	0.6264982053564738	0.5778132790987967	0.6111449676717542	0.6167998378977789	1.0	0.5603671471070556	0.5016501650165016	0.604818148566014	0.546661062499204	0.6328724534638139	0.6060505723935115	0.5828520351395012	0.5281091856951109	0.5102838225836903	0.5027494062201641	0.504378085104167	0.6084667483262857	0.6099200765758777	0.6051030538484132	0.6118778656104674	0.6139215924361813	0.5048700762973499	0.5074766355140187	0.5376886830855203	0.5359919158959822	0.5664795522998085	0.5	0.5427809194494181	0.5074906367041199	0.5974316888666428
he	0.5147058823529412	0.6061025485815975	0.6706231454005934	0.5099601593625498	0.5943847158099479	0.5584791934078396	0.6071910297298916	0.5350143875571224	0.5496335973314453	0.5603671471070556	1.0	0.5060728744939271	0.5787583573863924	0.6080071989623885	0.554675219224889	0.5852628730021097	0.5810579850203228	0.6122125407726705	0.5344921238457361	0.508089777254555	0.5164429583972054	0.5486621104337107	0.5739912757371926	0.5556878546890879	0.5740042535084993	0.5807692179517514	0.515243422502545	0.6915351506456241	0.5768734016521627	0.6018380431595987	0.5792470638072826	0.5	0.5477446925834022	0.6956521739130435	0.5753675171825682
hi	0.525	0.5102040816326531	0.6724890829694323	0.5625	0.5050167224080268	0.5016648168701443	0.5038560411311054	0.50091519219036	0.5013623978201636	0.5016501650165016	0.5060728744939271	1.0	0.5030549898167006	0.5070108383007408	0.5014925373134328	0.5018315018315018	0.5025380710659899	0.5138999167496764	0.5319148936170213	0.5714285714285714	0.5416666666666666	0.5013927576601671	0.5022222222222222	0.5017142857142858	0.502495840266223	0.5022900763358779	0.5151515151515151	0.7131782945736435	0.5081967213114754	0.5085714285714286	0.5032967032967033	0.5	0.5046728971962617	0.7193675889328064	0.5022761760242792
hu	0.5077863565543296	0.5603136539219292	0.5029940119760479	0.5050505050505051	0.5792763199711931	0.600984076556507	0.5920451429875911	0.56699318637492	0.5848652877675666	0.604818148566014	0.5787583573863924	0.5030549898167006	1.0	0.5751475964992749	0.5996964345471265	0.6031093589421322	0.5747818351450454	0.5532569603770074	0.5198890913215098	0.5051051411448527	0.5091902304722918	0.5863038821125885	0.60117462462356	0.5917503130923346	0.6104300602443862	0.600002528283816	0.5068762278978389	0.5154929577464789	0.5503673862568484	0.5585252393917917	0.5799656145699205	0.5	0.5590922576300559	0.5170454545454546	0.5838319190683241
id	0.5165289256198348	0.628698903658851	0.501358695652174	0.5113122171945702	0.5970311368573498	0.5484520952501248	0.5879647322621339	0.531148954573107	0.5396597005973904	0.546661062499204	0.6080071989623885	0.5070108383007408	0.5751475964992749	1.0	0.5449063441227658	0.5774866640055158	0.5761509634576175	0.630407533628219	0.5343275130939998	0.5091900387351613	0.5185033959408051	0.5406469279562776	0.5587200051167203	0.5455430116483893	0.560957173574619	0.5664555957419635	0.5173994327916706	0.5092838196286472	0.5649426985567817	0.6096334956126145	0.570220590323063	0.5	0.5620575147278414	0.5106666666666667	0.5678775226525887
it	0.5048803038678223	0.5345528174818652	0.5009784735812133	0.5029761904761905	0.5585303898266676	0.6226475619183778	0.5765385015751682	0.6186687520170345	0.6287855912183165	0.6328724534638139	0.554675219224889	0.5014925373134328	0.5996964345471265	0.5449063441227658	1.0	0.6023560405730608	0.5771003171977709	0.5263571285241462	0.5103446115635027	0.5024826216484608	0.5039775613059088	0.6086179691936825	0.6147689359272672	0.6023788733720262	0.5913675599109712	0.6125758769551213	0.5063913470993117	0.5057581573896353	0.5378547836884163	0.5361253100304944	0.568581210840061	0.5	0.5463412519507543	0.5067437379576109	0.603694269358553
ja	0.5079498639354264	0.5533318332291033	0.6695652173913044	0.5045537340619308	0.5677643778759929	0.6058097109177659	0.5992766227279329	0.5722563950660335	0.5904517099160468	0.6060505723935115	0.5852628730021097	0.5018315018315018	0.6031093589421322	0.5774866640055158	0.6023560405730608	1.0	0.6000096656848074	0.5462031926003282	0.5142445154840154	0.5036496350364964	0.5063878414812399	0.5844785690778712	0.6013162404988749	0.5902324412067996	0.5976945274702444	0.6183791879535125	0.5080627072821193	0.6850477200424179	0.554628865089277	0.5530706858018877	0.5814092598417595	0.5	0.5598812550105178	0.688034188034188	0.6103381475034768
ko	0.5098039215686274	0.5530331203874993	0.6696935300794551	0.5050505050505051	0.5700601065827559	0.5804620427133422	0.5883166293580492	0.5577996107936332	0.5705189933938949	0.5828520351395012	0.5810579850203228	0.5025380710659899	0.5747818351450454	0.5761509634576175	0.5771003171977709	0.6000096656848074	1.0	0.5439581424693429	0.5156055113361477	0.5042158516020236	0.5076173945434814	0.5635516566531803	0.5807696910595308	0.5736860421377473	0.5749978756167162	0.5894336187569333	0.5074398256822338	0.6873614190687362	0.555132124854026	0.5515135724410641	0.5709282431726095	0.5	0.5460617589752531	0.6905027932960894	0.5899634647982057
lv	0.5185266471914874	0.6619722408124072	0.5029940119760479	0.5222668869991459	0.5835623485276379	0.5283316559543199	0.5673443041142089	0.516071265029045	0.5230260388757262	0.5281091856951109	0.6122125407726705	0.5138999167496764	0.5532569603770074	0.630407533628219	0.5263571285241462	0.5462031926003282	0.5439581424693429	1.0	0.5545487697780689	0.5182787046307299	0.5374026515250176	0.5242109737309009	0.539158444528774	0.5289179903758717	0.5433319924099949	0.54059840757426	0.5326297251711479	0.5294117647058824	0.5581342973749971	0.6510392397366326	0.5552154229552947	0.5	0.5369324417486684	0.5384615384615384	0.5396641648451531
mk	0.5360561582641991	0.5482884360732849	0.6707692307692308	0.5384615384615384	0.5254304701612502	0.5109291231823666	0.5250125573359681	0.5063590688648926	0.5093666369313113	0.5102838225836903	0.5344921238457361	0.5319148936170213	0.5198890913215098	0.5343275130939998	0.5103446115635027	0.5142445154840154	0.5156055113361477	0.5545487697780689	1.0	0.5434525219038598	0.5583250249252243	0.5096120483510809	0.5152851409919588	0.5123643092284187	0.5171047428034109	0.5142282479957017	0.5373134328358209	0.6888888888888889	0.5308056872037915	0.5446039316570102	0.5190573039733137	0.5	0.5158527178190712	0.7089337175792507	0.5163870302540882
ml	0.5348837209302326	0.513448731909974	0.6666666666666666	0.6111111111111112	0.5066225165562913	0.5027685492801772	0.5063938618925832	0.5015234613040829	0.5022665457842249	0.5027494062201641	0.508089777254555	0.5714285714285714	0.5051051411448527	0.5091900387351613	0.5024826216484608	0.5036496350364964	0.5042158516020236	0.5182787046307299	0.5434525219038598	1.0	0.6176470588235294	0.5023169601482854	0.5037497237058781	0.5028506271379704	0.5041459369817579	0.5038051750380518	0.5277777777777778	0.7042253521126761	0.5135135135135135	0.5113372390475631	0.5044217611678298	0.5	0.5061728395061729	0.7184466019417476	0.5037821482602118
mr	0.5384615384615384	0.5236962748369234	0.6832298136645962	0.5985037406483791	0.5133939104897212	0.5049708352914694	0.5114538332451917	0.5027519441683045	0.5036036036036037	0.504378085104167	0.5164429583972054	0.5416666666666666	0.5091902304722918	0.5185033959408051	0.5039775613059088	0.5063878414812399	0.5076173945434814	0.5374026515250176	0.5583250249252243	0.6176470588235294	1.0	0.5041633284262542	0.5068463735546137	0.5051255249283912	0.5075575740356527	0.5060874856089573	0.5333333333333333	0.7	0.5254444684373426	0.5229812843065934	0.507691876773852	0.5	0.5107563810204138	0.7150259067357513	0.5067466266866567
nl	0.5040951316036327	0.5308592449373765	0.5015673981191223	0.5027777777777778	0.5550825034555693	0.6142740281072289	0.5663095677872184	0.608654508558907	0.6011550133071857	0.6084667483262857	0.5486621104337107	0.5013927576601671	0.5863038821125885	0.5406469279562776	0.6086179691936825	0.5844785690778712	0.5635516566531803	0.5242109737309009	0.5096120483510809	0.5023169601482854	0.5041633284262542	1.0	0.597171433409193	0.6100164814371943	0.5824979320732355	0.597710878859887	0.5046105775729777	0.510670731707317	0.531841888836508	0.532249701252734	0.5786707313225856	0.5	0.5520538265349432	0.5122699386503067	0.5947356770851958
pl	0.5064377682403434	0.5469684796870466	0.5013020833333334	0.504424778761062	0.5639598386461883	0.6099787259867849	0.5901285018447325	0.5852724247818916	0.6006387354562162	0.6099200765758777	0.5739912757371926	0.5022222222222222	0.60117462462356	0.5587200051167203	0.6147689359272672	0.6013162404988749	0.5807696910595308	0.539158444528774	0.5152851409919588	0.5037497237058781	0.5068463735546137	0.597171433409193	1.0	0.5913314833392603	0.5941844370108669	0.6170431258991308	0.5087209302325582	0.5082592121982211	0.5478247140310692	0.5536655430497629	0.5745577231489637	0.5	0.545791192394448	0.510230179028133	0.5990559725722142
pt	0.5084581908674649	0.5315854859080376	0.5011961722488038	0.5034168564920273	0.5469147791923723	0.5958763893459997	0.5689808159891732	0.5835448988624623	0.6025660031290669	0.6051030538484132	0.5556878546890879	0.5017142857142858	0.5917503130923346	0.5455430116483893	0.6023788733720262	0.5902324412067996	0.5736860421377473	0.5289179903758717	0.5123643092284187	0.5028506271379704	0.5051255249283912	0.6100164814371943	0.5913314833392603	1.0	0.5903441959314728	0.5895952566768211	0.5050505050505051	0.5081967213114754	0.537931539246869	0.5342738931174225	0.5598706725285683	0.5	0.5375215762617621	0.5094117647058823	0.5842874135028459
ro	0.5088423735909573	0.5508389028763256	0.5029761904761905	0.5049668874172185	0.5541784627234478	0.5976792706894694	0.5900358431916839	0.5672262217941257	0.5814843615049387	0.6118778656104674	0.5740042535084993	0.502495840266223	0.6104300602443862	0.560957173574619	0.5913675599109712	0.5976945274702444	0.5749978756167162	0.5433319924099949	0.5171047428034109	0.5041459369817579	0.5075575740356527	0.5824979320732355	0.5941844370108669	0.5903441959314728	1.0	0.6059093118810777	0.5064934852819881	0.5168539325842697	0.5442333034003325	0.546964049272709	0.565173145975101	0.5	0.5448552129757035	0.5213675213675213	0.594132318431803
ru	0.5073746312684366	0.5503872836552564	0.6680919294494923	0.5045592705167173	0.5647980756200027	0.6155543152639972	0.5951381667000395	0.583968975451249	0.6058017863988282	0.6139215924361813	0.5807692179517514	0.5022900763358779	0.600002528283816	0.5664555957419635	0.6125758769551213	0.6183791879535125	0.5894336187569333	0.54059840757426	0.5142282479957017	0.5038051750380518	0.5060874856089573	0.597710878859887	0.6170431258991308	0.5895952566768211	0.6059093118810777	1.0	0.5074947262085153	0.6786850477200425	0.5504887099259167	0.5479115275627465	0.5761595683968016	0.5	0.553857684332782	0.6779840848806366	0.6135686705400846
sh	0.5333333333333333	0.5277285781072597	0.5020661157024793	0.5263157894736842	0.5111435675024807	0.5071399709588141	0.5111710343210468	0.5039469230539841	0.5053859964093357	0.5048700762973499	0.515243422502545	0.5151515151515151	0.5068762278978389	0.5173994327916706	0.5063913470993117	0.5080627072821193	0.5074398256822338	0.5326297251711479	0.5373134328358209	0.5277777777777778	0.5333333333333333	0.5046105775729777	0.5087209302325582	0.5050505050505051	0.5064934852819881	0.5074947262085153	1.0	0.5139442231075697	0.5123152709359606	0.5325701333683727	0.508697414696677	0.5	0.5058479532163742	0.5150300601202404	0.5074183976261127
si	0.7017543859649122	0.528	0.6666666666666666	0.72	0.5194029850746269	0.5064805583250249	0.6964618249534451	0.5057239057239057	0.506641366223909	0.5074766355140187	0.6915351506456241	0.7131782945736435	0.5154929577464789	0.5092838196286472	0.5057581573896353	0.6850477200424179	0.6873614190687362	0.5294117647058824	0.6888888888888889	0.7042253521126761	0.7	0.510670731707317	0.5082592121982211	0.5081967213114754	0.5168539325842697	0.6786850477200425	0.5139442231075697	1.0	0.529126213592233	0.5100154083204931	0.512589928057554	0.6947368421052631	0.6972176759410802	0.7586206896551725	0.6877113866967305
simple	0.5242718446601942	0.5515339805825242	0.5053763440860215	0.5133689839572192	0.5644676288854129	0.5412812306945645	0.5641757891638863	0.5257887536786071	0.5338345864661654	0.5376886830855203	0.5768734016521627	0.5081967213114754	0.5503673862568484	0.5649426985567817	0.5378547836884163	0.554628865089277	0.555132124854026	0.5581342973749971	0.5308056872037915	0.5135135135135135	0.5254444684373426	0.531841888836508	0.5478247140310692	0.537931539246869	0.5442333034003325	0.5504887099259167	0.5123152709359606	0.529126213592233	1.0	0.5542651787403065	0.5545816697462113	0.5	0.5403303224193282	0.5320197044334976	0.5501384999275069
sr	0.5098039215686274	0.6438850279023054	0.5007923930269413	0.5139664804469274	0.5807806123614372	0.5410925569800953	0.5702786262484482	0.5254785173934777	0.5325214500648989	0.5359919158959822	0.6018380431595987	0.5085714285714286	0.5585252393917917	0.6096334956126145	0.5361253100304944	0.5530706858018877	0.5515135724410641	0.6510392397366326	0.5446039316570102	0.5113372390475631	0.5229812843065934	0.532249701252734	0.5536655430497629	0.5342738931174225	0.546964049272709	0.5479115275627465	0.5325701333683727	0.5100154083204931	0.5542651787403065	1.0	0.5594249761962549	0.5	0.5371992395703339	0.5108359133126935	0.5487309131358075
sv	0.5093945720250522	0.5686919180614622	0.5018587360594796	0.5065502183406114	0.5994124005083152	0.571396265334974	0.5826616644942246	0.5604203353935753	0.559252192383032	0.5664795522998085	0.5792470638072826	0.5032967032967033	0.5799656145699205	0.570220590323063	0.568581210840061	0.5814092598417595	0.5709282431726095	0.5552154229552947	0.5190573039733137	0.5044217611678298	0.507691876773852	0.5786707313225856	0.5745577231489637	0.5598706725285683	0.565173145975101	0.5761595683968016	0.508697414696677	0.512589928057554	0.5545816697462113	0.5594249761962549	1.0	0.5	0.5754454954970672	0.5144927536231884	0.5765385352549403
te	0.5	0.5	0.6666666666666666	0.5	0.5	0.5	0.5	0.5	0.5	0.5	0.5	0.5	0.5	0.5	0.5	0.5	0.5	0.5	0.5	0.5	0.5	0.5	0.5	0.5	0.5	0.5	0.5	0.6947368421052631	0.5	0.5	0.5	1.0	0.5	0.6956521739130435	0.5
vi	0.5115606936416185	0.5434800259824618	0.6711864406779662	0.5076923076923077	0.5585483610693694	0.545022084194925	0.5527791931674332	0.5448285256106697	0.5377030216179439	0.5427809194494181	0.5477446925834022	0.5046728971962617	0.5590922576300559	0.5620575147278414	0.5463412519507543	0.5598812550105178	0.5460617589752531	0.5369324417486684	0.5158527178190712	0.5061728395061729	0.5107563810204138	0.5520538265349432	0.545791192394448	0.5375215762617621	0.5448552129757035	0.553857684332782	0.5058479532163742	0.6972176759410802	0.5403303224193282	0.5371992395703339	0.5754454954970672	0.5	1.0	0.7019867549668874	0.5572403688925152
war	0.7289719626168224	0.546218487394958	0.6666666666666666	0.787878787878788	0.5242424242424242	0.5075075075075075	0.6992481203007519	0.5053908355795148	0.5076190476190476	0.5074906367041199	0.6956521739130435	0.7193675889328064	0.5170454545454546	0.5106666666666667	0.5067437379576109	0.688034188034188	0.6905027932960894	0.5384615384615384	0.7089337175792507	0.7184466019417476	0.7150259067357513	0.5122699386503067	0.510230179028133	0.5094117647058823	0.5213675213675213	0.6779840848806366	0.5150300601202404	0.7586206896551725	0.5320197044334976	0.5108359133126935	0.5144927536231884	0.6956521739130435	0.7019867549668874	1.0	0.6909090909090909
zh	0.5088235294117647	0.5488918152242019	0.6697459584295612	0.5045317220543807	0.5694318183178051	0.6086174294578767	0.5883084147069739	0.5851759412189921	0.5978552554633861	0.5974316888666428	0.5753675171825682	0.5022761760242792	0.5838319190683241	0.5678775226525887	0.603694269358553	0.6103381475034768	0.5899634647982057	0.5396641648451531	0.5163870302540882	0.5037821482602118	0.5067466266866567	0.5947356770851958	0.5990559725722142	0.5842874135028459	0.594132318431803	0.6135686705400846	0.5074183976261127	0.6877113866967305	0.5501384999275069	0.5487309131358075	0.5765385352549403	0.5	0.5572403688925152	0.6909090909090909	1.0
