arz	bs	ceb	ckb	da	de	el	en	es	fr	he	hi	hu	id	it	ja	ko	lv	mk	ml	mr	nl	pl	pt	ro	ru	sh	si	simple	sr	sv	te	vi	war	zh
arz	1.0	0.15384615384615385	0.05555555555555555	0.13636363636363635	0.08155270655270655	0.05436964057653713	0.125	0.022435897435897436	0.045454545454545456	0.03977272727272727	0.06760973580195548	0.05405405405405406	0.10999761393462182	0.058333333333333334	0.03614457831325301	0.046153846153846156	0.06490001226843332	0.13157894736842105	0.1757518796992481	0.11904761904761904	0.08	0.0660377358490566	0.0710670908039329	0.06361280144241604	0.09210526315789473	0.04216867469879518	0.13043478260869565	0.027777777777777776	0.0749496981891348	0.11666666666666667	0.037037037037037035	0.075	0.09722222222222222	0.3333333333333333	0.05491709548313322
bs	0.15384615384615385	1.0	0.10526315789473684	0.15384615384615385	0.11538461538461539	0.06779661016949153	0.15517241379310345	0.03205128205128205	0.057692307692307696	0.05228001081122823	0.1111111111111111	0.1111111111111111	0.11841794569067296	0.07377049180327869	0.047619047619047616	0.06060606060606061	0.07758620689655173	0.21052631578947367	0.13636363636363635	0.13043478260869565	0.11538461538461539	0.07272727272727272	0.08490566037735849	0.07627118644067797	0.1078125	0.05357142857142857	0.16666666666666666	0.1111111111111111	0.09302325581395349	0.125	0.0625	0.09090909090909091	0.12162162162162163	0.14285714285714285	0.06716417910447761
ceb	0.05555555555555555	0.10526315789473684	1.0	0.08823529411764706	0.15969410706252812	0.12613186191284662	0.08571428571428572	0.04318181818181818	0.08441558441558442	0.07804190934413777	0.13972846290609342	0.12327542156361777	0.19538950715421305	0.09058233659538481	0.07228915662650602	0.08333333333333333	0.08818770226537216	0.21428571428571427	0.1625	0.0967942732648615	0.08614232209737827	0.1111111111111111	0.13530927835051546	0.10632454488386692	0.1412313432835821	0.08527704131288386	0.14814814814814814	0.043478260869565216	0.11941671045717288	0.12034632034632034	0.08512596899224806	0.037037037037037035	0.1325910931174089	0.08333333333333333	0.08172268907563025
ckb	0.13636363636363635	0.15384615384615385	0.08823529411764706	1.0	0.07692307692307693	0.06140350877192982	0.08333333333333333	0.022435897435897436	0.046658259773013876	0.03977272727272727	0.06521739130434782	0.08571428571428572	0.08823529411764706	0.04918032786885246	0.03614457831325301	0.046153846153846156	0.05172413793103448	0.16666666666666666	0.125	0.11904761904761904	0.10416666666666667	0.05555555555555555	0.05660377358490566	0.05084745762711865	0.07692307692307693	0.03571428571428571	0.10416666666666667	0.058823529411764705	0.05813953488372093	0.0967741935483871	0.037037037037037035	0.10526315789473684	0.08108108108108109	0.125	0.04477611940298507
da	0.08155270655270655	0.11538461538461539	0.15969410706252812	0.07692307692307693	1.0	0.23612637362637365	0.20212765957446807	0.12418150663974052	0.20987654320987653	0.19747565096402306	0.27351851851851855	0.1792452830188679	0.3113843918638439	0.22741417386067053	0.18383431085043989	0.19863013698630136	0.2196969696969697	0.22835710772257747	0.16666666666666666	0.1401360544217687	0.11466035689638174	0.2552766393442623	0.2984422940759972	0.26673640167364016	0.2785776887442093	0.19795984360760796	0.19767441860465115	0.08139534883720931	0.27316552011673967	0.21610535405872194	0.19411764705882353	0.06696428571428571	0.25859854431283	0.08974358974358974	0.2388773483689821
de	0.05436964057653713	0.06779661016949153	0.12613186191284662	0.06140350877192982	0.23612637362637365	1.0	0.18548387096774194	0.1800494635414592	0.30178571428571427	0.30875384979862597	0.262	0.17622665179816002	0.25131036020965764	0.2485708452429563	0.25036060844479413	0.2894878706199461	0.2339337877312561	0.1297782185358817	0.14309322033898306	0.13994126284875183	0.12420504385964912	0.2971014492753623	0.29312304631997727	0.31271769418321144	0.26867413632119513	0.2640542785931875	0.15004098360655738	0.06557377049180328	0.2638239808971516	0.1996673669467787	0.23007841780545465	0.08195575294020889	0.21986892031735084	0.07017543859649122	0.28639468172297605
el	0.125	0.15517241379310345	0.08571428571428572	0.08333333333333333	0.20212765957446807	0.18548387096774194	1.0	0.09037331266550411	0.14814814814814814	0.13043478260869565	0.18867924528301888	0.20454545454545456	0.19318181818181818	0.15671641791044777	0.13953488372093023	0.17647058823529413	0.15384615384615385	0.18181818181818182	0.15714285714285714	0.21212121212121213	0.17567567567567569	0.16393442622950818	0.16666666666666666	0.1935483870967742	0.1875	0.14534883720930233	0.17567567567567569	0.07142857142857142	0.19	0.225	0.14285714285714285	0.14705882352941177	0.2111111111111111	0.14285714285714285	0.1619718309859155
en	0.022435897435897436	0.03205128205128205	0.04318181818181818	0.022435897435897436	0.12418150663974052	0.1800494635414592	0.09037331266550411	1.0	0.23392465876953658	0.27323833114175916	0.14181372917584129	0.10928414831760556	0.10783291001451378	0.1962736979734147	0.22179049021154285	0.20153784357606014	0.16353507575317816	0.054801842797437515	0.0557036045617683	0.06181881181881182	0.07229429319690603	0.16590923179444264	0.15998944528271034	0.18012385770355152	0.12301289859146132	0.24626828290923664	0.07051282051282051	0.038461538461538464	0.13520018602584927	0.09764816773184974	0.21368266934860397	0.051595727568124056	0.1169268732501305	0.025956881610703468	0.20048400673400674
es	0.045454545454545456	0.057692307692307696	0.08441558441558442	0.046658259773013876	0.20987654320987653	0.30178571428571427	0.14814814814814814	0.23392465876953658	1.0	0.3333333333333333	0.23003663003663005	0.14534883720930233	0.21428571428571427	0.22872340425531915	0.25	0.25806451612903225	0.241418375438994	0.10256410256410256	0.09375	0.1	0.0963855421686747	0.2926829268292683	0.25	0.29411764705882354	0.19686944499308712	0.3	0.11875	0.05625	0.21951219512195122	0.16049382716049382	0.2092314987051829	0.060240963855421686	0.2024328249818446	0.05194805194805195	0.28743249877270494
fr	0.03977272727272727	0.05228001081122823	0.07804190934413777	0.03977272727272727	0.19747565096402306	0.30875384979862597	0.13043478260869565	0.27323833114175916	0.3333333333333333	1.0	0.23109054976643909	0.14366289555664863	0.19242610837438423	0.24836820083682007	0.23736691562053075	0.2538121459204744	0.2575668238993711	0.0898876404494382	0.09874186393222065	0.10409978598180845	0.11620016963528414	0.2609216589861751	0.23925756420035596	0.2560415228208852	0.18620306324110672	0.2824810606060606	0.11273448773448773	0.05555555555555555	0.204339754003249	0.14523104939676756	0.1895728081932845	0.06687852087245413	0.17693419151451464	0.045454545454545456	0.30383949564633234
he	0.06760973580195548	0.1111111111111111	0.13972846290609342	0.06521739130434782	0.27351851851851855	0.262	0.18867924528301888	0.14181372917584129	0.23003663003663005	0.23109054976643909	1.0	0.16047925608011443	0.26768488745980706	0.2576530612244898	0.185669262143122	0.2077922077922078	0.21281094527363184	0.17391304347826086	0.14738202973497092	0.11538461538461539	0.09983766233766234	0.25959328028293543	0.23798718008702568	0.32327427094868955	0.2506868131868132	0.23550317994762437	0.1836734693877551	0.07	0.2552979398951488	0.19954648526077098	0.1604720564297341	0.05454545454545454	0.2703492905036644	0.07608695652173914	0.2498314606741573
hi	0.05405405405405406	0.1111111111111111	0.12327542156361777	0.08571428571428572	0.1792452830188679	0.17622665179816002	0.20454545454545456	0.10928414831760556	0.14534883720930233	0.14366289555664863	0.16047925608011443	1.0	0.1836734693877551	0.19117647058823528	0.12365591397849462	0.17123287671232876	0.15	0.2023470839260313	0.15	0.23569673569673572	0.3148148148148148	0.13970588235294118	0.16472317491425773	0.15071218270072412	0.16666666666666666	0.1444051304732419	0.1511627906976744	0.08974358974358974	0.18670417530352384	0.16666666666666666	0.1404494382022472	0.23529411764705882	0.17307692307692307	0.08333333333333333	0.14192654192654192
hu	0.10999761393462182	0.11841794569067296	0.19538950715421305	0.08823529411764706	0.3113843918638439	0.25131036020965764	0.19318181818181818	0.10783291001451378	0.21428571428571427	0.19242610837438423	0.26768488745980706	0.1836734693877551	1.0	0.19882218301463928	0.17042524365193829	0.20534953111679455	0.2222222222222222	0.21428571428571427	0.2000587544065805	0.1590909090909091	0.1507961449821915	0.2571483958515072	0.2757352941176471	0.23765884652981425	0.2944137507673419	0.20246266238548324	0.25427265500794916	0.09210526315789473	0.2824014567266495	0.2444629014396456	0.17424771211416162	0.056818181818181816	0.2371289729445758	0.12121212121212122	0.23582761180181852
id	0.058333333333333334	0.07377049180327869	0.09058233659538481	0.04918032786885246	0.22741417386067053	0.2485708452429563	0.15671641791044777	0.1962736979734147	0.22872340425531915	0.24836820083682007	0.2576530612244898	0.19117647058823528	0.19882218301463928	1.0	0.1922443649577017	0.23988095238095236	0.23734756097560977	0.13114754098360656	0.12136243386243385	0.1234115663900415	0.12453438034833383	0.21713539870955031	0.22265091230608472	0.24491839762611275	0.22447928587777521	0.24892389807162535	0.13076923076923078	0.05384615384615385	0.20997257987601337	0.1669730392156863	0.1706036745406824	0.08461538461538462	0.25210084033613445	0.06666666666666667	0.2825783972125436
it	0.03614457831325301	0.047619047619047616	0.07228915662650602	0.03614457831325301	0.18383431085043989	0.25036060844479413	0.13953488372093023	0.22179049021154285	0.25	0.23736691562053075	0.185669262143122	0.12365591397849462	0.17042524365193829	0.1922443649577017	1.0	0.2831174838112859	0.20033807829181496	0.0963855421686747	0.09821428571428571	0.0966817496229261	0.08623816685835618	0.2281987961105109	0.23193734015345266	0.23087315130830488	0.20826330532212883	0.252283105022831	0.11477675407512403	0.05952380952380952	0.17818266639021357	0.15531216829103542	0.2894017789663392	0.056818181818181816	0.19411764705882353	0.04878048780487805	0.22447069832728972
ja	0.046153846153846156	0.06060606060606061	0.08333333333333333	0.046153846153846156	0.19863013698630136	0.2894878706199461	0.17647058823529413	0.20153784357606014	0.25806451612903225	0.2538121459204744	0.2077922077922078	0.17123287671232876	0.20534953111679455	0.23988095238095236	0.2831174838112859	1.0	0.27038899485578866	0.11363636363636363	0.125974025974026	0.11940298507462686	0.11428571428571428	0.247402880838062	0.23417721518987342	0.21764705882352942	0.21830985915492956	0.2303894389438944	0.1323529411764706	0.06716417910447761	0.24500765035897837	0.1742218675179569	0.2459580781374824	0.07971014492753623	0.25757575757575757	0.0625	0.26801166747690813
ko	0.06490001226843332	0.07758620689655173	0.08818770226537216	0.05172413793103448	0.2196969696969697	0.2339337877312561	0.15384615384615385	0.16353507575317816	0.241418375438994	0.2575668238993711	0.21281094527363184	0.15	0.2222222222222222	0.23734756097560977	0.20033807829181496	0.27038899485578866	1.0	0.13793103448275862	0.13879834854411124	0.09648224043715847	0.10055096418732781	0.21023024594453166	0.20970791660446833	0.2134479717813051	0.1909310496267018	0.21298087255534065	0.15078773685331062	0.075	0.24371952120585194	0.15142764438676182	0.17976580939827727	0.05303030303030303	0.24090422685928303	0.07385190918472652	0.32403111913950244
lv	0.13157894736842105	0.21052631578947367	0.21428571428571427	0.16666666666666666	0.22835710772257747	0.1297782185358817	0.18181818181818182	0.054801842797437515	0.10256410256410256	0.0898876404494382	0.17391304347826086	0.2023470839260313	0.21428571428571427	0.13114754098360656	0.0963855421686747	0.11363636363636363	0.13793103448275862	1.0	0.2608695652173913	0.16666666666666666	0.15892857142857142	0.14814814814814814	0.16724941724941725	0.14655172413793102	0.2236842105263158	0.10240963855421686	0.28	0.10416666666666667	0.1744186046511628	0.2630150111785372	0.10625	0.08928571428571429	0.21621621621621623	0.15789473684210525	0.12129334424286883
mk	0.1757518796992481	0.13636363636363635	0.1625	0.125	0.16666666666666666	0.14309322033898306	0.15714285714285714	0.0557036045617683	0.09375	0.09874186393222065	0.14738202973497092	0.15	0.2000587544065805	0.12136243386243385	0.09821428571428571	0.125974025974026	0.13879834854411124	0.2608695652173913	1.0	0.13793103448275862	0.10606060606060606	0.1574074074074074	0.15157280568239473	0.12295081967213115	0.2	0.09572021116138762	0.24074074074074073	0.1	0.15892255892255894	0.2405470635559131	0.09519236365752866	0.06666666666666667	0.19230769230769232	0.2222222222222222	0.11948867944968042
ml	0.11904761904761904	0.13043478260869565	0.0967942732648615	0.11904761904761904	0.1401360544217687	0.13994126284875183	0.21212121212121213	0.06181881181881182	0.1	0.10409978598180845	0.11538461538461539	0.23569673569673572	0.1590909090909091	0.1234115663900415	0.0966817496229261	0.11940298507462686	0.09648224043715847	0.16666666666666666	0.13793103448275862	1.0	0.2864701436130007	0.1206896551724138	0.13681874483897605	0.11370178468624063	0.15227272727272728	0.11010143702451394	0.12878787878787878	0.09615384615384616	0.14450905246464915	0.15545112781954887	0.08928571428571429	0.2781109445277361	0.125	0.14285714285714285	0.09468694885361552
mr	0.08	0.11538461538461539	0.08614232209737827	0.10416666666666667	0.11466035689638174	0.12420504385964912	0.17567567567567569	0.07229429319690603	0.0963855421686747	0.11620016963528414	0.09983766233766234	0.3148148148148148	0.1507961449821915	0.12453438034833383	0.08623816685835618	0.11428571428571428	0.10055096418732781	0.15892857142857142	0.10606060606060606	0.2864701436130007	1.0	0.10483870967741936	0.11882183908045978	0.09899905235726131	0.125	0.12657563025210083	0.13257142857142856	0.10714285714285714	0.12422600619195046	0.12914862914862915	0.09816024211532334	0.2685470085470086	0.10416666666666667	0.10467289719626169	0.08825649178590356
nl	0.0660377358490566	0.07272727272727272	0.1111111111111111	0.05555555555555555	0.2552766393442623	0.2971014492753623	0.16393442622950818	0.16590923179444264	0.2926829268292683	0.2609216589861751	0.25959328028293543	0.13970588235294118	0.2571483958515072	0.21713539870955031	0.2281987961105109	0.247402880838062	0.21023024594453166	0.14814814814814814	0.1574074074074074	0.1206896551724138	0.10483870967741936	1.0	0.2662459093034128	0.2602739726027397	0.2623655913978495	0.2500936563436564	0.19444444444444445	0.07017543859649122	0.24183768656716417	0.21313009024873433	0.2074468085106383	0.056451612903225805	0.22950819672131148	0.07547169811320754	0.23714080003388177
pl	0.0710670908039329	0.08490566037735849	0.13530927835051546	0.05660377358490566	0.2984422940759972	0.29312304631997727	0.16666666666666666	0.15998944528271034	0.25	0.23925756420035596	0.23798718008702568	0.16472317491425773	0.2757352941176471	0.22265091230608472	0.23193734015345266	0.23417721518987342	0.20970791660446833	0.16724941724941725	0.15157280568239473	0.13681874483897605	0.11882183908045978	0.2662459093034128	1.0	0.2488194514216819	0.27586206896551724	0.2536144578313253	0.17272727272727273	0.07142857142857142	0.258816120906801	0.21377728566909204	0.2128825475599669	0.06666666666666667	0.22428766588602653	0.07692307692307693	0.22260817035414937
pt	0.06361280144241604	0.07627118644067797	0.10632454488386692	0.05084745762711865	0.26673640167364016	0.31271769418321144	0.1935483870967742	0.18012385770355152	0.29411764705882354	0.2560415228208852	0.32327427094868955	0.15071218270072412	0.23765884652981425	0.24491839762611275	0.23087315130830488	0.21764705882352942	0.2134479717813051	0.14655172413793102	0.12295081967213115	0.11370178468624063	0.09899905235726131	0.2602739726027397	0.2488194514216819	1.0	0.2667356797791581	0.2944284094423255	0.16666666666666666	0.06451612903225806	0.2687154950312845	0.21386151977324877	0.20150141902407762	0.06060606060606061	0.21212121212121213	0.06896551724137931	0.27532555386436663
ro	0.09210526315789473	0.1078125	0.1412313432835821	0.07692307692307693	0.2785776887442093	0.26867413632119513	0.1875	0.12301289859146132	0.19686944499308712	0.18620306324110672	0.2506868131868132	0.16666666666666666	0.2944137507673419	0.22447928587777521	0.20826330532212883	0.21830985915492956	0.1909310496267018	0.2236842105263158	0.2	0.15227272727272728	0.125	0.2623655913978495	0.27586206896551724	0.2667356797791581	1.0	0.21602606951871658	0.2204585537918871	0.06818181818181818	0.2241165362827084	0.28240469208211144	0.19611764705882354	0.0625	0.2647174254317112	0.10526315789473684	0.1984968445209409
ru	0.04216867469879518	0.05357142857142857	0.08527704131288386	0.03571428571428571	0.19795984360760796	0.2640542785931875	0.14534883720930233	0.24626828290923664	0.3	0.2824810606060606	0.23550317994762437	0.1444051304732419	0.20246266238548324	0.24892389807162535	0.252283105022831	0.2303894389438944	0.21298087255534065	0.10240963855421686	0.09572021116138762	0.11010143702451394	0.12657563025210083	0.2500936563436564	0.2536144578313253	0.2944284094423255	0.21602606951871658	1.0	0.11925996204933587	0.058823529411764705	0.2335201606156935	0.16352124680384755	0.23737888832228454	0.07061568225788097	0.19335747110430304	0.04819277108433735	0.25935755066189853
sh	0.13043478260869565	0.16666666666666666	0.14814814814814814	0.10416666666666667	0.19767441860465115	0.15004098360655738	0.17567567567567569	0.07051282051282051	0.11875	0.11273448773448773	0.1836734693877551	0.1511627906976744	0.25427265500794916	0.13076923076923078	0.11477675407512403	0.1323529411764706	0.15078773685331062	0.28	0.24074074074074073	0.12878787878787878	0.13257142857142856	0.19444444444444445	0.17272727272727273	0.16666666666666666	0.2204585537918871	0.11925996204933587	1.0	0.12962962962962962	0.18817243920412674	0.32142857142857145	0.10957004160887655	0.058823529411764705	0.2073170731707317	0.15217391304347827	0.14705882352941177
si	0.027777777777777776	0.1111111111111111	0.043478260869565216	0.058823529411764705	0.08139534883720931	0.06557377049180328	0.07142857142857142	0.038461538461538464	0.05625	0.05555555555555555	0.07	0.08974358974358974	0.09210526315789473	0.05384615384615385	0.05952380952380952	0.06716417910447761	0.075	0.10416666666666667	0.1	0.09615384615384616	0.10714285714285714	0.07017543859649122	0.07142857142857142	0.06451612903225806	0.06818181818181818	0.058823529411764705	0.12962962962962962	1.0	0.07608695652173914	0.08333333333333333	0.05421686746987952	0.08333333333333333	0.07142857142857142	0.05555555555555555	0.07352941176470588
simple	0.0749496981891348	0.09302325581395349	0.11941671045717288	0.05813953488372093	0.27316552011673967	0.2638239808971516	0.19	0.13520018602584927	0.21951219512195122	0.204339754003249	0.2552979398951488	0.18670417530352384	0.2824014567266495	0.20997257987601337	0.17818266639021357	0.24500765035897837	0.24371952120585194	0.1744186046511628	0.15892255892255894	0.14450905246464915	0.12422600619195046	0.24183768656716417	0.258816120906801	0.2687154950312845	0.2241165362827084	0.2335201606156935	0.18817243920412674	0.07608695652173914	1.0	0.23685243328100472	0.17764521571463002	0.08336275686745286	0.24194711538461539	0.08333333333333333	0.271608982057721
sr	0.11666666666666667	0.125	0.12034632034632034	0.0967741935483871	0.21610535405872194	0.1996673669467787	0.225	0.09764816773184974	0.16049382716049382	0.14523104939676756	0.19954648526077098	0.16666666666666666	0.2444629014396456	0.1669730392156863	0.15531216829103542	0.1742218675179569	0.15142764438676182	0.2630150111785372	0.2405470635559131	0.15545112781954887	0.12914862914862915	0.21313009024873433	0.21377728566909204	0.21386151977324877	0.28240469208211144	0.16352124680384755	0.32142857142857145	0.08333333333333333	0.23685243328100472	1.0	0.13035714285714287	0.08974358974358974	0.22474424552429667	0.13333333333333333	0.1876265859620533
sv	0.037037037037037035	0.0625	0.08512596899224806	0.037037037037037035	0.19411764705882353	0.23007841780545465	0.14285714285714285	0.21368266934860397	0.2092314987051829	0.1895728081932845	0.1604720564297341	0.1404494382022472	0.17424771211416162	0.1706036745406824	0.2894017789663392	0.2459580781374824	0.17976580939827727	0.10625	0.09519236365752866	0.08928571428571429	0.09816024211532334	0.2074468085106383	0.2128825475599669	0.20150141902407762	0.19611764705882354	0.23737888832228454	0.10957004160887655	0.05421686746987952	0.17764521571463002	0.13035714285714287	1.0	0.05813953488372093	0.1744186046511628	0.043209876543209874	0.19436106346483706
te	0.075	0.09090909090909091	0.037037037037037035	0.10526315789473684	0.06696428571428571	0.08195575294020889	0.14705882352941177	0.051595727568124056	0.060240963855421686	0.06687852087245413	0.05454545454545454	0.23529411764705882	0.056818181818181816	0.08461538461538462	0.056818181818181816	0.07971014492753623	0.05303030303030303	0.08928571428571429	0.06666666666666667	0.2781109445277361	0.2685470085470086	0.056451612903225805	0.06666666666666667	0.06060606060606061	0.0625	0.07061568225788097	0.058823529411764705	0.08333333333333333	0.08336275686745286	0.08974358974358974	0.05813953488372093	1.0	0.06521739130434782	0.1	0.05405405405405406
vi	0.09722222222222222	0.12162162162162163	0.1325910931174089	0.08108108108108109	0.25859854431283	0.21986892031735084	0.2111111111111111	0.1169268732501305	0.2024328249818446	0.17693419151451464	0.2703492905036644	0.17307692307692307	0.2371289729445758	0.25210084033613445	0.19411764705882353	0.25757575757575757	0.24090422685928303	0.21621621621621623	0.19230769230769232	0.125	0.10416666666666667	0.22950819672131148	0.22428766588602653	0.21212121212121213	0.2647174254317112	0.19335747110430304	0.2073170731707317	0.07142857142857142	0.24194711538461539	0.22474424552429667	0.1744186046511628	0.06521739130434782	1.0	0.1111111111111111	0.23391902215431626
war	0.3333333333333333	0.14285714285714285	0.08333333333333333	0.125	0.08974358974358974	0.07017543859649122	0.14285714285714285	0.025956881610703468	0.05194805194805195	0.045454545454545456	0.07608695652173914	0.08333333333333333	0.12121212121212122	0.06666666666666667	0.04878048780487805	0.0625	0.07385190918472652	0.15789473684210525	0.2222222222222222	0.14285714285714285	0.10467289719626169	0.07547169811320754	0.07692307692307693	0.06896551724137931	0.10526315789473684	0.04819277108433735	0.15217391304347827	0.05555555555555555	0.08333333333333333	0.13333333333333333	0.043209876543209874	0.1	0.1111111111111111	1.0	0.06060606060606061
zh	0.05491709548313322	0.06716417910447761	0.08172268907563025	0.04477611940298507	0.2388773483689821	0.28639468172297605	0.1619718309859155	0.20048400673400674	0.28743249877270494	0.30383949564633234	0.2498314606741573	0.14192654192654192	0.23582761180181852	0.2825783972125436	0.22447069832728972	0.26801166747690813	0.32403111913950244	0.12129334424286883	0.11948867944968042	0.09468694885361552	0.08825649178590356	0.23714080003388177	0.22260817035414937	0.27532555386436663	0.1984968445209409	0.25935755066189853	0.14705882352941177	0.07352941176470588	0.271608982057721	0.1876265859620533	0.19436106346483706	0.05405405405405406	0.23391902215431626	0.06060606060606061	1.0
