arz	bs	ceb	ckb	da	de	el	en	es	fr	he	hi	hu	id	it	ja	ko	lv	mk	ml	mr	nl	pl	pt	ro	ru	sh	si	simple	sr	sv	te	tr	vi	war	zh
arz	0.5	0.125	0.0	0.1	0.09090909090909091	0.015873015873015872	0.1	0.0072992700729927005	0.0196078431372549	0.014084507042253521	0.03125	0.07142857142857142	0.05	0.08333333333333333	0.02127659574468085	0.017857142857142856	0.023809523809523808	0.14285714285714285	0.125	0.2	0.3333333333333333	0.023255813953488372	0.02702702702702703	0.022727272727272728	0.07692307692307693	0.01694915254237288	0.125	0.125	0.07692307692307693	0.0625	0.03225806451612903	0.5	0.05555555555555555	0.0625	0.25	0.02
bs	0.125	1.0	0.013888888888888888	0.0005773672055427252	0.002886836027713626	0.2146887334583106	0.0473054245834959	0.14310916136345841	0.08873978776687519	0.3635854517470209	0.0074455899198167235	0.0005773672055427252	0.042594868756161204	0.029218379734193025	0.0408665890124619	0.03709168433561844	0.04443789543537624	0.0005773672055427252	0.48385236447520186	0.0005773672055427252	0.1875	0.5101918606112549	0.46304085703115344	0.4625856631211338	0.06943587312288058	0.4674158066890807	0.42766364926683753	0.1875	0.0023094688221709007	0.5039018591276817	0.038639447007319756	0.125	0.18421052631578946	0.07557961913102482	0.25	0.27379990378829683
ceb	0.0	0.013888888888888888	0.5	0.0	0.0048543689320388345	0.0011389521640091116	0.0	0.00035587188612099647	0.0007639419404125286	0.0003184713375796178	0.0038461538461538464	0.006756756756756757	0.0033783783783783786	0.004651162790697674	0.0015772870662460567	0.0034482758620689655	0.005235602094240838	0.00819672131147541	0.006666666666666667	0.009615384615384616	0.0	0.001006036217303823	0.0022026431718061676	0.002070393374741201	0.006493506493506494	0.0014749262536873156	0.005434782608695652	0.02702702702702703	0.006756756756756757	0.0037593984962406013	0.001838235294117647	0.0	-1.0	0.006993006993006993	0.038461538461538464	0.002631578947368421
ckb	0.1	0.0005773672055427252	0.0	0.5	0.0	0.0012853470437017994	0.006329113924050633	0.001953125	0.0	0.0008278145695364238	0.0	0.0	0.0	0.0	0.0	0.006578947368421052	0.0	0.0	0.0005952380952380953	0.0	0.15	0.0005868544600938967	0.0006031363088057901	0.0006075334143377885	0.0	0.0005980861244019139	0.0006915629322268327	0.15	0.0	0.000580046403712297	0.007142857142857143	0.1	0.2	0.0	0.2	0.0010245901639344263
da	0.09090909090909091	0.002886836027713626	0.0048543689320388345	0.0	0.5	0.005128205128205128	0.012195121951219513	0.007782101167315175	0.012195121951219513	0.003305785123966942	0.06818181818181818	0.1	0.019736842105263157	0.018518518518518517	0.02247191011235955	0.025974025974025976	0.024390243902439025	0.1	0.0017814726840855108	0.1	0.13636363636363635	0.0023446658851113715	0.0024096385542168677	0.0024271844660194173	0.01293103448275862	0.0023894862604540022	0.0020689655172413794	0.13636363636363635	0.14285714285714285	0.002317497103128621	0.020833333333333332	0.09090909090909091	0.13043478260869565	0.015151515151515152	0.18181818181818182	0.00408997955010225
de	0.015873015873015872	0.2146887334583106	0.0011389521640091116	0.0012853470437017994	0.005128205128205128	1.0	0.0987852319436289	0.24845806551661584	0.1814814814814815	0.1781151449955787	0.023017902813299233	0.0012853470437017994	0.08932129770114312	0.06310636588161611	0.09527503766181815	0.09480355433600626	0.09972769417998356	0.0012853470437017994	0.21536670547147846	0.0012853470437017994	0.023809523809523808	0.21488906317695247	0.22662665119020722	0.22949200231884898	0.14420454492871654	0.20387807710151637	0.17205668820693454	0.023809523809523808	0.005141388174807198	0.2147705168149599	0.08846153846153847	0.015873015873015872	0.1044776119402985	0.15966402991964573	0.031746031746031744	0.18181157534256262
el	0.1	0.0473054245834959	0.0	0.006329113924050633	0.012195121951219513	0.0987852319436289	1.0	0.15582560249082017	0.18968167393891314	0.0635156514782012	0.026595744680851064	0.006329113924050633	0.24766003794533062	0.20334361131409628	0.10131254427063331	0.16973012578704547	0.21763608812215876	0.006329113924050633	0.04702380952380952	0.006329113924050633	0.15	0.04714809392860211	0.04824428474020526	0.04760810653970002	0.24175147283342793	0.04075693491384445	0.05036479512606819	0.15	0.006097560975609756	0.04687886605155149	0.15490989282654194	0.1	0.2	0.19277988892136802	0.2	0.07435838941485114
en	0.0072992700729927005	0.14310916136345841	0.00035587188612099647	0.001953125	0.007782101167315175	0.24845806551661584	0.15582560249082017	1.0	0.28238450983989727	0.1787298321060156	0.0390625	0.001953125	0.1548226096552515	0.10438986280487805	0.14962436811798407	0.14894058559162865	0.1670589767401102	0.001953125	0.13646922183507548	0.001953125	0.010948905109489052	0.1440575902810558	0.15243428377189674	0.15074854968498533	0.26796948598681114	0.1329558297533504	0.1434138120251163	0.010948905109489052	0.0078125	0.13936598334570913	0.12034065326776365	0.0072992700729927005	0.06569343065693431	0.2635614755728835	0.014598540145985401	0.18926186826563274
es	0.0196078431372549	0.08873978776687519	0.0007639419404125286	0.0	0.012195121951219513	0.1814814814814815	0.18968167393891314	0.28238450983989727	1.0	0.12575400073327797	0.03823529411764706	0.003067484662576687	0.21617500931561295	0.15441011506041472	0.15706806282722513	0.17897727272727273	0.23243047322756757	0.003067484662576687	0.09069493521790342	0.003067484662576687	0.029411764705882353	0.09091634921228402	0.09759036144578313	0.09613059250302297	0.3263777381094731	0.08013937282229965	0.09465457028880468	0.029411764705882353	0.012269938650306749	0.08780693129905723	0.143646408839779	0.0196078431372549	0.12727272727272726	0.32626180811286815	0.0392156862745098	0.147117296222664
fr	0.014084507042253521	0.3635854517470209	0.0003184713375796178	0.0008278145695364238	0.003305785123966942	0.1781151449955787	0.0635156514782012	0.1787298321060156	0.12575400073327797	1.0	0.011475409836065573	0.0008278145695364238	0.06155942272148705	0.042278877964223555	0.05907445190092363	0.057424500373386436	0.06786395422759059	0.0008278145695364238	0.33371824480369516	0.0008278145695364238	0.02112676056338028	0.363910655621564	0.35728166016941404	0.3574052624928532	0.10351658702468028	0.3329757200455714	0.4026750592363769	0.02112676056338028	0.0033112582781456954	0.3426837774635428	0.055291096131258106	0.014084507042253521	0.10135135135135136	0.10184419237840188	0.028169014084507043	0.39417030346193627
he	0.03125	0.0074455899198167235	0.0038461538461538464	0.0	0.06818181818181818	0.023017902813299233	0.026595744680851064	0.0390625	0.03823529411764706	0.011475409836065573	1.0	0.025	0.022222222222222223	0.014492753623188406	0.08695652173913043	0.07142857142857142	0.04891304347826087	0.025	0.007674144037780401	0.025	0.046875	0.007566938300349243	0.012062726176115802	0.011529126213592233	0.027559055118110236	0.011961722488038277	0.006130790190735695	0.046875	0.045454545454545456	0.007479861910241657	0.03571428571428571	0.03125	0.125	0.02476851851851852	0.0625	0.01417004048582996
hi	0.07142857142857142	0.0005773672055427252	0.006756756756756757	0.0	0.1	0.0012853470437017994	0.006329113924050633	0.001953125	0.003067484662576687	0.0008278145695364238	0.025	0.5	0.006756756756756757	0.00980392156862745	0.005681818181818182	0.006578947368421052	0.006172839506172839	0.5	0.0005952380952380953	0.5	0.10714285714285714	0.0005868544600938967	0.0006031363088057901	0.0006075334143377885	0.0043859649122807015	0.0005980861244019139	0.0	0.10714285714285714	0.125	0.000580046403712297	0.007142857142857143	0.07142857142857142	0.16666666666666666	0.003816793893129771	0.14285714285714285	0.0010245901639344263
hu	0.05	0.042594868756161204	0.0033783783783783786	0.0	0.019736842105263157	0.08932129770114312	0.24766003794533062	0.1548226096552515	0.21617500931561295	0.06155942272148705	0.022222222222222223	0.006756756756756757	1.0	0.30742712213004253	0.13384077763496144	0.20226507438337155	0.42669652356984933	0.006756756756756757	0.042111506524317915	0.006756756756756757	0.075	0.04397434983586289	0.04466880827077712	0.0434760509141581	0.3632483362946059	0.03753924465580129	0.0474289401250213	0.075	0.013157894736842105	0.04213785611773195	0.16901899285589822	0.05	0.13333333333333333	0.26120794049513685	0.1	0.07728810091235165
id	0.08333333333333333	0.029218379734193025	0.004651162790697674	0.0	0.018518518518518517	0.06310636588161611	0.20334361131409628	0.10438986280487805	0.15441011506041472	0.042278877964223555	0.014492753623188406	0.00980392156862745	0.30742712213004253	1.0	0.10045026699248802	0.21419947844563922	0.2914527698556737	0.00980392156862745	0.029726516052318668	0.00980392156862745	0.125	0.02980700054333444	0.03137850845012623	0.03033980582524272	0.21246335743599767	0.02641860840979852	0.03356682773420949	0.125	0.028846153846153848	0.029266798594234825	0.1922945205479452	0.08333333333333333	0.21428571428571427	0.17855160932297448	0.16666666666666666	0.051798296239771606
it	0.02127659574468085	0.0408665890124619	0.0015772870662460567	0.0	0.02247191011235955	0.09527503766181815	0.10131254427063331	0.14962436811798407	0.15706806282722513	0.05907445190092363	0.08695652173913043	0.005681818181818182	0.13384077763496144	0.10045026699248802	1.0	0.19491525423728814	0.13722989693654059	0.005681818181818182	0.041423570595099185	0.005681818181818182	0.031914893617021274	0.042776571236477455	0.05068429907620735	0.04879518072289157	0.12810457128927738	0.04739336492890995	0.040041542385402445	0.031914893617021274	0.022727272727272728	0.040386803185438	0.14227642276422764	0.02127659574468085	0.15	0.11864406779661017	0.0425531914893617	0.0691699604743083
ja	0.017857142857142856	0.03709168433561844	0.0034482758620689655	0.006578947368421052	0.025974025974025976	0.09480355433600626	0.16973012578704547	0.14894058559162865	0.17897727272727273	0.057424500373386436	0.07142857142857142	0.006578947368421052	0.20226507438337155	0.21419947844563922	0.19491525423728814	1.0	0.2152789391948393	0.006578947368421052	0.03755868544600939	0.006578947368421052	0.026785714285714284	0.03705762248724083	0.045838359469240045	0.04550970873786408	0.1696149738232302	0.0441527446300716	0.03770883160264398	0.026785714285714284	0.01282051282051282	0.036613272311212815	0.22277227722772278	0.017857142857142856	0.1271186440677966	0.146875	0.03571428571428571	0.0696969696969697
ko	0.023809523809523808	0.04443789543537624	0.005235602094240838	0.0	0.024390243902439025	0.09972769417998356	0.21763608812215876	0.1670589767401102	0.23243047322756757	0.06786395422759059	0.04891304347826087	0.006172839506172839	0.42669652356984933	0.2914527698556737	0.13722989693654059	0.2152789391948393	1.0	0.006172839506172839	0.044326241134751775	0.006172839506172839	0.03571428571428571	0.045171986974460225	0.04799420547838282	0.04892005364105075	0.3343125893514708	0.03928578035937764	0.051158895588923656	0.03571428571428571	0.012048192771084338	0.04372945037021695	0.15684143222506394	0.023809523809523808	0.13829787234042554	0.26977823620422897	0.047619047619047616	0.08294675586602401
lv	0.14285714285714285	0.0005773672055427252	0.00819672131147541	0.0	0.1	0.0012853470437017994	0.006329113924050633	0.001953125	0.003067484662576687	0.0008278145695364238	0.025	0.5	0.006756756756756757	0.00980392156862745	0.005681818181818182	0.006578947368421052	0.006172839506172839	0.5	0.0005952380952380953	0.5	0.21428571428571427	0.0005868544600938967	0.0006031363088057901	0.0006075334143377885	0.0043859649122807015	0.0005980861244019139	0.0	0.21428571428571427	0.125	0.000580046403712297	0.007142857142857143	0.14285714285714285	0.19444444444444445	0.003816793893129771	0.2857142857142857	0.0010245901639344263
mk	0.125	0.48385236447520186	0.006666666666666667	0.0005952380952380953	0.0017814726840855108	0.21536670547147846	0.04702380952380952	0.13646922183507548	0.09069493521790342	0.33371824480369516	0.007674144037780401	0.0005952380952380953	0.042111506524317915	0.029726516052318668	0.041423570595099185	0.03755868544600939	0.044326241134751775	0.0005952380952380953	0.5	0.0005952380952380953	0.1875	0.486013986013986	0.4591954022988506	0.461271676300578	0.0665083135391924	0.4632183908045977	0.4045138888888889	0.1875	0.002380952380952381	0.4838150289017341	0.03909952606635071	0.125	0.2222222222222222	0.07591933570581258	0.25	0.2703016241299304
ml	0.2	0.0005773672055427252	0.009615384615384616	0.0	0.1	0.0012853470437017994	0.006329113924050633	0.001953125	0.003067484662576687	0.0008278145695364238	0.025	0.5	0.006756756756756757	0.00980392156862745	0.005681818181818182	0.006578947368421052	0.006172839506172839	0.5	0.0005952380952380953	0.5	0.3	0.0005868544600938967	0.0006031363088057901	0.0006075334143377885	0.0043859649122807015	0.0005980861244019139	0.0	0.3	0.125	0.000580046403712297	0.007142857142857143	0.2	0.1388888888888889	0.003816793893129771	0.4	0.0010245901639344263
mr	0.3333333333333333	0.1875	0.0	0.15	0.13636363636363635	0.023809523809523808	0.15	0.010948905109489052	0.029411764705882353	0.02112676056338028	0.046875	0.10714285714285714	0.075	0.125	0.031914893617021274	0.026785714285714284	0.03571428571428571	0.21428571428571427	0.1875	0.3	0.5	0.03488372093023256	0.04054054054054054	0.03409090909090909	0.11538461538461539	0.025423728813559324	0.1875	0.1	0.11538461538461539	0.09375	0.04838709677419355	0.3333333333333333	0.08333333333333333	0.09375	0.375	0.03
nl	0.023255813953488372	0.5101918606112549	0.001006036217303823	0.0005868544600938967	0.0023446658851113715	0.21488906317695247	0.04714809392860211	0.1440575902810558	0.09091634921228402	0.363910655621564	0.007566938300349243	0.0005868544600938967	0.04397434983586289	0.02980700054333444	0.042776571236477455	0.03705762248724083	0.045171986974460225	0.0005868544600938967	0.486013986013986	0.0005868544600938967	0.03488372093023256	1.0	0.46952343979264693	0.47004383837061214	0.07007611490783056	0.47714830539783226	0.41807232896083085	0.03488372093023256	0.002347417840375587	0.49286871011612093	0.03986407294316229	0.023255813953488372	0.14893617021276595	0.07634465135421707	0.046511627906976744	0.27923483891323536
pl	0.02702702702702703	0.46304085703115344	0.0022026431718061676	0.0006031363088057901	0.0024096385542168677	0.22662665119020722	0.04824428474020526	0.15243428377189674	0.09759036144578313	0.35728166016941404	0.012062726176115802	0.0006031363088057901	0.04466880827077712	0.03137850845012623	0.05068429907620735	0.045838359469240045	0.04799420547838282	0.0006031363088057901	0.4591954022988506	0.0006031363088057901	0.04054054054054054	0.46952343979264693	1.0	0.48989791806309596	0.06960389985306847	0.4646042404565132	0.3868792164377934	0.04054054054054054	0.0024125452352231603	0.46059951986480663	0.04156626506024096	0.02702702702702703	0.125	0.07918586520399602	0.05405405405405406	0.290516206482593
pt	0.022727272727272728	0.4625856631211338	0.002070393374741201	0.0006075334143377885	0.0024271844660194173	0.22949200231884898	0.04760810653970002	0.15074854968498533	0.09613059250302297	0.3574052624928532	0.011529126213592233	0.0006075334143377885	0.0434760509141581	0.03033980582524272	0.04879518072289157	0.04550970873786408	0.04892005364105075	0.0006075334143377885	0.461271676300578	0.0006075334143377885	0.03409090909090909	0.47004383837061214	0.48989791806309596	1.0	0.06909689377903352	0.4592338859947509	0.3882084858154364	0.03409090909090909	0.002430133657351154	0.460212729665268	0.041868932038834954	0.022727272727272728	0.17391304347826086	0.07910473408368417	0.045454545454545456	0.29089272908479635
ro	0.07692307692307693	0.06943587312288058	0.006493506493506494	0.0	0.01293103448275862	0.14420454492871654	0.24175147283342793	0.26796948598681114	0.3263777381094731	0.10351658702468028	0.027559055118110236	0.0043859649122807015	0.3632483362946059	0.21246335743599767	0.12810457128927738	0.1696149738232302	0.3343125893514708	0.0043859649122807015	0.0665083135391924	0.0043859649122807015	0.11538461538461539	0.07007611490783056	0.06960389985306847	0.06909689377903352	1.0	0.05366747780331135	0.07878210704755043	0.11538461538461539	0.013043478260869565	0.06770429805103603	0.14437436366315676	0.07692307692307693	0.23809523809523808	0.40589982895423377	0.15384615384615385	0.11904406092523268
ru	0.01694915254237288	0.4674158066890807	0.0014749262536873156	0.0005980861244019139	0.0023894862604540022	0.20387807710151637	0.04075693491384445	0.1329558297533504	0.08013937282229965	0.3329757200455714	0.011961722488038277	0.0005980861244019139	0.03753924465580129	0.02641860840979852	0.04739336492890995	0.0441527446300716	0.03928578035937764	0.0005980861244019139	0.4632183908045977	0.0005980861244019139	0.025423728813559324	0.47714830539783226	0.4646042404565132	0.4592338859947509	0.05366747780331135	1.0	0.38815008756311	0.025423728813559324	0.0023923444976076554	0.46476245166981217	0.04121863799283154	0.01694915254237288	0.12096774193548387	0.06235042566738213	0.03389830508474576	0.2689720279157746
sh	0.125	0.42766364926683753	0.005434782608695652	0.0006915629322268327	0.0020689655172413794	0.17205668820693454	0.05036479512606819	0.1434138120251163	0.09465457028880468	0.4026750592363769	0.006130790190735695	0.0	0.0474289401250213	0.03356682773420949	0.040041542385402445	0.03770883160264398	0.051158895588923656	0.0	0.4045138888888889	0.0	0.1875	0.41807232896083085	0.3868792164377934	0.3882084858154364	0.07878210704755043	0.38815008756311	1.0	0.1875	0.001379310344827586	0.4214829446981941	0.041022620601431914	0.125	0.2222222222222222	0.08253827658190968	0.25	0.31633924808231045
si	0.125	0.1875	0.02702702702702703	0.15	0.13636363636363635	0.023809523809523808	0.15	0.010948905109489052	0.029411764705882353	0.02112676056338028	0.046875	0.10714285714285714	0.075	0.125	0.031914893617021274	0.026785714285714284	0.03571428571428571	0.21428571428571427	0.1875	0.3	0.1	0.03488372093023256	0.04054054054054054	0.03409090909090909	0.11538461538461539	0.025423728813559324	0.1875	0.5	0.11538461538461539	0.09375	0.04838709677419355	0.125	0.08333333333333333	0.09375	0.2	0.03
simple	0.07692307692307693	0.0023094688221709007	0.006756756756756757	0.0	0.14285714285714285	0.005141388174807198	0.006097560975609756	0.0078125	0.012269938650306749	0.0033112582781456954	0.045454545454545456	0.125	0.013157894736842105	0.028846153846153848	0.022727272727272728	0.01282051282051282	0.012048192771084338	0.125	0.002380952380952381	0.125	0.11538461538461539	0.002347417840375587	0.0024125452352231603	0.002430133657351154	0.013043478260869565	0.0023923444976076554	0.001379310344827586	0.11538461538461539	0.5	0.002320185614849188	0.02112676056338028	0.07692307692307693	0.20454545454545456	0.011363636363636364	0.15384615384615385	0.004098360655737705
sr	0.0625	0.5039018591276817	0.0037593984962406013	0.000580046403712297	0.002317497103128621	0.2147705168149599	0.04687886605155149	0.13936598334570913	0.08780693129905723	0.3426837774635428	0.007479861910241657	0.000580046403712297	0.04213785611773195	0.029266798594234825	0.040386803185438	0.036613272311212815	0.04372945037021695	0.000580046403712297	0.4838150289017341	0.000580046403712297	0.09375	0.49286871011612093	0.46059951986480663	0.460212729665268	0.06770429805103603	0.46476245166981217	0.4214829446981941	0.09375	0.002320185614849188	1.0	0.03818397188422782	0.0625	0.20833333333333334	0.07515844851388989	0.125	0.27219581701690926
sv	0.03225806451612903	0.038639447007319756	0.001838235294117647	0.007142857142857143	0.020833333333333332	0.08846153846153847	0.15490989282654194	0.12034065326776365	0.143646408839779	0.055291096131258106	0.03571428571428571	0.007142857142857143	0.16901899285589822	0.1922945205479452	0.14227642276422764	0.22277227722772278	0.15684143222506394	0.007142857142857143	0.03909952606635071	0.007142857142857143	0.04838709677419355	0.03986407294316229	0.04156626506024096	0.041868932038834954	0.14437436366315676	0.04121863799283154	0.041022620601431914	0.04838709677419355	0.02112676056338028	0.03818397188422782	1.0	0.03225806451612903	0.18055555555555555	0.128125	0.06451612903225806	0.06363636363636363
te	0.5	0.125	0.0	0.1	0.09090909090909091	0.015873015873015872	0.1	0.0072992700729927005	0.0196078431372549	0.014084507042253521	0.03125	0.07142857142857142	0.05	0.08333333333333333	0.02127659574468085	0.017857142857142856	0.023809523809523808	0.14285714285714285	0.125	0.2	0.3333333333333333	0.023255813953488372	0.02702702702702703	0.022727272727272728	0.07692307692307693	0.01694915254237288	0.125	0.125	0.07692307692307693	0.0625	0.03225806451612903	0.5	0.05555555555555555	0.0625	0.25	0.02
tr	0.05555555555555555	0.18421052631578946	-1.0	0.2	0.13043478260869565	0.1044776119402985	0.2	0.06569343065693431	0.12727272727272726	0.10135135135135136	0.125	0.16666666666666666	0.13333333333333333	0.21428571428571427	0.15	0.1271186440677966	0.13829787234042554	0.19444444444444445	0.2222222222222222	0.1388888888888889	0.08333333333333333	0.14893617021276595	0.125	0.17391304347826086	0.23809523809523808	0.12096774193548387	0.2222222222222222	0.08333333333333333	0.20454545454545456	0.20833333333333334	0.18055555555555555	0.05555555555555555	1.0	0.18	0.1111111111111111	0.15384615384615385
vi	0.0625	0.07557961913102482	0.006993006993006993	0.0	0.015151515151515152	0.15966402991964573	0.19277988892136802	0.2635614755728835	0.32626180811286815	0.10184419237840188	0.02476851851851852	0.003816793893129771	0.26120794049513685	0.17855160932297448	0.11864406779661017	0.146875	0.26977823620422897	0.003816793893129771	0.07591933570581258	0.003816793893129771	0.09375	0.07634465135421707	0.07918586520399602	0.07910473408368417	0.40589982895423377	0.06235042566738213	0.08253827658190968	0.09375	0.011363636363636364	0.07515844851388989	0.128125	0.0625	0.18	1.0	0.125	0.12531119669759128
war	0.25	0.25	0.038461538461538464	0.2	0.18181818181818182	0.031746031746031744	0.2	0.014598540145985401	0.0392156862745098	0.028169014084507043	0.0625	0.14285714285714285	0.1	0.16666666666666666	0.0425531914893617	0.03571428571428571	0.047619047619047616	0.2857142857142857	0.25	0.4	0.375	0.046511627906976744	0.05405405405405406	0.045454545454545456	0.15384615384615385	0.03389830508474576	0.25	0.2	0.15384615384615385	0.125	0.06451612903225806	0.25	0.1111111111111111	0.125	1.0	0.04
zh	0.02	0.27379990378829683	0.002631578947368421	0.0010245901639344263	0.00408997955010225	0.18181157534256262	0.07435838941485114	0.18926186826563274	0.147117296222664	0.39417030346193627	0.01417004048582996	0.0010245901639344263	0.07728810091235165	0.051798296239771606	0.0691699604743083	0.0696969696969697	0.08294675586602401	0.0010245901639344263	0.2703016241299304	0.0010245901639344263	0.03	0.27923483891323536	0.290516206482593	0.29089272908479635	0.11904406092523268	0.2689720279157746	0.31633924808231045	0.03	0.004098360655737705	0.27219581701690926	0.06363636363636363	0.02	0.15384615384615385	0.12531119669759128	0.04	1.0
