arz	bs	ceb	ckb	da	de	el	en	es	fr	he	hi	hu	id	it	ja	ko	lv	mk	ml	mr	nl	pl	pt	ro	ru	sh	si	simple	sr	sv	te	vi	war	zh
arz	1.0	1.0	0.0	0.0	1.0	1.0	1.0	0.7584325078215763	1.0	0.0	1.0	0.0	1.0	1.0	1.0	1.0	1.0	1.0	1.0	0.0	0.0	0.7690990303325336	1.0	1.0	1.0	1.0	1.0	0.0	1.0	1.0	1.0	0.0	1.0	0.0	0.7584325078215763
bs	1.0	1.0	0.0	1.0	1.0	1.0	0.5210421496976031	0.5220878743317067	0.5264149616971221	0.0	1.0	1.0	1.0	0.5163374845501131	0.4514596114085016	0.5210421496976031	1.0	0.5402714642429078	0.5210421496976031	1.0	1.0	1.0	0.4187642406569655	0.5256291902875226	0.47983392312034434	0.46977464778850153	1.0	1.0	0.5210421496976031	0.5210421496976031	1.0	1.0	1.0	1.0	0.5940873302553297
ceb	0.0	0.0	1.0	0.0	1.0	1.0	1.0	1.0	1.0	0.0	1.0	0.0	0.0	0.0	1.0	1.0	1.0	1.0	0.0	0.0	0.0	1.0	1.0	1.0	1.0	1.0	1.0	0.0	0.0	0.0	1.0	0.0	1.0	0.0	1.0
ckb	0.0	1.0	0.0	1.0	1.0	1.0	1.0	1.0	1.0	0.0	1.0	1.0	1.0	1.0	1.0	1.0	1.0	1.0	1.0	1.0	1.0	1.0	1.0	1.0	1.0	1.0	1.0	1.0	1.0	1.0	1.0	1.0	1.0	1.0	0.5020797777427737
da	1.0	1.0	1.0	1.0	1.0	0.30089251418295004	0.3401374855244713	0.12887547056354476	0.2309277820368749	0.0	0.4088227944452629	1.0	0.5041556660462446	0.43743389337267924	0.26432022734287036	0.2469544833615443	0.5858783259646646	0.5087891257889953	1.0	0.6031722582632507	1.0	0.2120212232930507	0.2903363505777648	0.3063101490294524	0.2380979047507164	0.16753178702978316	0.28611470969037506	1.0	0.6431915320584143	0.5419167696895881	0.16596174780728898	1.0	0.26195159853442496	1.0	0.28195218904111163
de	1.0	1.0	1.0	1.0	0.30089251418295004	1.0	0.2007340859167385	0.057019455185691494	0.11027125150929033	0.0	0.241164428010833	1.0	0.3159323551012326	0.3696577336329105	0.0786680679062756	0.13846807779191747	0.49739184299439637	0.2904104208931518	0.651610424238932	0.2822096299815391	1.0	0.10168410781052285	0.087875250166117	0.13051302924042318	0.2281436857028855	0.0782524014627784	0.2284338703503475	1.0	0.5309246365121646	0.3483987598424858	0.16410169836345612	1.0	0.2438367927389354	1.0	0.15306755874661188
el	1.0	0.5210421496976031	1.0	1.0	0.3401374855244713	0.2007340859167385	1.0	0.10485974956177055	0.14524661044905784	0.0	0.2805717285635747	1.0	0.5084486903899055	0.2701994548341108	0.125210577218196	0.1995173975735197	0.40789560458554325	0.4040295261831202	0.6638546162332061	0.4449800506631677	1.0	0.1828841337675636	0.15385124437727446	0.2141117699032628	0.21781486170832495	0.15027010020643236	0.3193981921735862	1.0	0.6411621673688593	0.3792182693067214	0.2700728712468856	1.0	0.29458505419405057	1.0	0.22412617970779453
en	0.7584325078215763	0.5220878743317067	1.0	1.0	0.12887547056354476	0.057019455185691494	0.10485974956177055	1.0	0.04467170940815871	0.5134237138207586	0.09957265359431532	0.5246383736502827	0.1905485109905637	0.1591347511799099	0.033143164565270285	0.08428517438517769	0.3358773080538825	0.175630201810537	0.4214695247726541	0.08111259681759937	1.0	0.04739108084723732	0.04088093170429363	0.050275214445325414	0.10432659641642883	0.0431756459152464	0.14505414648374718	1.0	0.2383846955858515	0.24649958013430945	0.07390700546413408	1.0	0.16945088004654632	0.7411828468492556	0.08612586030705884
es	1.0	0.5264149616971221	1.0	1.0	0.2309277820368749	0.11027125150929033	0.14524661044905784	0.04467170940815871	1.0	1.0	0.17718213179620093	0.7347168825662656	0.2717812299786845	0.24635296964073286	0.04300865855381885	0.12223306868744774	0.5399005519062331	0.38454514734616735	0.6345279152703018	0.14566402558735653	1.0	0.07858335759022327	0.05307050298458878	0.0751419036139566	0.22383822104149706	0.06257974157947879	0.2600887718037973	1.0	0.4562778306171995	0.29137493076259247	0.1206240465923119	1.0	0.24476699322817236	1.0	0.1190157374731215
fr	0.0	0.0	0.0	0.0	0.0	0.0	0.0	0.5134237138207586	1.0	1.0	0.0	0.0	0.0	0.0	1.0	0.0	0.0	0.0	0.0	0.0	0.0	1.0	1.0	1.0	0.0	1.0	0.0	0.0	0.0	0.0	0.0	0.0	0.0	0.0	1.0
he	1.0	1.0	1.0	1.0	0.4088227944452629	0.241164428010833	0.2805717285635747	0.09957265359431532	0.17718213179620093	0.0	1.0	1.0	0.43439820682461916	0.22646044356550887	0.14376709277883062	0.21960786607278798	0.5475267873209496	0.5149380588924641	1.0	0.5674735406325606	1.0	0.2133015028814778	0.16188655025367396	0.19509958367407387	0.25964101022034236	0.1440436836776748	0.2917417997710805	1.0	0.6369438144698713	0.3563799295902738	0.2443740878425034	1.0	0.27149867352268314	1.0	0.18607965000824497
hi	0.0	1.0	0.0	1.0	1.0	1.0	1.0	0.5246383736502827	0.7347168825662656	0.0	1.0	1.0	1.0	0.7690990303325336	1.0	1.0	1.0	1.0	1.0	1.0	1.0	1.0	1.0	0.7376607345031153	0.7863954451402115	0.7322034805959264	1.0	1.0	1.0	1.0	1.0	1.0	1.0	1.0	1.0
hu	1.0	1.0	0.0	1.0	0.5041556660462446	0.3159323551012326	0.5084486903899055	0.1905485109905637	0.2717812299786845	0.0	0.43439820682461916	1.0	1.0	0.5909893687951858	0.26217027496560624	0.34828476012819914	0.590450634789213	0.7234532828151787	1.0	0.5470676446207754	1.0	0.25738201051127646	0.2702377947080773	0.3729262071423208	0.29899733181476784	0.28049876925125816	0.37929337278437447	1.0	0.7248485669756152	0.7411828468492556	0.3361356069078893	1.0	0.5466950821382472	1.0	0.4283800443891104
id	1.0	0.5163374845501131	0.0	1.0	0.43743389337267924	0.3696577336329105	0.2701994548341108	0.1591347511799099	0.24635296964073286	0.0	0.22646044356550887	0.7690990303325336	0.5909893687951858	1.0	0.21314233325326168	0.22644908300023112	0.4361462336718008	0.3725709392346496	0.7455134344225701	0.31374380268418334	1.0	0.2396959954855732	0.2056508117830267	0.24731102025826426	0.35628244429646416	0.1793074357710982	0.43757930793897987	0.7584325078215763	0.4717191770049417	0.5080371358297777	0.2672797865122368	0.8216064286890065	0.35928941418702603	0.8428085291297184	0.2677114906153302
it	1.0	0.4514596114085016	1.0	1.0	0.26432022734287036	0.0786680679062756	0.125210577218196	0.033143164565270285	0.04300865855381885	1.0	0.14376709277883062	1.0	0.26217027496560624	0.21314233325326168	1.0	0.10756503113275606	0.39836144782739463	0.26854993541553324	0.5889899959755058	0.11625726800080721	1.0	0.05785132632375592	0.04394783462012762	0.06537609480566069	0.19176279867140905	0.045572193497426756	0.1929658957002966	1.0	0.45060613345914435	0.26449176333950974	0.10539564212522493	1.0	0.2045949151225552	1.0	0.11876504408906169
ja	1.0	0.5210421496976031	1.0	1.0	0.2469544833615443	0.13846807779191747	0.1995173975735197	0.08428517438517769	0.12223306868744774	0.0	0.21960786607278798	1.0	0.34828476012819914	0.22644908300023112	0.10756503113275606	1.0	0.32131479683590886	0.277556587843691	0.5689913289739429	0.25605254096770536	1.0	0.12102035675238883	0.11993348098110863	0.12520134256212126	0.20723608258344603	0.10097220598942598	0.2640496877209046	0.7863954451402115	0.31802177731942727	0.35119353449568075	0.13818072840500994	0.7863954451402115	0.23363354046889823	0.7510341748895938	0.12870731007646774
ko	1.0	1.0	1.0	1.0	0.5858783259646646	0.49739184299439637	0.40789560458554325	0.3358773080538825	0.5399005519062331	0.0	0.5475267873209496	1.0	0.590450634789213	0.4361462336718008	0.39836144782739463	0.32131479683590886	1.0	1.0	1.0	1.0	1.0	0.4755421241864666	0.46863626513563006	0.518172104489922	0.3026514769996437	0.3498860130702983	0.36408546304336786	1.0	0.7221793916855703	0.6463864166156963	0.44119152069405726	1.0	0.5483171677738148	1.0	0.26105128413968903
lv	1.0	0.5402714642429078	1.0	1.0	0.5087891257889953	0.2904104208931518	0.4040295261831202	0.175630201810537	0.38454514734616735	0.0	0.5149380588924641	1.0	0.7234532828151787	0.3725709392346496	0.26854993541553324	0.277556587843691	1.0	1.0	1.0	0.6332460537063271	1.0	0.32421676987117565	0.2688889420156633	0.33293028907695915	0.3010241821761579	0.24305245396812886	0.4848320680464124	1.0	1.0	0.3986455418109414	0.30279666976850617	1.0	0.6532002319725719	1.0	0.3242952155779577
mk	1.0	0.5210421496976031	0.0	1.0	1.0	0.651610424238932	0.6638546162332061	0.4214695247726541	0.6345279152703018	0.0	1.0	1.0	1.0	0.7455134344225701	0.5889899959755058	0.5689913289739429	1.0	1.0	1.0	1.0	1.0	0.5615771054492109	0.6501445840862393	0.7234532828151788	0.3043171346925217	0.7141080454298697	0.39428088638145886	1.0	1.0	0.6057326580174636	0.5945264701686551	1.0	0.7376607345031153	1.0	0.7221793916855703
ml	0.0	1.0	0.0	1.0	0.6031722582632507	0.2822096299815391	0.4449800506631677	0.08111259681759937	0.14566402558735653	0.0	0.5674735406325606	1.0	0.5470676446207754	0.31374380268418334	0.11625726800080721	0.25605254096770536	1.0	0.6332460537063271	1.0	1.0	1.0	0.18093220857980202	0.19939369767907314	0.14653047622083734	0.26021685011229356	0.14776776746101225	0.5804811485556858	1.0	0.5063787473321715	0.615773171291662	0.3316184238349063	1.0	0.6589257440209709	1.0	0.2971723094335226
mr	0.0	1.0	0.0	1.0	1.0	1.0	1.0	1.0	1.0	0.0	1.0	1.0	1.0	1.0	1.0	1.0	1.0	1.0	1.0	1.0	1.0	1.0	1.0	1.0	1.0	1.0	1.0	1.0	1.0	1.0	1.0	1.0	1.0	1.0	1.0
nl	0.7690990303325336	1.0	1.0	1.0	0.2120212232930507	0.10168410781052285	0.1828841337675636	0.04739108084723732	0.07858335759022327	1.0	0.2133015028814778	1.0	0.25738201051127646	0.2396959954855732	0.05785132632375592	0.12102035675238883	0.4755421241864666	0.32421676987117565	0.5615771054492109	0.18093220857980202	1.0	1.0	0.071126657612558	0.10693083089345459	0.1950046550106293	0.06541598141498364	0.2764140148283161	1.0	0.5099840101824351	0.4046224649644757	0.11239362180083294	1.0	0.2373867507629144	1.0	0.13058765979382467
pl	1.0	0.4187642406569655	1.0	1.0	0.2903363505777648	0.087875250166117	0.15385124437727446	0.04088093170429363	0.05307050298458878	1.0	0.16188655025367396	1.0	0.2702377947080773	0.2056508117830267	0.04394783462012762	0.11993348098110863	0.46863626513563006	0.2688889420156633	0.6501445840862393	0.19939369767907314	1.0	0.071126657612558	1.0	0.09176402205178577	0.18724965210173725	0.05197992019760292	0.20785962677617315	1.0	0.4282517585615566	0.3155267115720444	0.13427610869952714	1.0	0.26395083087770443	1.0	0.13496756084246642
pt	1.0	0.5256291902875226	1.0	1.0	0.3063101490294524	0.13051302924042318	0.2141117699032628	0.050275214445325414	0.0751419036139566	1.0	0.19509958367407387	0.7376607345031153	0.3729262071423208	0.24731102025826426	0.06537609480566069	0.12520134256212126	0.518172104489922	0.33293028907695915	0.7234532828151788	0.14653047622083734	1.0	0.10693083089345459	0.09176402205178577	1.0	0.2249748546244526	0.07380432883285551	0.2655695971475053	1.0	0.4474054809359209	0.3722575795855496	0.20095397934727252	1.0	0.23534697712902544	1.0	0.1284141396214559
ro	1.0	0.47983392312034434	1.0	1.0	0.2380979047507164	0.2281436857028855	0.21781486170832495	0.10432659641642883	0.22383822104149706	0.0	0.25964101022034236	0.7863954451402115	0.29899733181476784	0.35628244429646416	0.19176279867140905	0.20723608258344603	0.3026514769996437	0.3010241821761579	0.3043171346925217	0.26021685011229356	1.0	0.1950046550106293	0.18724965210173725	0.2249748546244526	1.0	0.16940920772459273	0.27388379375216404	1.0	0.41077342362854025	0.19379187019479657	0.2310785016158776	1.0	0.30631026181416215	1.0	0.18584052773909593
ru	1.0	0.46977464778850153	1.0	1.0	0.16753178702978316	0.0782524014627784	0.15027010020643236	0.0431756459152464	0.06257974157947879	1.0	0.1440436836776748	0.7322034805959264	0.28049876925125816	0.1793074357710982	0.045572193497426756	0.10097220598942598	0.3498860130702983	0.24305245396812886	0.7141080454298697	0.14776776746101225	1.0	0.06541598141498364	0.05197992019760292	0.07380432883285551	0.16940920772459273	1.0	0.1789146591035784	1.0	0.38266406984374945	0.29062514987398147	0.09968292666712007	1.0	0.21210395388399392	1.0	0.11872217700584282
sh	1.0	1.0	1.0	1.0	0.28611470969037506	0.2284338703503475	0.3193981921735862	0.14505414648374718	0.2600887718037973	0.0	0.2917417997710805	1.0	0.37929337278437447	0.43757930793897987	0.1929658957002966	0.2640496877209046	0.36408546304336786	0.4848320680464124	0.39428088638145886	0.5804811485556858	1.0	0.2764140148283161	0.20785962677617315	0.2655695971475053	0.27388379375216404	0.1789146591035784	1.0	1.0	0.6532002319725722	0.4022507623684341	0.31439600732800427	1.0	0.3718413987181535	1.0	0.23873603044054542
si	0.0	1.0	0.0	1.0	1.0	1.0	1.0	1.0	1.0	0.0	1.0	1.0	1.0	0.7584325078215763	1.0	0.7863954451402115	1.0	1.0	1.0	1.0	1.0	1.0	1.0	1.0	1.0	1.0	1.0	1.0	1.0	1.0	1.0	1.0	1.0	1.0	1.0
simple	1.0	0.5210421496976031	0.0	1.0	0.6431915320584143	0.5309246365121646	0.6411621673688593	0.2383846955858515	0.4562778306171995	0.0	0.6369438144698713	1.0	0.7248485669756152	0.4717191770049417	0.45060613345914435	0.31802177731942727	0.7221793916855703	1.0	1.0	0.5063787473321715	1.0	0.5099840101824351	0.4282517585615566	0.4474054809359209	0.41077342362854025	0.38266406984374945	0.6532002319725722	1.0	1.0	0.6740515375688697	0.5293166847214913	1.0	0.6941721048097768	1.0	0.36859056332606954
sr	1.0	0.5210421496976031	0.0	1.0	0.5419167696895881	0.3483987598424858	0.3792182693067214	0.24649958013430945	0.29137493076259247	0.0	0.3563799295902738	1.0	0.7411828468492556	0.5080371358297777	0.26449176333950974	0.35119353449568075	0.6463864166156963	0.3986455418109414	0.6057326580174636	0.615773171291662	1.0	0.4046224649644757	0.3155267115720444	0.3722575795855496	0.19379187019479657	0.29062514987398147	0.4022507623684341	1.0	0.6740515375688697	1.0	0.3834379678046595	1.0	0.5440398254280907	0.7584325078215763	0.27632993810423584
sv	1.0	1.0	1.0	1.0	0.16596174780728898	0.16410169836345612	0.2700728712468856	0.07390700546413408	0.1206240465923119	0.0	0.2443740878425034	1.0	0.3361356069078893	0.2672797865122368	0.10539564212522493	0.13818072840500994	0.44119152069405726	0.30279666976850617	0.5945264701686551	0.3316184238349063	1.0	0.11239362180083294	0.13427610869952714	0.20095397934727252	0.2310785016158776	0.09968292666712007	0.31439600732800427	1.0	0.5293166847214913	0.3834379678046595	1.0	1.0	0.3271456819365228	1.0	0.2036743753698929
te	0.0	1.0	0.0	1.0	1.0	1.0	1.0	1.0	1.0	0.0	1.0	1.0	1.0	0.8216064286890065	1.0	0.7863954451402115	1.0	1.0	1.0	1.0	1.0	1.0	1.0	1.0	1.0	1.0	1.0	1.0	1.0	1.0	1.0	1.0	1.0	1.0	1.0
vi	1.0	1.0	1.0	1.0	0.26195159853442496	0.2438367927389354	0.29458505419405057	0.16945088004654632	0.24476699322817236	0.0	0.27149867352268314	1.0	0.5466950821382472	0.35928941418702603	0.2045949151225552	0.23363354046889823	0.5483171677738148	0.6532002319725719	0.7376607345031153	0.6589257440209709	1.0	0.2373867507629144	0.26395083087770443	0.23534697712902544	0.30631026181416215	0.21210395388399392	0.3718413987181535	1.0	0.6941721048097768	0.5440398254280907	0.3271456819365228	1.0	1.0	1.0	0.2545439557953232
war	0.0	1.0	0.0	1.0	1.0	1.0	1.0	0.7411828468492556	1.0	0.0	1.0	1.0	1.0	0.8428085291297184	1.0	0.7510341748895938	1.0	1.0	1.0	1.0	1.0	1.0	1.0	1.0	1.0	1.0	1.0	1.0	1.0	0.7584325078215763	1.0	1.0	1.0	1.0	1.0
zh	0.7584325078215763	0.5940873302553297	1.0	0.5020797777427737	0.28195218904111163	0.15306755874661188	0.22412617970779453	0.08612586030705884	0.1190157374731215	1.0	0.18607965000824497	1.0	0.4283800443891104	0.2677114906153302	0.11876504408906169	0.12870731007646774	0.26105128413968903	0.3242952155779577	0.7221793916855703	0.2971723094335226	1.0	0.13058765979382467	0.13496756084246642	0.1284141396214559	0.18584052773909593	0.11872217700584282	0.23873603044054542	1.0	0.36859056332606954	0.27632993810423584	0.2036743753698929	1.0	0.2545439557953232	1.0	1.0
