arz	bs	ceb	ckb	da	de	el	en	es	fr	he	hi	hu	id	it	ja	ko	lv	mk	ml	mr	nl	pl	pt	ro	ru	sh	si	simple	sr	sv	te	vi	war	zh
arz	1.0	1.0	0.0	0.0	1.0	1.0	0.585786437626905	0.5	0.585786437626905	0.0	1.0	0.0	1.0	1.0	0.585786437626905	0.585786437626905	1.0	1.0	1.0	0.0	0.0	1.0	0.585786437626905	1.0	0.585786437626905	0.585786437626905	1.0	0.0	1.0	1.0	1.0	0.0	1.0	0.0	0.585786437626905
bs	1.0	1.0	0.39564392373896007	1.0	0.32449979983983984	0.32449979983983984	1.0	0.30216947925196225	0.32449979983983984	0.3597752501562547	0.353889367864523	0.4364916731037085	0.32449979983983984	0.31264808514230086	0.30216947925196225	0.32449979983983984	0.32449979983983984	0.3797958971132712	1.0	0.4364916731037085	1.0	0.32449979983983984	0.32449979983983984	0.30216947925196225	0.32449979983983984	0.32449979983983984	0.353889367864523	1.0	1.0	0.32449979983983984	0.32449979983983984	1.0	0.32449979983983984	0.4364916731037085	0.32449979983983984
ceb	0.0	0.39564392373896007	1.0	0.39564392373896007	0.39564392373896007	0.39564392373896007	1.0	0.41319688409934685	0.39564392373896007	0.39564392373896007	1.0	1.0	0.39564392373896007	0.39564392373896007	0.39564392373896007	0.39564392373896007	0.39564392373896007	0.39564392373896007	0.39564392373896007	1.0	1.0	0.39564392373896007	0.39564392373896007	0.39564392373896007	0.39564392373896007	0.39564392373896007	0.39564392373896007	0.0	0.39564392373896007	0.39564392373896007	0.39564392373896007	1.0	0.39564392373896007	1.0	0.39564392373896007
ckb	0.0	1.0	0.39564392373896007	1.0	1.0	1.0	1.0	0.5	1.0	1.0	1.0	1.0	1.0	0.585786437626905	1.0	1.0	1.0	1.0	1.0	1.0	1.0	1.0	1.0	0.585786437626905	1.0	1.0	1.0	0.0	1.0	1.0	0.585786437626905	1.0	1.0	1.0	1.0
da	1.0	0.32449979983983984	0.39564392373896007	1.0	1.0	0.35388936786452296	1.0	0.20097734290658814	0.3483314773547883	0.3090169943749474	0.4364916731037085	1.0	0.585786437626905	0.3333333333333333	0.32037724101704074	0.44948974278317805	0.585786437626905	1.0	1.0	1.0	1.0	0.3483314773547883	0.27429188517743175	0.24660605559646726	0.585786437626905	0.36602540378443865	0.585786437626905	1.0	0.585786437626905	0.44948974278317805	0.32449979983983984	1.0	0.585786437626905	1.0	0.36602540378443865
de	1.0	0.32449979983983984	0.39564392373896007	1.0	0.35388936786452296	1.0	0.585786437626905	0.0672617925827683	0.2402530733520421	0.17253779651421453	0.44948974278317805	0.585786437626905	0.4142135623730951	0.3333333333333333	0.1856154626682773	0.32449979983983984	0.585786437626905	1.0	0.5	0.585786437626905	0.585786437626905	0.2928060946961875	0.19171517982271646	0.2240092377397959	0.4142135623730951	0.32449979983983984	0.3380788308512194	1.0	0.38742588672279304	0.3164309725825327	0.2466060555964672	0.585786437626905	0.32037724101704074	1.0	0.4142135623730951
el	0.585786437626905	1.0	1.0	1.0	1.0	0.585786437626905	1.0	0.4364916731037085	1.0	0.5	1.0	1.0	1.0	1.0	1.0	1.0	1.0	1.0	1.0	1.0	1.0	1.0	1.0	0.585786437626905	1.0	1.0	1.0	0.0	1.0	1.0	0.5	1.0	1.0	1.0	1.0
en	0.5	0.30216947925196225	0.41319688409934685	0.5	0.20097734290658814	0.0672617925827683	0.4364916731037085	1.0	0.05339536063405664	0.060770568654585765	0.24257131419419417	0.585786437626905	0.19404996501286384	0.16274514786094735	0.07705890122066429	0.08470921289405749	0.19803190560151412	0.44948974278317805	0.585786437626905	0.5	0.4364916731037085	0.09800043459279602	0.11548121726099489	0.07144752539673661	0.2612038749637414	0.10196315404327129	0.10290397182775128	1.0	0.23413252028445625	0.08413421726415848	0.09796732612944137	1.0	0.05234587526613291	0.585786437626905	0.11909141985105977
es	0.585786437626905	0.32449979983983984	0.39564392373896007	1.0	0.3483314773547883	0.2402530733520421	1.0	0.05339536063405664	1.0	0.20799159651347807	0.585786437626905	1.0	0.5	0.24336073281110826	0.1987625491245426	0.5	0.5	0.585786437626905	1.0	1.0	1.0	0.38742588672279304	0.21239994067041815	0.22584440001865322	0.585786437626905	0.44948974278317805	0.34833147735478825	1.0	0.4142135623730951	0.32037724101704074	0.3090169943749474	1.0	0.25175647872610657	1.0	0.5
fr	0.0	0.3597752501562547	0.39564392373896007	1.0	0.3090169943749474	0.17253779651421453	0.5	0.060770568654585765	0.20799159651347807	1.0	0.3430703308172536	0.5	0.3164309725825327	0.25	0.14342762372277806	0.3164309725825328	0.3430703308172536	1.0	0.585786437626905	0.44948974278317805	1.0	0.28708594921778513	0.17854832631144232	0.2025519956555797	0.3483314773547883	0.24336073281110826	0.2958163163244893	1.0	0.3660254037844386	0.26533119314590375	0.23582845781094	0.585786437626905	0.20521309615767264	1.0	0.28989794855663564
he	1.0	0.353889367864523	1.0	1.0	0.4364916731037085	0.44948974278317805	1.0	0.24257131419419417	0.585786437626905	0.3430703308172536	1.0	1.0	0.585786437626905	0.44948974278317805	0.4142135623730951	1.0	1.0	1.0	1.0	1.0	1.0	1.0	0.3090169943749474	0.44948974278317805	0.585786437626905	1.0	0.585786437626905	1.0	0.585786437626905	1.0	0.4142135623730951	1.0	0.5	1.0	1.0
hi	0.0	0.4364916731037085	1.0	1.0	1.0	0.585786437626905	1.0	0.585786437626905	1.0	0.5	1.0	1.0	1.0	0.585786437626905	0.5	1.0	1.0	1.0	1.0	1.0	1.0	1.0	0.5	0.36602540378443865	0.585786437626905	1.0	1.0	1.0	1.0	1.0	0.5	1.0	1.0	1.0	1.0
hu	1.0	0.32449979983983984	0.39564392373896007	1.0	0.585786437626905	0.4142135623730951	1.0	0.19404996501286384	0.5	0.3164309725825327	0.585786437626905	1.0	1.0	0.38742588672279304	0.353889367864523	0.585786437626905	0.585786437626905	1.0	1.0	1.0	1.0	0.5	0.312382456964725	0.38742588672279304	0.5	0.5	0.5	1.0	0.4142135623730951	0.5	0.38742588672279304	1.0	0.585786437626905	1.0	0.5
id	1.0	0.31264808514230086	0.39564392373896007	0.585786437626905	0.3333333333333333	0.3333333333333333	1.0	0.16274514786094735	0.24336073281110826	0.25	0.44948974278317805	0.585786437626905	0.38742588672279304	1.0	0.23441237831492112	0.3090169943749474	0.44948974278317805	0.5	1.0	1.0	1.0	0.2958163163244893	0.25355482027512377	0.2216368750839041	0.5	0.28436465220442186	0.38742588672279304	1.0	0.38742588672279304	0.38742588672279304	0.3090169943749474	1.0	0.38742588672279304	1.0	0.26968623182294527
it	0.585786437626905	0.30216947925196225	0.39564392373896007	1.0	0.32037724101704074	0.1856154626682773	1.0	0.07705890122066429	0.1987625491245426	0.14342762372277806	0.4142135623730951	0.5	0.353889367864523	0.23441237831492112	1.0	0.23166247903554	0.44948974278317805	1.0	1.0	1.0	1.0	0.2989350844248255	0.17854832631144232	0.18660549686337075	0.4142135623730951	0.2222222222222222	0.3660254037844386	1.0	0.4142135623730951	0.38742588672279304	0.22901628833426058	1.0	0.3380788308512194	1.0	0.2843646522044218
ja	0.585786437626905	0.32449979983983984	0.39564392373896007	1.0	0.44948974278317805	0.32449979983983984	1.0	0.08470921289405749	0.5	0.3164309725825328	1.0	1.0	0.585786437626905	0.3090169943749474	0.23166247903554	1.0	1.0	1.0	1.0	1.0	1.0	0.585786437626905	0.2958163163244893	0.26533119314590375	0.5	1.0	0.5	1.0	0.44948974278317805	0.5	0.3333333333333333	1.0	0.2708131845707603	1.0	1.0
ko	1.0	0.32449979983983984	0.39564392373896007	1.0	0.585786437626905	0.585786437626905	1.0	0.19803190560151412	0.5	0.3430703308172536	1.0	1.0	0.585786437626905	0.44948974278317805	0.44948974278317805	1.0	1.0	1.0	1.0	1.0	1.0	0.585786437626905	0.44948974278317805	0.3430703308172536	0.5	1.0	0.5	1.0	0.44948974278317805	0.585786437626905	0.4142135623730951	1.0	0.4142135623730951	1.0	1.0
lv	1.0	0.3797958971132712	0.39564392373896007	1.0	1.0	1.0	1.0	0.44948974278317805	0.585786437626905	1.0	1.0	1.0	1.0	0.5	1.0	1.0	1.0	1.0	1.0	1.0	1.0	0.585786437626905	1.0	0.585786437626905	1.0	1.0	0.585786437626905	1.0	0.585786437626905	1.0	0.585786437626905	1.0	1.0	1.0	1.0
mk	1.0	1.0	0.39564392373896007	1.0	1.0	0.5	1.0	0.585786437626905	1.0	0.585786437626905	1.0	1.0	1.0	1.0	1.0	1.0	1.0	1.0	1.0	1.0	1.0	1.0	0.4364916731037085	1.0	1.0	1.0	1.0	0.0	1.0	1.0	1.0	1.0	1.0	1.0	1.0
ml	0.0	0.4364916731037085	1.0	1.0	1.0	0.585786437626905	1.0	0.5	1.0	0.44948974278317805	1.0	1.0	1.0	1.0	1.0	1.0	1.0	1.0	1.0	1.0	1.0	1.0	0.585786437626905	0.5	0.585786437626905	1.0	1.0	1.0	1.0	1.0	0.585786437626905	1.0	1.0	1.0	1.0
mr	0.0	1.0	1.0	1.0	1.0	0.585786437626905	1.0	0.4364916731037085	1.0	1.0	1.0	1.0	1.0	1.0	1.0	1.0	1.0	1.0	1.0	1.0	1.0	1.0	1.0	0.585786437626905	1.0	1.0	1.0	0.0	1.0	1.0	1.0	1.0	1.0	1.0	1.0
nl	1.0	0.32449979983983984	0.39564392373896007	1.0	0.3483314773547883	0.2928060946961875	1.0	0.09800043459279602	0.38742588672279304	0.28708594921778513	1.0	1.0	0.5	0.2958163163244893	0.2989350844248255	0.585786437626905	0.585786437626905	0.585786437626905	1.0	1.0	1.0	1.0	0.21239994067041815	0.2553967929896867	0.5	0.585786437626905	0.44948974278317805	1.0	0.44948974278317805	0.585786437626905	0.34833147735478825	1.0	0.36602540378443865	1.0	1.0
pl	0.585786437626905	0.32449979983983984	0.39564392373896007	1.0	0.27429188517743175	0.19171517982271646	1.0	0.11548121726099489	0.21239994067041815	0.17854832631144232	0.3090169943749474	0.5	0.312382456964725	0.25355482027512377	0.17854832631144232	0.2958163163244893	0.44948974278317805	1.0	0.4364916731037085	0.585786437626905	1.0	0.21239994067041815	1.0	0.20476166148475847	0.3483314773547883	0.27429188517743175	0.38742588672279304	1.0	0.44948974278317805	0.2928060946961875	0.2193450929151803	1.0	0.28436465220442186	1.0	0.26968623182294527
pt	1.0	0.30216947925196225	0.39564392373896007	0.585786437626905	0.24660605559646726	0.2240092377397959	0.585786437626905	0.07144752539673661	0.22584440001865322	0.2025519956555797	0.44948974278317805	0.36602540378443865	0.38742588672279304	0.2216368750839041	0.18660549686337075	0.26533119314590375	0.3430703308172536	0.585786437626905	1.0	0.5	0.585786437626905	0.2553967929896867	0.20476166148475847	1.0	0.3288130902060995	0.23800671553691075	0.27429188517743175	1.0	0.4142135623730951	0.3090169943749474	0.24828371682826425	1.0	0.2958163163244893	0.585786437626905	0.27429188517743175
ro	0.585786437626905	0.32449979983983984	0.39564392373896007	1.0	0.585786437626905	0.4142135623730951	1.0	0.2612038749637414	0.585786437626905	0.3483314773547883	0.585786437626905	0.585786437626905	0.5	0.5	0.4142135623730951	0.5	0.5	1.0	1.0	0.585786437626905	1.0	0.5	0.3483314773547883	0.3288130902060995	1.0	0.585786437626905	1.0	1.0	0.5	0.5	0.38742588672279304	1.0	0.585786437626905	1.0	0.5
ru	0.585786437626905	0.32449979983983984	0.39564392373896007	1.0	0.36602540378443865	0.32449979983983984	1.0	0.10196315404327129	0.44948974278317805	0.24336073281110826	1.0	1.0	0.5	0.28436465220442186	0.2222222222222222	1.0	1.0	1.0	1.0	1.0	1.0	0.585786437626905	0.27429188517743175	0.23800671553691075	0.585786437626905	1.0	0.4142135623730951	1.0	0.44948974278317805	0.39564392373896	0.34833147735478825	1.0	0.36602540378443865	1.0	1.0
sh	1.0	0.353889367864523	0.39564392373896007	1.0	0.585786437626905	0.3380788308512194	1.0	0.10290397182775128	0.34833147735478825	0.2958163163244893	0.585786437626905	1.0	0.5	0.38742588672279304	0.3660254037844386	0.5	0.5	0.585786437626905	1.0	1.0	1.0	0.44948974278317805	0.38742588672279304	0.27429188517743175	1.0	0.4142135623730951	1.0	1.0	0.4142135623730951	0.18822566650963435	0.38742588672279304	1.0	0.3203772410170407	1.0	0.44948974278317805
si	0.0	1.0	0.0	0.0	1.0	1.0	0.0	1.0	1.0	1.0	1.0	1.0	1.0	1.0	1.0	1.0	1.0	1.0	0.0	1.0	0.0	1.0	1.0	1.0	1.0	1.0	1.0	1.0	0.0	1.0	1.0	0.0	1.0	1.0	1.0
simple	1.0	1.0	0.39564392373896007	1.0	0.585786437626905	0.38742588672279304	1.0	0.23413252028445625	0.4142135623730951	0.3660254037844386	0.585786437626905	1.0	0.4142135623730951	0.38742588672279304	0.4142135623730951	0.44948974278317805	0.44948974278317805	0.585786437626905	1.0	1.0	1.0	0.44948974278317805	0.44948974278317805	0.4142135623730951	0.5	0.44948974278317805	0.4142135623730951	0.0	1.0	0.44948974278317805	0.3660254037844386	1.0	0.5	1.0	0.44948974278317805
sr	1.0	0.32449979983983984	0.39564392373896007	1.0	0.44948974278317805	0.3164309725825327	1.0	0.08413421726415848	0.32037724101704074	0.26533119314590375	1.0	1.0	0.5	0.38742588672279304	0.38742588672279304	0.5	0.585786437626905	1.0	1.0	1.0	1.0	0.585786437626905	0.2928060946961875	0.3090169943749474	0.5	0.39564392373896	0.18822566650963435	1.0	0.44948974278317805	1.0	0.3380788308512194	1.0	0.2449655295864104	1.0	0.36602540378443865
sv	1.0	0.32449979983983984	0.39564392373896007	0.585786437626905	0.32449979983983984	0.2466060555964672	0.5	0.09796732612944137	0.3090169943749474	0.23582845781094	0.4142135623730951	0.5	0.38742588672279304	0.3090169943749474	0.22901628833426058	0.3333333333333333	0.4142135623730951	0.585786437626905	1.0	0.585786437626905	1.0	0.34833147735478825	0.2193450929151803	0.24828371682826425	0.38742588672279304	0.34833147735478825	0.38742588672279304	1.0	0.3660254037844386	0.3380788308512194	1.0	1.0	0.38742588672279304	1.0	0.38742588672279304
te	0.0	1.0	1.0	1.0	1.0	0.585786437626905	1.0	1.0	1.0	0.585786437626905	1.0	1.0	1.0	1.0	1.0	1.0	1.0	1.0	1.0	1.0	1.0	1.0	1.0	1.0	1.0	1.0	1.0	0.0	1.0	1.0	1.0	1.0	1.0	1.0	1.0
vi	1.0	0.32449979983983984	0.39564392373896007	1.0	0.585786437626905	0.32037724101704074	1.0	0.05234587526613291	0.25175647872610657	0.20521309615767264	0.5	1.0	0.585786437626905	0.38742588672279304	0.3380788308512194	0.2708131845707603	0.4142135623730951	1.0	1.0	1.0	1.0	0.36602540378443865	0.28436465220442186	0.2958163163244893	0.585786437626905	0.36602540378443865	0.3203772410170407	1.0	0.5	0.2449655295864104	0.38742588672279304	1.0	1.0	1.0	0.36602540378443865
war	0.0	0.4364916731037085	1.0	1.0	1.0	1.0	1.0	0.585786437626905	1.0	1.0	1.0	1.0	1.0	1.0	1.0	1.0	1.0	1.0	1.0	1.0	1.0	1.0	1.0	0.585786437626905	1.0	1.0	1.0	1.0	1.0	1.0	1.0	1.0	1.0	1.0	1.0
zh	0.585786437626905	0.32449979983983984	0.39564392373896007	1.0	0.36602540378443865	0.4142135623730951	1.0	0.11909141985105977	0.5	0.28989794855663564	1.0	1.0	0.5	0.26968623182294527	0.2843646522044218	1.0	1.0	1.0	1.0	1.0	1.0	1.0	0.26968623182294527	0.27429188517743175	0.5	1.0	0.44948974278317805	1.0	0.44948974278317805	0.36602540378443865	0.38742588672279304	1.0	0.36602540378443865	1.0	1.0
