arz	bs	ceb	ckb	da	de	el	en	es	fr	he	hi	hu	id	it	ja	ko	lv	mk	ml	mr	nl	pl	pt	ro	ru	sh	si	simple	sr	sv	te	vi	war	zh
arz	0.055629713052592754	0.25	0.0	0.3333333333333333	0.14287755102040817	0.09090909090909091	0.08334722917361807	0.06250390624999999	0.1	0.08334027777777778	0.125015625	0.5	0.125	0.125015625	0.1	0.1111111111111111	0.08333333333333333	0.20003999999999997	0.2	0.3333333333333333	0.25	0.1111111111111111	0.1111111111111111	0.06666666666666667	0.09093389256198348	0.1	0.25	0.3333333333333333	0.1	0.25	0.11112345679012345	0.0	0.125	0.2	0.08333333333333333
bs	0.25	0.014343072377562733	0.0	0.2	0.017289077976148263	0.014315360299553343	0.016181228162511097	0.014302057366963298	0.015153351928374657	0.016491028272443878	0.017632640938346954	0.3333333333333333	0.016184898971161453	0.016768392567538645	0.014311471493764615	0.016429801835088405	0.015432583724130354	0.023032463423755135	0.06258602353917982	0.25006249999999997	0.1430820620012878	0.014970729752019227	0.015418057417087428	0.017262510733392144	0.016302321525938874	0.014958411815392881	0.11113580246913579	0.14285714285714285	0.033339999999999995	0.0183324906552073	0.015425187227356313	0.0	0.02859267184980408	0.09090909090909091	0.015174503946803575
ceb	0.0	0.0	0.5	0.0	1.0	0.5	0.5	0.5	0.5	0.5	0.5	1.0	0.5	0.5	0.5	0.5	0.5	1.0	1.0	0.0	0.5	0.5	0.5	0.5	0.5	0.5	0.5	0.0	0.5	1.0	0.5	0.0	0.5	0.0	0.5
ckb	0.3333333333333333	0.2	0.0	0.16669444444444442	0.2	0.16666666666666666	0.16666666666666666	0.16666666666666666	0.16666666666666666	0.16666666666666666	0.2	0.5	0.2	0.20003999999999997	0.16666666666666666	0.2	0.16666666666666666	0.20003999999999997	0.25	0.25	0.20003999999999997	0.16666666666666666	0.16669444444444442	0.16666666666666666	0.16669444444444442	0.16666666666666666	0.5	0.3333333333333333	0.2	0.2	0.16666666666666666	0.0	0.2	0.16666666666666666	0.16666666666666666
da	0.14287755102040817	0.017289077976148263	1.0	0.2	0.0068742817740068156	0.008553953397256559	0.010539741744413458	0.006854620476828535	0.008264804316645037	0.00864700268842741	0.012681185795879048	0.3333333333333333	0.009818747733920337	0.01335934340416446	0.0076408196536938994	0.010426768565874794	0.009722235675124572	0.02049518745550925	0.06253127345313281	0.25	0.125046875	0.007589384861199775	0.00953225252372445	0.01020783069575177	0.011953287515485947	0.009624176041609377	0.14285714285714285	0.07692307692307693	0.01851954732510288	0.016992070101880703	0.008558200473180252	0.0	0.016134236472424558	0.0625	0.009014694263940753
de	0.09090909090909091	0.014315360299553343	0.5	0.16666666666666666	0.008553953397256559	0.0022908288346167207	0.006031036117916328	0.0023117646926832268	0.0027029072461650836	0.002955947732600086	0.008783874296751844	0.3333333333333333	0.004553692320336694	0.010652121113645106	0.002804828643512387	0.004171359624051222	0.005083032585840997	0.020040897835746068	0.05001751501501502	0.2	0.11113580246913579	0.0028643457734813245	0.0037088692442308543	0.0036263156139491994	0.0044707496800928835	0.0036277622281503325	0.07693491124260354	0.07692307692307693	0.012195716835217132	0.01317905060829186	0.006140055068429865	0.0	0.010105092848076726	0.06666666666666667	0.0037488004494414745
el	0.08334722917361807	0.016181228162511097	0.5	0.16666666666666666	0.010539741744413458	0.006031036117916328	0.005300614320289378	0.005323991544991744	0.00578081469477764	0.006087719398788716	0.009923195094752039	0.3333333333333333	0.007889422155670749	0.012222694209539317	0.005657228971484501	0.006907364209213462	0.00725931872982359	0.019690464326194528	0.0500075025025025	0.20003999999999997	0.11118522224693829	0.006109930862884658	0.006546043677499627	0.006808186361798331	0.007243175257707913	0.0063377776147473894	0.1111234691481605	0.08333333333333333	0.015626709228760007	0.01591469743356975	0.008861084363951235	0.0	0.015390534675029587	0.07692307692307693	0.006674410368995043
en	0.06250390624999999	0.014302057366963298	0.5	0.16666666666666666	0.006854620476828535	0.0023117646926832268	0.005323991544991744	0.0012619833577564913	0.0019232285687869825	0.002318652470604593	0.008339796810213617	0.3333333333333333	0.0041372059860045485	0.009444030094533663	0.0020515135072213526	0.003748631544209192	0.00448947888241007	0.01926113244273491	0.047621315192743756	0.2	0.1111111111111111	0.0021641692664884364	0.003070527187327368	0.002842613055922779	0.004063981788461923	0.003147544364080458	0.07694083431952663	0.058823529411764705	0.011236333796237848	0.011777454827010269	0.004549052585560767	0.0	0.006291524030220442	0.0625	0.0030886981324695657
es	0.1	0.015153351928374657	0.5	0.16666666666666666	0.008264804316645037	0.0027029072461650836	0.00578081469477764	0.0019232285687869825	0.0018251070971141523	0.0026533221862392827	0.008333819513888887	0.3333333333333333	0.004386407413838893	0.010527202326869805	0.0023422111019201605	0.004000320048	0.00483138469975962	0.019232988535502957	0.047621315192743756	0.2	0.125	0.0027476075051397855	0.0034017076449743278	0.003003192390588787	0.004238671089701289	0.0032897117490586153	0.08333333333333333	0.07142857142857142	0.012345679012345678	0.013158414300554016	0.006135232865369416	0.0	0.010101316192225282	0.0625	0.0035090058602646967
fr	0.08334027777777778	0.016491028272443878	0.5	0.16666666666666666	0.00864700268842741	0.002955947732600086	0.006087719398788716	0.002318652470604593	0.0026533221862392827	0.002474578342868718	0.008591947798363074	0.3333333333333333	0.004514081818223975	0.011046062272778821	0.0027102110439551044	0.004221367109957886	0.005052343799444549	0.0201563915368788	0.05268149035739895	0.20003999999999997	0.12514073448448448	0.003141406070582482	0.0037784041021968	0.003412781970341868	0.004449559870610981	0.003708250126762096	0.11116050617283948	0.0625	0.013161358726974897	0.014785447226644188	0.006557980307422198	0.0	0.010539296528996257	0.0625	0.004130098504519006
he	0.125015625	0.017632640938346954	0.5	0.2	0.012681185795879048	0.008783874296751844	0.009923195094752039	0.008339796810213617	0.008333819513888887	0.008591947798363074	0.00839424306376977	0.3333333333333333	0.010891941382190821	0.01412628261351588	0.008560544484672665	0.009450899476583433	0.009281948270074126	0.01973555260113332	0.055592620391993836	0.25	0.125015625	0.008951428800131422	0.00902526958736844	0.009355849080453936	0.010075752412450897	0.008560617464734839	0.12501564064064064	0.07692307692307693	0.01785841836734694	0.016461993158905598	0.01125390914423719	0.0	0.021285200544137618	0.06666666666666667	0.009019896611407284
hi	0.5	0.3333333333333333	1.0	0.5	0.3333333333333333	0.3333333333333333	0.3333333333333333	0.3333333333333333	0.3333333333333333	0.3333333333333333	0.3333333333333333	0.33344444444444443	0.3333333333333333	0.3333333333333333	0.3333333333333333	0.5	0.3333333333333333	0.3333333333333333	0.3333333333333333	0.5	0.50025	0.33344444444444443	0.3333333333333333	0.3333333333333333	0.3333333333333333	0.3333333333333333	1.0	0.1111111111111111	0.3333333333333333	0.3333333333333333	0.3333333333333333	0.0	0.3333333333333333	0.1	0.3333333333333333
hu	0.125	0.016184898971161453	0.5	0.2	0.009818747733920337	0.004553692320336694	0.007889422155670749	0.0041372059860045485	0.004386407413838893	0.004514081818223975	0.010891941382190821	0.3333333333333333	0.004227731539036619	0.011793007073845499	0.0042999289841239305	0.006070503460979168	0.007532789475838963	0.01969045038006322	0.050030005005005	0.2	0.11121001251872867	0.004621670995417504	0.005474082953351733	0.004980576180895062	0.005701547536481436	0.00559481269513596	0.14287755102040817	0.09090909090909091	0.016394517602794947	0.015666376299711657	0.00814040658862783	0.0	0.012054874877344031	0.08333333333333333	0.006376942161160884
id	0.125015625	0.016768392567538645	0.5	0.20003999999999997	0.01335934340416446	0.010652121113645106	0.012222694209539317	0.009444030094533663	0.010527202326869805	0.011046062272778821	0.01412628261351588	0.3333333333333333	0.011793007073845499	0.009579538764533827	0.010431334115151071	0.010656550985962516	0.010227771785699889	0.019762101451857073	0.06252345704689063	0.25006249999999997	0.12514082846932909	0.01077772010519746	0.011382649195971593	0.01150496380724654	0.012290142133304443	0.010543850794090868	0.125	0.07142857142857142	0.022227161481481482	0.01702273255681668	0.01300829909724675	0.0	0.01786671588329241	0.0625	0.01021732270067507
it	0.1	0.014311471493764615	0.5	0.16666666666666666	0.0076408196536938994	0.002804828643512387	0.005657228971484501	0.0020515135072213526	0.0023422111019201605	0.0027102110439551044	0.008560544484672665	0.3333333333333333	0.0042999289841239305	0.010431334115151071	0.0020594451877467336	0.0040052385197209385	0.004908843006723428	0.019273010872318176	0.04763719728344898	0.20003999999999997	0.125078140625	0.0028478342248453754	0.0033609493512895034	0.0032499293332794122	0.004411271819329723	0.003452871326797357	0.07692899408284024	0.08333333333333333	0.012049063724778633	0.01335648183993122	0.005922346351358431	0.0	0.00909421628173595	0.07142857142857142	0.003653141379617856
ja	0.1111111111111111	0.016429801835088405	0.5	0.2	0.010426768565874794	0.004171359624051222	0.006907364209213462	0.003748631544209192	0.004000320048	0.004221367109957886	0.009450899476583433	0.5	0.006070503460979168	0.010656550985962516	0.0040052385197209385	0.0037768648242715655	0.005628221215272408	0.02045868377503066	0.06251954297657032	0.25	0.14289795918367348	0.004493815923593363	0.00516158301739257	0.004810791421274987	0.005816217309522232	0.004657531997703997	0.1111111111111111	0.07692307692307693	0.014085300535608013	0.01590254960435051	0.007528251192860861	0.0	0.011114322346172961	0.06666666666666667	0.004835543331448511
ko	0.08333333333333333	0.015432583724130354	0.5	0.16666666666666666	0.009722235675124572	0.005083032585840997	0.00725931872982359	0.00448947888241007	0.00483138469975962	0.005052343799444549	0.009281948270074126	0.3333333333333333	0.007532789475838963	0.010227771785699889	0.004908843006723428	0.005628221215272408	0.0035182483218678885	0.019681953508027563	0.05264820776455125	0.2	0.11116053088890122	0.00556774392079014	0.005996534026341241	0.005561270683614663	0.007040028597259858	0.005626322833576589	0.1111111111111111	0.07142857142857142	0.013159799688885561	0.015191104260786204	0.008074479726284564	0.0	0.013339380623289421	0.0625	0.005531921837835606
lv	0.20003999999999997	0.023032463423755135	1.0	0.20003999999999997	0.02049518745550925	0.020040897835746068	0.019690464326194528	0.01926113244273491	0.019232988535502957	0.0201563915368788	0.01973555260113332	0.3333333333333333	0.01969045038006322	0.019762101451857073	0.019273010872318176	0.02045868377503066	0.019681953508027563	0.01957179985304042	0.07158707209311466	0.25	0.12534470586719404	0.019679223902538477	0.019665298481783392	0.020035267733866147	0.020284848683234907	0.01928379921560182	0.12507815626564062	0.09090909090909091	0.03448632699286683	0.02107038263467094	0.02047627811694927	0.0	0.03574747705995919	0.07142857142857142	0.019645596850373554
mk	0.2	0.06258602353917982	1.0	0.25	0.06253127345313281	0.05001751501501502	0.0500075025025025	0.047621315192743756	0.047621315192743756	0.05268149035739895	0.055592620391993836	0.3333333333333333	0.050030005005005	0.06252345704689063	0.04763719728344898	0.06251954297657032	0.05264820776455125	0.07158707209311466	0.04562246884924997	0.25	0.16677786119452787	0.047639462587301576	0.047637195013605436	0.04546487603305785	0.04768716563503868	0.05263989751524377	0.20007999999999998	0.16666666666666666	0.07692307692307693	0.05889973714897259	0.055561728395061724	0.0	0.09091735537190083	0.09090909090909091	0.045473152896696276
ml	0.3333333333333333	0.25006249999999997	0.0	0.25	0.25	0.2	0.20003999999999997	0.2	0.2	0.20003999999999997	0.25	0.5	0.2	0.25006249999999997	0.20003999999999997	0.25	0.2	0.25	0.25	0.20016012003999997	0.20012003999999997	0.20003999999999997	0.2	0.2	0.20012003999999997	0.2	0.5	0.16666666666666666	0.2	0.25006249999999997	0.25	0.0	0.25	0.125	0.2
mr	0.25	0.1430820620012878	0.5	0.20003999999999997	0.125046875	0.11113580246913579	0.11118522224693829	0.1111111111111111	0.125	0.12514073448448448	0.125015625	0.50025	0.11121001251872867	0.12514082846932909	0.125078140625	0.14289795918367348	0.11116053088890122	0.12534470586719404	0.16677786119452787	0.20012003999999997	0.10059347036956172	0.11118524697537042	0.11117286420988891	0.1111111111111111	0.11137096429912959	0.12503126564064065	0.3333333333333333	0.2	0.1111111111111111	0.12520342234453255	0.14287755102040817	0.0	0.14287755102040817	0.14285714285714285	0.11112345679012345
nl	0.1111111111111111	0.014970729752019227	0.5	0.16666666666666666	0.007589384861199775	0.0028643457734813245	0.006109930862884658	0.0021641692664884364	0.0027476075051397855	0.003141406070582482	0.008951428800131422	0.33344444444444443	0.004621670995417504	0.01077772010519746	0.0028478342248453754	0.004493815923593363	0.00556774392079014	0.019679223902538477	0.047639462587301576	0.20003999999999997	0.11118524697537042	0.0019801537198265748	0.0036989231087808717	0.0029814698102580335	0.004761313090243108	0.003725615867191806	0.1	0.07142857142857142	0.013334400177777777	0.01392311458690222	0.0050352713707996245	0.0	0.007757409532179917	0.0625	0.0037802178338104237
pl	0.1111111111111111	0.015418057417087428	0.5	0.16669444444444442	0.00953225252372445	0.0037088692442308543	0.006546043677499627	0.003070527187327368	0.0034017076449743278	0.0037784041021968	0.00902526958736844	0.3333333333333333	0.005474082953351733	0.011382649195971593	0.0033609493512895034	0.00516158301739257	0.005996534026341241	0.019665298481783392	0.047637195013605436	0.2	0.11117286420988891	0.0036989231087808717	0.003057212240774394	0.004332793279139787	0.0054093533861438985	0.004207744821231287	0.08333333333333333	0.07692307692307693	0.013514792001460921	0.013188784105494369	0.007150159904547202	0.0	0.012198990631172218	0.0625	0.0047666483260354
pt	0.06666666666666667	0.017262510733392144	0.5	0.16666666666666666	0.01020783069575177	0.0036263156139491994	0.006808186361798331	0.002842613055922779	0.003003192390588787	0.003412781970341868	0.009355849080453936	0.3333333333333333	0.004980576180895062	0.01150496380724654	0.0032499293332794122	0.004810791421274987	0.005561270683614663	0.020035267733866147	0.04546487603305785	0.2	0.1111111111111111	0.0029814698102580335	0.004332793279139787	0.0023400541741794146	0.004735115976903949	0.0044880280343686605	0.11112345679012345	0.07142857142857142	0.013514061358655953	0.01563917212891456	0.007303534979221695	0.0	0.012197204193932184	0.0625	0.004697526108752981
ro	0.09093389256198348	0.016302321525938874	0.5	0.16669444444444442	0.011953287515485947	0.0044707496800928835	0.007243175257707913	0.004063981788461923	0.004238671089701289	0.004449559870610981	0.010075752412450897	0.3333333333333333	0.005701547536481436	0.012290142133304443	0.004411271819329723	0.005816217309522232	0.007040028597259858	0.020284848683234907	0.04768716563503868	0.20012003999999997	0.11137096429912959	0.004761313090243108	0.0054093533861438985	0.004735115976903949	0.003811545553805545	0.005006333960974647	0.125015625	0.08333333333333333	0.01587830889468405	0.016537409383695467	0.008733469272069168	0.0	0.013534366386880192	0.06666666666666667	0.005371607270377576
ru	0.1	0.014958411815392881	0.5	0.16666666666666666	0.009624176041609377	0.0036277622281503325	0.0063377776147473894	0.003147544364080458	0.0032897117490586153	0.003708250126762096	0.008560617464734839	0.3333333333333333	0.00559481269513596	0.010543850794090868	0.003452871326797357	0.004657531997703997	0.005626322833576589	0.01928379921560182	0.05263989751524377	0.2	0.12503126564064065	0.003725615867191806	0.004207744821231287	0.0044880280343686605	0.005006333960974647	0.003144860474899279	0.1	0.058823529411764705	0.013159279951523547	0.014952824548163345	0.007099449029282085	0.0	0.01087322956143762	0.0625	0.004334088797855877
sh	0.25	0.11113580246913579	0.5	0.5	0.14285714285714285	0.07693491124260354	0.1111234691481605	0.07694083431952663	0.08333333333333333	0.11116050617283948	0.12501564064064064	1.0	0.14287755102040817	0.125	0.07692899408284024	0.1111111111111111	0.1111111111111111	0.12507815626564062	0.20007999999999998	0.5	0.3333333333333333	0.1	0.08333333333333333	0.11112345679012345	0.125015625	0.1	0.0715153878214694	0.07142857142857142	0.2	0.08333333333333333	0.125015625	0.0	0.25	0.06666666666666667	0.1
si	0.3333333333333333	0.14285714285714285	0.0	0.3333333333333333	0.07692307692307693	0.07692307692307693	0.08333333333333333	0.058823529411764705	0.07142857142857142	0.0625	0.07692307692307693	0.1111111111111111	0.09090909090909091	0.07142857142857142	0.08333333333333333	0.07692307692307693	0.07142857142857142	0.09090909090909091	0.16666666666666666	0.16666666666666666	0.2	0.07142857142857142	0.07692307692307693	0.07142857142857142	0.08333333333333333	0.058823529411764705	0.07142857142857142	0.058823529411764705	0.08333333333333333	0.07692307692307693	0.07142857142857142	0.5	0.07142857142857142	0.16666666666666666	0.07142857142857142
simple	0.1	0.033339999999999995	0.5	0.2	0.01851954732510288	0.012195716835217132	0.015626709228760007	0.011236333796237848	0.012345679012345678	0.013161358726974897	0.01785841836734694	0.3333333333333333	0.016394517602794947	0.022227161481481482	0.012049063724778633	0.014085300535608013	0.013159799688885561	0.03448632699286683	0.07692307692307693	0.2	0.1111111111111111	0.013334400177777777	0.013514792001460921	0.013514061358655953	0.01587830889468405	0.013159279951523547	0.2	0.08333333333333333	0.011121863717547056	0.029416957613322664	0.016130332986472422	0.0	0.027027757487216943	0.07692307692307693	0.01315841430072732
sr	0.25	0.0183324906552073	1.0	0.2	0.016992070101880703	0.01317905060829186	0.01591469743356975	0.011777454827010269	0.013158414300554016	0.014785447226644188	0.016461993158905598	0.3333333333333333	0.015666376299711657	0.01702273255681668	0.01335648183993122	0.01590254960435051	0.015191104260786204	0.02107038263467094	0.05889973714897259	0.25006249999999997	0.12520342234453255	0.01392311458690222	0.013188784105494369	0.01563917212891456	0.016537409383695467	0.014952824548163345	0.08333333333333333	0.07692307692307693	0.029416957613322664	0.011987086295672626	0.016421982351933866	0.0	0.030320488527089982	0.07142857142857142	0.014512526405662592
sv	0.11112345679012345	0.015425187227356313	0.5	0.16666666666666666	0.008558200473180252	0.006140055068429865	0.008861084363951235	0.004549052585560767	0.006135232865369416	0.006557980307422198	0.01125390914423719	0.3333333333333333	0.00814040658862783	0.01300829909724675	0.005922346351358431	0.007528251192860861	0.008074479726284564	0.02047627811694927	0.055561728395061724	0.25	0.14287755102040817	0.0050352713707996245	0.007150159904547202	0.007303534979221695	0.008733469272069168	0.007099449029282085	0.125015625	0.07142857142857142	0.016130332986472422	0.016421982351933866	0.004517246416521988	0.0	0.010209498543419928	0.0625	0.007098239529151806
te	0.0	0.0	0.0	0.0	0.0	0.0	0.0	0.0	0.0	0.0	0.0	0.0	0.0	0.0	0.0	0.0	0.0	0.0	0.0	0.0	0.0	0.0	0.0	0.0	0.0	0.0	0.0	0.5	0.0	0.0	0.0	0.0	0.0	0.5	0.0
vi	0.125	0.02859267184980408	0.5	0.2	0.016134236472424558	0.010105092848076726	0.015390534675029587	0.006291524030220442	0.010101316192225282	0.010539296528996257	0.021285200544137618	0.3333333333333333	0.012054874877344031	0.01786671588329241	0.00909421628173595	0.011114322346172961	0.013339380623289421	0.03574747705995919	0.09091735537190083	0.25	0.14287755102040817	0.007757409532179917	0.012198990631172218	0.012197204193932184	0.013534366386880192	0.01087322956143762	0.25	0.07142857142857142	0.027027757487216943	0.030320488527089982	0.010209498543419928	0.0	0.006344009026526482	0.0625	0.010207310391711785
war	0.2	0.09090909090909091	0.0	0.16666666666666666	0.0625	0.06666666666666667	0.07692307692307693	0.0625	0.0625	0.0625	0.06666666666666667	0.1	0.08333333333333333	0.0625	0.07142857142857142	0.06666666666666667	0.0625	0.07142857142857142	0.09090909090909091	0.125	0.14285714285714285	0.0625	0.0625	0.0625	0.06666666666666667	0.0625	0.06666666666666667	0.16666666666666666	0.07692307692307693	0.07142857142857142	0.0625	0.5	0.0625	0.0625	0.0625
zh	0.08333333333333333	0.015174503946803575	0.5	0.16666666666666666	0.009014694263940753	0.0037488004494414745	0.006674410368995043	0.0030886981324695657	0.0035090058602646967	0.004130098504519006	0.009019896611407284	0.3333333333333333	0.006376942161160884	0.01021732270067507	0.003653141379617856	0.004835543331448511	0.005531921837835606	0.019645596850373554	0.045473152896696276	0.2	0.11112345679012345	0.0037802178338104237	0.0047666483260354	0.004697526108752981	0.005371607270377576	0.004334088797855877	0.1	0.07142857142857142	0.01315841430072732	0.014512526405662592	0.007098239529151806	0.0	0.010207310391711785	0.0625	0.0031101029721558107
