arz	bs	ceb	ckb	da	de	el	en	es	fr	he	hi	hu	id	it	ja	ko	lv	mk	ml	mr	nl	pl	pt	ro	ru	sh	si	simple	sr	sv	te	tr	vi	war	zh
arz	1.0	0.5555555555555556	0.6666666666666666	0.75	0.5416666666666666	0.5078125	0.75	0.5036231884057971	0.5096153846153846	0.5069444444444444	0.6938775510204082	0.7272727272727273	0.5238095238095238	0.5384615384615384	0.5104166666666666	0.6823529411764706	0.6875	0.782608695652174	0.7692307692307692	0.823529411764706	0.9090909090909091	0.5113636363636364	0.5131578947368421	0.5111111111111111	0.5357142857142857	0.6815642458100559	0.5555555555555556	0.7692307692307692	0.5357142857142857	0.5294117647058824	0.515625	1.0	0.5263157894736842	0.72	0.6000000000000001	0.6842105263157894
bs	0.5555555555555556	1.0	0.5068493150684932	0.5002885170225043	0.5014392630972941	0.5889629958818174	0.5226753291509227	0.5641748786182256	0.5407545612879222	0.6465212011911879	0.503695281409892	0.5002885170225043	0.5205372427327235	0.5142218006056026	0.5196319671364659	0.5178819471241074	0.5213203249762159	0.5002885170225043	0.6630392537893509	0.5002885170225043	0.5789473684210527	0.6831266214405209	0.6589524696036393	0.6586504691372052	0.5329556054101694	0.6604582147390289	0.6566412504863851	0.5789473684210527	0.5011520737327189	0.672809016162932	0.5186016177567494	0.5555555555555556	0.5777777777777777	0.5352698375655217	0.6000000000000001	0.6078643400502696
ceb	0.6666666666666666	0.5068493150684932	1.0	0.6666666666666666	0.5024154589371981	0.5005688282138794	0.6666666666666666	0.5001778726431875	0.500381679389313	0.5001591849729385	0.670076726342711	0.6726457399103138	0.6696629213483146	0.5023148148148148	0.5007874015748032	0.6697247706422018	0.671304347826087	0.6739130434782609	0.6725663716814159	0.6751592356687898	0.6666666666666666	0.5005025125628141	0.5010989010989011	0.5010330578512396	0.5032258064516129	0.6679764243614931	0.5027027027027027	0.6902654867256638	0.5033557046979865	0.50187265917603	0.5009174311926605	0.6666666666666666	-1.0	0.6728538283062645	0.5185185185185185	0.5013123359580053
ckb	0.75	0.5002885170225043	0.6666666666666666	1.0	0.6666666666666666	0.5006418485237484	0.5031446540880503	0.5009746588693957	0.5	0.5004135649296939	0.5	0.6666666666666666	0.5	0.5	0.5	0.5032679738562091	0.5	0.6666666666666666	0.6671955573185244	0.6666666666666666	0.787878787878788	0.5002932551319648	0.5003013863773357	0.5003035822707954	0.5	0.5002988643156008	0.5003455425017277	0.787878787878788	0.6666666666666666	0.5002898550724637	0.5035460992907801	0.75	0.5833333333333333	0.5	0.5833333333333333	0.5005117707267145
da	0.5416666666666666	0.5014392630972941	0.5024154589371981	0.6666666666666666	1.0	0.5025510204081632	0.5060240963855421	0.5038610038610039	0.5060240963855421	0.5016474464579901	0.5319148936170213	0.75	0.5096774193548387	0.509090909090909	0.510989010989011	0.5126582278481012	0.511904761904762	0.75	0.6682483194938711	0.75	0.56	0.5011695906432748	0.501201923076923	0.5012106537530266	0.5063829787234042	0.50119189511323	0.5010323468685478	0.56	0.782608695652174	0.5011560693641618	0.5102040816326531	0.5416666666666666	0.5576923076923077	0.5074626865671642	0.5769230769230769	0.5020366598778004
de	0.5078125	0.5889629958818174	0.5005688282138794	0.5006418485237484	0.5025510204081632	1.0	0.5463335922306715	0.601454186530313	0.577256599967269	0.5759374316659642	0.51125	0.5006418485237484	0.541196495035857	0.5298969301353608	0.5435822457797845	0.5432242990654206	0.5455014673534133	0.5006418485237484	0.5886015325670498	0.5006418485237484	0.5116279069767442	0.5890329660220552	0.5927352393030699	0.5939499435453519	0.5648102050336608	0.5848347587137255	0.5737152634444046	0.5116279069767442	0.5025575447570332	0.5888748075010157	0.5407366417551946	0.5078125	0.5472972972972973	0.5691780337118416	0.5153846153846153	0.5771238671960315
el	0.75	0.5226753291509227	0.6666666666666666	0.5031446540880503	0.5060240963855421	0.5463335922306715	1.0	0.5705194281360643	0.579610013942938	0.5302023955111103	0.5129533678756477	0.5031446540880503	0.6136925267427741	0.5905763816861757	0.5461047590634529	0.5727524500956372	0.5989099193494122	0.5031446540880503	0.5224559408754974	0.5031446540880503	0.787878787878788	0.5227284023454356	0.5228706360520822	0.5231273245283262	0.6103406320280186	0.5195172975884883	0.5241179841037722	0.787878787878788	0.503030303030303	0.5225900152798744	0.5684684273051266	0.75	0.5833333333333333	0.5844459799835053	0.5833333333333333	0.5347552483184999
en	0.5036231884057971	0.5641748786182256	0.5001778726431875	0.5009746588693957	0.5038610038610039	0.601454186530313	0.5705194281360643	1.0	0.6103451633914894	0.5794418808478073	0.5187969924812029	0.5009746588693957	0.5696563314934459	0.5482785603674295	0.5652651922629106	0.564882324638514	0.5734891364455446	0.5009746588693957	0.5600408788962697	0.5009746588693957	0.5054151624548736	0.5647734115826083	0.5664439056902697	0.5656754280882249	0.6216996394902907	0.5590022016302126	0.5643992494651751	0.5054151624548736	0.5038759689922481	0.5622676021770145	0.553767287181953	0.5036231884057971	0.5308219178082192	0.6072966805001704	0.5071942446043165	0.5800088031046816
es	0.5096153846153846	0.5407545612879222	0.500381679389313	0.5	0.5060240963855421	0.577256599967269	0.579610013942938	0.6103451633914894	1.0	0.5559100914383339	0.5184135977337111	0.5015290519877675	0.5893341056510178	0.5669778474428153	0.5678733031674208	0.5759036144578312	0.5952277338171387	0.5015290519877675	0.5415766738660907	0.5015290519877675	0.5142857142857143	0.5416825104129892	0.5444566410537871	0.543849972421401	0.6243233811346688	0.5370967741935484	0.5432669749788457	0.5142857142857143	0.5060606060606061	0.5403947733108877	0.5628019323671498	0.5096153846153846	0.5564516129032258	0.6238577110502127	0.5188679245283019	0.5643124854014729
fr	0.5069444444444444	0.6465212011911879	0.5001591849729385	0.5004135649296939	0.5016474464579901	0.5759374316659642	0.5302023955111103	0.5794418808478073	0.5559100914383339	1.0	0.5056726094003241	0.5004135649296939	0.5293804542039866	0.5202522195886674	0.5279092770156746	0.5271732213580489	0.5321388731696646	0.5004135649296939	0.6251082251082252	0.5004135649296939	0.5103448275862069	0.6435637323520969	0.632170874682499	0.632012666688727	0.548646668053196	0.6257916228021868	0.6520738418988408	0.5103448275862069	0.5016501650165016	0.6310574150919823	0.5262152172516472	0.5069444444444444	0.5460122699386503	0.5464423451472796	0.5136986301369862	0.6426609607259505
he	0.6938775510204082	0.503695281409892	0.670076726342711	0.5	0.5319148936170213	0.51125	0.5129533678756477	0.5187969924812029	0.5184135977337111	0.5056726094003241	1.0	0.5121951219512195	0.5108695652173914	0.5071428571428571	0.54	0.5333333333333333	0.5233160621761658	0.5121951219512195	0.5038078500292912	0.5121951219512195	0.7070707070707071	0.5037550548815714	0.5059594755661502	0.5056988602279544	0.5134099616858238	0.5059101654846336	0.5030467163168585	0.7070707070707071	0.5217391304347826	0.5037121644774415	0.5172413793103449	0.6938775510204082	0.5555555555555556	0.511864406779661	0.5294117647058824	0.5069860279441117
hi	0.7272727272727273	0.5002885170225043	0.6726457399103138	0.6666666666666666	0.75	0.5006418485237484	0.5031446540880503	0.5009746588693957	0.5015290519877675	0.5004135649296939	0.5121951219512195	1.0	0.5033557046979865	0.5048543689320388	0.5028248587570622	0.5032679738562091	0.5030674846625767	1.0	0.6671955573185244	1.0	0.7555555555555555	0.5002932551319648	0.5003013863773357	0.5003035822707954	0.5021834061135371	0.5002988643156008	0.5	0.7555555555555555	0.7692307692307692	0.5002898550724637	0.5035460992907801	0.7272727272727273	0.5714285714285714	0.5019011406844106	0.5625	0.5005117707267145
hu	0.5238095238095238	0.5205372427327235	0.6696629213483146	0.5	0.5096774193548387	0.541196495035857	0.6136925267427741	0.5696563314934459	0.5893341056510178	0.5293804542039866	0.5108695652173914	0.5033557046979865	1.0	0.6286101412056352	0.558941096079563	0.5845630670323806	0.6779064360856172	0.5033557046979865	0.5202048947068867	0.5033557046979865	0.5348837209302326	0.5211742840532175	0.5213625032899378	0.5211433379578385	0.6593453839894067	0.5181779998497954	0.5226078428031325	0.5348837209302326	0.5064935064935064	0.5201923210044046	0.5724497393894267	0.5238095238095238	0.5588235294117647	0.6131680735516238	0.5454545454545455	0.5361624642973677
id	0.5384615384615384	0.5142218006056026	0.5023148148148148	0.5	0.509090909090909	0.5298969301353608	0.5905763816861757	0.5482785603674295	0.5669778474428153	0.5202522195886674	0.5071428571428571	0.5048543689320388	0.6286101412056352	1.0	0.5450980392156863	0.5884579436154769	0.6243342454782086	0.5048543689320388	0.5144341801385681	0.5048543689320388	0.5555555555555556	0.5144682206493446	0.5150302320894997	0.5147232037691402	0.5939702017188835	0.5127167630057804	0.5162216264429326	0.5555555555555556	0.5140186915887851	0.5142931734942687	0.5821484992101106	0.5384615384615384	0.5882352941176471	0.5780708913249664	0.5714285714285714	0.5248126433228368
it	0.5104166666666666	0.5196319671364659	0.5007874015748032	0.5	0.510989010989011	0.5435822457797845	0.5461047590634529	0.5652651922629106	0.5678733031674208	0.5279092770156746	0.54	0.5028248587570622	0.558941096079563	0.5450980392156863	1.0	0.5836173057844111	0.5605879080466476	0.5028248587570622	0.5198879551820729	0.5028248587570622	0.5154639175257733	0.5205039723938689	0.524	0.5232624928202182	0.5569167681337026	0.5226244343891403	0.5192316993590779	0.5154639175257733	0.5111111111111111	0.519409513395298	0.5622775800711745	0.5104166666666666	0.5652173913043479	0.5532865712381375	0.5204081632653061	0.532347504621072
ja	0.6823529411764706	0.5178819471241074	0.6697247706422018	0.5032679738562091	0.5126582278481012	0.5432242990654206	0.5727524500956372	0.564882324638514	0.5759036144578312	0.5271732213580489	0.5333333333333333	0.5032679738562091	0.5845630670323806	0.5884579436154769	0.5836173057844111	1.0	0.5889221064112548	0.5032679738562091	0.5180995475113122	0.5032679738562091	0.6900584795321637	0.5178737042772864	0.521914648212226	0.5222066840237668	0.5729188534166868	0.5211428571428571	0.5181837650502374	0.6900584795321637	0.5063291139240506	0.5176809346034518	0.5910931174089069	0.6823529411764706	0.556390977443609	0.5645968269920687	0.5172413793103449	0.5325779036827195
ko	0.6875	0.5213203249762159	0.671304347826087	0.5	0.511904761904762	0.5455014673534133	0.5989099193494122	0.5734891364455446	0.5952277338171387	0.5321388731696646	0.5233160621761658	0.5030674846625767	0.6779064360856172	0.6243342454782086	0.5605879080466476	0.5889221064112548	1.0	0.5030674846625767	0.5212224108658744	0.5030674846625767	0.6976744186046512	0.5217402375098781	0.5229399541049135	0.5232510958133574	0.6428598939023229	0.5191432991092824	0.5244878550631382	0.6976744186046512	0.5059523809523809	0.5210684300978436	0.5684940074960427	0.6875	0.5607476635514019	0.6131077649997964	0.5227272727272727	0.5388496193217625
lv	0.782608695652174	0.5002885170225043	0.6739130434782609	0.6666666666666666	0.75	0.5006418485237484	0.5031446540880503	0.5009746588693957	0.5015290519877675	0.5004135649296939	0.5121951219512195	1.0	0.5033557046979865	0.5048543689320388	0.5028248587570622	0.5032679738562091	0.5030674846625767	1.0	0.6671955573185244	1.0	0.8333333333333334	0.5002932551319648	0.5003013863773357	0.5003035822707954	0.5021834061135371	0.5002988643156008	0.5	0.8333333333333334	0.7692307692307692	0.5002898550724637	0.5035460992907801	0.782608695652174	0.5813953488372093	0.5019011406844106	0.6111111111111112	0.5005117707267145
mk	0.7692307692307692	0.6630392537893509	0.6725663716814159	0.6671955573185244	0.6682483194938711	0.5886015325670498	0.5224559408754974	0.5600408788962697	0.5415766738660907	0.6251082251082252	0.5038078500292912	0.6671955573185244	0.5202048947068867	0.5144341801385681	0.5198879551820729	0.5180995475113122	0.5212224108658744	0.6671955573185244	1.0	0.6671955573185244	0.8148148148148148	0.6635294117647059	0.6573454115793619	0.6578322784810128	0.5311804008908686	0.6582875098193245	0.6440049443757726	0.8148148148148148	0.6687797147385103	0.6630307752239969	0.5188141391106044	0.7692307692307692	0.5909090909090909	0.5352811466372658	0.6000000000000001	0.606392694063927
ml	0.823529411764706	0.5002885170225043	0.6751592356687898	0.6666666666666666	0.75	0.5006418485237484	0.5031446540880503	0.5009746588693957	0.5015290519877675	0.5004135649296939	0.5121951219512195	1.0	0.5033557046979865	0.5048543689320388	0.5028248587570622	0.5032679738562091	0.5030674846625767	1.0	0.6671955573185244	1.0	0.8888888888888888	0.5002932551319648	0.5003013863773357	0.5003035822707954	0.5021834061135371	0.5002988643156008	0.5	0.8888888888888888	0.7692307692307692	0.5002898550724637	0.5035460992907801	0.823529411764706	0.5609756097560976	0.5019011406844106	0.6428571428571428	0.5005117707267145
mr	0.9090909090909091	0.5789473684210527	0.6666666666666666	0.787878787878788	0.56	0.5116279069767442	0.787878787878788	0.5054151624548736	0.5142857142857143	0.5103448275862069	0.7070707070707071	0.7555555555555555	0.5348837209302326	0.5555555555555556	0.5154639175257733	0.6900584795321637	0.6976744186046512	0.8333333333333334	0.8148148148148148	0.8888888888888888	1.0	0.5168539325842697	0.5194805194805194	0.5164835164835164	0.5517241379310345	0.6888888888888889	0.5789473684210527	0.75	0.5517241379310345	0.5428571428571428	0.5230769230769231	0.9090909090909091	0.5384615384615384	0.7450980392156863	0.6363636363636364	0.6928104575163399
nl	0.5113636363636364	0.6831266214405209	0.5005025125628141	0.5002932551319648	0.5011695906432748	0.5890329660220552	0.5227284023454356	0.5647734115826083	0.5416825104129892	0.6435637323520969	0.5037550548815714	0.5002932551319648	0.5211742840532175	0.5144682206493446	0.5205039723938689	0.5178737042772864	0.5217402375098781	0.5002932551319648	0.6635294117647059	0.5002932551319648	0.5168539325842697	1.0	0.6605306467396314	0.660462314101706	0.5333303673324115	0.6625143602915123	0.6532115187060978	0.5168539325842697	0.5011709601873536	0.6694458143228855	0.5191940398393416	0.5113636363636364	0.5648148148148149	0.5355101614024771	0.5222222222222223	0.6094361306710401
pl	0.5131578947368421	0.6589524696036393	0.5010989010989011	0.5003013863773357	0.501201923076923	0.5927352393030699	0.5228706360520822	0.5664439056902697	0.5444566410537871	0.632170874682499	0.5059594755661502	0.5003013863773357	0.5213625032899378	0.5150302320894997	0.524	0.521914648212226	0.5229399541049135	0.5003013863773357	0.6573454115793619	0.5003013863773357	0.5194805194805194	0.6605306467396314	1.0	0.664403169909628	0.5326178447397687	0.6587717649585846	0.6400359422894368	0.5194805194805194	0.5012033694344163	0.658237967808764	0.5199537304800462	0.5131578947368421	0.5555555555555556	0.5369150632025083	0.5256410256410257	0.6132289223344805
pt	0.5111111111111111	0.6586504691372052	0.5010330578512396	0.5003035822707954	0.5012106537530266	0.5939499435453519	0.5231273245283262	0.5656754280882249	0.543849972421401	0.632012666688727	0.5056988602279544	0.5003035822707954	0.5211433379578385	0.5147232037691402	0.5232624928202182	0.5222066840237668	0.5232510958133574	0.5003035822707954	0.6578322784810128	0.5003035822707954	0.5164835164835164	0.660462314101706	0.664403169909628	1.0	0.5328030438914412	0.657645593486384	0.6403565423508958	0.5164835164835164	0.5012121212121212	0.6580835240058532	0.5200931857891672	0.5111111111111111	0.5740740740740741	0.5366852910499454	0.5217391304347826	0.6126168224299066
ro	0.5357142857142857	0.5329556054101694	0.5032258064516129	0.5	0.5063829787234042	0.5648102050336608	0.6103406320280186	0.6216996394902907	0.6243233811346688	0.548646668053196	0.5134099616858238	0.5021834061135371	0.6593453839894067	0.5939702017188835	0.5569167681337026	0.5729188534166868	0.6428598939023229	0.5021834061135371	0.5311804008908686	0.5021834061135371	0.5517241379310345	0.5333303673324115	0.5326178447397687	0.5328030438914412	1.0	0.5255886673389841	0.5374272567009137	0.5517241379310345	0.5064377682403434	0.5321504720218958	0.5634867401517638	0.5357142857142857	0.5961538461538461	0.6583034304578729	0.5666666666666667	0.5538755082388287
ru	0.6815642458100559	0.6604582147390289	0.6679764243614931	0.5002988643156008	0.50119189511323	0.5848347587137255	0.5195172975884883	0.5590022016302126	0.5370967741935484	0.6257916228021868	0.5059101654846336	0.5002988643156008	0.5181779998497954	0.5127167630057804	0.5226244343891403	0.5211428571428571	0.5191432991092824	0.5002988643156008	0.6582875098193245	0.5002988643156008	0.6888888888888889	0.6625143602915123	0.6587717649585846	0.657645593486384	0.5255886673389841	1.0	0.6403491190147425	0.6888888888888889	0.5011933174224343	0.6595342237318289	0.5197934595524957	0.6815642458100559	0.5539568345323741	0.529520223078322	0.5163934426229508	0.6061261362381443
sh	0.5555555555555556	0.6566412504863851	0.5027027027027027	0.5003455425017277	0.5010323468685478	0.5737152634444046	0.5241179841037722	0.5643992494651751	0.5432669749788457	0.6520738418988408	0.5030467163168585	0.5	0.5226078428031325	0.5162216264429326	0.5192316993590779	0.5181837650502374	0.5244878550631382	0.5	0.6440049443757726	0.5	0.5789473684210527	0.6532115187060978	0.6400359422894368	0.6403565423508958	0.5374272567009137	0.6403491190147425	1.0	0.5789473684210527	0.5006887052341598	0.6516335358294391	0.5196976870080531	0.5555555555555556	0.5909090909090909	0.5382425407499861	0.6000000000000001	0.6209822888168212
si	0.7692307692307692	0.5789473684210527	0.6902654867256638	0.787878787878788	0.56	0.5116279069767442	0.787878787878788	0.5054151624548736	0.5142857142857143	0.5103448275862069	0.7070707070707071	0.7555555555555555	0.5348837209302326	0.5555555555555556	0.5154639175257733	0.6900584795321637	0.6976744186046512	0.8333333333333334	0.8148148148148148	0.8888888888888888	0.75	0.5168539325842697	0.5194805194805194	0.5164835164835164	0.5517241379310345	0.6888888888888889	0.5789473684210527	1.0	0.5517241379310345	0.5428571428571428	0.5230769230769231	0.7692307692307692	0.5384615384615384	0.7450980392156863	0.5833333333333333	0.6928104575163399
simple	0.5357142857142857	0.5011520737327189	0.5033557046979865	0.6666666666666666	0.782608695652174	0.5025575447570332	0.503030303030303	0.5038759689922481	0.5060606060606061	0.5016501650165016	0.5217391304347826	0.7692307692307692	0.5064935064935064	0.5140186915887851	0.5111111111111111	0.5063291139240506	0.5059523809523809	0.7692307692307692	0.6687797147385103	0.7692307692307692	0.5517241379310345	0.5011709601873536	0.5012033694344163	0.5012121212121212	0.5064377682403434	0.5011933174224343	0.5006887052341598	0.5517241379310345	1.0	0.5011574074074074	0.5103448275862069	0.5357142857142857	0.5849056603773585	0.5056179775280899	0.5666666666666667	0.5020408163265306
sr	0.5294117647058824	0.672809016162932	0.50187265917603	0.5002898550724637	0.5011560693641618	0.5888748075010157	0.5225900152798744	0.5622676021770145	0.5403947733108877	0.6310574150919823	0.5037121644774415	0.5002898550724637	0.5201923210044046	0.5142931734942687	0.519409513395298	0.5176809346034518	0.5210684300978436	0.5002898550724637	0.6630307752239969	0.5002898550724637	0.5428571428571428	0.6694458143228855	0.658237967808764	0.6580835240058532	0.5321504720218958	0.6595342237318289	0.6516335358294391	0.5428571428571428	0.5011574074074074	1.0	0.5183954972685382	0.5294117647058824	0.5862068965517242	0.5350431460161413	0.5555555555555556	0.607614517500382
sv	0.515625	0.5186016177567494	0.5009174311926605	0.5035460992907801	0.5102040816326531	0.5407366417551946	0.5684684273051266	0.553767287181953	0.5628019323671498	0.5262152172516472	0.5172413793103449	0.5035460992907801	0.5724497393894267	0.5821484992101106	0.5622775800711745	0.5910931174089069	0.5684940074960427	0.5035460992907801	0.5188141391106044	0.5035460992907801	0.5230769230769231	0.5191940398393416	0.5199537304800462	0.5200931857891672	0.5634867401517638	0.5197934595524957	0.5196976870080531	0.5230769230769231	0.5103448275862069	0.5183954972685382	1.0	0.515625	0.5764705882352942	0.5570524785910717	0.5303030303030303	0.5300828334468857
te	1.0	0.5555555555555556	0.6666666666666666	0.75	0.5416666666666666	0.5078125	0.75	0.5036231884057971	0.5096153846153846	0.5069444444444444	0.6938775510204082	0.7272727272727273	0.5238095238095238	0.5384615384615384	0.5104166666666666	0.6823529411764706	0.6875	0.782608695652174	0.7692307692307692	0.823529411764706	0.9090909090909091	0.5113636363636364	0.5131578947368421	0.5111111111111111	0.5357142857142857	0.6815642458100559	0.5555555555555556	0.7692307692307692	0.5357142857142857	0.5294117647058824	0.515625	1.0	0.5263157894736842	0.72	0.6000000000000001	0.6842105263157894
tr	0.5263157894736842	0.5777777777777777	-1.0	0.5833333333333333	0.5576923076923077	0.5472972972972973	0.5833333333333333	0.5308219178082192	0.5564516129032258	0.5460122699386503	0.5555555555555556	0.5714285714285714	0.5588235294117647	0.5882352941176471	0.5652173913043479	0.556390977443609	0.5607476635514019	0.5813953488372093	0.5909090909090909	0.5609756097560976	0.5384615384615384	0.5648148148148149	0.5555555555555556	0.5740740740740741	0.5961538461538461	0.5539568345323741	0.5909090909090909	0.5384615384615384	0.5849056603773585	0.5862068965517242	0.5764705882352942	0.5263157894736842	1.0	0.576271186440678	0.55	0.5666666666666667
vi	0.72	0.5352698375655217	0.6728538283062645	0.5	0.5074626865671642	0.5691780337118416	0.5844459799835053	0.6072966805001704	0.6238577110502127	0.5464423451472796	0.511864406779661	0.5019011406844106	0.6131680735516238	0.5780708913249664	0.5532865712381375	0.5645968269920687	0.6131077649997964	0.5019011406844106	0.5352811466372658	0.5019011406844106	0.7450980392156863	0.5355101614024771	0.5369150632025083	0.5366852910499454	0.6583034304578729	0.529520223078322	0.5382425407499861	0.7450980392156863	0.5056179775280899	0.5350431460161413	0.5570524785910717	0.72	0.576271186440678	1.0	0.5555555555555556	0.5563180176436205
war	0.6000000000000001	0.6000000000000001	0.5185185185185185	0.5833333333333333	0.5769230769230769	0.5153846153846153	0.5833333333333333	0.5071942446043165	0.5188679245283019	0.5136986301369862	0.5294117647058824	0.5625	0.5454545454545455	0.5714285714285714	0.5204081632653061	0.5172413793103449	0.5227272727272727	0.6111111111111112	0.6000000000000001	0.6428571428571428	0.6363636363636364	0.5222222222222223	0.5256410256410257	0.5217391304347826	0.5666666666666667	0.5163934426229508	0.6000000000000001	0.5833333333333333	0.5666666666666667	0.5555555555555556	0.5303030303030303	0.6000000000000001	0.55	0.5555555555555556	1.0	0.5192307692307692
zh	0.6842105263157894	0.6078643400502696	0.5013123359580053	0.5005117707267145	0.5020366598778004	0.5771238671960315	0.5347552483184999	0.5800088031046816	0.5643124854014729	0.6426609607259505	0.5069860279441117	0.5005117707267145	0.5361624642973677	0.5248126433228368	0.532347504621072	0.5325779036827195	0.5388496193217625	0.5005117707267145	0.606392694063927	0.5005117707267145	0.6928104575163399	0.6094361306710401	0.6132289223344805	0.6126168224299066	0.5538755082388287	0.6061261362381443	0.6209822888168212	0.6928104575163399	0.5020408163265306	0.607614517500382	0.5300828334468857	0.6842105263157894	0.5666666666666667	0.5563180176436205	0.5192307692307692	1.0
