arz	bs	ceb	ckb	da	de	el	en	es	fr	he	hi	hu	id	it	ja	ko	lv	mk	ml	mr	nl	pl	pt	ro	ru	sh	si	simple	sr	sv	te	vi	war	zh
arz	1.0	0.5020797777427737	1.0	0.5645234135971956	0.0	1.0	1.0	1.0	1.0	0.7863954451402115	1.0	0.0	1.0	0.8216064286890065	1.0	1.0	1.0	1.0	1.0	0.36192499956242924	0.36794911047396717	1.0	1.0	1.0	0.0	1.0	0.5020797777427737	0.39240957283608435	1.0	1.0	1.0	0.3372352302632506	1.0	0.569826242322618	1.0
bs	0.5020797777427737	1.0	0.417721407837631	0.21987244283672952	0.5020797777427737	0.24074555923072868	0.34265772056562704	0.28021308900238384	0.33298120119975505	0.2680130267902252	0.4316959137471608	0.0	0.25793412101958	0.8216064286890065	0.2517004189704477	0.5198544486291341	0.34808394478435084	0.36760502344561524	0.35376627853991205	0.13672494195170679	0.19361452766055004	0.5332086300322281	0.25676338078016964	0.36752527280088687	0.5083230426337547	0.34501973649574397	0.2957331835560017	0.1910767384155163	1.0	0.40036942469546694	0.5283620263881172	0.18109926114585972	0.4326385711863963	0.2810771307284407	0.38103220740731136
ceb	1.0	0.417721407837631	1.0	0.7720199480579505	0.39459530642450236	0.6437901081534974	0.6173107245590853	0.6437901081534974	0.6437901081534974	0.6437901081534974	0.6424424376162257	0.6538661774927469	0.6591493870386186	0.6437901081534974	0.6786212357362743	0.6437901081534974	0.5740217500948177	0.6856333412409469	0.39971769637448407	0.5705516835223036	0.7509111017040236	0.6442123721368662	0.6437901081534974	0.5549979507312541	0.6437901081534974	0.5767223301047218	0.5840421748637042	0.7389070371781438	0.6591493870386186	0.6437901081534974	0.6442123721368662	0.7690990303325336	0.6591493870386186	0.657312113971931	0.43043942095385074
ckb	0.5645234135971956	0.21987244283672952	0.7720199480579505	1.0	0.2157356271635123	0.21142349418300124	0.20797372039068251	0.12284621158004772	0.20459651044277524	0.18328082623175707	0.19934492785081767	0.21949206803934848	0.2195326418721881	0.2241796485261888	0.15337029088544094	0.17979181316634726	0.169581874193921	0.2356020521737493	0.2008578685588425	0.2641252788200751	0.26971355718946133	0.21841290665027	0.20996892040209475	0.1389153359316625	0.21523418360219534	0.14314028426419884	0.2237439483997726	0.3151271136845919	0.23539291930425102	0.22103977003213712	0.16104491936162546	0.3055809099460361	0.22322960685977422	0.6331698527668272	0.16017195364606243
da	0.0	0.5020797777427737	0.39459530642450236	0.2157356271635123	1.0	1.0	1.0	0.7411828468492555	1.0	0.672370045633007	1.0	0.0	1.0	0.0	0.7690990303325336	1.0	1.0	1.0	1.0	0.11926572255070407	0.1879064014025237	1.0	0.42086015539690247	1.0	1.0	1.0	0.7863954451402115	0.22129382687349292	1.0	1.0	1.0	0.19025903523587834	0.0	0.3405036186990162	1.0
de	1.0	0.24074555923072868	0.6437901081534974	0.21142349418300124	1.0	1.0	0.2635366959061183	0.12035242619078196	0.1529118325652543	0.14728569617115367	0.17559006028386026	1.0	0.5118964286398463	0.7548183600812897	0.2236855936524029	0.39493893585380213	0.3278733119965635	0.2901106090610413	0.2523700673712687	0.1037768976494772	0.1724164071147841	0.23250109561340923	0.1351646934170627	0.23862168916249477	0.6978955566455194	0.18879448921372907	0.24216596868700357	0.16610271668230683	0.7411828468492556	0.21153734737824906	0.22675640598205593	0.14582228603877517	0.5305358962210756	0.4392070259854193	0.27866569459310303
el	1.0	0.34265772056562704	0.6173107245590853	0.20797372039068251	1.0	0.2635366959061183	1.0	0.2799258266718908	0.7051132249825861	0.2275788849508358	1.0	0.0	1.0	0.7361412429601097	0.34091365996412765	1.0	1.0	1.0	1.0	0.11494067044815598	0.15958131543171006	0.41425330558029055	0.3075415760758554	1.0	0.7863954451402115	1.0	0.33791760171651175	0.17254389820099916	1.0	1.0	1.0	0.17323262206607143	1.0	0.33718996805813495	1.0
en	1.0	0.28021308900238384	0.6437901081534974	0.12284621158004772	0.7411828468492555	0.12035242619078196	0.2799258266718908	1.0	0.14722048717346736	0.16487082444258025	0.15581578273327124	1.0	0.45749686759260866	0.6280453206386563	0.19850668273117053	0.51522016637487	0.34863636228488964	0.4581744689168273	0.2575302654440296	0.08798988920549813	0.1488247594814762	0.16254540003639298	0.10334314404449536	0.2277693000581059	0.30971213776836265	0.16195034770768751	0.2624515121296277	0.12922692443610942	0.2853786681697399	0.19110110128631816	0.3364312807727271	0.12659157162984497	0.49218118327005944	0.3086522102486628	0.26484450280889243
es	1.0	0.33298120119975505	0.6437901081534974	0.20459651044277524	1.0	0.1529118325652543	0.7051132249825861	0.14722048717346736	1.0	0.2305180801979574	0.5396029284838761	1.0	1.0	0.7183314193176533	0.2879830147146985	1.0	1.0	1.0	0.705751191025248	0.10352267519098102	0.1775369832497211	0.2055390463764143	0.16984519383764063	0.5424949910254323	0.6492665986419108	0.5332532190400235	0.3477206834814303	0.16588987290001	1.0	0.622744089652251	0.3231350655317313	0.14890598628669904	1.0	0.45998008279217006	0.7054274448755343
fr	0.7863954451402115	0.2680130267902252	0.6437901081534974	0.18328082623175707	0.672370045633007	0.14728569617115367	0.2275788849508358	0.16487082444258025	0.2305180801979574	1.0	0.2532831237501524	0.7863954451402115	0.3239622683272198	0.6783415790734013	0.20833473555549115	0.4022549524105315	0.3233425074013009	0.5044885960114953	0.3164740823259723	0.09300030205400342	0.16027273855115062	0.2192888937732521	0.17262974383317184	0.26481885410304457	0.5852147945670843	0.23694226560536374	0.2739180148020413	0.14701173423637465	0.629896233114065	0.28558205775813494	0.24360452291183615	0.13566594703262463	0.49460475324829967	0.3448524297755373	0.3254211621593386
he	1.0	0.4316959137471608	0.6424424376162257	0.19934492785081767	1.0	0.17559006028386026	1.0	0.15581578273327124	0.5396029284838761	0.2532831237501524	1.0	1.0	1.0	0.6729113381487835	0.36058990783768374	1.0	1.0	1.0	1.0	0.10363880086608974	0.1492304582203726	0.3411325602061749	0.23558280731643827	1.0	0.7339023149005872	1.0	0.2605278888562181	0.16057543142512073	1.0	1.0	1.0	0.16280097509657432	1.0	0.4056459617859177	1.0
hi	0.0	0.0	0.6538661774927469	0.21949206803934848	0.0	1.0	0.0	1.0	1.0	0.7863954451402115	1.0	1.0	0.0	0.0	0.0	0.0	0.0	0.0	0.0	0.11156775740455485	0.16634694134808078	0.0	1.0	1.0	0.0	1.0	0.0	0.17806666679681002	0.0	1.0	0.0	0.16889031812859356	0.0	0.2814957162297526	1.0
hu	1.0	0.25793412101958	0.6591493870386186	0.2195326418721881	1.0	0.5118964286398463	1.0	0.45749686759260866	1.0	0.3239622683272198	1.0	0.0	1.0	0.8216064286890065	0.3741743096398866	1.0	1.0	1.0	1.0	0.11661046620643412	0.17234133183824737	0.6667969795412325	0.4388953208176917	1.0	1.0	1.0	0.3446358767008637	0.17939623197577814	1.0	1.0	1.0	0.17871466121184368	1.0	0.38996162227883135	1.0
id	0.8216064286890065	0.8216064286890065	0.6437901081534974	0.2241796485261888	0.0	0.7548183600812897	0.7361412429601097	0.6280453206386563	0.7183314193176533	0.6783415790734013	0.6729113381487835	0.0	0.8216064286890065	1.0	0.4833506607744967	0.8216064286890065	0.8216064286890065	0.0	0.8016071312619631	0.10854311933425242	0.18513558305006195	0.5187350903736702	0.7183314193176533	0.7787658391310133	0.0	0.693338662117193	0.6290597636579104	0.1634250102575233	1.0	0.7361412429601097	0.8016071312619631	0.158131292855726	1.0	0.2855037385627019	0.7863954451402115
it	1.0	0.2517004189704477	0.6786212357362743	0.15337029088544094	0.7690990303325336	0.2236855936524029	0.34091365996412765	0.19850668273117053	0.2879830147146985	0.20833473555549115	0.36058990783768374	0.0	0.3741743096398866	0.4833506607744967	1.0	0.4326630161097015	0.3086542370946802	0.3542002945415828	0.2980669016786774	0.08828673549099214	0.1380348120325866	0.2879692326829086	0.2186290933729135	0.3418242267793114	0.6637329831288419	0.3388876778183868	0.23804957139749666	0.14114229233109993	0.661018167849333	0.3144709391697526	0.3383214781339799	0.12291695795890153	0.41559783642262926	0.2855058088527608	0.2879642400903636
ja	1.0	0.5198544486291341	0.6437901081534974	0.17979181316634726	1.0	0.39493893585380213	1.0	0.51522016637487	1.0	0.4022549524105315	1.0	0.0	1.0	0.8216064286890065	0.4326630161097015	1.0	1.0	1.0	1.0	0.0905061846110998	0.13940719400923987	0.6701591524560107	0.3162113254497424	1.0	1.0	1.0	0.244933397674606	0.14757127374324996	1.0	1.0	1.0	0.1362462736458123	1.0	0.32678612158561177	1.0
ko	1.0	0.34808394478435084	0.5740217500948177	0.169581874193921	1.0	0.3278733119965635	1.0	0.34863636228488964	1.0	0.3233425074013009	1.0	0.0	1.0	0.8216064286890065	0.3086542370946802	1.0	1.0	1.0	1.0	0.09875006345741992	0.15901669748711209	0.5819274293967764	0.22794472683666114	1.0	1.0	1.0	0.36210512757939123	0.15632285348911576	1.0	1.0	1.0	0.16704650119005687	1.0	0.37295189611131235	1.0
lv	1.0	0.36760502344561524	0.6856333412409469	0.2356020521737493	1.0	0.2901106090610413	1.0	0.4581744689168273	1.0	0.5044885960114953	1.0	0.0	1.0	0.0	0.3542002945415828	1.0	1.0	1.0	1.0	0.11904595172944672	0.1738089160942859	1.0	0.3560704232756081	1.0	1.0	1.0	0.36755443729421405	0.2126271022854446	0.0	1.0	1.0	0.23450951838068526	1.0	0.397545505543048	1.0
mk	1.0	0.35376627853991205	0.39971769637448407	0.2008578685588425	1.0	0.2523700673712687	1.0	0.2575302654440296	0.705751191025248	0.3164740823259723	1.0	0.0	1.0	0.8016071312619631	0.2980669016786774	1.0	1.0	1.0	1.0	0.12656452664934714	0.15893709093969963	0.6463864166156963	0.27679694622611734	1.0	1.0	1.0	0.35586698578829123	0.19050191891656987	1.0	1.0	0.3404610591129031	0.20111090183748825	1.0	0.28400001769347233	1.0
ml	0.36192499956242924	0.13672494195170679	0.5705516835223036	0.2641252788200751	0.11926572255070407	0.1037768976494772	0.11494067044815598	0.08798988920549813	0.10352267519098102	0.09300030205400342	0.10363880086608974	0.11156775740455485	0.11661046620643412	0.10854311933425242	0.08828673549099214	0.0905061846110998	0.09875006345741992	0.11904595172944672	0.12656452664934714	1.0	0.17354919082615536	0.10480909231274652	0.10698043740362151	0.09046383058770466	0.12908248842270065	0.09647604468723761	0.11853709538859451	0.21779108253265597	0.09800250685674824	0.11040939757244166	0.0937709029093716	0.17035078178804772	0.10436331421256959	0.31033952895878564	0.10136612772695326
mr	0.36794911047396717	0.19361452766055004	0.7509111017040236	0.26971355718946133	0.1879064014025237	0.1724164071147841	0.15958131543171006	0.1488247594814762	0.1775369832497211	0.16027273855115062	0.1492304582203726	0.16634694134808078	0.17234133183824737	0.18513558305006195	0.1380348120325866	0.13940719400923987	0.15901669748711209	0.1738089160942859	0.15893709093969963	0.17354919082615536	1.0	0.1834226079326157	0.16606259912155097	0.14437568894039746	0.18040340328198778	0.15390834028753284	0.15867144099617678	0.2645265134892165	0.13302953812119064	0.16445458058750417	0.1415879095629732	0.2046819550660042	0.165567781796947	0.20088591445469767	0.14952804622612345
nl	1.0	0.5332086300322281	0.6442123721368662	0.21841290665027	1.0	0.23250109561340923	0.41425330558029055	0.16254540003639298	0.2055390463764143	0.2192888937732521	0.3411325602061749	0.0	0.6667969795412325	0.5187350903736702	0.2879692326829086	0.6701591524560107	0.5819274293967764	1.0	0.6463864166156963	0.10480909231274652	0.1834226079326157	1.0	0.22569210541673065	0.32768296549010484	0.7863954451402115	0.28095806297745446	0.40513801396903276	0.16991322159669034	1.0	0.47048909551543566	0.5945264701686552	0.14856143014447112	1.0	0.44240090780118413	0.6290808149140177
pl	1.0	0.25676338078016964	0.6437901081534974	0.20996892040209475	0.42086015539690247	0.1351646934170627	0.3075415760758554	0.10334314404449536	0.16984519383764063	0.17262974383317184	0.23558280731643827	1.0	0.4388953208176917	0.7183314193176533	0.2186290933729135	0.3162113254497424	0.22794472683666114	0.3560704232756081	0.27679694622611734	0.10698043740362151	0.16606259912155097	0.22569210541673065	1.0	0.2801243397760395	0.35458958584114986	0.11853310205773722	0.26864031380703485	0.16850955469435452	0.7411828468492556	0.1646594083479093	0.26731900088863036	0.14605491603473877	0.5417968178792273	0.47738459638611347	0.30334305841363535
pt	1.0	0.36752527280088687	0.5549979507312541	0.1389153359316625	1.0	0.23862168916249477	1.0	0.2277693000581059	0.5424949910254323	0.26481885410304457	1.0	1.0	1.0	0.7787658391310133	0.3418242267793114	1.0	1.0	1.0	1.0	0.09046383058770466	0.14437568894039746	0.32768296549010484	0.2801243397760395	1.0	0.7863954451402115	1.0	0.36479126520316957	0.14357150895471363	1.0	1.0	0.3404610591129031	0.12180250461501764	1.0	0.32012342576727787	1.0
ro	0.0	0.5083230426337547	0.6437901081534974	0.21523418360219534	1.0	0.6978955566455194	0.7863954451402115	0.30971213776836265	0.6492665986419108	0.5852147945670843	0.7339023149005872	0.0	1.0	0.0	0.6637329831288419	1.0	1.0	1.0	1.0	0.12908248842270065	0.18040340328198778	0.7863954451402115	0.35458958584114986	0.7863954451402115	1.0	0.523385593192534	1.0	0.16846264515734946	0.0	1.0	1.0	0.19522090926239558	1.0	0.29945718472127697	0.7584325078215763
ru	1.0	0.34501973649574397	0.5767223301047218	0.14314028426419884	1.0	0.18879448921372907	1.0	0.16195034770768751	0.5332532190400235	0.23694226560536374	1.0	1.0	1.0	0.693338662117193	0.3388876778183868	1.0	1.0	1.0	1.0	0.09647604468723761	0.15390834028753284	0.28095806297745446	0.11853310205773722	1.0	0.523385593192534	1.0	0.3567807985967805	0.1479588224617387	1.0	1.0	0.29008125318725153	0.12861368839900206	1.0	0.2840657680171551	1.0
sh	0.5020797777427737	0.2957331835560017	0.5840421748637042	0.2237439483997726	0.7863954451402115	0.24216596868700357	0.33791760171651175	0.2624515121296277	0.3477206834814303	0.2739180148020413	0.2605278888562181	0.0	0.3446358767008637	0.6290597636579104	0.23804957139749666	0.244933397674606	0.36210512757939123	0.36755443729421405	0.35586698578829123	0.11853709538859451	0.15867144099617678	0.40513801396903276	0.26864031380703485	0.36479126520316957	1.0	0.3567807985967805	1.0	0.16942210496094595	1.0	0.3428833939838449	0.2957505488270833	0.19162300310673905	0.46799853680963444	0.40419908723816045	0.3215428364493206
si	0.39240957283608435	0.1910767384155163	0.7389070371781438	0.3151271136845919	0.22129382687349292	0.16610271668230683	0.17254389820099916	0.12922692443610942	0.16588987290001	0.14701173423637465	0.16057543142512073	0.17806666679681002	0.17939623197577814	0.1634250102575233	0.14114229233109993	0.14757127374324996	0.15632285348911576	0.2126271022854446	0.19050191891656987	0.21779108253265597	0.2645265134892165	0.16991322159669034	0.16850955469435452	0.14357150895471363	0.16846264515734946	0.1479588224617387	0.16942210496094595	1.0	0.15827960220913573	0.1682791355086227	0.14803915701851494	0.25285721993182353	0.1649005188806998	0.3398568663547972	0.13330006353208101
simple	1.0	1.0	0.6591493870386186	0.23539291930425102	1.0	0.7411828468492556	1.0	0.2853786681697399	1.0	0.629896233114065	1.0	0.0	1.0	1.0	0.661018167849333	1.0	1.0	0.0	1.0	0.09800250685674824	0.13302953812119064	1.0	0.7411828468492556	1.0	0.0	1.0	1.0	0.15827960220913573	1.0	1.0	1.0	0.1625932280005127	1.0	0.3029438308294919	1.0
sr	1.0	0.40036942469546694	0.6437901081534974	0.22103977003213712	1.0	0.21153734737824906	1.0	0.19110110128631816	0.622744089652251	0.28558205775813494	1.0	1.0	1.0	0.7361412429601097	0.3144709391697526	1.0	1.0	1.0	1.0	0.11040939757244166	0.16445458058750417	0.47048909551543566	0.1646594083479093	1.0	1.0	1.0	0.3428833939838449	0.1682791355086227	1.0	1.0	1.0	0.1578735873898284	1.0	0.5104330220096458	1.0
sv	1.0	0.5283620263881172	0.6442123721368662	0.16104491936162546	1.0	0.22675640598205593	1.0	0.3364312807727271	0.3231350655317313	0.24360452291183615	1.0	0.0	1.0	0.8016071312619631	0.3383214781339799	1.0	1.0	1.0	0.3404610591129031	0.0937709029093716	0.1415879095629732	0.5945264701686552	0.26731900088863036	0.3404610591129031	1.0	0.29008125318725153	0.2957505488270833	0.14803915701851494	1.0	1.0	1.0	0.1495144906874996	1.0	0.3121816806060743	1.0
te	0.3372352302632506	0.18109926114585972	0.7690990303325336	0.3055809099460361	0.19025903523587834	0.14582228603877517	0.17323262206607143	0.12659157162984497	0.14890598628669904	0.13566594703262463	0.16280097509657432	0.16889031812859356	0.17871466121184368	0.158131292855726	0.12291695795890153	0.1362462736458123	0.16704650119005687	0.23450951838068526	0.20111090183748825	0.17035078178804772	0.2046819550660042	0.14856143014447112	0.14605491603473877	0.12180250461501764	0.19522090926239558	0.12861368839900206	0.19162300310673905	0.25285721993182353	0.1625932280005127	0.1578735873898284	0.1495144906874996	1.0	0.15444290612950382	0.522749906396689	0.13095839285617858
vi	1.0	0.4326385711863963	0.6591493870386186	0.22322960685977422	0.0	0.5305358962210756	1.0	0.49218118327005944	1.0	0.49460475324829967	1.0	0.0	1.0	1.0	0.41559783642262926	1.0	1.0	1.0	1.0	0.10436331421256959	0.165567781796947	1.0	0.5417968178792273	1.0	1.0	1.0	0.46799853680963444	0.1649005188806998	1.0	1.0	1.0	0.15444290612950382	1.0	0.4081505271058326	1.0
war	0.569826242322618	0.2810771307284407	0.657312113971931	0.6331698527668272	0.3405036186990162	0.4392070259854193	0.33718996805813495	0.3086522102486628	0.45998008279217006	0.3448524297755373	0.4056459617859177	0.2814957162297526	0.38996162227883135	0.2855037385627019	0.2855058088527608	0.32678612158561177	0.37295189611131235	0.397545505543048	0.28400001769347233	0.31033952895878564	0.20088591445469767	0.44240090780118413	0.47738459638611347	0.32012342576727787	0.29945718472127697	0.2840657680171551	0.40419908723816045	0.3398568663547972	0.3029438308294919	0.5104330220096458	0.3121816806060743	0.522749906396689	0.4081505271058326	1.0	0.17711197640464424
zh	1.0	0.38103220740731136	0.43043942095385074	0.16017195364606243	1.0	0.27866569459310303	1.0	0.26484450280889243	0.7054274448755343	0.3254211621593386	1.0	1.0	1.0	0.7863954451402115	0.2879642400903636	1.0	1.0	1.0	1.0	0.10136612772695326	0.14952804622612345	0.6290808149140177	0.30334305841363535	1.0	0.7584325078215763	1.0	0.3215428364493206	0.13330006353208101	1.0	1.0	1.0	0.13095839285617858	1.0	0.17711197640464424	1.0
