arz	bs	ceb	ckb	da	de	el	en	es	fr	he	hi	hu	id	it	ja	ko	lv	mk	ml	mr	nl	pl	pt	ro	ru	sh	si	simple	sr	sv	te	vi	war	zh
arz	0.3333333333333333	0.3333333333333333	0.5	0.058823529411764705	0.0	0.3333333333333333	0.3333333333333333	0.3333333333333333	0.3333333333333333	0.3333333333333333	0.3333333333333333	0.0	0.3333333333333333	0.5	0.3333333333333333	0.3333333333333333	0.3333333333333333	1.0	0.3333333333333333	0.041666666666666664	0.05	0.3333333333333333	0.3333333333333333	0.3333333333333333	0.0	0.3333333333333333	0.3333333333333333	0.05555555555555555	1.0	0.3333333333333333	0.3333333333333333	0.047619047619047616	1.0	0.07142857142857142	0.3333333333333333
bs	0.3333333333333333	0.023381435389263027	0.16666666666666666	0.019230769230769232	0.3333333333333333	0.02564431360946745	0.038461538461538464	0.025005625625	0.025	0.026325488228532548	0.05555555555555555	0.0	0.0625	0.5	0.029422147923875427	0.08333333333333333	0.034482758620689655	0.05263157894736842	0.02564102564102564	0.011905187216553287	0.021739130434782608	0.07143367346938775	0.02631856094252147	0.04	0.25	0.02564102564102564	0.025658133477326112	0.02127704843820733	1.0	0.03333333333333333	0.06666666666666667	0.019230769230769232	0.06666666666666667	0.027777777777777776	0.03333333333333333
ceb	0.5	0.16666666666666666	0.125078140625	0.2	0.16666666666666666	0.125	0.14285714285714285	0.125	0.125	0.125	0.125	0.125015625	0.14285714285714285	0.125	0.14285714285714285	0.125	0.125	0.2	0.14285714285714285	0.14285714285714285	0.16666666666666666	0.14285714285714285	0.125	0.125	0.125	0.125	0.16666666666666666	0.16666666666666666	0.14285714285714285	0.125	0.14285714285714285	0.25	0.14285714285714285	0.16666666666666666	0.14285714285714285
ckb	0.058823529411764705	0.019230769230769232	0.2	0.009618714127681493	0.012987181649519312	0.01	0.013333333333333334	0.009708737864077669	0.009900990099009901	0.010101112131415162	0.010752688172043012	0.014705882352941176	0.014084507042253521	0.011494252873563218	0.01	0.010526315789473684	0.010869565217391304	0.014925373134328358	0.015873015873015872	0.017543859649122806	0.029411764705882353	0.010416666666666666	0.010309278350515464	0.01	0.012987012987012988	0.01020408163265306	0.013513513513513514	0.02702702702702703	0.012345679012345678	0.012195121951219513	0.010869565217391304	0.02631578947368421	0.011494252873563218	0.034482758620689655	0.010869801512287334
da	0.0	0.3333333333333333	0.16666666666666666	0.012987181649519312	0.09090909090909091	0.25	0.3333333333333333	0.125	0.16666666666666666	0.25	0.3333333333333333	0.0	0.3333333333333333	0.0	0.25	0.3333333333333333	0.3333333333333333	1.0	0.3333333333333333	0.007246376811594203	0.014492963663095989	0.3333333333333333	0.125	0.3333333333333333	1.0	0.1111111111111111	0.3333333333333333	0.016393711367911852	1.0	0.2	0.16666666666666666	0.013333333333333334	0.0	0.023809523809523808	0.25
de	0.3333333333333333	0.02564431360946745	0.125	0.01	0.25	0.0039906936436253995	0.022727272727272728	0.00826514582337272	0.008695652173913044	0.01136557347623967	0.011764705882352941	0.3333333333333333	0.05	0.2	0.01724405529161742	0.07692307692307693	0.030303030303030304	0.05	0.022222222222222223	0.004807715421597633	0.010989131747373506	0.028572244897959183	0.009091239669421486	0.025	0.14285714285714285	0.010752688172043012	0.025644313610125574	0.011904903628117915	0.125	0.014925373134328358	0.05	0.008403361344537815	0.06666666666666667	0.022222222222222223	0.025
el	0.3333333333333333	0.038461538461538464	0.14285714285714285	0.013333333333333334	0.3333333333333333	0.022727272727272728	0.019230769230769232	0.02	0.021739130434782608	0.03225806451612903	0.03125	0.0	0.05555555555555555	0.3333333333333333	0.04	0.09090909090909091	0.05555555555555555	0.1	0.03333333333333333	0.007874201748403496	0.014084903788930767	0.05263157894736842	0.021739130434782608	0.047619047619047616	0.3333333333333333	0.022222222222222223	0.038461538461538464	0.01587351977828168	0.5	0.027777777777777776	0.07692307692307693	0.012345679012345678	0.16666666666666666	0.023255813953488372	0.047619047619047616
en	0.3333333333333333	0.025005625625	0.125	0.009708737864077669	0.125	0.00826514582337272	0.02	0.00247572005637935	0.005154639175257732	0.0100016004001	0.011235955056179775	0.3333333333333333	0.041666666666666664	0.125015625	0.013701633327265903	0.06666666666666667	0.02857142857142857	0.047619047619047616	0.022222222222222223	0.0043861380424746075	0.010526980720332521	0.01851954732510288	0.004587640013509006	0.018518518518518517	0.07692307692307693	0.004672897196261682	0.025002499999999997	0.011364023760330577	0.1	0.010869565217391304	0.03333333333333333	0.008000192	0.0625	0.022222222222222223	0.02127659574468085
es	0.3333333333333333	0.025	0.125	0.009900990099009901	0.16666666666666666	0.008695652173913044	0.021739130434782608	0.005154639175257732	0.0012873724237431078	0.010101214161820221	0.011494252873563218	0.3333333333333333	0.047619047619047616	0.16666666666666666	0.013888888888888888	0.07142857142857142	0.029411764705882353	0.047619047619047616	0.022727272727272728	0.00454547520661157	0.010752688172043012	0.012658227848101266	0.008333333333333333	0.013333333333333334	0.1	0.007874015748031496	0.02564102564102564	0.011627906976744186	0.1111111111111111	0.013157894736842105	0.05	0.008333333333333333	0.06666666666666667	0.022222222222222223	0.022222222222222223
fr	0.3333333333333333	0.026325488228532548	0.125	0.010101112131415162	0.25	0.01136557347623967	0.03225806451612903	0.0100016004001	0.010101214161820221	0.005805107349165061	0.017543859649122806	0.3333333333333333	0.05263157894736842	0.25006249999999997	0.009622508787077202	0.07142857142857142	0.034482758620689655	0.05555555555555555	0.025	0.004629672496570645	0.010869565217391304	0.031251953125	0.013334577777777776	0.02564102564102564	0.14285714285714285	0.012048192771084338	0.027033601899196492	0.01176484429065744	0.125	0.020833333333333332	0.058823529411764705	0.00847457627118644	0.07142857142857142	0.022222222222222223	0.029411764705882353
he	0.3333333333333333	0.05555555555555555	0.125	0.010752688172043012	0.3333333333333333	0.011764705882352941	0.03125	0.011235955056179775	0.011494252873563218	0.017543859649122806	0.01020408163265306	0.3333333333333333	0.07142857142857142	0.25	0.029411764705882353	0.1111111111111111	0.07692307692307693	0.5	0.05	0.005649813272048262	0.011764982698961937	0.04	0.015151515151515152	0.034482758620689655	0.2	0.016129032258064516	0.05555555555555555	0.01250015625	0.16666666666666666	0.027777777777777776	0.08333333333333333	0.00925934499314129	1.0	0.023809523809523808	0.0625
hi	0.0	0.0	0.125015625	0.014705882352941176	0.0	0.3333333333333333	0.0	0.3333333333333333	0.3333333333333333	0.3333333333333333	0.3333333333333333	0.3333333333333333	0.0	0.0	0.0	0.0	0.0	0.0	0.0	0.006802813642463788	0.012987181649519312	0.0	1.0	1.0	0.0	0.3333333333333333	0.0	0.014492963663095989	0.0	0.5	0.0	0.010869565217391304	0.0	0.024390243902439025	1.0
hu	0.3333333333333333	0.0625	0.14285714285714285	0.014084507042253521	0.3333333333333333	0.05	0.05555555555555555	0.041666666666666664	0.047619047619047616	0.05263157894736842	0.07142857142857142	0.0	0.03125	0.5	0.0625	0.1	0.08333333333333333	0.5	0.0625	0.007752058169581156	0.014084903788930767	0.07692307692307693	0.047619047619047616	0.0625	0.25	0.045454545454545456	0.06666666666666667	0.016393711367911852	1.0	0.08333333333333333	0.07142857142857142	0.011627906976744186	1.0	0.024390243902439025	0.07142857142857142
id	0.5	0.5	0.125	0.011494252873563218	0.0	0.2	0.3333333333333333	0.125015625	0.16666666666666666	0.25006249999999997	0.25	0.0	0.5	0.036206989850690166	0.25006249999999997	0.5	0.5	0.0	0.3333333333333333	0.00584798741493109	0.012048337930033388	0.25	0.16666666666666666	0.16666666666666666	0.0	0.25	0.5	0.013158067867036011	1.0	0.3333333333333333	0.3333333333333333	0.009900990099009901	0.5	0.023255813953488372	0.3333333333333333
it	0.3333333333333333	0.029422147923875427	0.14285714285714285	0.01	0.25	0.01724405529161742	0.04	0.013701633327265903	0.013888888888888888	0.009622508787077202	0.029411764705882353	0.0	0.0625	0.25006249999999997	0.004991950519474455	0.08333333333333333	0.034482758620689655	0.05555555555555555	0.02702702702702703	0.004695012012607728	0.01149451710926146	0.03704115363511659	0.016952313415685146	0.034482758620689655	0.16666666666666666	0.01639344262295082	0.028590217972253886	0.012658227848101266	0.14285714285714285	0.030303030303030304	0.05555555555555555	0.008695652173913044	0.07692307692307693	0.022727272727272728	0.029411764705882353
ja	0.3333333333333333	0.08333333333333333	0.125	0.010526315789473684	0.3333333333333333	0.07692307692307693	0.09090909090909091	0.06666666666666667	0.07142857142857142	0.07142857142857142	0.1111111111111111	0.0	0.1	0.5	0.08333333333333333	0.06666666666666667	0.08333333333333333	0.5	0.08333333333333333	0.004975248137422341	0.010870392367674859	0.08333333333333333	0.07142857142857142	0.08333333333333333	1.0	0.07142857142857142	0.08333333333333333	0.011904903628117915	1.0	0.07692307692307693	0.1	0.008772083718067097	1.0	0.022222222222222223	0.07692307692307693
ko	0.3333333333333333	0.034482758620689655	0.125	0.010869565217391304	0.3333333333333333	0.030303030303030304	0.05555555555555555	0.02857142857142857	0.029411764705882353	0.034482758620689655	0.07692307692307693	0.0	0.08333333333333333	0.5	0.034482758620689655	0.08333333333333333	0.027777777777777776	0.05263157894736842	0.034482758620689655	0.005494565873686753	0.011363765495867768	0.07142857142857142	0.030303030303030304	0.058823529411764705	0.25	0.030303030303030304	0.034482758620689655	0.012500468906406405	1.0	0.034482758620689655	0.08333333333333333	0.009708737864077669	0.06666666666666667	0.022727272727272728	0.03125
lv	1.0	0.05263157894736842	0.2	0.014925373134328358	1.0	0.05	0.1	0.047619047619047616	0.047619047619047616	0.05555555555555555	0.5	0.0	0.5	0.0	0.05555555555555555	0.5	0.05263157894736842	0.00847457627118644	0.05263157894736842	0.008849792466128905	0.015873015873015872	0.3333333333333333	0.043478260869565216	0.16666666666666666	0.5	0.04	0.05263157894736842	0.017543859649122806	0.0	0.05	0.3333333333333333	0.015625	0.07142857142857142	0.025	0.05263157894736842
mk	0.3333333333333333	0.02564102564102564	0.14285714285714285	0.015873015873015872	0.3333333333333333	0.022222222222222223	0.03333333333333333	0.022222222222222223	0.022727272727272728	0.025	0.05	0.0	0.0625	0.3333333333333333	0.02702702702702703	0.08333333333333333	0.034482758620689655	0.05263157894736842	0.02127659574468085	0.009708832123668583	0.01851920438957476	0.06666666666666667	0.022727272727272728	0.038461538461538464	0.25	0.022727272727272728	0.02631578947368421	0.018518861454046638	1.0	0.030303030303030304	0.07142857142857142	0.01694915254237288	0.06666666666666667	0.02631578947368421	0.03125
ml	0.041666666666666664	0.011905187216553287	0.14285714285714285	0.017543859649122806	0.007246376811594203	0.004807715421597633	0.007874201748403496	0.0043861380424746075	0.00454547520661157	0.004629672496570645	0.005649813272048262	0.006802813642463788	0.007752058169581156	0.00584798741493109	0.004695012012607728	0.004975248137422341	0.005494565873686753	0.008849792466128905	0.009708832123668583	0.004361842344617725	0.016667500000000002	0.004975173881834608	0.0049504950495049506	0.00469494588816152	0.006711499482005315	0.004926302506733965	0.007299483190367094	0.01818214876033058	0.0064516129032258064	0.006289308176100629	0.005263462659279779	0.014084705415592145	0.005813987290427258	0.024390243902439025	0.005319545071299231
mr	0.05	0.021739130434782608	0.16666666666666666	0.029411764705882353	0.014492963663095989	0.010989131747373506	0.014084903788930767	0.010526980720332521	0.010752688172043012	0.010869565217391304	0.011764982698961937	0.012987181649519312	0.014084903788930767	0.012048337930033388	0.01149451710926146	0.010870392367674859	0.011363765495867768	0.015873015873015872	0.01851920438957476	0.016667500000000002	0.010561554162528899	0.011363894628099173	0.011363636363636364	0.011111358024691357	0.013513696128560994	0.011494384991412341	0.014925818667854755	0.02941349480968858	0.012048483088982435	0.012820677186061802	0.01149451710926146	0.020408996251561846	0.011236207549551824	0.03225806451612903	0.01098985653906533
nl	0.3333333333333333	0.07143367346938775	0.14285714285714285	0.010416666666666666	0.3333333333333333	0.028572244897959183	0.05263157894736842	0.01851954732510288	0.012658227848101266	0.031251953125	0.04	0.0	0.07692307692307693	0.25	0.03704115363511659	0.08333333333333333	0.07142857142857142	0.3333333333333333	0.06666666666666667	0.004975173881834608	0.011363894628099173	0.003147642633116403	0.023810657596371878	0.034482758620689655	0.3333333333333333	0.025	0.07143367346938775	0.012345679012345678	0.2	0.045454545454545456	0.058823529411764705	0.008695652173913044	1.0	0.022222222222222223	0.07142857142857142
pl	0.3333333333333333	0.02631856094252147	0.125	0.010309278350515464	0.125	0.009091239669421486	0.021739130434782608	0.004587640013509006	0.008333333333333333	0.013334577777777776	0.015151515151515152	1.0	0.047619047619047616	0.16666666666666666	0.016952313415685146	0.07142857142857142	0.030303030303030304	0.043478260869565216	0.022727272727272728	0.0049504950495049506	0.011363636363636364	0.023810657596371878	0.00037878061089103015	0.021739130434782608	0.09090909090909091	0.002352941176470588	0.027780864197530862	0.012195270672218919	0.125	0.008403361344537815	0.047621315192743756	0.008771929824561403	0.06666666666666667	0.022727272727272728	0.023809523809523808
pt	0.3333333333333333	0.04	0.125	0.01	0.3333333333333333	0.025	0.047619047619047616	0.018518518518518517	0.013333333333333334	0.02564102564102564	0.034482758620689655	1.0	0.0625	0.16666666666666666	0.034482758620689655	0.08333333333333333	0.058823529411764705	0.16666666666666666	0.038461538461538464	0.00469494588816152	0.011111358024691357	0.034482758620689655	0.021739130434782608	0.002544529262086514	0.3333333333333333	0.020833333333333332	0.043478260869565216	0.011764982698961937	0.5	0.038461538461538464	0.07142857142857142	0.008474719908072392	0.25	0.022727272727272728	0.05
ro	0.0	0.25	0.125	0.012987012987012988	1.0	0.14285714285714285	0.3333333333333333	0.07692307692307693	0.1	0.14285714285714285	0.2	0.0	0.25	0.0	0.16666666666666666	1.0	0.25	0.5	0.25	0.006711499482005315	0.013513696128560994	0.3333333333333333	0.09090909090909091	0.3333333333333333	0.04765307937188436	0.06666666666666667	0.3333333333333333	0.015384615384615385	0.0	0.2	1.0	0.012345679012345678	1.0	0.023809523809523808	0.2
ru	0.3333333333333333	0.02564102564102564	0.125	0.01020408163265306	0.1111111111111111	0.010752688172043012	0.022222222222222223	0.004672897196261682	0.007874015748031496	0.012048192771084338	0.016129032258064516	0.3333333333333333	0.045454545454545456	0.25	0.01639344262295082	0.07142857142857142	0.030303030303030304	0.04	0.022727272727272728	0.004926302506733965	0.011494384991412341	0.025	0.002352941176470588	0.020833333333333332	0.06666666666666667	0.0005104645227156713	0.02564102564102564	0.011904903628117915	0.16666666666666666	0.006993006993006993	0.017241379310344827	0.008547447001314924	0.06666666666666667	0.022222222222222223	0.022222222222222223
sh	0.3333333333333333	0.025658133477326112	0.16666666666666666	0.013513513513513514	0.3333333333333333	0.025644313610125574	0.038461538461538464	0.025002499999999997	0.02564102564102564	0.027033601899196492	0.05555555555555555	0.0	0.06666666666666667	0.5	0.028590217972253886	0.08333333333333333	0.034482758620689655	0.05263157894736842	0.02631578947368421	0.007299483190367094	0.014925818667854755	0.07143367346938775	0.027780864197530862	0.043478260869565216	0.3333333333333333	0.02564102564102564	0.0233934886304459	0.014925373134328358	1.0	0.034482758620689655	0.058823529411764705	0.01204833807533764	0.06666666666666667	0.023809523809523808	0.03333333333333333
si	0.05555555555555555	0.02127704843820733	0.16666666666666666	0.02702702702702703	0.016393711367911852	0.011904903628117915	0.01587351977828168	0.011364023760330577	0.011627906976744186	0.01176484429065744	0.01250015625	0.014492963663095989	0.016393711367911852	0.013158067867036011	0.012658227848101266	0.011904903628117915	0.012500468906406405	0.017543859649122806	0.018518861454046638	0.01818214876033058	0.02941349480968858	0.012345679012345678	0.012195270672218919	0.011764982698961937	0.015384615384615385	0.011904903628117915	0.014925373134328358	0.011386927656719175	0.013333511111111113	0.013158067867036011	0.01250015625	0.027777777777777776	0.01282051282051282	0.03571428571428571	0.011765259515570933
simple	1.0	1.0	0.14285714285714285	0.012345679012345678	1.0	0.125	0.5	0.1	0.1111111111111111	0.125	0.16666666666666666	0.0	1.0	1.0	0.14285714285714285	1.0	1.0	0.0	1.0	0.0064516129032258064	0.012048483088982435	0.2	0.125	0.5	0.0	0.16666666666666666	1.0	0.013333511111111113	0.1	1.0	1.0	0.01098901098901099	1.0	0.023255813953488372	1.0
sr	0.3333333333333333	0.03333333333333333	0.125	0.012195121951219513	0.2	0.014925373134328358	0.027777777777777776	0.010869565217391304	0.013157894736842105	0.020833333333333332	0.027777777777777776	0.5	0.08333333333333333	0.3333333333333333	0.030303030303030304	0.07692307692307693	0.034482758620689655	0.05	0.030303030303030304	0.006289308176100629	0.012820677186061802	0.045454545454545456	0.008403361344537815	0.038461538461538464	0.2	0.006993006993006993	0.034482758620689655	0.013158067867036011	1.0	0.0049504950495049506	0.06666666666666667	0.01020408163265306	0.06666666666666667	0.023255813953488372	0.02631578947368421
sv	0.3333333333333333	0.06666666666666667	0.14285714285714285	0.010869565217391304	0.16666666666666666	0.05	0.07692307692307693	0.03333333333333333	0.05	0.058823529411764705	0.08333333333333333	0.0	0.07142857142857142	0.3333333333333333	0.05555555555555555	0.1	0.08333333333333333	0.3333333333333333	0.07142857142857142	0.005263462659279779	0.01149451710926146	0.058823529411764705	0.047621315192743756	0.07142857142857142	1.0	0.017241379310344827	0.058823529411764705	0.01250015625	1.0	0.06666666666666667	0.005962993371444014	0.009259259259259259	1.0	0.022222222222222223	0.1
te	0.047619047619047616	0.019230769230769232	0.25	0.02631578947368421	0.013333333333333334	0.008403361344537815	0.012345679012345678	0.008000192	0.008333333333333333	0.00847457627118644	0.00925934499314129	0.010869565217391304	0.011627906976744186	0.009900990099009901	0.008695652173913044	0.008772083718067097	0.009708737864077669	0.015625	0.01694915254237288	0.014084705415592145	0.020408996251561846	0.008695652173913044	0.008771929824561403	0.008474719908072392	0.012345679012345678	0.008547447001314924	0.01204833807533764	0.027777777777777776	0.01098901098901099	0.01020408163265306	0.009259259259259259	0.008007624135622726	0.009900990099009901	0.04	0.008849870780797242
vi	1.0	0.06666666666666667	0.14285714285714285	0.011494252873563218	0.0	0.06666666666666667	0.16666666666666666	0.0625	0.06666666666666667	0.07142857142857142	1.0	0.0	1.0	0.5	0.07692307692307693	1.0	0.06666666666666667	0.07142857142857142	0.06666666666666667	0.005813987290427258	0.011236207549551824	1.0	0.06666666666666667	0.25	1.0	0.06666666666666667	0.06666666666666667	0.01282051282051282	1.0	0.06666666666666667	1.0	0.009900990099009901	0.0625	0.022727272727272728	0.06666666666666667
war	0.07142857142857142	0.027777777777777776	0.16666666666666666	0.034482758620689655	0.023809523809523808	0.022222222222222223	0.023255813953488372	0.022222222222222223	0.022222222222222223	0.022222222222222223	0.023809523809523808	0.024390243902439025	0.024390243902439025	0.023255813953488372	0.022727272727272728	0.022222222222222223	0.022727272727272728	0.025	0.02631578947368421	0.024390243902439025	0.03225806451612903	0.022222222222222223	0.022727272727272728	0.022727272727272728	0.023809523809523808	0.022222222222222223	0.023809523809523808	0.03571428571428571	0.023255813953488372	0.023255813953488372	0.022222222222222223	0.04	0.022727272727272728	0.022223703703703704	0.022222222222222223
zh	0.3333333333333333	0.03333333333333333	0.14285714285714285	0.010869801512287334	0.25	0.025	0.047619047619047616	0.02127659574468085	0.022222222222222223	0.029411764705882353	0.0625	1.0	0.07142857142857142	0.3333333333333333	0.029411764705882353	0.07692307692307693	0.03125	0.05263157894736842	0.03125	0.005319545071299231	0.01098985653906533	0.07142857142857142	0.023809523809523808	0.05	0.2	0.022222222222222223	0.03333333333333333	0.011765259515570933	1.0	0.02631578947368421	0.1	0.008849870780797242	0.06666666666666667	0.022222222222222223	0.019230769230769232
