da	de	el	en	es	fr	he	hu	id	it	ja	ko	nl	pl	pt	ro	ru	simple	sr	sv	vi	zh
da	0	48.064	2.72	990.592	4.157	2.72	2.72	2.72	4.312	100.766	2.72	2.72	4.003	2.72	2.72	2.72	4.003	2.72	2.72	202.368	2.72	2.72	
de	48.064	0	45.347	1021.39	46.777	45.347	45.347	45.347	46.939	144.046	45.347	45.347	46.626	45.347	45.347	45.347	46.623	45.347	45.347	244.994	45.347	45.347	
el	2.72	45.347	0	987.872	1.437	0.0	0.0	0.0	1.592	100.635	0.0	0.0	1.283	0.0	0.0	0.0	1.283	0.0	0.0	199.648	0.0	0.0	
en	990.592	1021.39	987.872	0	988.47	987.872	987.872	987.872	989.434	1073.715	987.872	987.872	989.055	987.872	987.872	987.872	989.155	987.872	987.872	1187.378	987.872	987.872	
es	4.157	46.777	1.437	988.47	0	1.437	1.437	1.437	3.029	101.83	1.437	1.437	2.672	1.437	1.437	1.437	2.72	1.437	1.437	200.978	1.437	1.437	
fr	2.72	45.347	0.0	987.872	1.437	0	0.0	0.0	1.592	100.635	0.0	0.0	1.283	0.0	0.0	0.0	1.283	0.0	0.0	199.648	0.0	0.0	
he	2.72	45.347	0.0	987.872	1.437	0.0	0	0.0	1.592	100.635	0.0	0.0	1.283	0.0	0.0	0.0	1.283	0.0	0.0	199.648	0.0	0.0	
hu	2.72	45.347	0.0	987.872	1.437	0.0	0.0	0	1.592	100.635	0.0	0.0	1.283	0.0	0.0	0.0	1.283	0.0	0.0	199.648	0.0	0.0	
id	4.312	46.939	1.592	989.434	3.029	1.592	1.592	1.592	0	102.227	1.592	1.592	2.875	1.592	1.592	1.592	2.875	1.592	1.592	201.24	1.592	1.592	
it	100.766	144.046	100.635	1073.715	101.83	100.635	100.635	100.635	102.227	0	100.635	100.635	101.918	100.635	100.635	100.635	99.449	100.635	100.635	300.176	100.635	100.635	
ja	2.72	45.347	0.0	987.872	1.437	0.0	0.0	0.0	1.592	100.635	0	0.0	1.283	0.0	0.0	0.0	1.283	0.0	0.0	199.648	0.0	0.0	
ko	2.72	45.347	0.0	987.872	1.437	0.0	0.0	0.0	1.592	100.635	0.0	0	1.283	0.0	0.0	0.0	1.283	0.0	0.0	199.648	0.0	0.0	
nl	4.003	46.626	1.283	989.055	2.672	1.283	1.283	1.283	2.875	101.918	1.283	1.283	0	1.283	1.283	1.283	2.565	1.283	1.283	200.93	1.283	1.283	
pl	2.72	45.347	0.0	987.872	1.437	0.0	0.0	0.0	1.592	100.635	0.0	0.0	1.283	0	0.0	0.0	1.283	0.0	0.0	199.648	0.0	0.0	
pt	2.72	45.347	0.0	987.872	1.437	0.0	0.0	0.0	1.592	100.635	0.0	0.0	1.283	0.0	0	0.0	1.283	0.0	0.0	199.648	0.0	0.0	
ro	2.72	45.347	0.0	987.872	1.437	0.0	0.0	0.0	1.592	100.635	0.0	0.0	1.283	0.0	0.0	0	1.283	0.0	0.0	199.648	0.0	0.0	
ru	4.003	46.623	1.283	989.155	2.72	1.283	1.283	1.283	2.875	99.449	1.283	1.283	2.565	1.283	1.283	1.283	0	1.283	1.283	200.93	1.283	1.283	
simple	2.72	45.347	0.0	987.872	1.437	0.0	0.0	0.0	1.592	100.635	0.0	0.0	1.283	0.0	0.0	0.0	1.283	0	0.0	199.648	0.0	0.0	
sr	2.72	45.347	0.0	987.872	1.437	0.0	0.0	0.0	1.592	100.635	0.0	0.0	1.283	0.0	0.0	0.0	1.283	0.0	0	199.648	0.0	0.0	
sv	202.368	244.994	199.648	1187.378	200.978	199.648	199.648	199.648	201.24	300.176	199.648	199.648	200.93	199.648	199.648	199.648	200.93	199.648	199.648	0	199.648	199.648	
vi	2.72	45.347	0.0	987.872	1.437	0.0	0.0	0.0	1.592	100.635	0.0	0.0	1.283	0.0	0.0	0.0	1.283	0.0	0.0	199.648	0	0.0	
zh	2.72	45.347	0.0	987.872	1.437	0.0	0.0	0.0	1.592	100.635	0.0	0.0	1.283	0.0	0.0	0.0	1.283	0.0	0.0	199.648	0.0	0	
