arz	bs	ceb	ckb	da	de	el	en	es	fr	he	hi	hu	id	it	ja	ko	lv	mk	ml	mr	nl	pl	pt	ro	ru	sh	si	simple	sr	sv	te	vi	war	zh
arz	1.0	0.38742588672279304	1.0	1.0	0.2958163163244893	0.585786437626905	1.0	0.12371884312458155	0.44948974278317805	0.28989794855663564	1.0	1.0	0.24660605559646726	0.19636040545626823	0.23166247903554	1.0	1.0	1.0	1.0	1.0	1.0	0.5	0.2612038749637415	0.2449655295864104	0.28436465220442186	1.0	0.23582845781094	1.0	0.23669181907653403	1.0	0.26533119314590375	1.0	0.39564392373896007	0.585786437626905	1.0
bs	0.38742588672279304	1.0	0.14257458343761814	1.0	0.09074062720545158	0.051247732503883536	0.07403752207937633	0.05278935027741873	0.06576002928174635	0.05233102147315032	0.0806856459217688	0.2958163163244893	0.06662635813207164	0.09930588992226713	0.062391781045810835	0.07636895411343983	0.10505430351996467	0.14342762372277804	0.1856154626682773	0.17411239489546831	0.3660254037844386	0.0689726421872179	0.06864194487816376	0.0684702885908194	0.09318083406362275	0.0678768442651782	0.05616240382854139	1.0	0.09183252326509186	0.06851500819413639	0.06652126310184914	1.0	0.18464218557642828	0.23166247903554	0.0678768442651782
ceb	1.0	0.14257458343761814	1.0	1.0	0.07897706510881926	0.11025350792646373	1.0	0.007859602108688428	0.1662057509419643	0.05395831055859821	1.0	1.0	0.0546554558484946	0.10056040392403998	0.041093879998447234	1.0	1.0	0.28436465220442186	0.585786437626905	1.0	1.0	0.11169456803684231	0.13667467040980727	0.0994491992362644	0.0939527256629669	0.5	0.1325878204191017	1.0	0.2898979485566356	0.585786437626905	0.05336953848101404	1.0	0.11797140723146628	1.0	1.0
ckb	1.0	1.0	1.0	1.0	0.36602540378443865	0.585786437626905	1.0	0.4142135623730951	1.0	0.585786437626905	1.0	1.0	0.5	0.44948974278317805	0.3430703308172536	1.0	1.0	0.585786437626905	1.0	1.0	1.0	0.44948974278317805	0.585786437626905	0.5	0.3660254037844386	1.0	0.5	1.0	0.5	1.0	0.28989794855663564	1.0	1.0	1.0	1.0
da	0.2958163163244893	0.09074062720545158	0.07897706510881926	0.36602540378443865	1.0	0.007443734717904266	0.018590927764937724	0.010412692066696691	0.008139492040656206	0.007786719379206053	0.009529449936893437	0.08257746602204706	0.011573516403619309	0.01165580982106468	0.008095513486380422	0.008740998214607068	0.011692710486825516	0.04416482336406573	0.07903656204261435	0.061608425158994874	0.14718684026906356	0.008451879898228192	0.008623737827840297	0.008161144768075815	0.01614611836844638	0.007991555945982507	0.011146533494225157	0.585786437626905	0.04284441014978499	0.013375252804245584	0.008201974561000948	0.39564392373896007	0.014600630358467282	0.10068176716998832	0.009393678309707503
de	0.585786437626905	0.051247732503883536	0.11025350792646373	0.585786437626905	0.007443734717904266	1.0	0.125	0.0016978936687077738	0.017909460129354588	0.00206393552070993	0.10642342175357314	0.3660254037844386	0.0047351767152673625	0.006525900268357416	0.002143085099006653	0.08748352363937141	0.12477741009751188	0.1886378647726465	0.25	0.4142135623730951	1.0	0.004925433052893929	0.008974973849841623	0.004710969620673393	0.008517897016308491	0.04107941385717598	0.006049395348513877	1.0	0.07432041463521313	0.13265505186373677	0.004120199903794858	1.0	0.01444383842055411	0.3660254037844386	0.08852981086654285
el	1.0	0.07403752207937633	1.0	1.0	0.018590927764937724	0.125	1.0	0.005272835324932195	0.08783155812126119	0.026161712378479328	1.0	1.0	0.013650871722510687	0.04752485030135579	0.007661291653932489	1.0	1.0	0.20658711810431302	1.0	1.0	1.0	0.07491147878038594	0.07177453928648159	0.03601237032092686	0.02988163927967318	0.585786437626905	0.03473245253344577	1.0	0.11850253745043801	0.585786437626905	0.04753424446819945	1.0	0.061960353611833704	0.585786437626905	1.0
en	0.12371884312458155	0.05278935027741873	0.007859602108688428	0.4142135623730951	0.010412692066696691	0.0016978936687077738	0.005272835324932195	1.0	0.0023368510034645794	0.004919524620738545	0.004808352261010084	0.055442437467245705	0.010842773218495024	0.006326505405938974	0.008306054486420248	0.004253003056084956	0.007008324865381334	0.055691161158033714	0.04742748543390206	0.059396655801884524	0.15571044664402758	0.003439340466684563	0.0031847594582554055	0.003912705013301133	0.01089009414269578	0.002449991970549222	0.00674822914556563	0.44948974278317805	0.025538032095021146	0.006529788692972842	0.0045492668752723205	0.4142135623730951	0.006835091136649003	0.10108962811297216	0.004052615019897842
es	0.44948974278317805	0.06576002928174635	0.1662057509419643	1.0	0.008139492040656206	0.017909460129354588	0.08783155812126119	0.0023368510034645794	1.0	0.002741808143194763	0.06686599090040186	0.24336073281110826	0.004848584368029596	0.007209801713050837	0.0025791039556444075	0.05710578822258028	0.09090909090909093	0.17279705880372734	0.21393876913398135	0.38742588672279304	0.585786437626905	0.007703393328368664	0.013688649799373136	0.005147045249334886	0.00929001644384144	0.031753341877302284	0.00595707149914964	0.585786437626905	0.071954485690606	0.11419804257149403	0.005017432340331397	1.0	0.018352383164527978	0.28708594921778513	0.0817997772825746
fr	0.28989794855663564	0.05233102147315032	0.05395831055859821	0.585786437626905	0.007786719379206053	0.00206393552070993	0.026161712378479328	0.004919524620738545	0.002741808143194763	1.0	0.019526337847004943	0.12874039567579135	0.005094764852382941	0.00669240297289907	0.004259444854382727	0.011036713820647732	0.042864455142914135	0.13100580420257674	0.11383557353039307	0.16484708315636035	0.2474401533514073	0.003947162051933427	0.00442603076880515	0.004204395416368264	0.008786585986117423	0.003350046797826747	0.005665832925347259	0.585786437626905	0.06497234804710326	0.05424289034377127	0.0045461691252242226	0.44948974278317805	0.012544234217397834	0.22281267964860224	0.012055608384601969
he	1.0	0.0806856459217688	1.0	1.0	0.009529449936893437	0.10642342175357314	1.0	0.004808352261010084	0.06686599090040186	0.019526337847004943	1.0	1.0	0.008411099026622215	0.018951489231997087	0.007936507936507938	1.0	1.0	0.20658711810431302	1.0	1.0	1.0	0.04069910852205807	0.05267009534451146	0.03497871138379496	0.012938793588999279	0.5	0.016034931221012624	1.0	0.08374683670839327	0.585786437626905	0.02648225573454939	1.0	0.045939492170424395	0.585786437626905	1.0
hi	1.0	0.2958163163244893	1.0	1.0	0.08257746602204706	0.3660254037844386	1.0	0.055442437467245705	0.24336073281110826	0.12874039567579135	1.0	1.0	0.12636227365336414	0.12809248424016279	0.11336696073850488	1.0	1.0	0.39564392373896007	1.0	1.0	1.0	0.2240092377397959	0.23441237831492112	0.19675422795565722	0.12556198186509598	0.585786437626905	0.15894454156034005	1.0	0.2187841884486319	1.0	0.19636040545626823	1.0	0.19292728076790167	0.585786437626905	1.0
hu	0.24660605559646726	0.06662635813207164	0.0546554558484946	0.5	0.011573516403619309	0.0047351767152673625	0.013650871722510687	0.010842773218495024	0.004848584368029596	0.005094764852382941	0.008411099026622215	0.12636227365336414	1.0	0.008701881349345249	0.00656830809282138	0.0059791115863845	0.012018746355338637	0.08428625739860256	0.0793000016364723	0.0864657473858325	0.2372732414640341	0.005886489290784209	0.005880871877841921	0.005381279221597807	0.013537173679660277	0.0052741167833411165	0.008402671332535418	0.585786437626905	0.044502705849447564	0.011872204780627164	0.005939317366088497	0.5	0.01230307815462567	0.1195738137433734	0.007365502894665727
id	0.19636040545626823	0.09930588992226713	0.10056040392403998	0.44948974278317805	0.01165580982106468	0.006525900268357416	0.04752485030135579	0.006326505405938974	0.007209801713050837	0.00669240297289907	0.018951489231997087	0.12809248424016279	0.008701881349345249	1.0	0.006725812767922009	0.013430532984749074	0.0442233348749055	0.11350416126511091	0.12941948075789503	0.13594160997026095	0.2193450929151803	0.009746867183676226	0.009784175468812798	0.00896758568684027	0.014278012312064586	0.007296153064265618	0.014589710659024807	0.585786437626905	0.07655546207214049	0.03801681504346357	0.009184269986969697	0.44948974278317805	0.024900030299787115	0.17491720310721423	0.020347965101269776
it	0.23166247903554	0.062391781045810835	0.041093879998447234	0.3430703308172536	0.008095513486380422	0.002143085099006653	0.007661291653932489	0.008306054486420248	0.0025791039556444075	0.004259444854382727	0.007936507936507938	0.11336696073850488	0.00656830809282138	0.006725812767922009	1.0	0.006136424446598686	0.013364433285558051	0.09755025880889	0.06421493302198322	0.10467092305179067	0.25	0.0037328695935530715	0.0037216892670389468	0.0039188397991809076	0.00895306558512768	0.003052214342391453	0.006088149603905843	0.585786437626905	0.05570241943838022	0.015255928579947493	0.004773931798650788	0.585786437626905	0.013045764212929549	0.21393876913398135	0.006308860951992327
ja	1.0	0.07636895411343983	1.0	1.0	0.008740998214607068	0.08748352363937141	1.0	0.004253003056084956	0.05710578822258028	0.011036713820647732	1.0	1.0	0.0059791115863845	0.013430532984749074	0.006136424446598686	1.0	1.0	0.20658711810431302	1.0	1.0	1.0	0.041016796793711854	0.03768476499691428	0.03085095875259253	0.012123748031351562	0.585786437626905	0.010923821157618934	1.0	0.08492589919757414	1.0	0.018595021101554154	1.0	0.031593688337906316	0.585786437626905	1.0
ko	1.0	0.10505430351996467	1.0	1.0	0.011692710486825516	0.12477741009751188	1.0	0.007008324865381334	0.09090909090909093	0.042864455142914135	1.0	1.0	0.012018746355338637	0.0442233348749055	0.013364433285558051	1.0	1.0	0.2187841884486319	1.0	1.0	1.0	0.07583767869121315	0.08552361724909081	0.06678034233946469	0.01896308040411682	0.585786437626905	0.03275050657244731	1.0	0.08875910166828044	1.0	0.04162688623742414	1.0	0.05924992934257524	0.585786437626905	1.0
lv	1.0	0.14342762372277804	0.28436465220442186	0.585786437626905	0.04416482336406573	0.1886378647726465	0.20658711810431302	0.055691161158033714	0.17279705880372734	0.13100580420257674	0.20658711810431302	0.39564392373896007	0.08428625739860256	0.11350416126511091	0.09755025880889	0.20658711810431302	0.2187841884486319	1.0	0.4142135623730951	0.38742588672279304	1.0	0.17437934181076717	0.17100799366294794	0.1585482616943639	0.07570662670831027	0.1987625491245426	0.1264473457816996	1.0	0.131657717156152	0.21551468935838852	0.15438708879488486	1.0	0.15530226089890053	0.31264808514230086	0.20658711810431302
mk	1.0	0.1856154626682773	0.585786437626905	1.0	0.07903656204261435	0.25	1.0	0.04742748543390206	0.21393876913398135	0.11383557353039307	1.0	1.0	0.0793000016364723	0.12941948075789503	0.06421493302198322	1.0	1.0	0.4142135623730951	1.0	1.0	1.0	0.29893508442482547	0.21290885543182675	0.15894454156034005	0.11034777731716482	1.0	0.16139047779640892	1.0	0.18030816435569247	1.0	0.1399755881284967	1.0	0.2025519956555797	0.585786437626905	1.0
ml	1.0	0.17411239489546831	1.0	1.0	0.061608425158994874	0.4142135623730951	1.0	0.059396655801884524	0.38742588672279304	0.16484708315636035	1.0	1.0	0.0864657473858325	0.13594160997026095	0.10467092305179067	1.0	1.0	0.38742588672279304	1.0	1.0	1.0	0.18464218557642828	0.23441237831492112	0.17797387640247572	0.09336995692475607	1.0	0.14713345700845937	1.0	0.1827439976315568	1.0	0.1757340838011157	1.0	0.14285714285714285	1.0	1.0
mr	1.0	0.3660254037844386	1.0	1.0	0.14718684026906356	1.0	1.0	0.15571044664402758	0.585786437626905	0.2474401533514073	1.0	1.0	0.2372732414640341	0.2193450929151803	0.25	1.0	1.0	1.0	1.0	1.0	1.0	0.44948974278317805	0.36602540378443865	0.3430703308172536	0.2612038749637414	1.0	0.30216947925196225	1.0	0.32449979983983984	1.0	0.3164309725825327	1.0	0.38742588672279304	0.585786437626905	1.0
nl	0.5	0.0689726421872179	0.11169456803684231	0.44948974278317805	0.008451879898228192	0.004925433052893929	0.07491147878038594	0.003439340466684563	0.007703393328368664	0.003947162051933427	0.04069910852205807	0.2240092377397959	0.005886489290784209	0.009746867183676226	0.0037328695935530715	0.041016796793711854	0.07583767869121315	0.17437934181076717	0.29893508442482547	0.18464218557642828	0.44948974278317805	1.0	0.012816900939815485	0.007792990560549249	0.010208323692434658	0.009817574617877068	0.007997439911255831	1.0	0.07406853174899775	0.08809809385053458	0.00740668070546311	0.5	0.022121210469850328	0.2553967929896867	0.03638153007578639
pl	0.2612038749637415	0.06864194487816376	0.13667467040980727	0.585786437626905	0.008623737827840297	0.008974973849841623	0.07177453928648159	0.0031847594582554055	0.013688649799373136	0.00442603076880515	0.05267009534451146	0.23441237831492112	0.005880871877841921	0.009784175468812798	0.0037216892670389468	0.03768476499691428	0.08552361724909081	0.17100799366294794	0.21290885543182675	0.23441237831492112	0.36602540378443865	0.012816900939815485	1.0	0.011111998041989406	0.009815760214624495	0.014118038714544466	0.008107792227789769	0.585786437626905	0.07307464900776274	0.06670638551801399	0.0065504288040407095	1.0	0.02811030016945568	0.2449655295864104	0.047031886865206075
pt	0.2449655295864104	0.0684702885908194	0.0994491992362644	0.5	0.008161144768075815	0.004710969620673393	0.03601237032092686	0.003912705013301133	0.005147045249334886	0.004204395416368264	0.03497871138379496	0.19675422795565722	0.005381279221597807	0.00896758568684027	0.0039188397991809076	0.03085095875259253	0.06678034233946469	0.1585482616943639	0.15894454156034005	0.17797387640247572	0.3430703308172536	0.007792990560549249	0.011111998041989406	1.0	0.009806502767328463	0.006177342829219609	0.007390927037209962	0.5	0.07080899393609462	0.054135826627020676	0.005558369708490218	0.44948974278317805	0.021878523284675537	0.2674788903885893	0.029315580394607216
ro	0.28436465220442186	0.09318083406362275	0.0939527256629669	0.3660254037844386	0.01614611836844638	0.008517897016308491	0.02988163927967318	0.01089009414269578	0.00929001644384144	0.008786585986117423	0.012938793588999279	0.12556198186509598	0.013537173679660277	0.014278012312064586	0.00895306558512768	0.012123748031351562	0.01896308040411682	0.07570662670831027	0.11034777731716482	0.09336995692475607	0.2612038749637414	0.010208323692434658	0.009815760214624495	0.009806502767328463	1.0	0.00935280831090874	0.013567373307163963	0.5	0.06704947836087545	0.018113602050769093	0.010105766145096968	0.585786437626905	0.02313285600418799	0.1524674529724053	0.01235680775588546
ru	1.0	0.0678768442651782	0.5	1.0	0.007991555945982507	0.04107941385717598	0.585786437626905	0.002449991970549222	0.031753341877302284	0.003350046797826747	0.5	0.585786437626905	0.0052741167833411165	0.007296153064265618	0.003052214342391453	0.585786437626905	0.585786437626905	0.1987625491245426	1.0	1.0	1.0	0.009817574617877068	0.014118038714544466	0.006177342829219609	0.00935280831090874	1.0	0.00626337538165789	1.0	0.07546298133221611	0.5	0.005328218435699794	1.0	0.022418715423099828	0.585786437626905	0.585786437626905
sh	0.23582845781094	0.05616240382854139	0.1325878204191017	0.5	0.011146533494225157	0.006049395348513877	0.03473245253344577	0.00674822914556563	0.00595707149914964	0.005665832925347259	0.016034931221012624	0.15894454156034005	0.008402671332535418	0.014589710659024807	0.006088149603905843	0.010923821157618934	0.03275050657244731	0.1264473457816996	0.16139047779640892	0.14713345700845937	0.30216947925196225	0.007997439911255831	0.008107792227789769	0.007390927037209962	0.013567373307163963	0.00626337538165789	1.0	0.585786437626905	0.08830234469045686	0.027687264211385645	0.008237681885940875	1.0	0.029898204305132344	0.16114046107004398	0.014092622200489423
si	1.0	1.0	1.0	1.0	0.585786437626905	1.0	1.0	0.44948974278317805	0.585786437626905	0.585786437626905	1.0	1.0	0.585786437626905	0.585786437626905	0.585786437626905	1.0	1.0	1.0	1.0	1.0	1.0	1.0	0.585786437626905	0.5	0.5	1.0	0.585786437626905	1.0	1.0	1.0	1.0	1.0	0.585786437626905	1.0	1.0
simple	0.23669181907653403	0.09183252326509186	0.2898979485566356	0.5	0.04284441014978499	0.07432041463521313	0.11850253745043801	0.025538032095021146	0.071954485690606	0.06497234804710326	0.08374683670839327	0.2187841884486319	0.044502705849447564	0.07655546207214049	0.05570241943838022	0.08492589919757414	0.08875910166828044	0.131657717156152	0.18030816435569247	0.1827439976315568	0.32449979983983984	0.07406853174899775	0.07307464900776274	0.07080899393609462	0.06704947836087545	0.07546298133221611	0.08830234469045686	1.0	1.0	0.09170488580362005	0.06783016357261493	0.585786437626905	0.09127637276617077	0.17411239489546831	0.08162154891105225
sr	1.0	0.06851500819413639	0.585786437626905	1.0	0.013375252804245584	0.13265505186373677	0.585786437626905	0.006529788692972842	0.11419804257149403	0.05424289034377127	0.585786437626905	1.0	0.011872204780627164	0.03801681504346357	0.015255928579947493	1.0	1.0	0.21551468935838852	1.0	1.0	1.0	0.08809809385053458	0.06670638551801399	0.054135826627020676	0.018113602050769093	0.5	0.027687264211385645	1.0	0.09170488580362005	1.0	0.05512941588728475	1.0	0.08442841654700486	0.585786437626905	1.0
sv	0.26533119314590375	0.06652126310184914	0.05336953848101404	0.28989794855663564	0.008201974561000948	0.004120199903794858	0.04753424446819945	0.0045492668752723205	0.005017432340331397	0.0045461691252242226	0.02648225573454939	0.19636040545626823	0.005939317366088497	0.009184269986969697	0.004773931798650788	0.018595021101554154	0.04162688623742414	0.15438708879488486	0.1399755881284967	0.1757340838011157	0.3164309725825327	0.00740668070546311	0.0065504288040407095	0.005558369708490218	0.010105766145096968	0.005328218435699794	0.008237681885940875	1.0	0.06783016357261493	0.05512941588728475	1.0	0.5	0.016031413371716086	0.2898979485566356	0.01943045079748074
te	1.0	1.0	1.0	1.0	0.39564392373896007	1.0	1.0	0.4142135623730951	1.0	0.44948974278317805	1.0	1.0	0.5	0.44948974278317805	0.585786437626905	1.0	1.0	1.0	1.0	1.0	1.0	0.5	1.0	0.44948974278317805	0.585786437626905	1.0	1.0	1.0	0.585786437626905	1.0	0.5	1.0	1.0	1.0	1.0
vi	0.39564392373896007	0.18464218557642828	0.11797140723146628	1.0	0.014600630358467282	0.01444383842055411	0.061960353611833704	0.006835091136649003	0.018352383164527978	0.012544234217397834	0.045939492170424395	0.19292728076790167	0.01230307815462567	0.024900030299787115	0.013045764212929549	0.031593688337906316	0.05924992934257524	0.15530226089890053	0.2025519956555797	0.14285714285714285	0.38742588672279304	0.022121210469850328	0.02811030016945568	0.021878523284675537	0.02313285600418799	0.022418715423099828	0.029898204305132344	0.585786437626905	0.09127637276617077	0.08442841654700486	0.016031413371716086	1.0	1.0	0.17877978264389754	0.03534613693932201
war	0.585786437626905	0.23166247903554	1.0	1.0	0.10068176716998832	0.3660254037844386	0.585786437626905	0.10108962811297216	0.28708594921778513	0.22281267964860224	0.585786437626905	0.585786437626905	0.1195738137433734	0.17491720310721423	0.21393876913398135	0.585786437626905	0.585786437626905	0.31264808514230086	0.585786437626905	1.0	0.585786437626905	0.2553967929896867	0.2449655295864104	0.2674788903885893	0.1524674529724053	0.585786437626905	0.16114046107004398	1.0	0.17411239489546831	0.585786437626905	0.2898979485566356	1.0	0.17877978264389754	1.0	0.585786437626905
zh	1.0	0.0678768442651782	1.0	1.0	0.009393678309707503	0.08852981086654285	1.0	0.004052615019897842	0.0817997772825746	0.012055608384601969	1.0	1.0	0.007365502894665727	0.020347965101269776	0.006308860951992327	1.0	1.0	0.20658711810431302	1.0	1.0	1.0	0.03638153007578639	0.047031886865206075	0.029315580394607216	0.01235680775588546	0.585786437626905	0.014092622200489423	1.0	0.08162154891105225	1.0	0.01943045079748074	1.0	0.03534613693932201	0.585786437626905	1.0
