arz	bs	ceb	ckb	da	de	el	en	es	fr	he	hi	hu	id	it	ja	ko	lv	mk	ml	mr	nl	pl	pt	ro	ru	sh	si	simple	sr	sv	te	tr	vi	war	zh
arz	1.0	1.0	0.0	1.0	1.0	1.0	1.0	1.0	1.0	1.0	1.0	1.0	1.0	1.0	1.0	1.0	1.0	1.0	1.0	1.0	1.0	1.0	1.0	1.0	1.0	1.0	0.585786437626905	1.0	1.0	1.0	1.0	1.0	1.0	1.0	1.0	1.0
bs	1.0	1.0	1.0	1.0	0.28172904669025317	0.07635695945505508	0.4142135623730951	0.07931744820908973	0.08472438987104805	0.08561895149845664	0.39564392373896007	0.5	0.39564392373896007	0.1786028838470911	0.09176525402646019	0.08194922290123727	0.23166247903554	0.5	0.2857142857142857	0.2612038749637414	1.0	0.19577517651634202	0.07642901474515405	0.07459634425022814	0.3090169943749474	0.07116839350571612	0.35388936786452296	1.0	0.12689079873812598	0.34833147735478825	0.2674788903885893	0.585786437626905	0.13343114034878162	0.0996317496836856	1.0	0.09114617339108941
ceb	0.0	1.0	1.0	0.0	1.0	1.0	0.0	1.0	1.0	1.0	1.0	1.0	1.0	1.0	1.0	1.0	1.0	1.0	1.0	1.0	0.0	1.0	1.0	1.0	1.0	1.0	1.0	1.0	1.0	1.0	1.0	0.0	-1.0	1.0	1.0	1.0
ckb	1.0	1.0	0.0	1.0	0.585786437626905	1.0	1.0	1.0	1.0	1.0	1.0	1.0	1.0	1.0	1.0	1.0	1.0	0.585786437626905	1.0	1.0	1.0	1.0	1.0	1.0	1.0	1.0	1.0	1.0	1.0	1.0	0.585786437626905	1.0	1.0	1.0	1.0	1.0
da	1.0	0.28172904669025317	1.0	0.585786437626905	1.0	0.09135902886238519	0.5	0.08309788708850151	0.08993269400421394	0.121202243285917	0.18660549686337075	0.25824569976124334	0.36602540378443865	0.11470285917299994	0.14330867210900364	0.10788746128787553	0.17025921636942778	0.33300151973035974	0.20367864366808017	0.22901628833426058	1.0	0.09005003831453388	0.08830306957253328	0.09358253225098981	0.25	0.10499266839576207	0.2240092377397959	1.0	0.12747634072098388	0.21712927295533244	0.14546113408413816	0.5	0.22857220805613246	0.1886378647726465	1.0	0.13231996486433337
de	1.0	0.07635695945505508	1.0	1.0	0.09135902886238519	1.0	1.0	0.02805070856941268	0.02810719308551086	0.026342359409714525	0.585786437626905	0.585786437626905	0.3660254037844386	0.06682226879099577	0.02459835383561768	0.11696132920126338	0.4142135623730951	0.22966848451216434	0.585786437626905	0.30383243470068705	1.0	0.027355212605234994	0.021643999621202	0.04061836386061813	0.2632403810669918	0.03503109759606472	0.179128784747792	1.0	0.08568819317954442	0.15309887413431528	0.12492517918035312	1.0	0.1856154626682773	0.22584440001865322	1.0	0.19636040545626823
el	1.0	0.4142135623730951	0.0	1.0	0.5	1.0	1.0	0.36602540378443865	1.0	0.5	1.0	1.0	1.0	0.585786437626905	0.5	1.0	1.0	0.585786437626905	1.0	1.0	1.0	0.20856217852254144	1.0	0.585786437626905	1.0	1.0	1.0	1.0	0.585786437626905	0.5	0.585786437626905	1.0	0.585786437626905	1.0	1.0	1.0
en	1.0	0.07931744820908973	1.0	1.0	0.08309788708850151	0.02805070856941268	0.36602540378443865	1.0	0.022130460808092313	0.03418774772496383	0.18502951679940477	0.2958163163244893	0.13333333333333333	0.07162300774638357	0.049090567749262376	0.03385705428295777	0.11034777731716484	0.15556881475846185	0.28989794855663564	0.18181818181818182	1.0	0.08843225772224715	0.020900792009609478	0.019862691221727007	0.1811468202230527	0.019336264264232374	0.13219746820224226	1.0	0.04870428822135526	0.05311897098176643	0.03810656664483186	0.28989794855663564	0.09053135419856341	0.06568912295618123	1.0	0.03637986441597101
es	1.0	0.08472438987104805	1.0	1.0	0.08993269400421394	0.02810719308551086	1.0	0.022130460808092313	1.0	0.02555154717729667	0.3430703308172536	0.4142135623730951	0.2958163163244893	0.05361640516704821	0.02894441156729561	0.13057680273413982	0.23800671553691075	0.257147200946602	0.5	0.32449979983983984	1.0	0.02174064554745355	0.024743275674248503	0.04204212197429597	0.25162899472596006	0.06415642126036013	0.13933480108551888	1.0	0.07586924830542041	0.13579648178933995	0.09337870119577076	0.585786437626905	0.17529689292589715	0.2204812092115424	1.0	0.1490392711850658
fr	1.0	0.08561895149845664	1.0	1.0	0.121202243285917	0.026342359409714525	0.5	0.03418774772496383	0.02555154717729667	1.0	0.5	1.0	0.585786437626905	0.04923603737019467	0.03253410509596885	0.1043220369455145	0.24257131419419417	0.2187841884486319	0.585786437626905	0.585786437626905	1.0	0.033969665806434485	0.021403689803253193	0.024482736561945377	0.21040331845089688	0.023322467618272114	0.17001194913688772	1.0	0.09519802814099487	0.19219040425836986	0.1180914546598489	0.585786437626905	0.16212676379580826	0.13737740502480233	1.0	0.10299084789829147
he	1.0	0.39564392373896007	1.0	1.0	0.18660549686337075	0.585786437626905	1.0	0.18502951679940477	0.3430703308172536	0.5	1.0	1.0	1.0	0.23800671553691075	0.2857142857142857	1.0	1.0	0.32449979983983984	1.0	1.0	1.0	0.09356296512729828	0.4142135623730951	0.36602540378443865	0.3333333333333333	1.0	0.3090169943749474	1.0	0.21331887166009167	0.585786437626905	0.44948974278317805	1.0	0.585786437626905	1.0	1.0	1.0
hi	1.0	0.5	1.0	1.0	0.25824569976124334	0.585786437626905	1.0	0.2958163163244893	0.4142135623730951	1.0	1.0	1.0	1.0	0.3090169943749474	0.5	1.0	1.0	0.4142135623730951	1.0	1.0	1.0	0.12481442192361682	0.585786437626905	1.0	0.3333333333333333	1.0	0.353889367864523	1.0	0.1907435698305462	0.585786437626905	0.585786437626905	1.0	0.585786437626905	1.0	1.0	1.0
hu	1.0	0.39564392373896007	1.0	1.0	0.36602540378443865	0.3660254037844386	1.0	0.13333333333333333	0.2958163163244893	0.585786437626905	1.0	1.0	1.0	0.36602540378443865	0.39564392373896007	1.0	1.0	0.5	1.0	1.0	1.0	0.07322950997516076	0.353889367864523	0.39564392373896007	0.2958163163244893	1.0	0.44948974278317805	1.0	0.2402530733520421	0.5	0.585786437626905	1.0	0.585786437626905	1.0	1.0	1.0
id	1.0	0.1786028838470911	1.0	1.0	0.11470285917299994	0.06682226879099577	0.585786437626905	0.07162300774638357	0.05361640516704821	0.04923603737019467	0.23800671553691075	0.3090169943749474	0.36602540378443865	1.0	0.09099738063282761	0.16202097927744855	0.22584440001865322	0.24099501578658294	0.585786437626905	0.20991366558572697	1.0	0.07302507775427357	0.052169426774374875	0.05472417779927256	0.24741546549521673	0.05967463760106088	0.18620744070068682	1.0	0.11994918032518934	0.2025519956555797	0.08369612637481952	1.0	0.17794504765939326	0.13133048602716904	1.0	0.08665212056713067
it	1.0	0.09176525402646019	1.0	1.0	0.14330867210900364	0.02459835383561768	0.5	0.049090567749262376	0.02894441156729561	0.03253410509596885	0.2857142857142857	0.5	0.39564392373896007	0.09099738063282761	1.0	0.12515975907731425	0.3430703308172536	0.20519976080347516	1.0	0.39564392373896007	1.0	0.05228910679228583	0.027383223961142338	0.027025101781621208	0.23166247903554	0.030572045785381634	0.22966848451216434	1.0	0.1315348811673277	0.15438708879488486	0.07580060545318526	0.5	0.17253779651421453	0.23166247903554	1.0	0.1048697355569754
ja	1.0	0.08194922290123727	1.0	1.0	0.10788746128787553	0.11696132920126338	1.0	0.03385705428295777	0.13057680273413982	0.1043220369455145	1.0	1.0	1.0	0.16202097927744855	0.12515975907731425	1.0	1.0	0.30216947925196225	1.0	1.0	1.0	0.03156342239611806	0.11696132920126338	0.1896812679802183	0.26533119314590375	1.0	0.22966848451216434	1.0	0.1261319836228832	0.28989794855663564	0.2958163163244893	1.0	0.23582845781094	1.0	1.0	1.0
ko	1.0	0.23166247903554	1.0	1.0	0.17025921636942778	0.4142135623730951	1.0	0.11034777731716484	0.23800671553691075	0.24257131419419417	1.0	1.0	1.0	0.22584440001865322	0.3430703308172536	1.0	1.0	0.4142135623730951	1.0	1.0	1.0	0.07377959042899215	0.3660254037844386	0.4142135623730951	0.2958163163244893	1.0	0.2402530733520421	1.0	0.19160741797296413	0.29429805508554946	0.4142135623730951	1.0	0.36602540378443865	1.0	1.0	1.0
lv	1.0	0.5	1.0	0.585786437626905	0.33300151973035974	0.22966848451216434	0.585786437626905	0.15556881475846185	0.257147200946602	0.2187841884486319	0.32449979983983984	0.4142135623730951	0.5	0.24099501578658294	0.20519976080347516	0.30216947925196225	0.4142135623730951	1.0	0.585786437626905	0.5	1.0	0.1170075976390354	0.20476166148475844	0.21551468935838852	0.34833147735478825	0.2187841884486319	0.4032148802596415	1.0	0.22452811170884146	0.30216947925196225	0.2449655295864104	0.585786437626905	0.3288130902060995	0.3430703308172536	1.0	0.26968623182294527
mk	1.0	0.2857142857142857	1.0	1.0	0.20367864366808017	0.585786437626905	1.0	0.28989794855663564	0.5	0.585786437626905	1.0	1.0	1.0	0.585786437626905	1.0	1.0	1.0	0.585786437626905	1.0	1.0	1.0	0.1251397540899171	0.585786437626905	1.0	0.36602540378443865	1.0	0.39564392373896007	1.0	0.36602540378443865	0.585786437626905	1.0	1.0	1.0	1.0	1.0	1.0
ml	1.0	0.2612038749637414	1.0	1.0	0.22901628833426058	0.30383243470068705	1.0	0.18181818181818182	0.32449979983983984	0.585786437626905	1.0	1.0	1.0	0.20991366558572697	0.39564392373896007	1.0	1.0	0.5	1.0	1.0	1.0	0.10637528072270355	0.36602540378443865	0.585786437626905	0.5	1.0	0.585786437626905	1.0	0.3333333333333333	0.585786437626905	0.585786437626905	1.0	0.5	1.0	1.0	1.0
mr	1.0	1.0	0.0	1.0	1.0	1.0	1.0	1.0	1.0	1.0	1.0	1.0	1.0	1.0	1.0	1.0	1.0	1.0	1.0	1.0	1.0	1.0	0.585786437626905	1.0	1.0	1.0	0.585786437626905	1.0	1.0	1.0	1.0	1.0	1.0	1.0	1.0	1.0
nl	1.0	0.19577517651634202	1.0	1.0	0.09005003831453388	0.027355212605234994	0.20856217852254144	0.08843225772224715	0.02174064554745355	0.033969665806434485	0.09356296512729828	0.12481442192361682	0.07322950997516076	0.07302507775427357	0.05228910679228583	0.03156342239611806	0.07377959042899215	0.1170075976390354	0.1251397540899171	0.10637528072270355	1.0	1.0	0.022222709272372743	0.018566635477437508	0.09357207219972356	0.018456554497730128	0.106205419544298	1.0	0.048339732728922266	0.04197387275611728	0.03301058170269541	0.1478864632408439	0.06907843302249239	0.04459450935726757	0.585786437626905	0.036450022233934246
pl	1.0	0.07642901474515405	1.0	1.0	0.08830306957253328	0.021643999621202	1.0	0.020900792009609478	0.024743275674248503	0.021403689803253193	0.4142135623730951	0.585786437626905	0.353889367864523	0.052169426774374875	0.027383223961142338	0.11696132920126338	0.3660254037844386	0.20476166148475844	0.585786437626905	0.36602540378443865	0.585786437626905	0.022222709272372743	1.0	0.036670971647377766	0.25175647872610657	0.040893575751576566	0.14155858823879813	1.0	0.06860594997656694	0.12462970693589985	0.10735052821360201	0.5	0.18740992571549211	0.3203772410170407	1.0	0.20521309615767264
pt	1.0	0.07459634425022814	1.0	1.0	0.09358253225098981	0.04061836386061813	0.585786437626905	0.019862691221727007	0.04204212197429597	0.024482736561945377	0.36602540378443865	1.0	0.39564392373896007	0.05472417779927256	0.027025101781621208	0.1896812679802183	0.4142135623730951	0.21551468935838852	1.0	0.585786437626905	1.0	0.018566635477437508	0.036670971647377766	1.0	0.27429188517743175	0.0796392413580539	0.14037600977966974	1.0	0.07917625901599232	0.2	0.10647653509633491	1.0	0.18947109406020157	0.2449655295864104	1.0	0.15759882833025604
ro	1.0	0.3090169943749474	1.0	1.0	0.25	0.2632403810669918	1.0	0.1811468202230527	0.25162899472596006	0.21040331845089688	0.3333333333333333	0.3333333333333333	0.2958163163244893	0.24741546549521673	0.23166247903554	0.26533119314590375	0.2958163163244893	0.34833147735478825	0.36602540378443865	0.5	1.0	0.09357207219972356	0.25175647872610657	0.27429188517743175	1.0	0.26533119314590375	0.34833147735478825	1.0	0.2234844202513222	0.26968623182294527	0.3244997998398398	0.44948974278317805	0.4142135623730951	0.5	1.0	0.28436465220442186
ru	1.0	0.07116839350571612	1.0	1.0	0.10499266839576207	0.03503109759606472	1.0	0.019336264264232374	0.06415642126036013	0.023322467618272114	1.0	1.0	1.0	0.05967463760106088	0.030572045785381634	1.0	1.0	0.2187841884486319	1.0	1.0	1.0	0.018456554497730128	0.040893575751576566	0.0796392413580539	0.26533119314590375	1.0	0.15689852251304642	1.0	0.08086808347265408	0.2158344610587697	0.2025519956555797	1.0	0.19612533584707842	1.0	1.0	1.0
sh	0.585786437626905	0.35388936786452296	1.0	1.0	0.2240092377397959	0.179128784747792	1.0	0.13219746820224226	0.13933480108551888	0.17001194913688772	0.3090169943749474	0.353889367864523	0.44948974278317805	0.18620744070068682	0.22966848451216434	0.22966848451216434	0.2402530733520421	0.4032148802596415	0.39564392373896007	0.585786437626905	0.585786437626905	0.106205419544298	0.14155858823879813	0.14037600977966974	0.34833147735478825	0.15689852251304642	1.0	1.0	0.1964487206907714	0.19356622832170628	0.2158344610587697	0.353889367864523	0.2708131845707603	0.28989794855663564	1.0	0.252650308587072
si	1.0	1.0	1.0	1.0	1.0	1.0	1.0	1.0	1.0	1.0	1.0	1.0	1.0	1.0	1.0	1.0	1.0	1.0	1.0	1.0	1.0	1.0	1.0	1.0	1.0	1.0	1.0	1.0	1.0	1.0	1.0	1.0	1.0	1.0	1.0	1.0
simple	1.0	0.12689079873812598	1.0	1.0	0.12747634072098388	0.08568819317954442	0.585786437626905	0.04870428822135526	0.07586924830542041	0.09519802814099487	0.21331887166009167	0.1907435698305462	0.2402530733520421	0.11994918032518934	0.1315348811673277	0.1261319836228832	0.19160741797296413	0.22452811170884146	0.36602540378443865	0.3333333333333333	1.0	0.048339732728922266	0.06860594997656694	0.07917625901599232	0.2234844202513222	0.08086808347265408	0.1964487206907714	1.0	1.0	0.21712927295533244	0.176285532302019	0.44948974278317805	0.1886378647726465	0.1907435698305462	1.0	0.14218195625986846
sr	1.0	0.34833147735478825	1.0	1.0	0.21712927295533244	0.15309887413431528	0.5	0.05311897098176643	0.13579648178933995	0.19219040425836986	0.585786437626905	0.585786437626905	0.5	0.2025519956555797	0.15438708879488486	0.28989794855663564	0.29429805508554946	0.30216947925196225	0.585786437626905	0.585786437626905	1.0	0.04197387275611728	0.12462970693589985	0.2	0.26968623182294527	0.2158344610587697	0.19356622832170628	1.0	0.21712927295533244	1.0	0.3660254037844386	1.0	0.3483314773547883	0.585786437626905	1.0	0.44948974278317805
sv	1.0	0.2674788903885893	1.0	0.585786437626905	0.14546113408413816	0.12492517918035312	0.585786437626905	0.03810656664483186	0.09337870119577076	0.1180914546598489	0.44948974278317805	0.585786437626905	0.585786437626905	0.08369612637481952	0.07580060545318526	0.2958163163244893	0.4142135623730951	0.2449655295864104	1.0	0.585786437626905	1.0	0.03301058170269541	0.10735052821360201	0.10647653509633491	0.3244997998398398	0.2025519956555797	0.2158344610587697	1.0	0.176285532302019	0.3660254037844386	1.0	0.585786437626905	0.2521127429279827	0.38742588672279304	1.0	0.32449979983983984
te	1.0	0.585786437626905	0.0	1.0	0.5	1.0	1.0	0.28989794855663564	0.585786437626905	0.585786437626905	1.0	1.0	1.0	1.0	0.5	1.0	1.0	0.585786437626905	1.0	1.0	1.0	0.1478864632408439	0.5	1.0	0.44948974278317805	1.0	0.353889367864523	1.0	0.44948974278317805	1.0	0.585786437626905	1.0	0.585786437626905	1.0	1.0	1.0
tr	1.0	0.13343114034878162	-1.0	1.0	0.22857220805613246	0.1856154626682773	0.585786437626905	0.09053135419856341	0.17529689292589715	0.16212676379580826	0.585786437626905	0.585786437626905	0.585786437626905	0.17794504765939326	0.17253779651421453	0.23582845781094	0.36602540378443865	0.3288130902060995	1.0	0.5	1.0	0.06907843302249239	0.18740992571549211	0.18947109406020157	0.4142135623730951	0.19612533584707842	0.2708131845707603	1.0	0.1886378647726465	0.3483314773547883	0.2521127429279827	0.585786437626905	1.0	0.3430703308172536	1.0	0.28989794855663564
vi	1.0	0.0996317496836856	1.0	1.0	0.1886378647726465	0.22584440001865322	1.0	0.06568912295618123	0.2204812092115424	0.13737740502480233	1.0	1.0	1.0	0.13133048602716904	0.23166247903554	1.0	1.0	0.3430703308172536	1.0	1.0	1.0	0.04459450935726757	0.3203772410170407	0.2449655295864104	0.5	1.0	0.28989794855663564	1.0	0.1907435698305462	0.585786437626905	0.38742588672279304	1.0	0.3430703308172536	1.0	1.0	1.0
war	1.0	1.0	1.0	1.0	1.0	1.0	1.0	1.0	1.0	1.0	1.0	1.0	1.0	1.0	1.0	1.0	1.0	1.0	1.0	1.0	1.0	0.585786437626905	1.0	1.0	1.0	1.0	1.0	1.0	1.0	1.0	1.0	1.0	1.0	1.0	1.0	1.0
zh	1.0	0.09114617339108941	1.0	1.0	0.13231996486433337	0.19636040545626823	1.0	0.03637986441597101	0.1490392711850658	0.10299084789829147	1.0	1.0	1.0	0.08665212056713067	0.1048697355569754	1.0	1.0	0.26968623182294527	1.0	1.0	1.0	0.036450022233934246	0.20521309615767264	0.15759882833025604	0.28436465220442186	1.0	0.252650308587072	1.0	0.14218195625986846	0.44948974278317805	0.32449979983983984	1.0	0.28989794855663564	1.0	1.0	1.0
