arz	bs	ceb	ckb	da	de	el	en	es	fr	he	hi	hu	id	it	ja	ko	lv	mk	ml	mr	nl	pl	pt	ro	ru	sh	si	simple	sr	sv	te	vi	war	zh
arz	1.0	0.7376607345031153	0.0	1.0	0.519963775316277	0.7189258117174852	1.0	0.29848050149775385	0.718925811717485	0.718925811717485	1.0	1.0	1.0	0.5836411018279245	0.576170502493956	1.0	1.0	1.0	1.0	1.0	1.0	0.6845485002822447	1.0	0.37834675029825426	1.0	1.0	0.38449335854660405	1.0	1.0	0.7210092110599264	0.7221793916855703	1.0	1.0	1.0	1.0
bs	0.7376607345031153	1.0	0.0	1.0	0.22325905521598752	0.32438184586053537	0.3373494649938642	0.19182845222205513	0.3181559453230803	0.2391085142753852	0.3328464455595213	0.5308683849843184	0.3905396278825407	0.27113589361964113	0.1792493331180366	0.3759802040413853	0.3313369129995282	0.46132773201358795	0.37020436053601946	0.5104747593556581	0.49344991239668856	0.26486446370359845	0.3364663373880397	0.22636150214065506	0.33995297902512284	0.3263342075476066	0.29961466974457845	0.7455134344225699	0.39503934558517767	0.31253047167165	0.28089247360672076	1.0	0.380053215532364	1.0	0.3416630537485753
ceb	0.0	0.0	1.0	0.0	1.0	1.0	1.0	1.0	1.0	1.0	1.0	1.0	1.0	1.0	1.0	1.0	1.0	1.0	1.0	0.0	1.0	1.0	1.0	1.0	1.0	1.0	1.0	0.0	1.0	1.0	1.0	0.0	1.0	0.0	1.0
ckb	1.0	1.0	0.0	1.0	0.6223041007404059	1.0	1.0	0.7347168825662656	1.0	1.0	1.0	1.0	1.0	1.0	0.6786291688147438	1.0	1.0	1.0	1.0	1.0	1.0	1.0	0.7376607345031153	0.4076738337198827	1.0	1.0	1.0	1.0	1.0	1.0	1.0	1.0	1.0	1.0	1.0
da	0.519963775316277	0.22325905521598752	1.0	0.6223041007404059	1.0	0.1302986006468001	0.1694060549486581	0.11551169353442603	0.12486879741773563	0.12110951636290579	0.1401420424686226	0.2425064228897415	0.17776776432969135	0.13574791218673707	0.10534860532358448	0.14741554939663715	0.14680049659163685	0.2201453780768465	0.21913262250488008	0.21574950606426432	0.2987522213633776	0.11307176317019019	0.13722696706943702	0.12568859534726826	0.1465958893645565	0.1429333582111011	0.12799623901442572	0.47988512706465253	0.16586449665921346	0.14732948257935996	0.12166765441830407	0.587055418139538	0.16641595507346188	0.44122653669377837	0.1438723553159374
de	0.7189258117174852	0.32438184586053537	1.0	1.0	0.1302986006468001	1.0	0.2585972178957677	0.07535654312656753	0.08662870685545282	0.07755999264705928	0.1890029629392629	0.4301072529351904	0.251319478301886	0.09065004633537013	0.09329017877924929	0.1442410927021593	0.1783818334980988	0.41018710082469473	0.3953640780473878	0.5829952287296837	0.47662063238441327	0.098012930711472	0.08884370305364296	0.08912663972122618	0.24031430489602587	0.10677589412940038	0.11251033300370777	1.0	0.26960121929762954	0.16244123872965588	0.10653789942132975	1.0	0.25068244756048363	1.0	0.1691777967703325
el	1.0	0.3373494649938642	1.0	1.0	0.1694060549486581	0.2585972178957677	1.0	0.13196552835271705	0.23375687974249656	0.166106942464836	1.0	1.0	1.0	0.17248804757500386	0.14726067061034992	1.0	1.0	0.6280783374972716	1.0	1.0	1.0	0.1544355856068064	0.21568969440521504	0.16541779612121335	0.572269327519025	1.0	0.16432477346436028	1.0	0.38815190305466546	0.5051273596611927	0.19313298458535869	1.0	1.0	1.0	1.0
en	0.29848050149775385	0.19182845222205513	1.0	0.7347168825662656	0.11551169353442603	0.07535654312656753	0.13196552835271705	1.0	0.07190357455643079	0.06236065773975364	0.1228234549559088	0.1677788796168428	0.13588109766041914	0.07502658288695349	0.084380220950747	0.11634748037736674	0.12027810431909448	0.15550476756869178	0.1586273028960637	0.18305630826360691	0.20767417346078093	0.08091272033570657	0.07940344173265265	0.06668606719291852	0.12227260752185676	0.10751302033050648	0.08887567446071662	0.3720713230247582	0.12831286176382437	0.1144335949332031	0.08343130639435994	0.3825936645300203	0.12983721143893862	0.4298398298844728	0.11683330321259049
es	0.718925811717485	0.3181559453230803	1.0	1.0	0.12486879741773563	0.08662870685545282	0.23375687974249656	0.07190357455643079	1.0	0.0657023775831891	0.1596804963306427	0.4186350314087904	0.20342146061300073	0.0815169481537714	0.08397761516139722	0.1484751030700481	0.14695184157409952	0.40816059679006167	0.26828072414067705	0.3908496266131629	0.4834707098163664	0.08858325411242061	0.09679542466456216	0.069010137396675	0.20638414831892687	0.09500156945053541	0.10353704628636698	1.0	0.23649823433449438	0.1310425968559662	0.10033989512691908	1.0	0.20526511586238397	0.7234532828151787	0.1505629993521977
fr	0.718925811717485	0.2391085142753852	1.0	1.0	0.12110951636290579	0.07755999264705928	0.166106942464836	0.06236065773975364	0.0657023775831891	1.0	0.12861273457831637	0.42054106438298566	0.17727869028864365	0.07255529064195357	0.07170918113167252	0.10551683389351972	0.11271031447492054	0.3072826817699368	0.24464249947271544	0.3319147506581189	0.32031762923901047	0.08175428094843036	0.08165510381072151	0.06705124724188993	0.1547595724044072	0.07448885438372539	0.10485019937248925	0.7234532828151787	0.21857000928198975	0.11818272312781133	0.08269785979727375	0.661251134120194	0.12973012561079236	1.0	0.1027318462500503
he	1.0	0.3328464455595213	1.0	1.0	0.1401420424686226	0.1890029629392629	1.0	0.1228234549559088	0.1596804963306427	0.12861273457831637	1.0	1.0	0.6949853100792208	0.16600162319564893	0.13652027944775832	1.0	1.0	0.5784924135590312	1.0	1.0	1.0	0.11308134630202513	0.1895446024783889	0.14277500051124575	0.44135572912959425	1.0	0.17623629246371936	1.0	0.3141254471075302	0.5296531439343405	0.18281362170546783	1.0	1.0	1.0	1.0
hi	1.0	0.5308683849843184	1.0	1.0	0.2425064228897415	0.4301072529351904	1.0	0.1677788796168428	0.4186350314087904	0.42054106438298566	1.0	1.0	1.0	0.3914284347616957	0.22070568122386428	1.0	1.0	0.7106212328351246	1.0	1.0	1.0	0.19788871328063154	0.41849102767496615	0.29720184342768596	0.7064293785686275	1.0	0.508062322017532	1.0	0.4799944762442096	0.6290879827974325	0.3829867196239868	1.0	1.0	1.0	1.0
hu	1.0	0.3905396278825407	1.0	1.0	0.17776776432969135	0.251319478301886	1.0	0.13588109766041914	0.20342146061300073	0.17727869028864365	0.6949853100792208	1.0	1.0	0.2007894827672009	0.13810055167649501	0.6940166471196013	0.6166318940963458	0.6280783374972716	1.0	1.0	1.0	0.14401088628757747	0.23746912824561414	0.18059142902983588	0.4877754492722833	0.6131849866518173	0.19750892177694107	1.0	0.3822271782466456	0.531220258682308	0.22827834398283697	1.0	0.6967033415961644	1.0	0.6935746784206746
id	0.5836411018279245	0.27113589361964113	1.0	1.0	0.13574791218673707	0.09065004633537013	0.17248804757500386	0.07502658288695349	0.0815169481537714	0.07255529064195357	0.16600162319564893	0.3914284347616957	0.2007894827672009	1.0	0.08223384305591104	0.13483295004021673	0.12462111445160921	0.2813801431544313	0.3221371563962005	0.26632768463306694	0.467512341544278	0.0881315472427979	0.10238278415302274	0.07618805158392815	0.1948217274306469	0.09288173655773425	0.11181000052339239	1.0	0.22350822659706376	0.13491812323834285	0.09834585571321457	0.40105550461749023	0.17541109747612238	1.0	0.11711122797326481
it	0.576170502493956	0.1792493331180366	1.0	0.6786291688147438	0.10534860532358448	0.09329017877924929	0.14726067061034992	0.084380220950747	0.08397761516139722	0.07170918113167252	0.13652027944775832	0.22070568122386428	0.13810055167649501	0.08223384305591104	1.0	0.12933808964527496	0.12986223891255247	0.21958758894877684	0.17973525339640864	0.19987988759215555	0.25257162548088685	0.08800931738485417	0.09510529894978688	0.07604482159817876	0.1398559329776949	0.12146746673890178	0.09160353610002268	0.6701591524560105	0.1673014196503004	0.1250225469068021	0.09110385893250589	0.6667969795412325	0.13810661204061586	0.561719447218966	0.12768515559261961
ja	1.0	0.3759802040413853	1.0	1.0	0.14741554939663715	0.1442410927021593	1.0	0.11634748037736674	0.1484751030700481	0.10551683389351972	1.0	1.0	0.6940166471196013	0.13483295004021673	0.12933808964527496	1.0	1.0	0.5455359569206727	1.0	1.0	1.0	0.12040754038835368	0.16310990583006638	0.11289612997980362	0.394046490551418	1.0	0.15177552992292354	1.0	0.2903854650367955	0.5008772576683022	0.12298710768073967	1.0	1.0	1.0	1.0
ko	1.0	0.3313369129995282	1.0	1.0	0.14680049659163685	0.1783818334980988	1.0	0.12027810431909448	0.14695184157409952	0.11271031447492054	1.0	1.0	0.6166318940963458	0.12462111445160921	0.12986223891255247	1.0	1.0	0.5458815650768586	1.0	1.0	1.0	0.12855180693734627	0.16193638531220672	0.10491018582425542	0.40167675467483316	1.0	0.15623898340689604	1.0	0.27555874857960017	0.46034760054156343	0.1329855191467514	1.0	1.0	1.0	1.0
lv	1.0	0.46132773201358795	1.0	1.0	0.2201453780768465	0.41018710082469473	0.6280783374972716	0.15550476756869178	0.40816059679006167	0.3072826817699368	0.5784924135590312	0.7106212328351246	0.6280783374972716	0.2813801431544313	0.21958758894877684	0.5455359569206727	0.5458815650768586	1.0	0.7075325319701223	1.0	1.0	0.19860997723237844	0.3761259029425311	0.2578688853124545	0.7010721865942463	0.5148517597465931	0.24743067705625188	0.7322034805959263	0.4607102897108658	0.6223929501804835	0.3125254975964323	1.0	0.5481548567852605	0.7263875964832449	0.5776443487076617
mk	1.0	0.37020436053601946	1.0	1.0	0.21913262250488008	0.3953640780473878	1.0	0.1586273028960637	0.26828072414067705	0.24464249947271544	1.0	1.0	1.0	0.3221371563962005	0.17973525339640864	1.0	1.0	0.7075325319701223	1.0	1.0	1.0	0.2574857031469958	0.37626532896034015	0.28711982663516655	0.5797204875684812	1.0	0.18216334343987448	1.0	0.5949224416307971	0.6197907398271956	0.31803152020066466	1.0	1.0	1.0	1.0
ml	1.0	0.5104747593556581	0.0	1.0	0.21574950606426432	0.5829952287296837	1.0	0.18305630826360691	0.3908496266131629	0.3319147506581189	1.0	1.0	1.0	0.26632768463306694	0.19987988759215555	1.0	1.0	1.0	1.0	1.0	1.0	0.38123626686836976	0.46446654571956486	0.3352074303845252	1.0	1.0	0.44799482299495436	1.0	0.6406217872018793	0.5872806911783577	0.4219156203868349	1.0	1.0	1.0	1.0
mr	1.0	0.49344991239668856	1.0	1.0	0.2987522213633776	0.47662063238441327	1.0	0.20767417346078093	0.4834707098163664	0.32031762923901047	1.0	1.0	1.0	0.467512341544278	0.25257162548088685	1.0	1.0	1.0	1.0	1.0	1.0	0.3527057347298371	0.5205937952219248	0.2932163216969233	0.6390933240567507	1.0	0.5940642723969022	1.0	0.6398385892358057	0.5910055389828529	0.3897539543288336	1.0	1.0	1.0	1.0
nl	0.6845485002822447	0.26486446370359845	1.0	1.0	0.11307176317019019	0.098012930711472	0.1544355856068064	0.08091272033570657	0.08858325411242061	0.08175428094843036	0.11308134630202513	0.19788871328063154	0.14401088628757747	0.0881315472427979	0.08800931738485417	0.12040754038835368	0.12855180693734627	0.19860997723237844	0.2574857031469958	0.38123626686836976	0.3527057347298371	1.0	0.09951932329232041	0.08747822271652096	0.14001026455378188	0.10857275127332125	0.10134328434334405	0.590450634789213	0.14687047142325796	0.11322510740976367	0.10619294483599229	0.6667969795412325	0.153089163996638	0.5747129628734963	0.11112226718418114
pl	1.0	0.3364663373880397	1.0	0.7376607345031153	0.13722696706943702	0.08884370305364296	0.21568969440521504	0.07940344173265265	0.09679542466456216	0.08165510381072151	0.1895446024783889	0.41849102767496615	0.23746912824561414	0.10238278415302274	0.09510529894978688	0.16310990583006638	0.16193638531220672	0.3761259029425311	0.37626532896034015	0.46446654571956486	0.5205937952219248	0.09951932329232041	1.0	0.08845261676146002	0.22488266400691942	0.10294582025007099	0.1248253904335919	0.6667969795412325	0.2545522737458174	0.14882115418099243	0.11178495794885922	0.7347168825662656	0.21710511927858403	0.6589257440209708	0.17467504829507471
pt	0.37834675029825426	0.22636150214065506	1.0	0.4076738337198827	0.12568859534726826	0.08912663972122618	0.16541779612121335	0.06668606719291852	0.069010137396675	0.06705124724188993	0.14277500051124575	0.29720184342768596	0.18059142902983588	0.07618805158392815	0.07604482159817876	0.11289612997980362	0.10491018582425542	0.2578688853124545	0.28711982663516655	0.3352074303845252	0.2932163216969233	0.08747822271652096	0.08845261676146002	1.0	0.15465370596800512	0.08137895050531191	0.10306005044791545	0.6013581305580087	0.21889790099707027	0.11370920464792801	0.09742235840733533	1.0	0.11308232790438077	0.35233954791154215	0.11266966039538444
ro	1.0	0.33995297902512284	1.0	1.0	0.1465958893645565	0.24031430489602587	0.572269327519025	0.12227260752185676	0.20638414831892687	0.1547595724044072	0.44135572912959425	0.7064293785686275	0.4877754492722833	0.1948217274306469	0.1398559329776949	0.394046490551418	0.40167675467483316	0.7010721865942463	0.5797204875684812	1.0	0.6390933240567507	0.14001026455378188	0.22488266400691942	0.15465370596800512	1.0	0.3619311604643234	0.17274586368776318	1.0	0.36107418379094536	0.36171246601060697	0.17425738743864647	1.0	0.4327790272564832	1.0	0.4118582357317565
ru	1.0	0.3263342075476066	1.0	1.0	0.1429333582111011	0.10677589412940038	1.0	0.10751302033050648	0.09500156945053541	0.07448885438372539	1.0	1.0	0.6131849866518173	0.09288173655773425	0.12146746673890178	1.0	1.0	0.5148517597465931	1.0	1.0	1.0	0.10857275127332125	0.10294582025007099	0.08137895050531191	0.3619311604643234	1.0	0.10934957015233568	1.0	0.2860025451975337	0.35129153523208184	0.10996871698005788	1.0	1.0	1.0	1.0
sh	0.38449335854660405	0.29961466974457845	1.0	1.0	0.12799623901442572	0.11251033300370777	0.16432477346436028	0.08887567446071662	0.10353704628636698	0.10485019937248925	0.17623629246371936	0.508062322017532	0.19750892177694107	0.11181000052339239	0.09160353610002268	0.15177552992292354	0.15623898340689604	0.24743067705625188	0.18216334343987448	0.44799482299495436	0.5940642723969022	0.10134328434334405	0.1248253904335919	0.10306005044791545	0.17274586368776318	0.10934957015233568	1.0	1.0	0.2469934259148177	0.1145975702695488	0.12964812306692494	1.0	0.20806523104373517	0.38919876360042976	0.1499430580330868
si	1.0	0.7455134344225699	0.0	1.0	0.47988512706465253	1.0	1.0	0.3720713230247582	1.0	0.7234532828151787	1.0	1.0	1.0	1.0	0.6701591524560105	1.0	1.0	0.7322034805959263	1.0	1.0	1.0	0.590450634789213	0.6667969795412325	0.6013581305580087	1.0	1.0	1.0	1.0	0.7300208629885035	1.0	1.0	1.0	1.0	1.0	1.0
simple	1.0	0.39503934558517767	1.0	1.0	0.16586449665921346	0.26960121929762954	0.38815190305466546	0.12831286176382437	0.23649823433449438	0.21857000928198975	0.3141254471075302	0.4799944762442096	0.3822271782466456	0.22350822659706376	0.1673014196503004	0.2903854650367955	0.27555874857960017	0.4607102897108658	0.5949224416307971	0.6406217872018793	0.6398385892358057	0.14687047142325796	0.2545522737458174	0.21889790099707027	0.36107418379094536	0.2860025451975337	0.2469934259148177	0.7300208629885035	1.0	0.30918095804681234	0.2422875084326564	1.0	0.2995440443215533	1.0	0.29038546503679563
sr	0.7210092110599264	0.31253047167165	1.0	1.0	0.14732948257935996	0.16244123872965588	0.5051273596611927	0.1144335949332031	0.1310425968559662	0.11818272312781133	0.5296531439343405	0.6290879827974325	0.531220258682308	0.13491812323834285	0.1250225469068021	0.5008772576683022	0.46034760054156343	0.6223929501804835	0.6197907398271956	0.5872806911783577	0.5910055389828529	0.11322510740976367	0.14882115418099243	0.11370920464792801	0.36171246601060697	0.35129153523208184	0.1145975702695488	1.0	0.30918095804681234	1.0	0.14269315951546874	1.0	0.6926102492068327	1.0	0.44424483155653205
sv	0.7221793916855703	0.28089247360672076	1.0	1.0	0.12166765441830407	0.10653789942132975	0.19313298458535869	0.08343130639435994	0.10033989512691908	0.08269785979727375	0.18281362170546783	0.3829867196239868	0.22827834398283697	0.09834585571321457	0.09110385893250589	0.12298710768073967	0.1329855191467514	0.3125254975964323	0.31803152020066466	0.4219156203868349	0.3897539543288336	0.10619294483599229	0.11178495794885922	0.09742235840733533	0.17425738743864647	0.10996871698005788	0.12964812306692494	1.0	0.2422875084326564	0.14269315951546874	1.0	0.6701591524560107	0.181472711557325	1.0	0.1405237264559597
te	1.0	1.0	0.0	1.0	0.587055418139538	1.0	1.0	0.3825936645300203	1.0	0.661251134120194	1.0	1.0	1.0	0.40105550461749023	0.6667969795412325	1.0	1.0	1.0	1.0	1.0	1.0	0.6667969795412325	0.7347168825662656	1.0	1.0	1.0	1.0	1.0	1.0	1.0	0.6701591524560107	1.0	1.0	1.0	1.0
vi	1.0	0.380053215532364	1.0	1.0	0.16641595507346188	0.25068244756048363	1.0	0.12983721143893862	0.20526511586238397	0.12973012561079236	1.0	1.0	0.6967033415961644	0.17541109747612238	0.13810661204061586	1.0	1.0	0.5481548567852605	1.0	1.0	1.0	0.153089163996638	0.21710511927858403	0.11308232790438077	0.4327790272564832	1.0	0.20806523104373517	1.0	0.2995440443215533	0.6926102492068327	0.181472711557325	1.0	1.0	1.0	1.0
war	1.0	1.0	0.0	1.0	0.44122653669377837	1.0	1.0	0.4298398298844728	0.7234532828151787	1.0	1.0	1.0	1.0	1.0	0.561719447218966	1.0	1.0	0.7263875964832449	1.0	1.0	1.0	0.5747129628734963	0.6589257440209708	0.35233954791154215	1.0	1.0	0.38919876360042976	1.0	1.0	1.0	1.0	1.0	1.0	1.0	1.0
zh	1.0	0.3416630537485753	1.0	1.0	0.1438723553159374	0.1691777967703325	1.0	0.11683330321259049	0.1505629993521977	0.1027318462500503	1.0	1.0	0.6935746784206746	0.11711122797326481	0.12768515559261961	1.0	1.0	0.5776443487076617	1.0	1.0	1.0	0.11112226718418114	0.17467504829507471	0.11266966039538444	0.4118582357317565	1.0	0.1499430580330868	1.0	0.29038546503679563	0.44424483155653205	0.1405237264559597	1.0	1.0	1.0	1.0
