arz	bs	ceb	ckb	da	de	el	en	es	fr	he	hi	hu	id	it	ja	ko	lv	mk	ml	mr	nl	pl	pt	ro	ru	sh	si	simple	sr	sv	te	tr	vi	war	zh
arz	1.0	1.0	1.0	1.0	1.0	1.0	1.0	0.7584325078215763	1.0	0.44930756545688116	1.0	1.0	1.0	0.7265334708466399	0.7584325078215763	1.0	1.0	1.0	1.0	1.0	1.0	1.0	1.0	1.0	1.0	1.0	0.7584325078215763	1.0	1.0	1.0	0.7584325078215765	1.0	1.0	1.0	1.0	1.0
bs	1.0	1.0	1.0	0.44338346312289184	0.14913059750957802	0.1714245743535762	0.21801683998375063	0.13373469517583392	0.166550515886592	0.1580683591337775	0.2222599949931983	0.22916704369381868	0.14415271334658047	0.15413622058713994	0.13388928956851173	0.2221380252028091	0.2189079593369925	0.18602585623183238	0.21151229866158053	0.25718690430505853	0.2690002568617224	0.1568815717661437	0.13328367605238328	0.13638159119892007	0.16269659200778117	0.21614769134480724	0.13769774358711198	0.44901571691327546	0.15787740983676504	0.1413182812721586	0.1423282455984398	0.23003657998080043	0.45992623303660496	0.1516353666927604	0.2998712691591892	0.22130178582148047
ceb	1.0	1.0	1.0	1.0	0.7863954451402115	1.0	1.0	1.0	1.0	1.0	1.0	1.0	1.0	0.7863954451402115	0.7863954451402115	1.0	1.0	1.0	1.0	1.0	1.0	1.0	1.0	1.0	1.0	1.0	1.0	1.0	1.0	1.0	1.0	1.0	-1.0	1.0	1.0	1.0
ckb	1.0	0.44338346312289184	1.0	1.0	0.7221793916855703	0.6532002319725719	1.0	0.4799027183710454	0.56654464509318	0.37367205583784746	1.0	1.0	0.7210092110599264	0.3423008790264953	0.3033385127893425	1.0	1.0	1.0	1.0	1.0	1.0	0.7199285383279772	0.6081773539908197	0.5912384651224016	0.3432884350023412	1.0	0.6568318202362041	1.0	0.6167131210802118	0.5828763145002701	0.37048738796836467	1.0	1.0	0.6108239160974152	1.0	1.0
da	1.0	0.14913059750957802	0.7863954451402115	0.7221793916855703	1.0	0.11130562493713496	0.1699210567715377	0.10793701384640918	0.11606035453772721	0.10291227195082063	0.15223830699388433	0.1848753606866627	0.10402765165915497	0.12004099502917852	0.10741520665250276	0.13525258113068997	0.1550342805196084	0.13883192170844047	0.2158798223148953	0.22683973808085148	0.5255532050335049	0.10509131820791928	0.10096961771226955	0.10444267474161106	0.12150672057024071	0.12022591970061446	0.09788309918404182	0.6167131210802118	0.13685855951368242	0.09494543225066902	0.10298973040521855	0.2997539474915738	0.4372935891737103	0.11570544130968946	0.33120419042489646	0.1453966996453741
de	1.0	0.1714245743535762	1.0	0.6532002319725719	0.11130562493713496	1.0	0.1238809920268233	0.0540652968824106	0.05498678336196554	0.05281035994548865	0.13779632003460746	0.15148586118156335	0.07085700695222713	0.1004722813423755	0.05992819794540159	0.071314135038849	0.11976172557625488	0.12389909867464305	0.22874186555878084	0.30375993669052215	0.7134542832283586	0.0554971631028853	0.06541889580074738	0.06770190737207442	0.09831413061998488	0.08838997005800514	0.06060126452585086	0.7199285383279774	0.10138744311024121	0.059159082184460185	0.07872530037283497	0.41180037769173794	0.2681117571605315	0.072410886402431	0.4872524552868996	0.06862718816128716
el	1.0	0.21801683998375063	1.0	1.0	0.1699210567715377	0.1238809920268233	1.0	0.14731350188068848	0.13801947589430447	0.11345895589440579	0.5061931805277736	1.0	0.12972534186188867	0.16808827005676683	0.1296745542966787	1.0	1.0	0.18927381149463238	1.0	1.0	1.0	0.10921815742821729	0.1193739422653345	0.1731662254864222	0.1393586395610294	0.6910619635498714	0.12255897478269848	1.0	0.16670616481107461	0.12425405980673314	0.14632807821829724	1.0	0.7510341748895937	0.1306965932977182	0.6299163986978755	1.0
en	0.7584325078215763	0.13373469517583392	1.0	0.4799027183710454	0.10793701384640918	0.0540652968824106	0.14731350188068848	1.0	0.06311982156993906	0.06911121506816813	0.15334513702048963	0.14747772183529226	0.08278186069916507	0.11264435451666159	0.08522195269266608	0.12340705263349944	0.1495240036739291	0.10878216961171709	0.1509583246864984	0.17260364995092878	0.2802093850588688	0.06995743067273878	0.08687035082151776	0.07705192779823222	0.10003434860394167	0.1341470546576554	0.07584702111614071	0.3037782258294009	0.0971688600359128	0.07208679052420859	0.08653243309274093	0.23294901923241423	0.2688070309128023	0.08580130590009245	0.21468965447349997	0.12637850533300665
es	1.0	0.166550515886592	1.0	0.56654464509318	0.11606035453772721	0.05498678336196554	0.13801947589430447	0.06311982156993906	1.0	0.05903021709454422	0.13701095294698418	0.14610683877190636	0.07206918309843302	0.10175844524254785	0.06692948812862616	0.07720287070884158	0.12402411736426898	0.11544858507025893	0.21670793112806339	0.2532285012804645	0.6432357517002908	0.06201959802797568	0.06992778950590667	0.07479116166234752	0.09605541441634902	0.09733763571172917	0.06480545646126669	0.5665446450931801	0.10692265358460855	0.06460547436926119	0.08380946842640262	0.3897301289941929	0.3660429258618875	0.07556224758741557	0.38627539144308015	0.07717626005511212
fr	0.44930756545688116	0.1580683591337775	1.0	0.37367205583784746	0.10291227195082063	0.05281035994548865	0.11345895589440579	0.06911121506816813	0.05903021709454422	1.0	0.1377634863341389	0.10967230121148727	0.07102492111577904	0.0863429010167395	0.07153362592880293	0.0847727030957729	0.09949246411087241	0.10229571641856557	0.19934729936246523	0.18908164489499432	0.5324485386717346	0.06040196582864219	0.07181210795734046	0.07039214139236503	0.08665790211234119	0.09377491562953008	0.0671425252419198	0.52934352077956	0.09747189135350913	0.06505530092207873	0.07716386832616229	0.2624741425357005	0.35730519429317803	0.07350424025784852	0.2962056416736717	0.08363710566490744
he	1.0	0.2222599949931983	1.0	1.0	0.15223830699388433	0.13779632003460746	0.5061931805277736	0.15334513702048963	0.13701095294698418	0.1377634863341389	1.0	0.6185254943607432	0.1351626419409195	0.16290408231342782	0.13747744915906143	0.47988806543533696	0.5051273596611926	0.21590275870392195	0.6967033415961662	1.0	0.7179915061657696	0.14272714021369562	0.12595996638016535	0.16569318517671733	0.1537714298596007	0.4792640618174614	0.13579080313375433	1.0	0.16707467973717374	0.12454130106965633	0.13536889049840464	1.0	0.74551343442257	0.12880416014829532	0.6293468387455483	0.4617866363588419
hi	1.0	0.22916704369381868	1.0	1.0	0.1848753606866627	0.15148586118156335	1.0	0.14747772183529226	0.14610683877190636	0.10967230121148727	0.6185254943607432	1.0	0.13950135389275042	0.17160738241357187	0.13593586554230622	0.6893239646520147	1.0	0.2068614475333424	1.0	1.0	1.0	0.12395843473895031	0.13494976317029775	0.17377883979794478	0.15929013889686444	0.6915622893805501	0.13654078412929493	1.0	0.17644082633698047	0.1485772882248061	0.14721983462691246	1.0	0.74551343442257	0.12998241593923596	0.7101264857596848	1.0
hu	1.0	0.14415271334658047	1.0	0.7210092110599264	0.10402765165915497	0.07085700695222713	0.12972534186188867	0.08278186069916507	0.07206918309843302	0.07102492111577904	0.1351626419409195	0.13950135389275042	1.0	0.09371748170810378	0.07697842056582269	0.09452080503734725	0.12023651440681721	0.10262033124083118	0.18059157441156	0.2070985158249444	0.5339136007955032	0.07177613829681513	0.0785271925678183	0.08325987727460724	0.09618003802500882	0.10381725544649516	0.07516292976120752	0.7199285383279774	0.11013117778913874	0.07480574963191197	0.0830783635309873	0.363093619784727	0.7510341748895938	0.07824946632075457	0.32220172222390725	0.09402855464200227
id	0.7265334708466399	0.15413622058713994	0.7863954451402115	0.3423008790264953	0.12004099502917852	0.1004722813423755	0.16808827005676683	0.11264435451666159	0.10175844524254785	0.0863429010167395	0.16290408231342782	0.17160738241357187	0.09371748170810378	1.0	0.10505328670621264	0.15767063304289033	0.16589221021850645	0.12926422823229697	0.18363624564542952	0.19772754168388046	0.3089197720317298	0.09707472239322423	0.10117773717811623	0.116670388926214	0.10533097202191632	0.15665812692101722	0.09872384234098955	0.4369701187982566	0.11104750173169431	0.09776030522101671	0.10686599710275019	0.2945534417500132	0.35504913459515375	0.0999133989654695	0.2697167233315824	0.15686662481262137
it	0.7584325078215763	0.13388928956851173	0.7863954451402115	0.3033385127893425	0.10741520665250276	0.05992819794540159	0.1296745542966787	0.08522195269266608	0.06692948812862616	0.07153362592880293	0.13747744915906143	0.13593586554230622	0.07697842056582269	0.10505328670621264	1.0	0.11162642199086234	0.12395152175097524	0.09998772575272681	0.14628162231619546	0.1864594748301684	0.5970081782371524	0.07072154322762983	0.08270114111626463	0.08010625954360885	0.09439545558402945	0.12005250532782108	0.07664865592826438	0.30303874882810683	0.10062697652533681	0.07281992997100092	0.08525092967605068	0.29610897387053403	0.38294546308061883	0.08349461473239507	0.2711208590320814	0.11278118792492556
ja	1.0	0.2221380252028091	1.0	1.0	0.13525258113068997	0.071314135038849	1.0	0.12340705263349944	0.07720287070884158	0.0847727030957729	0.47988806543533696	0.6893239646520147	0.09452080503734725	0.15767063304289033	0.11162642199086234	1.0	1.0	0.14775670047966927	1.0	1.0	1.0	0.0818830550028826	0.11033680873801284	0.09844165405430509	0.12333934944400658	0.5576019237849817	0.09277304258722344	1.0	0.12360657939436424	0.08528999570502152	0.10516985122268781	1.0	0.5747405090619545	0.10260965801263335	0.6288002315732375	1.0
ko	1.0	0.2189079593369925	1.0	1.0	0.1550342805196084	0.11976172557625488	1.0	0.1495240036739291	0.12402411736426898	0.09949246411087241	0.5051273596611926	1.0	0.12023651440681721	0.16589221021850645	0.12395152175097524	1.0	1.0	0.17088146170572557	1.0	1.0	1.0	0.10644627436715745	0.11764709949318057	0.1386018398506915	0.13998374608482403	0.6890092940382581	0.12358764858507418	1.0	0.15217840493598064	0.11900492463138444	0.1225538627567656	1.0	0.5643747533284127	0.12375048925597647	0.6288002315732375	1.0
lv	1.0	0.18602585623183238	1.0	1.0	0.13883192170844047	0.12389909867464305	0.18927381149463238	0.10878216961171709	0.11544858507025893	0.10229571641856557	0.21590275870392195	0.2068614475333424	0.10262033124083118	0.12926422823229697	0.09998772575272681	0.14775670047966927	0.17088146170572557	1.0	0.295830272394886	0.29625392783034527	0.6475250169846578	0.09957106542586884	0.09925322448644235	0.12045251674031489	0.12774298239391008	0.16954035017727526	0.10854619862905296	0.3915708835493018	0.15270770857700613	0.11137356351837077	0.10943126429401423	0.3107729501036684	0.5261277481849908	0.11359623818301197	0.33919174902638	0.1494563954322752
mk	1.0	0.21151229866158053	1.0	1.0	0.2158798223148953	0.22874186555878084	1.0	0.1509583246864984	0.21670793112806339	0.19934729936246523	0.6967033415961662	1.0	0.18059157441156	0.18363624564542952	0.14628162231619546	1.0	1.0	0.295830272394886	1.0	1.0	1.0	0.20228243044053898	0.15780992323069004	0.22928736879070566	0.19619616527480316	1.0	0.17065949263039668	1.0	0.2364004289711915	0.16995478083229126	0.19281920906507893	1.0	0.7510341748895938	0.15361362411289292	0.7116768074483948	1.0
ml	1.0	0.25718690430505853	1.0	1.0	0.22683973808085148	0.30375993669052215	1.0	0.17260364995092878	0.2532285012804645	0.18908164489499432	1.0	1.0	0.2070985158249444	0.19772754168388046	0.1864594748301684	1.0	1.0	0.29625392783034527	1.0	1.0	1.0	0.2653542269427879	0.1839406196815868	0.27010402158028635	0.2713282899634381	0.6995439823419702	0.260522914999867	1.0	0.25982303563325276	0.2302380672889728	0.25623504983185985	1.0	0.6841174893561722	0.22848606144148645	0.7141080454298698	1.0
mr	1.0	0.2690002568617224	1.0	1.0	0.5255532050335049	0.7134542832283586	1.0	0.2802093850588688	0.6432357517002908	0.5324485386717346	0.7179915061657696	1.0	0.5339136007955032	0.3089197720317298	0.5970081782371524	1.0	1.0	0.6475250169846578	1.0	1.0	1.0	0.3570947472711183	0.3957479038970268	0.4985705706686072	0.4965950081490172	1.0	0.3689530015618222	1.0	0.6487871090048528	0.4113103376452803	0.29162698287617517	1.0	1.0	0.6011455215697225	1.0	1.0
nl	1.0	0.1568815717661437	1.0	0.7199285383279772	0.10509131820791928	0.0554971631028853	0.10921815742821729	0.06995743067273878	0.06201959802797568	0.06040196582864219	0.14272714021369562	0.12395843473895031	0.07177613829681513	0.09707472239322423	0.07072154322762983	0.0818830550028826	0.10644627436715745	0.09957106542586884	0.20228243044053898	0.2653542269427879	0.3570947472711183	1.0	0.07010594014338113	0.07069850143788407	0.08680782850746557	0.0967034283227873	0.06620737969761818	0.7199285383279773	0.10021515098509709	0.06573134585515204	0.07984052088280875	0.4013274603327487	0.41116356326861214	0.07185541234890402	0.42337694911708934	0.08621945539139443
pl	1.0	0.13328367605238328	1.0	0.6081773539908197	0.10096961771226955	0.06541889580074738	0.1193739422653345	0.08687035082151776	0.06992778950590667	0.07181210795734046	0.12595996638016535	0.13494976317029775	0.0785271925678183	0.10117773717811623	0.08270114111626463	0.11033680873801284	0.11764709949318057	0.09925322448644235	0.15780992323069004	0.1839406196815868	0.3957479038970268	0.07010594014338113	1.0	0.07980017190218279	0.08890892854758294	0.1144087727373496	0.07648077042774107	0.24283282224834307	0.09999253712150236	0.07403734240067986	0.08537350929722715	0.19849847922756692	0.44116084330943517	0.08164382524062407	0.24001060329773172	0.11209717691297046
pt	1.0	0.13638159119892007	1.0	0.5912384651224016	0.10444267474161106	0.06770190737207442	0.1731662254864222	0.07705192779823222	0.07479116166234752	0.07039214139236503	0.16569318517671733	0.17377883979794478	0.08325987727460724	0.116670388926214	0.08010625954360885	0.09844165405430509	0.1386018398506915	0.12045251674031489	0.22928736879070566	0.27010402158028635	0.4985705706686072	0.07069850143788407	0.07980017190218279	1.0	0.08762265617278558	0.07640255964617888	0.05747613180339835	0.6532002319725719	0.11914697408477032	0.05608460307140204	0.06882675536177059	0.3306399938790282	0.41887481976416474	0.09048867132770365	0.33828294530304454	0.09860813797537932
ro	1.0	0.16269659200778117	1.0	0.3432884350023412	0.12150672057024071	0.09831413061998488	0.1393586395610294	0.10003434860394167	0.09605541441634902	0.08665790211234119	0.1537714298596007	0.15929013889686444	0.09618003802500882	0.10533097202191632	0.09439545558402945	0.12333934944400658	0.13998374608482403	0.12774298239391008	0.19619616527480316	0.2713282899634381	0.4965950081490172	0.08680782850746557	0.08890892854758294	0.08762265617278558	1.0	0.12441137786647138	0.08312541564155036	0.6167131210802118	0.12764411125721753	0.08386063584578402	0.08412176733830265	0.21856664412507074	0.7370765140076343	0.09139907707615504	0.36787959851229146	0.12137074351477865
ru	1.0	0.21614769134480724	1.0	1.0	0.12022591970061446	0.08838997005800514	0.6910619635498714	0.1341470546576554	0.09733763571172917	0.09377491562953008	0.4792640618174614	0.6915622893805501	0.10381725544649516	0.15665812692101722	0.12005250532782108	0.5576019237849817	0.6890092940382581	0.16954035017727526	1.0	0.6995439823419702	1.0	0.0967034283227873	0.1144087727373496	0.07640255964617888	0.12441137786647138	1.0	0.08676555109939432	1.0	0.14107379380541643	0.08189178262619161	0.0947534681526224	0.7004695573767594	0.4844304309731097	0.10339860391064741	0.7091953875376782	0.5577132120361423
sh	0.7584325078215763	0.13769774358711198	1.0	0.6568318202362041	0.09788309918404182	0.06060126452585086	0.12255897478269848	0.07584702111614071	0.06480545646126669	0.0671425252419198	0.13579080313375433	0.13654078412929493	0.07516292976120752	0.09872384234098955	0.07664865592826438	0.09277304258722344	0.12358764858507418	0.10854619862905296	0.17065949263039668	0.260522914999867	0.3689530015618222	0.06620737969761818	0.07648077042774107	0.05747613180339835	0.08312541564155036	0.08676555109939432	1.0	0.5643198815449838	0.1169554113291321	0.06018222209927772	0.06954518777743542	0.23512010260709001	0.3077425619666944	0.08124020489803623	0.3193927411581907	0.09144871396519991
si	1.0	0.44901571691327546	1.0	1.0	0.6167131210802118	0.7199285383279774	1.0	0.3037782258294009	0.5665446450931801	0.52934352077956	1.0	1.0	0.7199285383279774	0.4369701187982566	0.30303874882810683	1.0	1.0	0.3915708835493018	1.0	1.0	1.0	0.7199285383279773	0.24283282224834307	0.6532002319725719	0.6167131210802118	1.0	0.5643198815449838	1.0	0.6568318202362041	0.5855860097405514	0.3024332839727683	1.0	1.0	0.5846121757015684	1.0	1.0
simple	1.0	0.15787740983676504	1.0	0.6167131210802118	0.13685855951368242	0.10138744311024121	0.16670616481107461	0.0971688600359128	0.10692265358460855	0.09747189135350913	0.16707467973717374	0.17644082633698047	0.11013117778913874	0.11104750173169431	0.10062697652533681	0.12360657939436424	0.15217840493598064	0.15270770857700613	0.2364004289711915	0.25982303563325276	0.6487871090048528	0.10021515098509709	0.09999253712150236	0.11914697408477032	0.12764411125721753	0.14107379380541643	0.1169554113291321	0.6568318202362041	1.0	0.10965325268597181	0.13119693580844444	0.3986579489946163	0.4487445300003854	0.09222044437649668	0.3322885570521521	0.1214023454039479
sr	1.0	0.1413182812721586	1.0	0.5828763145002701	0.09494543225066902	0.059159082184460185	0.12425405980673314	0.07208679052420859	0.06460547436926119	0.06505530092207873	0.12454130106965633	0.1485772882248061	0.07480574963191197	0.09776030522101671	0.07281992997100092	0.08528999570502152	0.11900492463138444	0.11137356351837077	0.16995478083229126	0.2302380672889728	0.4113103376452803	0.06573134585515204	0.07403734240067986	0.05608460307140204	0.08386063584578402	0.08189178262619161	0.06018222209927772	0.5855860097405514	0.10965325268597181	1.0	0.06869483768505379	0.22310506588834994	0.5558257884196616	0.08056385391764741	0.2485960451752592	0.09002221398802787
sv	0.7584325078215765	0.1423282455984398	1.0	0.37048738796836467	0.10298973040521855	0.07872530037283497	0.14632807821829724	0.08653243309274093	0.08380946842640262	0.07716386832616229	0.13536889049840464	0.14721983462691246	0.0830783635309873	0.10686599710275019	0.08525092967605068	0.10516985122268781	0.1225538627567656	0.10943126429401423	0.19281920906507893	0.25623504983185985	0.29162698287617517	0.07984052088280875	0.08537350929722715	0.06882675536177059	0.08412176733830265	0.0947534681526224	0.06954518777743542	0.3024332839727683	0.13119693580844444	0.06869483768505379	1.0	0.3459259094963683	0.6326837299126786	0.08771616477373166	0.3472152264768566	0.10866915635395816
te	1.0	0.23003657998080043	1.0	1.0	0.2997539474915738	0.41180037769173794	1.0	0.23294901923241423	0.3897301289941929	0.2624741425357005	1.0	1.0	0.363093619784727	0.2945534417500132	0.29610897387053403	1.0	1.0	0.3107729501036684	1.0	1.0	1.0	0.4013274603327487	0.19849847922756692	0.3306399938790282	0.21856664412507074	0.7004695573767594	0.23512010260709001	1.0	0.3986579489946163	0.22310506588834994	0.3459259094963683	1.0	0.6524007805500078	0.300231115333245	1.0	1.0
tr	1.0	0.45992623303660496	-1.0	1.0	0.4372935891737103	0.2681117571605315	0.7510341748895937	0.2688070309128023	0.3660429258618875	0.35730519429317803	0.74551343442257	0.74551343442257	0.7510341748895938	0.35504913459515375	0.38294546308061883	0.5747405090619545	0.5643747533284127	0.5261277481849908	0.7510341748895938	0.6841174893561722	1.0	0.41116356326861214	0.44116084330943517	0.41887481976416474	0.7370765140076343	0.4844304309731097	0.3077425619666944	1.0	0.4487445300003854	0.5558257884196616	0.6326837299126786	0.6524007805500078	1.0	0.5548558565818315	1.0	0.5070632660836352
vi	1.0	0.1516353666927604	1.0	0.6108239160974152	0.11570544130968946	0.072410886402431	0.1306965932977182	0.08580130590009245	0.07556224758741557	0.07350424025784852	0.12880416014829532	0.12998241593923596	0.07824946632075457	0.0999133989654695	0.08349461473239507	0.10260965801263335	0.12375048925597647	0.11359623818301197	0.15361362411289292	0.22848606144148645	0.6011455215697225	0.07185541234890402	0.08164382524062407	0.09048867132770365	0.09139907707615504	0.10339860391064741	0.08124020489803623	0.5846121757015684	0.09222044437649668	0.08056385391764741	0.08771616477373166	0.300231115333245	0.5548558565818315	1.0	0.4390909205444105	0.10293813509434416
war	1.0	0.2998712691591892	1.0	1.0	0.33120419042489646	0.4872524552868996	0.6299163986978755	0.21468965447349997	0.38627539144308015	0.2962056416736717	0.6293468387455483	0.7101264857596848	0.32220172222390725	0.2697167233315824	0.2711208590320814	0.6288002315732375	0.6288002315732375	0.33919174902638	0.7116768074483948	0.7141080454298698	1.0	0.42337694911708934	0.24001060329773172	0.33828294530304454	0.36787959851229146	0.7091953875376782	0.3193927411581907	1.0	0.3322885570521521	0.2485960451752592	0.3472152264768566	1.0	1.0	0.4390909205444105	1.0	0.6282749987742661
zh	1.0	0.22130178582148047	1.0	1.0	0.1453966996453741	0.06862718816128716	1.0	0.12637850533300665	0.07717626005511212	0.08363710566490744	0.4617866363588419	1.0	0.09402855464200227	0.15686662481262137	0.11278118792492556	1.0	1.0	0.1494563954322752	1.0	1.0	1.0	0.08621945539139443	0.11209717691297046	0.09860813797537932	0.12137074351477865	0.5577132120361423	0.09144871396519991	1.0	0.1214023454039479	0.09002221398802787	0.10866915635395816	1.0	0.5070632660836352	0.10293813509434416	0.6282749987742661	1.0
