arz	bs	ceb	ckb	da	de	el	en	es	fr	he	hi	hu	id	it	ja	ko	lv	mk	ml	mr	nl	pl	pt	ro	ru	sh	si	simple	sr	sv	te	vi	war	zh
arz	1.0	0.6392003900536324	0.6190476190476191	0.6071428571428572	0.5800000000000001	0.5512820512820512	0.6122551481667504	0.5518853225303832	0.5652662323073466	0.55	0.5869565217391304	0.5714285714285714	0.599157229391625	0.6230088495575222	0.5692266808397555	0.5625	0.5909090909090909	0.6111111111111112	0.6333333333333333	0.6451612903225806	0.6363636363636364	0.5689655172413793	0.5800000000000001	0.5909090909090909	0.6111345423871783	0.5571428571428572	0.625	0.5294117647058824	0.6176470588235294	0.6176470588235294	0.5645161290322581	0.5294117647058824	0.6016830294530154	0.64	0.5902969084787266
bs	0.6392003900536324	1.0	0.5925925925925926	0.674567000911577	0.6462707458508299	0.5794475138121548	0.683579335793358	0.5735803419273267	0.590321473515616	0.5771592304543595	0.6441119063109955	0.582010582010582	0.6717171717171717	0.6988277727682597	0.6083172147001934	0.5943579766536965	0.6490599820948971	0.6734006734006734	0.6929133858267716	0.6558704453441295	0.6071428571428572	0.5973586183542161	0.6223762757558252	0.6589720468890894	0.6830508474576271	0.5753424657534246	0.7722911963882618	0.5217391304347826	0.6662312214239059	0.6996396986570587	0.596104119979314	0.5217391304347826	0.6423185673892554	0.6333333333333333	0.6547141953174436
ceb	0.6190476190476191	0.5925925925925926	1.0	0.6086956521739131	0.5531914893617021	0.5333333333333333	0.5714285714285714	0.5324675324675325	0.5396825396825397	0.5324675324675325	0.5581395348837209	0.5625	0.5641025641025641	0.5757575757575757	0.543859649122807	0.540983606557377	0.5609756097560976	0.5757575757575757	0.5925925925925926	0.631578947368421	0.6470588235294118	0.5454545454545455	0.5531914893617021	0.5609756097560976	0.5714285714285714	0.5373134328358209	0.5862068965517242	0.75	0.5806451612903225	0.5806451612903225	0.5423728813559322	0.75	0.5609756097560976	0.896551724137931	0.5531914893617021
ckb	0.6071428571428572	0.674567000911577	0.6086956521739131	1.0	0.5882352941176471	0.5623622741295725	0.6356164383561643	0.5555555555555556	0.5671641791044776	0.558055805580558	0.5957446808510638	0.5909090909090909	0.6162962962962963	0.6322436849925707	0.5814100938371799	0.5769583562649055	0.6157205240174672	0.6739926739926739	0.625	0.6932409012131716	0.6000000000000001	0.576271186440678	0.5882352941176471	0.6104651162790697	0.6384976525821596	0.5692108667529108	0.6702127659574468	0.5263157894736842	0.62426614481409	0.6285714285714286	0.5714285714285714	0.5263157894736842	0.6096256684491979	0.6296296296296295	0.5958549222797928
da	0.5800000000000001	0.6462707458508299	0.5531914893617021	0.5882352941176471	1.0	0.6244260789715335	0.6345914558274575	0.6288801234779626	0.641025641025641	0.6204584775086506	0.6263982102908277	0.5434782608695652	0.6570143379252179	0.6322325712672876	0.6307653104561285	0.620253164556962	0.6492845349477161	0.6327543424317618	0.6037735849056604	0.5714285714285714	0.5625	0.6216216216216216	0.6536964980544747	0.6270512182993535	0.6330988522769345	0.6313295824696475	0.6281725888324873	0.5116279069767442	0.6205997392438071	0.6378986866791745	0.6514886164623468	0.5116279069767442	0.6478405315614618	0.5800000000000001	0.6318380743982495
de	0.5512820512820512	0.5794475138121548	0.5333333333333333	0.5623622741295725	0.6244260789715335	1.0	0.5917874396135265	0.6557274153777181	0.6290883785664579	0.6584110828385638	0.6112096004363834	0.5270270270270271	0.6030013642564802	0.5833333333333333	0.6425799297726853	0.6462333825701625	0.6035523073000765	0.5833333333333333	0.5724161769789147	0.5500705218617772	0.5394736842105263	0.6346749226006192	0.613086038124678	0.6053369328210986	0.5947136563876652	0.6451280995987242	0.5796216475095786	0.5070422535211268	0.5783132530120483	0.5876236793560289	0.6326530612244898	0.5070422535211268	0.5955056179775281	0.5512820512820512	0.6107843137254901
el	0.6122551481667504	0.683579335793358	0.5714285714285714	0.6356164383561643	0.6345914558274575	0.5917874396135265	1.0	0.5929563156112428	0.6125415794012566	0.5990545767082079	0.659654043945769	0.5588235294117647	0.654632972322503	0.6610420367081113	0.6491065642070178	0.623766972264129	0.6833565136764024	0.6576895818568391	0.6410958904109589	0.6113723813595554	0.5900826446280992	0.6247619047619047	0.6559485530546624	0.6613226452905812	0.6958762886597938	0.6011831063420002	0.6766423357664234	0.5161290322580645	0.6483221476510067	0.6653645833333334	0.6136762127410871	0.5161290322580645	0.6504927975739196	0.6052631578947368	0.6596664607782582
en	0.5518853225303832	0.5735803419273267	0.5324675324675325	0.5555555555555556	0.6288801234779626	0.6557274153777181	0.5929563156112428	1.0	0.6253537068477646	0.6723427629772041	0.6101881970260223	0.5263157894736842	0.6088798907669853	0.590676883780332	0.6611374407582938	0.6477563963337822	0.6083232473698911	0.5853525728287503	0.5716602473140077	0.5477505338340328	0.5402912621359223	0.639448275862069	0.6268376068376068	0.5999388441545204	0.5959104186952288	0.6524513096037609	0.5808671713695802	0.5068493150684932	0.5860135135135136	0.5801661542487081	0.6345772787318362	0.5068493150684932	0.6019417475728156	0.55	0.6249329142068543
es	0.5652662323073466	0.590321473515616	0.5396825396825397	0.5671641791044776	0.641025641025641	0.6290883785664579	0.6125415794012566	0.6253537068477646	1.0	0.6282736648847129	0.611385495191058	0.5366524893670253	0.623462884839781	0.6090839107005389	0.6241991579718104	0.630730319317104	0.6231535860473394	0.589041095890411	0.5797101449275363	0.5538461538461539	0.546875	0.628736046092906	0.6211180124223603	0.6319922547332186	0.6117327907765344	0.6426484907497565	0.5886360871152209	0.5084745762711864	0.5915492957746479	0.5915492957746479	0.626553953257086	0.5084745762711864	0.6185085609169378	0.5606060606060607	0.6235461359524425
fr	0.55	0.5771592304543595	0.5324675324675325	0.558055805580558	0.6204584775086506	0.6584110828385638	0.5990545767082079	0.6723427629772041	0.6282736648847129	1.0	0.6118411228908467	0.5263157894736842	0.608053615039473	0.5861616658468601	0.6500044236043528	0.6421854478592067	0.6041620049228016	0.5813953488372093	0.5709507042253521	0.5488648543310923	0.5384615384615384	0.6425165468649918	0.6204584775086506	0.6077503517073795	0.6003653338745687	0.6473235717714835	0.5852813852813853	0.5068493150684932	0.5789427621214773	0.5837332876242715	0.6293304994686504	0.5068493150684932	0.602510460251046	0.55	0.6250224698903469
he	0.5869565217391304	0.6441119063109955	0.5581395348837209	0.5957446808510638	0.6263982102908277	0.6112096004363834	0.659654043945769	0.6101881970260223	0.611385495191058	0.6118411228908467	1.0	0.5476190476190476	0.6519982038616974	0.6478784040531983	0.6403940886699507	0.6375632013811814	0.6740661359461114	0.6111111111111112	0.632630410654828	0.5845323741007195	0.5772931366260424	0.6564239590291694	0.6407322654462243	0.653588694682038	0.6471551371264839	0.6191950464396285	0.6379794200187091	0.5128205128205129	0.6274509803921569	0.6413268832066344	0.63682510383018	0.5128205128205129	0.6511173184357542	0.5869565217391304	0.6579876879604399
hi	0.5714285714285714	0.582010582010582	0.5625	0.5909090909090909	0.5434782608695652	0.5270270270270271	0.5588235294117647	0.5263157894736842	0.5366524893670253	0.5263157894736842	0.5476190476190476	1.0	0.5526315789473684	0.5625	0.5357142857142857	0.5333333333333333	0.55	0.5625	0.5555555555555556	0.6111111111111112	0.5555555555555556	0.5370370370370371	0.5434782608695652	0.5549227013832384	0.5588235294117647	0.5303030303030303	0.5774278215223096	0.5555555555555556	0.5483870967741935	0.5666666666666667	0.5344827586206896	0.5555555555555556	0.5602716468590832	0.5714285714285714	0.5457598656591099
hu	0.599157229391625	0.6717171717171717	0.5641025641025641	0.6162962962962963	0.6570143379252179	0.6030013642564802	0.654632972322503	0.6088798907669853	0.623462884839781	0.608053615039473	0.6519982038616974	0.5526315789473684	1.0	0.6542484859607267	0.6506189821182943	0.6196671453915688	0.681766704416761	0.6354501607717041	0.6403326403326403	0.5887115979995237	0.5750000000000001	0.6306306306306306	0.6535234899328859	0.683377308707124	0.6755349913244649	0.6276668960770819	0.6822960120140164	0.5142857142857143	0.6438026474127557	0.6571936056838366	0.6111111111111112	0.5142857142857143	0.6629653821032006	0.5952380952380952	0.6478295185477506
id	0.6230088495575222	0.6988277727682597	0.5757575757575757	0.6322436849925707	0.6322325712672876	0.5833333333333333	0.6610420367081113	0.590676883780332	0.6090839107005389	0.5861616658468601	0.6478784040531983	0.5625	0.6542484859607267	1.0	0.6237006237006237	0.6105675146771037	0.6586520947176685	0.6459227467811158	0.6575554409489428	0.6168224299065421	0.5882352941176471	0.609375	0.6374501992031872	0.6739233317557974	0.6960000000000001	0.5921052631578947	0.6881859264041317	0.5172413793103449	0.677115987460815	0.6845441248171624	0.6029411764705882	0.5172413793103449	0.6472675656493968	0.6111111111111112	0.642915642915643
it	0.5692266808397555	0.6083172147001934	0.543859649122807	0.5814100938371799	0.6307653104561285	0.6425799297726853	0.6491065642070178	0.6611374407582938	0.6241991579718104	0.6500044236043528	0.6403940886699507	0.5357142857142857	0.6506189821182943	0.6237006237006237	1.0	0.6622073578595319	0.6508968770099335	0.6022639850533026	0.5920980024279882	0.5615982241953384	0.5541899441340782	0.6621157550883658	0.6282571912013536	0.6322236180904522	0.6280467163168586	0.6407065435568045	0.6123420618934261	0.5094339622641509	0.6103151862464183	0.6074895977808599	0.6288279621612954	0.5094339622641509	0.6160979228486647	0.5666666666666667	0.667213392907641
ja	0.5625	0.5943579766536965	0.540983606557377	0.5769583562649055	0.620253164556962	0.6462333825701625	0.623766972264129	0.6477563963337822	0.630730319317104	0.6421854478592067	0.6375632013811814	0.5333333333333333	0.6196671453915688	0.6105675146771037	0.6622073578595319	1.0	0.625242718446602	0.5993413830954994	0.582089552238806	0.5623471882640587	0.5483870967741935	0.654098731884058	0.6307320997586484	0.6216829436716977	0.6025534565082001	0.6341850220264318	0.5963302752293578	0.5087719298245614	0.5942028985507246	0.6013493693165152	0.644161212538753	0.5087719298245614	0.608772372069574	0.5625	0.6460222522348704
ko	0.5909090909090909	0.6490599820948971	0.5609756097560976	0.6157205240174672	0.6492845349477161	0.6035523073000765	0.6833565136764024	0.6083232473698911	0.6231535860473394	0.6041620049228016	0.6740661359461114	0.55	0.681766704416761	0.6586520947176685	0.6508968770099335	0.625242718446602	1.0	0.6477732793522267	0.6427252206033245	0.602194133078941	0.575206611570248	0.6298411122144985	0.6566935708321736	0.6850886339937435	0.6669473684210526	0.6281436539778843	0.6669865642994242	0.5135135135135135	0.6442992874109263	0.6476902434349242	0.6198808637379002	0.5135135135135135	0.6653696498054474	0.5909090909090909	0.672522159548751
lv	0.6111111111111112	0.6734006734006734	0.5757575757575757	0.6739926739926739	0.6327543424317618	0.5833333333333333	0.6576895818568391	0.5853525728287503	0.589041095890411	0.5813953488372093	0.6111111111111112	0.5625	0.6354501607717041	0.6459227467811158	0.6022639850533026	0.5993413830954994	0.6477732793522267	1.0	0.6354515050167224	0.6503496503496503	0.5882352941176471	0.6000000000000001	0.6370449678800857	0.6307053941908713	0.6584841976066278	0.5979089522979744	0.68212927756654	0.5172413793103449	0.627906976744186	0.6882352941176471	0.5942028985507246	0.5172413793103449	0.6330935251798561	0.6111111111111112	0.6193167854509707
mk	0.6333333333333333	0.6929133858267716	0.5925925925925926	0.625	0.6037735849056604	0.5724161769789147	0.6410958904109589	0.5716602473140077	0.5797101449275363	0.5709507042253521	0.632630410654828	0.5555555555555556	0.6403326403326403	0.6575554409489428	0.5920980024279882	0.582089552238806	0.6427252206033245	0.6354515050167224	1.0	0.6290322580645161	0.6222547584187409	0.5901639344262295	0.6037735849056604	0.6454689984101749	0.6650031191515907	0.5753424657534246	0.67828418230563	0.5217391304347826	0.6793943383805136	0.6577259475218659	0.5846153846153846	0.5217391304347826	0.6244306418219462	0.6333333333333333	0.6261585993820803
ml	0.6451612903225806	0.6558704453441295	0.631578947368421	0.6932409012131716	0.5714285714285714	0.5500705218617772	0.6113723813595554	0.5477505338340328	0.5538461538461539	0.5488648543310923	0.5845323741007195	0.6111111111111112	0.5887115979995237	0.6168224299065421	0.5615982241953384	0.5623471882640587	0.602194133078941	0.6503496503496503	0.6290322580645161	1.0	0.6647727272727273	0.5679101774719305	0.5909090909090909	0.5995017128620368	0.604174295129989	0.5507246376811594	0.6351480420248329	0.5333333333333333	0.5980066445182725	0.6349206349206349	0.5573770491803278	0.5333333333333333	0.6048387096774194	0.625	0.5852674066599395
mr	0.6363636363636364	0.6071428571428572	0.6470588235294118	0.6000000000000001	0.5625	0.5394736842105263	0.5900826446280992	0.5402912621359223	0.546875	0.5384615384615384	0.5772931366260424	0.5555555555555556	0.5750000000000001	0.5882352941176471	0.5541899441340782	0.5483870967741935	0.575206611570248	0.5882352941176471	0.6222547584187409	0.6647727272727273	1.0	0.5624675997926386	0.5625	0.5766590389016019	0.5833333333333333	0.5441176470588236	0.6064981949458484	0.5384615384615384	0.6102189781021898	0.59375	0.55	0.5384615384615384	0.5714285714285714	0.6363636363636364	0.5649257307139435
nl	0.5689655172413793	0.5973586183542161	0.5454545454545455	0.576271186440678	0.6216216216216216	0.6346749226006192	0.6247619047619047	0.639448275862069	0.628736046092906	0.6425165468649918	0.6564239590291694	0.5370370370370371	0.6306306306306306	0.609375	0.6621157550883658	0.654098731884058	0.6298411122144985	0.6000000000000001	0.5901639344262295	0.5679101774719305	0.5624675997926386	1.0	0.6359447004608295	0.6273475089244142	0.6060606060606061	0.6342652329749103	0.6008960238939705	0.5098039215686274	0.6101181460163586	0.6031746031746031	0.6410363560384454	0.5098039215686274	0.6142857142857143	0.5689655172413793	0.646538261322228
pl	0.5800000000000001	0.6223762757558252	0.5531914893617021	0.5882352941176471	0.6536964980544747	0.613086038124678	0.6559485530546624	0.6268376068376068	0.6211180124223603	0.6204584775086506	0.6407322654462243	0.5434782608695652	0.6535234899328859	0.6374501992031872	0.6282571912013536	0.6307320997586484	0.6566935708321736	0.6370449678800857	0.6037735849056604	0.5909090909090909	0.5625	0.6359447004608295	1.0	0.6522413793103449	0.644431882419446	0.6190476190476191	0.6195244055068836	0.5116279069767442	0.6250820748522652	0.6378986866791745	0.6447140381282496	0.5116279069767442	0.6701030927835051	0.5800000000000001	0.6342668863261944
pt	0.5909090909090909	0.6589720468890894	0.5609756097560976	0.6104651162790697	0.6270512182993535	0.6053369328210986	0.6613226452905812	0.5999388441545204	0.6319922547332186	0.6077503517073795	0.653588694682038	0.5549227013832384	0.683377308707124	0.6739233317557974	0.6322236180904522	0.6216829436716977	0.6850886339937435	0.6307053941908713	0.6454689984101749	0.5995017128620368	0.5766590389016019	0.6273475089244142	0.6522413793103449	1.0	0.6738131699846861	0.6153755868544601	0.688622754491018	0.5135135135135135	0.6530559167750325	0.6622266901231465	0.620837297811608	0.5135135135135135	0.6766917293233082	0.5909090909090909	0.6596047712301941
ro	0.6111345423871783	0.6830508474576271	0.5714285714285714	0.6384976525821596	0.6330988522769345	0.5947136563876652	0.6958762886597938	0.5959104186952288	0.6117327907765344	0.6003653338745687	0.6471551371264839	0.5588235294117647	0.6755349913244649	0.6960000000000001	0.6280467163168586	0.6025534565082001	0.6669473684210526	0.6584841976066278	0.6650031191515907	0.604174295129989	0.5833333333333333	0.6060606060606061	0.644431882419446	0.6738131699846861	1.0	0.6042787439009133	0.7161971830985916	0.5161290322580645	0.6850418086094766	0.6833284328138783	0.613086038124678	0.5161290322580645	0.6666666666666666	0.6052631578947368	0.6575981344733773
ru	0.5571428571428572	0.5753424657534246	0.5373134328358209	0.5692108667529108	0.6313295824696475	0.6451280995987242	0.6011831063420002	0.6524513096037609	0.6426484907497565	0.6473235717714835	0.6191950464396285	0.5303030303030303	0.6276668960770819	0.5921052631578947	0.6407065435568045	0.6341850220264318	0.6281436539778843	0.5979089522979744	0.5753424657534246	0.5507246376811594	0.5441176470588236	0.6342652329749103	0.6190476190476191	0.6153755868544601	0.6042787439009133	1.0	0.587913590374624	0.5079365079365079	0.5866666666666667	0.5866666666666667	0.6360036551934206	0.5079365079365079	0.6049382716049383	0.5571428571428572	0.6248712490558264
sh	0.625	0.7722911963882618	0.5862068965517242	0.6702127659574468	0.6281725888324873	0.5796216475095786	0.6766423357664234	0.5808671713695802	0.5886360871152209	0.5852813852813853	0.6379794200187091	0.5774278215223096	0.6822960120140164	0.6881859264041317	0.6123420618934261	0.5963302752293578	0.6669865642994242	0.68212927756654	0.67828418230563	0.6351480420248329	0.6064981949458484	0.6008960238939705	0.6195244055068836	0.688622754491018	0.7161971830985916	0.587913590374624	1.0	0.52	0.7085407889697434	0.6991753316600933	0.6042998256827425	0.52	0.6444099378881988	0.625	0.6433365292425695
si	0.5294117647058824	0.5217391304347826	0.75	0.5263157894736842	0.5116279069767442	0.5070422535211268	0.5161290322580645	0.5068493150684932	0.5084745762711864	0.5068493150684932	0.5128205128205129	0.5555555555555556	0.5142857142857143	0.5172413793103449	0.5094339622641509	0.5087719298245614	0.5135135135135135	0.5172413793103449	0.5217391304347826	0.5333333333333333	0.5384615384615384	0.5098039215686274	0.5116279069767442	0.5135135135135135	0.5161290322580645	0.5079365079365079	0.52	1.0	0.5185185185185185	0.5185185185185185	0.509090909090909	1.0	0.5135135135135135	0.72	0.5116279069767442
simple	0.6176470588235294	0.6662312214239059	0.5806451612903225	0.62426614481409	0.6205997392438071	0.5783132530120483	0.6483221476510067	0.5860135135135136	0.5915492957746479	0.5789427621214773	0.6274509803921569	0.5483870967741935	0.6438026474127557	0.677115987460815	0.6103151862464183	0.5942028985507246	0.6442992874109263	0.627906976744186	0.6793943383805136	0.5980066445182725	0.6102189781021898	0.6101181460163586	0.6250820748522652	0.6530559167750325	0.6850418086094766	0.5866666666666667	0.7085407889697434	0.5185185185185185	1.0	0.6801426872770511	0.6048652202498357	0.5185185185185185	0.6326530612244898	0.6176470588235294	0.6366721126052532
sr	0.6176470588235294	0.6996396986570587	0.5806451612903225	0.6285714285714286	0.6378986866791745	0.5876236793560289	0.6653645833333334	0.5801661542487081	0.5915492957746479	0.5837332876242715	0.6413268832066344	0.5666666666666667	0.6571936056838366	0.6845441248171624	0.6074895977808599	0.6013493693165152	0.6476902434349242	0.6882352941176471	0.6577259475218659	0.6349206349206349	0.59375	0.6031746031746031	0.6378986866791745	0.6622266901231465	0.6833284328138783	0.5866666666666667	0.6991753316600933	0.5185185185185185	0.6801426872770511	1.0	0.6191950464396285	0.5185185185185185	0.6402961808261886	0.6176470588235294	0.6415094339622641
sv	0.5645161290322581	0.596104119979314	0.5423728813559322	0.5714285714285714	0.6514886164623468	0.6326530612244898	0.6136762127410871	0.6345772787318362	0.626553953257086	0.6293304994686504	0.63682510383018	0.5344827586206896	0.6111111111111112	0.6029411764705882	0.6288279621612954	0.644161212538753	0.6198808637379002	0.5942028985507246	0.5846153846153846	0.5573770491803278	0.55	0.6410363560384454	0.6447140381282496	0.620837297811608	0.613086038124678	0.6360036551934206	0.6042998256827425	0.509090909090909	0.6048652202498357	0.6191950464396285	1.0	0.509090909090909	0.6164383561643836	0.5645161290322581	0.6335689346844929
te	0.5294117647058824	0.5217391304347826	0.75	0.5263157894736842	0.5116279069767442	0.5070422535211268	0.5161290322580645	0.5068493150684932	0.5084745762711864	0.5068493150684932	0.5128205128205129	0.5555555555555556	0.5142857142857143	0.5172413793103449	0.5094339622641509	0.5087719298245614	0.5135135135135135	0.5172413793103449	0.5217391304347826	0.5333333333333333	0.5384615384615384	0.5098039215686274	0.5116279069767442	0.5135135135135135	0.5161290322580645	0.5079365079365079	0.52	1.0	0.5185185185185185	0.5185185185185185	0.509090909090909	1.0	0.5135135135135135	0.72	0.5116279069767442
vi	0.6016830294530154	0.6423185673892554	0.5609756097560976	0.6096256684491979	0.6478405315614618	0.5955056179775281	0.6504927975739196	0.6019417475728156	0.6185085609169378	0.602510460251046	0.6511173184357542	0.5602716468590832	0.6629653821032006	0.6472675656493968	0.6160979228486647	0.608772372069574	0.6653696498054474	0.6330935251798561	0.6244306418219462	0.6048387096774194	0.5714285714285714	0.6142857142857143	0.6701030927835051	0.6766917293233082	0.6666666666666666	0.6049382716049383	0.6444099378881988	0.5135135135135135	0.6326530612244898	0.6402961808261886	0.6164383561643836	0.5135135135135135	1.0	0.5909090909090909	0.6339506172839506
war	0.64	0.6333333333333333	0.896551724137931	0.6296296296296295	0.5800000000000001	0.5512820512820512	0.6052631578947368	0.55	0.5606060606060607	0.55	0.5869565217391304	0.5714285714285714	0.5952380952380952	0.6111111111111112	0.5666666666666667	0.5625	0.5909090909090909	0.6111111111111112	0.6333333333333333	0.625	0.6363636363636364	0.5689655172413793	0.5800000000000001	0.5909090909090909	0.6052631578947368	0.5571428571428572	0.625	0.72	0.6176470588235294	0.6176470588235294	0.5645161290322581	0.72	0.5909090909090909	1.0	0.5800000000000001
zh	0.5902969084787266	0.6547141953174436	0.5531914893617021	0.5958549222797928	0.6318380743982495	0.6107843137254901	0.6596664607782582	0.6249329142068543	0.6235461359524425	0.6250224698903469	0.6579876879604399	0.5457598656591099	0.6478295185477506	0.642915642915643	0.667213392907641	0.6460222522348704	0.672522159548751	0.6193167854509707	0.6261585993820803	0.5852674066599395	0.5649257307139435	0.646538261322228	0.6342668863261944	0.6596047712301941	0.6575981344733773	0.6248712490558264	0.6433365292425695	0.5116279069767442	0.6366721126052532	0.6415094339622641	0.6335689346844929	0.5116279069767442	0.6339506172839506	0.5800000000000001	1.0
