arz	bs	ceb	ckb	da	de	el	en	es	fr	he	hi	hu	id	it	ja	ko	lv	mk	ml	mr	nl	pl	pt	ro	ru	sh	si	simple	sr	sv	te	vi	war	zh
arz	1.0	0.4895539559475593	0.7584325078215765	0.5000389923712931	0.3171891704440751	0.5068776792960263	0.4717741485263873	0.3196180767858473	0.5552330015184547	0.5372497278598392	0.3368757606841424	0.6827447964042134	0.4836550688536812	0.4884132198878093	0.49427749198611814	0.595569851487992	0.5213222973343851	0.6024929601748971	0.30058851326692276	0.4257337572513431	0.7946530792802874	0.6470478357021188	0.487993526035256	0.49006491956092174	0.4587862645975225	0.4569927351208365	0.4990885656574406	1.0	0.3214589554604416	0.49074918039475257	0.590892917632023	1.0	0.3363363081489218	0.5846701681620468	0.338492897683129
bs	0.4895539559475593	1.0	0.7557167022696748	0.47965358741638275	0.28173170501283656	0.5302675678752746	0.426150699516968	0.48885861049817203	0.49944494909623366	0.4585793355123818	0.46412316128349296	0.5199327356951202	0.5320576093142902	0.2984291843501521	0.28656451949080924	0.49057260803470676	0.5142029094862959	0.534653222163807	0.349924318661461	0.41794030465842236	0.8164268581967143	0.46521894079832593	0.3307383333449891	0.5049862070377047	0.5455374263407766	0.4117685942380735	0.5386643371050386	1.0	0.31769448864689037	0.3737683948101933	0.4991159653538459	1.0	0.24876712039018417	0.6781996459355886	0.5520451753928549
ceb	0.7584325078215765	0.7557167022696748	1.0	0.6172147396682474	0.388878943088341	0.7105872722972744	0.6419703882426809	0.38272501258467473	0.7584325078215763	0.7584325078215763	0.40965616758559437	1.0	0.8048763595375681	0.8252244849082945	0.7294602338537864	0.7584325078215763	0.44405174706113953	1.0	0.4276032882141753	0.47828787871581874	0.7584325078215765	1.0	0.7584325078215763	0.5294012663195634	0.6200577922850712	0.7584325078215763	0.4715113389561458	1.0	0.4052021268088596	0.685633341240947	0.7584325078215765	1.0	1.0	1.0	0.4954666577033142
ckb	0.5000389923712931	0.47965358741638275	0.6172147396682474	1.0	0.29474915038757643	0.4814715222229065	0.3824118496009301	0.436182855303751	0.35131116483360914	0.4747673578913119	0.4588902363811156	0.7690990303325336	0.4578495595237459	0.35735580832321556	0.29675386402655857	0.45692029562850367	0.48697397610742205	0.44886593196155034	0.3645748795459396	0.46294739337557245	0.7285567121129406	0.42664460991111575	0.31917539354357305	0.40484141269661655	0.40538189385579604	0.34641865296062596	0.4522012340863787	1.0	0.3435709512389067	0.47677807611669065	0.44072893534975544	1.0	0.24981059654744414	0.5481525129451763	0.4186846777756268
da	0.3171891704440751	0.28173170501283656	0.388878943088341	0.29474915038757643	1.0	0.2575353255018073	0.3492595153526123	0.2660441753783509	0.2958248761896409	0.26756356181011753	0.2587204973188444	0.7690990303325336	0.3511818832558483	0.3503998275698613	0.35444437293208697	0.3212045568597302	0.3940015638741033	0.2723381319811622	0.3435011614118952	0.2982132886106477	0.3577954405414872	0.3165340225990162	0.3119051924240968	0.3312380359665741	0.45271043536597005	0.28220734853571866	0.33687102801047974	1.0	0.26557136226638006	0.29969410132019714	0.2904762630043184	1.0	0.2699628773065493	0.33236929563577644	0.405616203322618
de	0.5068776792960263	0.5302675678752746	0.7105872722972744	0.4814715222229065	0.2575353255018073	1.0	0.3115259897677544	0.21247190861262263	0.2580994742912095	0.20430789531286433	0.25895652728333013	0.6743202287441529	0.31679322432143886	0.32959809423605285	0.23379763022030822	0.2147475809061508	0.3639910282435069	0.2970468285785903	0.38054941335623566	0.402883055212129	0.6387345389093415	0.1955407727699351	0.2621981538440498	0.3473718350665005	0.34528000443062123	0.19919557432173032	0.3654984658127496	1.0	0.2527086659552934	0.29830203453858445	0.25523938994365397	1.0	0.269201676356784	0.6786274278789107	0.3342271198550316
el	0.4717741485263873	0.426150699516968	0.6419703882426809	0.3824118496009301	0.3492595153526123	0.3115259897677544	1.0	0.36205705781664366	0.4258327041317897	0.37900677747269856	0.3083463914812086	0.6060020257886549	0.38770794009458803	0.27984530925878404	0.35310687204662916	0.37954643593253273	0.3562590379242774	0.31036265507649535	0.3185397791254054	0.39339749827006265	0.580684727581409	0.26235241971436246	0.34864849581152507	0.3395840056933434	0.3919283959825734	0.32374471996572873	0.3930470468035179	1.0	0.2768614783754685	0.40235938991427955	0.4083362312343614	1.0	0.3076548342415664	0.5328405133851557	0.38538103048590316
en	0.3196180767858473	0.48885861049817203	0.38272501258467473	0.436182855303751	0.2660441753783509	0.21247190861262263	0.36205705781664366	1.0	0.2692722358370942	0.26322717386457817	0.2630799149380846	0.6378299528021248	0.2752754165747496	0.4497682469325653	0.27851649672959533	0.2961564406122843	0.341901238909288	0.2584765903218411	0.28198688915895453	0.3777487692609974	0.36570221429546024	0.22266940443550257	0.30998580231824446	0.35669431097520243	0.3340906303124897	0.18162767717935968	0.4741429078517513	1.0	0.30753284437124245	0.3298944176190031	0.34543696950837954	1.0	0.264673865909883	0.3640554408904724	0.3584413807545755
es	0.5552330015184547	0.49944494909623366	0.7584325078215763	0.35131116483360914	0.2958248761896409	0.2580994742912095	0.4258327041317897	0.2692722358370942	1.0	0.26414772762743405	0.24870741404812743	0.4532886471609101	0.3880260464667161	0.37798920588192364	0.2860691469561859	0.25480283159440503	0.39513869301744386	0.3510957235356384	0.3819553757274278	0.3505763151192024	0.7796022081503341	0.21646624611777895	0.3247791957509097	0.3445731319387045	0.4424441858122232	0.26612530251069716	0.4599319568096236	1.0	0.27039625182367594	0.3722588690195779	0.28181561964433866	1.0	0.3105506961360845	0.6677223685027938	0.27521452334661206
fr	0.5372497278598392	0.4585793355123818	0.7584325078215763	0.4747673578913119	0.26756356181011753	0.20430789531286433	0.37900677747269856	0.26322717386457817	0.26414772762743405	1.0	0.2996037387566851	0.7690990303325336	0.3413533655188046	0.355479940983545	0.3479801086028823	0.24202399447695638	0.3281043474499482	0.2583482985606799	0.30945815029521895	0.43728226889980154	0.7826308559168679	0.20951810670863627	0.2904000062010534	0.305941454717077	0.368783919344774	0.21672853883827156	0.4587491706500176	1.0	0.2951939317937342	0.3331447824528565	0.28510209057054764	1.0	0.2715874661755225	0.5707184326726463	0.3184961860902343
he	0.3368757606841424	0.46412316128349296	0.40965616758559437	0.4588902363811156	0.2587204973188444	0.25895652728333013	0.3083463914812086	0.2630799149380846	0.24870741404812743	0.2996037387566851	1.0	0.7690990303325336	0.2706818008130646	0.3905135977348348	0.32002334777060115	0.272181913953506	0.253685924027147	0.3466102584623499	0.2571531669996028	0.47142587435327893	0.38638387426563453	0.20330771029496378	0.24986759758351582	0.2506985004259732	0.36384442957546564	0.2790640118927177	0.41404547189069274	1.0	0.2757293820078483	0.29881016532911914	0.30342243554467485	1.0	0.22301639513906002	0.3737750901186891	0.28737941284592644
hi	0.6827447964042134	0.5199327356951202	1.0	0.7690990303325336	0.7690990303325336	0.6743202287441529	0.6060020257886549	0.6378299528021248	0.4532886471609101	0.7690990303325336	0.7690990303325336	1.0	0.9452823769233266	0.5933721015712585	0.7952218774363169	0.7690990303325336	0.5334400740271245	0.7690990303325336	0.5728390359157748	0.3850090677536283	1.0	0.6466184478660688	0.5031262119890274	0.7939249199506894	0.5425211968527995	0.44650355581684187	0.5754860351152365	1.0	0.5690954354087722	0.6154198187864726	0.6743202287441529	1.0	0.4850949170878425	0.7863954451402115	0.518275345369133
hu	0.4836550688536812	0.5320576093142902	0.8048763595375681	0.4578495595237459	0.3511818832558483	0.31679322432143886	0.38770794009458803	0.2752754165747496	0.3880260464667161	0.3413533655188046	0.2706818008130646	0.9452823769233266	1.0	0.3533674363860611	0.4029730975626565	0.38181459267613177	0.4407330544892258	0.41041651746374397	0.3774711353166709	0.3859441819077624	0.7035761066769461	0.36907764232753276	0.37161603385203207	0.4076386183827432	0.48463538987729565	0.33659824952686684	0.5100223836650541	1.0	0.2789962257568891	0.3546572397535661	0.44238471628654497	1.0	0.33266672967384814	0.6280774246144896	0.5257324610033494
id	0.4884132198878093	0.2984291843501521	0.8252244849082945	0.35735580832321556	0.3503998275698613	0.32959809423605285	0.27984530925878404	0.4497682469325653	0.37798920588192364	0.355479940983545	0.3905135977348348	0.5933721015712585	0.3533674363860611	1.0	0.37831728523969244	0.4264766295335616	0.3626082413296267	0.31131211624558386	0.3410613902270313	0.3042252168358347	0.6380348781333951	0.27417805258936917	0.378434814084086	0.42720921908895343	0.4389916679578255	0.3438991545968808	0.31621796604141766	1.0	0.28168009015813955	0.3281341282297809	0.4106471198590487	1.0	0.2719461594150057	0.5477131810155516	0.37559948922997816
it	0.49427749198611814	0.28656451949080924	0.7294602338537864	0.29675386402655857	0.35444437293208697	0.23379763022030822	0.35310687204662916	0.27851649672959533	0.2860691469561859	0.3479801086028823	0.32002334777060115	0.7952218774363169	0.4029730975626565	0.37831728523969244	1.0	0.3291053684136202	0.36698917904205697	0.3933448911626495	0.28722246514517835	0.38590907043842854	0.6268789634472538	0.2577540426153155	0.3547280994200723	0.37051358274459434	0.4278426144476034	0.28975671734299535	0.43709726894347195	1.0	0.28257311143614483	0.3662691997741127	0.34949147071542763	1.0	0.31268714295850547	0.6489351519246791	0.37570928605938747
ja	0.595569851487992	0.49057260803470676	0.7584325078215763	0.45692029562850367	0.3212045568597302	0.2147475809061508	0.37954643593253273	0.2961564406122843	0.25480283159440503	0.24202399447695638	0.272181913953506	0.7690990303325336	0.38181459267613177	0.4264766295335616	0.3291053684136202	1.0	0.34752126668444827	0.4258916686780749	0.3436919032583281	0.39246998232601166	0.6847118457275846	0.29029788535557005	0.33578252535806813	0.344383663069672	0.42973111746731824	0.23709774557965166	0.48058954214843597	1.0	0.2793715825360961	0.33506729694122006	0.3018174357839884	1.0	0.30517274420185025	0.6908587525207898	0.3719448176435168
ko	0.5213222973343851	0.5142029094862959	0.44405174706113953	0.48697397610742205	0.3940015638741033	0.3639910282435069	0.3562590379242774	0.341901238909288	0.39513869301744386	0.3281043474499482	0.253685924027147	0.5334400740271245	0.4407330544892258	0.3626082413296267	0.36698917904205697	0.34752126668444827	1.0	0.4179823882903347	0.3358177457721438	0.42630154051334723	0.41384546284161056	0.24756883495196544	0.3378855731106898	0.41358797914924705	0.45445158419265563	0.3324995849402018	0.4322725496639481	1.0	0.2767464569919288	0.35693813305891325	0.3598822883041613	1.0	0.2775924605018612	0.5732798987657802	0.42641475099175
lv	0.6024929601748971	0.534653222163807	1.0	0.44886593196155034	0.2723381319811622	0.2970468285785903	0.31036265507649535	0.2584765903218411	0.3510957235356384	0.2583482985606799	0.3466102584623499	0.7690990303325336	0.41041651746374397	0.31131211624558386	0.3933448911626495	0.4258916686780749	0.4179823882903347	1.0	0.3543409375199006	0.3961422268192406	0.6906902938560183	0.4295420441203679	0.38221731247361235	0.43134504699894416	0.45042078495278964	0.24450979016173124	0.4451160749059563	1.0	0.30789354548757536	0.3258858085895989	0.3957871360180315	1.0	0.25365828015584935	0.630820813329942	0.4231826754735421
mk	0.30058851326692276	0.349924318661461	0.4276032882141753	0.3645748795459396	0.3435011614118952	0.38054941335623566	0.3185397791254054	0.28198688915895453	0.3819553757274278	0.30945815029521895	0.2571531669996028	0.5728390359157748	0.3774711353166709	0.3410613902270313	0.28722246514517835	0.3436919032583281	0.3358177457721438	0.3543409375199006	1.0	0.31428747182131134	0.38076497467900783	0.36963105364780885	0.3655370209643284	0.3571362313870678	0.3449245308317754	0.3607525562582379	0.38592817861176226	1.0	0.2559537938819301	0.2636974611312065	0.38105366978031485	1.0	0.2521689296250638	0.4682178686565344	0.36865442998837394
ml	0.4257337572513431	0.41794030465842236	0.47828787871581874	0.46294739337557245	0.2982132886106477	0.402883055212129	0.39339749827006265	0.3777487692609974	0.3505763151192024	0.43728226889980154	0.47142587435327893	0.3850090677536283	0.3859441819077624	0.3042252168358347	0.38590907043842854	0.39246998232601166	0.42630154051334723	0.3961422268192406	0.31428747182131134	1.0	0.5166740739523539	0.38907014801670414	0.32413104058934666	0.35667343853005173	0.4302742735963668	0.3556062700828777	0.39985082088213225	1.0	0.3909629554060122	0.44328517023942793	0.41364057110962527	1.0	0.2695187659934175	0.45678584880025275	0.4015359896872789
mr	0.7946530792802874	0.8164268581967143	0.7584325078215765	0.7285567121129406	0.3577954405414872	0.6387345389093415	0.580684727581409	0.36570221429546024	0.7796022081503341	0.7826308559168679	0.38638387426563453	1.0	0.7035761066769461	0.6380348781333951	0.6268789634472538	0.6847118457275846	0.41384546284161056	0.6906902938560183	0.38076497467900783	0.5166740739523539	1.0	0.8137822343553781	0.6470877899065902	0.45675420347960566	0.6912238279535817	0.6696827255429544	0.6694885998726414	1.0	0.37969846706262106	0.6288332939031859	0.6877211076125288	1.0	0.8137822343553781	0.8137822343553781	0.49927026853013795
nl	0.6470478357021188	0.46521894079832593	1.0	0.42664460991111575	0.3165340225990162	0.1955407727699351	0.26235241971436246	0.22266940443550257	0.21646624611777895	0.20951810670863627	0.20330771029496378	0.6466184478660688	0.36907764232753276	0.27417805258936917	0.2577540426153155	0.29029788535557005	0.24756883495196544	0.4295420441203679	0.36963105364780885	0.38907014801670414	0.8137822343553781	1.0	0.22753907492935083	0.24503134964561732	0.25581570234337564	0.21518882367033312	0.4146961933022394	1.0	0.22776466945878943	0.36139803210551436	0.21877740107160903	1.0	0.24713607734956192	0.7411828468492556	0.34215254234883563
pl	0.487993526035256	0.3307383333449891	0.7584325078215763	0.31917539354357305	0.3119051924240968	0.2621981538440498	0.34864849581152507	0.30998580231824446	0.3247791957509097	0.2904000062010534	0.24986759758351582	0.5031262119890274	0.37161603385203207	0.378434814084086	0.3547280994200723	0.33578252535806813	0.3378855731106898	0.38221731247361235	0.3655370209643284	0.32413104058934666	0.6470877899065902	0.22753907492935083	1.0	0.36210141198425455	0.3681811762801264	0.3414238896505447	0.4722625569125788	1.0	0.2808856290995704	0.31602375827601814	0.35183883303954727	1.0	0.303292918331458	0.6908587525207898	0.3672384964136395
pt	0.49006491956092174	0.5049862070377047	0.5294012663195634	0.40484141269661655	0.3312380359665741	0.3473718350665005	0.3395840056933434	0.35669431097520243	0.3445731319387045	0.305941454717077	0.2506985004259732	0.7939249199506894	0.4076386183827432	0.42720921908895343	0.37051358274459434	0.344383663069672	0.41358797914924705	0.43134504699894416	0.3571362313870678	0.35667343853005173	0.45675420347960566	0.24503134964561732	0.36210141198425455	1.0	0.4511590893563493	0.3042226430087552	0.4746242789435307	1.0	0.2825664254132846	0.3489818582228789	0.37662580112031585	1.0	0.28156156344398153	0.599145434865253	0.391134181401339
ro	0.4587862645975225	0.5455374263407766	0.6200577922850712	0.40538189385579604	0.45271043536597005	0.34528000443062123	0.3919283959825734	0.3340906303124897	0.4424441858122232	0.368783919344774	0.36384442957546564	0.5425211968527995	0.48463538987729565	0.4389916679578255	0.4278426144476034	0.42973111746731824	0.45445158419265563	0.45042078495278964	0.3449245308317754	0.4302742735963668	0.6912238279535817	0.25581570234337564	0.3681811762801264	0.4511590893563493	1.0	0.3650783458869547	0.5274576370860297	1.0	0.2840307811687406	0.3611962398518124	0.4640173203959116	1.0	0.29648947566728384	0.5607588277218878	0.4783128824656061
ru	0.4569927351208365	0.4117685942380735	0.7584325078215763	0.34641865296062596	0.28220734853571866	0.19919557432173032	0.32374471996572873	0.18162767717935968	0.26612530251069716	0.21672853883827156	0.2790640118927177	0.44650355581684187	0.33659824952686684	0.3438991545968808	0.28975671734299535	0.23709774557965166	0.3324995849402018	0.24450979016173124	0.3607525562582379	0.3556062700828777	0.6696827255429544	0.21518882367033312	0.3414238896505447	0.3042226430087552	0.3650783458869547	1.0	0.3751621983750295	1.0	0.2711339235896589	0.30065250043152064	0.20140993216640884	1.0	0.2748957370980488	0.5765812944383589	0.32689367080848786
sh	0.4990885656574406	0.5386643371050386	0.4715113389561458	0.4522012340863787	0.33687102801047974	0.3654984658127496	0.3930470468035179	0.4741429078517513	0.4599319568096236	0.4587491706500176	0.41404547189069274	0.5754860351152365	0.5100223836650541	0.31621796604141766	0.43709726894347195	0.48058954214843597	0.4322725496639481	0.4451160749059563	0.38592817861176226	0.39985082088213225	0.6694885998726414	0.4146961933022394	0.4722625569125788	0.4746242789435307	0.5274576370860297	0.3751621983750295	1.0	1.0	0.31516119784463126	0.32404277211965093	0.5436431387128654	1.0	0.2546464373165265	0.6600483391703474	0.4963159850637895
si	1.0	1.0	1.0	1.0	1.0	1.0	1.0	1.0	1.0	1.0	1.0	1.0	1.0	1.0	1.0	1.0	1.0	1.0	1.0	1.0	1.0	1.0	1.0	1.0	1.0	1.0	1.0	1.0	1.0	1.0	1.0	1.0	1.0	1.0	1.0
simple	0.3214589554604416	0.31769448864689037	0.4052021268088596	0.3435709512389067	0.26557136226638006	0.2527086659552934	0.2768614783754685	0.30753284437124245	0.27039625182367594	0.2951939317937342	0.2757293820078483	0.5690954354087722	0.2789962257568891	0.28168009015813955	0.28257311143614483	0.2793715825360961	0.2767464569919288	0.30789354548757536	0.2559537938819301	0.3909629554060122	0.37969846706262106	0.22776466945878943	0.2808856290995704	0.2825664254132846	0.2840307811687406	0.2711339235896589	0.31516119784463126	1.0	1.0	0.2601814336304673	0.2893379014870883	1.0	0.25265101537867524	0.3560313010771401	0.2956166331222202
sr	0.49074918039475257	0.3737683948101933	0.685633341240947	0.47677807611669065	0.29969410132019714	0.29830203453858445	0.40235938991427955	0.3298944176190031	0.3722588690195779	0.3331447824528565	0.29881016532911914	0.6154198187864726	0.3546572397535661	0.3281341282297809	0.3662691997741127	0.33506729694122006	0.35693813305891325	0.3258858085895989	0.2636974611312065	0.44328517023942793	0.6288332939031859	0.36139803210551436	0.31602375827601814	0.3489818582228789	0.3611962398518124	0.30065250043152064	0.32404277211965093	1.0	0.2601814336304673	1.0	0.3641000532914313	1.0	0.24334843696651312	0.6912871643948114	0.35030279566197275
sv	0.590892917632023	0.4991159653538459	0.7584325078215765	0.44072893534975544	0.2904762630043184	0.25523938994365397	0.4083362312343614	0.34543696950837954	0.28181561964433866	0.28510209057054764	0.30342243554467485	0.6743202287441529	0.44238471628654497	0.4106471198590487	0.34949147071542763	0.3018174357839884	0.3598822883041613	0.3957871360180315	0.38105366978031485	0.41364057110962527	0.6877211076125288	0.21877740107160903	0.35183883303954727	0.37662580112031585	0.4640173203959116	0.20140993216640884	0.5436431387128654	1.0	0.2893379014870883	0.3641000532914313	1.0	1.0	0.35417893290515284	0.6298962331140651	0.4015841148915099
te	1.0	1.0	1.0	1.0	1.0	1.0	1.0	1.0	1.0	1.0	1.0	1.0	1.0	1.0	1.0	1.0	1.0	1.0	1.0	1.0	1.0	1.0	1.0	1.0	1.0	1.0	1.0	1.0	1.0	1.0	1.0	1.0	1.0	1.0	1.0
vi	0.3363363081489218	0.24876712039018417	1.0	0.24981059654744414	0.2699628773065493	0.269201676356784	0.3076548342415664	0.264673865909883	0.3105506961360845	0.2715874661755225	0.22301639513906002	0.4850949170878425	0.33266672967384814	0.2719461594150057	0.31268714295850547	0.30517274420185025	0.2775924605018612	0.25365828015584935	0.2521689296250638	0.2695187659934175	0.8137822343553781	0.24713607734956192	0.303292918331458	0.28156156344398153	0.29648947566728384	0.2748957370980488	0.2546464373165265	1.0	0.25265101537867524	0.24334843696651312	0.35417893290515284	1.0	1.0	0.3130900574763847	0.30455265724823843
war	0.5846701681620468	0.6781996459355886	1.0	0.5481525129451763	0.33236929563577644	0.6786274278789107	0.5328405133851557	0.3640554408904724	0.6677223685027938	0.5707184326726463	0.3737750901186891	0.7863954451402115	0.6280774246144896	0.5477131810155516	0.6489351519246791	0.6908587525207898	0.5732798987657802	0.630820813329942	0.4682178686565344	0.45678584880025275	0.8137822343553781	0.7411828468492556	0.6908587525207898	0.599145434865253	0.5607588277218878	0.5765812944383589	0.6600483391703474	1.0	0.3560313010771401	0.6912871643948114	0.6298962331140651	1.0	0.3130900574763847	1.0	0.4090799300765257
zh	0.338492897683129	0.5520451753928549	0.4954666577033142	0.4186846777756268	0.405616203322618	0.3342271198550316	0.38538103048590316	0.3584413807545755	0.27521452334661206	0.3184961860902343	0.28737941284592644	0.518275345369133	0.5257324610033494	0.37559948922997816	0.37570928605938747	0.3719448176435168	0.42641475099175	0.4231826754735421	0.36865442998837394	0.4015359896872789	0.49927026853013795	0.34215254234883563	0.3672384964136395	0.391134181401339	0.4783128824656061	0.32689367080848786	0.4963159850637895	1.0	0.2956166331222202	0.35030279566197275	0.4015841148915099	1.0	0.30455265724823843	0.4090799300765257	1.0
