arz	bs	ceb	ckb	da	de	el	en	es	fr	he	hi	hu	id	it	ja	ko	lv	mk	ml	mr	nl	pl	pt	ro	ru	sh	si	simple	sr	sv	te	vi	war	zh
arz	1.0	0.656726615438065	0.0	1.0	0.4651938309389083	0.2965570204202391	0.36467050549265156	0.331825510363604	0.5058399626150922	0.35799591822340804	0.4807733360842047	1.0	0.3811907073620006	0.39173754441276193	0.44931566998186095	0.37166587689301256	0.33440207346923523	0.7761706496575161	0.5583582500220132	0.7863954451402115	0.41389244627441835	0.36031993192385103	0.5177108703866614	0.29390852269488477	0.39729122453570886	0.4021505693600632	0.4805954866802148	1.0	0.5713530062909183	0.38693708795500653	0.32414973531112523	0.0	0.5347691791366447	1.0	0.3600928617666268
bs	0.656726615438065	1.0	0.0	0.6994017365373274	0.8285923823690358	0.44723437854351256	0.6908587525207898	0.3370117938001435	0.48103473569491495	0.4828472457997	0.5334672772981186	0.34176094192421064	0.5642447824829787	0.6483618101972173	0.4606913657430159	0.5323984895306612	0.45937754912301343	0.74551343442257	0.3066888249401766	1.0	1.0	0.5634986142660204	0.4298822611407371	0.5022611131565725	0.6047353273480827	0.4070295549051719	1.0	0.7584325078215763	0.7376607345031152	0.5387104899631763	0.4640016419212225	1.0	0.5590322611828364	1.0	0.22757885620158683
ceb	0.0	0.0	1.0	0.0	1.0	1.0	1.0	1.0	1.0	1.0	1.0	1.0	1.0	1.0	1.0	1.0	1.0	1.0	1.0	0.0	1.0	1.0	1.0	1.0	1.0	1.0	1.0	0.0	1.0	1.0	1.0	0.0	1.0	0.0	1.0
ckb	1.0	0.6994017365373274	0.0	1.0	0.44742921976825445	0.43206381908490016	0.5570152323756054	0.38083226274240617	0.35213878946843896	0.3714988012072845	0.4309748306556805	0.35564273235343263	0.4253610429255278	0.49175283633467864	0.413707021381726	0.4154094054634128	0.3998729921958388	0.5682607928077898	0.4918485215513903	0.6003015096767967	1.0	0.42793770424688443	0.39215716468734607	0.3746778981510378	0.45127633636173625	0.41178660116544047	1.0	0.7690990303325336	0.6841174893561722	0.5111212891531737	0.44520090292578207	1.0	0.3695649490737799	1.0	0.3708813668978024
da	0.4651938309389083	0.8285923823690358	1.0	0.44742921976825445	1.0	0.32555929413496787	0.46247962174350815	0.2954310210313512	0.31050603102753593	0.2614647320518012	0.298388483569079	0.41411677604161706	0.32024560741987484	0.38237135921410187	0.27792842273244883	0.3252742616742753	0.31751031197202395	0.5986292959917902	0.6223041007404059	0.5650649031205364	1.0	0.3596074362536694	0.32324951972978083	0.3024624638677087	0.4241484230865839	0.309411877978574	0.8055567530094857	0.7584325078215763	0.5425431966869353	0.46407267664429375	0.33547785476675157	1.0	0.4210545160834647	1.0	0.2690869775465484
de	0.2965570204202391	0.44723437854351256	1.0	0.43206381908490016	0.32555929413496787	1.0	0.3156998496945353	0.056995427715569424	0.09494833347037261	0.06484097352089818	0.0953279795741408	0.2101101138201486	0.13671596831826474	0.17101781599865076	0.08214181419909415	0.08984029926804013	0.08661654858420183	0.4774910384179691	0.27815106968562525	0.4653820497509781	1.0	0.11541555589818726	0.1084687966244358	0.10079654819522484	0.265448480228145	0.07777143468503132	0.4167343101109774	0.7455134344225701	0.43645308436080016	0.16382111945218272	0.159110270496805	1.0	0.16438565303929098	1.0	0.08461397634521906
el	0.36467050549265156	0.6908587525207898	1.0	0.5570152323756054	0.46247962174350815	0.3156998496945353	1.0	0.2807313141440448	0.3286793382356354	0.2903332665876146	0.3124046976754712	0.41225878468612137	0.35847886877059004	0.3502359193493483	0.2281776398297902	0.3514480776057764	0.2836077551392687	0.5205426598901972	0.4555659681852537	0.6994017365373274	1.0	0.3734071550524626	0.3142238759400116	0.28890772758710687	0.4879994026353447	0.3090086386314822	0.5345886104678292	0.6698766910334878	0.5167253182481301	0.22189478487233602	0.3865059571698058	1.0	0.37811003326186016	1.0	0.27760846388908744
en	0.331825510363604	0.3370117938001435	1.0	0.38083226274240617	0.2954310210313512	0.056995427715569424	0.2807313141440448	1.0	0.06670739305783456	0.04548006285855142	0.08164876861342064	0.20789790978357522	0.1117152213169443	0.19001908627945915	0.06608147933172552	0.062126456775580874	0.07228747118954357	0.46360720507053554	0.285483220475591	0.3695750012070659	1.0	0.1011524701309913	0.08327403839588578	0.06968541175266961	0.20277289425723563	0.05282758458913138	0.3941832615152585	0.7455134344225701	0.43651361056239013	0.1495076516637313	0.09299121734957409	1.0	0.12666624853787983	1.0	0.06881956800000391
es	0.5058399626150922	0.48103473569491495	1.0	0.35213878946843896	0.31050603102753593	0.09494833347037261	0.3286793382356354	0.06670739305783456	1.0	0.06975500104909652	0.1016151198943546	0.20229549813404143	0.1478089468234485	0.16885330361200113	0.0768377274988715	0.09063475028769291	0.09600514526472478	0.43751706077437036	0.35015712792134635	0.4653820497509781	1.0	0.11442306858860553	0.11732279608165729	0.0888265212585858	0.25407470059371634	0.0825404119350359	0.39162852847717294	0.7455134344225701	0.3954551022005892	0.15066998445804694	0.14358836670704736	1.0	0.1651571146403791	1.0	0.08480044654108654
fr	0.35799591822340804	0.4828472457997	1.0	0.3714988012072845	0.2614647320518012	0.06484097352089818	0.2903332665876146	0.04548006285855142	0.06975500104909652	1.0	0.08104114333513356	0.23094670066109477	0.11185946238152115	0.1926772219405854	0.0648951029936816	0.07176192827515354	0.07296174253780811	0.5010792340329613	0.35153184136134275	0.4653820497509781	1.0	0.10068307345015602	0.09817840043826061	0.07485589296641201	0.24272591729984566	0.06062553666983151	0.4310220369497837	0.7455134344225701	0.4017593938215219	0.15092107275282796	0.12190665407102778	1.0	0.12531147022855085	1.0	0.06915245870970238
he	0.4807733360842047	0.5334672772981186	1.0	0.4309748306556805	0.298388483569079	0.0953279795741408	0.3124046976754712	0.08164876861342064	0.1016151198943546	0.08104114333513356	1.0	0.2308323007792721	0.15190105383553856	0.17913186280144092	0.08225503141814837	0.10555776381467437	0.10665708515947692	0.4458881921047918	0.2856550051708666	0.45769349626134664	1.0	0.12240033777329411	0.11560430423874721	0.10687398162434945	0.258743472973477	0.08292700315364408	0.4736568439128085	0.7455134344225701	0.35717369390541537	0.16140121897237822	0.15854688687499288	1.0	0.18486228379539382	1.0	0.08253681561729198
hi	1.0	0.34176094192421064	1.0	0.35564273235343263	0.41411677604161706	0.2101101138201486	0.41225878468612137	0.20789790978357522	0.20229549813404143	0.23094670066109477	0.2308323007792721	1.0	0.2548107685940254	0.3114336917041321	0.20149602969609287	0.17843196404711778	0.17822686978561644	0.5614445285673759	0.3634490612215422	0.68337733553076	1.0	0.24445474219695754	0.22519947540649662	0.18997009036266835	0.430525784045686	0.234150211277809	0.41360553468474	0.6161965342914508	0.5666687034966149	0.30961681161989446	0.27320822316066923	1.0	0.25841220815793614	1.0	0.21247175853742573
hu	0.3811907073620006	0.5642447824829787	1.0	0.4253610429255278	0.32024560741987484	0.13671596831826474	0.35847886877059004	0.1117152213169443	0.1478089468234485	0.11185946238152115	0.15190105383553856	0.2548107685940254	1.0	0.29368047448698625	0.11586520583219148	0.1436503727684596	0.12964210782883004	0.4610931898385123	0.28062153886995156	0.5518733946850651	1.0	0.174559984910065	0.1494998265430831	0.14257032198209968	0.23551032637850425	0.12845682088603647	0.46970169209280666	0.7510341748895939	0.47290780773090085	0.15838065169796386	0.195262151620651	1.0	0.2048786139165665	1.0	0.12168671833023996
id	0.39173754441276193	0.6483618101972173	1.0	0.49175283633467864	0.38237135921410187	0.17101781599865076	0.3502359193493483	0.19001908627945915	0.16885330361200113	0.1926772219405854	0.17913186280144092	0.3114336917041321	0.29368047448698625	1.0	0.1686846758419324	0.168137492619599	0.1763245568744746	0.5148209968815417	0.5170825802309246	0.6193697458754273	1.0	0.24876662080704703	0.1740208487082694	0.1906093581423487	0.3616264970047198	0.1993557249337747	0.6093108367305285	0.6640237664404941	0.3770215690920887	0.26628817133620786	0.3043334341251886	1.0	0.38180522942848466	1.0	0.1684741278686574
it	0.44931566998186095	0.4606913657430159	1.0	0.413707021381726	0.27792842273244883	0.08214181419909415	0.2281776398297902	0.06608147933172552	0.0768377274988715	0.0648951029936816	0.08225503141814837	0.20149602969609287	0.11586520583219148	0.1686846758419324	1.0	0.07821172801257299	0.08290515522921597	0.4462620233485434	0.3327429071203699	0.3938492759098126	1.0	0.11000310376127158	0.09629803489645183	0.08310707954641966	0.21462138003520428	0.0727819773596793	0.4243471567334614	0.6590675637199679	0.31771243912829544	0.14494257816920608	0.12000394745300777	1.0	0.14590371830922405	1.0	0.06870806182782803
ja	0.37166587689301256	0.5323984895306612	1.0	0.4154094054634128	0.3252742616742753	0.08984029926804013	0.3514480776057764	0.062126456775580874	0.09063475028769291	0.07176192827515354	0.10555776381467437	0.17843196404711778	0.1436503727684596	0.168137492619599	0.07821172801257299	1.0	0.08577404986744382	0.41727057072931556	0.2859616263989773	0.4653820497509781	1.0	0.12237024626350836	0.11200300433426374	0.0981549386723984	0.2647950094999712	0.08407572591577844	0.45298651599737216	0.7455134344225701	0.4009104052472724	0.19264882578752046	0.13150187257088367	1.0	0.15155907222150042	1.0	0.08212083945768042
ko	0.33440207346923523	0.45937754912301343	1.0	0.3998729921958388	0.31751031197202395	0.08661654858420183	0.2836077551392687	0.07228747118954357	0.09600514526472478	0.07296174253780811	0.10665708515947692	0.17822686978561644	0.12964210782883004	0.1763245568744746	0.08290515522921597	0.08577404986744382	1.0	0.4011645410650406	0.3023307679692716	0.4653820497509781	1.0	0.12038646089006282	0.10888718521935158	0.09720781558422456	0.2551200370391585	0.08269283065234605	0.5067543368369027	0.7455134344225701	0.41760241334167136	0.16076268672759317	0.13934368306831715	1.0	0.14771534779118783	1.0	0.08035319860033742
lv	0.7761706496575161	0.74551343442257	1.0	0.5682607928077898	0.5986292959917902	0.4774910384179691	0.5205426598901972	0.46360720507053554	0.43751706077437036	0.5010792340329613	0.4458881921047918	0.5614445285673759	0.4610931898385123	0.5148209968815417	0.4462620233485434	0.41727057072931556	0.4011645410650406	1.0	0.6279259652966375	0.6908587525207898	1.0	0.5219628179871214	0.42263015244694163	0.4231201699649607	0.5432849909003568	0.4459894593563767	0.6572846022672738	0.7510341748895939	0.6638546162332061	0.5285363769396114	0.4665568539223328	1.0	0.5167280703434431	1.0	0.4325216540526404
mk	0.5583582500220132	0.3066888249401766	1.0	0.4918485215513903	0.6223041007404059	0.27815106968562525	0.4555659681852537	0.285483220475591	0.35015712792134635	0.35153184136134275	0.2856550051708666	0.3634490612215422	0.28062153886995156	0.5170825802309246	0.3327429071203699	0.2859616263989773	0.3023307679692716	0.6279259652966375	1.0	0.7863954451402115	1.0	0.4727619970274499	0.30942445420230114	0.33383859332563265	0.507312141514936	0.2632815694270774	0.5871821372076402	0.7690990303325336	0.6391906500312812	0.30240750410421635	0.3485132903559357	1.0	0.4216886862566744	1.0	0.26586709521665247
ml	0.7863954451402115	1.0	0.0	0.6003015096767967	0.5650649031205364	0.4653820497509781	0.6994017365373274	0.3695750012070659	0.4653820497509781	0.4653820497509781	0.45769349626134664	0.68337733553076	0.5518733946850651	0.6193697458754273	0.3938492759098126	0.4653820497509781	0.4653820497509781	0.6908587525207898	0.7863954451402115	1.0	1.0	0.4653820497509781	0.4653820497509781	0.5518733946850651	0.6023323165064635	0.35735971742470946	0.72653347084664	1.0	0.65857855151911	0.684784572690728	0.5671813488771532	1.0	0.5152787336528271	1.0	0.46428224516548966
mr	0.41389244627441835	1.0	1.0	1.0	1.0	1.0	1.0	1.0	1.0	1.0	1.0	1.0	1.0	1.0	1.0	1.0	1.0	1.0	1.0	1.0	1.0	1.0	1.0	1.0	1.0	1.0	1.0	1.0	1.0	1.0	1.0	1.0	1.0	1.0	1.0
nl	0.36031993192385103	0.5634986142660204	1.0	0.42793770424688443	0.3596074362536694	0.11541555589818726	0.3734071550524626	0.1011524701309913	0.11442306858860553	0.10068307345015602	0.12240033777329411	0.24445474219695754	0.174559984910065	0.24876662080704703	0.11000310376127158	0.12237024626350836	0.12038646089006282	0.5219628179871214	0.4727619970274499	0.4653820497509781	1.0	1.0	0.15262433033807232	0.12068878525577803	0.3169432992375129	0.11993977586007747	0.5518656049153658	0.7455134344225701	0.4463139320113813	0.18464403254213418	0.2046958636772457	1.0	0.17545364018363854	1.0	0.10744679936495685
pl	0.5177108703866614	0.4298822611407371	1.0	0.39215716468734607	0.32324951972978083	0.1084687966244358	0.3142238759400116	0.08327403839588578	0.11732279608165729	0.09817840043826061	0.11560430423874721	0.22519947540649662	0.1494998265430831	0.1740208487082694	0.09629803489645183	0.11200300433426374	0.10888718521935158	0.42263015244694163	0.30942445420230114	0.4653820497509781	1.0	0.15262433033807232	1.0	0.1174353374603861	0.24112145899970863	0.10746266986590931	0.4764569302920408	0.7455134344225701	0.504677707185819	0.16361767944911162	0.19700304419809486	1.0	0.1967695235779255	1.0	0.09500709343617302
pt	0.29390852269488477	0.5022611131565725	1.0	0.3746778981510378	0.3024624638677087	0.10079654819522484	0.28890772758710687	0.06968541175266961	0.0888265212585858	0.07485589296641201	0.10687398162434945	0.18997009036266835	0.14257032198209968	0.1906093581423487	0.08310707954641966	0.0981549386723984	0.09720781558422456	0.4231201699649607	0.33383859332563265	0.5518733946850651	1.0	0.12068878525577803	0.1174353374603861	1.0	0.26551476682949354	0.09289932623334764	0.4031273459850205	0.7455134344225701	0.33330916854846	0.1399209767570065	0.15006198218199637	1.0	0.15916361839788995	1.0	0.08205397872822329
ro	0.39729122453570886	0.6047353273480827	1.0	0.45127633636173625	0.4241484230865839	0.265448480228145	0.4879994026353447	0.20277289425723563	0.25407470059371634	0.24272591729984566	0.258743472973477	0.430525784045686	0.23551032637850425	0.3616264970047198	0.21462138003520428	0.2647950094999712	0.2551200370391585	0.5432849909003568	0.507312141514936	0.6023323165064635	1.0	0.3169432992375129	0.24112145899970863	0.26551476682949354	1.0	0.18776412583289548	0.4926373727297921	0.7510341748895939	0.49667702207322456	0.40935822005979094	0.3099778602819994	1.0	0.2967500451478072	1.0	0.1873132883903945
ru	0.4021505693600632	0.4070295549051719	1.0	0.41178660116544047	0.309411877978574	0.07777143468503132	0.3090086386314822	0.05282758458913138	0.0825404119350359	0.06062553666983151	0.08292700315364408	0.234150211277809	0.12845682088603647	0.1993557249337747	0.0727819773596793	0.08407572591577844	0.08269283065234605	0.4459894593563767	0.2632815694270774	0.35735971742470946	1.0	0.11993977586007747	0.10746266986590931	0.09289932623334764	0.18776412583289548	1.0	0.4022172650024227	0.7455134344225701	0.39910638916533786	0.1735276640395508	0.15549233668504567	1.0	0.13335715986269467	1.0	0.07593988969109312
sh	0.4805954866802148	1.0	1.0	1.0	0.8055567530094857	0.4167343101109774	0.5345886104678292	0.3941832615152585	0.39162852847717294	0.4310220369497837	0.4736568439128085	0.41360553468474	0.46970169209280666	0.6093108367305285	0.4243471567334614	0.45298651599737216	0.5067543368369027	0.6572846022672738	0.5871821372076402	0.72653347084664	1.0	0.5518656049153658	0.4764569302920408	0.4031273459850205	0.4926373727297921	0.4022172650024227	1.0	0.7690990303325336	0.7376607345031153	0.4012840875005483	0.5474325281503926	1.0	0.6067454105236014	1.0	0.4556629287077216
si	1.0	0.7584325078215763	0.0	0.7690990303325336	0.7584325078215763	0.7455134344225701	0.6698766910334878	0.7455134344225701	0.7455134344225701	0.7455134344225701	0.7455134344225701	0.6161965342914508	0.7510341748895939	0.6640237664404941	0.6590675637199679	0.7455134344225701	0.7455134344225701	0.7510341748895939	0.7690990303325336	1.0	1.0	0.7455134344225701	0.7455134344225701	0.7455134344225701	0.7510341748895939	0.7455134344225701	0.7690990303325336	1.0	1.0	0.7510341748895939	0.7510341748895939	1.0	0.7510341748895939	1.0	0.7455134344225701
simple	0.5713530062909183	0.7376607345031152	1.0	0.6841174893561722	0.5425431966869353	0.43645308436080016	0.5167253182481301	0.43651361056239013	0.3954551022005892	0.4017593938215219	0.35717369390541537	0.5666687034966149	0.47290780773090085	0.3770215690920887	0.31771243912829544	0.4009104052472724	0.41760241334167136	0.6638546162332061	0.6391906500312812	0.65857855151911	1.0	0.4463139320113813	0.504677707185819	0.33330916854846	0.49667702207322456	0.39910638916533786	0.7376607345031153	1.0	1.0	0.44508854076597465	0.4983411924034429	1.0	0.49530137038907196	1.0	0.35376213540533796
sr	0.38693708795500653	0.5387104899631763	1.0	0.5111212891531737	0.46407267664429375	0.16382111945218272	0.22189478487233602	0.1495076516637313	0.15066998445804694	0.15092107275282796	0.16140121897237822	0.30961681161989446	0.15838065169796386	0.26628817133620786	0.14494257816920608	0.19264882578752046	0.16076268672759317	0.5285363769396114	0.30240750410421635	0.684784572690728	1.0	0.18464403254213418	0.16361767944911162	0.1399209767570065	0.40935822005979094	0.1735276640395508	0.4012840875005483	0.7510341748895939	0.44508854076597465	1.0	0.2739486272914899	1.0	0.3325751268047168	1.0	0.14793898533508812
sv	0.32414973531112523	0.4640016419212225	1.0	0.44520090292578207	0.33547785476675157	0.159110270496805	0.3865059571698058	0.09299121734957409	0.14358836670704736	0.12190665407102778	0.15854688687499288	0.27320822316066923	0.195262151620651	0.3043334341251886	0.12000394745300777	0.13150187257088367	0.13934368306831715	0.4665568539223328	0.3485132903559357	0.5671813488771532	1.0	0.2046958636772457	0.19700304419809486	0.15006198218199637	0.3099778602819994	0.15549233668504567	0.5474325281503926	0.7510341748895939	0.4983411924034429	0.2739486272914899	1.0	1.0	0.2181496651666068	1.0	0.12318539494933065
te	0.0	1.0	0.0	1.0	1.0	1.0	1.0	1.0	1.0	1.0	1.0	1.0	1.0	1.0	1.0	1.0	1.0	1.0	1.0	1.0	1.0	1.0	1.0	1.0	1.0	1.0	1.0	1.0	1.0	1.0	1.0	1.0	1.0	1.0	1.0
vi	0.5347691791366447	0.5590322611828364	1.0	0.3695649490737799	0.4210545160834647	0.16438565303929098	0.37811003326186016	0.12666624853787983	0.1651571146403791	0.12531147022855085	0.18486228379539382	0.25841220815793614	0.2048786139165665	0.38180522942848466	0.14590371830922405	0.15155907222150042	0.14771534779118783	0.5167280703434431	0.4216886862566744	0.5152787336528271	1.0	0.17545364018363854	0.1967695235779255	0.15916361839788995	0.2967500451478072	0.13335715986269467	0.6067454105236014	0.7510341748895939	0.49530137038907196	0.3325751268047168	0.2181496651666068	1.0	1.0	1.0	0.12322052895258315
war	1.0	1.0	0.0	1.0	1.0	1.0	1.0	1.0	1.0	1.0	1.0	1.0	1.0	1.0	1.0	1.0	1.0	1.0	1.0	1.0	1.0	1.0	1.0	1.0	1.0	1.0	1.0	1.0	1.0	1.0	1.0	1.0	1.0	1.0	1.0
zh	0.3600928617666268	0.22757885620158683	1.0	0.3708813668978024	0.2690869775465484	0.08461397634521906	0.27760846388908744	0.06881956800000391	0.08480044654108654	0.06915245870970238	0.08253681561729198	0.21247175853742573	0.12168671833023996	0.1684741278686574	0.06870806182782803	0.08212083945768042	0.08035319860033742	0.4325216540526404	0.26586709521665247	0.46428224516548966	1.0	0.10744679936495685	0.09500709343617302	0.08205397872822329	0.1873132883903945	0.07593988969109312	0.4556629287077216	0.7455134344225701	0.35376213540533796	0.14793898533508812	0.12318539494933065	1.0	0.12322052895258315	1.0	1.0
