arz	bs	ceb	ckb	da	de	el	en	es	fr	he	hi	hu	id	it	ja	ko	lv	mk	ml	mr	nl	pl	pt	ro	ru	sh	si	simple	sr	sv	te	vi	war	zh
arz	1.0	0.0	0.0	0.0	1.0	1.0	1.0	1.0	1.0	1.0	1.0	0.0	1.0	1.0	1.0	1.0	1.0	1.0	1.0	0.0	1.0	1.0	1.0	1.0	1.0	1.0	0.0	1.0	1.0	1.0	1.0	0.0	1.0	1.0	1.0
bs	0.0	1.0	0.0	0.0	1.0	1.0	1.0	1.0	1.0	1.0	1.0	1.0	1.0	0.0	1.0	1.0	1.0	0.0	0.0	0.0	0.0	1.0	1.0	1.0	1.0	1.0	1.0	0.0	0.0	1.0	1.0	0.0	1.0	0.6640237664404941	1.0
ceb	0.0	0.0	1.0	0.0	0.0	1.0	0.0	1.0	1.0	1.0	0.0	0.0	0.0	0.0	0.0	1.0	0.0	0.0	0.0	0.0	0.0	1.0	1.0	1.0	0.0	0.0	0.0	0.0	0.0	0.0	1.0	0.0	0.0	1.0	0.0
ckb	0.0	0.0	0.0	1.0	0.0	1.0	0.0	1.0	1.0	1.0	1.0	0.0	0.0	0.0	1.0	1.0	0.0	0.0	0.0	0.0	0.0	1.0	0.0	0.0	0.0	1.0	1.0	0.0	1.0	0.0	0.0	0.0	1.0	0.7510341748895938	0.0
da	1.0	1.0	0.0	0.0	1.0	1.0	1.0	0.40352747626729124	1.0	1.0	1.0	1.0	1.0	1.0	1.0	1.0	1.0	1.0	1.0	1.0	1.0	1.0	0.7411828468492556	1.0	0.8755395908437883	1.0	1.0	1.0	1.0	1.0	1.0	0.0	1.0	0.7292679407387131	1.0
de	1.0	1.0	1.0	1.0	1.0	1.0	1.0	0.13093159637776783	0.352975721896888	0.3026317706177302	1.0	0.0	0.7280991208898608	1.0	0.4920232317820877	0.6383829424521855	0.7322034805959264	1.0	1.0	1.0	1.0	0.520968801283727	0.5852532531850113	0.6475250169846578	0.3607554286091024	0.3932393163583629	1.0	1.0	1.0	1.0	0.4867535796385249	0.0	1.0	0.7510341748895937	0.718925811717485
el	1.0	1.0	0.0	0.0	1.0	1.0	1.0	0.7347168825662656	1.0	1.0	1.0	0.0	1.0	1.0	1.0	1.0	1.0	1.0	1.0	1.0	1.0	1.0	1.0	1.0	0.7863954451402115	1.0	0.0	1.0	1.0	1.0	1.0	0.0	1.0	0.6994017365373274	1.0
en	1.0	1.0	1.0	1.0	0.40352747626729124	0.13093159637776783	0.7347168825662656	1.0	0.12942710133674157	0.1496465144513424	0.32904557221009606	1.0	0.7280991208898608	0.5233281346841647	0.2585573936755638	0.34366345053082803	0.661251134120194	1.0	1.0	0.7942219112853846	1.0	0.24580160972036405	0.36763393156081864	0.41097955153579296	0.40086377123037187	0.2356236339517021	1.0	1.0	0.7322034805959264	1.0	0.3169018853749489	1.0	1.0	0.6236815385159508	0.5272567253330308
es	1.0	1.0	1.0	1.0	1.0	0.352975721896888	1.0	0.12942710133674157	1.0	0.37491945669298726	1.0	1.0	1.0	1.0	0.45519324470623684	1.0	1.0	1.0	1.0	1.0	1.0	0.48978614326187964	0.7849099117830907	0.7116768074483946	0.5050512703886612	0.7057511910252481	1.0	1.0	1.0	1.0	1.0	0.0	1.0	0.6994017365373274	1.0
fr	1.0	1.0	1.0	1.0	1.0	0.3026317706177302	1.0	0.1496465144513424	0.37491945669298726	1.0	1.0	1.0	0.7322034805959262	1.0	0.47966748952803107	0.7096516635440986	1.0	1.0	1.0	1.0	1.0	0.4615349007595096	0.585810453088455	0.7122412578101113	0.3628956489406609	1.0	1.0	1.0	0.7411828468492555	1.0	0.7067849872559716	1.0	1.0	0.6994017365373274	1.0
he	1.0	1.0	0.0	1.0	1.0	1.0	1.0	0.32904557221009606	1.0	1.0	1.0	0.0	1.0	1.0	1.0	1.0	1.0	1.0	1.0	1.0	1.0	1.0	1.0	1.0	0.49917053460588845	1.0	1.0	1.0	1.0	1.0	1.0	0.0	1.0	0.6994017365373274	1.0
hi	0.0	1.0	0.0	0.0	1.0	0.0	0.0	1.0	1.0	1.0	0.0	1.0	0.0	1.0	0.0	1.0	0.0	0.0	0.0	1.0	1.0	1.0	0.0	0.0	0.0	1.0	1.0	0.0	1.0	1.0	1.0	1.0	0.0	0.7510341748895938	0.0
hu	1.0	1.0	0.0	0.0	1.0	0.7280991208898608	1.0	0.7280991208898608	1.0	0.7322034805959262	1.0	0.0	1.0	1.0	1.0	1.0	1.0	1.0	1.0	1.0	1.0	1.0	1.0	1.0	0.4041899035845848	1.0	1.0	1.0	1.0	1.0	1.0	0.0	1.0	0.36019831524089624	1.0
id	1.0	0.0	0.0	0.0	1.0	1.0	1.0	0.5233281346841647	1.0	1.0	1.0	1.0	1.0	1.0	0.7411828468492555	1.0	1.0	1.0	1.0	1.0	1.0	0.7411828468492556	1.0	1.0	1.0	1.0	1.0	1.0	0.7584325078215765	1.0	1.0	0.0	1.0	0.5033162653565172	1.0
it	1.0	1.0	0.0	1.0	1.0	0.4920232317820877	1.0	0.2585573936755638	0.45519324470623684	0.47966748952803107	1.0	0.0	1.0	0.7411828468492555	1.0	0.6167131210802119	0.7376607345031153	1.0	1.0	1.0	1.0	0.5980572671881896	1.0	0.6291358608399945	0.6007995621768387	0.5750777710893752	0.7510341748895938	1.0	1.0	1.0	0.5810839447022058	0.0	1.0	0.6392684400218955	0.7300208629885034
ja	1.0	1.0	1.0	1.0	1.0	0.6383829424521855	1.0	0.34366345053082803	1.0	0.7096516635440986	1.0	1.0	1.0	1.0	0.6167131210802119	1.0	1.0	1.0	1.0	1.0	1.0	0.6549329476340924	0.7210092110599264	1.0	0.6749425530123799	1.0	1.0	1.0	1.0	1.0	1.0	0.0	1.0	0.6994017365373274	1.0
ko	1.0	1.0	0.0	0.0	1.0	0.7322034805959264	1.0	0.661251134120194	1.0	1.0	1.0	0.0	1.0	1.0	0.7376607345031153	1.0	1.0	1.0	1.0	1.0	1.0	1.0	1.0	1.0	0.7320517592632889	1.0	1.0	1.0	1.0	1.0	1.0	0.0	1.0	0.6994017365373274	1.0
lv	1.0	0.0	0.0	0.0	1.0	1.0	1.0	1.0	1.0	1.0	1.0	0.0	1.0	1.0	1.0	1.0	1.0	1.0	1.0	0.0	1.0	1.0	1.0	1.0	1.0	1.0	0.0	1.0	1.0	1.0	1.0	0.0	1.0	1.0	1.0
mk	1.0	0.0	0.0	0.0	1.0	1.0	1.0	1.0	1.0	1.0	1.0	0.0	1.0	1.0	1.0	1.0	1.0	1.0	1.0	0.0	1.0	1.0	1.0	1.0	1.0	1.0	0.0	1.0	1.0	1.0	1.0	0.0	1.0	1.0	1.0
ml	0.0	0.0	0.0	0.0	1.0	1.0	1.0	0.7942219112853846	1.0	1.0	1.0	1.0	1.0	1.0	1.0	1.0	1.0	0.0	0.0	1.0	1.0	1.0	1.0	1.0	0.0	1.0	1.0	0.0	1.0	0.0	1.0	1.0	1.0	0.7510341748895937	1.0
mr	1.0	0.0	0.0	0.0	1.0	1.0	1.0	1.0	1.0	1.0	1.0	1.0	1.0	1.0	1.0	1.0	1.0	1.0	1.0	1.0	1.0	1.0	1.0	1.0	1.0	1.0	0.0	1.0	1.0	1.0	1.0	0.0	1.0	1.0	1.0
nl	1.0	1.0	1.0	1.0	1.0	0.520968801283727	1.0	0.24580160972036405	0.48978614326187964	0.4615349007595096	1.0	1.0	1.0	0.7411828468492556	0.5980572671881896	0.6549329476340924	1.0	1.0	1.0	1.0	1.0	1.0	0.6008473655896132	0.7300208629885034	0.38008982385558954	0.5743801667867756	1.0	1.0	1.0	1.0	0.6067636116293127	1.0	1.0	0.7292679407387131	1.0
pl	1.0	1.0	1.0	0.0	0.7411828468492556	0.5852532531850113	1.0	0.36763393156081864	0.7849099117830907	0.585810453088455	1.0	0.0	1.0	1.0	1.0	0.7210092110599264	1.0	1.0	1.0	1.0	1.0	0.6008473655896132	1.0	0.7263875964832448	0.3628956489406609	0.7122412578101113	1.0	1.0	1.0	1.0	0.7171176902274347	0.0	1.0	0.729267940738713	1.0
pt	1.0	1.0	1.0	0.0	1.0	0.6475250169846578	1.0	0.41097955153579296	0.7116768074483946	0.7122412578101113	1.0	0.0	1.0	1.0	0.6291358608399945	1.0	1.0	1.0	1.0	1.0	1.0	0.7300208629885034	0.7263875964832448	1.0	1.0	1.0	1.0	1.0	1.0	1.0	1.0	0.0	1.0	0.6994017365373274	1.0
ro	1.0	1.0	0.0	0.0	0.8755395908437883	0.3607554286091024	0.7863954451402115	0.40086377123037187	0.5050512703886612	0.3628956489406609	0.49917053460588845	0.0	0.4041899035845848	1.0	0.6007995621768387	0.6749425530123799	0.7320517592632889	1.0	1.0	0.0	1.0	0.38008982385558954	0.3628956489406609	1.0	1.0	0.5466905734903259	0.0	1.0	1.0	1.0	0.6220922989674865	0.0	0.6972954930026792	0.6994017365373274	0.39001239770722557
ru	1.0	1.0	0.0	1.0	1.0	0.3932393163583629	1.0	0.2356236339517021	0.7057511910252481	1.0	1.0	1.0	1.0	1.0	0.5750777710893752	1.0	1.0	1.0	1.0	1.0	1.0	0.5743801667867756	0.7122412578101113	1.0	0.5466905734903259	1.0	1.0	1.0	0.7584325078215765	1.0	1.0	1.0	1.0	0.6994017365373274	1.0
sh	0.0	1.0	0.0	1.0	1.0	1.0	0.0	1.0	1.0	1.0	1.0	1.0	1.0	1.0	0.7510341748895938	1.0	1.0	0.0	0.0	1.0	0.0	1.0	1.0	1.0	0.0	1.0	1.0	0.0	1.0	1.0	1.0	0.0	1.0	0.6994017365373274	1.0
si	1.0	0.0	0.0	0.0	1.0	1.0	1.0	1.0	1.0	1.0	1.0	0.0	1.0	1.0	1.0	1.0	1.0	1.0	1.0	0.0	1.0	1.0	1.0	1.0	1.0	1.0	0.0	1.0	1.0	1.0	1.0	0.0	1.0	1.0	1.0
simple	1.0	0.0	0.0	1.0	1.0	1.0	1.0	0.7322034805959264	1.0	0.7411828468492555	1.0	1.0	1.0	0.7584325078215765	1.0	1.0	1.0	1.0	1.0	1.0	1.0	1.0	1.0	1.0	1.0	0.7584325078215765	1.0	1.0	1.0	1.0	1.0	0.0	1.0	0.6236815385159509	1.0
sr	1.0	1.0	0.0	0.0	1.0	1.0	1.0	1.0	1.0	1.0	1.0	1.0	1.0	1.0	1.0	1.0	1.0	1.0	1.0	0.0	1.0	1.0	1.0	1.0	1.0	1.0	1.0	1.0	1.0	1.0	1.0	0.0	1.0	0.6994017365373274	1.0
sv	1.0	1.0	1.0	0.0	1.0	0.4867535796385249	1.0	0.3169018853749489	1.0	0.7067849872559716	1.0	1.0	1.0	1.0	0.5810839447022058	1.0	1.0	1.0	1.0	1.0	1.0	0.6067636116293127	0.7171176902274347	1.0	0.6220922989674865	1.0	1.0	1.0	1.0	1.0	1.0	0.0	1.0	0.6994017365373274	1.0
te	0.0	0.0	0.0	0.0	0.0	0.0	0.0	1.0	0.0	1.0	0.0	1.0	0.0	0.0	0.0	0.0	0.0	0.0	0.0	1.0	0.0	1.0	0.0	0.0	0.0	1.0	0.0	0.0	0.0	0.0	0.0	1.0	0.0	1.0	0.0
vi	1.0	1.0	0.0	1.0	1.0	1.0	1.0	1.0	1.0	1.0	1.0	0.0	1.0	1.0	1.0	1.0	1.0	1.0	1.0	1.0	1.0	1.0	1.0	1.0	0.6972954930026792	1.0	1.0	1.0	1.0	1.0	1.0	0.0	1.0	0.6247432806062336	1.0
war	1.0	0.6640237664404941	1.0	0.7510341748895938	0.7292679407387131	0.7510341748895937	0.6994017365373274	0.6236815385159508	0.6994017365373274	0.6994017365373274	0.6994017365373274	0.7510341748895938	0.36019831524089624	0.5033162653565172	0.6392684400218955	0.6994017365373274	0.6994017365373274	1.0	1.0	0.7510341748895937	1.0	0.7292679407387131	0.729267940738713	0.6994017365373274	0.6994017365373274	0.6994017365373274	0.6994017365373274	1.0	0.6236815385159509	0.6994017365373274	0.6994017365373274	1.0	0.6247432806062336	1.0	0.6994017365373274
zh	1.0	1.0	0.0	0.0	1.0	0.718925811717485	1.0	0.5272567253330308	1.0	1.0	1.0	0.0	1.0	1.0	0.7300208629885034	1.0	1.0	1.0	1.0	1.0	1.0	1.0	1.0	1.0	0.39001239770722557	1.0	1.0	1.0	1.0	1.0	1.0	0.0	1.0	0.6994017365373274	1.0
