arz	bs	ceb	ckb	da	de	el	en	es	fr	he	hi	hu	id	it	ja	ko	lv	mk	ml	mr	nl	pl	pt	ro	ru	sh	si	simple	sr	sv	te	vi	war	zh
arz	1.0	0.5851309836692862	1.0	1.0	0.45527309608365135	0.6284056874597399	1.0	0.3505627129620168	0.4589311745659958	0.5060877748471915	1.0	1.0	0.39526266699605034	0.40946848423829546	0.4010409274365065	1.0	1.0	1.0	1.0	1.0	1.0	0.5322505942463408	0.46646033523438596	0.45201280849490894	0.39551363306621357	1.0	0.4680731450417208	1.0	1.0	1.0	0.4706672030166343	1.0	0.4484085591980855	1.0	1.0
bs	0.5851309836692862	1.0	0.5548846596850187	0.7347168825662656	0.24815139965961125	0.26729063861130975	0.3549972765569338	0.22204546309281878	0.30410412674270115	0.2899858606353302	0.34615231107412614	0.38110614522501884	0.30932129597447294	0.2647491542835681	0.21148174909665024	0.32426496450345543	0.35050375484422563	0.30483987433516907	0.39714910072294846	0.3847912769435355	0.640384748425692	0.31791558765734657	0.32497670318221866	0.31941817478712037	0.33623189449853846	0.3256103902853303	0.2512618333838346	1.0	0.27717422386508245	0.33588784066308386	0.29293333711740477	1.0	0.31534780831275033	0.39543090369773	0.3256103902853303
ceb	1.0	0.5548846596850187	1.0	1.0	0.20713623252921276	0.25646065796580364	1.0	0.1264479300086057	0.2618713947698862	0.16676276034819792	1.0	1.0	0.18686397261151	0.2330817711267497	0.18490661323655375	1.0	0.6991983135554167	0.5301241991063451	1.0	1.0	1.0	0.2272076106591616	0.24416015080431502	0.2088665194870528	0.23753348590200046	0.6912453074616125	0.19467408261533092	1.0	0.3721815172615818	0.6982344021713169	0.124549720889386	1.0	0.2559860288307163	0.7079259635809066	1.0
ckb	1.0	0.7347168825662656	1.0	1.0	0.5672595898114167	1.0	1.0	0.5743256112390801	1.0	0.5530765054389214	1.0	1.0	0.7199285383279772	0.5431396268411652	0.37740233388976563	1.0	1.0	1.0	1.0	1.0	1.0	0.718925811717485	0.7199285383279772	1.0	0.6167131210802119	1.0	0.6023380116311116	1.0	0.728099120889861	1.0	1.0	1.0	0.5828763145002701	1.0	1.0
da	0.45527309608365135	0.24815139965961125	0.20713623252921276	0.5672595898114167	1.0	0.11941002375278648	0.1626025997542206	0.09038370687814337	0.11694573642753145	0.10935686267106055	0.1296731416645612	0.22907681228675428	0.11529373886571731	0.11635462768614983	0.09832185200690984	0.13757705858998812	0.14588762456790766	0.20752438018700453	0.22792375890862368	0.2092510641681642	0.3559247479977843	0.10904514643433802	0.11605193779215277	0.11006804528640096	0.1346366645250636	0.12285717287737857	0.11540996458425322	0.40105550461749023	0.16468711922606083	0.14135466449619266	0.1074114125175019	0.5438956863645361	0.1278754690036323	0.23004935112016364	0.1363095460965535
de	0.6284056874597399	0.26729063861130975	0.25646065796580364	1.0	0.11941002375278648	1.0	0.22239333386600219	0.056250262063226614	0.06978869120692228	0.053870255254840224	0.2100229981761607	0.5138351530701017	0.09295759651227481	0.09534368623275835	0.05761583962082861	0.17436576595471642	0.24794078318718749	0.3584642509345067	0.3708681380490566	0.47470181050472005	1.0	0.0665991540945782	0.0781945289861205	0.06974006005496737	0.12048918204257607	0.10720714162125738	0.08863780160182284	1.0	0.18633241178545173	0.2468910018290222	0.07294498444132562	1.0	0.12320136444095489	0.5759704625845868	0.14403379190112084
el	1.0	0.3549972765569338	1.0	1.0	0.1626025997542206	0.22239333386600219	1.0	0.10489751535685453	0.17681202690892678	0.1337854727403888	1.0	1.0	0.1381977185817118	0.16955922494953019	0.10264806621586928	1.0	1.0	0.4560211280746282	1.0	1.0	1.0	0.148478463766738	0.17234707021136478	0.1481789487502695	0.16965286446463743	0.6094780001170641	0.12240853489461974	1.0	0.3068680673933008	0.6926859289439793	0.15006821439092713	1.0	0.21057580281784463	0.7039424865283902	1.0
en	0.3505627129620168	0.22204546309281878	0.1264479300086057	0.5743256112390801	0.09038370687814337	0.056250262063226614	0.10489751535685453	1.0	0.06368458542637366	0.05219954087460874	0.10305937530232279	0.19682759934642563	0.07442858962880063	0.07584960926755602	0.05707482719323731	0.09701588548822127	0.11820413781193721	0.17759108475532762	0.1424281021264463	0.1862779370750014	0.40742573981956953	0.061644887931133	0.06821894570705284	0.06066495044509469	0.0955744793425243	0.09077519589981863	0.06866997947253256	0.661251134120194	0.12654787021312316	0.11331636392968755	0.06366665415195133	0.651610424238932	0.0893049455809139	0.2271120578616816	0.09911450170727716
es	0.4589311745659958	0.30410412674270115	0.2618713947698862	1.0	0.11694573642753145	0.06978869120692228	0.17681202690892678	0.06368458542637366	1.0	0.05766409248017062	0.19938691373959339	0.5074058650492701	0.09380550057474517	0.09971244203285924	0.06230657342792262	0.17982707317223143	0.24300785189681445	0.3806949985496097	0.34811627868544986	0.4705628109628036	0.6075043853227896	0.07390708795653088	0.08344304820034588	0.07109482168095577	0.12083258952390817	0.10075985825788396	0.0842058697558666	1.0	0.18559755867012814	0.24968345458149058	0.07779465912861232	1.0	0.12519144319462142	0.5243141178752668	0.17484454111764308
fr	0.5060877748471915	0.2899858606353302	0.16676276034819792	0.5530765054389214	0.10935686267106055	0.053870255254840224	0.1337854727403888	0.05219954087460874	0.05766409248017062	1.0	0.11442371625216599	0.2849135461708402	0.0816868258536024	0.07935080615609567	0.05157186104715937	0.10079190180769368	0.1382592338212995	0.22438951800467752	0.21942518375312098	0.25795013049274007	0.5707686735827487	0.0598131372434422	0.06594207423098496	0.05681562677669875	0.11038217690226314	0.07284975184134812	0.07233292990855834	1.0	0.16679814454903616	0.14129850041209607	0.06354118118756907	1.0	0.10124383150968146	0.3480290590042213	0.10747265421648221
he	1.0	0.34615231107412614	1.0	1.0	0.1296731416645612	0.2100229981761607	1.0	0.10305937530232279	0.19938691373959339	0.11442371625216599	1.0	1.0	0.12712418830419248	0.13237501989958694	0.10302549681570998	1.0	1.0	0.3778519712808162	1.0	1.0	1.0	0.14051881718981343	0.15590013332770386	0.13490635631626152	0.15247231438939943	0.6866280438138876	0.1267470814693455	1.0	0.24286355942275364	0.5651109647100606	0.12431405865002193	1.0	0.1597311900550037	0.7026445955663438	1.0
hi	1.0	0.38110614522501884	1.0	1.0	0.22907681228675428	0.5138351530701017	1.0	0.19682759934642563	0.5074058650492701	0.2849135461708402	1.0	1.0	0.21603842083036964	0.3445602024979437	0.29130351521964293	1.0	1.0	0.6583544890648855	1.0	1.0	1.0	0.37812071740093117	0.3555546232957894	0.3129798469975273	0.31680853965628153	1.0	0.33249203311800685	1.0	0.40163410680439854	0.7014961547481128	0.3323080028130747	1.0	0.29871076870863367	1.0	1.0
hu	0.39526266699605034	0.30932129597447294	0.18686397261151	0.7199285383279772	0.11529373886571731	0.09295759651227481	0.1381977185817118	0.07442858962880063	0.09380550057474517	0.0816868258536024	0.12712418830419248	0.21603842083036964	1.0	0.09210613846231243	0.07784011721880771	0.11925938842834201	0.13891601829961006	0.20247412015699606	0.2510048791012741	0.25821504578733684	0.37276474404438115	0.09259155557067894	0.0994175013025316	0.08612251177208824	0.11415269109947182	0.10765820249123602	0.09016574704931628	0.6667969795412325	0.16493400745806525	0.14948499608711133	0.0830910970431198	0.5913800870748354	0.11033427894574602	0.3745739585057011	0.1181867968797133
id	0.40946848423829546	0.2647491542835681	0.2330817711267497	0.5431396268411652	0.11635462768614983	0.09534368623275835	0.16955922494953019	0.07584960926755602	0.09971244203285924	0.07935080615609567	0.13237501989958694	0.3445602024979437	0.09210613846231243	1.0	0.07900238166168527	0.1228777763127745	0.137560683908514	0.25092472199530264	0.2819366013841819	0.2254925518853281	0.3159976885924376	0.09785568214256526	0.09896179875125298	0.08839432549466306	0.12862064809341262	0.1069694854190838	0.09987261414865721	1.0	0.18967868227941323	0.15177137593599027	0.09076816091979094	0.728099120889861	0.11354973208975623	0.4067401176991957	0.12202761324099799
it	0.4010409274365065	0.21148174909665024	0.18490661323655375	0.37740233388976563	0.09832185200690984	0.05761583962082861	0.10264806621586928	0.05707482719323731	0.06230657342792262	0.05157186104715937	0.10302549681570998	0.29130351521964293	0.07784011721880771	0.07900238166168527	1.0	0.09670953568478789	0.133709584325373	0.18872013184851236	0.18657074355409217	0.26519738955540695	0.4874217055599832	0.0578797813254259	0.06640052530414058	0.060831893994395536	0.10333137695329331	0.07454111744115362	0.07101231020442189	0.7248485669756152	0.15600736107858934	0.1252234955410541	0.06399444841355267	0.7248485669756152	0.10120770634011571	0.295247828999591	0.09579044798362073
ja	1.0	0.32426496450345543	1.0	1.0	0.13757705858998812	0.17436576595471642	1.0	0.09701588548822127	0.17982707317223143	0.10079190180769368	1.0	1.0	0.11925938842834201	0.1228777763127745	0.09670953568478789	1.0	1.0	0.3750623768501943	1.0	1.0	1.0	0.1260665780076848	0.15687786767134995	0.1226997519285091	0.14091297878943596	0.6072009901790391	0.11036342707313133	1.0	0.23186539621429816	0.5649531737861199	0.10969431205399201	1.0	0.14152741883123932	0.702169013559907	1.0
ko	1.0	0.35050375484422563	0.6991983135554167	1.0	0.14588762456790766	0.24794078318718749	1.0	0.11820413781193721	0.24300785189681445	0.1382592338212995	1.0	1.0	0.13891601829961006	0.137560683908514	0.133709584325373	1.0	1.0	0.4757446067226864	1.0	1.0	1.0	0.1582888551354093	0.20216001512701046	0.16492835374306272	0.16987339953363664	1.0	0.135957680282793	1.0	0.20746782109836745	0.6929178328399928	0.14559820028896417	1.0	0.17139791385414596	0.7042230825271824	1.0
lv	1.0	0.30483987433516907	0.5301241991063451	1.0	0.20752438018700453	0.3584642509345067	0.4560211280746282	0.17759108475532762	0.3806949985496097	0.22438951800467752	0.3778519712808162	0.6583544890648855	0.20247412015699606	0.25092472199530264	0.18872013184851236	0.3750623768501943	0.4757446067226864	1.0	0.5384301862000227	0.432969630756323	0.6463474082678702	0.24670278161701636	0.2954636672580502	0.27149167531144197	0.25163051445965096	0.34718567336465134	0.24509796006618337	1.0	0.36366982423464955	0.4301718009952193	0.243637348243889	1.0	0.25351041978029404	0.5340091969789511	0.4219785319458847
mk	1.0	0.39714910072294846	1.0	1.0	0.22792375890862368	0.3708681380490566	1.0	0.1424281021264463	0.34811627868544986	0.21942518375312098	1.0	1.0	0.2510048791012741	0.2819366013841819	0.18657074355409217	1.0	1.0	0.5384301862000227	1.0	1.0	1.0	0.29481256915194803	0.28970707458923917	0.27823373345730773	0.26548262347491886	1.0	0.30643376505619874	1.0	0.43992745232195685	0.6997218429280765	0.3148861242457955	1.0	0.30607697124268146	0.7091953875376781	1.0
ml	1.0	0.3847912769435355	1.0	1.0	0.2092510641681642	0.47470181050472005	1.0	0.1862779370750014	0.4705628109628036	0.25795013049274007	1.0	1.0	0.25821504578733684	0.2254925518853281	0.26519738955540695	1.0	1.0	0.432969630756323	1.0	1.0	1.0	0.345879277594247	0.37129054456123495	0.3128892944810077	0.2670381388844317	1.0	0.26467644497619947	1.0	0.3924551691549167	0.7008670319311904	0.3007624216249061	1.0	0.27729775069027035	0.7116768074483946	1.0
mr	1.0	0.640384748425692	1.0	1.0	0.3559247479977843	1.0	1.0	0.40742573981956953	0.6075043853227896	0.5707686735827487	1.0	1.0	0.37276474404438115	0.3159976885924376	0.4874217055599832	1.0	1.0	0.6463474082678702	1.0	1.0	1.0	0.35937604760496794	0.5924658130616858	0.5703103187478453	0.4263372891873317	1.0	0.5132900689275776	1.0	0.5188848192311591	1.0	0.4496000881635621	1.0	0.5788125888274642	0.7199285383279772	1.0
nl	0.5322505942463408	0.31791558765734657	0.2272076106591616	0.718925811717485	0.10904514643433802	0.0665991540945782	0.148478463766738	0.061644887931133	0.07390708795653088	0.0598131372434422	0.14051881718981343	0.37812071740093117	0.09259155557067894	0.09785568214256526	0.0578797813254259	0.1260665780076848	0.1582888551354093	0.24670278161701636	0.29481256915194803	0.345879277594247	0.35937604760496794	1.0	0.0833221845246608	0.07219533161721552	0.11936284163564408	0.09830486035706126	0.08167560172043101	1.0	0.16831448887467115	0.16812159247217207	0.07301721507287884	0.7234532828151788	0.11891886409017476	0.40960300234562136	0.12581930880051712
pl	0.46646033523438596	0.32497670318221866	0.24416015080431502	0.7199285383279772	0.11605193779215277	0.0781945289861205	0.17234707021136478	0.06821894570705284	0.08344304820034588	0.06594207423098496	0.15590013332770386	0.3555546232957894	0.0994175013025316	0.09896179875125298	0.06640052530414058	0.15687786767134995	0.20216001512701046	0.2954636672580502	0.28970707458923917	0.37129054456123495	0.5924658130616858	0.0833221845246608	1.0	0.07986940624457647	0.1147697630124905	0.0983683776208748	0.08540930427307775	1.0	0.17112761523405048	0.20266397470576797	0.084378224031739	0.7221793916855703	0.11893868567766537	0.38309147726949655	0.15267901020659744
pt	0.45201280849490894	0.31941817478712037	0.2088665194870528	1.0	0.11006804528640096	0.06974006005496737	0.1481789487502695	0.06066495044509469	0.07109482168095577	0.05681562677669875	0.13490635631626152	0.3129798469975273	0.08612251177208824	0.08839432549466306	0.060831893994395536	0.1226997519285091	0.16492835374306272	0.27149167531144197	0.27823373345730773	0.3128892944810077	0.5703103187478453	0.07219533161721552	0.07986940624457647	1.0	0.1188976976817702	0.09067713983662212	0.0804004483502635	0.612612409469375	0.17180266917962358	0.17143501047013734	0.07112997248400568	1.0	0.10857926834226354	0.4101001541423923	0.13003453635343942
ro	0.39551363306621357	0.33623189449853846	0.23753348590200046	0.6167131210802119	0.1346366645250636	0.12048918204257607	0.16965286446463743	0.0955744793425243	0.12083258952390817	0.11038217690226314	0.15247231438939943	0.31680853965628153	0.11415269109947182	0.12862064809341262	0.10333137695329331	0.14091297878943596	0.16987339953363664	0.25163051445965096	0.26548262347491886	0.2670381388844317	0.4263372891873317	0.11936284163564408	0.1147697630124905	0.1188976976817702	1.0	0.12877354900260732	0.12189041257806928	0.7300208629885035	0.24024496809048526	0.16684920317517088	0.11654966955330238	0.7376607345031153	0.14346535232365865	0.29099124907867613	0.1456296984078857
ru	1.0	0.3256103902853303	0.6912453074616125	1.0	0.12285717287737857	0.10720714162125738	0.6094780001170641	0.09077519589981863	0.10075985825788396	0.07284975184134812	0.6866280438138876	1.0	0.10765820249123602	0.1069694854190838	0.07454111744115362	0.6072009901790391	1.0	0.34718567336465134	1.0	1.0	1.0	0.09830486035706126	0.0983683776208748	0.09067713983662212	0.12877354900260732	1.0	0.09109512118751832	1.0	0.19094720907325768	0.5259101746070559	0.0877571954419023	1.0	0.1343661259130178	0.7014961547481126	0.6079024802260224
sh	0.4680731450417208	0.2512618333838346	0.19467408261533092	0.6023380116311116	0.11540996458425322	0.08863780160182284	0.12240853489461974	0.06866997947253256	0.0842058697558666	0.07233292990855834	0.1267470814693455	0.33249203311800685	0.09016574704931628	0.09987261414865721	0.07101231020442189	0.11036342707313133	0.135957680282793	0.24509796006618337	0.30643376505619874	0.26467644497619947	0.5132900689275776	0.08167560172043101	0.08540930427307775	0.0804004483502635	0.12189041257806928	0.09109512118751832	1.0	1.0	0.1998222261033714	0.13763458327585573	0.08175660164320554	0.6067454105236015	0.12587154104762252	0.36212758125118566	0.11147742648351389
si	1.0	1.0	1.0	1.0	0.40105550461749023	1.0	1.0	0.661251134120194	1.0	1.0	1.0	1.0	0.6667969795412325	1.0	0.7248485669756152	1.0	1.0	1.0	1.0	1.0	1.0	1.0	1.0	0.612612409469375	0.7300208629885035	1.0	1.0	1.0	0.7347168825662657	1.0	0.6291008052842829	1.0	0.394280886381459	1.0	1.0
simple	1.0	0.27717422386508245	0.3721815172615818	0.728099120889861	0.16468711922606083	0.18633241178545173	0.3068680673933008	0.12654787021312316	0.18559755867012814	0.16679814454903616	0.24286355942275364	0.40163410680439854	0.16493400745806525	0.18967868227941323	0.15600736107858934	0.23186539621429816	0.20746782109836745	0.36366982423464955	0.43992745232195685	0.3924551691549167	0.5188848192311591	0.16831448887467115	0.17112761523405048	0.17180266917962358	0.24024496809048526	0.19094720907325768	0.1998222261033714	0.7347168825662657	1.0	0.2590470813468813	0.1814933387537546	1.0	0.21136494127038705	0.4487292157420649	0.218218167430298
sr	1.0	0.33588784066308386	0.6982344021713169	1.0	0.14135466449619266	0.2468910018290222	0.6926859289439793	0.11331636392968755	0.24968345458149058	0.14129850041209607	0.5651109647100606	0.7014961547481128	0.14948499608711133	0.15177137593599027	0.1252234955410541	0.5649531737861199	0.6929178328399928	0.4301718009952193	0.6997218429280765	0.7008670319311904	1.0	0.16812159247217207	0.20266397470576797	0.17143501047013734	0.16684920317517088	0.5259101746070559	0.13763458327585573	1.0	0.2590470813468813	1.0	0.14829598732250937	1.0	0.207359338997674	0.7026445955663437	0.5646463478248767
sv	0.4706672030166343	0.29293333711740477	0.124549720889386	1.0	0.1074114125175019	0.07294498444132562	0.15006821439092713	0.06366665415195133	0.07779465912861232	0.06354118118756907	0.12431405865002193	0.3323080028130747	0.0830910970431198	0.09076816091979094	0.06399444841355267	0.10969431205399201	0.14559820028896417	0.243637348243889	0.3148861242457955	0.3007624216249061	0.4496000881635621	0.07301721507287884	0.084378224031739	0.07112997248400568	0.11654966955330238	0.0877571954419023	0.08175660164320554	0.6291008052842829	0.1814933387537546	0.14829598732250937	1.0	0.7263875964832448	0.10824862607687674	0.3947302075880523	0.11578112514151506
te	1.0	1.0	1.0	1.0	0.5438956863645361	1.0	1.0	0.651610424238932	1.0	1.0	1.0	1.0	0.5913800870748354	0.728099120889861	0.7248485669756152	1.0	1.0	1.0	1.0	1.0	1.0	0.7234532828151788	0.7221793916855703	1.0	0.7376607345031153	1.0	0.6067454105236015	1.0	1.0	1.0	0.7263875964832448	1.0	1.0	1.0	1.0
vi	0.4484085591980855	0.31534780831275033	0.2559860288307163	0.5828763145002701	0.1278754690036323	0.12320136444095489	0.21057580281784463	0.0893049455809139	0.12519144319462142	0.10124383150968146	0.1597311900550037	0.29871076870863367	0.11033427894574602	0.11354973208975623	0.10120770634011571	0.14152741883123932	0.17139791385414596	0.25351041978029404	0.30607697124268146	0.27729775069027035	0.5788125888274642	0.11891886409017476	0.11893868567766537	0.10857926834226354	0.14346535232365865	0.1343661259130178	0.12587154104762252	0.394280886381459	0.21136494127038705	0.207359338997674	0.10824862607687674	1.0	1.0	0.32323432342896935	0.15648604812498673
war	1.0	0.39543090369773	0.7079259635809066	1.0	0.23004935112016364	0.5759704625845868	0.7039424865283902	0.2271120578616816	0.5243141178752668	0.3480290590042213	0.7026445955663438	1.0	0.3745739585057011	0.4067401176991957	0.295247828999591	0.702169013559907	0.7042230825271824	0.5340091969789511	0.7091953875376781	0.7116768074483946	0.7199285383279772	0.40960300234562136	0.38309147726949655	0.4101001541423923	0.29099124907867613	0.7014961547481126	0.36212758125118566	1.0	0.4487292157420649	0.7026445955663437	0.3947302075880523	1.0	0.32323432342896935	1.0	0.7019395434758624
zh	1.0	0.3256103902853303	1.0	1.0	0.1363095460965535	0.14403379190112084	1.0	0.09911450170727716	0.17484454111764308	0.10747265421648221	1.0	1.0	0.1181867968797133	0.12202761324099799	0.09579044798362073	1.0	1.0	0.4219785319458847	1.0	1.0	1.0	0.12581930880051712	0.15267901020659744	0.13003453635343942	0.1456296984078857	0.6079024802260224	0.11147742648351389	1.0	0.218218167430298	0.5646463478248767	0.11578112514151506	1.0	0.15648604812498673	0.7019395434758624	1.0
