arz	bs	ceb	ckb	da	de	el	en	es	fr	he	hi	hu	id	it	ja	ko	lv	mk	ml	mr	nl	pl	pt	ro	ru	sh	si	simple	sr	sv	te	vi	war	zh
arz	1.0	0.4364916731037085	1.0	0.585786437626905	0.32037724101704074	0.25355482027512377	0.252650308587072	0.25511479956321215	0.252650308587072	0.26089986647008057	0.2958163163244893	0.44948974278317805	0.2474401533514073	0.2474401533514073	0.2674788903885893	0.2674788903885893	0.24257131419419417	0.39564392373896007	0.27429188517743175	0.3593409891533642	0.44948974278317805	0.252650308587072	0.2473198046310639	0.2474401533514073	0.24257131419419417	0.23785791825861646	0.2989350844248255	1.0	0.3483314773547883	0.22966848451216434	0.2989350844248255	0.585786437626905	0.2309914769493914	0.2772911362417052	0.2497373861941435
bs	0.4364916731037085	1.0	0.4142135623730951	0.585786437626905	0.3021694792519622	0.4142135623730951	0.44948974278317805	0.30383243470068705	0.4142135623730951	0.44948974278317805	0.25	0.3430703308172536	0.4142135623730951	0.3021694792519622	0.44948974278317805	0.44948974278317805	0.38742588672279304	0.4142135623730951	0.35388936786452296	0.3380788308512194	0.31615407452837835	0.44948974278317805	0.3333333333333333	0.35388936786452296	0.3333333333333333	0.44948974278317805	0.4142135623730951	0.5	0.2766967754673749	0.2553967929896867	0.5	0.585786437626905	0.3660254037844386	0.5	0.28688760861855495
ceb	1.0	0.4142135623730951	1.0	0.5	0.1209549275066304	0.09974287334071683	0.23441237831492112	0.09630135848056653	0.09459462876422785	0.09608245458052538	0.12206674977007331	0.1367845753762838	0.10792378723685372	0.11402199750594824	0.10371967964095814	0.10995333735083573	0.12876748089075485	0.1346877153294977	0.17025921636942778	0.2523618183520124	0.32868324661679194	0.10361397022438217	0.09795557936583657	0.10286260893671166	0.11226757612361864	0.095715467905304	0.1482675827043134	0.585786437626905	0.13224907739184266	0.15281109875920132	0.09616782899366638	1.0	0.12399715693661244	0.39564392373896	0.1277752886432887
ckb	0.585786437626905	0.585786437626905	0.5	1.0	0.4364916731037085	0.4364916731037085	0.4364916731037085	0.40453726661826384	0.4364916731037085	0.40453726661826384	0.3430703308172536	0.4364916731037085	0.3413283892770492	0.40453726661826384	0.40453726661826384	0.4364916731037085	0.40453726661826384	0.3797958971132712	0.5	0.32165089728473717	0.27425701375561684	0.4364916731037085	0.40453726661826384	0.3333333333333333	0.3797958971132712	0.40453726661826384	0.5	1.0	0.40453726661826384	0.4485068563421602	0.4364916731037085	0.5	0.3797958971132712	0.585786437626905	0.3430703308172536
da	0.32037724101704074	0.3021694792519622	0.1209549275066304	0.4364916731037085	1.0	0.05913877396520754	0.12434068419542148	0.05161015967086231	0.0412599388474488	0.040288307039207855	0.06776817503997073	0.08792124255479544	0.07127296575764105	0.05964469614297814	0.045224951272870316	0.05602840666922085	0.05494492936170767	0.13008153041195022	0.17313896789500258	0.11271298225047185	0.12490268203795163	0.05323381206161583	0.05351544406398742	0.04655888920529834	0.05607617058641503	0.04967456363818707	0.12451087049226872	0.31451985913875646	0.06297803522420362	0.07779668725260284	0.039949900580284595	0.39564392373896007	0.05531363699759838	0.585786437626905	0.06412035823242045
de	0.25355482027512377	0.4142135623730951	0.09974287334071683	0.4364916731037085	0.05913877396520754	1.0	0.10534466424540026	0.05943044058281164	0.027102627049031092	0.037237414921488986	0.05255466207008836	0.07130888064087783	0.05721095420332298	0.05000799518970481	0.030554540335455526	0.031545377188019814	0.04517213771568744	0.16665375824550746	0.10732143533352896	0.08508962859331795	0.08695367136050026	0.033721145853922406	0.04852332716014909	0.044417345329405125	0.048303730056246746	0.04099492587995586	0.1098506881715558	0.3333333333333333	0.04876055110204	0.0695090925103068	0.03454156035752445	0.312382456964725	0.0634590267346344	0.40453726661826384	0.05028871413287111
el	0.252650308587072	0.44948974278317805	0.23441237831492112	0.4364916731037085	0.12434068419542148	0.10534466424540026	1.0	0.05506462977090616	0.2612038749637414	0.17279705880372734	0.06704387291068505	0.18253086415304529	0.09082656255034031	0.09193832110382442	0.22901628833426058	0.19110197239803534	0.12808952778859406	0.2857142857142857	0.32449979983983984	0.09061443342286392	0.10270201466143404	0.28172904669025317	0.13021154551784778	0.1731621355286848	0.1409155867112616	0.158785650917082	0.25104895924496956	0.585786437626905	0.0723634903026782	0.12371884312458155	0.18323741079128555	0.26968623182294527	0.18464218557642828	0.585786437626905	0.06375819349420922
en	0.25511479956321215	0.30383243470068705	0.09630135848056653	0.40453726661826384	0.05161015967086231	0.05943044058281164	0.05506462977090616	1.0	0.01775007458894619	0.04162292754161518	0.06521906424229285	0.051015103253827056	0.05971346289571439	0.05416750723767447	0.02259499956308886	0.022220728435851957	0.034853056035508756	0.1432427259937317	0.10512973178151312	0.07394634856467407	0.07623085115410667	0.027144307214957843	0.053329755455576736	0.05035464271889435	0.04574463573198917	0.0501513833650923	0.10423195314987273	0.28436465220442186	0.1010466170596615	0.053840918440413055	0.028979083787299013	0.14254319992673975	0.04023139967674871	0.3726822671238253	0.05979797079123241
es	0.252650308587072	0.4142135623730951	0.09459462876422785	0.4364916731037085	0.0412599388474488	0.027102627049031092	0.2612038749637414	0.01775007458894619	1.0	0.022144983010651976	0.03223904463177622	0.14100376842569412	0.0404044345500839	0.03345785098496915	0.054288329163167254	0.061368389790023854	0.04533673687696835	0.2612038749637414	0.16638962738382324	0.07900188855848556	0.07951203926340003	0.08654036539619406	0.03161627463384918	0.027119164574881723	0.09005316892231961	0.024824990274051228	0.17100799366294794	0.585786437626905	0.036993192342859416	0.051798047461279924	0.05597397909310323	0.30216947925196225	0.11308653522469769	0.585786437626905	0.024562962238019504
fr	0.26089986647008057	0.44948974278317805	0.09608245458052538	0.40453726661826384	0.040288307039207855	0.037237414921488986	0.17279705880372734	0.04162292754161518	0.022144983010651976	1.0	0.03309189454306725	0.07883310494543644	0.0425639637633943	0.03362219891590017	0.03063874577890946	0.029505742154599182	0.03537678756990271	0.2043134457775982	0.12423394096011724	0.07279777553583962	0.06773377509061945	0.04208135037126654	0.034920047784872434	0.033807719602739525	0.05510769921326815	0.03108561666254094	0.14356006598276155	0.3380788308512194	0.03788103425324564	0.0554496848506039	0.03575829159476543	0.2025519956555797	0.06975230651285831	0.5	0.038592511423479636
he	0.2958163163244893	0.25	0.12206674977007331	0.3430703308172536	0.06776817503997073	0.05255466207008836	0.06704387291068505	0.06521906424229285	0.03223904463177622	0.03309189454306725	1.0	0.07613765200832663	0.08812300766634064	0.05659252943339767	0.03720729760857823	0.04131274543157223	0.04790564200599733	0.08903874923772698	0.12628435038863273	0.12170302068665291	0.12267281356828737	0.03897847829160442	0.05267534044821575	0.04915863344845326	0.04824933809974545	0.04995723922199857	0.082507011570896	0.29429805508554946	0.0935078815483431	0.08393664035908015	0.046470620895543525	0.3866297038941519	0.045529026791081194	0.4142135623730951	0.0904446810403539
hi	0.44948974278317805	0.3430703308172536	0.1367845753762838	0.4364916731037085	0.08792124255479544	0.07130888064087783	0.18253086415304529	0.051015103253827056	0.14100376842569412	0.07883310494543644	0.07613765200832663	1.0	0.08882742124533899	0.06175137519419586	0.1236155938101899	0.11673118401546484	0.12129149923384437	0.24660605559646726	0.193373824568466	0.09036613668887283	0.06198773014045504	0.22646721143623746	0.11253958831182329	0.12827239732723908	0.20521309615767264	0.09759038729778526	0.2612038749637415	0.5	0.0700993854527492	0.15846436363874225	0.12858318451593193	0.162232901101684	0.15621394671631847	0.5	0.06104094781255264
hu	0.2474401533514073	0.4142135623730951	0.10792378723685372	0.3413283892770492	0.07127296575764105	0.05721095420332298	0.09082656255034031	0.05971346289571439	0.0404044345500839	0.0425639637633943	0.08812300766634064	0.08882742124533899	1.0	0.06176540355612323	0.047713121523624856	0.046179764082329565	0.049427339143839205	0.15069797309255892	0.12364191590287499	0.13710245198871693	0.11144853956562495	0.04768100425236127	0.06876107602896309	0.04736392329673995	0.0543996365567512	0.04221269822721652	0.07719321629955003	0.29429805508554946	0.10300022317899775	0.09047768769172844	0.04816073184413121	0.35388936786452296	0.06355461677652018	0.30383243470068705	0.0802470208505103
id	0.2474401533514073	0.3021694792519622	0.11402199750594824	0.40453726661826384	0.05964469614297814	0.05000799518970481	0.09193832110382442	0.05416750723767447	0.03345785098496915	0.03362219891590017	0.05659252943339767	0.06175137519419586	0.06176540355612323	1.0	0.037580543561433304	0.03834789084644044	0.0432402501502609	0.15986811740633905	0.13080339521421763	0.09292614725164819	0.08314208722450828	0.06068171536033845	0.049727351422474766	0.04115691378594869	0.06537170360907228	0.03718216853970515	0.15114875492820265	0.27013511384464434	0.053446303137667676	0.07517200729411025	0.043391057115924184	0.25355482027512377	0.05553420562792875	0.5	0.041513128279157374
it	0.2674788903885893	0.44948974278317805	0.10371967964095814	0.40453726661826384	0.045224951272870316	0.030554540335455526	0.22901628833426058	0.02259499956308886	0.054288329163167254	0.03063874577890946	0.03720729760857823	0.1236155938101899	0.047713121523624856	0.037580543561433304	1.0	0.041713926209479384	0.0599250715901544	0.2222222222222222	0.13123976512238628	0.07967037017797925	0.08595181911372354	0.06622462360019926	0.035510995501085954	0.03446220120048241	0.04644641056663831	0.032456698963072655	0.16187105226034362	0.5	0.04232631485534962	0.05328443691526005	0.030277016879539483	0.32037724101704074	0.07620463920343186	0.5	0.02923559618626918
ja	0.2674788903885893	0.44948974278317805	0.10995333735083573	0.4364916731037085	0.05602840666922085	0.031545377188019814	0.19110197239803534	0.022220728435851957	0.061368389790023854	0.029505742154599182	0.04131274543157223	0.11673118401546484	0.046179764082329565	0.03834789084644044	0.041713926209479384	1.0	0.04517826728357395	0.28172904669025317	0.13858838968789766	0.0805482221810703	0.07404107780993624	0.08967157166716598	0.042921197205011835	0.04826600580766092	0.06962462249401838	0.035644937236831646	0.20942771453851886	0.585786437626905	0.03713820484303797	0.0697458914793596	0.05230252762909434	0.2989350844248255	0.09505666638812542	0.44948974278317805	0.028697906104751498
ko	0.24257131419419417	0.38742588672279304	0.12876748089075485	0.40453726661826384	0.05494492936170767	0.04517213771568744	0.12808952778859406	0.034853056035508756	0.04533673687696835	0.03537678756990271	0.04790564200599733	0.12129149923384437	0.049427339143839205	0.0432402501502609	0.0599250715901544	0.04517826728357395	1.0	0.21238501982018376	0.139263840218951	0.11904881184697298	0.09598838591999406	0.09763427152158978	0.04786780976157388	0.06517645213879096	0.08882778278026968	0.042256747302665036	0.17992122144337835	0.5	0.04472183323975686	0.07950576240827506	0.058828349006606016	0.3726822671238253	0.08041700784882126	0.3483314773547883	0.03334234443228072
lv	0.39564392373896007	0.4142135623730951	0.1346877153294977	0.3797958971132712	0.13008153041195022	0.16665375824550746	0.2857142857142857	0.1432427259937317	0.2612038749637414	0.2043134457775982	0.08903874923772698	0.24660605559646726	0.15069797309255892	0.15986811740633905	0.2222222222222222	0.28172904669025317	0.21238501982018376	1.0	0.25824569976124334	0.16113177224681124	0.1771765729844204	0.2303268468157938	0.17013179947768944	0.22279522447783562	0.16754638558801468	0.15763804693747227	0.2791745113185196	0.5	0.09843755507317843	0.1099685364410005	0.21393876913398135	0.3333333333333333	0.21074679133352736	0.585786437626905	0.10381347934921284
mk	0.27429188517743175	0.35388936786452296	0.17025921636942778	0.5	0.17313896789500258	0.10732143533352896	0.32449979983983984	0.10512973178151312	0.16638962738382324	0.12423394096011724	0.12628435038863273	0.193373824568466	0.12364191590287499	0.13080339521421763	0.13123976512238628	0.13858838968789766	0.139263840218951	0.25824569976124334	1.0	0.19456667288126636	0.2393445897420081	0.12728269963799263	0.11853925539816973	0.1628811542757335	0.12049534565703109	0.12974344362609086	0.2051800868164859	0.3950325357559503	0.14764235492704497	0.12716532617301815	0.13777278039754223	0.5	0.15734996690171907	0.5	0.1208983265126272
ml	0.3593409891533642	0.3380788308512194	0.2523618183520124	0.32165089728473717	0.11271298225047185	0.08508962859331795	0.09061443342286392	0.07394634856467407	0.07900188855848556	0.07279777553583962	0.12170302068665291	0.09036613668887283	0.13710245198871693	0.09292614725164819	0.07967037017797925	0.0805482221810703	0.11904881184697298	0.16113177224681124	0.19456667288126636	1.0	0.1081631434300902	0.09345074966706088	0.09963185719481114	0.0944114638337225	0.10645939454731353	0.07055625058863393	0.18888383993331606	0.5	0.11870708976491356	0.13228388527345625	0.08225564737448933	0.1440333046595698	0.1245829198371796	0.34833147735478825	0.10827067952539035
mr	0.44948974278317805	0.31615407452837835	0.32868324661679194	0.27425701375561684	0.12490268203795163	0.08695367136050026	0.10270201466143404	0.07623085115410667	0.07951203926340003	0.06773377509061945	0.12267281356828737	0.06198773014045504	0.11144853956562495	0.08314208722450828	0.08595181911372354	0.07404107780993624	0.09598838591999406	0.1771765729844204	0.2393445897420081	0.1081631434300902	1.0	0.09316976741268349	0.08869515099759154	0.09187393552147308	0.10334707728748821	0.06532373360800275	0.15511784463218828	0.2239762552453112	0.12947294043356758	0.16427192777625207	0.07452256193658018	0.1026029640956141	0.1348243476183272	0.40453726661826384	0.1114897050208299
nl	0.252650308587072	0.44948974278317805	0.10361397022438217	0.4364916731037085	0.05323381206161583	0.033721145853922406	0.28172904669025317	0.027144307214957843	0.08654036539619406	0.04208135037126654	0.03897847829160442	0.22646721143623746	0.04768100425236127	0.06068171536033845	0.06622462360019926	0.08967157166716598	0.09763427152158978	0.2303268468157938	0.12728269963799263	0.09345074966706088	0.09316976741268349	1.0	0.04075336346750491	0.057776622557009195	0.07519970288121325	0.04044179025745803	0.1477240752770679	0.5	0.04183831828957098	0.05749538614715099	0.08286842717005527	0.3164309725825328	0.12512863574521385	0.5	0.03442741260727998
pl	0.2473198046310639	0.3333333333333333	0.09795557936583657	0.40453726661826384	0.05351544406398742	0.04852332716014909	0.13021154551784778	0.053329755455576736	0.03161627463384918	0.034920047784872434	0.05267534044821575	0.11253958831182329	0.06876107602896309	0.049727351422474766	0.035510995501085954	0.042921197205011835	0.04786780976157388	0.17013179947768944	0.11853925539816973	0.09963185719481114	0.08869515099759154	0.04075336346750491	1.0	0.042905748736214215	0.05099048762834404	0.04021712182098966	0.11423164007346176	0.4142135623730951	0.06282659650018492	0.06207247889463449	0.037300707597824306	0.3380788308512194	0.06066709598444389	0.5	0.06202968032931607
pt	0.2474401533514073	0.35388936786452296	0.10286260893671166	0.3333333333333333	0.04655888920529834	0.044417345329405125	0.1731621355286848	0.05035464271889435	0.027119164574881723	0.033807719602739525	0.04915863344845326	0.12827239732723908	0.04736392329673995	0.04115691378594869	0.03446220120048241	0.04826600580766092	0.06517645213879096	0.22279522447783562	0.1628811542757335	0.0944114638337225	0.09187393552147308	0.057776622557009195	0.042905748736214215	1.0	0.06643233206992073	0.03748207364866586	0.14960303486192722	0.44948974278317805	0.042559293732721964	0.054568938410930905	0.049195997056104356	0.3333333333333333	0.11344760265700468	0.44948974278317805	0.046772172510030637
ro	0.24257131419419417	0.3333333333333333	0.11226757612361864	0.3797958971132712	0.05607617058641503	0.048303730056246746	0.1409155867112616	0.04574463573198917	0.09005316892231961	0.05510769921326815	0.04824933809974545	0.20521309615767264	0.0543996365567512	0.06537170360907228	0.04644641056663831	0.06962462249401838	0.08882778278026968	0.16754638558801468	0.12049534565703109	0.10645939454731353	0.10334707728748821	0.07519970288121325	0.05099048762834404	0.06643233206992073	1.0	0.048276648322816335	0.13570621520933052	0.5	0.058481263031139354	0.05815625806526821	0.04895597546985769	0.3726822671238253	0.10115125191501925	0.38742588672279304	0.0489143087947719
ru	0.23785791825861646	0.44948974278317805	0.095715467905304	0.40453726661826384	0.04967456363818707	0.04099492587995586	0.158785650917082	0.0501513833650923	0.024824990274051228	0.03108561666254094	0.04995723922199857	0.09759038729778526	0.04221269822721652	0.03718216853970515	0.032456698963072655	0.035644937236831646	0.042256747302665036	0.15763804693747227	0.12974344362609086	0.07055625058863393	0.06532373360800275	0.04044179025745803	0.04021712182098966	0.03748207364866586	0.048276648322816335	1.0	0.13407865721359222	0.5	0.03955031917146664	0.05537876475481357	0.03297288305632299	0.28960960751659687	0.05372966425005215	0.3726822671238253	0.040422538469198604
sh	0.2989350844248255	0.4142135623730951	0.1482675827043134	0.5	0.12451087049226872	0.1098506881715558	0.25104895924496956	0.10423195314987273	0.17100799366294794	0.14356006598276155	0.082507011570896	0.2612038749637415	0.07719321629955003	0.15114875492820265	0.16187105226034362	0.20942771453851886	0.17992122144337835	0.2791745113185196	0.2051800868164859	0.18888383993331606	0.15511784463218828	0.1477240752770679	0.11423164007346176	0.14960303486192722	0.13570621520933052	0.13407865721359222	1.0	0.4356120478348471	0.09302550330014189	0.08760434649631156	0.16465093128963354	0.5	0.1918990150495576	0.585786437626905	0.07085457536162548
si	1.0	0.5	0.585786437626905	1.0	0.31451985913875646	0.3333333333333333	0.585786437626905	0.28436465220442186	0.585786437626905	0.3380788308512194	0.29429805508554946	0.5	0.29429805508554946	0.27013511384464434	0.5	0.585786437626905	0.5	0.5	0.3950325357559503	0.5	0.2239762552453112	0.5	0.4142135623730951	0.44948974278317805	0.5	0.5	0.4356120478348471	1.0	0.3139485079232126	0.2989350844248255	0.44948974278317805	0.5	0.585786437626905	1.0	0.1838753050392743
simple	0.3483314773547883	0.2766967754673749	0.13224907739184266	0.40453726661826384	0.06297803522420362	0.04876055110204	0.0723634903026782	0.1010466170596615	0.036993192342859416	0.03788103425324564	0.0935078815483431	0.0700993854527492	0.10300022317899775	0.053446303137667676	0.04232631485534962	0.03713820484303797	0.04472183323975686	0.09843755507317843	0.14764235492704497	0.11870708976491356	0.12947294043356758	0.04183831828957098	0.06282659650018492	0.042559293732721964	0.058481263031139354	0.03955031917146664	0.09302550330014189	0.3139485079232126	1.0	0.09004372922006103	0.04275429055761897	0.236443546256059	0.05205624397290753	0.4142135623730951	0.11197936171887501
sr	0.22966848451216434	0.2553967929896867	0.15281109875920132	0.4485068563421602	0.07779668725260284	0.0695090925103068	0.12371884312458155	0.053840918440413055	0.051798047461279924	0.0554496848506039	0.08393664035908015	0.15846436363874225	0.09047768769172844	0.07517200729411025	0.05328443691526005	0.0697458914793596	0.07950576240827506	0.1099685364410005	0.12716532617301815	0.13228388527345625	0.16427192777625207	0.05749538614715099	0.06207247889463449	0.054568938410930905	0.05815625806526821	0.05537876475481357	0.08760434649631156	0.2989350844248255	0.09004372922006103	1.0	0.0673990780317785	0.28989794855663564	0.07244996279210555	0.38742588672279304	0.07165482413969863
sv	0.2989350844248255	0.5	0.09616782899366638	0.4364916731037085	0.039949900580284595	0.03454156035752445	0.18323741079128555	0.028979083787299013	0.05597397909310323	0.03575829159476543	0.046470620895543525	0.12858318451593193	0.04816073184413121	0.043391057115924184	0.030277016879539483	0.05230252762909434	0.058828349006606016	0.21393876913398135	0.13777278039754223	0.08225564737448933	0.07452256193658018	0.08286842717005527	0.037300707597824306	0.049195997056104356	0.04895597546985769	0.03297288305632299	0.16465093128963354	0.44948974278317805	0.04275429055761897	0.0673990780317785	1.0	0.30216947925196225	0.11516737053472215	0.5	0.03203671691571151
te	0.585786437626905	0.585786437626905	1.0	0.5	0.39564392373896007	0.312382456964725	0.26968623182294527	0.14254319992673975	0.30216947925196225	0.2025519956555797	0.3866297038941519	0.162232901101684	0.35388936786452296	0.25355482027512377	0.32037724101704074	0.2989350844248255	0.3726822671238253	0.3333333333333333	0.5	0.1440333046595698	0.1026029640956141	0.3164309725825328	0.3380788308512194	0.3333333333333333	0.3726822671238253	0.28960960751659687	0.5	0.5	0.236443546256059	0.28989794855663564	0.30216947925196225	1.0	0.37926872769071385	0.44948974278317805	0.30216947925196225
vi	0.2309914769493914	0.3660254037844386	0.12399715693661244	0.3797958971132712	0.05531363699759838	0.0634590267346344	0.18464218557642828	0.04023139967674871	0.11308653522469769	0.06975230651285831	0.045529026791081194	0.15621394671631847	0.06355461677652018	0.05553420562792875	0.07620463920343186	0.09505666638812542	0.08041700784882126	0.21074679133352736	0.15734996690171907	0.1245829198371796	0.1348243476183272	0.12512863574521385	0.06066709598444389	0.11344760265700468	0.10115125191501925	0.05372966425005215	0.1918990150495576	0.585786437626905	0.05205624397290753	0.07244996279210555	0.11516737053472215	0.37926872769071385	1.0	0.38742588672279304	0.04200780851186914
war	0.2772911362417052	0.5	0.39564392373896	0.585786437626905	0.585786437626905	0.40453726661826384	0.585786437626905	0.3726822671238253	0.585786437626905	0.5	0.4142135623730951	0.5	0.30383243470068705	0.5	0.5	0.44948974278317805	0.3483314773547883	0.585786437626905	0.5	0.34833147735478825	0.40453726661826384	0.5	0.5	0.44948974278317805	0.38742588672279304	0.3726822671238253	0.585786437626905	1.0	0.4142135623730951	0.38742588672279304	0.5	0.44948974278317805	0.38742588672279304	1.0	0.38742588672279304
zh	0.2497373861941435	0.28688760861855495	0.1277752886432887	0.3430703308172536	0.06412035823242045	0.05028871413287111	0.06375819349420922	0.05979797079123241	0.024562962238019504	0.038592511423479636	0.0904446810403539	0.06104094781255264	0.0802470208505103	0.041513128279157374	0.02923559618626918	0.028697906104751498	0.03334234443228072	0.10381347934921284	0.1208983265126272	0.10827067952539035	0.1114897050208299	0.03442741260727998	0.06202968032931607	0.046772172510030637	0.0489143087947719	0.040422538469198604	0.07085457536162548	0.1838753050392743	0.11197936171887501	0.07165482413969863	0.03203671691571151	0.30216947925196225	0.04200780851186914	0.38742588672279304	1.0
