arz	bs	ceb	ckb	da	de	el	en	es	fr	he	hi	hu	id	it	ja	ko	lv	mk	ml	mr	nl	pl	pt	ro	ru	sh	si	simple	sr	sv	te	vi	war	zh
arz	1.0	0.5666666666666667	0.5263157894736842	0.56	0.5357142857142857	0.5245901639344263	0.5555555555555556	0.5111359452545106	0.5217391304347826	0.5200315949962343	0.5306122448979592	0.5256410256410257	0.547945205479452	0.5275590551181103	0.5174418604651163	0.5220588235294117	0.5289256198347108	0.5581395348837209	0.5681818181818182	0.5587106676899463	0.5370370370370371	0.5309734513274337	0.5315315315315315	0.5284552845528455	0.5421686746987951	0.5202312138728323	0.5576923076923077	0.5135135135135135	0.5333333333333333	0.5522388059701493	0.5178571428571429	0.5348837209302326	0.5443037974683544	0.625	0.525698815566836
bs	0.5666666666666667	1.0	0.5476190476190476	0.5666666666666667	0.5517241379310345	0.5317460317460317	0.5671641791044776	0.515527950310559	0.5272727272727272	0.5240641711229946	0.55	0.55	0.5512820512820512	0.5343511450381679	0.5227272727272727	0.5285714285714286	0.536	0.5869565217391304	0.56	0.5576923076923077	0.5545310015898252	0.5338983050847458	0.5391304347826087	0.5354330708661417	0.5454545454545455	0.5254237288135593	0.5714285714285714	0.55	0.5425531914893617	0.5555555555555556	0.5294117647058824	0.563467492260062	0.5542168674698795	0.5625	0.5320060685102872
ceb	0.5263157894736842	0.5476190476190476	1.0	0.5405405405405405	0.5741897696212417	0.5584521640806583	0.5394736842105263	0.5203269728409393	0.5433589462129528	0.5359739650521872	0.5692792663705402	0.5619036670881711	0.5855210819411297	0.5440338144100553	0.5350057596313836	0.5403146509341199	0.5455226676657925	0.5926481620405101	0.5636363636363636	0.5448354143019296	0.5417207090358841	0.5568568190404232	0.5586907449209932	0.5475255580317663	0.5627758705247671	0.5371042114970797	0.5645161290322581	0.5208333333333334	0.5571605447791993	0.5512820512820512	0.5398044380943876	0.5178571428571429	0.5568181818181818	0.5384615384615384	0.5413198436422166
ckb	0.56	0.5666666666666667	0.5405405405405405	1.0	0.5357142857142857	0.5289256198347108	0.5384615384615384	0.5109717868338558	0.5185185185185185	0.5191256830601093	0.5306122448979592	0.5394736842105263	0.5405405405405405	0.5234375	0.5174418604651163	0.5220588235294117	0.5245901639344263	0.5714285714285714	0.5555555555555556	0.5531914893617021	0.5499304105775922	0.5263157894736842	0.5267857142857143	0.5241935483870968	0.5357142857142857	0.5172413793103449	0.5471698113207547	0.5277777777777778	0.5274725274725275	0.5471870711998781	0.5178571428571429	0.5476190476190476	0.5375	0.5555555555555556	0.5219459812144032
da	0.5357142857142857	0.5517241379310345	0.5741897696212417	0.5357142857142857	1.0	0.5975108345371709	0.5872466633712309	0.5551994289890047	0.5888807607900512	0.5823748448489864	0.6144392865868556	0.5785054068748867	0.6297054338229393	0.5915372733924071	0.5796089385474861	0.5828571428571429	0.594502534854246	0.5913978494623656	0.5714285714285714	0.5588235294117647	0.5533877261440227	0.5986842105263158	0.620614234940308	0.604404567699837	0.612541773147238	0.5843255796807609	0.5825242718446602	0.5376344086021506	0.6108288960972723	0.5897345132743362	0.5848095621902492	0.5294117647058824	0.6041501304002722	0.5411764705882353	0.5994153394996266
de	0.5245901639344263	0.5317460317460317	0.5584521640806583	0.5289256198347108	0.5975108345371709	1.0	0.5782312925170068	0.5771817129451935	0.6193987087901593	0.6227196214912879	0.6114649681528663	0.5738617946073375	0.601966690290574	0.5997803002563165	0.6035208673227725	0.616757664846703	0.5970945745627039	0.5580337549375574	0.5597014925373135	0.5656957928802588	0.553505624515128	0.6192036174041434	0.6160339101234931	0.6207929428416253	0.6057254391672088	0.605761857815752	0.5642857142857143	0.5307692307692308	0.607579923446008	0.5836663518128316	0.5959392891992616	0.5382539622211243	0.5886075949367089	0.5327868852459017	0.6126094348540752
el	0.5555555555555556	0.5671641791044776	0.5394736842105263	0.5384615384615384	0.5872466633712309	0.5782312925170068	1.0	0.5411764705882353	0.5645161290322581	0.5576923076923077	0.5809755911808385	0.5849056603773585	0.580952380952381	0.567741935483871	0.5612244897959184	0.5750000000000001	0.5666666666666667	0.5769230769230769	0.5679012345679012	0.5875	0.5776246453182002	0.5704225352112676	0.5714285714285714	0.5810810810810811	0.5789473684210527	0.5634517766497462	0.5747126436781609	0.5333333333333333	0.5810140046091118	0.5918367346938775	0.5625	0.5641025641025641	0.5871559633027523	0.5625	0.5696969696969697
en	0.5111359452545106	0.515527950310559	0.5203269728409393	0.5109717868338558	0.5551994289890047	0.5771817129451935	0.5411764705882353	1.0	0.5952491276954366	0.6097957037885064	0.5637577248879272	0.5496936691626957	0.5487086380606556	0.582737347818966	0.5909739685017006	0.5843721534629814	0.5712219710478651	0.5258358662613982	0.525852096090438	0.5295592093301125	0.5336072145710494	0.5714349823486002	0.5686842282083197	0.5758435971899288	0.55559538018798	0.6003697674885955	0.5331114808652246	0.5185185185185185	0.5612716055052894	0.5443889778447564	0.5888213598415368	0.524390243902439	0.5524739859842854	0.5125000000000001	0.5853495548753476
es	0.5217391304347826	0.5272727272727272	0.5433589462129528	0.5185185185185185	0.5888807607900512	0.6193987087901593	0.5645161290322581	0.5952491276954366	1.0	0.6283662477558348	0.5922330097087379	0.5634517766497462	0.5882352941176471	0.5958343243518739	0.6017357762777241	0.6025641025641025	0.5973706955374608	0.5465116279069767	0.5428571428571428	0.5454545454545455	0.5439560439560439	0.6132075471698113	0.607843137254902	0.6136363636363635	0.5835636783695697	0.6164623467600701	0.553072625698324	0.5266272189349113	0.5931059096451834	0.5712465125891227	0.5886016628873771	0.5284090909090908	0.5857869042226584	0.5246913580246914	0.6136797860145204
fr	0.5200315949962343	0.5240641711229946	0.5359739650521872	0.5191256830601093	0.5823748448489864	0.6227196214912879	0.5576923076923077	0.6097957037885064	0.6283662477558348	1.0	0.595403177376208	0.5622119815668203	0.586399687946951	0.6012036108324974	0.5944055944055944	0.6007905138339921	0.6025107051238283	0.5412371134020618	0.5435897435897437	0.5476875548959627	0.5515281636776964	0.6035973585318691	0.5974558883873615	0.6041532212140769	0.5789295569323685	0.611739106382194	0.5509807100016211	0.5263157894736842	0.5840686802018318	0.5627260565822721	0.5814243100002896	0.5306122448979592	0.5770585275867852	0.5217391304347826	0.6224601267205594
he	0.5306122448979592	0.55	0.5692792663705402	0.5306122448979592	0.6144392865868556	0.6114649681528663	0.5809755911808385	0.5637577248879272	0.5922330097087379	0.595403177376208	1.0	0.5697290966807409	0.6022443890274315	0.6018145161290323	0.5791832799103537	0.5872205432395398	0.5934111329133533	0.5756552643269658	0.5639224501264399	0.5541701302299806	0.5456773853452821	0.6025993385195881	0.596844692066708	0.6271916010498687	0.6025532148042627	0.5968886875094397	0.5806211277546859	0.5327102803738317	0.6032265606733692	0.5836805282603569	0.5690107966151152	0.5258620689655172	0.605972701456533	0.5353535353535354	0.6077650572424091
hi	0.5256410256410257	0.55	0.5619036670881711	0.5394736842105263	0.5785054068748867	0.5738617946073375	0.5849056603773585	0.5496936691626957	0.5634517766497462	0.5622119815668203	0.5697290966807409	1.0	0.5797893538286365	0.5817273763639325	0.5550239234449761	0.5759204379928676	0.5652173913043479	0.5795454545454545	0.5652173913043479	0.5888888888888889	0.6181211784324625	0.5646620175378029	0.5695364238410596	0.5644171779141104	0.5714285714285714	0.5625	0.5656565656565656	0.5411764705882353	0.58125	0.5766174801362088	0.5615763546798029	0.5952380952380952	0.5781938325991189	0.5384615384615384	0.5629353636805443
hu	0.547945205479452	0.5512820512820512	0.5855210819411297	0.5405405405405405	0.6297054338229393	0.601966690290574	0.580952380952381	0.5487086380606556	0.5882352941176471	0.586399687946951	0.6022443890274315	0.5797893538286365	1.0	0.5844752491000577	0.5729583015746128	0.5843373493975903	0.5964585274930103	0.5882352941176471	0.5819373634377276	0.5729275970619098	0.5668301098701535	0.6094540923604082	0.613358364377695	0.5987878787878788	0.6182726623840115	0.584568716669113	0.6030130935478782	0.5421686746987951	0.61881749800395	0.5993097650546436	0.5768268226792846	0.5268817204301075	0.5970062105207283	0.5540540540540541	0.6011144319885352
id	0.5275590551181103	0.5343511450381679	0.5440338144100553	0.5234375	0.5915372733924071	0.5997803002563165	0.567741935483871	0.582737347818966	0.5958343243518739	0.6012036108324974	0.6018145161290323	0.5817273763639325	0.5844752491000577	1.0	0.5825363131156535	0.5961538461538461	0.5949729655214667	0.5610552763819096	0.5546053278285659	0.5537012035733778	0.5560877350044763	0.5898872994354856	0.5949191685912241	0.6001427636666468	0.591710182767624	0.604253255749515	0.5578231292517006	0.5255474452554745	0.5918334548960947	0.5763898058893437	0.5739910313901345	0.5390070921985816	0.6045531197301856	0.53125	0.611947547353084
it	0.5174418604651163	0.5227272727272727	0.5350057596313836	0.5174418604651163	0.5796089385474861	0.6035208673227725	0.5612244897959184	0.5909739685017006	0.6017357762777241	0.5944055944055944	0.5791832799103537	0.5550239234449761	0.5729583015746128	0.5825363131156535	1.0	0.6099257718650267	0.5815899581589958	0.5439560439560439	0.5434782608695652	0.5445193233392931	0.5422980185264707	0.5937794533459001	0.5929203539823009	0.5932203389830508	0.5853658536585366	0.6008192990441511	0.5520836644521441	0.5280898876404494	0.5794572357507797	0.5683023595740239	0.615802335052946	0.5268817204301075	0.58128078817734	0.5232558139534884	0.5911976603181397
ja	0.5220588235294117	0.5285714285714286	0.5403146509341199	0.5220588235294117	0.5828571428571429	0.616757664846703	0.5750000000000001	0.5843721534629814	0.6025641025641025	0.6007905138339921	0.5872205432395398	0.5759204379928676	0.5843373493975903	0.5961538461538461	0.6099257718650267	1.0	0.6066607681662469	0.5510204081632653	0.556965269768038	0.5533333333333333	0.5544660846205507	0.596938775510204	0.5999460744662598	0.592394845815904	0.5895953757225434	0.5936753473524087	0.5584415584415584	0.5314685314685315	0.604539398553483	0.573170731707317	0.5988210026047617	0.5369127516778524	0.6052581804425949	0.5294117647058824	0.6046511627906977
ko	0.5289256198347108	0.536	0.5455226676657925	0.5245901639344263	0.594502534854246	0.5970945745627039	0.5666666666666667	0.5712219710478651	0.5973706955374608	0.6025107051238283	0.5934111329133533	0.5652173913043479	0.5964585274930103	0.5949729655214667	0.5815899581589958	0.6066607681662469	1.0	0.5628124667588554	0.5597014925373135	0.544463479208846	0.5472816945576874	0.5851063829787234	0.5873352117310737	0.589186439446241	0.5809594050582342	0.5898102212772659	0.5642857142857143	0.5348837209302326	0.5990963054841854	0.5663200608673599	0.5776829173065411	0.5251798561151079	0.6001514168288989	0.5327868852459017	0.6263019025135398
lv	0.5581395348837209	0.5869565217391304	0.5926481620405101	0.5714285714285714	0.5913978494623656	0.5580337549375574	0.5769230769230769	0.5258358662613982	0.5465116279069767	0.5412371134020618	0.5756552643269658	0.5795454545454545	0.5882352941176471	0.5610552763819096	0.5439560439560439	0.5510204081632653	0.5628124667588554	1.0	0.6034482758620691	0.583554376657825	0.5652173913043479	0.5645161290322581	0.5702479338842975	0.5659958567623556	0.5913978494623656	0.5464480874316939	0.609375	0.5471698113207547	0.5754168552233091	0.6025641025641025	0.5480225988700566	0.540983606557377	0.5959073532718686	0.5681818181818182	0.5539105408020913
mk	0.5681818181818182	0.56	0.5636363636363636	0.5555555555555556	0.5714285714285714	0.5597014925373135	0.5679012345679012	0.525852096090438	0.5428571428571428	0.5435897435897437	0.5639224501264399	0.5652173913043479	0.5819373634377276	0.5546053278285659	0.5434782608695652	0.556965269768038	0.5597014925373135	0.6034482758620691	1.0	0.5606060606060607	0.547945205479452	0.5680000000000001	0.5666923670007711	0.5584547014564174	0.5833333333333333	0.5439544367396804	0.6060606060606061	0.5587044534412956	0.5716461438755671	0.5956354300385109	0.5414364640883979	0.53125	0.5913757700205339	0.5909090909090909	0.5543178185692836
ml	0.5587106676899463	0.5576923076923077	0.5448354143019296	0.5531914893617021	0.5588235294117647	0.5656957928802588	0.5875	0.5295592093301125	0.5454545454545455	0.5476875548959627	0.5541701302299806	0.5888888888888889	0.5729275970619098	0.5537012035733778	0.5445193233392931	0.5533333333333333	0.544463479208846	0.583554376657825	0.5606060606060607	1.0	0.610060478064702	0.5538461538461539	0.56267079613773	0.5531363400725765	0.5672404518558365	0.5492730210016156	0.5586739882041896	0.543859649122807	0.5617138590546206	0.5676901887709633	0.5422265543410151	0.6095791001451379	0.558968058968059	0.5625	0.5414012738853503
mr	0.5370370370370371	0.5545310015898252	0.5417207090358841	0.5499304105775922	0.5533877261440227	0.553505624515128	0.5776246453182002	0.5336072145710494	0.5439560439560439	0.5515281636776964	0.5456773853452821	0.6181211784324625	0.5668301098701535	0.5560877350044763	0.5422980185264707	0.5544660846205507	0.5472816945576874	0.5652173913043479	0.547945205479452	0.610060478064702	1.0	0.549224369529422	0.5561935483870968	0.5453908544636361	0.5555555555555556	0.5541666666666667	0.5569620253164557	0.5483870967741935	0.5598642753271934	0.554710604140262	0.5425531914893617	0.6062474862582116	0.5491730842065395	0.5454545454545455	0.5421967914229638
nl	0.5309734513274337	0.5338983050847458	0.5568568190404232	0.5263157894736842	0.5986842105263158	0.6192036174041434	0.5704225352112676	0.5714349823486002	0.6132075471698113	0.6035973585318691	0.6025993385195881	0.5646620175378029	0.6094540923604082	0.5898872994354856	0.5937794533459001	0.596938775510204	0.5851063829787234	0.5645161290322581	0.5680000000000001	0.5538461538461539	0.549224369529422	1.0	0.6034482758620691	0.6032608695652174	0.6055685689948893	0.6021763602251406	0.5813953488372093	0.5327868852459017	0.599130173965207	0.5866912790959434	0.5872794390377449	0.5267175572519084	0.5933333333333333	0.5350877192982456	0.5956047522655256
pl	0.5315315315315315	0.5391304347826087	0.5586907449209932	0.5267857142857143	0.620614234940308	0.6160339101234931	0.5714285714285714	0.5686842282083197	0.607843137254902	0.5974558883873615	0.596844692066708	0.5695364238410596	0.613358364377695	0.5949191685912241	0.5929203539823009	0.5999460744662598	0.5873352117310737	0.5702479338842975	0.5666923670007711	0.56267079613773	0.5561935483870968	0.6034482758620691	1.0	0.6044688674289871	0.618051013734467	0.6034648700673725	0.5736434108527132	0.5333333333333333	0.6072144288577155	0.5888354561996361	0.5888671042536868	0.53125	0.5968615804470843	0.5357142857142857	0.5943156459211506
pt	0.5284552845528455	0.5354330708661417	0.5475255580317663	0.5241935483870968	0.604404567699837	0.6207929428416253	0.5810810810810811	0.5758435971899288	0.6136363636363635	0.6041532212140769	0.6271916010498687	0.5644171779141104	0.5987878787878788	0.6001427636666468	0.5932203389830508	0.592394845815904	0.589186439446241	0.5659958567623556	0.5584547014564174	0.5531363400725765	0.5453908544636361	0.6032608695652174	0.6044688674289871	1.0	0.6055228610230874	0.6191091997233166	0.5714285714285714	0.5303030303030303	0.6097351945731593	0.5880982751927236	0.5853398354160317	0.5285714285714286	0.5893319179990713	0.532258064516129	0.6103886562339285
ro	0.5421686746987951	0.5454545454545455	0.5627758705247671	0.5357142857142857	0.612541773147238	0.6057254391672088	0.5789473684210527	0.55559538018798	0.5835636783695697	0.5789295569323685	0.6025532148042627	0.5714285714285714	0.6182726623840115	0.591710182767624	0.5853658536585366	0.5895953757225434	0.5809594050582342	0.5913978494623656	0.5833333333333333	0.5672404518558365	0.5555555555555556	0.6055685689948893	0.618051013734467	0.6055228610230874	1.0	0.590308793821375	0.5882352941176471	0.5319148936170213	0.5936577195998061	0.6118451025056948	0.58128078817734	0.5294117647058824	0.6016260162601625	0.5476190476190476	0.5821580126829734
ru	0.5202312138728323	0.5254237288135593	0.5371042114970797	0.5172413793103449	0.5843255796807609	0.605761857815752	0.5634517766497462	0.6003697674885955	0.6164623467600701	0.611739106382194	0.5968886875094397	0.5625	0.584568716669113	0.604253255749515	0.6008192990441511	0.5936753473524087	0.5898102212772659	0.5464480874316939	0.5439544367396804	0.5492730210016156	0.5541666666666667	0.6021763602251406	0.6034648700673725	0.6191091997233166	0.590308793821375	1.0	0.5526315789473684	0.5277777777777778	0.59665709944285	0.5728826881509137	0.5963687363751391	0.532258064516129	0.5835211803624227	0.5229885057471265	0.6061621298235118
sh	0.5576923076923077	0.5714285714285714	0.5645161290322581	0.5471698113207547	0.5825242718446602	0.5642857142857143	0.5747126436781609	0.5331114808652246	0.553072625698324	0.5509807100016211	0.5806211277546859	0.5656565656565656	0.6030130935478782	0.5578231292517006	0.5520836644521441	0.5584415584415584	0.5642857142857143	0.609375	0.6060606060606061	0.5586739882041896	0.5569620253164557	0.5813953488372093	0.5736434108527132	0.5714285714285714	0.5882352941176471	0.5526315789473684	1.0	0.5725741780272654	0.5802400223276585	0.622427551448971	0.5483870967741935	0.5277777777777778	0.5914473684210526	0.5660377358490566	0.5641025641025641
si	0.5135135135135135	0.55	0.5208333333333334	0.5277777777777778	0.5376344086021506	0.5307692307692308	0.5333333333333333	0.5185185185185185	0.5266272189349113	0.5263157894736842	0.5327102803738317	0.5411764705882353	0.5421686746987951	0.5255474452554745	0.5280898876404494	0.5314685314685315	0.5348837209302326	0.5471698113207547	0.5587044534412956	0.543859649122807	0.5483870967741935	0.5327868852459017	0.5333333333333333	0.5303030303030303	0.5319148936170213	0.5277777777777778	0.5725741780272654	1.0	0.5363790797701232	0.5384615384615384	0.5257142857142857	0.5384615384615384	0.5397301349325337	0.5263157894736842	0.5342465753424658
simple	0.5333333333333333	0.5425531914893617	0.5571605447791993	0.5274725274725275	0.6108288960972723	0.607579923446008	0.5810140046091118	0.5612716055052894	0.5931059096451834	0.5840686802018318	0.6032265606733692	0.58125	0.61881749800395	0.5918334548960947	0.5794572357507797	0.604539398553483	0.5990963054841854	0.5754168552233091	0.5716461438755671	0.5617138590546206	0.5598642753271934	0.599130173965207	0.6072144288577155	0.6097351945731593	0.5936577195998061	0.59665709944285	0.5802400223276585	0.5363790797701232	1.0	0.5973519195200072	0.5748745972839607	0.5377358490566038	0.6013722293861463	0.5384615384615384	0.6098079205247188
sr	0.5522388059701493	0.5555555555555556	0.5512820512820512	0.5471870711998781	0.5897345132743362	0.5836663518128316	0.5918367346938775	0.5443889778447564	0.5712465125891227	0.5627260565822721	0.5836805282603569	0.5766174801362088	0.5993097650546436	0.5763898058893437	0.5683023595740239	0.573170731707317	0.5663200608673599	0.6025641025641025	0.5956354300385109	0.5676901887709633	0.554710604140262	0.5866912790959434	0.5888354561996361	0.5880982751927236	0.6118451025056948	0.5728826881509137	0.622427551448971	0.5384615384615384	0.5973519195200072	1.0	0.556648308418568	0.5411764705882353	0.5892857142857143	0.5588235294117647	0.5791530627162419
sv	0.5178571428571429	0.5294117647058824	0.5398044380943876	0.5178571428571429	0.5848095621902492	0.5959392891992616	0.5625	0.5888213598415368	0.5886016628873771	0.5814243100002896	0.5690107966151152	0.5615763546798029	0.5768268226792846	0.5739910313901345	0.615802335052946	0.5988210026047617	0.5776829173065411	0.5480225988700566	0.5414364640883979	0.5422265543410151	0.5425531914893617	0.5872794390377449	0.5888671042536868	0.5853398354160317	0.58128078817734	0.5963687363751391	0.5483870967741935	0.5257142857142857	0.5748745972839607	0.556648308418568	1.0	0.5274725274725275	0.5742574257425742	0.5207100591715976	0.5817318992243724
te	0.5348837209302326	0.563467492260062	0.5178571428571429	0.5476190476190476	0.5294117647058824	0.5382539622211243	0.5641025641025641	0.524390243902439	0.5284090909090908	0.5306122448979592	0.5258620689655172	0.5952380952380952	0.5268817204301075	0.5390070921985816	0.5268817204301075	0.5369127516778524	0.5251798561151079	0.540983606557377	0.53125	0.6095791001451379	0.6062474862582116	0.5267175572519084	0.53125	0.5285714285714286	0.5294117647058824	0.532258064516129	0.5277777777777778	0.5384615384615384	0.5377358490566038	0.5411764705882353	0.5274725274725275	1.0	0.5357811914574747	0.5454545454545455	0.5261570139105035
vi	0.5443037974683544	0.5542168674698795	0.5568181818181818	0.5375	0.6041501304002722	0.5886075949367089	0.5871559633027523	0.5524739859842854	0.5857869042226584	0.5770585275867852	0.605972701456533	0.5781938325991189	0.5970062105207283	0.6045531197301856	0.58128078817734	0.6052581804425949	0.6001514168288989	0.5959073532718686	0.5913757700205339	0.558968058968059	0.5491730842065395	0.5933333333333333	0.5968615804470843	0.5893319179990713	0.6016260162601625	0.5835211803624227	0.5914473684210526	0.5397301349325337	0.6013722293861463	0.5892857142857143	0.5742574257425742	0.5357811914574747	1.0	0.55	0.5948898352157008
war	0.625	0.5625	0.5384615384615384	0.5555555555555556	0.5411764705882353	0.5327868852459017	0.5625	0.5125000000000001	0.5246913580246914	0.5217391304347826	0.5353535353535354	0.5384615384615384	0.5540540540540541	0.53125	0.5232558139534884	0.5294117647058824	0.5327868852459017	0.5681818181818182	0.5909090909090909	0.5625	0.5454545454545455	0.5350877192982456	0.5357142857142857	0.532258064516129	0.5476190476190476	0.5229885057471265	0.5660377358490566	0.5263157894736842	0.5384615384615384	0.5588235294117647	0.5207100591715976	0.5454545454545455	0.55	1.0	0.5285714285714286
zh	0.525698815566836	0.5320060685102872	0.5413198436422166	0.5219459812144032	0.5994153394996266	0.6126094348540752	0.5696969696969697	0.5853495548753476	0.6136797860145204	0.6224601267205594	0.6077650572424091	0.5629353636805443	0.6011144319885352	0.611947547353084	0.5911976603181397	0.6046511627906977	0.6263019025135398	0.5539105408020913	0.5543178185692836	0.5414012738853503	0.5421967914229638	0.5956047522655256	0.5943156459211506	0.6103886562339285	0.5821580126829734	0.6061621298235118	0.5641025641025641	0.5342465753424658	0.6098079205247188	0.5791530627162419	0.5817318992243724	0.5261570139105035	0.5948898352157008	0.5285714285714286	1.0
