arz	bs	ceb	ckb	da	de	el	en	es	fr	he	hi	hu	id	it	ja	ko	lv	mk	ml	mr	nl	pl	pt	ro	ru	sh	si	simple	sr	sv	te	tr	vi	war	zh
arz	1.0	1.0	0.0	1.0	0.585786437626905	1.0	1.0	1.0	1.0	1.0	1.0	1.0	1.0	0.5	1.0	1.0	1.0	1.0	1.0	1.0	1.0	1.0	1.0	1.0	1.0	1.0	1.0	1.0	1.0	1.0	1.0	1.0	0.585786437626905	1.0	1.0	1.0
bs	1.0	1.0	1.0	1.0	0.3430703308172536	0.028046950460547383	0.07107936802059757	0.027576588262547077	0.009047843373316267	0.011294274667781119	0.20521309615767264	1.0	0.07646699220720898	0.1486768363282865	0.019072115796412964	0.02057839086987121	0.10987992257825721	1.0	0.0016358527238902903	1.0	1.0	0.01580845139877336	0.002980726080496045	0.0019578096387269993	0.05474141369749445	0.004155104066076527	0.009951979150426853	1.0	0.585786437626905	0.010087525112542576	0.020997845582132267	1.0	0.44948974278317805	0.056294493840704105	0.585786437626905	0.009304894369914489
ceb	0.0	1.0	1.0	0.0	1.0	1.0	0.0	1.0	1.0	1.0	1.0	1.0	1.0	1.0	1.0	1.0	1.0	1.0	1.0	1.0	0.0	1.0	1.0	1.0	0.585786437626905	1.0	1.0	1.0	1.0	1.0	1.0	0.0	-1.0	1.0	1.0	1.0
ckb	1.0	1.0	0.0	1.0	0.0	1.0	1.0	1.0	0.0	1.0	0.0	0.0	0.0	0.0	0.0	1.0	0.0	0.0	1.0	0.0	1.0	1.0	1.0	1.0	0.0	1.0	1.0	1.0	0.0	1.0	1.0	1.0	0.585786437626905	0.0	0.585786437626905	1.0
da	0.585786437626905	0.3430703308172536	1.0	0.0	1.0	1.0	0.585786437626905	0.4142135623730951	1.0	0.3797958971132712	1.0	1.0	0.39564392373896	0.585786437626905	1.0	1.0	0.44948974278317805	1.0	1.0	1.0	0.4364916731037085	1.0	1.0	1.0	0.353889367864523	1.0	1.0	1.0	1.0	1.0	1.0	0.585786437626905	0.49851311685382416	0.44948974278317805	0.40453726661826384	1.0
de	1.0	0.028046950460547383	1.0	1.0	1.0	1.0	0.024904195340304087	0.022577748080921656	0.009293167185119607	0.034309420352348186	0.3164309725825327	1.0	0.022968166180415948	0.02788278026861261	0.030065092447559304	0.04085198358538099	0.019952918358457306	1.0	0.0035152163409674746	1.0	1.0	0.020719707875001447	0.003689388023477654	0.0035879546936330537	0.020280610252744975	0.004016226579774387	0.023811724577154292	1.0	1.0	0.021693446955223083	0.029088706289649116	1.0	0.3333333333333333	0.020025946407566234	0.585786437626905	0.0071622989663592705
el	1.0	0.07107936802059757	0.0	1.0	0.585786437626905	0.024904195340304087	1.0	0.08107773017317085	0.022027314544453044	0.08124591069678105	0.3164309725825328	1.0	0.16752821366222934	0.18414433754798443	0.04528515431136422	0.032862059780140965	0.1485646724634818	1.0	0.018387290719605664	1.0	1.0	0.06417102587505456	0.018415730742561393	0.018651826218755926	0.11088841343931811	0.018823054261867263	0.05059354973691333	1.0	1.0	0.019350312005229138	0.03676987319942645	1.0	0.5	0.06051754080010453	0.585786437626905	0.02021361661645899
en	1.0	0.027576588262547077	1.0	1.0	0.4142135623730951	0.022577748080921656	0.08107773017317085	1.0	0.008872202594010753	0.048114066208817224	0.06348152429743684	1.0	0.08121614819674636	0.15014959597613872	0.01730568642901996	0.01764882584966134	0.11208329685416919	1.0	0.006624759314677394	1.0	0.585786437626905	0.02478444119867872	0.006202708983498414	0.00626049080888629	0.06163157689337795	0.006882400094091692	0.028418958844316257	1.0	0.3090169943749474	0.019468420987432452	0.02215540657604016	1.0	0.2928060946961875	0.07028800182027149	0.5	0.006828038755530339
es	1.0	0.009047843373316267	1.0	0.0	1.0	0.009293167185119607	0.022027314544453044	0.008872202594010753	1.0	0.00875774872242077	1.0	1.0	0.018301455278688435	0.026516983242251775	0.07227304278620203	0.11991282667866718	0.017325850535409464	1.0	0.06231278466414418	1.0	1.0	0.008888294517292178	0.05127582515518616	0.05544085685469957	0.012361351688444508	0.05887887625657869	0.009370288193198437	1.0	1.0	0.008904629565819227	0.09284478299136802	1.0	0.3483314773547883	0.011451775781096593	0.585786437626905	0.029161571279205212
fr	1.0	0.011294274667781119	1.0	1.0	0.3797958971132712	0.034309420352348186	0.08124591069678105	0.048114066208817224	0.00875774872242077	1.0	0.09682998898940484	1.0	0.08198662054847243	0.13342490748507757	0.01895951202820949	0.0193077552478568	0.10833987259432694	1.0	0.0027280098215738055	1.0	1.0	0.01182798875418	0.003246016959409664	0.002688508110225092	0.06217965786025162	0.003941062411585996	0.01164442750749157	1.0	0.353889367864523	0.01158798831842675	0.0211787177719264	1.0	0.3483314773547883	0.07308603714824218	0.585786437626905	0.008096384250845847
he	1.0	0.20521309615767264	1.0	0.0	1.0	0.3164309725825327	0.3164309725825328	0.06348152429743684	1.0	0.09682998898940484	1.0	1.0	0.3333333333333333	0.585786437626905	0.4142135623730951	0.585786437626905	0.2063099139372659	1.0	1.0	1.0	1.0	0.2402530733520421	0.44948974278317805	0.5	0.16760090740494846	0.44948974278317805	0.44948974278317805	1.0	1.0	0.585786437626905	1.0	1.0	0.5	0.36602540378443865	0.585786437626905	0.585786437626905
hi	1.0	1.0	1.0	0.0	1.0	1.0	1.0	1.0	1.0	1.0	1.0	1.0	1.0	1.0	1.0	1.0	1.0	1.0	1.0	1.0	1.0	1.0	1.0	1.0	1.0	1.0	0.0	1.0	1.0	1.0	1.0	1.0	0.585786437626905	1.0	0.585786437626905	1.0
hu	1.0	0.07646699220720898	1.0	0.0	0.39564392373896	0.022968166180415948	0.16752821366222934	0.08121614819674636	0.018301455278688435	0.08198662054847243	0.3333333333333333	1.0	1.0	0.16537343414496403	0.03805912365702974	0.030009878374120322	0.08806265055259198	1.0	0.02082871756187082	1.0	1.0	0.07702780781750009	0.020296652174811573	0.020843541178580678	0.07352896109918881	0.02054724070649095	0.05239489997352568	1.0	1.0	0.02197001871512706	0.03609248493487422	1.0	0.585786437626905	0.0696810829322218	0.585786437626905	0.020111879981059445
id	0.5	0.1486768363282865	1.0	0.0	0.585786437626905	0.02788278026861261	0.18414433754798443	0.15014959597613872	0.026516983242251775	0.13342490748507757	0.585786437626905	1.0	0.16537343414496403	1.0	0.05394817857627531	0.03521976464989129	0.15654299867739957	1.0	0.026360355793086498	1.0	0.5	0.06300461155366872	0.025866307433672818	0.026389629207425033	0.1381972923358208	0.030043886037329617	0.056141197205812295	1.0	0.4364916731037085	0.026979630558546214	0.04068387613591562	0.5	0.38742588672279304	0.05832346088926106	0.44948974278317805	0.02650666049492908
it	1.0	0.019072115796412964	1.0	0.0	1.0	0.030065092447559304	0.04528515431136422	0.01730568642901996	0.07227304278620203	0.01895951202820949	0.4142135623730951	1.0	0.03805912365702974	0.05394817857627531	1.0	0.11809995248088755	0.03486484169231475	1.0	0.061859174183856336	1.0	1.0	0.01827030359319412	0.04151100336407852	0.05056213391603583	0.03278183862570449	0.05535372439744342	0.02365697805273362	1.0	1.0	0.04409216278194602	0.12135794054686196	1.0	0.2612038749637414	0.031726749997906305	0.585786437626905	0.06712367785721522
ja	1.0	0.02057839086987121	1.0	1.0	1.0	0.04085198358538099	0.032862059780140965	0.01764882584966134	0.11991282667866718	0.0193077552478568	0.585786437626905	1.0	0.030009878374120322	0.03521976464989129	0.11809995248088755	1.0	0.02859788879016823	1.0	0.126516536980057	1.0	1.0	0.02113505707440838	0.10027898393035446	0.10351694645735657	0.028039924922306603	0.10290397182775128	0.025558966581540075	1.0	1.0	0.0700916624537831	0.10130097579714457	1.0	0.3430703308172536	0.02727954358215166	0.585786437626905	0.09600025988885766
ko	1.0	0.10987992257825721	1.0	0.0	0.44948974278317805	0.019952918358457306	0.1485646724634818	0.11208329685416919	0.017325850535409464	0.10833987259432694	0.2063099139372659	1.0	0.08806265055259198	0.15654299867739957	0.03486484169231475	0.02859788879016823	1.0	1.0	0.01772102757859754	1.0	1.0	0.0859262230456057	0.016857782781512697	0.01664211952006054	0.09268714448495864	0.020230032120110437	0.10248874291430324	1.0	1.0	0.018647518420831264	0.037643467204904725	1.0	0.44948974278317805	0.08449295098069312	0.585786437626905	0.01672466772312716
lv	1.0	1.0	1.0	0.0	1.0	1.0	1.0	1.0	1.0	1.0	1.0	1.0	1.0	1.0	1.0	1.0	1.0	1.0	1.0	1.0	1.0	1.0	1.0	1.0	1.0	1.0	0.0	1.0	1.0	1.0	1.0	1.0	0.585786437626905	1.0	0.585786437626905	1.0
mk	1.0	0.0016358527238902903	1.0	1.0	1.0	0.0035152163409674746	0.018387290719605664	0.006624759314677394	0.06231278466414418	0.0027280098215738055	1.0	1.0	0.02082871756187082	0.026360355793086498	0.061859174183856336	0.126516536980057	0.01772102757859754	1.0	1.0	1.0	1.0	0.0016754356930229212	0.0019492128333695122	0.0031543749884322095	0.011998639908315853	0.0017858905786724232	0.0021720210405225507	1.0	1.0	0.0017966187479983454	0.05178849424078963	1.0	0.585786437626905	0.01023517439155389	0.585786437626905	0.002875451798328245
ml	1.0	1.0	1.0	0.0	1.0	1.0	1.0	1.0	1.0	1.0	1.0	1.0	1.0	1.0	1.0	1.0	1.0	1.0	1.0	1.0	1.0	1.0	1.0	1.0	1.0	1.0	0.0	1.0	1.0	1.0	1.0	1.0	0.585786437626905	1.0	0.585786437626905	1.0
mr	1.0	1.0	0.0	1.0	0.4364916731037085	1.0	1.0	0.585786437626905	1.0	1.0	1.0	1.0	1.0	0.5	1.0	1.0	1.0	1.0	1.0	1.0	1.0	1.0	1.0	1.0	1.0	1.0	0.585786437626905	1.0	1.0	1.0	1.0	1.0	0.585786437626905	1.0	1.0	1.0
nl	1.0	0.01580845139877336	1.0	1.0	1.0	0.020719707875001447	0.06417102587505456	0.02478444119867872	0.008888294517292178	0.01182798875418	0.2402530733520421	1.0	0.07702780781750009	0.06300461155366872	0.01827030359319412	0.02113505707440838	0.0859262230456057	1.0	0.0016754356930229212	1.0	1.0	1.0	0.0030053890273885296	0.0019818004350418005	0.05982412895377164	0.004195619894158775	0.010475756601181876	1.0	0.585786437626905	0.010811984554864141	0.0207980009042258	1.0	0.3430703308172536	0.0697702627654597	0.585786437626905	0.008871485678173505
pl	1.0	0.002980726080496045	1.0	1.0	1.0	0.003689388023477654	0.018415730742561393	0.006202708983498414	0.05127582515518616	0.003246016959409664	0.44948974278317805	1.0	0.020296652174811573	0.025866307433672818	0.04151100336407852	0.10027898393035446	0.016857782781512697	1.0	0.0019492128333695122	1.0	1.0	0.0030053890273885296	1.0	0.001998237262773992	0.01180843500828516	0.0026057667830781143	0.0030202857125008354	1.0	1.0	0.003107516141930976	0.0457004354035283	1.0	0.38742588672279304	0.01001427388405338	0.585786437626905	0.00290322174425071
pt	1.0	0.0019578096387269993	1.0	1.0	1.0	0.0035879546936330537	0.018651826218755926	0.00626049080888629	0.05544085685469957	0.002688508110225092	0.5	1.0	0.020843541178580678	0.026389629207425033	0.05056213391603583	0.10351694645735657	0.01664211952006054	1.0	0.0031543749884322095	1.0	1.0	0.0019818004350418005	0.001998237262773992	1.0	0.01190773496017528	0.0020106972548275003	0.0023598262279775776	1.0	1.0	0.0021215052219188965	0.045352723512057255	1.0	0.3164309725825327	0.010088747681963012	0.585786437626905	0.0027537502623768383
ro	1.0	0.05474141369749445	0.585786437626905	0.0	0.353889367864523	0.020280610252744975	0.11088841343931811	0.06163157689337795	0.012361351688444508	0.06217965786025162	0.16760090740494846	1.0	0.07352896109918881	0.1381972923358208	0.03278183862570449	0.028039924922306603	0.09268714448495864	1.0	0.011998639908315853	1.0	1.0	0.05982412895377164	0.01180843500828516	0.01190773496017528	1.0	0.01478111786919589	0.05931444825205882	1.0	0.4364916731037085	0.01948561708976167	0.03281522281277552	1.0	0.4142135623730951	0.06163905882499046	0.585786437626905	0.01187127739893342
ru	1.0	0.004155104066076527	1.0	1.0	1.0	0.004016226579774387	0.018823054261867263	0.006882400094091692	0.05887887625657869	0.003941062411585996	0.44948974278317805	1.0	0.02054724070649095	0.030043886037329617	0.05535372439744342	0.10290397182775128	0.020230032120110437	1.0	0.0017858905786724232	1.0	1.0	0.004195619894158775	0.0026057667830781143	0.0020106972548275003	0.01478111786919589	1.0	0.004046175490808602	1.0	1.0	0.004217125559528279	0.0449489519986606	1.0	0.3430703308172536	0.012452490303419557	0.585786437626905	0.003510509929106375
sh	1.0	0.009951979150426853	1.0	1.0	1.0	0.023811724577154292	0.05059354973691333	0.028418958844316257	0.009370288193198437	0.01164442750749157	0.44948974278317805	0.0	0.05239489997352568	0.056141197205812295	0.02365697805273362	0.025558966581540075	0.10248874291430324	0.0	0.0021720210405225507	0.0	0.585786437626905	0.010475756601181876	0.0030202857125008354	0.0023598262279775776	0.05931444825205882	0.004046175490808602	1.0	0.585786437626905	1.0	0.009791439445352388	0.023646517836440624	1.0	0.32881309020609956	0.0674664286799008	0.40453726661826384	0.009115101947834435
si	1.0	1.0	1.0	1.0	1.0	1.0	1.0	1.0	1.0	1.0	1.0	1.0	1.0	1.0	1.0	1.0	1.0	1.0	1.0	1.0	1.0	1.0	1.0	1.0	1.0	1.0	0.585786437626905	1.0	1.0	1.0	1.0	1.0	1.0	1.0	1.0	1.0
simple	1.0	0.585786437626905	1.0	0.0	1.0	1.0	1.0	0.3090169943749474	1.0	0.353889367864523	1.0	1.0	1.0	0.4364916731037085	1.0	1.0	1.0	1.0	1.0	1.0	1.0	0.585786437626905	1.0	1.0	0.4364916731037085	1.0	1.0	1.0	1.0	0.585786437626905	0.585786437626905	1.0	0.4142135623730951	0.4364916731037085	0.585786437626905	1.0
sr	1.0	0.010087525112542576	1.0	1.0	1.0	0.021693446955223083	0.019350312005229138	0.019468420987432452	0.008904629565819227	0.01158798831842675	0.585786437626905	1.0	0.02197001871512706	0.026979630558546214	0.04409216278194602	0.0700916624537831	0.018647518420831264	1.0	0.0017966187479983454	1.0	1.0	0.010811984554864141	0.003107516141930976	0.0021215052219188965	0.01948561708976167	0.004217125559528279	0.009791439445352388	1.0	0.585786437626905	1.0	0.041669102901521045	1.0	0.4142135623730951	0.017915882151152047	0.5	0.008772062255288718
sv	1.0	0.020997845582132267	1.0	1.0	1.0	0.029088706289649116	0.03676987319942645	0.02215540657604016	0.09284478299136802	0.0211787177719264	1.0	1.0	0.03609248493487422	0.04068387613591562	0.12135794054686196	0.10130097579714457	0.037643467204904725	1.0	0.05178849424078963	1.0	1.0	0.0207980009042258	0.0457004354035283	0.045352723512057255	0.03281522281277552	0.0449489519986606	0.023646517836440624	1.0	0.585786437626905	0.041669102901521045	1.0	1.0	0.4142135623730951	0.03350669715946541	0.585786437626905	0.07259491942281983
te	1.0	1.0	0.0	1.0	0.585786437626905	1.0	1.0	1.0	1.0	1.0	1.0	1.0	1.0	0.5	1.0	1.0	1.0	1.0	1.0	1.0	1.0	1.0	1.0	1.0	1.0	1.0	1.0	1.0	1.0	1.0	1.0	1.0	0.585786437626905	1.0	1.0	1.0
tr	0.585786437626905	0.44948974278317805	-1.0	0.585786437626905	0.49851311685382416	0.3333333333333333	0.5	0.2928060946961875	0.3483314773547883	0.3483314773547883	0.5	0.585786437626905	0.585786437626905	0.38742588672279304	0.2612038749637414	0.3430703308172536	0.44948974278317805	0.585786437626905	0.585786437626905	0.585786437626905	0.585786437626905	0.3430703308172536	0.38742588672279304	0.3164309725825327	0.4142135623730951	0.3430703308172536	0.32881309020609956	1.0	0.4142135623730951	0.4142135623730951	0.4142135623730951	0.585786437626905	1.0	0.585786437626905	0.5	0.3430703308172536
vi	1.0	0.056294493840704105	1.0	0.0	0.44948974278317805	0.020025946407566234	0.06051754080010453	0.07028800182027149	0.011451775781096593	0.07308603714824218	0.36602540378443865	1.0	0.0696810829322218	0.05832346088926106	0.031726749997906305	0.02727954358215166	0.08449295098069312	1.0	0.01023517439155389	1.0	1.0	0.0697702627654597	0.01001427388405338	0.010088747681963012	0.06163905882499046	0.012452490303419557	0.0674664286799008	1.0	0.4364916731037085	0.017915882151152047	0.03350669715946541	1.0	0.585786437626905	1.0	0.585786437626905	0.010796924463666684
war	1.0	0.585786437626905	1.0	0.585786437626905	0.40453726661826384	0.585786437626905	0.585786437626905	0.5	0.585786437626905	0.585786437626905	0.585786437626905	0.585786437626905	0.585786437626905	0.44948974278317805	0.585786437626905	0.585786437626905	0.585786437626905	0.585786437626905	0.585786437626905	0.585786437626905	1.0	0.585786437626905	0.585786437626905	0.585786437626905	0.585786437626905	0.585786437626905	0.40453726661826384	1.0	0.585786437626905	0.5	0.585786437626905	1.0	0.5	0.585786437626905	1.0	0.585786437626905
zh	1.0	0.009304894369914489	1.0	1.0	1.0	0.0071622989663592705	0.02021361661645899	0.006828038755530339	0.029161571279205212	0.008096384250845847	0.585786437626905	1.0	0.020111879981059445	0.02650666049492908	0.06712367785721522	0.09600025988885766	0.01672466772312716	1.0	0.002875451798328245	1.0	1.0	0.008871485678173505	0.00290322174425071	0.0027537502623768383	0.01187127739893342	0.003510509929106375	0.009115101947834435	1.0	1.0	0.008772062255288718	0.07259491942281983	1.0	0.3430703308172536	0.010796924463666684	0.585786437626905	1.0
