arz	bs	ceb	ckb	da	de	el	en	es	fr	he	hi	hu	id	it	ja	ko	lv	mk	ml	mr	nl	pl	pt	ro	ru	sh	si	simple	sr	sv	te	tr	vi	war	zh
arz	0.5	0.5	0.0	0.5	0.5	0.5	0.5	0.5	0.5	0.5	0.5	0.5	0.5	0.5	0.5	0.5	0.5	0.5	0.5	0.5	0.5	0.5	0.5	0.5	0.5	0.5	0.5	1.0	0.5	0.5	0.5	0.5	0.5	0.5	0.5	0.5
bs	0.5	0.0012877066127994982	1.0	1.0	0.2	0.002668915663752313	0.01270744244547271	0.004211697532543975	0.006452195754422477	0.0017159645849972483	0.07692307692307693	1.0	0.013928732541095288	0.020030844063291742	0.013891397376929012	0.015385798816568047	0.01319035130936707	1.0	0.0011918951132300357	1.0	0.3333333333333333	0.0011857922995620457	0.0012288243047316977	0.0012332524353167978	0.009009002632277507	0.0012184661126667575	0.001389935211262538	0.3333333333333333	0.25	0.001163396806849011	0.014926264201381151	0.5	0.14285714285714285	0.007700126575332138	0.25	0.0020928558456742
ceb	0.0	1.0	0.3333333333333333	0.0	1.0	0.5	0.0	0.3333333333333333	0.5	1.0	0.5	0.5	1.0	0.5	0.5	0.5	0.5	1.0	1.0	1.0	0.0	1.0	1.0	0.5	0.5	0.5	1.0	0.5	1.0	1.0	1.0	0.0	-1.0	0.5	1.0	0.5
ckb	0.5	1.0	0.0	1.0	0.0	1.0	1.0	1.0	0.0	1.0	0.0	0.0	0.0	0.0	0.0	1.0	0.0	0.0	1.0	0.0	0.3333333333333333	1.0	1.0	1.0	0.0	1.0	1.0	0.3333333333333333	0.0	1.0	1.0	0.5	0.125	0.0	0.25	1.0
da	0.5	0.2	1.0	0.0	0.2	0.25	0.5	0.25	0.25	0.25	0.3333333333333333	1.0	0.3333333333333333	0.5	0.25	0.25	0.25	1.0	0.3333333333333333	1.0	0.3333333333333333	0.25	0.25	0.25	0.3333333333333333	0.25	0.3333333333333333	0.3333333333333333	0.5	0.25	0.3333333333333333	0.5	0.16669444444444445	0.25	0.25	0.25
de	0.5	0.002668915663752313	0.5	1.0	0.25	0.0025894513319336945	0.013340270579912002	0.004743675212531302	0.0068027673654495815	0.003864584788153442	0.05555555555555555	1.0	0.014711939662629757	0.02083984548611111	0.013158067867036011	0.013513513513513514	0.013161704293628809	1.0	0.002702702702702703	1.0	0.3333333333333333	0.002696755189500389	0.0026385502746430335	0.0026246788049131653	0.009184845230895243	0.0028248986561971337	0.0035344682292075442	0.3333333333333333	0.25	0.0026741900183090733	0.014493593782818734	0.5	0.07142857142857142	0.008065491805541232	0.25	0.0042919375932509345
el	0.5	0.01270744244547271	0.0	1.0	0.5	0.013340270579912002	0.013057731752228003	0.013605798052372073	0.015153352387741048	0.01359213749887394	0.2	1.0	0.02187461673546195	0.028664001959874116	0.03572066326530612	0.025643655489809333	0.022311963917900315	1.0	0.012658227848101266	1.0	0.3333333333333333	0.012842575836895158	0.012658868771030281	0.012821828073635766	0.01811228855724654	0.014706963884083043	0.014103576704667588	0.3333333333333333	1.0	0.012663679059286172	0.028576327346938775	0.5	0.125	0.017880766928595044	0.25	0.013889660493827158
en	0.5	0.004211697532543975	0.3333333333333333	1.0	0.25	0.004743675212531302	0.013605798052372073	0.004147189512248513	0.006623745011315293	0.004697039887184723	0.05000249999999999	1.0	0.013778846581740728	0.01966646038819808	0.012660471238583559	0.013160145602493076	0.01255193858361671	1.0	0.00425531914893617	1.0	0.3333333333333333	0.004199226901121573	0.003968931153958821	0.004016515927162465	0.008917895323459279	0.0043867345337796826	0.004725876193608237	0.3333333333333333	0.25	0.004205426774118957	0.015877803980851597	0.5	0.05555555555555555	0.0076466648088970276	0.25	0.004927540586012837
es	0.5	0.006452195754422477	0.5	0.0	0.25	0.0068027673654495815	0.015153352387741048	0.006623745011315293	0.006139301105538335	0.006494349848203743	0.07692307692307693	1.0	0.014085102162269391	0.020001599999999998	0.016666944444444443	0.015873015873015872	0.012988024962050936	1.0	0.006493506493506494	1.0	0.3333333333333333	0.0064105440499671274	0.006172839506172839	0.006289308176100629	0.009176838061190302	0.007246376811594203	0.007092399778683164	0.3333333333333333	0.25	0.006535990431030801	0.019231139053254437	0.5	0.07142857142857142	0.008621135627229489	0.25	0.006756802410518627
fr	0.5	0.0017159645849972483	1.0	1.0	0.25	0.003864584788153442	0.01359213749887394	0.004697039887184723	0.006494349848203743	0.0018857759518458393	0.07142857142857142	1.0	0.013959260204856199	0.020046107863062854	0.013701632951773313	0.0142879593877551	0.012550038100137585	1.0	0.0017301038062283738	1.0	0.3333333333333333	0.0017000408817883397	0.0016783986870636714	0.0016838503610941064	0.008976416172319979	0.001742816086834902	0.0017321087281460738	0.3333333333333333	0.25	0.0017014992029215448	0.014929161283136556	0.5	0.06666666666666667	0.008141665102347912	0.25	0.0020847189113113456
he	0.5	0.07692307692307693	0.5	0.0	0.3333333333333333	0.05555555555555555	0.2	0.05000249999999999	0.07692307692307693	0.07142857142857142	0.050004999999999994	1.0	0.25	0.5	0.0625	0.08333333333333333	0.1111111111111111	1.0	0.07692307692307693	1.0	0.3333333333333333	0.07692307692307693	0.05	0.05263157894736842	0.14285714285714285	0.05	0.1111111111111111	0.3333333333333333	0.5	0.07692307692307693	0.16666666666666666	0.5	0.1	0.14285714285714285	0.25	0.07142857142857142
hi	0.5	1.0	0.5	0.0	1.0	1.0	1.0	1.0	1.0	1.0	1.0	1.0	1.0	1.0	1.0	1.0	1.0	1.0	1.0	1.0	0.3333333333333333	1.0	1.0	1.0	1.0	1.0	0.0	0.3333333333333333	1.0	1.0	1.0	0.5	0.125	1.0	0.25	1.0
hu	0.5	0.013928732541095288	1.0	0.0	0.3333333333333333	0.014711939662629757	0.02187461673546195	0.013778846581740728	0.014085102162269391	0.013959260204856199	0.25	1.0	0.013856879814232467	0.02281232209194525	0.02941608996539792	0.023259060574364523	0.015226023308602368	1.0	0.014084507042253521	1.0	0.3333333333333333	0.013719866437670196	0.013700131919872394	0.014084705415592145	0.014294694585503703	0.015874275636180397	0.014939642916248616	0.3333333333333333	0.5	0.014089666733783772	0.027778549382716046	0.5	0.125	0.014726453972580506	0.25	0.013516436816290174
id	0.5	0.020030844063291742	0.5	0.0	0.5	0.02083984548611111	0.028664001959874116	0.01966646038819808	0.020001599999999998	0.020046107863062854	0.5	1.0	0.02281232209194525	0.019860632357899748	0.043482041587901706	0.026319253462603876	0.02228313033310763	1.0	0.02	1.0	0.3333333333333333	0.02001641481200921	0.01960861207227989	0.02	0.021904875251876305	0.022728822314049588	0.020845495668411033	0.3333333333333333	0.3333333333333333	0.0200044008	0.030306703397612485	0.5	0.11112345679012345	0.021751422970701324	0.25	0.020002000399999997
it	0.5	0.013891397376929012	0.5	0.0	0.25	0.013158067867036011	0.03572066326530612	0.012660471238583559	0.016666944444444443	0.013701632951773313	0.0625	1.0	0.02941608996539792	0.043482041587901706	0.011378503892711153	0.021739130434782608	0.027779321760031634	1.0	0.014084507042253521	1.0	0.3333333333333333	0.013514426771365958	0.011904761904761904	0.012345679012345678	0.024398574063652582	0.0125	0.016667500000000002	0.3333333333333333	0.25	0.014084705415592145	0.028572244897959183	0.5	0.06666666666666667	0.023811224489795918	0.25	0.014285714285714285
ja	0.5	0.015385798816568047	0.5	1.0	0.25	0.013513513513513514	0.025643655489809333	0.013160145602493076	0.015873015873015872	0.0142879593877551	0.08333333333333333	1.0	0.023259060574364523	0.026319253462603876	0.021739130434782608	0.013166555577217624	0.02127704843820733	1.0	0.015625	1.0	0.3333333333333333	0.01562548828125	0.013157894736842105	0.013333333333333334	0.02083984592100738	0.013513513513513514	0.017857780612244897	0.3333333333333333	0.5	0.015625	0.022222716049382713	0.5	0.06666666666666667	0.02127704843820733	0.25	0.014492963663095989
ko	0.5	0.01319035130936707	0.5	0.0	0.25	0.013161704293628809	0.022311963917900315	0.01255193858361671	0.012988024962050936	0.012550038100137585	0.1111111111111111	1.0	0.015226023308602368	0.02228313033310763	0.027779321760031634	0.02127704843820733	0.012574995831482048	1.0	0.013333333333333334	1.0	0.3333333333333333	0.0131754051558626	0.012659029001762537	0.012500624999999998	0.014035491752334981	0.015151974288337923	0.0137074550600501	0.3333333333333333	0.5	0.013336889244444445	0.027780092592592592	0.5	0.07692307692307693	0.013901632146418793	0.25	0.012501094062656403
lv	0.5	1.0	1.0	0.0	1.0	1.0	1.0	1.0	1.0	1.0	1.0	1.0	1.0	1.0	1.0	1.0	1.0	1.0	1.0	1.0	0.3333333333333333	1.0	1.0	1.0	1.0	1.0	0.0	0.3333333333333333	1.0	1.0	1.0	0.5	0.14285714285714285	1.0	0.25	1.0
mk	0.5	0.0011918951132300357	1.0	1.0	0.3333333333333333	0.002702702702702703	0.012658227848101266	0.00425531914893617	0.006493506493506494	0.0017301038062283738	0.07692307692307693	1.0	0.014084507042253521	0.02	0.014084507042253521	0.015625	0.013333333333333334	1.0	0.0011904761904761906	1.0	0.3333333333333333	0.001199040767386091	0.0012515644555694619	0.0012531328320802004	0.008928571428571428	0.0012406947890818859	0.001430615164520744	0.3333333333333333	0.25	0.0011947431302270011	0.015151515151515152	0.5	0.125	0.0078125	0.25	0.002145922746781116
ml	0.5	1.0	1.0	0.0	1.0	1.0	1.0	1.0	1.0	1.0	1.0	1.0	1.0	1.0	1.0	1.0	1.0	1.0	1.0	1.0	0.3333333333333333	1.0	1.0	1.0	1.0	1.0	0.0	0.3333333333333333	1.0	1.0	1.0	0.5	0.2	1.0	0.25	1.0
mr	0.5	0.3333333333333333	0.0	0.3333333333333333	0.3333333333333333	0.3333333333333333	0.3333333333333333	0.3333333333333333	0.3333333333333333	0.3333333333333333	0.3333333333333333	0.3333333333333333	0.3333333333333333	0.3333333333333333	0.3333333333333333	0.3333333333333333	0.3333333333333333	0.3333333333333333	0.3333333333333333	0.3333333333333333	0.3333333333333333	0.3333333333333333	0.3333333333333333	0.3333333333333333	0.3333333333333333	0.3333333333333333	0.3333333333333333	1.0	0.3333333333333333	0.3333333333333333	0.3333333333333333	0.5	0.3333333333333333	0.3333333333333333	0.3333333333333333	0.3333333333333333
nl	0.5	0.0011857922995620457	1.0	1.0	0.25	0.002696755189500389	0.012842575836895158	0.004199226901121573	0.0064105440499671274	0.0017000408817883397	0.07692307692307693	1.0	0.013719866437670196	0.02001641481200921	0.013514426771365958	0.01562548828125	0.0131754051558626	1.0	0.001199040767386091	1.0	0.3333333333333333	0.001244603443808307	0.0012301711835229782	0.0012331703077748761	0.008974567781754629	0.0012153193381709624	0.0014150195733629142	0.3333333333333333	0.25	0.0011845926329241913	0.014707396193771627	0.5	0.07142857142857142	0.0077564471493904216	0.25	0.0020881621549897443
pl	0.5	0.0012288243047316977	1.0	1.0	0.25	0.0026385502746430335	0.012658868771030281	0.003968931153958821	0.006172839506172839	0.0016783986870636714	0.05	1.0	0.013700131919872394	0.01960861207227989	0.011904761904761904	0.013157894736842105	0.012659029001762537	1.0	0.0012515644555694619	1.0	0.3333333333333333	0.0012301711835229782	0.0012088667628777409	0.0012239962006864531	0.008773853878347337	0.0012484534780961996	0.0014794081089597698	0.3333333333333333	0.25	0.0012346044840725497	0.014492753623188406	0.5	0.09090909090909091	0.007633704329584524	0.25	0.002066132777815723
pt	0.5	0.0012332524353167978	0.5	1.0	0.25	0.0026246788049131653	0.012821828073635766	0.004016515927162465	0.006289308176100629	0.0016838503610941064	0.05263157894736842	1.0	0.014084705415592145	0.02	0.012345679012345678	0.013333333333333334	0.012500624999999998	1.0	0.0012531328320802004	1.0	0.3333333333333333	0.0012331703077748761	0.0012239962006864531	0.0012168143772026358	0.008850340747121935	0.00125945694725555	0.00148154732510288	0.3333333333333333	0.25	0.0012391819411622894	0.014492753623188406	0.5	0.0625	0.007692485207100591	0.25	0.002074693101014101
ro	0.5	0.009009002632277507	0.5	0.0	0.3333333333333333	0.009184845230895243	0.01811228855724654	0.008917895323459279	0.009176838061190302	0.008976416172319979	0.14285714285714285	1.0	0.014294694585503703	0.021904875251876305	0.024398574063652582	0.02083984592100738	0.014035491752334981	1.0	0.008928571428571428	1.0	0.3333333333333333	0.008974567781754629	0.008773853878347337	0.008850340747121935	0.00945905044763477	0.010990460330998672	0.00928876059098162	0.3333333333333333	0.3333333333333333	0.008939264998496345	0.024398572873289708	0.5	0.1	0.009472297433253136	0.25	0.008775932826717221
ru	0.5	0.0012184661126667575	0.5	1.0	0.25	0.0028248986561971337	0.014706963884083043	0.0043867345337796826	0.007246376811594203	0.001742816086834902	0.05	1.0	0.015874275636180397	0.022728822314049588	0.0125	0.013513513513513514	0.015151974288337923	1.0	0.0012406947890818859	1.0	0.3333333333333333	0.0012153193381709624	0.0012484534780961996	0.00125945694725555	0.010990460330998672	0.0011997095101470739	0.0014707309796712796	0.3333333333333333	0.25	0.0012240471393536066	0.014492753623188406	0.5	0.06666666666666667	0.009345969080269018	0.25	0.002164520904780645
sh	0.5	0.001389935211262538	1.0	1.0	0.3333333333333333	0.0035344682292075442	0.014103576704667588	0.004725876193608237	0.007092399778683164	0.0017321087281460738	0.1111111111111111	0.0	0.014939642916248616	0.020845495668411033	0.016667500000000002	0.017857780612244897	0.0137074550600501	0.0	0.001430615164520744	0.0	0.3333333333333333	0.0014150195733629142	0.0014794081089597698	0.00148154732510288	0.00928876059098162	0.0014707309796712796	0.001424471378984102	0.3333333333333333	0.5	0.0013895315684626754	0.016666944444444443	0.5	0.125	0.008336946528959374	0.25	0.00213699873986869
si	1.0	0.3333333333333333	0.5	0.3333333333333333	0.3333333333333333	0.3333333333333333	0.3333333333333333	0.3333333333333333	0.3333333333333333	0.3333333333333333	0.3333333333333333	0.3333333333333333	0.3333333333333333	0.3333333333333333	0.3333333333333333	0.3333333333333333	0.3333333333333333	0.3333333333333333	0.3333333333333333	0.3333333333333333	1.0	0.3333333333333333	0.3333333333333333	0.3333333333333333	0.3333333333333333	0.3333333333333333	0.3333333333333333	0.3333333333333333	0.3333333333333333	0.3333333333333333	0.3333333333333333	1.0	0.3333333333333333	0.3333333333333333	0.5	0.3333333333333333
simple	0.5	0.25	1.0	0.0	0.5	0.25	1.0	0.25	0.25	0.25	0.5	1.0	0.5	0.3333333333333333	0.25	0.5	0.5	1.0	0.25	1.0	0.3333333333333333	0.25	0.25	0.25	0.3333333333333333	0.25	0.5	0.3333333333333333	0.25	0.25	0.3333333333333333	0.5	0.1111111111111111	0.3333333333333333	0.25	0.25
sr	0.5	0.001163396806849011	1.0	1.0	0.25	0.0026741900183090733	0.012663679059286172	0.004205426774118957	0.006535990431030801	0.0017014992029215448	0.07692307692307693	1.0	0.014089666733783772	0.0200044008	0.014084705415592145	0.015625	0.013336889244444445	1.0	0.0011947431302270011	1.0	0.3333333333333333	0.0011845926329241913	0.0012346044840725497	0.0012391819411622894	0.008939264998496345	0.0012240471393536066	0.0013895315684626754	0.3333333333333333	0.25	0.0011775484166293918	0.015151974288337923	0.5	0.1	0.0077529598583019055	0.25	0.002105378411080332
sv	0.5	0.014926264201381151	1.0	1.0	0.3333333333333333	0.014493593782818734	0.028576327346938775	0.015877803980851597	0.019231139053254437	0.014929161283136556	0.16666666666666666	1.0	0.027778549382716046	0.030306703397612485	0.028572244897959183	0.022222716049382713	0.027780092592592592	1.0	0.015151515151515152	1.0	0.3333333333333333	0.014707396193771627	0.014492753623188406	0.014492753623188406	0.024398572873289708	0.014492753623188406	0.016666944444444443	0.3333333333333333	0.3333333333333333	0.015151974288337923	0.014303698808406777	0.5	0.07692307692307693	0.024391433670434264	0.25	0.015873015873015872
te	0.5	0.5	0.0	0.5	0.5	0.5	0.5	0.5	0.5	0.5	0.5	0.5	0.5	0.5	0.5	0.5	0.5	0.5	0.5	0.5	0.5	0.5	0.5	0.5	0.5	0.5	0.5	1.0	0.5	0.5	0.5	0.5	0.5	0.5	0.5	0.5
tr	0.5	0.14285714285714285	-1.0	0.125	0.16669444444444445	0.07142857142857142	0.125	0.05555555555555555	0.07142857142857142	0.06666666666666667	0.1	0.125	0.125	0.11112345679012345	0.06666666666666667	0.06666666666666667	0.07692307692307693	0.14285714285714285	0.125	0.2	0.3333333333333333	0.07142857142857142	0.09090909090909091	0.0625	0.1	0.06666666666666667	0.125	0.3333333333333333	0.1111111111111111	0.1	0.07692307692307693	0.5	0.05557407716049383	0.1111111111111111	0.25	0.0625
vi	0.5	0.007700126575332138	0.5	0.0	0.25	0.008065491805541232	0.017880766928595044	0.0076466648088970276	0.008621135627229489	0.008141665102347912	0.14285714285714285	1.0	0.014726453972580506	0.021751422970701324	0.023811224489795918	0.02127704843820733	0.013901632146418793	1.0	0.0078125	1.0	0.3333333333333333	0.0077564471493904216	0.007633704329584524	0.007692485207100591	0.009472297433253136	0.009345969080269018	0.008336946528959374	0.3333333333333333	0.3333333333333333	0.0077529598583019055	0.024391433670434264	0.5	0.1111111111111111	0.007696989261309856	0.25	0.008130543988366712
war	0.5	0.25	1.0	0.25	0.25	0.25	0.25	0.25	0.25	0.25	0.25	0.25	0.25	0.25	0.25	0.25	0.25	0.25	0.25	0.25	0.3333333333333333	0.25	0.25	0.25	0.25	0.25	0.25	0.5	0.25	0.25	0.25	0.5	0.25	0.25	0.25006249999999997	0.25
zh	0.5	0.0020928558456742	0.5	1.0	0.25	0.0042919375932509345	0.013889660493827158	0.004927540586012837	0.006756802410518627	0.0020847189113113456	0.07142857142857142	1.0	0.013516436816290174	0.020002000399999997	0.014285714285714285	0.014492963663095989	0.012501094062656403	1.0	0.002145922746781116	1.0	0.3333333333333333	0.0020881621549897443	0.002066132777815723	0.002074693101014101	0.008775932826717221	0.002164520904780645	0.00213699873986869	0.3333333333333333	0.25	0.002105378411080332	0.015873015873015872	0.5	0.0625	0.008130543988366712	0.25	0.002055840576549257
