arz	bs	ceb	ckb	da	de	el	en	es	fr	he	hi	hu	id	it	ja	ko	lv	mk	ml	mr	nl	pl	pt	ro	ru	sh	si	simple	sr	sv	te	vi	war	zh
arz	1.0	0.0004342162396873643	0.0	0.0	0.0	0.0	0.0	0.0	0.0	2.044320876604792e-05	0.001037344398340249	0.0	0.0001335113484646195	0.00037965072133637056	0.0	0.00015992323684631377	0.00010214504596527068	0.001037344398340249	0.009615384615384616	0.0	0.024691358024691357	0.0	0.00011200716845878136	0.0	5.455090963641819e-05	0.0	0.025	0.0	0.0	0.0003846153846153846	0.0004302925989672978	0.0	0.0	0.0	0.0
bs	0.0004342162396873643	1.0	0.0	0.0004385964912280702	0.03842832469775475	0.008473997129775165	0.030656707127295364	0.0029141932002158663	0.0020833333333333333	0.007223556272881156	0.053589691143383106	0.0004385964912280702	0.022877531745198867	0.08231909714538614	0.007852062588904694	0.017212526894573272	0.017311264989022124	0.1624548736462094	0.0076824583866837385	0.0004380201489268506	0.007755277897457992	0.006757352293092811	0.013501268575570859	0.007180997974590314	0.017915053875928445	0.013778171439818916	0.0008714596949891067	0.0	0.0029661016949152543	0.10336210813266697	0.02402135231316726	0.0	0.006339581036383682	0.0	0.015557877626843145
ceb	0.0	0.0	0.0	0.0	0.0	0.0	0.0	0.0	0.0	0.0	0.0	0.0	0.0	0.0	0.0	0.0	0.0	0.0	0.0	0.0	0.0	0.0	0.0	0.0	0.0	0.0	0.0	0.0	0.0	0.0	0.0	0.0	0.0	0.0	0.0
ckb	0.0	0.0004385964912280702	0.0	1.0	0.0	0.0	0.0	0.0	0.0	0.0	0.00034831069313827936	0.0	0.0	0.0	0.0	0.0	0.0	0.0005246589716684155	0.0	0.0	0.0	0.0	0.0	0.0	0.0	0.0	0.0	0.0	0.0	0.0	0.0	0.0	0.0	0.0	0.0
da	0.0	0.03842832469775475	0.0	0.0	1.0	0.006775794981886489	0.017317939609236235	0.0034965034965034965	0.0013842746400885937	0.007306562193927522	0.023886255924170617	0.0	0.01574883153830522	0.03399034593724859	0.0071768993552004485	0.008751727314601566	0.011432801447606514	0.04845190262349326	0.0015343306482546988	0.00039478878799842083	0.0007730962504831851	0.006531945294958155	0.008644262150480727	0.004398168925590163	0.008807849802982307	0.009761699684180305	0.0	0.0	0.0015308075009567547	0.02901470884545638	0.020973034669710372	0.0	0.005671564836298015	0.0	0.0098776518127736
de	0.0	0.008473997129775165	0.0	0.0	0.006775794981886489	1.0	0.012764932562620424	0.011960768678733753	0.0023647650014779783	0.028024858870630016	0.011867088607594937	0.0	0.01807044410413476	0.00997389383492871	0.017276570928706807	0.017569625761531767	0.012056963465125801	0.007071838678056295	0.0003186235462800701	0.0	7.977662544874351e-05	0.019676191349814246	0.017948107593430136	0.010807708861364831	0.02654238421668617	0.016665013391528618	8.004482510205715e-05	0.0	0.0003184713375796178	0.007360813704496788	0.008253257088958322	0.0	0.0023161551823972205	0.0	0.013644389747980096
el	0.0	0.030656707127295364	0.0	0.0	0.017317939609236235	0.012764932562620424	1.0	0.00510289723704972	0.0031405874745981895	0.014328176206081853	0.0324889079719479	0.0	0.02242230109947191	0.02885042166000888	0.01301096199159922	0.021842079829902387	0.01980341139057531	0.034602649006622514	0.0022655188038060714	0.0	0.0018206645425580337	0.009278808756528503	0.018137104211497078	0.008766485647788983	0.022759033739269314	0.01736196823829507	0.00022941041523285156	0.0	0.00135623869801085	0.02564102564102564	0.013904589645037305	0.0	0.004924375659514597	0.0	0.015691064549469134
en	0.0	0.0029141932002158663	0.0	0.0	0.0034965034965034965	0.011960768678733753	0.00510289723704972	1.0	0.0013134193935755028	0.024100857897052352	0.003914515446466356	0.0	0.009680571672876077	0.003593538746175194	0.0145146135205974	0.007694012601716113	0.006804464184033709	0.00251521889694893	0.00011684973124561814	3.906402593851322e-05	0.0001169499454233588	0.016039100822246532	0.009361926216319007	0.006552463785149708	0.01646278724133989	0.009307352808718888	0.0	0.0	0.00015576930565832002	0.0038839794754846066	0.006125574272588055	0.0	0.0020809334472892127	0.0	0.008302147866285104
es	0.0	0.0020833333333333333	0.0	0.0	0.0013842746400885937	0.0023647650014779783	0.0031405874745981895	0.0013134193935755028	1.0	0.0025676000962850036	0.0030410542321338066	0.0	0.002696049701090142	0.0027114967462039045	0.002062355938371952	0.002466091245376079	0.0017535763728657129	0.002680067001675042	0.0	0.0	0.0	0.0018174107954201247	0.003011443485243927	0.002365281777046483	0.0018322313391221222	0.002642007926023778	0.0009066183136899365	0.0	0.0	0.003011223651793047	0.0024565713283032113	0.0	0.0012219959266802445	0.0	0.002654632333421821
fr	2.044320876604792e-05	0.007223556272881156	0.0	0.0	0.007306562193927522	0.028024858870630016	0.014328176206081853	0.024100857897052352	0.0025676000962850036	1.0	0.012419566195309902	0.0	0.02638815537870372	0.00802442556855991	0.03195687746655116	0.021666604885643325	0.017484215638659543	0.007956664947021708	0.0003881115309978552	2.0451570680628273e-05	0.0002656368131755859	0.0351447513246474	0.024133531788220284	0.01660396022115062	0.0648225378764301	0.02425943922542562	6.134091234383625e-05	0.0	0.00030634126416828345	0.007063335224715804	0.00891678920182483	0.0	0.002153281760905973	0.0	0.01619002166011968
he	0.001037344398340249	0.053589691143383106	0.0	0.00034831069313827936	0.023886255924170617	0.011867088607594937	0.0324889079719479	0.003914515446466356	0.0030410542321338066	0.012419566195309902	1.0	0.0	0.020432336393248447	0.03983308042488619	0.009987308944435247	0.021092785818467408	0.02067517363915361	0.07131643866337743	0.002717391304347826	0.0003479471120389701	0.002051983584131327	0.008068480869892132	0.015522593997930321	0.009542987217650149	0.019506657033749614	0.016424038820455393	0.0	0.0	0.0020325203252032522	0.04971098265895954	0.02069434989788972	0.0	0.00688345596961785	0.0	0.016104461371055496
hi	0.0	0.0004385964912280702	0.0	0.0	0.0	0.0	0.0	0.0	0.0	0.0	0.0	1.0	0.0	0.0	0.0	0.0	0.0	0.0	0.0	0.0	0.0	0.0	0.0	0.0	0.0	0.0	0.0	0.0	0.0	0.0	0.0	0.0	0.0	0.0	0.0
hu	0.0001335113484646195	0.022877531745198867	0.0	0.0	0.01574883153830522	0.01807044410413476	0.02242230109947191	0.009680571672876077	0.002696049701090142	0.02638815537870372	0.020432336393248447	0.0	1.0	0.0227318855287193	0.01913662661326213	0.021021244875139768	0.015078336670985982	0.024371584699453552	0.0013266118333775537	0.0	0.0010641127959563714	0.01677705332061954	0.020316589804312602	0.015618111971786636	0.03690817621891015	0.02116437001384585	0.0002673082063619353	0.0	0.0009275208692195575	0.02010968921389397	0.014598540145985401	0.0	0.003519927330532531	0.0	0.012571760773199622
id	0.00037965072133637056	0.08231909714538614	0.0	0.0	0.03399034593724859	0.00997389383492871	0.02885042166000888	0.003593538746175194	0.0027114967462039045	0.00802442556855991	0.03983308042488619	0.0	0.0227318855287193	1.0	0.007088240218786627	0.020193861066235864	0.020529309918377443	0.10765080922020598	0.0029806259314456036	0.0007654037504783774	0.004514672686230248	0.005989765061642243	0.009909672893098307	0.005531269515567847	0.016654147996581107	0.013826642509774006	0.00038066235249333843	0.0	0.002228826151560178	0.059856996935648624	0.01728985099803205	0.0	0.009634888438133874	0.0	0.014528386231560126
it	0.0	0.007852062588904694	0.0	0.0	0.0071768993552004485	0.017276570928706807	0.01301096199159922	0.0145146135205974	0.002062355938371952	0.03195687746655116	0.009987308944435247	0.0	0.01913662661326213	0.007088240218786627	1.0	0.017090004225550494	0.012007549897594474	0.006910569105691057	6.44620640752917e-05	0.0	0.00032285142377477886	0.016811047259627756	0.01649751493129516	0.010485257727634945	0.02554306083462985	0.017438833940655908	0.0	0.0	0.00045123444852704185	0.007101716714197842	0.00849673202614379	0.0	0.0023860653781913625	0.0	0.012014787430683918
ja	0.00015992323684631377	0.017212526894573272	0.0	0.0	0.008751727314601566	0.017569625761531767	0.021842079829902387	0.007694012601716113	0.002466091245376079	0.021666604885643325	0.021092785818467408	0.0	0.021021244875139768	0.020193861066235864	0.017090004225550494	1.0	0.019956643713338433	0.016237821633774668	0.0003170074496750674	0.0	0.000795671546785487	0.012531793132683341	0.01741059424576499	0.012167765617565088	0.02515602955594347	0.023631662117511852	0.0	0.0	0.0004751346214760849	0.013230556833870226	0.014674268623235816	0.0	0.006221869208366429	0.0	0.017143314908275253
ko	0.00010214504596527068	0.017311264989022124	0.0	0.0	0.011432801447606514	0.012056963465125801	0.01980341139057531	0.006804464184033709	0.0017535763728657129	0.017484215638659543	0.02067517363915361	0.0	0.015078336670985982	0.020529309918377443	0.012007549897594474	0.019956643713338433	1.0	0.01690042686645178	0.0005079752108097125	0.00010235414534288638	0.0005091131249363609	0.009819096449646899	0.014176307642170441	0.009477374821956831	0.020786133779117085	0.014544002737694633	0.0	0.0	0.0004060913705583756	0.01504810459666146	0.010460544790789105	0.0	0.0032426589803638984	0.0	0.01487871967991998
lv	0.001037344398340249	0.1624548736462094	0.0	0.0005246589716684155	0.04845190262349326	0.007071838678056295	0.034602649006622514	0.00251521889694893	0.002680067001675042	0.007956664947021708	0.07131643866337743	0.0	0.024371584699453552	0.10765080922020598	0.006910569105691057	0.016237821633774668	0.01690042686645178	1.0	0.011710794297352342	0.0010482180293501049	0.015503875968992248	0.006115118591741621	0.01292982291764265	0.007917580845177907	0.017850069974386734	0.01492689909007259	0.003129890453834116	0.0	0.0045362903225806455	0.14129327902240327	0.022702364177235007	0.0	0.008307692307692308	0.0	0.014663111972855065
mk	0.009615384615384616	0.0076824583866837385	0.0	0.0	0.0015343306482546988	0.0003186235462800701	0.0022655188038060714	0.00011684973124561814	0.0	0.0003881115309978552	0.002717391304347826	0.0	0.0013266118333775537	0.0029806259314456036	6.44620640752917e-05	0.0003170074496750674	0.0005079752108097125	0.011710794297352342	1.0	0.0	0.021897810218978103	0.00021833380119147875	0.00044533511467379205	0.0006868918145392101	0.000872172254020169	0.0002469135802469136	0.0	0.0	0.005988023952095809	0.0056753688989784334	0.0012763241863433313	0.0	0.0006891798759476223	0.0	0.0007641754546843956
ml	0.0	0.0004380201489268506	0.0	0.0	0.00039478878799842083	0.0	0.0	3.906402593851322e-05	0.0	2.0451570680628273e-05	0.0003479471120389701	0.0	0.0	0.0007654037504783774	0.0	0.0	0.00010235414534288638	0.0010482180293501049	0.0	1.0	0.05	3.125976867771179e-05	0.0001122586439155815	0.0	2.7289597205545246e-05	0.0	0.0	0.0	0.0	0.0003875968992248062	0.0	0.0	0.0	0.0	0.0
mr	0.024691358024691357	0.007755277897457992	0.0	0.0	0.0007730962504831851	7.977662544874351e-05	0.0018206645425580337	0.0001169499454233588	0.0	0.0002656368131755859	0.002051983584131327	0.0	0.0010641127959563714	0.004514672686230248	0.00032285142377477886	0.000795671546785487	0.0005091131249363609	0.015503875968992248	0.021897810218978103	0.05	1.0	9.362419249133976e-05	0.00033478406427854036	0.0	0.0005998146027591471	0.00012377769525931428	0.02702702702702703	0.0	0.006896551724137931	0.005339435545385202	0.0	0.0	0.0006997900629811056	0.0	0.0006133088009812941
nl	0.0	0.006757352293092811	0.0	0.0	0.006531945294958155	0.019676191349814246	0.009278808756528503	0.016039100822246532	0.0018174107954201247	0.0351447513246474	0.008068480869892132	0.0	0.01677705332061954	0.005989765061642243	0.016811047259627756	0.012531793132683341	0.009819096449646899	0.006115118591741621	0.00021833380119147875	3.125976867771179e-05	9.362419249133976e-05	1.0	0.01673338471866531	0.014678349434583989	0.03097677493014452	0.014993530710099703	6.249609399412537e-05	0.0	0.00021829294913774285	0.006845524192373794	0.011017838405036727	0.0	0.002886176417533522	0.0	0.01210717481707638
pl	0.00011200716845878136	0.013501268575570859	0.0	0.0	0.008644262150480727	0.017948107593430136	0.018137104211497078	0.009361926216319007	0.003011443485243927	0.024133531788220284	0.015522593997930321	0.0	0.020316589804312602	0.009909672893098307	0.01649751493129516	0.01741059424576499	0.014176307642170441	0.01292982291764265	0.00044533511467379205	0.0001122586439155815	0.00033478406427854036	0.01673338471866531	1.0	0.01116803868516493	0.025048950104651947	0.020930092285421316	0.0	0.0	0.00011122233344455567	0.013952666902154716	0.009399477806788513	0.0	0.0021455041934854693	0.0	0.013315754779169414
pt	0.0	0.007180997974590314	0.0	0.0	0.004398168925590163	0.010807708861364831	0.008766485647788983	0.006552463785149708	0.002365281777046483	0.01660396022115062	0.009542987217650149	0.0	0.015618111971786636	0.005531269515567847	0.010485257727634945	0.012167765617565088	0.009477374821956831	0.007917580845177907	0.0006868918145392101	0.0	0.0	0.014678349434583989	0.01116803868516493	1.0	0.019672721543205707	0.011337456044622288	0.0	0.0	0.0001143379830779785	0.006809425678702625	0.004460573070235125	0.0	0.001397624039133473	0.0	0.008197813916288989
ro	5.455090963641819e-05	0.017915053875928445	0.0	0.0	0.008807849802982307	0.02654238421668617	0.022759033739269314	0.01646278724133989	0.0018322313391221222	0.0648225378764301	0.019506657033749614	0.0	0.03690817621891015	0.016654147996581107	0.02554306083462985	0.02515602955594347	0.020786133779117085	0.017850069974386734	0.000872172254020169	2.7289597205545246e-05	0.0005998146027591471	0.03097677493014452	0.025048950104651947	0.019672721543205707	1.0	0.02905463007764798	0.00010912860806460414	0.0	0.0006538796861377507	0.01348976638412239	0.01199176026288685	0.0	0.0035111803373901107	0.0	0.021226191604283143
ru	0.0	0.013778171439818916	0.0	0.0	0.009761699684180305	0.016665013391528618	0.01736196823829507	0.009307352808718888	0.002642007926023778	0.02425943922542562	0.016424038820455393	0.0	0.02116437001384585	0.013826642509774006	0.017438833940655908	0.023631662117511852	0.014544002737694633	0.01492689909007259	0.0002469135802469136	0.0	0.00012377769525931428	0.014993530710099703	0.020930092285421316	0.011337456044622288	0.02905463007764798	1.0	0.0	0.0	0.0006170554115759595	0.010680907877169559	0.011598144296912494	0.0	0.0036332549690104724	0.0	0.017058617058617057
sh	0.025	0.0008714596949891067	0.0	0.0	0.0	8.004482510205715e-05	0.00022941041523285156	0.0	0.0009066183136899365	6.134091234383625e-05	0.0	0.0	0.0002673082063619353	0.00038066235249333843	0.0	0.0	0.0	0.003129890453834116	0.0	0.0	0.02702702702702703	6.249609399412537e-05	0.0	0.0	0.00010912860806460414	0.0	1.0	0.0	0.0	0.00231839258114374	0.00021542438604049978	0.0	0.0	0.0	0.00015424957581366652
si	0.0	0.0	0.0	0.0	0.0	0.0	0.0	0.0	0.0	0.0	0.0	0.0	0.0	0.0	0.0	0.0	0.0	0.0	0.0	0.0	0.0	0.0	0.0	0.0	0.0	0.0	0.0	0.0	0.0	0.0	0.0	0.0	0.0	0.0	0.0
simple	0.0	0.0029661016949152543	0.0	0.0	0.0015308075009567547	0.0003184713375796178	0.00135623869801085	0.00015576930565832002	0.0	0.00030634126416828345	0.0020325203252032522	0.0	0.0009275208692195575	0.002228826151560178	0.00045123444852704185	0.0004751346214760849	0.0004060913705583756	0.0045362903225806455	0.005988023952095809	0.0	0.006896551724137931	0.00021829294913774285	0.00011122233344455567	0.0001143379830779785	0.0006538796861377507	0.0006170554115759595	0.0	0.0	1.0	0.0037678975131876413	0.0010620220900594733	0.0	0.0	0.0	0.0006106870229007634
sr	0.0003846153846153846	0.10336210813266697	0.0	0.0	0.02901470884545638	0.007360813704496788	0.02564102564102564	0.0038839794754846066	0.003011223651793047	0.007063335224715804	0.04971098265895954	0.0	0.02010968921389397	0.059856996935648624	0.007101716714197842	0.013230556833870226	0.01504810459666146	0.14129327902240327	0.0056753688989784334	0.0003875968992248062	0.005339435545385202	0.006845524192373794	0.013952666902154716	0.006809425678702625	0.01348976638412239	0.010680907877169559	0.00231839258114374	0.0	0.0037678975131876413	1.0	0.0201104659396686	0.0	0.004835836090608297	0.0	0.010389900569768741
sv	0.0004302925989672978	0.02402135231316726	0.0	0.0	0.020973034669710372	0.008253257088958322	0.013904589645037305	0.006125574272588055	0.0024565713283032113	0.00891678920182483	0.02069434989788972	0.0	0.014598540145985401	0.01728985099803205	0.00849673202614379	0.014674268623235816	0.010460544790789105	0.022702364177235007	0.0012763241863433313	0.0	0.0	0.011017838405036727	0.009399477806788513	0.004460573070235125	0.01199176026288685	0.011598144296912494	0.00021542438604049978	0.0	0.0010620220900594733	0.0201104659396686	1.0	0.0	0.006376908877328411	0.0	0.010751708428246014
te	0.0	0.0	0.0	0.0	0.0	0.0	0.0	0.0	0.0	0.0	0.0	0.0	0.0	0.0	0.0	0.0	0.0	0.0	0.0	0.0	0.0	0.0	0.0	0.0	0.0	0.0	0.0	0.0	0.0	0.0	0.0	0.0	0.0	0.0	0.0
vi	0.0	0.006339581036383682	0.0	0.0	0.005671564836298015	0.0023161551823972205	0.004924375659514597	0.0020809334472892127	0.0012219959266802445	0.002153281760905973	0.00688345596961785	0.0	0.003519927330532531	0.009634888438133874	0.0023860653781913625	0.006221869208366429	0.0032426589803638984	0.008307692307692308	0.0006891798759476223	0.0	0.0006997900629811056	0.002886176417533522	0.0021455041934854693	0.001397624039133473	0.0035111803373901107	0.0036332549690104724	0.0	0.0	0.0	0.004835836090608297	0.006376908877328411	0.0	1.0	0.0	0.0033282130056323605
war	0.0	0.0	0.0	0.0	0.0	0.0	0.0	0.0	0.0	0.0	0.0	0.0	0.0	0.0	0.0	0.0	0.0	0.0	0.0	0.0	0.0	0.0	0.0	0.0	0.0	0.0	0.0	0.0	0.0	0.0	0.0	0.0	0.0	0.0	0.0
zh	0.0	0.015557877626843145	0.0	0.0	0.0098776518127736	0.013644389747980096	0.015691064549469134	0.008302147866285104	0.002654632333421821	0.01619002166011968	0.016104461371055496	0.0	0.012571760773199622	0.014528386231560126	0.012014787430683918	0.017143314908275253	0.01487871967991998	0.014663111972855065	0.0007641754546843956	0.0	0.0006133088009812941	0.01210717481707638	0.013315754779169414	0.008197813916288989	0.021226191604283143	0.017058617058617057	0.00015424957581366652	0.0	0.0006106870229007634	0.010389900569768741	0.010751708428246014	0.0	0.0033282130056323605	0.0	1.0
