arz	bs	ceb	ckb	da	de	el	en	es	fr	he	hi	hu	id	it	ja	ko	lv	mk	ml	mr	nl	pl	pt	ro	ru	sh	si	simple	sr	sv	te	vi	war	zh
arz	1.0	0.45723416865372646	0.953225785585603	0.6851283529839967	0.7785972406196937	0.648030222010082	0.5808555380946989	0.5697558172725187	0.5808555380946989	0.5516071891738518	0.4849776747716086	0.7690990303325336	0.4651422625714065	0.6112739674611671	0.5764289246277937	0.5596571763602306	0.606871684708837	0.6077612303506518	0.640586088850406	0.49689737382402743	0.46333647666303046	0.5021604443914679	0.3532673260714216	0.5808555380946989	0.49653458568898384	0.5263872844225116	0.488473374223043	1.0	0.30746694522957807	0.3589565763265157	0.5386942776445449	0.7863954451402115	0.6287306792660518	0.5764289246277937	0.5116881698603635
bs	0.45723416865372646	1.0	0.7892519014522846	0.7690990303325336	0.5549344596904358	0.6261170165719019	0.6841174893561722	0.4411136944726353	0.6157709899283211	0.3546472162324784	0.4041139292592116	0.691551603667662	0.5591227842883133	0.45977349397069517	0.6908587525207899	0.6039695051064192	0.46133874315024237	0.7411828468492556	0.7155834836037421	0.3735098163053429	0.382498374266404	0.7411828468492556	0.5730725387529213	0.5230435929909988	0.5768785209418947	0.4912447701330721	0.5768785209418946	1.0	0.3553195829237293	0.32490581477016056	0.6829809562360388	1.0	0.5431389391460951	1.0	0.43392315131059606
ceb	0.953225785585603	0.7892519014522846	1.0	0.8862616044261858	0.5742328313736458	0.32326937792714994	0.6060785363808847	0.24852387866455228	0.6135456408094847	0.3971991674161854	0.424981587643841	0.5033778028240976	0.4263058079127034	0.326667384463493	0.37489648292475586	0.3869951347704871	0.3210333255355587	0.46062036229458714	0.5860213327491174	0.7092923586858673	0.45835635298031957	0.5651919482359542	0.490876946723244	0.38611957844838496	0.49806558950615337	0.2830956134067898	0.5198385841409704	0.8216064286890065	0.3856864746663862	0.3749955776395212	0.5381978226520727	0.953225785585603	0.606714632545037	0.5404676559135528	0.30593459340399703
ckb	0.6851283529839967	0.7690990303325336	0.8862616044261858	1.0	0.6278350360215451	0.3886133839674971	0.72653347084664	0.5847816224842778	0.7106922308883379	0.41497172119791714	0.3851573822671662	0.7106922308883379	0.3567106958068531	0.5662070808854984	0.4092524014257873	0.7106922308883379	0.6356179082317746	0.7106922308883379	0.6695036579030706	0.639768868956498	0.4578858416267591	0.7106922308883379	0.663732983128842	0.7106922308883379	0.7370765140076343	0.5552402837442124	0.6773429894732823	1.0	0.39519138260422176	0.5774087225174939	0.6593734552451206	0.7509407156957146	0.7106922308883379	0.7863954451402115	0.5899179356286968
da	0.7785972406196937	0.5549344596904358	0.5742328313736458	0.6278350360215451	1.0	0.1992334757474395	0.3522254565022641	0.1915047531916201	0.2506988038466152	0.1878274614592585	0.2273971786577185	0.292940425440936	0.26539308251304966	0.20928239133977336	0.2249133760229945	0.22484111418666503	0.21228879947014176	0.3140342867111308	0.4079583496221666	0.30461764133022035	0.4834556961601116	0.24570256743162477	0.2188971942816	0.2134450160995192	0.24388667019728724	0.1694697278272839	0.30926255903917543	0.5896003987455296	0.2595609468519698	0.25235990779332834	0.26684897891348	0.6427811771228706	0.25206798541118924	0.7455134344225701	0.23187975921874254
de	0.648030222010082	0.6261170165719019	0.32326937792714994	0.3886133839674971	0.1992334757474395	1.0	0.3280330940898517	0.18082372299905122	0.20491841331213068	0.1705323472905903	0.2093894906612315	0.25104787489857894	0.2116916039080113	0.16645268265264573	0.2140230162267866	0.1909963852524132	0.20913713036257697	0.3577466179220098	0.31888782977017444	0.2756551800185782	0.4132436130256839	0.18131072344344695	0.19139440870255078	0.19193728085532952	0.1919402980799855	0.17691697219185676	0.21912836806611674	0.5765812944383589	0.21268709568705743	0.23403155836506617	0.19402293665805087	0.4561626785765714	0.2679262907150959	0.5660080322732698	0.20269138512842827
el	0.5808555380946989	0.6841174893561722	0.6060785363808847	0.72653347084664	0.3522254565022641	0.3280330940898517	1.0	0.30529994226053514	0.46038768105139144	0.3346287479346605	0.33712518942388725	0.37970429703210323	0.3253078508577425	0.33835518861980307	0.4159332465899792	0.3962874162156144	0.2354752225330548	0.7300208629885034	0.5137322682237813	0.2567449095031312	0.4427483234784672	0.29171484833552463	0.3525702034285807	0.30318706021485514	0.4570443772581085	0.3005285122484825	0.5783194240551776	1.0	0.347366258452379	0.3126607413174516	0.36837839244536436	0.7106824291060084	0.3911587282759866	0.7411828468492556	0.29634891606075825
en	0.5697558172725187	0.4411136944726353	0.24852387866455228	0.5847816224842778	0.1915047531916201	0.18082372299905122	0.30529994226053514	1.0	0.1678438896573249	0.16804430779336496	0.2284370737470894	0.20375526869538263	0.2272211210417034	0.1905851170227403	0.16923208362865466	0.20567337266812152	0.2049821181728401	0.29461341394690954	0.2786498349136127	0.27321972143002354	0.32691866677404496	0.1644319087010049	0.18738601661212062	0.18079401709423337	0.2032342145409391	0.17595957710573246	0.25767370799537975	0.4850552917161922	0.19185019131263384	0.25356280684758714	0.1745337354760386	0.42526365450119297	0.22392334498532748	0.6902237961941814	0.23348605010776144
es	0.5808555380946989	0.6157709899283211	0.6135456408094847	0.7106922308883379	0.2506988038466152	0.20491841331213068	0.46038768105139144	0.1678438896573249	1.0	0.16612604284844604	0.2700901680835924	0.326902121139334	0.2710990665376578	0.2082910169987555	0.220223625426275	0.2252525476468463	0.20074256648647498	0.5087859696353882	0.49312467001836485	0.3271300103689225	0.48959227335168765	0.20189352138571126	0.23563198093552823	0.21850500671016504	0.25241811437289363	0.1813921685546504	0.41861658491677983	0.7376607345031153	0.30728898598595955	0.3185826417047052	0.23963980855933698	0.6467284374446869	0.29276061505622264	0.7411828468492556	0.2588534343027365
fr	0.5516071891738518	0.3546472162324784	0.3971991674161854	0.41497172119791714	0.1878274614592585	0.1705323472905903	0.3346287479346605	0.16804430779336496	0.16612604284844604	1.0	0.22214025016412792	0.26199709606895305	0.23326412706070826	0.19055940960900167	0.1861305096623507	0.1679795926247093	0.18254807664217587	0.396083884560138	0.31388242687202206	0.2861224956258834	0.33082843163498454	0.17353165087880154	0.1891542682111477	0.1774200259725118	0.2159525170243304	0.1775388599344942	0.2557005924632877	0.5687278405661242	0.23805287371726339	0.21651053206364795	0.19285091466785056	0.4129688132899704	0.2169391582733161	0.5663974036261077	0.18578816457621566
he	0.4849776747716086	0.4041139292592116	0.424981587643841	0.3851573822671662	0.2273971786577185	0.2093894906612315	0.33712518942388725	0.2284370737470894	0.2700901680835924	0.22214025016412792	1.0	0.31384844767845865	0.24527122982596103	0.254689062498771	0.29563817094710654	0.24168994645637967	0.2508837234337611	0.31407812426163595	0.291143349546995	0.33832173320166437	0.3796349875944667	0.22653685525606665	0.23093028174142763	0.22345447258970294	0.2574677814686176	0.19870827880977027	0.29889892050148537	0.39538311603482656	0.2806846268642115	0.22116714240257038	0.28650969155250106	0.7126076878862917	0.24381493252416173	0.5830630222946833	0.27440143032701264
hi	0.7690990303325336	0.691551603667662	0.5033778028240976	0.7106922308883379	0.292940425440936	0.25104787489857894	0.37970429703210323	0.20375526869538263	0.326902121139334	0.26199709606895305	0.31384844767845865	1.0	0.38393677093472295	0.2501901252434583	0.25936419698072727	0.31199256836276157	0.2510407050400976	0.4477258415867372	0.4492945169220573	0.2520045563587344	0.3095223238643954	0.44066935188472073	0.3263680541135467	0.27084788058758685	0.2928712341042237	0.24410145491462845	0.49695463373655235	0.74551343442257	0.3449122698322027	0.3079965186064704	0.29312686589809983	0.33767790753776655	0.3626448688684513	0.7510341748895938	0.24785924408923146
hu	0.4651422625714065	0.5591227842883133	0.4263058079127034	0.3567106958068531	0.26539308251304966	0.2116916039080113	0.3253078508577425	0.2272211210417034	0.2710990665376578	0.23326412706070826	0.24527122982596103	0.38393677093472295	1.0	0.24257468864819476	0.2836494390088319	0.2755583776211013	0.23516484206446658	0.3563714673310885	0.3808090327041501	0.3507695476011475	0.3588449332786408	0.26471358055882044	0.23689003543523696	0.2877958757782641	0.3038613090367363	0.18688850367665147	0.28873069156852155	0.6104959502284848	0.25252634159429144	0.30316927278323974	0.2787809819856016	0.4576444201675777	0.2879546989178716	0.6222285341334571	0.25835359570737754
id	0.6112739674611671	0.45977349397069517	0.326667384463493	0.5662070808854984	0.20928239133977336	0.16645268265264573	0.33835518861980307	0.1905851170227403	0.2082910169987555	0.19055940960900167	0.254689062498771	0.2501901252434583	0.24257468864819476	1.0	0.17366901293788015	0.15058313713893415	0.17383257850208006	0.4135768916570236	0.2952123166306654	0.2454450460666323	0.32475506539959276	0.18196112732971326	0.18477440316849833	0.22645188060358326	0.2565333821987298	0.1728401176553135	0.298611261477318	0.5551085570297921	0.20219574760458517	0.25010403331389336	0.2173755144963702	0.49322859322617885	0.16345547344840078	0.6562661056221565	0.17176717378366022
it	0.5764289246277937	0.6908587525207899	0.37489648292475586	0.4092524014257873	0.2249133760229945	0.2140230162267866	0.4159332465899792	0.16923208362865466	0.220223625426275	0.1861305096623507	0.29563817094710654	0.25936419698072727	0.2836494390088319	0.17366901293788015	1.0	0.21419243979476105	0.2025726689493957	0.33082016640131895	0.29746150982094777	0.2927046536260597	0.43454593418970383	0.2103720968239806	0.2033940026392113	0.17167757170060108	0.23419273979556418	0.16504294673250036	0.3000073981636774	0.39561219619369903	0.2869359748421014	0.2189151770329109	0.18047946997328118	0.5486488128449052	0.2770421746154148	0.6588788476505512	0.23150989000046704
ja	0.5596571763602306	0.6039695051064192	0.3869951347704871	0.7106922308883379	0.22484111418666503	0.1909963852524132	0.3962874162156144	0.20567337266812152	0.2252525476468463	0.1679795926247093	0.24168994645637967	0.31199256836276157	0.2755583776211013	0.15058313713893415	0.21419243979476105	1.0	0.2093510305390861	0.2969376684593663	0.2801091028900816	0.3081618829643945	0.31935795392396327	0.2191288916468793	0.21475079880933384	0.181341108750672	0.2769263219290851	0.20038987483962428	0.34726570656309963	0.6590289336463361	0.27038698446206216	0.26465833975593583	0.20059245693677336	0.5883234403825821	0.24230097918375582	0.4111474538727049	0.25871208623379943
ko	0.606871684708837	0.46133874315024237	0.3210333255355587	0.6356179082317746	0.21228879947014176	0.20913713036257697	0.2354752225330548	0.2049821181728401	0.20074256648647498	0.18254807664217587	0.2508837234337611	0.2510407050400976	0.23516484206446658	0.17383257850208006	0.2025726689493957	0.2093510305390861	1.0	0.2436109468777351	0.24414882818358458	0.2847116661093927	0.38724095968868694	0.22804390939622812	0.2202481170644346	0.2191287182035697	0.2512193034319123	0.16698027970234733	0.34241243071607724	0.34648771071892315	0.19529987505495083	0.24837084983828964	0.23432985587657348	0.5811824348635611	0.24153203680313728	0.5656457049563465	0.21260178467626373
lv	0.6077612303506518	0.7411828468492556	0.46062036229458714	0.7106922308883379	0.3140342867111308	0.3577466179220098	0.7300208629885034	0.29461341394690954	0.5087859696353882	0.396083884560138	0.31407812426163595	0.4477258415867372	0.3563714673310885	0.4135768916570236	0.33082016640131895	0.2969376684593663	0.2436109468777351	1.0	0.4128772364808499	0.31541889510091303	0.39610968036327493	0.5410702563631401	0.398777479327191	0.4229521812670501	0.3467029757637876	0.31736886637942674	0.43601126647753535	1.0	0.35333541444395333	0.3645180233209325	0.5063446687928096	1.0	0.42161132690592606	1.0	0.3233370758709281
mk	0.640586088850406	0.7155834836037421	0.5860213327491174	0.6695036579030706	0.4079583496221666	0.31888782977017444	0.5137322682237813	0.2786498349136127	0.49312467001836485	0.31388242687202206	0.291143349546995	0.4492945169220573	0.3808090327041501	0.2952123166306654	0.29746150982094777	0.2801091028900816	0.24414882818358458	0.4128772364808499	1.0	0.4293707237448482	0.36876438075336565	0.44790174984954906	0.31472174909552353	0.41787561674440604	0.39470743379501116	0.3941628294538582	0.4056252416613036	0.72653347084664	0.3281240490096164	0.23428038433631623	0.3384132811084301	0.732051759263289	0.4127592685676207	0.4832922637564456	0.36511717552580436
ml	0.49689737382402743	0.3735098163053429	0.7092923586858673	0.639768868956498	0.30461764133022035	0.2756551800185782	0.2567449095031312	0.27321972143002354	0.3271300103689225	0.2861224956258834	0.33832173320166437	0.2520045563587344	0.3507695476011475	0.2454450460666323	0.2927046536260597	0.3081618829643945	0.2847116661093927	0.31541889510091303	0.4293707237448482	1.0	0.27966768909765405	0.3746742334218074	0.3192244625608934	0.3205547556871475	0.2777251715699639	0.2487601280396544	0.32586073615320527	0.6744991048827025	0.2632171037535326	0.3364144425412311	0.32644169470493994	0.4320049688359778	0.30520731822523767	0.45418376318686127	0.3665506510777245
mr	0.46333647666303046	0.382498374266404	0.45835635298031957	0.4578858416267591	0.4834556961601116	0.4132436130256839	0.4427483234784672	0.32691866677404496	0.48959227335168765	0.33082843163498454	0.3796349875944667	0.3095223238643954	0.3588449332786408	0.32475506539959276	0.43454593418970383	0.31935795392396327	0.38724095968868694	0.39610968036327493	0.36876438075336565	0.27966768909765405	1.0	0.34693593276959744	0.3531990438582325	0.35664813175735344	0.38438050251195394	0.352973776720606	0.5083998527128257	0.3518050132171558	0.23904526653315275	0.3773559872497207	0.48140504133324447	0.44296513295088014	0.6069092256677395	0.44110120776314976	0.360987169485574
nl	0.5021604443914679	0.7411828468492556	0.5651919482359542	0.7106922308883379	0.24570256743162477	0.18131072344344695	0.29171484833552463	0.1644319087010049	0.20189352138571126	0.17353165087880154	0.22653685525606665	0.44066935188472073	0.26471358055882044	0.18196112732971326	0.2103720968239806	0.2191288916468793	0.22804390939622812	0.5410702563631401	0.44790174984954906	0.3746742334218074	0.34693593276959744	1.0	0.22210713986719668	0.19081723008961401	0.23868178276204205	0.15936979895378786	0.3231630795224159	0.7411828468492556	0.25966994952940065	0.2680805086339293	0.19669723253853796	0.74551343442257	0.2656111121788627	0.7411828468492556	0.23624143519884977
pl	0.3532673260714216	0.5730725387529213	0.490876946723244	0.663732983128842	0.2188971942816	0.19139440870255078	0.3525702034285807	0.18738601661212062	0.23563198093552823	0.1891542682111477	0.23093028174142763	0.3263680541135467	0.23689003543523696	0.18477440316849833	0.2033940026392113	0.21475079880933384	0.2202481170644346	0.398777479327191	0.31472174909552353	0.3192244625608934	0.3531990438582325	0.22210713986719668	1.0	0.2133912061552334	0.1987601210438809	0.15937632221218473	0.28552386656271267	0.7992591943912659	0.25832458696525246	0.18619774060364383	0.2203951129068722	0.5835517210989422	0.3097400423695769	0.4131449623918512	0.235843800562855
pt	0.5808555380946989	0.5230435929909988	0.38611957844838496	0.7106922308883379	0.2134450160995192	0.19193728085532952	0.30318706021485514	0.18079401709423337	0.21850500671016504	0.1774200259725118	0.22345447258970294	0.27084788058758685	0.2877958757782641	0.22645188060358326	0.17167757170060108	0.181341108750672	0.2191287182035697	0.4229521812670501	0.41787561674440604	0.3205547556871475	0.35664813175735344	0.19081723008961401	0.2133912061552334	1.0	0.2496254848406788	0.16912163421550178	0.31768787779512364	0.32971067037264806	0.24031216660735474	0.2496286268846733	0.21527025434619465	0.6203276642407918	0.2930654720182731	0.7411828468492556	0.22199913281209438
ro	0.49653458568898384	0.5768785209418947	0.49806558950615337	0.7370765140076343	0.24388667019728724	0.1919402980799855	0.4570443772581085	0.2032342145409391	0.25241811437289363	0.2159525170243304	0.2574677814686176	0.2928712341042237	0.3038613090367363	0.2565333821987298	0.23419273979556418	0.2769263219290851	0.2512193034319123	0.3467029757637876	0.39470743379501116	0.2777251715699639	0.38438050251195394	0.23868178276204205	0.1987601210438809	0.2496254848406788	1.0	0.17019435264133145	0.3819861196899368	1.0	0.2820984851026287	0.2866661667588922	0.23129309341129597	0.8695669956030054	0.2943586887854943	0.5197014058856294	0.3005949824107381
ru	0.5263872844225116	0.4912447701330721	0.2830956134067898	0.5552402837442124	0.1694697278272839	0.17691697219185676	0.3005285122484825	0.17595957710573246	0.1813921685546504	0.1775388599344942	0.19870827880977027	0.24410145491462845	0.18688850367665147	0.1728401176553135	0.16504294673250036	0.20038987483962428	0.16698027970234733	0.31736886637942674	0.3941628294538582	0.2487601280396544	0.352973776720606	0.15936979895378786	0.15937632221218473	0.16912163421550178	0.17019435264133145	1.0	0.3068667205209473	0.4963841610234753	0.23694500134464572	0.22808296336983183	0.16957887410555264	0.49857899550224977	0.21723762753370782	0.6353412289917942	0.1950402085829302
sh	0.488473374223043	0.5768785209418946	0.5198385841409704	0.6773429894732823	0.30926255903917543	0.21912836806611674	0.5783194240551776	0.25767370799537975	0.41861658491677983	0.2557005924632877	0.29889892050148537	0.49695463373655235	0.28873069156852155	0.298611261477318	0.3000073981636774	0.34726570656309963	0.34241243071607724	0.43601126647753535	0.4056252416613036	0.32586073615320527	0.5083998527128257	0.3231630795224159	0.28552386656271267	0.31768787779512364	0.3819861196899368	0.3068667205209473	1.0	0.6863225612388889	0.28461117612904385	0.3151807873499934	0.4330503226033071	0.7690990303325336	0.39730013605553044	0.6940042587552453	0.32053626342719627
si	1.0	1.0	0.8216064286890065	1.0	0.5896003987455296	0.5765812944383589	1.0	0.4850552917161922	0.7376607345031153	0.5687278405661242	0.39538311603482656	0.74551343442257	0.6104959502284848	0.5551085570297921	0.39561219619369903	0.6590289336463361	0.34648771071892315	1.0	0.72653347084664	0.6744991048827025	0.3518050132171558	0.7411828468492556	0.7992591943912659	0.32971067037264806	1.0	0.4963841610234753	0.6863225612388889	1.0	0.4005132841227735	0.6224484346309475	0.7376607345031153	0.6983438190355966	1.0	1.0	0.5343613949921503
simple	0.30746694522957807	0.3553195829237293	0.3856864746663862	0.39519138260422176	0.2595609468519698	0.21268709568705743	0.347366258452379	0.19185019131263384	0.30728898598595955	0.23805287371726339	0.2806846268642115	0.3449122698322027	0.25252634159429144	0.20219574760458517	0.2869359748421014	0.27038698446206216	0.19529987505495083	0.35333541444395333	0.3281240490096164	0.2632171037535326	0.23904526653315275	0.25966994952940065	0.25832458696525246	0.24031216660735474	0.2820984851026287	0.23694500134464572	0.28461117612904385	0.4005132841227735	1.0	0.30521713765756114	0.3072538975722198	0.26978014142458956	0.28597556423746734	0.2910508549604722	0.2690125800003425
sr	0.3589565763265157	0.32490581477016056	0.3749955776395212	0.5774087225174939	0.25235990779332834	0.23403155836506617	0.3126607413174516	0.25356280684758714	0.3185826417047052	0.21651053206364795	0.22116714240257038	0.3079965186064704	0.30316927278323974	0.25010403331389336	0.2189151770329109	0.26465833975593583	0.24837084983828964	0.3645180233209325	0.23428038433631623	0.3364144425412311	0.3773559872497207	0.2680805086339293	0.18619774060364383	0.2496286268846733	0.2866661667588922	0.22808296336983183	0.3151807873499934	0.6224484346309475	0.30521713765756114	1.0	0.27900630940336846	0.5922093416610824	0.2529618657367277	0.40948615325736865	0.2900316493031706
sv	0.5386942776445449	0.6829809562360388	0.5381978226520727	0.6593734552451206	0.26684897891348	0.19402293665805087	0.36837839244536436	0.1745337354760386	0.23963980855933698	0.19285091466785056	0.28650969155250106	0.29312686589809983	0.2787809819856016	0.2173755144963702	0.18047946997328118	0.20059245693677336	0.23432985587657348	0.5063446687928096	0.3384132811084301	0.32644169470493994	0.48140504133324447	0.19669723253853796	0.2203951129068722	0.21527025434619465	0.23129309341129597	0.16957887410555264	0.4330503226033071	0.7376607345031153	0.3072538975722198	0.27900630940336846	1.0	0.6246595358235413	0.2926567942728477	0.6604899137252909	0.26026492585921374
te	0.7863954451402115	1.0	0.953225785585603	0.7509407156957146	0.6427811771228706	0.4561626785765714	0.7106824291060084	0.42526365450119297	0.6467284374446869	0.4129688132899704	0.7126076878862917	0.33767790753776655	0.4576444201675777	0.49322859322617885	0.5486488128449052	0.5883234403825821	0.5811824348635611	1.0	0.732051759263289	0.4320049688359778	0.44296513295088014	0.74551343442257	0.5835517210989422	0.6203276642407918	0.8695669956030054	0.49857899550224977	0.7690990303325336	0.6983438190355966	0.26978014142458956	0.5922093416610824	0.6246595358235413	1.0	1.0	1.0	0.5728822875222236
vi	0.6287306792660518	0.5431389391460951	0.606714632545037	0.7106922308883379	0.25206798541118924	0.2679262907150959	0.3911587282759866	0.22392334498532748	0.29276061505622264	0.2169391582733161	0.24381493252416173	0.3626448688684513	0.2879546989178716	0.16345547344840078	0.2770421746154148	0.24230097918375582	0.24153203680313728	0.42161132690592606	0.4127592685676207	0.30520731822523767	0.6069092256677395	0.2656111121788627	0.3097400423695769	0.2930654720182731	0.2943586887854943	0.21723762753370782	0.39730013605553044	1.0	0.28597556423746734	0.2529618657367277	0.2926567942728477	1.0	1.0	0.5845588086982426	0.26565989952567665
war	0.5764289246277937	1.0	0.5404676559135528	0.7863954451402115	0.7455134344225701	0.5660080322732698	0.7411828468492556	0.6902237961941814	0.7411828468492556	0.5663974036261077	0.5830630222946833	0.7510341748895938	0.6222285341334571	0.6562661056221565	0.6588788476505512	0.4111474538727049	0.5656457049563465	1.0	0.4832922637564456	0.45418376318686127	0.44110120776314976	0.7411828468492556	0.4131449623918512	0.7411828468492556	0.5197014058856294	0.6353412289917942	0.6940042587552453	1.0	0.2910508549604722	0.40948615325736865	0.6604899137252909	1.0	0.5845588086982426	1.0	0.6087520139195423
zh	0.5116881698603635	0.43392315131059606	0.30593459340399703	0.5899179356286968	0.23187975921874254	0.20269138512842827	0.29634891606075825	0.23348605010776144	0.2588534343027365	0.18578816457621566	0.27440143032701264	0.24785924408923146	0.25835359570737754	0.17176717378366022	0.23150989000046704	0.25871208623379943	0.21260178467626373	0.3233370758709281	0.36511717552580436	0.3665506510777245	0.360987169485574	0.23624143519884977	0.235843800562855	0.22199913281209438	0.3005949824107381	0.1950402085829302	0.32053626342719627	0.5343613949921503	0.2690125800003425	0.2900316493031706	0.26026492585921374	0.5728822875222236	0.26565989952567665	0.6087520139195423	1.0
