arz	bs	ceb	ckb	da	de	el	en	es	fr	he	hi	hu	id	it	ja	ko	lv	mk	ml	mr	nl	pl	pt	ro	ru	sh	si	simple	sr	sv	te	vi	war	zh
arz	1.0	0.5666666666666667	0.5263157894736842	0.56	0.5357142857142857	0.5260425679183249	0.5555555555555556	0.5109717868338558	0.5217391304347826	0.5191256830601093	0.5306122448979592	0.5256410256410257	0.5526770293609672	0.5289268991138114	0.5174418604651163	0.5220588235294117	0.5308755760368663	0.5581395348837209	0.5681818181818182	0.5587106676899463	0.5395567060346222	0.5309734513274337	0.5336483293958826	0.5284552845528455	0.5463406292749657	0.5211349160393747	0.5576923076923077	0.5135135135135135	0.5333333333333333	0.5522388059701493	0.5178571428571429	0.5348837209302326	0.5501756146512795	0.625	0.525698815566836
bs	0.5666666666666667	1.0	0.5476190476190476	0.5666666666666667	0.5517241379310345	0.5317460317460317	0.5671641791044776	0.515527950310559	0.5272727272727272	0.5240641711229946	0.55	0.55	0.5512820512820512	0.5343511450381679	0.5227272727272727	0.5285714285714286	0.538089972647384	0.5869565217391304	0.56	0.5639828860365617	0.5517241379310345	0.5338983050847458	0.5391304347826087	0.5373771892353695	0.5454545454545455	0.5254237288135593	0.5714285714285714	0.55	0.5425531914893617	0.5555555555555556	0.5294117647058824	0.5416666666666666	0.5542168674698795	0.5625	0.5320060685102872
ceb	0.5263157894736842	0.5476190476190476	1.0	0.5405405405405405	0.5704034134988363	0.5584521640806583	0.5431829615965118	0.5206543571376715	0.54786939679026	0.5375657952774429	0.5704644985282504	0.5558967360400319	0.5802128498226251	0.5451404369148461	0.5337078651685393	0.5384615384615384	0.541263940520446	0.5882352941176471	0.5705521472392638	0.5448354143019296	0.5417207090358841	0.5545522949586156	0.5571187394485086	0.5461538461538461	0.5627758705247671	0.5371042114970797	0.5752212389380531	0.5208333333333334	0.5598341232227488	0.5586587832581298	0.5398044380943876	0.5178571428571429	0.5595273557740046	0.5384615384615384	0.5408286334554727
ckb	0.56	0.5666666666666667	0.5405405405405405	1.0	0.5357142857142857	0.5304504504504505	0.5384615384615384	0.5109717868338558	0.5185185185185185	0.5200502427776007	0.5306122448979592	0.5394736842105263	0.5405405405405405	0.5234375	0.5174418604651163	0.5220588235294117	0.5245901639344263	0.5714285714285714	0.5555555555555556	0.5531914893617021	0.5499304105775922	0.5263157894736842	0.5267857142857143	0.5241935483870968	0.5357142857142857	0.5181529784984138	0.5618081180811808	0.5277777777777778	0.5274725274725275	0.5441176470588236	0.5178571428571429	0.5476190476190476	0.5375	0.5555555555555556	0.5214285714285714
da	0.5357142857142857	0.5517241379310345	0.5704034134988363	0.5357142857142857	1.0	0.5962519405633179	0.584070796460177	0.554650839032142	0.5888807607900512	0.5867444768653606	0.6119573681136851	0.576	0.6243683100553101	0.5986917887115353	0.5796089385474861	0.5865331107401224	0.5930149866989755	0.5913978494623656	0.5714285714285714	0.5588235294117647	0.5533877261440227	0.5986842105263158	0.6223156355661154	0.6000000000000001	0.6171519112695583	0.5851956682254492	0.5853658536585367	0.5376344086021506	0.6078897145409511	0.5879654137991883	0.582452304907001	0.5294117647058824	0.6016260162601625	0.5411764705882353	0.6011449499200014
de	0.5260425679183249	0.5317460317460317	0.5584521640806583	0.5304504504504505	0.5962519405633179	1.0	0.5782312925170068	0.578505974409676	0.6146788990825688	0.6243671030424669	0.6085578446909667	0.5723270440251572	0.5995764581311215	0.6007334963325184	0.6035208673227725	0.6139214046822743	0.5970945745627039	0.5580337549375574	0.56124894017031	0.5615523001799023	0.5577787550083064	0.6176362297496318	0.6160339101234931	0.6219701216898065	0.6012658227848101	0.6065369991225504	0.5658743451765795	0.5307692307692308	0.607579923446008	0.5824390951276102	0.5949809850227711	0.5367647058823529	0.5901514510533886	0.5327868852459017	0.6142083150613232
el	0.5555555555555556	0.5671641791044776	0.5431829615965118	0.5384615384615384	0.584070796460177	0.5782312925170068	1.0	0.5415451139510432	0.5645161290322581	0.5576923076923077	0.5793650793650793	0.5849056603773585	0.580952380952381	0.567741935483871	0.5612244897959184	0.5750000000000001	0.5689211326936578	0.5769230769230769	0.5679012345679012	0.5875	0.5747126436781609	0.5704225352112676	0.5714285714285714	0.5810810810810811	0.5789473684210527	0.5634517766497462	0.5747126436781609	0.5333333333333333	0.5810140046091118	0.5918367346938775	0.5625	0.5641025641025641	0.5941329372447085	0.5625	0.5696969696969697
en	0.5109717868338558	0.515527950310559	0.5206543571376715	0.5109717868338558	0.554650839032142	0.578505974409676	0.5415451139510432	1.0	0.5950335505792274	0.6086068329970769	0.564292387396314	0.5496936691626957	0.5485319004258844	0.5838849078277993	0.5921870260993058	0.5847819019754078	0.5702744628956443	0.5258358662613982	0.5260245469075118	0.5288723442890866	0.5337757510158454	0.5722301003967937	0.5694421750399682	0.5773819741149814	0.5548462428629514	0.6003697674885955	0.533288948069241	0.5186882027068092	0.561102378835208	0.5449193379425937	0.5880393155514785	0.524390243902439	0.5520988073511311	0.5125000000000001	0.5850245014045471
es	0.5217391304347826	0.5272727272727272	0.54786939679026	0.5185185185185185	0.5888807607900512	0.6146788990825688	0.5645161290322581	0.5950335505792274	1.0	0.6261180679785331	0.5935747446610956	0.5634517766497462	0.5921052631578947	0.5944507534026	0.6017357762777241	0.6025641025641025	0.5955555555555555	0.5465116279069767	0.5428571428571428	0.5454545454545455	0.5457336194091434	0.6132075471698113	0.6000000000000001	0.615469735531703	0.5808080808080808	0.6164623467600701	0.5569719413189005	0.5266272189349113	0.5910316825227468	0.5712465125891227	0.5886016628873771	0.5284090909090908	0.5824742268041238	0.5246913580246914	0.6130355949995229
fr	0.5191256830601093	0.5240641711229946	0.5375657952774429	0.5200502427776007	0.5867444768653606	0.6243671030424669	0.5576923076923077	0.6086068329970769	0.6261180679785331	1.0	0.5968477507388085	0.5622119815668203	0.5847270841436536	0.5989807135005496	0.5984664598370011	0.6007905138339921	0.6042198550341873	0.5412371134020618	0.5435897435897437	0.5476875548959627	0.5522954344251929	0.6025641025641025	0.6017772266997313	0.6049915413712482	0.5817920209287116	0.611739106382194	0.5529526598340654	0.5263157894736842	0.5864809701044543	0.5652044091666875	0.5814243100002896	0.5306122448979592	0.5740740740740741	0.5217391304347826	0.6215095986038395
he	0.5306122448979592	0.55	0.5704644985282504	0.5306122448979592	0.6119573681136851	0.6085578446909667	0.5793650793650793	0.564292387396314	0.5935747446610956	0.5968477507388085	1.0	0.5711196243203164	0.6113924050632912	0.60825267447784	0.5791832799103537	0.5872205432395398	0.5903020341072529	0.5756552643269658	0.5653521126760563	0.5554012774229381	0.5456773853452821	0.6053629088867051	0.5957606171822335	0.6249389776135016	0.6025532148042627	0.5961683511841906	0.5790996910321091	0.5327102803738317	0.6070409693832534	0.5883052056096981	0.5698421975452952	0.5258620689655172	0.605972701456533	0.5353535353535354	0.6062425240921708
hi	0.5256410256410257	0.55	0.5558967360400319	0.5394736842105263	0.576	0.5723270440251572	0.5849056603773585	0.5496936691626957	0.5634517766497462	0.5622119815668203	0.5711196243203164	1.0	0.5775862068965517	0.5802469135802469	0.5550239234449761	0.5759204379928676	0.5671254219683199	0.5795454545454545	0.5713101160862355	0.5888888888888889	0.6264788732394366	0.5612903225806452	0.573672211432914	0.5644171779141104	0.5748865355521937	0.5625	0.5656565656565656	0.5411764705882353	0.5779987569919205	0.5766174801362088	0.5615763546798029	0.5952380952380952	0.5781938325991189	0.5384615384615384	0.5629353636805443
hu	0.5526770293609672	0.5512820512820512	0.5802128498226251	0.5405405405405405	0.6243683100553101	0.5995764581311215	0.580952380952381	0.5485319004258844	0.5921052631578947	0.5847270841436536	0.6113924050632912	0.5775862068965517	1.0	0.5823211207323598	0.5705188722904055	0.5876876699373448	0.5923183711244794	0.5882352941176471	0.5843490980009752	0.5671254219683199	0.5654182328698881	0.6053995513266807	0.6073015596410212	0.5987878787878788	0.620368601986249	0.5912802494185183	0.6004083876541271	0.5421686746987951	0.614992691584882	0.5993097650546436	0.5779091392136025	0.5268817204301075	0.5992008524240809	0.5540540540540541	0.5983220405788396
id	0.5289268991138114	0.5343511450381679	0.5451404369148461	0.5234375	0.5986917887115353	0.6007334963325184	0.567741935483871	0.5838849078277993	0.5944507534026	0.5989807135005496	0.60825267447784	0.5802469135802469	0.5823211207323598	1.0	0.5805700159262165	0.5974213016939853	0.5960411232162038	0.5579710144927537	0.5546053278285659	0.5562256528639445	0.5550690317680175	0.5912390995741229	0.5938220378054403	0.60119774751959	0.5903614457831325	0.6035059802302152	0.5578231292517006	0.5255474452554745	0.591095416831292	0.5718590331455522	0.5731343283582089	0.5404074935047176	0.6045531197301856	0.53125	0.6135118685331711
it	0.5174418604651163	0.5227272727272727	0.5337078651685393	0.5174418604651163	0.5796089385474861	0.6035208673227725	0.5612244897959184	0.5921870260993058	0.6017357762777241	0.5984664598370011	0.5791832799103537	0.5550239234449761	0.5705188722904055	0.5805700159262165	1.0	0.611526569353563	0.5827834123152783	0.5439560439560439	0.5434782608695652	0.543010752688172	0.5400012217222211	0.5937794533459001	0.5954975995847931	0.5956239870340356	0.5869943201576446	0.6057824690224873	0.5520836644521441	0.5280898876404494	0.5786701123148793	0.5709730206016868	0.612435023290353	0.5268817204301075	0.5830552321821239	0.5232558139534884	0.5932854518122599
ja	0.5220588235294117	0.5285714285714286	0.5384615384615384	0.5220588235294117	0.5865331107401224	0.6139214046822743	0.5750000000000001	0.5847819019754078	0.6025641025641025	0.6007905138339921	0.5872205432395398	0.5759204379928676	0.5876876699373448	0.5974213016939853	0.611526569353563	1.0	0.6100098090654015	0.5510204081632653	0.5540540540540541	0.5533333333333333	0.5528694836938325	0.596938775510204	0.5965536571693192	0.5908795471223398	0.5895953757225434	0.5936753473524087	0.5584415584415584	0.5314685314685315	0.6005388542257515	0.575001699177598	0.6014595859916464	0.5369127516778524	0.6024096385542168	0.5294117647058824	0.6082747493373285
ko	0.5308755760368663	0.538089972647384	0.541263940520446	0.5245901639344263	0.5930149866989755	0.5970945745627039	0.5689211326936578	0.5702744628956443	0.5955555555555555	0.6042198550341873	0.5903020341072529	0.5671254219683199	0.5923183711244794	0.5960411232162038	0.5827834123152783	0.6100098090654015	1.0	0.5606060606060607	0.5597014925373135	0.5460793502030615	0.5472816945576874	0.590339892665474	0.5873352117310737	0.5879580107692587	0.5826604203908032	0.5873818766419637	0.5642857142857143	0.5348837209302326	0.6034626368396002	0.5691105258686603	0.5776829173065411	0.5251798561151079	0.6001514168288989	0.5327868852459017	0.6221690846802933
lv	0.5581395348837209	0.5869565217391304	0.5882352941176471	0.5714285714285714	0.5913978494623656	0.5580337549375574	0.5769230769230769	0.5258358662613982	0.5465116279069767	0.5412371134020618	0.5756552643269658	0.5795454545454545	0.5882352941176471	0.5579710144927537	0.5439560439560439	0.5510204081632653	0.5606060606060607	1.0	0.6034482758620691	0.5714285714285714	0.5652173913043479	0.5645161290322581	0.5727034448327509	0.5639097744360902	0.5913978494623656	0.547448596590805	0.609375	0.5471698113207547	0.5742574257425742	0.6025641025641025	0.5480225988700566	0.540983606557377	0.5888888888888889	0.5681818181818182	0.5533333333333333
mk	0.5681818181818182	0.56	0.5705521472392638	0.5555555555555556	0.5714285714285714	0.56124894017031	0.5679012345679012	0.5260245469075118	0.5428571428571428	0.5435897435897437	0.5653521126760563	0.5713101160862355	0.5843490980009752	0.5546053278285659	0.5434782608695652	0.5540540540540541	0.5597014925373135	0.6034482758620691	1.0	0.5651981403586451	0.5503009458297506	0.5680000000000001	0.5666923670007711	0.5565934306889444	0.5874125874125874	0.5439544367396804	0.5970149253731343	0.5454545454545455	0.5683861197925058	0.5987096774193548	0.5414364640883979	0.53125	0.5806451612903225	0.5909090909090909	0.5531925177630624
ml	0.5587106676899463	0.5639828860365617	0.5448354143019296	0.5531914893617021	0.5588235294117647	0.5615523001799023	0.5875	0.5288723442890866	0.5454545454545455	0.5476875548959627	0.5554012774229381	0.5888888888888889	0.5671254219683199	0.5562256528639445	0.543010752688172	0.5533333333333333	0.5460793502030615	0.5714285714285714	0.5651981403586451	1.0	0.6173499125704294	0.5538461538461539	0.5663335472632254	0.551563711553373	0.5730978260869565	0.5501618122977346	0.5540540540540541	0.543859649122807	0.5636562734136361	0.572233564720294	0.5422265543410151	0.6222222222222222	0.558968058968059	0.5625	0.5434588214253778
mr	0.5395567060346222	0.5517241379310345	0.5417207090358841	0.5499304105775922	0.5533877261440227	0.5577787550083064	0.5747126436781609	0.5337757510158454	0.5457336194091434	0.5522954344251929	0.5456773853452821	0.6264788732394366	0.5654182328698881	0.5550690317680175	0.5400012217222211	0.5528694836938325	0.5472816945576874	0.5652173913043479	0.5503009458297506	0.6173499125704294	1.0	0.5474452554744526	0.5561935483870968	0.5465690907617942	0.5592105263157895	0.5533980582524272	0.5594349142280525	0.5483870967741935	0.5566265060240964	0.5577740016992353	0.5435528740200152	0.6062474862582116	0.5471698113207547	0.5454545454545455	0.5417313001824372
nl	0.5309734513274337	0.5338983050847458	0.5545522949586156	0.5263157894736842	0.5986842105263158	0.6176362297496318	0.5704225352112676	0.5722301003967937	0.6132075471698113	0.6025641025641025	0.6053629088867051	0.5612903225806452	0.6053995513266807	0.5912390995741229	0.5937794533459001	0.596938775510204	0.590339892665474	0.5645161290322581	0.5680000000000001	0.5538461538461539	0.5474452554744526	1.0	0.6053914803569785	0.6050155918345955	0.6026490066225166	0.6011537597083135	0.5855986119144013	0.5327868852459017	0.5959795621526871	0.5845070422535211	0.5859030837004405	0.5267175572519084	0.5967051912393845	0.5350877192982456	0.5968179522949599
pl	0.5336483293958826	0.5391304347826087	0.5571187394485086	0.5267857142857143	0.6223156355661154	0.6160339101234931	0.5714285714285714	0.5694421750399682	0.6000000000000001	0.6017772266997313	0.5957606171822335	0.573672211432914	0.6073015596410212	0.5938220378054403	0.5954975995847931	0.5965536571693192	0.5873352117310737	0.5727034448327509	0.5666923670007711	0.5663335472632254	0.5561935483870968	0.6053914803569785	1.0	0.6017941188302024	0.6120466321243523	0.6025949062950504	0.5759218506789759	0.5333333333333333	0.6063031515757878	0.5857142857142857	0.5877648260018719	0.5333030234144124	0.592675248077153	0.5357142857142857	0.5954044403043006
pt	0.5284552845528455	0.5373771892353695	0.5461538461538461	0.5241935483870968	0.6000000000000001	0.6219701216898065	0.5810810810810811	0.5773819741149814	0.615469735531703	0.6049915413712482	0.6249389776135016	0.5644171779141104	0.5987878787878788	0.60119774751959	0.5956239870340356	0.5908795471223398	0.5879580107692587	0.5639097744360902	0.5565934306889444	0.551563711553373	0.5465690907617942	0.6050155918345955	0.6017941188302024	1.0	0.6055228610230874	0.6182353294492162	0.5714285714285714	0.5303030303030303	0.6114939179838299	0.5909825558713704	0.5843158134935726	0.5285714285714286	0.5893319179990713	0.532258064516129	0.6103886562339285
ro	0.5463406292749657	0.5454545454545455	0.5627758705247671	0.5357142857142857	0.6171519112695583	0.6012658227848101	0.5789473684210527	0.5548462428629514	0.5808080808080808	0.5817920209287116	0.6025532148042627	0.5748865355521937	0.620368601986249	0.5903614457831325	0.5869943201576446	0.5895953757225434	0.5826604203908032	0.5913978494623656	0.5874125874125874	0.5730978260869565	0.5592105263157895	0.6026490066225166	0.6120466321243523	0.6055228610230874	1.0	0.588352120971387	0.592485549132948	0.5319148936170213	0.5957319770013269	0.6142236450949005	0.586715794061132	0.5294117647058824	0.6016260162601625	0.5476190476190476	0.5838952492993984
ru	0.5211349160393747	0.5254237288135593	0.5371042114970797	0.5181529784984138	0.5851956682254492	0.6065369991225504	0.5634517766497462	0.6003697674885955	0.6164623467600701	0.611739106382194	0.5961683511841906	0.5625	0.5912802494185183	0.6035059802302152	0.6057824690224873	0.5936753473524087	0.5873818766419637	0.547448596590805	0.5439544367396804	0.5501618122977346	0.5533980582524272	0.6011537597083135	0.6025949062950504	0.6182353294492162	0.588352120971387	1.0	0.5526315789473684	0.5277777777777778	0.5923169750603379	0.5695104640108352	0.5971106074135129	0.532258064516129	0.5804878048780487	0.5229885057471265	0.6075160018587639
sh	0.5576923076923077	0.5714285714285714	0.5752212389380531	0.5618081180811808	0.5853658536585367	0.5658743451765795	0.5747126436781609	0.533288948069241	0.5569719413189005	0.5529526598340654	0.5790996910321091	0.5656565656565656	0.6004083876541271	0.5578231292517006	0.5520836644521441	0.5584415584415584	0.5642857142857143	0.609375	0.5970149253731343	0.5540540540540541	0.5594349142280525	0.5855986119144013	0.5759218506789759	0.5714285714285714	0.592485549132948	0.5526315789473684	1.0	0.5573770491803278	0.579108635097493	0.6190476190476191	0.5483870967741935	0.5277777777777778	0.5858585858585859	0.5660377358490566	0.5664564464886908
si	0.5135135135135135	0.55	0.5208333333333334	0.5277777777777778	0.5376344086021506	0.5307692307692308	0.5333333333333333	0.5186882027068092	0.5266272189349113	0.5263157894736842	0.5327102803738317	0.5411764705882353	0.5421686746987951	0.5255474452554745	0.5280898876404494	0.5314685314685315	0.5348837209302326	0.5471698113207547	0.5454545454545455	0.543859649122807	0.5483870967741935	0.5327868852459017	0.5333333333333333	0.5303030303030303	0.5319148936170213	0.5277777777777778	0.5573770491803278	1.0	0.5353535353535354	0.5384615384615384	0.5257142857142857	0.5384615384615384	0.5333333333333333	0.5263157894736842	0.5342465753424658
simple	0.5333333333333333	0.5425531914893617	0.5598341232227488	0.5274725274725275	0.6078897145409511	0.607579923446008	0.5810140046091118	0.561102378835208	0.5910316825227468	0.5864809701044543	0.6070409693832534	0.5779987569919205	0.614992691584882	0.591095416831292	0.5786701123148793	0.6005388542257515	0.6034626368396002	0.5742574257425742	0.5683861197925058	0.5636562734136361	0.5566265060240964	0.5959795621526871	0.6063031515757878	0.6114939179838299	0.5957319770013269	0.5923169750603379	0.579108635097493	0.5353535353535354	1.0	0.6012031782065834	0.5777254098360656	0.5377358490566038	0.5980112261685862	0.5384615384615384	0.6121351328216394
sr	0.5522388059701493	0.5555555555555556	0.5586587832581298	0.5441176470588236	0.5879654137991883	0.5824390951276102	0.5918367346938775	0.5449193379425937	0.5712465125891227	0.5652044091666875	0.5883052056096981	0.5766174801362088	0.5993097650546436	0.5718590331455522	0.5709730206016868	0.575001699177598	0.5691105258686603	0.6025641025641025	0.5987096774193548	0.572233564720294	0.5577740016992353	0.5845070422535211	0.5857142857142857	0.5909825558713704	0.6142236450949005	0.5695104640108352	0.6190476190476191	0.5384615384615384	0.6012031782065834	1.0	0.556648308418568	0.5411764705882353	0.591812865497076	0.5588235294117647	0.5775319992613686
sv	0.5178571428571429	0.5294117647058824	0.5398044380943876	0.5178571428571429	0.582452304907001	0.5949809850227711	0.5625	0.5880393155514785	0.5886016628873771	0.5814243100002896	0.5698421975452952	0.5615763546798029	0.5779091392136025	0.5731343283582089	0.612435023290353	0.6014595859916464	0.5776829173065411	0.5480225988700566	0.5414364640883979	0.5422265543410151	0.5435528740200152	0.5859030837004405	0.5877648260018719	0.5843158134935726	0.586715794061132	0.5971106074135129	0.5483870967741935	0.5257142857142857	0.5777254098360656	0.556648308418568	1.0	0.5274725274725275	0.5742574257425742	0.5207100591715976	0.5841181362522757
te	0.5348837209302326	0.5416666666666666	0.5178571428571429	0.5476190476190476	0.5294117647058824	0.5367647058823529	0.5641025641025641	0.524390243902439	0.5284090909090908	0.5306122448979592	0.5258620689655172	0.5952380952380952	0.5268817204301075	0.5404074935047176	0.5268817204301075	0.5369127516778524	0.5251798561151079	0.540983606557377	0.53125	0.6222222222222222	0.6062474862582116	0.5267175572519084	0.5333030234144124	0.5285714285714286	0.5294117647058824	0.532258064516129	0.5277777777777778	0.5384615384615384	0.5377358490566038	0.5411764705882353	0.5274725274725275	1.0	0.5306122448979592	0.5454545454545455	0.5256410256410257
vi	0.5501756146512795	0.5542168674698795	0.5595273557740046	0.5375	0.6016260162601625	0.5901514510533886	0.5941329372447085	0.5520988073511311	0.5824742268041238	0.5740740740740741	0.605972701456533	0.5781938325991189	0.5992008524240809	0.6045531197301856	0.5830552321821239	0.6024096385542168	0.6001514168288989	0.5888888888888889	0.5806451612903225	0.558968058968059	0.5471698113207547	0.5967051912393845	0.592675248077153	0.5893319179990713	0.6016260162601625	0.5804878048780487	0.5858585858585859	0.5333333333333333	0.5980112261685862	0.591812865497076	0.5742574257425742	0.5306122448979592	1.0	0.55	0.5942663378545007
war	0.625	0.5625	0.5384615384615384	0.5555555555555556	0.5411764705882353	0.5327868852459017	0.5625	0.5125000000000001	0.5246913580246914	0.5217391304347826	0.5353535353535354	0.5384615384615384	0.5540540540540541	0.53125	0.5232558139534884	0.5294117647058824	0.5327868852459017	0.5681818181818182	0.5909090909090909	0.5625	0.5454545454545455	0.5350877192982456	0.5357142857142857	0.532258064516129	0.5476190476190476	0.5229885057471265	0.5660377358490566	0.5263157894736842	0.5384615384615384	0.5588235294117647	0.5207100591715976	0.5454545454545455	0.55	1.0	0.5285714285714286
zh	0.525698815566836	0.5320060685102872	0.5408286334554727	0.5214285714285714	0.6011449499200014	0.6142083150613232	0.5696969696969697	0.5850245014045471	0.6130355949995229	0.6215095986038395	0.6062425240921708	0.5629353636805443	0.5983220405788396	0.6135118685331711	0.5932854518122599	0.6082747493373285	0.6221690846802933	0.5533333333333333	0.5531925177630624	0.5434588214253778	0.5417313001824372	0.5968179522949599	0.5954044403043006	0.6103886562339285	0.5838952492993984	0.6075160018587639	0.5664564464886908	0.5342465753424658	0.6121351328216394	0.5775319992613686	0.5841181362522757	0.5256410256410257	0.5942663378545007	0.5285714285714286	1.0
