arz	bs	ceb	ckb	da	de	el	en	es	fr	he	hi	hu	id	it	ja	ko	lv	mk	ml	mr	nl	pl	pt	ro	ru	sh	si	simple	sr	sv	te	tr	vi	war	zh
arz	1.0	0.9138771546921388	0.8559162693000171	1.0	0.9069586091993058	0.8407720682713448	1.0	0.812802113742115	0.8093880004720969	0.7891803332480162	1.0	1.0	0.5514334068158173	0.8754964769841123	0.9152906926421888	1.0	1.0	0.6218133137131008	1.0	1.0	1.0	0.9138771546921388	0.868743994453229	0.35272797463943534	0.7728300296157662	1.0	0.35559992383368044	1.0	0.9156001022199729	1.0	0.756975282931985	1.0	1.0	0.8140483269018159	1.0	0.7376607345031153
bs	0.9138771546921388	1.0	0.7601270468361507	0.8356290049530549	0.7575587040723334	0.7278780898445447	0.8356290049530549	0.6316405119696374	0.6634844279909949	0.6390874286729977	0.8356290049530549	0.837443212611413	0.43488145215899976	0.7281821468229102	0.8008924231847512	0.8356290049530549	0.8356290049530549	0.5565749872115742	0.8356290049530549	0.8356290049530549	0.8356290049530549	0.7943681874331858	0.7553622507864254	0.3226189248755403	0.7671647264894562	0.8356290049530549	0.32541971548383264	0.886592950652731	0.792776203941994	0.8356290049530549	0.6886836815336078	0.85590917263918	0.436253518030589	0.6775312553939217	0.41680607885287646	0.2570031354301973
ceb	0.8559162693000171	0.7601270468361507	1.0	0.7985097122522133	0.7355439444376337	0.7144858055679345	0.7924300778126928	0.6173021299405014	0.6487542673939186	0.6241740355410162	0.7965869543918838	0.8012717502133867	0.4354366524379098	0.7145033408031651	0.7719762270992424	0.7924300778126928	0.7924300778126927	0.5551336495750248	0.7985097122522133	0.7985097122522133	0.7985097122522133	0.7659808249238264	0.7328893041330281	0.32138049611893077	0.7367732112740291	0.7924300778126927	0.32523230334323266	0.8534579491809774	0.7665666568723645	0.7965869543918838	0.6737204213024292	0.8118193650271257	-1.0	0.6605118505679097	0.4189315906927347	0.25437377288684754
ckb	1.0	0.8356290049530549	0.7985097122522133	1.0	0.8042629408061697	0.7576557987369985	1.0	0.6433991001714974	0.6783853171037232	0.6510503049305265	1.0	1.0	0.43842221225085964	0.7641206651798187	0.8716752375015555	1.0	1.0	0.5643898812331283	1.0	1.0	1.0	0.8583936673109724	0.7939235822109215	0.3241501145512985	0.8063637466833595	1.0	0.32624387104870994	1.0	0.8601334052441927	1.0	0.7122443382646387	1.0	1.0	0.6964903665129283	0.4213753172044637	0.2577676742322238
da	0.9069586091993058	0.7575587040723334	0.7355439444376337	0.8042629408061697	1.0	0.7131150000419071	0.8035908761013904	0.6226223620073094	0.6477339587966572	0.6294027579742376	0.8035908761013904	0.8061538524671077	0.43353319062676376	0.7176627336823208	0.7770912260920076	0.8035908761013904	0.8035908761013905	0.5494608754115068	0.8042629408061697	0.8042629408061698	0.8042629408061698	0.7719610801194907	0.7361779722183001	0.3238738657912142	0.7430092013672197	0.8035908761013905	0.3247283501540611	0.8607903125443108	0.7748660231457326	0.8035908761013905	0.6782787306507644	0.814041583997885	0.3728063732231997	0.6679346523875173	0.4190496695155538	0.2553284134214991
de	0.8407720682713448	0.7278780898445447	0.7144858055679345	0.7576557987369985	0.7131150000419071	1.0	0.7537966144555388	0.6027518310985492	0.6300582568516122	0.6102991743008235	0.7572797930065247	0.7592543008528595	0.422507063782665	0.6849085054244607	0.7414772050781435	0.7562620787849103	0.7520807767003513	0.5458298158408021	0.7576557987369985	0.7576557987369985	0.7576557987369985	0.7355445906807728	0.7060942580275967	0.3197692464429427	0.7096341757839882	0.7548302196247622	0.32386623600923464	0.8078851733563137	0.7354056150442625	0.7572797930065246	0.6520246888352559	0.7714001397941278	0.404540858653338	0.6487313670557185	0.4138030597247276	0.25377797648323763
el	1.0	0.8356290049530549	0.7924300778126928	1.0	0.8035908761013904	0.7537966144555388	1.0	0.6367137960399181	0.6712180456739381	0.6447062503803189	1.0	1.0	0.43315234812966114	0.7553414565623133	0.8722828380545992	1.0	1.0	0.5643898812331283	1.0	1.0	1.0	0.8577988054513705	0.7917820741455995	0.32165373834424527	0.8050579827673978	1.0	0.32624387104870994	1.0	0.8584844385499546	1.0	0.702644511693676	1.0	1.0	0.6929125558644614	0.4213753172044637	0.25455945668889474
en	0.812802113742115	0.6316405119696374	0.6173021299405014	0.6433991001714974	0.6226223620073094	0.6027518310985492	0.6367137960399181	1.0	0.5664334648944478	0.5408176422162643	0.6429113735555535	0.6437510441396139	0.4100923387380311	0.5965357911953278	0.6350010276416286	0.6382670417802256	0.6268954222644784	0.5102373246103331	0.6433991001714974	0.6433991001714974	0.6433991001714974	0.6322164469785683	0.6172419644737199	0.31332474118816706	0.6249379976824219	0.6381866224050405	0.31836101473093137	0.7168018162654904	0.6325337514683038	0.6429113735555533	0.5727200149201068	0.656718459780006	0.3834324434389223	0.578518780674519	0.40247706621249996	0.24957842554463683
es	0.8093880004720969	0.6634844279909949	0.6487542673939186	0.6783853171037232	0.6477339587966572	0.6300582568516122	0.6712180456739381	0.5664334648944478	1.0	0.5764853697439172	0.6771526589134247	0.6800798551054299	0.4205200244518768	0.6275125827693536	0.667572374988656	0.6728508258667961	0.6694701043109564	0.5268195246393709	0.6783853171037232	0.6783853171037232	0.6783853171037232	0.6645727430265116	0.6474801106406721	0.31331929020961014	0.6498653198047192	0.671086709220725	0.3205379145479707	0.7459820580068421	0.6642359975807381	0.6771526589134247	0.6039238138788265	0.7025735920691052	0.4275065550733408	0.6032415582220292	0.4077049636886578	0.2515433237674168
fr	0.7891803332480162	0.6390874286729977	0.6241740355410162	0.6510503049305265	0.6294027579742376	0.6102991743008235	0.6447062503803189	0.5408176422162643	0.5764853697439172	1.0	0.6501834807373615	0.65302243213966	0.4131413815315264	0.6058082124632128	0.6413865382710988	0.6455615038690765	0.6387778134178624	0.517233639855213	0.6510503049305265	0.6510503049305265	0.6510503049305265	0.6403874789075089	0.6235415270003751	0.31630885147587223	0.6275326269125999	0.6472149750576777	0.3177112394895722	0.7510723890804633	0.6395989171549488	0.6501834807373615	0.5816628766770234	0.6675965346241036	0.3699086191671851	0.5888352215421092	0.4037647226535023	0.25079385194458237
he	1.0	0.8356290049530549	0.7965869543918838	1.0	0.8035908761013904	0.7572797930065247	1.0	0.6429113735555535	0.6771526589134247	0.6501834807373615	1.0	1.0	0.4368657540469482	0.761528863764945	0.8722828380545992	1.0	1.0	0.5643898812331283	1.0	1.0	1.0	0.8583936673109724	0.7934544484202227	0.3234913733106963	0.8056884084396998	1.0	0.32624387104870994	1.0	0.8590097590757472	1.0	0.7121841561163813	1.0	1.0	0.6969512286585025	0.4213753172044637	0.256365502020173
hi	1.0	0.837443212611413	0.8012717502133867	1.0	0.8061538524671077	0.7592543008528595	1.0	0.6437510441396139	0.6800798551054299	0.65302243213966	1.0	1.0	0.441969649507071	0.7657815556696006	0.8724455538822309	1.0	1.0	0.5660029459319859	1.0	1.0	1.0	0.8592295491622687	0.7953846998984869	0.32685700198645445	0.8089840286708654	1.0	0.32587058712205275	1.0	0.8599742006338887	1.0	0.7141490889368196	1.0	0.7455134344225701	0.6984187035981416	0.43314744056396426	0.2584861609455418
hu	0.5514334068158173	0.43488145215899976	0.4354366524379098	0.43842221225085964	0.43353319062676376	0.422507063782665	0.43315234812966114	0.4100923387380311	0.4205200244518768	0.4131413815315264	0.4368657540469482	0.441969649507071	1.0	0.4286287628001679	0.4359161798389875	0.4350422628078295	0.4310073748379456	0.4046067541490696	0.43842221225085964	0.43842221225085964	0.43842221225085964	0.4346658252155491	0.4300462278523441	0.2941681173351917	0.43094705375360187	0.43231048322233734	0.29027083410961196	0.4884579939569858	0.4333733708871662	0.4368657540469482	0.4170510970987857	0.4604447624950781	0.7510341748895938	0.42363106435138054	0.3439775439678956	0.24024105667045795
id	0.8754964769841123	0.7281821468229102	0.7145033408031651	0.7641206651798187	0.7176627336823208	0.6849085054244607	0.7553414565623133	0.5965357911953278	0.6275125827693536	0.6058082124632128	0.761528863764945	0.7657815556696006	0.4286287628001679	1.0	0.7429667556618009	0.7582066941543228	0.7523910547973389	0.5465849373445866	0.7641206651798187	0.7641206651798187	0.7641206651798187	0.7397871684488266	0.7071349932642605	0.31929495045953626	0.717282577973521	0.7565864156794289	0.3249343398393101	0.8243627201545725	0.7379529442719315	0.761528863764945	0.6471707483336987	0.7745322555912852	0.4317068708199939	0.6488934074269183	0.41457819880139146	0.25315653461706666
it	0.9152906926421888	0.8008924231847512	0.7719762270992424	0.8716752375015555	0.7770912260920076	0.7414772050781435	0.8722828380545992	0.6350010276416286	0.667572374988656	0.6413865382710988	0.8722828380545992	0.8724455538822309	0.4359161798389875	0.7429667556618009	1.0	0.8717993394773025	0.8717993394773028	0.5614619421432974	0.8716752375015556	0.8716752375015556	0.8716752375015556	0.8157420494193166	0.771782848983619	0.3229627817992686	0.7799500046795405	0.8722828380545992	0.32544462226496657	0.9142082233639548	0.8204860017597603	0.8722828380545993	0.6977288490721968	0.8846819014908351	0.2726615095486752	0.6880718544370299	0.42062779646297943	0.25507647272081146
ja	1.0	0.8356290049530549	0.7924300778126928	1.0	0.8035908761013904	0.7562620787849103	1.0	0.6382670417802256	0.6728508258667961	0.6455615038690765	1.0	1.0	0.4350422628078295	0.7582066941543228	0.8717993394773025	1.0	1.0	0.5643898812331283	1.0	1.0	1.0	0.8577988054513705	0.7917820741455994	0.32165373834424527	0.8048527235697035	1.0	0.32624387104870994	1.0	0.8584844385499546	1.0	0.7045467801171181	1.0	0.5948292059116722	0.6929125558644614	0.4213753172044637	0.2538841688985345
ko	1.0	0.8356290049530549	0.7924300778126927	1.0	0.8035908761013905	0.7520807767003513	1.0	0.6268954222644784	0.6694701043109564	0.6387778134178624	1.0	1.0	0.4310073748379456	0.7523910547973389	0.8717993394773028	1.0	1.0	0.5643898812331283	1.0	1.0	1.0	0.8577988054513705	0.7917820741455994	0.32139791039462684	0.8050579827673978	1.0	0.32624387104870994	1.0	0.8584844385499546	1.0	0.6924467314115533	1.0	0.7051349230068009	0.6929125558644614	0.4213753172044637	0.254189917404686
lv	0.6218133137131008	0.5565749872115742	0.5551336495750248	0.5643898812331283	0.5494608754115068	0.5458298158408021	0.5643898812331283	0.5102373246103331	0.5268195246393709	0.517233639855213	0.5643898812331283	0.5660029459319859	0.4046067541490696	0.5465849373445866	0.5614619421432974	0.5643898812331283	0.5643898812331283	1.0	0.5643898812331283	0.5643898812331283	0.5643898812331283	0.5578245367916992	0.553821883744496	0.30903333388161197	0.5528976596982984	0.5643898812331283	0.312467846896033	0.6625989353901574	0.559015552938154	0.5643898812331283	0.533428934829647	0.5834901899266848	0.5409701462116983	0.5297002077170966	0.38338982806625943	0.25290399515154266
mk	1.0	0.8356290049530549	0.7985097122522133	1.0	0.8042629408061697	0.7576557987369985	1.0	0.6433991001714974	0.6783853171037232	0.6510503049305265	1.0	1.0	0.43842221225085964	0.7641206651798187	0.8716752375015556	1.0	1.0	0.5643898812331283	1.0	1.0	1.0	0.8583936673109724	0.7939235822109215	0.3241501145512985	0.8063637466833595	1.0	0.32624387104870994	1.0	0.8601334052441927	1.0	0.7122443382646387	1.0	0.7510341748895938	0.6964903665129283	0.4213753172044637	0.2577676742322238
ml	1.0	0.8356290049530549	0.7985097122522133	1.0	0.8042629408061698	0.7576557987369985	1.0	0.6433991001714974	0.6783853171037232	0.6510503049305265	1.0	1.0	0.43842221225085964	0.7641206651798187	0.8716752375015556	1.0	1.0	0.5643898812331283	1.0	1.0	1.0	0.8583936673109724	0.7939235822109215	0.3241501145512985	0.8063637466833595	1.0	0.32624387104870994	1.0	0.8601334052441927	1.0	0.7122443382646387	1.0	0.6286737270540138	0.6964903665129283	0.4213753172044637	0.2577676742322238
mr	1.0	0.8356290049530549	0.7985097122522133	1.0	0.8042629408061698	0.7576557987369985	1.0	0.6433991001714974	0.6783853171037232	0.6510503049305265	1.0	1.0	0.43842221225085964	0.7641206651798187	0.8716752375015556	1.0	1.0	0.5643898812331283	1.0	1.0	1.0	0.8583936673109724	0.7939235822109214	0.3241501145512985	0.8063637466833595	1.0	0.32624387104870994	1.0	0.8601334052441927	1.0	0.7122443382646387	1.0	1.0	0.6964903665129284	0.4213753172044637	0.2577676742322238
nl	0.9138771546921388	0.7943681874331858	0.7659808249238264	0.8583936673109724	0.7719610801194907	0.7355445906807728	0.8577988054513705	0.6322164469785683	0.6645727430265116	0.6403874789075089	0.8583936673109724	0.8592295491622687	0.4346658252155491	0.7397871684488266	0.8157420494193166	0.8577988054513705	0.8577988054513705	0.5578245367916992	0.8583936673109724	0.8583936673109724	0.8583936673109724	1.0	0.7617262796677041	0.32178497581693616	0.7718071196440783	0.8577988054513705	0.3259673243754786	0.8966322946545184	0.8102147931302659	0.8583936673109724	0.6944817672763453	0.8663952459341395	0.36273403683149474	0.6788180166377807	0.41908353942155724	0.25800794737836785
pl	0.868743994453229	0.7553622507864254	0.7328893041330281	0.7939235822109215	0.7361779722183001	0.7060942580275967	0.7917820741455995	0.6172419644737199	0.6474801106406721	0.6235415270003751	0.7934544484202227	0.7953846998984869	0.4300462278523441	0.7071349932642605	0.771782848983619	0.7917820741455994	0.7917820741455994	0.553821883744496	0.7939235822109215	0.7939235822109215	0.7939235822109214	0.7617262796677041	1.0	0.3200033656845947	0.7338806846611734	0.7917820741455994	0.32423554227487367	0.8546150997831563	0.7689885870717811	0.7934544484202227	0.6683402672391225	0.8099892981960563	0.4437334867911468	0.6639607674861089	0.4193341167455834	0.2535554262136867
pt	0.35272797463943534	0.3226189248755403	0.32138049611893077	0.3241501145512985	0.3238738657912142	0.3197692464429427	0.32165373834424527	0.31332474118816706	0.31331929020961014	0.31630885147587223	0.3234913733106963	0.32685700198645445	0.2941681173351917	0.31929495045953626	0.3229627817992686	0.32165373834424527	0.32139791039462684	0.30903333388161197	0.3241501145512985	0.3241501145512985	0.3241501145512985	0.32178497581693616	0.3200033656845947	1.0	0.32187215282974585	0.32165373834424527	0.25384369236286336	0.4054724518193078	0.32363541252368144	0.3234913733106963	0.31624002924212186	0.3492123524737237	0.32332934385996936	0.3178650216897511	0.2789191941300534	0.21914925598706803
ro	0.7728300296157662	0.7671647264894562	0.7367732112740291	0.8063637466833595	0.7430092013672197	0.7096341757839882	0.8050579827673978	0.6249379976824219	0.6498653198047192	0.6275326269125999	0.8056884084396998	0.8089840286708654	0.43094705375360187	0.717282577973521	0.7799500046795405	0.8048527235697035	0.8050579827673978	0.5528976596982984	0.8063637466833595	0.8063637466833595	0.8063637466833595	0.7718071196440783	0.7338806846611734	0.32187215282974585	1.0	0.8050579827673978	0.32470680707385824	0.8699078968387673	0.7722641153392042	0.8056884084396998	0.674840542810752	0.8268115040755881	0.7106922308883378	0.6684442011439959	0.4174375092647325	0.25616437118369495
ru	1.0	0.8356290049530549	0.7924300778126927	1.0	0.8035908761013905	0.7548302196247622	1.0	0.6381866224050405	0.671086709220725	0.6472149750576777	1.0	1.0	0.43231048322233734	0.7565864156794289	0.8722828380545992	1.0	1.0	0.5643898812331283	1.0	1.0	1.0	0.8577988054513705	0.7917820741455994	0.32165373834424527	0.8050579827673978	1.0	0.32624387104870994	1.0	0.8584844385499546	1.0	0.7060314648933581	1.0	0.47319623886424417	0.6929125558644614	0.4213753172044637	0.25455945668889474
sh	0.35559992383368044	0.32541971548383264	0.32523230334323266	0.32624387104870994	0.3247283501540611	0.32386623600923464	0.32624387104870994	0.31836101473093137	0.3205379145479707	0.3177112394895722	0.32624387104870994	0.32587058712205275	0.29027083410961196	0.3249343398393101	0.32544462226496657	0.32624387104870994	0.32624387104870994	0.312467846896033	0.32624387104870994	0.32624387104870994	0.32624387104870994	0.3259673243754786	0.32423554227487367	0.25384369236286336	0.32470680707385824	0.32624387104870994	1.0	0.4190635535136648	0.325734594486908	0.32624387104870994	0.32056275524888167	0.34376072759793896	0.540533853559329	0.3214056298798748	0.2829476006745848	0.2216823328251855
si	1.0	0.886592950652731	0.8534579491809774	1.0	0.8607903125443108	0.8078851733563137	1.0	0.7168018162654904	0.7459820580068421	0.7510723890804633	1.0	1.0	0.4884579939569858	0.8243627201545725	0.9142082233639548	1.0	1.0	0.6625989353901574	1.0	1.0	1.0	0.8966322946545184	0.8546150997831563	0.4054724518193078	0.8699078968387673	1.0	0.4190635535136648	1.0	0.9067437191909503	1.0	0.794932189300324	1.0	1.0	0.76462832188772	1.0	0.20747078909842795
simple	0.9156001022199729	0.792776203941994	0.7665666568723645	0.8601334052441927	0.7748660231457326	0.7354056150442625	0.8584844385499546	0.6325337514683038	0.6642359975807381	0.6395989171549488	0.8590097590757472	0.8599742006338887	0.4333733708871662	0.7379529442719315	0.8204860017597603	0.8584844385499546	0.8584844385499546	0.559015552938154	0.8601334052441927	0.8601334052441927	0.8601334052441927	0.8102147931302659	0.7689885870717811	0.32363541252368144	0.7722641153392042	0.8584844385499546	0.325734594486908	0.9067437191909503	1.0	0.8590097590757472	0.6950529130097336	0.8695733659630757	0.44736230037703545	0.6831847268222055	0.4216881655545278	0.2557800809808241
sr	1.0	0.8356290049530549	0.7965869543918838	1.0	0.8035908761013905	0.7572797930065246	1.0	0.6429113735555533	0.6771526589134247	0.6501834807373615	1.0	1.0	0.4368657540469482	0.761528863764945	0.8722828380545993	1.0	1.0	0.5643898812331283	1.0	1.0	1.0	0.8583936673109724	0.7934544484202227	0.3234913733106963	0.8056884084396998	1.0	0.32624387104870994	1.0	0.8590097590757472	1.0	0.7121841561163813	1.0	0.5854847076713529	0.6969512286585026	0.4213753172044637	0.256365502020173
sv	0.756975282931985	0.6886836815336078	0.6737204213024292	0.7122443382646387	0.6782787306507644	0.6520246888352559	0.702644511693676	0.5727200149201068	0.6039238138788265	0.5816628766770234	0.7121841561163813	0.7141490889368196	0.4170510970987857	0.6471707483336987	0.6977288490721968	0.7045467801171181	0.6924467314115533	0.533428934829647	0.7122443382646387	0.7122443382646387	0.7122443382646387	0.6944817672763453	0.6683402672391225	0.31624002924212186	0.674840542810752	0.7060314648933581	0.32056275524888167	0.794932189300324	0.6950529130097336	0.7121841561163813	1.0	0.7329976529281436	0.5290723912713639	0.6242084251132068	0.41218578954531304	0.252081173655282
te	1.0	0.85590917263918	0.8118193650271257	1.0	0.814041583997885	0.7714001397941278	1.0	0.656718459780006	0.7025735920691052	0.6675965346241036	1.0	1.0	0.4604447624950781	0.7745322555912852	0.8846819014908351	1.0	1.0	0.5834901899266848	1.0	1.0	1.0	0.8663952459341395	0.8099892981960563	0.3492123524737237	0.8268115040755881	1.0	0.34376072759793896	1.0	0.8695733659630757	1.0	0.7329976529281436	1.0	1.0	0.7110068938829733	0.5726157271932596	0.253225018411143
tr	1.0	0.436253518030589	-1.0	1.0	0.3728063732231997	0.404540858653338	1.0	0.3834324434389223	0.4275065550733408	0.3699086191671851	1.0	0.7455134344225701	0.7510341748895938	0.4317068708199939	0.2726615095486752	0.5948292059116722	0.7051349230068009	0.5409701462116983	0.7510341748895938	0.6286737270540138	1.0	0.36273403683149474	0.4437334867911468	0.32332934385996936	0.7106922308883378	0.47319623886424417	0.540533853559329	1.0	0.44736230037703545	0.5854847076713529	0.5290723912713639	1.0	1.0	0.5957494020673617	1.0	0.5587409239958888
vi	0.8140483269018159	0.6775312553939217	0.6605118505679097	0.6964903665129283	0.6679346523875173	0.6487313670557185	0.6929125558644614	0.578518780674519	0.6032415582220292	0.5888352215421092	0.6969512286585025	0.6984187035981416	0.42363106435138054	0.6488934074269183	0.6880718544370299	0.6929125558644614	0.6929125558644614	0.5297002077170966	0.6964903665129283	0.6964903665129283	0.6964903665129284	0.6788180166377807	0.6639607674861089	0.3178650216897511	0.6684442011439959	0.6929125558644614	0.3214056298798748	0.76462832188772	0.6831847268222055	0.6969512286585026	0.6242084251132068	0.7110068938829733	0.5957494020673617	1.0	0.4127013948093773	0.25269302814795397
war	1.0	0.41680607885287646	0.4189315906927347	0.4213753172044637	0.4190496695155538	0.4138030597247276	0.4213753172044637	0.40247706621249996	0.4077049636886578	0.4037647226535023	0.4213753172044637	0.43314744056396426	0.3439775439678956	0.41457819880139146	0.42062779646297943	0.4213753172044637	0.4213753172044637	0.38338982806625943	0.4213753172044637	0.4213753172044637	0.4213753172044637	0.41908353942155724	0.4193341167455834	0.2789191941300534	0.4174375092647325	0.4213753172044637	0.2829476006745848	1.0	0.4216881655545278	0.4213753172044637	0.41218578954531304	0.5726157271932596	1.0	0.4127013948093773	1.0	0.23947743053442277
zh	0.7376607345031153	0.2570031354301973	0.25437377288684754	0.2577676742322238	0.2553284134214991	0.25377797648323763	0.25455945668889474	0.24957842554463683	0.2515433237674168	0.25079385194458237	0.256365502020173	0.2584861609455418	0.24024105667045795	0.25315653461706666	0.25507647272081146	0.2538841688985345	0.254189917404686	0.25290399515154266	0.2577676742322238	0.2577676742322238	0.2577676742322238	0.25800794737836785	0.2535554262136867	0.21914925598706803	0.25616437118369495	0.25455945668889474	0.2216823328251855	0.20747078909842795	0.2557800809808241	0.256365502020173	0.252081173655282	0.253225018411143	0.5587409239958888	0.25269302814795397	0.23947743053442277	1.0
