arz	bs	ceb	ckb	da	de	el	en	es	fr	he	hi	hu	id	it	ja	ko	lv	mk	ml	mr	nl	pl	pt	ro	ru	sh	si	simple	sr	sv	te	vi	war	zh
arz	1.0	1.0	0.0	0.0	1.0	1.0	0.585786437626905	0.585786437626905	0.585786437626905	0.0	1.0	0.0	1.0	1.0	0.585786437626905	0.585786437626905	0.585786437626905	1.0	1.0	0.0	0.0	0.5	0.585786437626905	1.0	1.0	0.585786437626905	1.0	0.0	1.0	1.0	1.0	0.0	0.585786437626905	0.0	0.44948974278317805
bs	1.0	1.0	0.0	1.0	0.39564392373896007	0.39564392373896007	0.3090169943749474	0.09164127301593321	0.09772216802741476	0.0	0.3164309725825328	1.0	0.585786437626905	0.3090169943749474	0.11289081189713343	0.31604160750540605	0.39564392373896007	0.4142135623730951	0.3090169943749474	0.5	1.0	0.39564392373896007	0.17639649096016832	0.18030816435569247	0.4142135623730951	0.21393876913398135	0.39564392373896007	1.0	0.3090169943749474	0.3090169943749474	0.39564392373896007	1.0	0.5	0.39564392373896007	0.21955887415618858
ceb	0.0	0.0	1.0	0.0	1.0	1.0	1.0	1.0	1.0	0.0	1.0	0.0	0.0	0.0	1.0	1.0	1.0	1.0	0.0	0.0	0.0	1.0	1.0	1.0	1.0	1.0	1.0	0.0	0.0	0.0	1.0	0.0	1.0	0.0	1.0
ckb	0.0	1.0	0.0	1.0	1.0	1.0	1.0	1.0	1.0	0.0	1.0	1.0	1.0	1.0	1.0	1.0	1.0	1.0	1.0	1.0	1.0	1.0	1.0	1.0	0.585786437626905	1.0	1.0	1.0	1.0	1.0	1.0	1.0	1.0	1.0	1.0
da	1.0	0.39564392373896007	1.0	1.0	1.0	0.13879564861321142	0.33333333333333326	0.02406863192883687	0.08949751194817467	0.0	0.21089672205953397	1.0	0.3660254037844386	0.23874775399470893	0.11123994497832239	0.09338684642144382	0.44948974278317805	0.4142135623730951	0.585786437626905	0.32037724101704074	1.0	0.07625133223694842	0.1585482616943639	0.16462407202206505	0.051986928958760656	0.0557775233324355	0.3660254037844386	1.0	0.585786437626905	0.44948974278317805	0.05688687016001554	1.0	0.29893508442482547	1.0	0.1302579397629838
de	1.0	0.39564392373896007	1.0	1.0	0.13879564861321142	1.0	0.058773385965864525	0.0026351261055915717	0.040737983416956065	0.0	0.10037251814914917	0.585786437626905	0.22966848451216434	0.08677706232277535	0.016763504417045688	0.01103979145465877	0.585786437626905	0.24496552958641032	0.585786437626905	0.07423924863003188	1.0	0.028138831543135803	0.025377918870826195	0.04906035159370658	0.017422798566410966	0.005646698820377499	0.19219040425836986	1.0	0.585786437626905	0.12941948075789503	0.05706580647412834	1.0	0.16484708315636032	1.0	0.03392881951220804
el	0.585786437626905	0.3090169943749474	1.0	1.0	0.33333333333333326	0.058773385965864525	1.0	0.00929983695790998	0.029309634250912923	0.0	0.12998356649024212	1.0	0.353889367864523	0.06979923485547097	0.01842657052149725	0.08565011291839623	0.34833147735478825	0.2674788903885893	0.5	0.2025519956555797	1.0	0.07541853843716063	0.02853081389994229	0.0777021150822789	0.03498471263143055	0.04013353197031066	0.2372732414640341	1.0	0.4142135623730951	0.3333333333333333	0.14845931535673965	1.0	0.2204812092115424	0.5	0.08143873512780947
en	0.585786437626905	0.09164127301593321	1.0	1.0	0.02406863192883687	0.0026351261055915717	0.00929983695790998	1.0	0.0008261094379048977	0.38742588672279304	0.02075704294232453	0.3660254037844386	0.09511781444387388	0.011585312347124071	0.003998992640565401	0.005267573108610713	0.19917226553439166	0.058699579273474245	0.34833147735478825	0.005714193202630324	1.0	0.005141202645605045	0.003605761105996816	0.0038038216704933373	0.006240754761470395	0.006283292596090007	0.07742110133200698	1.0	0.11149901960407381	0.07647063617843985	0.0053970381032691795	1.0	0.07764948048415966	1.0	0.006380056401551848
es	0.585786437626905	0.09772216802741476	1.0	1.0	0.08949751194817467	0.040737983416956065	0.029309634250912923	0.0008261094379048977	1.0	1.0	0.06582989867158266	0.44948974278317805	0.1951941016011038	0.020203454710183817	0.0011299006421451475	0.006698648596641483	0.38742588672279304	0.22966848451216434	0.5	0.011680077470482447	1.0	0.003421757986589437	0.0018204395925018667	0.00462828376481261	0.009881842642666807	0.0021183516510672054	0.16139047779640892	1.0	0.2766967754673749	0.09217560210204276	0.010733720002977048	1.0	0.13198753181024742	1.0	0.008096374755636914
fr	0.0	0.0	0.0	0.0	0.0	0.0	0.0	0.38742588672279304	1.0	1.0	0.0	0.0	0.0	0.0	1.0	0.0	0.0	0.0	0.0	0.0	0.0	1.0	1.0	1.0	0.0	1.0	0.0	0.0	0.0	0.0	0.0	0.0	0.0	0.0	1.0
he	1.0	0.3164309725825328	1.0	1.0	0.21089672205953397	0.10037251814914917	0.12998356649024212	0.02075704294232453	0.06582989867158266	0.0	1.0	1.0	0.3597752501562547	0.09691386989121835	0.05722621664891261	0.04620883154473444	0.27429188517743175	0.18464218557642828	1.0	0.3333333333333333	1.0	0.08125892565648689	0.07227445681496245	0.07088962615743002	0.029066440662090926	0.04921642586006297	0.17826035697019474	1.0	0.44948974278317805	0.17284906144302098	0.1266993845323491	1.0	0.18594358782685685	0.585786437626905	0.04796838583657935
hi	0.0	1.0	0.0	1.0	1.0	0.585786437626905	1.0	0.3660254037844386	0.44948974278317805	0.0	1.0	1.0	1.0	0.39564392373896007	0.5	0.585786437626905	1.0	1.0	1.0	0.585786437626905	1.0	1.0	1.0	0.585786437626905	1.0	0.44948974278317805	1.0	1.0	1.0	1.0	1.0	1.0	1.0	1.0	1.0
hu	1.0	0.585786437626905	0.0	1.0	0.3660254037844386	0.22966848451216434	0.353889367864523	0.09511781444387388	0.1951941016011038	0.0	0.3597752501562547	1.0	1.0	0.32037724101704074	0.15493412373279505	0.14889175679773228	0.585786437626905	0.5	1.0	0.3660254037844386	1.0	0.19292728076790167	0.17411239489546831	0.22901628833426058	0.08157470845628406	0.15815511491062575	0.39564392373896007	1.0	1.0	0.5	0.23371479611805132	1.0	0.5	1.0	0.16760090740494846
id	1.0	0.3090169943749474	0.0	1.0	0.23874775399470893	0.08677706232277535	0.06979923485547097	0.011585312347124071	0.020203454710183817	0.0	0.09691386989121835	0.39564392373896007	0.32037724101704074	1.0	0.018890332922647038	0.04324356694827831	0.1987625491245426	0.18822566650963435	0.585786437626905	0.1035102347266501	1.0	0.03166827424785834	0.026073960821388173	0.030477751979015397	0.09383092052204124	0.01942128941573986	0.16931176174705137	0.3483314773547883	0.2466060555964672	0.23166247903554	0.11994549339466966	0.585786437626905	0.1463924816619788	0.5	0.03684965490834547
it	0.585786437626905	0.11289081189713343	1.0	1.0	0.11123994497832239	0.016763504417045688	0.01842657052149725	0.003998992640565401	0.0011299006421451475	1.0	0.05722621664891261	0.5	0.15493412373279505	0.018890332922647038	1.0	0.006217260468977549	0.3333333333333333	0.131657717156152	0.44948974278317805	0.007368897455860207	1.0	0.0031495646791224845	0.00241762104706728	0.004981489222419156	0.009734878932799014	0.0026677475978466123	0.13468771532949766	1.0	0.3090169943749474	0.0842972691555574	0.01308335601950033	1.0	0.10500806660828321	1.0	0.008964366663504558
ja	0.585786437626905	0.31604160750540605	1.0	1.0	0.09338684642144382	0.01103979145465877	0.08565011291839623	0.005267573108610713	0.006698648596641483	0.0	0.04620883154473444	0.585786437626905	0.14889175679773228	0.04324356694827831	0.006217260468977549	1.0	0.09934016706052352	0.0842972691555574	0.32449979983983984	0.07114985634003665	0.585786437626905	0.010935884060259015	0.008538281684026023	0.010461247030081545	0.024042297478738255	0.007186190202076788	0.09319942718381796	1.0	0.1498118478451938	0.17397134181413043	0.027867728211184523	1.0	0.0924908996634757	0.5	0.017094653654956257
ko	0.585786437626905	0.39564392373896007	1.0	1.0	0.44948974278317805	0.585786437626905	0.34833147735478825	0.19917226553439166	0.38742588672279304	0.0	0.27429188517743175	1.0	0.585786437626905	0.1987625491245426	0.3333333333333333	0.09934016706052352	1.0	1.0	1.0	0.30216947925196225	1.0	0.3660254037844386	0.28708594921778513	0.38742588672279304	0.06884351840710894	0.15776505912784203	0.5	1.0	0.585786437626905	0.36602540378443865	0.3660254037844386	1.0	0.39564392373896007	1.0	0.11278959115032669
lv	1.0	0.4142135623730951	1.0	1.0	0.4142135623730951	0.24496552958641032	0.2674788903885893	0.058699579273474245	0.22966848451216434	0.0	0.18464218557642828	1.0	0.5	0.18822566650963435	0.131657717156152	0.0842972691555574	1.0	1.0	1.0	0.38742588672279304	1.0	0.15954492995986427	0.14285714285714285	0.20799159651347807	0.05386386435577003	0.07222241333908486	0.5	1.0	1.0	0.44948974278317805	0.15143323323844607	1.0	0.4142135623730951	1.0	0.14503446107483847
mk	1.0	0.3090169943749474	0.0	1.0	0.585786437626905	0.585786437626905	0.5	0.34833147735478825	0.5	0.0	1.0	1.0	1.0	0.585786437626905	0.44948974278317805	0.32449979983983984	1.0	1.0	1.0	1.0	1.0	0.44948974278317805	0.5	0.4364916731037085	0.27718637277259645	0.585786437626905	1.0	1.0	1.0	0.36602540378443865	0.44948974278317805	1.0	1.0	1.0	0.3090169943749474
ml	0.0	0.5	0.0	1.0	0.32037724101704074	0.07423924863003188	0.2025519956555797	0.005714193202630324	0.011680077470482447	0.0	0.3333333333333333	0.585786437626905	0.3660254037844386	0.1035102347266501	0.007368897455860207	0.07114985634003665	0.30216947925196225	0.38742588672279304	1.0	1.0	1.0	0.025344088792153878	0.03125478155765913	0.03557976890051382	0.04298193837506757	0.011524293734037924	0.4142135623730951	0.5	0.3333333333333333	0.5	0.16729472524126301	0.585786437626905	0.25	0.585786437626905	0.07293633403005347
mr	0.0	1.0	0.0	1.0	1.0	1.0	1.0	1.0	1.0	0.0	1.0	1.0	1.0	1.0	1.0	0.585786437626905	1.0	1.0	1.0	1.0	1.0	1.0	1.0	1.0	1.0	1.0	1.0	1.0	1.0	1.0	1.0	1.0	1.0	1.0	1.0
nl	0.5	0.39564392373896007	1.0	1.0	0.07625133223694842	0.028138831543135803	0.07541853843716063	0.005141202645605045	0.003421757986589437	1.0	0.08125892565648689	1.0	0.19292728076790167	0.03166827424785834	0.0031495646791224845	0.010935884060259015	0.3660254037844386	0.15954492995986427	0.44948974278317805	0.025344088792153878	1.0	1.0	0.004561930373106267	0.03041141133982814	0.014387064436896156	0.0044268600166271046	0.19219040425836986	1.0	0.33333333333333326	0.2	0.019806037008481093	1.0	0.14459058185587106	0.585786437626905	0.0148784300754584
pl	0.585786437626905	0.17639649096016832	1.0	1.0	0.1585482616943639	0.025377918870826195	0.02853081389994229	0.003605761105996816	0.0018204395925018667	1.0	0.07227445681496245	1.0	0.17411239489546831	0.026073960821388173	0.00241762104706728	0.008538281684026023	0.28708594921778513	0.14285714285714285	0.5	0.03125478155765913	1.0	0.004561930373106267	1.0	0.015128793987954225	0.012407285232490595	0.003184737191952855	0.15331120368114	1.0	0.28172904669025317	0.1586931572954856	0.04473043536975034	1.0	0.1486518372739164	1.0	0.015211400278449031
pt	1.0	0.18030816435569247	1.0	1.0	0.16462407202206505	0.04906035159370658	0.0777021150822789	0.0038038216704933373	0.00462828376481261	1.0	0.07088962615743002	0.585786437626905	0.22901628833426058	0.030477751979015397	0.004981489222419156	0.010461247030081545	0.38742588672279304	0.20799159651347807	0.4364916731037085	0.03557976890051382	1.0	0.03041141133982814	0.015128793987954225	1.0	0.01610106868694926	0.005924453140455271	0.18933139574356014	1.0	0.38742588672279304	0.1217770960804016	0.0718667627965181	1.0	0.137520762801972	1.0	0.014243625462791076
ro	1.0	0.4142135623730951	1.0	0.585786437626905	0.051986928958760656	0.017422798566410966	0.03498471263143055	0.006240754761470395	0.009881842642666807	0.0	0.029066440662090926	1.0	0.08157470845628406	0.09383092052204124	0.009734878932799014	0.024042297478738255	0.06884351840710894	0.05386386435577003	0.27718637277259645	0.04298193837506757	1.0	0.014387064436896156	0.012407285232490595	0.01610106868694926	1.0	0.010265651463813806	0.04329551638777195	1.0	0.1089725641757413	0.12630999776783444	0.026401085647371477	0.585786437626905	0.07573764179068186	1.0	0.02320348757313006
ru	0.585786437626905	0.21393876913398135	1.0	1.0	0.0557775233324355	0.005646698820377499	0.04013353197031066	0.006283292596090007	0.0021183516510672054	1.0	0.04921642586006297	0.44948974278317805	0.15815511491062575	0.01942128941573986	0.0026677475978466123	0.007186190202076788	0.15776505912784203	0.07222241333908486	0.585786437626905	0.011524293734037924	1.0	0.0044268600166271046	0.003184737191952855	0.005924453140455271	0.010265651463813806	1.0	0.10458564200832085	1.0	0.29893508442482547	0.07782533748396771	0.012251995354388466	1.0	0.10393197414888693	1.0	0.010609617768429388
sh	1.0	0.39564392373896007	1.0	1.0	0.3660254037844386	0.19219040425836986	0.2372732414640341	0.07742110133200698	0.16139047779640892	0.0	0.17826035697019474	1.0	0.39564392373896007	0.16931176174705137	0.13468771532949766	0.09319942718381796	0.5	0.5	1.0	0.4142135623730951	1.0	0.19219040425836986	0.15331120368114	0.18933139574356014	0.04329551638777195	0.10458564200832085	1.0	1.0	0.585786437626905	0.20913790076975997	0.153285746704985	1.0	0.32449979983983984	1.0	0.11189119247086728
si	0.0	1.0	0.0	1.0	1.0	1.0	1.0	1.0	1.0	0.0	1.0	1.0	1.0	0.3483314773547883	1.0	1.0	1.0	1.0	1.0	0.5	1.0	1.0	1.0	1.0	1.0	1.0	1.0	1.0	1.0	1.0	1.0	1.0	1.0	1.0	1.0
simple	1.0	0.3090169943749474	0.0	1.0	0.585786437626905	0.585786437626905	0.4142135623730951	0.11149901960407381	0.2766967754673749	0.0	0.44948974278317805	1.0	1.0	0.2466060555964672	0.3090169943749474	0.1498118478451938	0.585786437626905	1.0	1.0	0.3333333333333333	1.0	0.33333333333333326	0.28172904669025317	0.38742588672279304	0.1089725641757413	0.29893508442482547	0.585786437626905	1.0	1.0	0.585786437626905	0.3288130902060995	1.0	0.353889367864523	1.0	0.179128784747792
sr	1.0	0.3090169943749474	0.0	1.0	0.44948974278317805	0.12941948075789503	0.3333333333333333	0.07647063617843985	0.09217560210204276	0.0	0.17284906144302098	1.0	0.5	0.23166247903554	0.0842972691555574	0.17397134181413043	0.36602540378443865	0.44948974278317805	0.36602540378443865	0.5	1.0	0.2	0.1586931572954856	0.1217770960804016	0.12630999776783444	0.07782533748396771	0.20913790076975997	1.0	0.585786437626905	1.0	0.2766967754673749	1.0	0.28172904669025317	1.0	0.14018012730676646
sv	1.0	0.39564392373896007	1.0	1.0	0.05688687016001554	0.05706580647412834	0.14845931535673965	0.0053970381032691795	0.010733720002977048	0.0	0.1266993845323491	1.0	0.23371479611805132	0.11994549339466966	0.01308335601950033	0.027867728211184523	0.3660254037844386	0.15143323323844607	0.44948974278317805	0.16729472524126301	1.0	0.019806037008481093	0.04473043536975034	0.0718667627965181	0.026401085647371477	0.012251995354388466	0.153285746704985	1.0	0.3288130902060995	0.2766967754673749	1.0	1.0	0.23441237831492112	1.0	0.061219027092373465
te	0.0	1.0	0.0	1.0	1.0	1.0	1.0	1.0	1.0	0.0	1.0	1.0	1.0	0.585786437626905	1.0	1.0	1.0	1.0	1.0	0.585786437626905	1.0	1.0	1.0	1.0	0.585786437626905	1.0	1.0	1.0	1.0	1.0	1.0	1.0	1.0	1.0	1.0
vi	0.585786437626905	0.5	1.0	1.0	0.29893508442482547	0.16484708315636032	0.2204812092115424	0.07764948048415966	0.13198753181024742	0.0	0.18594358782685685	1.0	0.5	0.1463924816619788	0.10500806660828321	0.0924908996634757	0.39564392373896007	0.4142135623730951	1.0	0.25	1.0	0.14459058185587106	0.1486518372739164	0.137520762801972	0.07573764179068186	0.10393197414888693	0.32449979983983984	1.0	0.353889367864523	0.28172904669025317	0.23441237831492112	1.0	1.0	1.0	0.12681606857213268
war	0.0	0.39564392373896007	0.0	1.0	1.0	1.0	0.5	1.0	1.0	0.0	0.585786437626905	1.0	1.0	0.5	1.0	0.5	1.0	1.0	1.0	0.585786437626905	1.0	0.585786437626905	1.0	1.0	1.0	1.0	1.0	1.0	1.0	1.0	1.0	1.0	1.0	1.0	1.0
zh	0.44948974278317805	0.21955887415618858	1.0	1.0	0.1302579397629838	0.03392881951220804	0.08143873512780947	0.006380056401551848	0.008096374755636914	1.0	0.04796838583657935	1.0	0.16760090740494846	0.03684965490834547	0.008964366663504558	0.017094653654956257	0.11278959115032669	0.14503446107483847	0.3090169943749474	0.07293633403005347	1.0	0.0148784300754584	0.015211400278449031	0.014243625462791076	0.02320348757313006	0.010609617768429388	0.11189119247086728	1.0	0.179128784747792	0.14018012730676646	0.061219027092373465	1.0	0.12681606857213268	1.0	1.0
