arz	bs	ceb	ckb	da	de	el	en	es	fr	he	hi	hu	id	it	ja	ko	lv	mk	ml	mr	nl	pl	pt	ro	ru	sh	si	simple	sr	sv	te	vi	war	zh
arz	1.0	0.530938123752495	0.5076923076923077	0.5276872964169381	0.517113783533765	0.5044452347083926	0.5173824130879345	0.5025540705237829	0.5053047638859997	0.5048132460531383	0.5111647201074095	0.5205949656750571	0.5180722891566265	0.5130208333333334	0.5052050138092202	0.5084582562800996	0.513233025270764	0.5234782608695653	0.523571286841907	0.5217391304347826	0.534965034965035	0.5075827917053544	0.5054024255788313	0.506032996798818	0.5216110019646365	0.5062135429875729	0.5192118226600985	0.5328467153284672	0.515970515970516	0.5133410672853828	0.5093589659337293	0.5304347826086956	0.5134615384615385	0.5364583333333334	0.5097798939512261
bs	0.530938123752495	1.0	0.5074015748031496	0.5454545454545455	0.5514884386846243	0.5167044614926465	0.5560875920435853	0.5100190492348282	0.5195197861715973	0.5181467581856639	0.536203841850056	0.5563300198027568	0.5512043725452498	0.5450169493392373	0.5192395474416157	0.5286480777215529	0.539443984632373	0.5596265263606088	0.5590241430617073	0.553663805503685	0.5413563628716477	0.5277300027610592	0.5200711863210871	0.5227053589237027	0.5489022174152127	0.5229423841452601	0.5651836423701895	0.5434505325582785	0.5480019813390212	0.5434388376947895	0.5331593580030208	0.5423452768729642	0.5431844240310043	0.5382978723404256	0.5347532934545832
ceb	0.5076923076923077	0.5074015748031496	1.0	0.5114155251141552	0.5029644268774703	0.5007186489399927	0.5038674033149171	0.5004035368110009	0.5008421052631579	0.5007788161993769	0.5019493177387914	0.5049875311720698	0.5037837837837837	0.502724795640327	0.500752850075285	0.5014064697609002	0.5022246941045606	0.5050301810865191	0.5059625212947189	0.5074626865671642	0.515	0.5011030570438072	0.5008936550491511	0.500999500249875	0.5041928721174004	0.5010298661174047	0.5031645569620253	0.5161290322580645	0.5030355594102341	0.5024067388688327	0.5013949780789159	0.5076335877862596	0.5023411371237458	0.53	0.5015263846489315
ckb	0.5276872964169381	0.5454545454545455	0.5114155251141552	1.0	0.5339805825242718	0.5088245675961878	0.5365691175400825	0.5051349802183315	0.5104145184574139	0.509457174999631	0.5215377489578509	0.5364025695931478	0.533713200379867	0.5275142314990512	0.510530749789385	0.5161071549677857	0.5241757638892243	0.5534290271132376	0.5435684647302904	0.546644844517185	0.5467032967032968	0.5146520146520147	0.5105918322777899	0.5121891760117016	0.5357474466109563	0.5122976263626686	0.5345149253731344	0.5533141210374639	0.5318646734854445	0.5230337078651686	0.5175840978593271	0.5452380952380952	0.5270690728064716	0.5539033457249071	0.5191666666666667
da	0.517113783533765	0.5514884386846243	0.5029644268774703	0.5339805825242718	1.0	0.5366994403695442	0.5675315659652007	0.5230334019514341	0.5428799025007081	0.5403128530193116	0.5711450292942237	0.5648959316358857	0.5768821947532717	0.5694064777955885	0.5425296233023644	0.5596060982286696	0.5750222695443544	0.5640636846095527	0.5605354385346252	0.5524438353618122	0.5307212822796081	0.5579574748844038	0.5421782185105981	0.5495704129130867	0.57456788688785	0.5473879688668983	0.5691656234046565	0.5273052820053715	0.5769028714048562	0.5653469561515538	0.5670956069814614	0.5318606627017842	0.5666826759227911	0.52	0.567434010470597
de	0.5044452347083926	0.5167044614926465	0.5007186489399927	0.5088245675961878	0.5366994403695442	1.0	0.5329189572915988	0.5946213347588097	0.6063848370677627	0.6031808737417079	0.5651359025395227	0.5291046005370786	0.534611500975698	0.5493488255026583	0.6020690997358827	0.5792358458855276	0.5595770917527594	0.5195238594058794	0.5223487008386645	0.5179239495217555	0.5080431324023333	0.5887311094985471	0.6044654506472092	0.5953490221425566	0.5354464054509197	0.5881007636918504	0.5334801293388286	0.5074453310330094	0.5396090669752989	0.5538308067948368	0.5761941614462722	0.5104706556934279	0.5490580313522665	0.5040157058718544	0.5662689695624872
el	0.5173824130879345	0.5560875920435853	0.5038674033149171	0.5365691175400825	0.5675315659652007	0.5329189572915988	1.0	0.5210598248166204	0.5389849695608975	0.535818471946914	0.5634102426850378	0.5717025004203522	0.567820859707768	0.5686767684019075	0.5375898835266064	0.5552643130384356	0.5691929850431235	0.5701326944562276	0.5681521845805858	0.5519737519678668	0.5351985323829878	0.550483521184418	0.5387150759477691	0.5443200275704865	0.5769105872257123	0.5424953113361398	0.5681013080410652	0.5314514841890465	0.5727723847117696	0.5625749669348404	0.5587806143273826	0.5383951518152719	0.5669247779704361	0.5227995758218451	0.561065531790699
en	0.5025540705237829	0.5100190492348282	0.5004035368110009	0.5051349802183315	0.5230334019514341	0.5946213347588097	0.5210598248166204	1.0	0.5920458828216358	0.5909131733671633	0.5459522299436064	0.5190409594154406	0.5214628841155763	0.533181987666391	0.5889467680630291	0.5603510648861982	0.540991263590573	0.5119545082787031	0.5138634236985511	0.5112272584004389	0.5047418331087713	0.5656215195242084	0.5851148426827991	0.5804345560991216	0.5220569068557342	0.5744326852250455	0.5217814478211865	0.5043947414165645	0.526922838136776	0.5373571538062977	0.5543392178734639	0.50622008567596	0.5346577155423357	0.5022565439775348	0.5511708274511036
es	0.5053047638859997	0.5195197861715973	0.5008421052631579	0.5104145184574139	0.5428799025007081	0.6063848370677627	0.5389849695608975	0.5920458828216358	1.0	0.6081152340324678	0.5761695672481911	0.5351364451428081	0.5406412691040688	0.5584722285215629	0.6114453817580069	0.5902566933410535	0.5708465675368088	0.5237599721288612	0.5269910012446318	0.5221132594895317	0.509625944438647	0.5979664520236473	0.605966433614436	0.612569110361169	0.5410105044933385	0.5965614958439183	0.5401955941675471	0.5088990066225165	0.5473112584307325	0.5639550248309264	0.5869501178747973	0.5123152709359606	0.5600367398865848	0.5047002297890119	0.5798503265903765
fr	0.5048132460531383	0.5181467581856639	0.5007788161993769	0.509457174999631	0.5403128530193116	0.6031808737417079	0.535818471946914	0.5909131733671633	0.6081152340324678	1.0	0.5704521050634996	0.5319392316702882	0.5373900553896512	0.5533002363041839	0.6031899819467265	0.5839844947655403	0.5656073149985774	0.5217796197839129	0.5250975093550942	0.5201202739023622	0.5088227693596791	0.592888435735978	0.5983206562846184	0.600684850343696	0.5388071369034946	0.5885195585480618	0.5367965866509952	0.5081484796038678	0.544946520388822	0.5570041698510834	0.5822734842594558	0.5112167300380228	0.555073754314444	0.504349507055867	0.5721448864238862
he	0.5111647201074095	0.536203841850056	0.5019493177387914	0.5215377489578509	0.5711450292942237	0.5651359025395227	0.5634102426850378	0.5459522299436064	0.5761695672481911	0.5704521050634996	1.0	0.5584662211184743	0.5649085573614457	0.5783911548929196	0.574290127350623	0.5871327077325743	0.5926602463394361	0.5448798365237216	0.54934726904052	0.5380746262318119	0.51986190759846	0.5877780486522597	0.5732157151345362	0.5841715762394586	0.5674557131768	0.5759618569098308	0.565511604967129	0.5188217815737167	0.5772226645273705	0.5811641387853529	0.5947478074539714	0.524747496310417	0.5823670034590329	0.510038240917782	0.5894876702077265
hi	0.5205949656750571	0.5563300198027568	0.5049875311720698	0.5364025695931478	0.5648959316358857	0.5291046005370786	0.5717025004203522	0.5190409594154406	0.5351364451428081	0.5319392316702882	0.5584662211184743	1.0	0.5657180770217901	0.5701025730285152	0.5333152056451841	0.5501553047481325	0.5657767015874872	0.5678260553346094	0.5639976213727298	0.5669369376578216	0.5427494369754599	0.5454289139092704	0.5337251215544523	0.5403512903674175	0.5712017297881685	0.5381868783440953	0.5652377648566413	0.5384505691495776	0.5719696984481168	0.559333026318426	0.5529706142097699	0.5483193277310924	0.5701378442584975	0.5243179122182681	0.5572972619606565
hu	0.5180722891566265	0.5512043725452498	0.5037837837837837	0.533713200379867	0.5768821947532717	0.534611500975698	0.567820859707768	0.5214628841155763	0.5406412691040688	0.5373900553896512	0.5649085573614457	0.5657180770217901	1.0	0.5681817362235533	0.5390996979575288	0.5528950400603112	0.567432289761207	0.5631783420133202	0.5622145081927801	0.5518352550224057	0.5344227014600741	0.5532766285407917	0.5411775080083788	0.5464919863004547	0.5741835731071934	0.5450830961668129	0.5672780647597652	0.529968984941074	0.5696398959944136	0.5648079810343215	0.5587367373384248	0.5398148148148149	0.5665094339622642	0.5212435233160622	0.560889834012309
id	0.5130208333333334	0.5450169493392373	0.502724795640327	0.5275142314990512	0.5694064777955885	0.5493488255026583	0.5686767684019075	0.533181987666391	0.5584722285215629	0.5533002363041839	0.5783911548929196	0.5701025730285152	0.5681817362235533	1.0	0.5567372553880671	0.5703567406370604	0.5804167377521986	0.5533773379244707	0.5549636717247957	0.5490872138588361	0.5267003668448104	0.571530993278566	0.5552721368841059	0.5662717366697295	0.571238156168925	0.5623934932755534	0.5706284681811665	0.5244724749157331	0.5730026087509809	0.5767219670215579	0.5778096357417215	0.531385954008701	0.5823833141820777	0.5142667551426675	0.5742755627936679
it	0.5052050138092202	0.5192395474416157	0.500752850075285	0.510530749789385	0.5425296233023644	0.6020690997358827	0.5375898835266064	0.5889467680630291	0.6114453817580069	0.6031899819467265	0.574290127350623	0.5333152056451841	0.5390996979575288	0.5567372553880671	1.0	0.586556073606485	0.5681588113949883	0.5235117825444936	0.5266129422144563	0.521833880175654	0.5091846347924001	0.5964179833813718	0.6006038461813242	0.6091136390507578	0.5401959673578562	0.592903340304217	0.5395399203251741	0.508343014806864	0.5465776898254817	0.5613639045951797	0.5837612825519858	0.512046357737274	0.5566835402191629	0.5046948356807511	0.5775709550219748
ja	0.5084582562800996	0.5286480777215529	0.5014064697609002	0.5161071549677857	0.5596060982286696	0.5792358458855276	0.5552643130384356	0.5603510648861982	0.5902566933410535	0.5839844947655403	0.5871327077325743	0.5501553047481325	0.5528950400603112	0.5703567406370604	0.586556073606485	1.0	0.5895782924995974	0.5348426502075856	0.5388360610838024	0.5325618156751702	0.5157163721441271	0.5918974036362918	0.5844756062462028	0.5949611034621498	0.5543055211830847	0.584043692521356	0.5535266150764603	0.5143728422583633	0.5664185085929699	0.5721522301216023	0.5950541036047244	0.5191887316410269	0.5735820284537855	0.5078097882679625	0.5913865749016208
ko	0.513233025270764	0.539443984632373	0.5022246941045606	0.5241757638892243	0.5750222695443544	0.5595770917527594	0.5691929850431235	0.540991263590573	0.5708465675368088	0.5656073149985774	0.5926602463394361	0.5657767015874872	0.567432289761207	0.5804167377521986	0.5681588113949883	0.5895782924995974	1.0	0.5474629019029632	0.5501960079340487	0.5442865936236956	0.5233350839275254	0.5821966850546525	0.5660684093528974	0.5785604918214264	0.5726763813312289	0.5733535732077836	0.5705668270427224	0.5212089077412514	0.5835870077951871	0.5835292318778014	0.5902359823630619	0.5267114937988928	0.5875305736478266	0.5119825708061002	0.5899945213512
lv	0.5234782608695653	0.5596265263606088	0.5050301810865191	0.5534290271132376	0.5640636846095527	0.5195238594058794	0.5701326944562276	0.5119545082787031	0.5237599721288612	0.5217796197839129	0.5448798365237216	0.5678260553346094	0.5631783420133202	0.5533773379244707	0.5235117825444936	0.5348426502075856	0.5474629019029632	1.0	0.5702795234702996	0.5680847777768184	0.5517531645071707	0.5327273998576458	0.5242885734453341	0.5274667491587227	0.5681629793321131	0.5268357195801795	0.5605349027021055	0.5475397079253533	0.5584016783901254	0.5479451399795018	0.5384923121461691	0.5476190476190476	0.5552525768982844	0.5373134328358209	0.5404645126457202
mk	0.523571286841907	0.5590241430617073	0.5059625212947189	0.5435684647302904	0.5605354385346252	0.5223487008386645	0.5681521845805858	0.5138634236985511	0.5269910012446318	0.5250975093550942	0.54934726904052	0.5639976213727298	0.5622145081927801	0.5549636717247957	0.5266129422144563	0.5388360610838024	0.5501960079340487	0.5702795234702996	1.0	0.5553711771428226	0.5379856250526305	0.536048617750002	0.526573355742861	0.5314931859274626	0.5701769259775723	0.5303055172190301	0.5615047753856646	0.5391298130206285	0.5609873976233745	0.5521290067900585	0.5444684837410316	0.5385549288954341	0.5571789489386421	0.5301587301587302	0.5453660190581732
ml	0.5217391304347826	0.553663805503685	0.5074626865671642	0.546644844517185	0.5524438353618122	0.5179239495217555	0.5519737519678668	0.5112272584004389	0.5221132594895317	0.5201202739023622	0.5380746262318119	0.5669369376578216	0.5518352550224057	0.5490872138588361	0.521833880175654	0.5325618156751702	0.5442865936236956	0.5680847777768184	0.5553711771428226	1.0	0.5514227413679526	0.5293602103418055	0.5214254697785399	0.5251647125145933	0.5592680986475735	0.5246346824085754	0.5551570705171242	0.5476583567738151	0.5534851621808143	0.5407946240335721	0.5344080351929212	0.555915511209019	0.5485451132267314	0.5402750491159136	0.5368767369924646
mr	0.534965034965035	0.5413563628716477	0.515	0.5467032967032968	0.5307212822796081	0.5080431324023333	0.5351985323829878	0.5047418331087713	0.509625944438647	0.5088227693596791	0.51986190759846	0.5427494369754599	0.5344227014600741	0.5267003668448104	0.5091846347924001	0.5157163721441271	0.5233350839275254	0.5517531645071707	0.5379856250526305	0.5514227413679526	1.0	0.5134721371708512	0.5096636162452133	0.5110140784955779	0.535018991952882	0.5109415030223602	0.531909793704735	0.5512048192771084	0.5333500873876241	0.5221504897287326	0.5167515946197956	0.5626598465473146	0.5280403276622558	0.5622489959839357	0.5191603659582388
nl	0.5075827917053544	0.5277300027610592	0.5011030570438072	0.5146520146520147	0.5579574748844038	0.5887311094985471	0.550483521184418	0.5656215195242084	0.5979664520236473	0.592888435735978	0.5877780486522597	0.5454289139092704	0.5532766285407917	0.571530993278566	0.5964179833813718	0.5918974036362918	0.5821966850546525	0.5327273998576458	0.536048617750002	0.5293602103418055	0.5134721371708512	1.0	0.5916713793201194	0.5990694184467371	0.5526743765048827	0.5912342301025538	0.5522140725453558	0.512427124884934	0.5610298242715781	0.5742370756593119	0.5985371543953579	0.5174295240982116	0.5703674630132556	0.5070115300716734	0.586264342211986
pl	0.5054024255788313	0.5200711863210871	0.5008936550491511	0.5105918322777899	0.5421782185105981	0.6044654506472092	0.5387150759477691	0.5851148426827991	0.605966433614436	0.5983206562846184	0.5732157151345362	0.5337251215544523	0.5411775080083788	0.5552721368841059	0.6006038461813242	0.5844756062462028	0.5660684093528974	0.5242885734453341	0.526573355742861	0.5214254697785399	0.5096636162452133	0.5916713793201194	1.0	0.5980252758216507	0.5403944556224847	0.5891806566321173	0.5399874397685872	0.5089872862779483	0.5460358887049195	0.5616532210157528	0.5801810590933066	0.512380538662033	0.555754877124713	0.5048737261852015	0.5744114579281594
pt	0.506032996798818	0.5227053589237027	0.500999500249875	0.5121891760117016	0.5495704129130867	0.5953490221425566	0.5443200275704865	0.5804345560991216	0.612569110361169	0.600684850343696	0.5841715762394586	0.5403512903674175	0.5464919863004547	0.5662717366697295	0.6091136390507578	0.5949611034621498	0.5785604918214264	0.5274667491587227	0.5314931859274626	0.5251647125145933	0.5110140784955779	0.5990694184467371	0.5980252758216507	1.0	0.548708254436699	0.5970929682050526	0.5467087033769676	0.510426314394998	0.5553633649112855	0.5688412037245808	0.5931768204632102	0.5142995637421232	0.5676045714828669	0.5054455445544555	0.5862537848471129
ro	0.5216110019646365	0.5489022174152127	0.5041928721174004	0.5357474466109563	0.57456788688785	0.5354464054509197	0.5769105872257123	0.5220569068557342	0.5410105044933385	0.5388071369034946	0.5674557131768	0.5712017297881685	0.5741835731071934	0.571238156168925	0.5401959673578562	0.5543055211830847	0.5726763813312289	0.5681629793321131	0.5701769259775723	0.5592680986475735	0.535018991952882	0.5526743765048827	0.5403944556224847	0.548708254436699	1.0	0.5466649681328073	0.5701522542621205	0.5307473982970672	0.5740179761674387	0.5704973740581616	0.5609625644665504	0.536322869955157	0.5713549573111573	0.5211267605633803	0.5619228387126131
ru	0.5062135429875729	0.5229423841452601	0.5010298661174047	0.5122976263626686	0.5473879688668983	0.5881007636918504	0.5424953113361398	0.5744326852250455	0.5965614958439183	0.5885195585480618	0.5759618569098308	0.5381868783440953	0.5450830961668129	0.5623934932755534	0.592903340304217	0.584043692521356	0.5733535732077836	0.5268357195801795	0.5303055172190301	0.5246346824085754	0.5109415030223602	0.5912342301025538	0.5891806566321173	0.5970929682050526	0.5466649681328073	1.0	0.545415849831394	0.5105937947645318	0.5508117572559255	0.5680535624006982	0.5835342316677347	0.5146060741252987	0.5622469669255943	0.5057383320581484	0.5761862524206842
sh	0.5192118226600985	0.5651836423701895	0.5031645569620253	0.5345149253731344	0.5691656234046565	0.5334801293388286	0.5681013080410652	0.5217814478211865	0.5401955941675471	0.5367965866509952	0.565511604967129	0.5652377648566413	0.5672780647597652	0.5706284681811665	0.5395399203251741	0.5535266150764603	0.5705668270427224	0.5605349027021055	0.5615047753856646	0.5551570705171242	0.531909793704735	0.5522140725453558	0.5399874397685872	0.5467087033769676	0.5701522542621205	0.545415849831394	1.0	0.5319961795606495	0.5724263606091419	0.5959307958477509	0.5604044336109752	0.5375565610859728	0.5674745404093886	0.5212981744421906	0.5600445762664532
si	0.5328467153284672	0.5434505325582785	0.5161290322580645	0.5533141210374639	0.5273052820053715	0.5074453310330094	0.5314514841890465	0.5043947414165645	0.5088990066225165	0.5081484796038678	0.5188217815737167	0.5384505691495776	0.529968984941074	0.5244724749157331	0.508343014806864	0.5143728422583633	0.5212089077412514	0.5475397079253533	0.5391298130206285	0.5476583567738151	0.5512048192771084	0.512427124884934	0.5089872862779483	0.510426314394998	0.5307473982970672	0.5105937947645318	0.5319961795606495	1.0	0.5302116515859212	0.5217336526226419	0.5154485019571491	0.5461538461538461	0.5247614928908809	0.5588235294117647	0.5179519949328476
simple	0.515970515970516	0.5480019813390212	0.5030355594102341	0.5318646734854445	0.5769028714048562	0.5396090669752989	0.5727723847117696	0.526922838136776	0.5473112584307325	0.544946520388822	0.5772226645273705	0.5719696984481168	0.5696398959944136	0.5730026087509809	0.5465776898254817	0.5664185085929699	0.5835870077951871	0.5584016783901254	0.5609873976233745	0.5534851621808143	0.5333500873876241	0.5610298242715781	0.5460358887049195	0.5553633649112855	0.5740179761674387	0.5508117572559255	0.5724263606091419	0.5302116515859212	1.0	0.5687103062246345	0.5700334172780417	0.5349194167306217	0.5786284892715265	0.5180520570948783	0.5742046046721259
sr	0.5133410672853828	0.5434388376947895	0.5024067388688327	0.5230337078651686	0.5653469561515538	0.5538308067948368	0.5625749669348404	0.5373571538062977	0.5639550248309264	0.5570041698510834	0.5811641387853529	0.559333026318426	0.5648079810343215	0.5767219670215579	0.5613639045951797	0.5721522301216023	0.5835292318778014	0.5479451399795018	0.5521290067900585	0.5407946240335721	0.5221504897287326	0.5742370756593119	0.5616532210157528	0.5688412037245808	0.5704973740581616	0.5680535624006982	0.5959307958477509	0.5217336526226419	0.5687103062246345	1.0	0.578221441316928	0.5272032239676966	0.5719147355531929	0.5126396237507349	0.5768677237770578
sv	0.5093589659337293	0.5331593580030208	0.5013949780789159	0.5175840978593271	0.5670956069814614	0.5761941614462722	0.5587806143273826	0.5543392178734639	0.5869501178747973	0.5822734842594558	0.5947478074539714	0.5529706142097699	0.5587367373384248	0.5778096357417215	0.5837612825519858	0.5950541036047244	0.5902359823630619	0.5384923121461691	0.5444684837410316	0.5344080351929212	0.5167515946197956	0.5985371543953579	0.5801810590933066	0.5931768204632102	0.5609625644665504	0.5835342316677347	0.5604044336109752	0.5154485019571491	0.5700334172780417	0.578221441316928	1.0	0.520439061317184	0.5754915825400285	0.5088540359594362	0.5883204325669538
te	0.5304347826086956	0.5423452768729642	0.5076335877862596	0.5452380952380952	0.5318606627017842	0.5104706556934279	0.5383951518152719	0.50622008567596	0.5123152709359606	0.5112167300380228	0.524747496310417	0.5483193277310924	0.5398148148148149	0.531385954008701	0.512046357737274	0.5191887316410269	0.5267114937988928	0.5476190476190476	0.5385549288954341	0.555915511209019	0.5626598465473146	0.5174295240982116	0.512380538662033	0.5142995637421232	0.536322869955157	0.5146060741252987	0.5375565610859728	0.5461538461538461	0.5349194167306217	0.5272032239676966	0.520439061317184	1.0	0.5308868501529052	0.5396825396825397	0.5233667597898198
vi	0.5134615384615385	0.5431844240310043	0.5023411371237458	0.5270690728064716	0.5666826759227911	0.5490580313522665	0.5669247779704361	0.5346577155423357	0.5600367398865848	0.555073754314444	0.5823670034590329	0.5701378442584975	0.5665094339622642	0.5823833141820777	0.5566835402191629	0.5735820284537855	0.5875305736478266	0.5552525768982844	0.5571789489386421	0.5485451132267314	0.5280403276622558	0.5703674630132556	0.555754877124713	0.5676045714828669	0.5713549573111573	0.5622469669255943	0.5674745404093886	0.5247614928908809	0.5786284892715265	0.5719147355531929	0.5754915825400285	0.5308868501529052	1.0	0.5143603133159269	0.5817857469011406
war	0.5364583333333334	0.5382978723404256	0.53	0.5539033457249071	0.52	0.5040157058718544	0.5227995758218451	0.5022565439775348	0.5047002297890119	0.504349507055867	0.510038240917782	0.5243179122182681	0.5212435233160622	0.5142667551426675	0.5046948356807511	0.5078097882679625	0.5119825708061002	0.5373134328358209	0.5301587301587302	0.5402750491159136	0.5622489959839357	0.5070115300716734	0.5048737261852015	0.5054455445544555	0.5211267605633803	0.5057383320581484	0.5212981744421906	0.5588235294117647	0.5180520570948783	0.5126396237507349	0.5088540359594362	0.5396825396825397	0.5143603133159269	1.0	0.5096607986260198
zh	0.5097798939512261	0.5347532934545832	0.5015263846489315	0.5191666666666667	0.567434010470597	0.5662689695624872	0.561065531790699	0.5511708274511036	0.5798503265903765	0.5721448864238862	0.5894876702077265	0.5572972619606565	0.560889834012309	0.5742755627936679	0.5775709550219748	0.5913865749016208	0.5899945213512	0.5404645126457202	0.5453660190581732	0.5368767369924646	0.5191603659582388	0.586264342211986	0.5744114579281594	0.5862537848471129	0.5619228387126131	0.5761862524206842	0.5600445762664532	0.5179519949328476	0.5742046046721259	0.5768677237770578	0.5883204325669538	0.5233667597898198	0.5817857469011406	0.5096607986260198	1.0
