arz	bs	ceb	ckb	da	de	el	en	es	fr	he	hi	hu	id	it	ja	ko	lv	mk	ml	mr	nl	pl	pt	ro	ru	sh	si	simple	sr	sv	te	vi	war	zh
arz	0.0	0.0	0.0	0.0	0.0	0.0	0.0	0.0	0.0	0.0	0.0	0.0	0.0	0.0	0.0	0.0	0.0	0.0	0.0	0.001282051282051282	0.0	0.0	0.0	0.0	0.0	0.0	0.0	0.0	0.0	0.0	0.0	0.0	0.0	0.0	0.0
bs	0.0	1.0	0.0	0.0	0.0	0.00182370820668693	0.0	0.0015094339622641509	0.0	0.0056179775280898875	0.0	0.0	0.0	0.0	0.002041649652919559	0.0	0.0	0.0	0.0	0.0006901311249137336	0.0	0.0	1.3681855806921652e-05	0.0	0.0	0.0	0.06373626373626373	0.0	0.0	0.0	0.0	0.0012062726176115801	0.0	0.0	0.0
ceb	0.0	0.0	1.0	0.0	0.0	0.0	0.0	0.0	0.0	0.0	0.0	0.0	0.0	0.0	0.0	0.0	0.0	0.0	0.0	0.0	0.0	0.0	0.0	0.0	0.0	0.0	0.00045187528242205153	0.0	0.0	0.0	0.0	0.0	0.0	0.0	0.0
ckb	0.0	0.0	0.0	1.0	0.0	4.5749839875560434e-05	0.0	7.022126721298813e-06	0.0	2.0030446278343083e-05	0.0	0.0	0.0	0.0	0.0	0.0	0.0	0.0	0.0	0.00258732212160414	0.0	0.0	0.0	0.0	0.0	0.0	0.000445632798573975	0.0	0.0	0.0	5.0787201625190454e-05	0.0	0.0	0.0	3.576026319553712e-05
da	0.0	0.0	0.0	0.0	0.0	0.0	0.0	0.0	0.0	0.0	0.0	0.0	0.0	0.0	0.0	0.0	0.0	0.0	0.0	0.0005396654074473826	0.0006988120195667365	0.0	0.0	0.0	0.0	0.0	0.0	0.0	0.0	0.0	0.0	0.0	0.0	0.0	0.0
de	0.0	0.00182370820668693	0.0	4.5749839875560434e-05	0.0	1.0	0.0	0.0015422578655151142	0.0	0.001905366783105748	0.0	0.0	0.0	0.0	0.0019730351857941467	0.0	0.0	0.0	0.0	0.0	4.516915849857717e-05	0.00026896180742334586	4.071633607263794e-05	0.0	0.0	0.0	0.004209260372820205	4.545041359876375e-05	0.0	0.0	0.0	0.0	0.0	0.0	0.0
el	0.0	0.0	0.0	0.0	0.0	0.0	0.0	0.0	0.0	0.0	0.0	0.0	0.0	0.0	0.0	0.0	0.0	0.0	0.0	0.00033478406427854036	0.00156128024980484	0.0	0.0	0.0	0.0	0.0	0.0	0.00041186161449752884	0.0	0.0	0.0	0.0012684989429175475	0.0	0.0	0.0
en	0.0	0.0015094339622641509	0.0	7.022126721298813e-06	0.0	0.0015422578655151142	0.0	1.0	0.0003774297037176826	0.003534089235753203	0.0	0.0	0.0	0.0001832508704416346	0.002054653790836244	0.0	0.0	0.0	0.0	2.4517358289669085e-05	3.156919968571108e-05	0.00027111291853056796	0.00017880794701986754	0.0	0.0003929273084479371	0.0	0.001503194287861706	3.5092767731498214e-06	0.0	0.0	0.0	3.5100281504257663e-06	0.0	0.0	0.0
es	0.0	0.0	0.0	0.0	0.0	0.0	0.0	0.0003774297037176826	1.0	0.0	0.0	0.0	0.0	0.0	0.0	0.0	0.0	0.0	0.0	0.0	0.0001272426517368622	0.0	6.841208704753956e-06	0.0	0.0	0.0	0.0	0.0	0.0	0.0	0.0	0.0	0.0	0.0	0.0
fr	0.0	0.0056179775280898875	0.0	2.0030446278343083e-05	0.0	0.001905366783105748	0.0	0.003534089235753203	0.0	1.0	0.0	0.0	0.0	0.0	0.010077153204219808	0.0	0.0	0.0	0.0	9.876933409714951e-05	5.9757385016831667e-05	0.0002475860361475613	6.771489321361341e-05	0.0	0.0	0.0	0.0020130850528434826	0.0	0.0	0.0	0.0	0.0	0.0	0.0	0.0
he	0.0	0.0	0.0	0.0	0.0	0.0	0.0	0.0	0.0	0.0	0.0	0.0	0.0	0.0	0.0	0.0	0.0	0.0	0.0	0.00014795088030773783	0.00015780337699226762	0.0	0.0	0.0	0.0	0.0	0.0	0.00032263268269075657	0.0	0.0	0.0	0.00032583903551645487	0.0	0.0	0.0
hi	0.0	0.0	0.0	0.0	0.0	0.0	0.0	0.0	0.0	0.0	0.0	0.0	0.0	0.0	0.0	0.0	0.0	0.0	0.0	0.0033826638477801266	0.0005128205128205128	0.0	0.0	0.0	0.0	0.0	0.0	0.0011037527593818985	0.0	0.0	0.0	0.0	0.0	0.0	0.0
hu	0.0	0.0	0.0	0.0	0.0	0.0	0.0	0.0	0.0	0.0	0.0	0.0	0.0	0.0	0.0	0.0	0.0	0.0	0.0	0.0010960906101571063	0.00043159257660768235	0.0	0.0	0.0	0.0	0.0	0.0	0.00045871559633027525	0.0	0.0	0.0	0.0	0.0	0.0	0.0
id	0.0	0.0	0.0	0.0	0.0	0.0	0.0	0.0001832508704416346	0.0	0.0	0.0	0.0	0.0	1.0	0.00039556962025316455	0.0	0.0	0.0	0.0	0.0010070493454179255	0.00039077764751856197	0.0	0.0	0.0	0.0	0.0	0.0	0.00041288191577208916	0.0	0.0	0.0	0.0	0.0	0.0	0.0
it	0.0	0.002041649652919559	0.0	0.0	0.0	0.0019730351857941467	0.0	0.002054653790836244	0.0	0.010077153204219808	0.0	0.0	0.0	0.00039556962025316455	1.0	0.0	0.0	0.0	0.0	6.752992419766009e-05	6.801448708574926e-05	0.00028665615594094884	3.983508275738443e-05	0.0	0.0	0.0	0.0028478437754271765	5.1129100979974434e-05	0.0	0.0	0.0	3.412095879894225e-05	0.0	0.0	0.0
ja	0.0	0.0	0.0	0.0	0.0	0.0	0.0	0.0	0.0	0.0	0.0	0.0	0.0	0.0	0.0	0.0	0.0	0.0	0.0	0.00021183448665442733	0.00021503834850548347	0.0	0.0	0.0	0.0	0.0	0.0	7.202275919190464e-05	0.0	0.0	0.0	3.60893572485474e-05	0.0	0.0	0.0
ko	0.0	0.0	0.0	0.0	0.0	0.0	0.0	0.0	0.0	0.0	0.0	0.0	0.0	0.0	0.0	0.0	0.0	0.0	0.0	0.00013642564802182812	0.0002895613146083683	0.0	0.0	0.0	0.0	0.0	0.0	0.0001476886722788362	0.0	0.0	0.0	0.0	0.0	0.0	0.0
lv	0.0	0.0	0.0	0.0	0.0	0.0	0.0	0.0	0.0	0.0	0.0	0.0	0.0	0.0	0.0	0.0	0.0	0.0	0.0	0.0016	0.0012062726176115801	0.0	0.0	0.0	0.0	0.0	0.0	0.001445086705202312	0.0	0.0	0.0	0.0	0.0	0.0	0.0
mk	0.0	0.0	0.0	0.0	0.0	0.0	0.0	0.0	0.0	0.0	0.0	0.0	0.0	0.0	0.0	0.0	0.0	0.0	0.0	0.000944733112895607	0.0005896226415094339	0.0	0.0	0.0	0.0	0.0	0.0	0.0006414368184733803	0.0	0.0	0.0	0.0	0.0	0.0	0.0
ml	0.001282051282051282	0.0006901311249137336	0.0	0.00258732212160414	0.0005396654074473826	0.0	0.00033478406427854036	2.4517358289669085e-05	0.0	9.876933409714951e-05	0.00014795088030773783	0.0033826638477801266	0.0010960906101571063	0.0010070493454179255	6.752992419766009e-05	0.00021183448665442733	0.00013642564802182812	0.0016	0.000944733112895607	1.0	0.0009478672985781991	0.0004964010920824026	6.662225183211193e-05	0.00010619995327202056	0.001984126984126984	0.0001558765457757456	0.001358695652173913	0.0010893246187363835	0.00027464982147761604	0.00022177866489243733	0.0002942907592701589	0.0011668611435239206	0.0011163206072784104	0.0	0.00045367300645611584
mr	0.0	0.0	0.0	0.0	0.0006988120195667365	4.516915849857717e-05	0.00156128024980484	3.156919968571108e-05	0.0001272426517368622	5.9757385016831667e-05	0.00015780337699226762	0.0005128205128205128	0.00043159257660768235	0.00039077764751856197	6.801448708574926e-05	0.00021503834850548347	0.0002895613146083683	0.0012062726176115801	0.0005896226415094339	0.0009478672985781991	1.0	0.0002618486514794449	0.0	6.429352135616468e-05	0.0006261740763932373	3.489000924585245e-05	0.000792393026941363	0.006072874493927126	0.0009325458501709667	0.0004894762604013706	0.00020032051282051281	0.0	0.0004926108374384236	0.0	0.00021246458923512748
nl	0.0	0.0	0.0	0.0	0.0	0.00026896180742334586	0.0	0.00027111291853056796	0.0	0.0002475860361475613	0.0	0.0	0.0	0.0	0.00028665615594094884	0.0	0.0	0.0	0.0	0.0004964010920824026	0.0002618486514794449	1.0	1.3490725126475547e-05	0.0	0.0	0.0	0.0	0.00013329778725673153	0.0	0.0	0.0	0.00013439053890606102	0.0	0.0	0.0
pl	0.0	1.3681855806921652e-05	0.0	0.0	0.0	4.071633607263794e-05	0.0	0.00017880794701986754	6.841208704753956e-06	6.771489321361341e-05	0.0	0.0	0.0	0.0	3.983508275738443e-05	0.0	0.0	0.0	0.0	6.662225183211193e-05	0.0	1.3490725126475547e-05	1.0	0.0	0.0	0.0	1.3679796991812641e-05	6.919936336585703e-05	0.0	0.0	6.837700344620098e-06	6.949270326615705e-05	0.0	0.0	0.0
pt	0.0	0.0	0.0	0.0	0.0	0.0	0.0	0.0	0.0	0.0	0.0	0.0	0.0	0.0	0.0	0.0	0.0	0.0	0.0	0.00010619995327202056	6.429352135616468e-05	0.0	0.0	0.0	0.0	0.0	0.0	6.448284756254837e-05	0.0	0.0	0.0	4.304407713498623e-05	0.0	0.0	0.0
ro	0.0	0.0	0.0	0.0	0.0	0.0	0.0	0.0003929273084479371	0.0	0.0	0.0	0.0	0.0	0.0	0.0	0.0	0.0	0.0	0.0	0.001984126984126984	0.0006261740763932373	0.0	0.0	0.0	1.0	0.0	0.0	0.0	0.0	0.0	0.0	0.0	0.0	0.000779423226812159	0.0
ru	0.0	0.0	0.0	0.0	0.0	0.0	0.0	0.0	0.0	0.0	0.0	0.0	0.0	0.0	0.0	0.0	0.0	0.0	0.0	0.0001558765457757456	3.489000924585245e-05	0.0	0.0	0.0	0.0	0.0	0.0	3.497359493582345e-05	0.0	0.0	0.0	3.50109409190372e-05	0.0	0.0	0.0
sh	0.0	0.06373626373626373	0.00045187528242205153	0.000445632798573975	0.0	0.004209260372820205	0.0	0.001503194287861706	0.0	0.0020130850528434826	0.0	0.0	0.0	0.0	0.0028478437754271765	0.0	0.0	0.0	0.0	0.001358695652173913	0.000792393026941363	0.0	1.3679796991812641e-05	0.0	0.0	0.0	1.0	0.0012573344509639564	0.0	0.0	0.0	0.0	0.0	0.0	0.0
si	0.0	0.0	0.0	0.0	0.0	4.545041359876375e-05	0.00041186161449752884	3.5092767731498214e-06	0.0	0.0	0.00032263268269075657	0.0011037527593818985	0.00045871559633027525	0.00041288191577208916	5.1129100979974434e-05	7.202275919190464e-05	0.0001476886722788362	0.001445086705202312	0.0006414368184733803	0.0010893246187363835	0.006072874493927126	0.00013329778725673153	6.919936336585703e-05	6.448284756254837e-05	0.0	3.497359493582345e-05	0.0012573344509639564	1.0	0.0006491398896462187	0.0	0.00010084203095850351	0.0	0.00025484199796126404	0.005494505494505495	0.00010673877463886715
simple	0.0	0.0	0.0	0.0	0.0	0.0	0.0	0.0	0.0	0.0	0.0	0.0	0.0	0.0	0.0	0.0	0.0	0.0	0.0	0.00027464982147761604	0.0009325458501709667	0.0	0.0	0.0	0.0	0.0	0.0	0.0006491398896462187	0.0	0.0	0.0	0.0006622516556291391	0.0	0.0	0.0
sr	0.0	0.0	0.0	0.0	0.0	0.0	0.0	0.0	0.0	0.0	0.0	0.0	0.0	0.0	0.0	0.0	0.0	0.0	0.0	0.00022177866489243733	0.0004894762604013706	0.0	0.0	0.0	0.0	0.0	0.0	0.0	0.0	0.0	0.0	0.00025713551041398817	0.0	0.0	0.0
sv	0.0	0.0	0.0	5.0787201625190454e-05	0.0	0.0	0.0	0.0	0.0	0.0	0.0	0.0	0.0	0.0	0.0	0.0	0.0	0.0	0.0	0.0002942907592701589	0.00020032051282051281	0.0	6.837700344620098e-06	0.0	0.0	0.0	0.0	0.00010084203095850351	0.0	0.0	1.0	0.00015173739315158566	0.0	0.0	0.0
te	0.0	0.0012062726176115801	0.0	0.0	0.0	0.0	0.0012684989429175475	3.5100281504257663e-06	0.0	0.0	0.00032583903551645487	0.0	0.0	0.0	3.412095879894225e-05	3.60893572485474e-05	0.0	0.0	0.0	0.0011668611435239206	0.0	0.00013439053890606102	6.949270326615705e-05	4.304407713498623e-05	0.0	3.50109409190372e-05	0.0	0.0	0.0006622516556291391	0.00025713551041398817	0.00015173739315158566	1.0	0.0002588661661920787	0.0	0.00010697093956141915
vi	0.0	0.0	0.0	0.0	0.0	0.0	0.0	0.0	0.0	0.0	0.0	0.0	0.0	0.0	0.0	0.0	0.0	0.0	0.0	0.0011163206072784104	0.0004926108374384236	0.0	0.0	0.0	0.0	0.0	0.0	0.00025484199796126404	0.0	0.0	0.0	0.0002588661661920787	0.0	0.0	0.0
war	0.0	0.0	0.0	0.0	0.0	0.0	0.0	0.0	0.0	0.0	0.0	0.0	0.0	0.0	0.0	0.0	0.0	0.0	0.0	0.0	0.0	0.0	0.0	0.0	0.000779423226812159	0.0	0.0	0.005494505494505495	0.0	0.0	0.0	0.0	0.0	1.0	0.0
zh	0.0	0.0	0.0	3.576026319553712e-05	0.0	0.0	0.0	0.0	0.0	0.0	0.0	0.0	0.0	0.0	0.0	0.0	0.0	0.0	0.0	0.00045367300645611584	0.00021246458923512748	0.0	0.0	0.0	0.0	0.0	0.0	0.00010673877463886715	0.0	0.0	0.0	0.00010697093956141915	0.0	0.0	0.0
