arz	bs	ceb	ckb	da	de	el	en	es	fr	he	hi	hu	id	it	ja	ko	lv	mk	ml	mr	nl	pl	pt	ro	ru	sh	si	simple	sr	sv	te	tr	vi	war	zh
arz	1.0	1.0	0.0	1.0	1.0	1.0	1.0	1.0	1.0	1.0	1.0	1.0	1.0	1.0	1.0	1.0	1.0	1.0	1.0	1.0	1.0	1.0	1.0	1.0	1.0	1.0	1.0	1.0	1.0	1.0	1.0	1.0	1.0	1.0	1.0	1.0
bs	1.0	1.0	1.0	1.0	0.20644694990151713	0.07776310332710037	0.22966848451216434	0.07630985892081696	0.08752801808939827	0.083632575240832	0.23166247903554	0.30216947925196225	0.27429188517743175	0.16483766720178772	0.09210344019787872	0.08755699234284779	0.16879264089884097	0.3534797987848214	0.2	0.15793185006793256	0.585786437626905	0.20755332256615214	0.07675632009779719	0.0809606472074994	0.23145844486143888	0.07205841768283866	0.3121176067299382	1.0	0.11202761839455971	0.1975496259559987	0.19863891932497532	0.44948974278317805	0.11174133475895043	0.10254156871450298	0.585786437626905	0.09643047719006893
ceb	0.0	1.0	1.0	0.0	1.0	0.585786437626905	0.0	1.0	1.0	1.0	1.0	1.0	1.0	1.0	1.0	1.0	1.0	1.0	1.0	1.0	0.0	1.0	1.0	1.0	1.0	1.0	1.0	1.0	1.0	1.0	1.0	0.0	-1.0	1.0	1.0	1.0
ckb	1.0	1.0	0.0	1.0	1.0	1.0	1.0	1.0	1.0	1.0	1.0	1.0	1.0	1.0	1.0	1.0	1.0	1.0	1.0	1.0	1.0	0.585786437626905	1.0	1.0	1.0	1.0	1.0	1.0	0.585786437626905	1.0	0.585786437626905	1.0	1.0	1.0	1.0	1.0
da	1.0	0.20644694990151713	1.0	1.0	1.0	0.08452527756755773	0.585786437626905	0.0884462837034073	0.07904400888854206	0.09708865535152188	0.1907435698305462	0.28436465220442186	0.44948974278317805	0.11340557159822484	0.1459739705593218	0.08369080311444033	0.16265941452915686	0.40453726661826384	0.32449979983983984	0.29429805508554946	1.0	0.11597203082825937	0.07959942436972112	0.08451706701714769	0.38742588672279304	0.11767269874288121	0.2474401533514073	1.0	0.16381449342072227	0.22772999919644132	0.10660256026011108	0.39564392373896	0.203075234310397	0.17209623536106755	0.585786437626905	0.14310075340274334
de	1.0	0.07776310332710037	0.585786437626905	1.0	0.08452527756755773	1.0	0.5	0.03251493271755427	0.02637082450045755	0.025254034456119342	0.32449979983983984	0.44948974278317805	0.4142135623730951	0.10040952491396014	0.02772199755497171	0.10533306422646384	0.3660254037844386	0.2024668359430136	0.36602540378443865	0.28436465220442186	1.0	0.0373092357788169	0.02181218500721528	0.02630135405087032	0.27429188517743175	0.023020800598103797	0.1683604963286918	1.0	0.07035783491069694	0.1374203627757835	0.09192503819903083	0.585786437626905	0.14793850543422615	0.20799159651347807	1.0	0.13579648178933995
el	1.0	0.22966848451216434	0.0	1.0	0.585786437626905	0.5	1.0	1.0	1.0	0.44948974278317805	1.0	1.0	1.0	0.585786437626905	0.39564392373896007	1.0	1.0	1.0	1.0	1.0	1.0	0.20942771453851886	0.5	1.0	1.0	1.0	1.0	1.0	0.3660254037844386	1.0	0.585786437626905	1.0	0.4364916731037085	1.0	1.0	1.0
en	1.0	0.07630985892081696	1.0	1.0	0.0884462837034073	0.03251493271755427	1.0	1.0	0.023037572801307502	0.032311596262479696	0.12486073526105129	0.2222222222222222	0.1435919483070091	0.05291424391911649	0.04877704046720159	0.034185190069623395	0.09738781258641704	0.16884049603777124	0.25824569976124334	0.12714937905415696	1.0	0.0764248483247736	0.01939693624003283	0.019173705726521318	0.15680317378987077	0.01896668466416724	0.14889451392822825	1.0	0.05212020760525286	0.07060090894728993	0.040176100750705046	0.3164309725825328	0.11499381621931108	0.05034449865293893	1.0	0.04506012709070625
es	1.0	0.08752801808939827	1.0	1.0	0.07904400888854206	0.02637082450045755	1.0	0.023037572801307502	1.0	0.02789516745939505	0.5	0.585786437626905	0.3266316347104093	0.0857542197240569	0.030237170493589014	0.08249429641988122	0.3266316347104093	0.23287801762489632	1.0	0.39564392373896007	1.0	0.02249359776365781	0.02334063727013373	0.03437788445434345	0.26533119314590375	0.038241571939696885	0.15224553269455082	1.0	0.0890241936969183	0.12629634161955186	0.09780792168519005	0.585786437626905	0.1882941641019443	0.1367380867204732	1.0	0.10586596643905144
fr	1.0	0.083632575240832	1.0	1.0	0.09708865535152188	0.025254034456119342	0.44948974278317805	0.032311596262479696	0.02789516745939505	1.0	0.23497542908541053	0.32449979983983984	0.34833147735478825	0.0631438231270256	0.034039854683021266	0.07106084323529463	0.19803190560151412	0.17411239489546831	0.30216947925196225	0.21209649407822986	1.0	0.03767685584030158	0.021861741705070614	0.023703051777562982	0.2231857863108069	0.022257627822396122	0.1814514427410167	1.0	0.09276692084823726	0.11482383924921312	0.07555859953646071	0.4142135623730951	0.16879264089884097	0.10129549672958998	0.585786437626905	0.08725385844017292
he	1.0	0.23166247903554	1.0	1.0	0.1907435698305462	0.32449979983983984	1.0	0.12486073526105129	0.5	0.23497542908541053	1.0	1.0	1.0	0.2041350519664497	0.3090169943749474	1.0	1.0	0.3430703308172536	1.0	1.0	1.0	0.08663685980542202	0.4142135623730951	0.3430703308172536	0.5	1.0	0.44948974278317805	1.0	0.3266316347104093	0.585786437626905	0.44948974278317805	1.0	0.39564392373896007	1.0	1.0	1.0
hi	1.0	0.30216947925196225	1.0	1.0	0.28436465220442186	0.44948974278317805	1.0	0.2222222222222222	0.585786437626905	0.32449979983983984	1.0	1.0	1.0	0.2145646002858569	0.29429805508554946	1.0	1.0	0.4142135623730951	1.0	1.0	1.0	0.13603863460387838	0.44948974278317805	0.39564392373896007	0.5	1.0	0.585786437626905	1.0	0.3090169943749474	0.5	1.0	1.0	0.585786437626905	1.0	1.0	1.0
hu	1.0	0.27429188517743175	1.0	1.0	0.44948974278317805	0.4142135623730951	1.0	0.1435919483070091	0.3266316347104093	0.34833147735478825	1.0	1.0	1.0	0.36602540378443865	0.2449655295864104	1.0	1.0	0.585786437626905	1.0	1.0	1.0	0.07275506877766706	0.39564392373896007	0.32449979983983984	0.3430703308172536	1.0	0.3483314773547883	1.0	0.4364916731037085	0.5	0.585786437626905	1.0	0.4364916731037085	1.0	1.0	1.0
id	1.0	0.16483766720178772	1.0	1.0	0.11340557159822484	0.10040952491396014	0.585786437626905	0.05291424391911649	0.0857542197240569	0.0631438231270256	0.2041350519664497	0.2145646002858569	0.36602540378443865	1.0	0.0994567070047426	0.13254305909220607	0.26427884169111276	0.24622305894856308	0.44948974278317805	0.3430703308172536	1.0	0.05080979230748811	0.08192513855908673	0.07776459684739737	0.252521308770626	0.0793662860630881	0.2599626728776018	1.0	0.11197009374373583	0.1805307011930227	0.11772403115357771	0.585786437626905	0.1856154626682773	0.20658711810431302	1.0	0.10845770283962061
it	1.0	0.09210344019787872	1.0	1.0	0.1459739705593218	0.02772199755497171	0.39564392373896007	0.04877704046720159	0.030237170493589014	0.034039854683021266	0.3090169943749474	0.29429805508554946	0.2449655295864104	0.0994567070047426	1.0	0.10336263685452844	0.28989794855663564	0.19254205667712865	0.5	0.36602540378443865	1.0	0.062298404492206735	0.027581115335625295	0.027177455961486786	0.2033503690089021	0.028674491522337902	0.2639626719759689	1.0	0.09303268916478535	0.14956087350246788	0.06880797873688681	0.5	0.16164173714115737	0.17843295907368986	1.0	0.09584069468246141
ja	1.0	0.08755699234284779	1.0	1.0	0.08369080311444033	0.10533306422646384	1.0	0.034185190069623395	0.08249429641988122	0.07106084323529463	1.0	1.0	1.0	0.13254305909220607	0.10336263685452844	1.0	1.0	0.3430703308172536	1.0	1.0	1.0	0.030191265303459003	0.10876570539697614	0.1399755881284967	0.2791745113185196	1.0	0.32449979983983984	1.0	0.12797786185801033	0.5	0.4142135623730951	1.0	0.2857142857142857	1.0	1.0	1.0
ko	1.0	0.16879264089884097	1.0	1.0	0.16265941452915686	0.3660254037844386	1.0	0.09738781258641704	0.3266316347104093	0.19803190560151412	1.0	1.0	1.0	0.26427884169111276	0.28989794855663564	1.0	1.0	0.4364916731037085	1.0	1.0	1.0	0.06543279239943695	0.25824569976124334	0.2742918851774318	0.3430703308172536	1.0	0.44948974278317805	1.0	0.19160741797296413	0.4142135623730951	0.5	1.0	0.3164309725825327	1.0	1.0	1.0
lv	1.0	0.3534797987848214	1.0	1.0	0.40453726661826384	0.2024668359430136	1.0	0.16884049603777124	0.23287801762489632	0.17411239489546831	0.3430703308172536	0.4142135623730951	0.585786437626905	0.24622305894856308	0.19254205667712865	0.3430703308172536	0.4364916731037085	1.0	0.585786437626905	0.585786437626905	1.0	0.14137452331149003	0.19292728076790167	0.1852891992413258	0.38742588672279304	0.1951941016011038	0.3559014480978032	1.0	0.23134004481370207	0.3288130902060995	0.2204812092115424	1.0	0.3797958971132712	0.44948974278317805	1.0	0.25
mk	1.0	0.2	1.0	1.0	0.32449979983983984	0.36602540378443865	1.0	0.25824569976124334	1.0	0.30216947925196225	1.0	1.0	1.0	0.44948974278317805	0.5	1.0	1.0	0.585786437626905	1.0	1.0	1.0	0.1150689811665334	0.5	0.5	0.585786437626905	1.0	0.585786437626905	1.0	0.3090169943749474	1.0	1.0	1.0	1.0	1.0	1.0	1.0
ml	1.0	0.15793185006793256	1.0	1.0	0.29429805508554946	0.28436465220442186	1.0	0.12714937905415696	0.39564392373896007	0.21209649407822986	1.0	1.0	1.0	0.3430703308172536	0.36602540378443865	1.0	1.0	0.585786437626905	1.0	1.0	1.0	0.10351694645735658	0.38742588672279304	0.5	0.5	1.0	0.585786437626905	1.0	0.3164309725825328	1.0	0.4364916731037085	1.0	0.2674788903885893	1.0	1.0	1.0
mr	1.0	0.585786437626905	0.0	1.0	1.0	1.0	1.0	1.0	1.0	1.0	1.0	1.0	1.0	1.0	1.0	1.0	1.0	1.0	1.0	1.0	1.0	1.0	1.0	1.0	1.0	1.0	0.585786437626905	1.0	1.0	1.0	1.0	1.0	1.0	1.0	1.0	1.0
nl	1.0	0.20755332256615214	1.0	0.585786437626905	0.11597203082825937	0.0373092357788169	0.20942771453851886	0.0764248483247736	0.02249359776365781	0.03767685584030158	0.08663685980542202	0.13603863460387838	0.07275506877766706	0.05080979230748811	0.062298404492206735	0.030191265303459003	0.06543279239943695	0.14137452331149003	0.1150689811665334	0.10351694645735658	1.0	1.0	0.020052177116626903	0.019467038100012903	0.08958452503445212	0.018430189416124114	0.09734529487261312	1.0	0.04956861154160722	0.04331534492674029	0.03291561959687359	0.16056186254883698	0.06572154261235194	0.04375589888257736	0.585786437626905	0.03626054230877281
pl	1.0	0.07675632009779719	1.0	1.0	0.07959942436972112	0.02181218500721528	0.5	0.01939693624003283	0.02334063727013373	0.021861741705070614	0.4142135623730951	0.44948974278317805	0.39564392373896007	0.08192513855908673	0.027581115335625295	0.10876570539697614	0.25824569976124334	0.19292728076790167	0.5	0.38742588672279304	1.0	0.020052177116626903	1.0	0.027802100732576485	0.16850366126693445	0.03747153154440099	0.15186625486279173	1.0	0.06107618972941536	0.15281721749313784	0.1049343334620933	0.26427884169111276	0.1966859011405671	0.179128784747792	1.0	0.09265389397129688
pt	1.0	0.0809606472074994	1.0	1.0	0.08451706701714769	0.02630135405087032	1.0	0.019173705726521318	0.03437788445434345	0.023703051777562982	0.3430703308172536	0.39564392373896007	0.32449979983983984	0.07776459684739737	0.027177455961486786	0.1399755881284967	0.2742918851774318	0.1852891992413258	0.5	0.5	1.0	0.019467038100012903	0.027802100732576485	1.0	0.23369436503170488	0.08852981086654285	0.1565221464029282	1.0	0.09197601096170023	0.20039338959527586	0.13472338607037426	0.39564392373896007	0.15331120368114	0.26427884169111276	1.0	0.1987625491245426
ro	1.0	0.23145844486143888	1.0	1.0	0.38742588672279304	0.27429188517743175	1.0	0.15680317378987077	0.26533119314590375	0.2231857863108069	0.5	0.5	0.3430703308172536	0.252521308770626	0.2033503690089021	0.2791745113185196	0.3430703308172536	0.38742588672279304	0.585786437626905	0.5	1.0	0.08958452503445212	0.16850366126693445	0.23369436503170488	1.0	0.26533119314590375	0.5	1.0	0.2413967275537521	0.312382456964725	0.5	0.5	0.5	0.4142135623730951	1.0	0.3090169943749474
ru	1.0	0.07205841768283866	1.0	1.0	0.11767269874288121	0.023020800598103797	1.0	0.01896668466416724	0.038241571939696885	0.022257627822396122	1.0	1.0	1.0	0.0793662860630881	0.028674491522337902	1.0	1.0	0.1951941016011038	1.0	1.0	1.0	0.018430189416124114	0.03747153154440099	0.08852981086654285	0.26533119314590375	1.0	0.19636040545626823	1.0	0.07831710760683505	0.2791745113185196	0.2	1.0	0.16529601915024647	1.0	1.0	1.0
sh	1.0	0.3121176067299382	1.0	1.0	0.2474401533514073	0.1683604963286918	1.0	0.14889451392822825	0.15224553269455082	0.1814514427410167	0.44948974278317805	0.585786437626905	0.3483314773547883	0.2599626728776018	0.2639626719759689	0.32449979983983984	0.44948974278317805	0.3559014480978032	0.585786437626905	0.585786437626905	0.585786437626905	0.09734529487261312	0.15186625486279173	0.1565221464029282	0.5	0.19636040545626823	1.0	1.0	0.213672154108406	0.2352460244820148	0.2497373861941435	0.585786437626905	0.3597752501562547	0.585786437626905	1.0	0.38742588672279304
si	1.0	1.0	1.0	1.0	1.0	1.0	1.0	1.0	1.0	1.0	1.0	1.0	1.0	1.0	1.0	1.0	1.0	1.0	1.0	1.0	1.0	1.0	1.0	1.0	1.0	1.0	1.0	1.0	0.585786437626905	1.0	1.0	1.0	1.0	1.0	1.0	1.0
simple	1.0	0.11202761839455971	1.0	0.585786437626905	0.16381449342072227	0.07035783491069694	0.3660254037844386	0.05212020760525286	0.0890241936969183	0.09276692084823726	0.3266316347104093	0.3090169943749474	0.4364916731037085	0.11197009374373583	0.09303268916478535	0.12797786185801033	0.19160741797296413	0.23134004481370207	0.3090169943749474	0.3164309725825328	1.0	0.04956861154160722	0.06107618972941536	0.09197601096170023	0.2413967275537521	0.07831710760683505	0.213672154108406	0.585786437626905	1.0	0.17491720310721423	0.1670981715278653	0.36602540378443865	0.15636844121448973	0.17628553230201896	1.0	0.13074787165365426
sr	1.0	0.1975496259559987	1.0	1.0	0.22772999919644132	0.1374203627757835	1.0	0.07060090894728993	0.12629634161955186	0.11482383924921312	0.585786437626905	0.5	0.5	0.1805307011930227	0.14956087350246788	0.5	0.4142135623730951	0.3288130902060995	1.0	1.0	1.0	0.04331534492674029	0.15281721749313784	0.20039338959527586	0.312382456964725	0.2791745113185196	0.2352460244820148	1.0	0.17491720310721423	1.0	0.3164309725825328	0.585786437626905	0.3380788308512194	0.5	1.0	0.44948974278317805
sv	1.0	0.19863891932497532	1.0	0.585786437626905	0.10660256026011108	0.09192503819903083	0.585786437626905	0.040176100750705046	0.09780792168519005	0.07555859953646071	0.44948974278317805	1.0	0.585786437626905	0.11772403115357771	0.06880797873688681	0.4142135623730951	0.5	0.2204812092115424	1.0	0.4364916731037085	1.0	0.03291561959687359	0.1049343334620933	0.13472338607037426	0.5	0.2	0.2497373861941435	1.0	0.1670981715278653	0.3164309725825328	1.0	1.0	0.2177863024549239	0.585786437626905	1.0	0.44948974278317805
te	1.0	0.44948974278317805	0.0	1.0	0.39564392373896	0.585786437626905	1.0	0.3164309725825328	0.585786437626905	0.4142135623730951	1.0	1.0	1.0	0.585786437626905	0.5	1.0	1.0	1.0	1.0	1.0	1.0	0.16056186254883698	0.26427884169111276	0.39564392373896007	0.5	1.0	0.585786437626905	1.0	0.36602540378443865	0.585786437626905	1.0	1.0	0.39564392373896007	1.0	1.0	1.0
tr	1.0	0.11174133475895043	-1.0	1.0	0.203075234310397	0.14793850543422615	0.4364916731037085	0.11499381621931108	0.1882941641019443	0.16879264089884097	0.39564392373896007	0.585786437626905	0.4364916731037085	0.1856154626682773	0.16164173714115737	0.2857142857142857	0.3164309725825327	0.3797958971132712	1.0	0.2674788903885893	1.0	0.06572154261235194	0.1966859011405671	0.15331120368114	0.5	0.16529601915024647	0.3597752501562547	1.0	0.15636844121448973	0.3380788308512194	0.2177863024549239	0.39564392373896007	1.0	0.25824569976124334	1.0	0.2449655295864104
vi	1.0	0.10254156871450298	1.0	1.0	0.17209623536106755	0.20799159651347807	1.0	0.05034449865293893	0.1367380867204732	0.10129549672958998	1.0	1.0	1.0	0.20658711810431302	0.17843295907368986	1.0	1.0	0.44948974278317805	1.0	1.0	1.0	0.04375589888257736	0.179128784747792	0.26427884169111276	0.4142135623730951	1.0	0.585786437626905	1.0	0.17628553230201896	0.5	0.585786437626905	1.0	0.25824569976124334	1.0	1.0	1.0
war	1.0	0.585786437626905	1.0	1.0	0.585786437626905	1.0	1.0	1.0	1.0	0.585786437626905	1.0	1.0	1.0	1.0	1.0	1.0	1.0	1.0	1.0	1.0	1.0	0.585786437626905	1.0	1.0	1.0	1.0	1.0	1.0	1.0	1.0	1.0	1.0	1.0	1.0	1.0	1.0
zh	1.0	0.09643047719006893	1.0	1.0	0.14310075340274334	0.13579648178933995	1.0	0.04506012709070625	0.10586596643905144	0.08725385844017292	1.0	1.0	1.0	0.10845770283962061	0.09584069468246141	1.0	1.0	0.25	1.0	1.0	1.0	0.03626054230877281	0.09265389397129688	0.1987625491245426	0.3090169943749474	1.0	0.38742588672279304	1.0	0.13074787165365426	0.44948974278317805	0.44948974278317805	1.0	0.2449655295864104	1.0	1.0	1.0
