arz	bs	ceb	ckb	da	de	el	en	es	fr	he	hi	hu	id	it	ja	ko	lv	mk	ml	mr	nl	pl	pt	ro	ru	sh	si	simple	sr	sv	te	tr	vi	war	zh
arz	1.0	1.0	0.14518338349164053	1.0	1.0	1.0	1.0	1.0	1.0	1.0	1.0	1.0	1.0	1.0	1.0	1.0	1.0	1.0	0.0	1.0	1.0	1.0	1.0	1.0	1.0	1.0	1.0	0.0	1.0	1.0	1.0	1.0	1.0	1.0	1.0	1.0
bs	1.0	1.0	0.09944273723614226	1.0	1.0	0.4142135623730951	1.0	0.4142135623730951	0.4142135623730951	0.44948974278317805	0.5	1.0	1.0	0.44948974278317805	0.44948974278317805	1.0	0.5	1.0	1.0	1.0	1.0	0.5	0.5	0.44948974278317805	1.0	0.44948974278317805	0.32881309020609956	0.0	1.0	0.40453726661826384	0.44948974278317805	1.0	0.12925569048394484	0.585786437626905	1.0	0.44948974278317805
ceb	0.14518338349164053	0.09944273723614226	1.0	0.010780655088245444	0.09139827527601006	0.0780755073482403	0.010164595680134895	0.05959463942091113	0.0634697358056562	0.06020253968600706	0.010595159227725063	0.01106881534168874	0.04159500730697905	0.07706278576102334	0.10523750595745425	0.010164595680134895	0.010164595680134897	0.052571093369837785	0.010780655088245444	0.010780655088245442	0.010780655088245442	0.10228057004904825	0.08617976880738258	0.06109954629040234	0.08974002342927291	0.010164595680134897	0.06130095900123993	0.04049816928951067	0.1008795351949716	0.010595159227725063	0.0683464409810124	0.013588346785824382	-1.0	0.06751934555165623	0.010784843349988653	0.05454279835228123
ckb	1.0	1.0	0.010780655088245444	1.0	1.0	1.0	1.0	1.0	1.0	1.0	1.0	1.0	1.0	1.0	1.0	1.0	1.0	1.0	1.0	1.0	1.0	1.0	1.0	1.0	1.0	1.0	1.0	0.0	1.0	1.0	1.0	1.0	1.0	1.0	1.0	1.0
da	1.0	1.0	0.09139827527601006	1.0	1.0	0.5	1.0	0.3660254037844386	1.0	0.5	1.0	1.0	0.585786437626905	1.0	0.5	1.0	1.0	1.0	1.0	1.0	1.0	0.44948974278317805	0.5	0.3660254037844386	1.0	1.0	0.30216947925196225	1.0	0.585786437626905	0.5	0.5	1.0	0.30216947925196225	1.0	1.0	1.0
de	1.0	0.4142135623730951	0.0780755073482403	1.0	0.5	1.0	1.0	0.04900221124474975	0.156234931905558	0.23441237831492112	0.44948974278317805	1.0	0.585786437626905	0.585786437626905	0.17684258135111194	0.29429805508554946	0.5	1.0	1.0	1.0	1.0	0.20942771453851886	0.13638685457335412	0.08720365127489137	0.585786437626905	0.2187841884486319	0.08633338057890416	1.0	0.5	0.20799159651347807	0.25355482027512377	1.0	0.18000810763052844	0.5	1.0	0.3430703308172536
el	1.0	1.0	0.010164595680134895	1.0	1.0	1.0	1.0	1.0	1.0	1.0	1.0	1.0	1.0	1.0	1.0	1.0	1.0	1.0	1.0	1.0	1.0	1.0	1.0	0.5	1.0	1.0	0.585786437626905	1.0	1.0	0.585786437626905	1.0	1.0	0.585786437626905	1.0	1.0	1.0
en	1.0	0.4142135623730951	0.05959463942091113	1.0	0.3660254037844386	0.04900221124474975	1.0	1.0	0.04441943589690552	0.04254685121090641	0.3266316347104093	1.0	0.4142135623730951	0.44948974278317805	0.08199497375892352	0.23166247903554	0.44948974278317805	1.0	1.0	1.0	1.0	0.1409155867112616	0.038584461811492714	0.029613738815879587	0.44948974278317805	0.11798174995145223	0.07149454066375027	1.0	0.353889367864523	0.1607677430268676	0.17146236113377303	1.0	0.15481422374455775	0.4142135623730951	1.0	0.23371479611805132
es	1.0	0.4142135623730951	0.0634697358056562	1.0	1.0	0.156234931905558	1.0	0.04441943589690552	1.0	0.2193450929151803	0.44948974278317805	1.0	0.585786437626905	0.5	0.18151291824946006	0.3333333333333333	0.585786437626905	1.0	1.0	1.0	1.0	0.22772999919644132	0.1575711774301564	0.10854867887713966	0.5	0.3660254037844386	0.07787961080851064	1.0	0.5	0.20386840968093525	0.25355482027512377	1.0	0.21498516621900873	0.5	1.0	0.3430703308172536
fr	1.0	0.44948974278317805	0.06020253968600706	1.0	0.5	0.23441237831492112	1.0	0.04254685121090641	0.2193450929151803	1.0	1.0	1.0	0.585786437626905	0.585786437626905	0.21712927295533244	0.44948974278317805	1.0	1.0	1.0	1.0	1.0	0.21089672205953397	0.23441237831492112	0.08270931562630669	0.5	0.44948974278317805	0.08416674963363165	1.0	0.585786437626905	0.2553967929896867	0.2791745113185196	1.0	0.1896812679802183	1.0	1.0	0.5
he	1.0	0.5	0.010595159227725063	1.0	1.0	0.44948974278317805	1.0	0.3266316347104093	0.44948974278317805	1.0	1.0	1.0	0.585786437626905	0.585786437626905	0.585786437626905	1.0	1.0	1.0	1.0	1.0	1.0	0.5	1.0	0.3797958971132712	1.0	1.0	0.23497542908541053	1.0	0.585786437626905	0.5	0.5	1.0	0.585786437626905	1.0	1.0	1.0
hi	1.0	1.0	0.01106881534168874	1.0	1.0	1.0	1.0	1.0	1.0	1.0	1.0	1.0	1.0	1.0	0.585786437626905	1.0	1.0	1.0	1.0	1.0	1.0	1.0	1.0	0.5	1.0	1.0	0.585786437626905	1.0	1.0	0.585786437626905	1.0	1.0	0.585786437626905	1.0	1.0	1.0
hu	1.0	1.0	0.04159500730697905	1.0	0.585786437626905	0.585786437626905	1.0	0.4142135623730951	0.585786437626905	0.585786437626905	0.585786437626905	1.0	1.0	1.0	0.585786437626905	1.0	1.0	1.0	1.0	1.0	1.0	0.585786437626905	0.585786437626905	0.44948974278317805	1.0	0.585786437626905	0.3483314773547883	1.0	1.0	0.5	0.585786437626905	1.0	0.5	1.0	1.0	0.585786437626905
id	1.0	0.44948974278317805	0.07706278576102334	1.0	1.0	0.585786437626905	1.0	0.44948974278317805	0.5	0.585786437626905	0.585786437626905	1.0	1.0	1.0	0.5	1.0	1.0	1.0	1.0	1.0	1.0	0.585786437626905	0.585786437626905	0.44948974278317805	0.585786437626905	0.585786437626905	0.44948974278317805	1.0	1.0	0.585786437626905	1.0	1.0	0.214354035374936	0.585786437626905	1.0	1.0
it	1.0	0.44948974278317805	0.10523750595745425	1.0	0.5	0.17684258135111194	1.0	0.08199497375892352	0.18151291824946006	0.21712927295533244	0.585786437626905	0.585786437626905	0.585786437626905	0.5	1.0	0.585786437626905	0.585786437626905	1.0	1.0	1.0	1.0	0.20942771453851886	0.1512290518085545	0.0944603824968701	0.5	0.3203772410170407	0.08350674950257925	1.0	0.5	0.25921926045307553	0.34833147735478825	1.0	0.15295783961613652	0.5	1.0	0.44948974278317805
ja	1.0	1.0	0.010164595680134895	1.0	1.0	0.29429805508554946	1.0	0.23166247903554	0.3333333333333333	0.44948974278317805	1.0	1.0	1.0	1.0	0.585786437626905	1.0	1.0	1.0	1.0	1.0	1.0	0.2708131845707603	0.44948974278317805	0.3430703308172536	1.0	1.0	0.2043134457775982	1.0	1.0	0.44948974278317805	0.36602540378443865	1.0	0.28989794855663564	1.0	1.0	1.0
ko	1.0	0.5	0.010164595680134897	1.0	1.0	0.5	1.0	0.44948974278317805	0.585786437626905	1.0	1.0	1.0	1.0	1.0	0.585786437626905	1.0	1.0	1.0	1.0	1.0	1.0	0.3430703308172536	1.0	0.3430703308172536	1.0	1.0	0.29429805508554946	1.0	1.0	0.36602540378443865	0.44948974278317805	1.0	0.5	1.0	1.0	1.0
lv	1.0	1.0	0.052571093369837785	1.0	1.0	1.0	1.0	1.0	1.0	1.0	1.0	1.0	1.0	1.0	1.0	1.0	1.0	1.0	1.0	1.0	1.0	1.0	1.0	1.0	1.0	1.0	0.585786437626905	1.0	1.0	0.585786437626905	1.0	1.0	0.3380788308512194	1.0	1.0	1.0
mk	0.0	1.0	0.010780655088245444	1.0	1.0	1.0	1.0	1.0	1.0	1.0	1.0	1.0	1.0	1.0	1.0	1.0	1.0	1.0	1.0	0.0	1.0	1.0	1.0	1.0	1.0	1.0	0.585786437626905	0.0	1.0	1.0	1.0	0.0	0.585786437626905	1.0	0.0	1.0
ml	1.0	1.0	0.010780655088245442	1.0	1.0	1.0	1.0	1.0	1.0	1.0	1.0	1.0	1.0	1.0	1.0	1.0	1.0	1.0	0.0	1.0	1.0	1.0	1.0	1.0	1.0	1.0	0.585786437626905	1.0	1.0	1.0	1.0	1.0	0.4364916731037085	1.0	1.0	1.0
mr	1.0	1.0	0.010780655088245442	1.0	1.0	1.0	1.0	1.0	1.0	1.0	1.0	1.0	1.0	1.0	1.0	1.0	1.0	1.0	1.0	1.0	1.0	1.0	1.0	1.0	1.0	1.0	1.0	1.0	1.0	1.0	1.0	1.0	1.0	1.0	1.0	1.0
nl	1.0	0.5	0.10228057004904825	1.0	0.44948974278317805	0.20942771453851886	1.0	0.1409155867112616	0.22772999919644132	0.21089672205953397	0.5	1.0	0.585786437626905	0.585786437626905	0.20942771453851886	0.2708131845707603	0.3430703308172536	1.0	1.0	1.0	1.0	1.0	0.2034135535436582	0.15741661759237086	0.5	0.32449979983983984	0.1274365765846892	1.0	0.5	0.3203772410170407	0.3660254037844386	1.0	0.07372525125075056	0.585786437626905	1.0	0.4142135623730951
pl	1.0	0.5	0.08617976880738258	1.0	0.5	0.13638685457335412	1.0	0.038584461811492714	0.1575711774301564	0.23441237831492112	1.0	1.0	0.585786437626905	0.585786437626905	0.1512290518085545	0.44948974278317805	1.0	1.0	1.0	1.0	1.0	0.2034135535436582	1.0	0.08440779358588854	0.44948974278317805	0.25355482027512377	0.08317596549812699	1.0	0.585786437626905	0.24660605559646726	0.28989794855663564	1.0	0.1975496259559987	0.585786437626905	1.0	0.5
pt	1.0	0.44948974278317805	0.06109954629040234	1.0	0.3660254037844386	0.08720365127489137	0.5	0.029613738815879587	0.10854867887713966	0.08270931562630669	0.3797958971132712	0.5	0.44948974278317805	0.44948974278317805	0.0944603824968701	0.3430703308172536	0.3430703308172536	1.0	1.0	1.0	1.0	0.15741661759237086	0.08440779358588854	1.0	0.585786437626905	0.23441237831492112	0.1194584024218499	1.0	0.44948974278317805	0.22966848451216434	0.21979723016032493	1.0	0.17222832290855955	0.5	1.0	0.2402530733520421
ro	1.0	1.0	0.08974002342927291	1.0	1.0	0.585786437626905	1.0	0.44948974278317805	0.5	0.5	1.0	1.0	1.0	0.585786437626905	0.5	1.0	1.0	1.0	1.0	1.0	1.0	0.5	0.44948974278317805	0.585786437626905	1.0	0.585786437626905	0.22772999919644132	1.0	1.0	0.4364916731037085	1.0	1.0	0.44948974278317805	1.0	1.0	1.0
ru	1.0	0.44948974278317805	0.010164595680134897	1.0	1.0	0.2187841884486319	1.0	0.11798174995145223	0.3660254037844386	0.44948974278317805	1.0	1.0	0.585786437626905	0.585786437626905	0.3203772410170407	1.0	1.0	1.0	1.0	1.0	1.0	0.32449979983983984	0.25355482027512377	0.23441237831492112	0.585786437626905	1.0	0.11936632442433537	1.0	0.585786437626905	0.3333333333333333	0.3430703308172536	1.0	0.2204812092115424	1.0	1.0	1.0
sh	1.0	0.32881309020609956	0.06130095900123993	1.0	0.30216947925196225	0.08633338057890416	0.585786437626905	0.07149454066375027	0.07787961080851064	0.08416674963363165	0.23497542908541053	0.585786437626905	0.3483314773547883	0.44948974278317805	0.08350674950257925	0.2043134457775982	0.29429805508554946	0.585786437626905	0.585786437626905	0.585786437626905	1.0	0.1274365765846892	0.08317596549812699	0.1194584024218499	0.22772999919644132	0.11936632442433537	1.0	1.0	0.32881309020609956	0.07172972116419374	0.11814465250770893	1.0	0.28989794855663564	0.16352330136718948	1.0	0.1575324921321875
si	0.0	0.0	0.04049816928951067	0.0	1.0	1.0	1.0	1.0	1.0	1.0	1.0	1.0	1.0	1.0	1.0	1.0	1.0	1.0	0.0	1.0	1.0	1.0	1.0	1.0	1.0	1.0	1.0	1.0	1.0	1.0	1.0	0.0	1.0	1.0	0.0	1.0
simple	1.0	1.0	0.1008795351949716	1.0	0.585786437626905	0.5	1.0	0.353889367864523	0.5	0.585786437626905	0.585786437626905	1.0	1.0	1.0	0.5	1.0	1.0	1.0	1.0	1.0	1.0	0.5	0.585786437626905	0.44948974278317805	1.0	0.585786437626905	0.32881309020609956	1.0	1.0	0.44948974278317805	0.5	1.0	0.2741219255031908	1.0	1.0	0.585786437626905
sr	1.0	0.40453726661826384	0.010595159227725063	1.0	0.5	0.20799159651347807	0.585786437626905	0.1607677430268676	0.20386840968093525	0.2553967929896867	0.5	0.585786437626905	0.5	0.585786437626905	0.25921926045307553	0.44948974278317805	0.36602540378443865	0.585786437626905	1.0	1.0	1.0	0.3203772410170407	0.24660605559646726	0.22966848451216434	0.4364916731037085	0.3333333333333333	0.07172972116419374	1.0	0.44948974278317805	1.0	0.252650308587072	1.0	0.44948974278317805	0.4364916731037085	1.0	0.2989350844248255
sv	1.0	0.44948974278317805	0.0683464409810124	1.0	0.5	0.25355482027512377	1.0	0.17146236113377303	0.25355482027512377	0.2791745113185196	0.5	1.0	0.585786437626905	1.0	0.34833147735478825	0.36602540378443865	0.44948974278317805	1.0	1.0	1.0	1.0	0.3660254037844386	0.28989794855663564	0.21979723016032493	1.0	0.3430703308172536	0.11814465250770893	1.0	0.5	0.252650308587072	1.0	1.0	0.27792629762666365	0.5	1.0	0.36602540378443865
te	1.0	1.0	0.013588346785824382	1.0	1.0	1.0	1.0	1.0	1.0	1.0	1.0	1.0	1.0	1.0	1.0	1.0	1.0	1.0	0.0	1.0	1.0	1.0	1.0	1.0	1.0	1.0	1.0	0.0	1.0	1.0	1.0	1.0	1.0	1.0	1.0	1.0
tr	1.0	0.12925569048394484	-1.0	1.0	0.30216947925196225	0.18000810763052844	0.585786437626905	0.15481422374455775	0.21498516621900873	0.1896812679802183	0.585786437626905	0.585786437626905	0.5	0.214354035374936	0.15295783961613652	0.28989794855663564	0.5	0.3380788308512194	0.585786437626905	0.4364916731037085	1.0	0.07372525125075056	0.1975496259559987	0.17222832290855955	0.44948974278317805	0.2204812092115424	0.28989794855663564	1.0	0.2741219255031908	0.44948974278317805	0.27792629762666365	1.0	1.0	0.3333333333333333	1.0	0.3164309725825328
vi	1.0	0.585786437626905	0.06751934555165623	1.0	1.0	0.5	1.0	0.4142135623730951	0.5	1.0	1.0	1.0	1.0	0.585786437626905	0.5	1.0	1.0	1.0	1.0	1.0	1.0	0.585786437626905	0.585786437626905	0.5	1.0	1.0	0.16352330136718948	1.0	1.0	0.4364916731037085	0.5	1.0	0.3333333333333333	1.0	1.0	1.0
war	1.0	1.0	0.010784843349988653	1.0	1.0	1.0	1.0	1.0	1.0	1.0	1.0	1.0	1.0	1.0	1.0	1.0	1.0	1.0	0.0	1.0	1.0	1.0	1.0	1.0	1.0	1.0	1.0	0.0	1.0	1.0	1.0	1.0	1.0	1.0	1.0	1.0
zh	1.0	0.44948974278317805	0.05454279835228123	1.0	1.0	0.3430703308172536	1.0	0.23371479611805132	0.3430703308172536	0.5	1.0	1.0	0.585786437626905	1.0	0.44948974278317805	1.0	1.0	1.0	1.0	1.0	1.0	0.4142135623730951	0.5	0.2402530733520421	1.0	1.0	0.1575324921321875	1.0	0.585786437626905	0.2989350844248255	0.36602540378443865	1.0	0.3164309725825328	1.0	1.0	1.0
