arz	bs	ceb	ckb	da	de	el	en	es	fr	he	hi	hu	id	it	ja	ko	lv	mk	ml	mr	nl	pl	pt	ro	ru	sh	si	simple	sr	sv	te	vi	war	zh
arz	1.0	0.36602540378443865	0.585786437626905	0.585786437626905	0.25793998879597596	0.2702311431296447	0.22584440001865322	0.22508511034121706	0.22584440001865322	0.22584440001865322	0.24718637924871675	0.4364916731037085	0.22912647858572635	0.23137079748395495	0.2674788903885893	0.2612038749637414	0.23145844486143888	0.30383243470068705	0.2642480754081098	0.2989350844248255	0.353889367864523	0.2222222222222222	0.23756124558990505	0.22753715570049485	0.22584440001865322	0.22584440001865322	0.24336073281110826	1.0	0.27308123153839114	0.24209694699647807	0.27429188517743175	0.585786437626905	0.22584440001865322	0.2612038749637414	0.21535376040482274
bs	0.36602540378443865	1.0	0.2791745113185196	0.585786437626905	0.2070518364164892	0.31451985913875646	0.44948974278317805	0.20203311860454104	0.44948974278317805	0.4142135623730951	0.35388936786452296	0.5	0.20521309615767264	0.38742588672279304	0.585786437626905	0.585786437626905	0.4142135623730951	0.5	0.4142135623730951	0.3333333333333333	0.28708594921778513	0.5	0.3090169943749474	0.38742588672279304	0.38742588672279304	0.44948974278317805	0.3333333333333333	1.0	0.21861512655276313	0.2553967929896867	0.38742588672279304	1.0	0.44948974278317805	0.585786437626905	0.18126989259043744
ceb	0.585786437626905	0.2791745113185196	1.0	0.5	0.10947059511672344	0.09523320232885452	0.18660549686337075	0.10040654434023838	0.09282973696133366	0.09560548528423636	0.10545115062236955	0.1326210796572558	0.11720923909369144	0.11877496421446335	0.10184307433247607	0.11087998922444	0.13474131069202694	0.1326210796572558	0.17084916751864376	0.26085725538121474	0.24308691827208434	0.10224392084860462	0.09517423303197124	0.10326945430698728	0.11522695924384371	0.09830038963556212	0.1482675827043134	0.585786437626905	0.14885270208324494	0.15318869982067587	0.09519568641852165	1.0	0.11929741177788225	0.3726822671238253	0.1216579250817145
ckb	0.585786437626905	0.585786437626905	0.5	1.0	0.3726822671238253	0.38742588672279304	0.5	0.27792629762666365	0.585786437626905	0.38742588672279304	0.44948974278317805	1.0	0.3380788308512194	0.40453726661826384	0.5	0.585786437626905	0.5	0.585786437626905	0.3726822671238253	0.44948974278317805	0.29812168571354125	0.585786437626905	0.44948974278317805	0.585786437626905	0.44948974278317805	0.5	0.3726822671238253	0.585786437626905	0.2928060946961875	0.44948974278317805	0.5	1.0	0.44948974278317805	0.585786437626905	0.3333333333333333
da	0.25793998879597596	0.2070518364164892	0.10947059511672344	0.3726822671238253	1.0	0.059438131826014526	0.11696132920126338	0.05690537720906074	0.04023485298842081	0.04373844866142933	0.06762380394025468	0.10436029582580039	0.07889210556761313	0.053133111695372916	0.04534348334277042	0.04853845540727625	0.04920948457423513	0.09506260458446412	0.1609629167315715	0.13396864347505066	0.11956748632527833	0.045372340258197405	0.04592729537385917	0.0455916748958079	0.05489044712336505	0.04340596772019432	0.10065402113891925	0.36602540378443865	0.0689596612211848	0.07908221407507447	0.045024815509576994	0.44948974278317805	0.07125886358559855	0.44948974278317805	0.06595025492348523
de	0.2702311431296447	0.31451985913875646	0.09523320232885452	0.38742588672279304	0.059438131826014526	1.0	0.1140481851459255	0.04519937193835783	0.027730041691220952	0.031387314215943436	0.04517792506629638	0.11764300920893897	0.050581975151765025	0.05272102272616316	0.029612270190852538	0.033608369350345044	0.04911986956410236	0.1549574402470066	0.14342448886266443	0.08432511579959137	0.08300277765348088	0.035210006886024506	0.040980882693684814	0.036639848211496955	0.04841545975518878	0.03985744720048225	0.10500754705801822	0.585786437626905	0.060110290919033096	0.07010267251480228	0.03551697039202315	0.25355482027512377	0.05240484164987714	0.44948974278317805	0.059578248267494124
el	0.22584440001865322	0.44948974278317805	0.18660549686337075	0.5	0.11696132920126338	0.1140481851459255	1.0	0.048358588142431706	0.2958163163244893	0.14229378603797288	0.0900712044856064	0.2791745113185196	0.08388472407139365	0.15438708879488486	0.21548339553958248	0.1956579219005593	0.21597158839000036	0.3660254037844386	0.25104895924496956	0.08875268776652438	0.09688651417622209	0.3333333333333333	0.14956087350246788	0.1337640273012875	0.22522719139308142	0.1886378647726465	0.1898541509655316	1.0	0.06496744848692214	0.08083684085402355	0.18567403772708974	0.3483314773547883	0.29893508442482547	0.585786437626905	0.05900875603685948
en	0.22508511034121706	0.20203311860454104	0.10040654434023838	0.27792629762666365	0.05690537720906074	0.04519937193835783	0.048358588142431706	1.0	0.016774873606391617	0.04444779349388341	0.05793847555418352	0.04366446729627669	0.0804054546499752	0.054270240557556707	0.018733803376116843	0.026469920876096332	0.041318974386832824	0.10172713306805406	0.09975888174839956	0.07634327438213097	0.05863694504052607	0.028869277407373217	0.04401911000720894	0.039714069343336364	0.03620525650758232	0.05282493964329103	0.07668637266068844	0.2097188436578299	0.07974611281083067	0.0577606984699689	0.02371743258737779	0.15129368101310536	0.03978461890025396	0.40453726661826384	0.0715318513872384
es	0.22584440001865322	0.44948974278317805	0.09282973696133366	0.585786437626905	0.04023485298842081	0.027730041691220952	0.2958163163244893	0.016774873606391617	1.0	0.020773883875339672	0.034389593742837204	0.1834956963966701	0.039241191831290594	0.03239467669974808	0.08483435042152009	0.0560410229050817	0.03689108440006765	0.28989794855663564	0.2187841884486319	0.08273014862234362	0.07634414509749918	0.054191094510349334	0.03646834307738242	0.031763793863013166	0.09626041308546439	0.02284340384594051	0.1167355195593027	1.0	0.03620121076868081	0.051171273599164416	0.059890177222957135	0.3090169943749474	0.11722589792008387	0.585786437626905	0.024608583929977737
fr	0.22584440001865322	0.4142135623730951	0.09560548528423636	0.38742588672279304	0.04373844866142933	0.031387314215943436	0.14229378603797288	0.04444779349388341	0.020773883875339672	1.0	0.04070468363271668	0.09535165883671447	0.049727640756766105	0.034435230504133746	0.02631676423371249	0.02925707931247486	0.03533607145371158	0.170290732087109	0.13592074038695343	0.07562011757317776	0.06372148529725295	0.03237635311895996	0.037460867116724014	0.034784656007505556	0.04504729328193647	0.03331463788992386	0.10880621241331023	0.4142135623730951	0.04848746234161131	0.05708487642615223	0.03853319698174667	0.23300379585862113	0.06829253421797901	0.5	0.03726616957814245
he	0.24718637924871675	0.35388936786452296	0.10545115062236955	0.44948974278317805	0.06762380394025468	0.04517792506629638	0.0900712044856064	0.05793847555418352	0.034389593742837204	0.04070468363271668	1.0	0.13328452147738468	0.06629300465410118	0.05879515680415262	0.039055089786755356	0.04294940489961517	0.048024200315336	0.170290732087109	0.16871963300535997	0.1350875874286934	0.1076190116275407	0.03953184671928553	0.04718575284530553	0.039314849322824426	0.05286682390854435	0.04396681032114094	0.09264264424181022	0.585786437626905	0.08813189205023357	0.07998141714070352	0.042861205475652746	0.40453726661826384	0.05232632167094501	0.4142135623730951	0.08910333230213646
hi	0.4364916731037085	0.5	0.1326210796572558	1.0	0.10436029582580039	0.11764300920893897	0.2791745113185196	0.04366446729627669	0.1834956963966701	0.09535165883671447	0.13328452147738468	1.0	0.08205971713093838	0.06941889833140846	0.18594358782685685	0.16507106312533584	0.13097314513819278	0.26051713205552895	0.2639626719759689	0.08948100821988941	0.05879868888671053	0.21089672205953397	0.15627078650878487	0.16457815064019468	0.15810288929542846	0.12469291937003373	0.16349203509808108	0.5	0.062443742548183925	0.08226095871762164	0.13474446069397814	0.20652066636560804	0.2240092377397959	0.585786437626905	0.058486700478581705
hu	0.22912647858572635	0.20521309615767264	0.11720923909369144	0.3380788308512194	0.07889210556761313	0.050581975151765025	0.08388472407139365	0.0804054546499752	0.039241191831290594	0.049727640756766105	0.06629300465410118	0.08205971713093838	1.0	0.059523367911283494	0.046808116859494424	0.0474061785059421	0.04965583881415426	0.11108170469548552	0.12116084033257832	0.12161296525034336	0.11392041315739761	0.04565477813941777	0.060230588888642654	0.0490410605460915	0.05248502891061702	0.04798459213493114	0.09244915877930474	0.4142135623730951	0.08948246228296916	0.09047841746789435	0.04806972713949204	0.3288130902060995	0.06048732201951335	0.22670469718246633	0.103746222103484
id	0.23137079748395495	0.38742588672279304	0.11877496421446335	0.40453726661826384	0.053133111695372916	0.05272102272616316	0.15438708879488486	0.054270240557556707	0.03239467669974808	0.034435230504133746	0.05879515680415262	0.06941889833140846	0.059523367911283494	1.0	0.03636808127469636	0.03574551477873123	0.04621871422040607	0.18932112805960133	0.16139047779640892	0.11040938432628838	0.08012464381900163	0.04592018289202668	0.05365290629573527	0.03868414061374513	0.049801670173278495	0.04018845988627134	0.11948806682456099	0.585786437626905	0.06764240340141096	0.06690919905116106	0.04082417019588697	0.2270957142781439	0.04848092057972642	0.3380788308512194	0.062342182831579676
it	0.2674788903885893	0.585786437626905	0.10184307433247607	0.5	0.04534348334277042	0.029612270190852538	0.21548339553958248	0.018733803376116843	0.08483435042152009	0.02631676423371249	0.039055089786755356	0.18594358782685685	0.046808116859494424	0.03636808127469636	1.0	0.04177988715591934	0.05004676162706631	0.25	0.15764393088224754	0.08749973633775676	0.07961588648843847	0.06786415834495643	0.035637194525983275	0.04672925399656099	0.07240001120792011	0.025304276295221872	0.11398848601807596	0.44948974278317805	0.04120113527444706	0.0477736042411907	0.03338031080453601	0.34833147735478825	0.0841245501744407	0.585786437626905	0.02859726017552731
ja	0.2612038749637414	0.585786437626905	0.11087998922444	0.585786437626905	0.04853845540727625	0.033608369350345044	0.1956579219005593	0.026469920876096332	0.0560410229050817	0.02925707931247486	0.04294940489961517	0.16507106312533584	0.0474061785059421	0.03574551477873123	0.04177988715591934	1.0	0.03867504628845355	0.28172904669025317	0.15894454156034005	0.07869967935480816	0.07830372074222124	0.06934209079877574	0.038909283955356914	0.05594774378117778	0.08364513555105997	0.033700807524904924	0.1158457425543559	0.585786437626905	0.039545304034683024	0.05192793773696037	0.04828896791372207	0.3164309725825327	0.07064817592057988	0.5	0.030361389359442312
ko	0.23145844486143888	0.4142135623730951	0.13474131069202694	0.5	0.04920948457423513	0.04911986956410236	0.21597158839000036	0.041318974386832824	0.03689108440006765	0.03533607145371158	0.048024200315336	0.13097314513819278	0.04965583881415426	0.04621871422040607	0.05004676162706631	0.03867504628845355	1.0	0.19292728076790167	0.1581140771513246	0.13789560696239433	0.0939195474248628	0.06083650778493562	0.06335369707898046	0.05418077710603694	0.0750646715212659	0.04197936721979706	0.12281104147273389	0.3726822671238253	0.04186024847489159	0.06531567618725814	0.059477725862928946	0.5	0.060874630162589705	0.44948974278317805	0.04024496904893102
lv	0.30383243470068705	0.5	0.1326210796572558	0.585786437626905	0.09506260458446412	0.1549574402470066	0.3660254037844386	0.10172713306805406	0.28989794855663564	0.170290732087109	0.170290732087109	0.26051713205552895	0.11108170469548552	0.18932112805960133	0.25	0.28172904669025317	0.19292728076790167	1.0	0.2449655295864104	0.17603990880339543	0.1506217166217102	0.2612038749637414	0.18368518446174903	0.1944264724233982	0.171310475400854	0.2212380739013886	0.17072137067148987	1.0	0.08101339647664771	0.09881425895628701	0.21089672205953397	0.585786437626905	0.25	0.44948974278317805	0.08937617567532506
mk	0.2642480754081098	0.4142135623730951	0.17084916751864376	0.3726822671238253	0.1609629167315715	0.14342448886266443	0.25104895924496956	0.09975888174839956	0.2187841884486319	0.13592074038695343	0.16871963300535997	0.2639626719759689	0.12116084033257832	0.16139047779640892	0.15764393088224754	0.15894454156034005	0.1581140771513246	0.2449655295864104	1.0	0.2158344610587697	0.2256567601358503	0.14538450188717933	0.14434870054261703	0.1918253663634734	0.14674764096055973	0.1562183734649329	0.1803677917048705	0.585786437626905	0.08802953440614923	0.0964222695581335	0.1708892656146299	1.0	0.20082658759311636	0.41319688409934685	0.08335100254434318
ml	0.2989350844248255	0.3333333333333333	0.26085725538121474	0.44948974278317805	0.13396864347505066	0.08432511579959137	0.08875268776652438	0.07634327438213097	0.08273014862234362	0.07562011757317776	0.1350875874286934	0.08948100821988941	0.12161296525034336	0.11040938432628838	0.08749973633775676	0.07869967935480816	0.13789560696239433	0.17603990880339543	0.2158344610587697	1.0	0.12911172396088993	0.09418435231096743	0.0978424058452704	0.1020769404026047	0.12054943090641082	0.07398192943161717	0.22854552900770983	0.3084793492966736	0.1484798343620259	0.13765192461367834	0.0841629332142388	0.1272362712259847	0.1368970350053999	0.3333333333333333	0.14475213746829516
mr	0.353889367864523	0.28708594921778513	0.24308691827208434	0.29812168571354125	0.11956748632527833	0.08300277765348088	0.09688651417622209	0.05863694504052607	0.07634414509749918	0.06372148529725295	0.1076190116275407	0.05879868888671053	0.11392041315739761	0.08012464381900163	0.07961588648843847	0.07830372074222124	0.0939195474248628	0.1506217166217102	0.2256567601358503	0.12911172396088993	1.0	0.09394724968527947	0.08647062482446886	0.09639236613510171	0.09801386966188623	0.06114477288381605	0.14313398408051656	0.32037724101704074	0.2136472402313014	0.19582491424610288	0.07887937305749933	0.09498186974610814	0.11856566861174282	0.3483314773547883	0.14320661624842032
nl	0.2222222222222222	0.5	0.10224392084860462	0.585786437626905	0.045372340258197405	0.035210006886024506	0.3333333333333333	0.028869277407373217	0.054191094510349334	0.03237635311895996	0.03953184671928553	0.21089672205953397	0.04565477813941777	0.04592018289202668	0.06786415834495643	0.06934209079877574	0.06083650778493562	0.2612038749637414	0.14538450188717933	0.09418435231096743	0.09394724968527947	1.0	0.04214905008534947	0.0747477708104829	0.09382079385791299	0.04405565102635418	0.1131961872960033	1.0	0.041382583505119606	0.05064719035188074	0.0645750362411255	0.3726822671238253	0.10586993204312911	0.44948974278317805	0.033988408258368144
pl	0.23756124558990505	0.3090169943749474	0.09517423303197124	0.44948974278317805	0.04592729537385917	0.040980882693684814	0.14956087350246788	0.04401911000720894	0.03646834307738242	0.037460867116724014	0.04718575284530553	0.15627078650878487	0.060230588888642654	0.05365290629573527	0.035637194525983275	0.038909283955356914	0.06335369707898046	0.18368518446174903	0.14434870054261703	0.0978424058452704	0.08647062482446886	0.04214905008534947	1.0	0.04332503228860008	0.04588195316477058	0.036626683963240696	0.08530280069421714	0.5	0.05720546862949257	0.06573956519591849	0.038306034429475014	0.38742588672279304	0.08097443422760066	0.5	0.0553160988035899
pt	0.22753715570049485	0.38742588672279304	0.10326945430698728	0.585786437626905	0.0455916748958079	0.036639848211496955	0.1337640273012875	0.039714069343336364	0.031763793863013166	0.034784656007505556	0.039314849322824426	0.16457815064019468	0.0490410605460915	0.03868414061374513	0.04672925399656099	0.05594774378117778	0.05418077710603694	0.1944264724233982	0.1918253663634734	0.1020769404026047	0.09639236613510171	0.0747477708104829	0.04332503228860008	1.0	0.06862491318975701	0.033893270349251506	0.11218774364157927	0.44948974278317805	0.04906033753328902	0.050923960397074496	0.04727249908424853	0.38742588672279304	0.09640120181031783	0.44948974278317805	0.04233756466683195
ro	0.22584440001865322	0.38742588672279304	0.11522695924384371	0.44948974278317805	0.05489044712336505	0.04841545975518878	0.22522719139308142	0.03620525650758232	0.09626041308546439	0.04504729328193647	0.05286682390854435	0.15810288929542846	0.05248502891061702	0.049801670173278495	0.07240001120792011	0.08364513555105997	0.0750646715212659	0.171310475400854	0.14674764096055973	0.12054943090641082	0.09801386966188623	0.09382079385791299	0.04588195316477058	0.06862491318975701	1.0	0.057480868625192624	0.12365201034016986	0.39564392373896007	0.053328052515503176	0.056201555593019835	0.07097530969288303	0.5	0.11974158580229358	0.585786437626905	0.046764628643362435
ru	0.22584440001865322	0.44948974278317805	0.09830038963556212	0.5	0.04340596772019432	0.03985744720048225	0.1886378647726465	0.05282493964329103	0.02284340384594051	0.03331463788992386	0.04396681032114094	0.12469291937003373	0.04798459213493114	0.04018845988627134	0.025304276295221872	0.033700807524904924	0.04197936721979706	0.2212380739013886	0.1562183734649329	0.07398192943161717	0.06114477288381605	0.04405565102635418	0.036626683963240696	0.033893270349251506	0.057480868625192624	1.0	0.11469680800471185	0.4142135623730951	0.04113132735041479	0.04962665672042418	0.03110626649576407	0.2612038749637414	0.07227042572836649	0.5	0.04234921059336063
sh	0.24336073281110826	0.3333333333333333	0.1482675827043134	0.3726822671238253	0.10065402113891925	0.10500754705801822	0.1898541509655316	0.07668637266068844	0.1167355195593027	0.10880621241331023	0.09264264424181022	0.16349203509808108	0.09244915877930474	0.11948806682456099	0.11398848601807596	0.1158457425543559	0.12281104147273389	0.17072137067148987	0.1803677917048705	0.22854552900770983	0.14313398408051656	0.1131961872960033	0.08530280069421714	0.11218774364157927	0.12365201034016986	0.11469680800471185	1.0	0.5	0.0814213584641276	0.07372391847749706	0.12742022425981256	0.5	0.1331864729548755	0.27792629762666365	0.0750403309936366
si	1.0	1.0	0.585786437626905	0.585786437626905	0.36602540378443865	0.585786437626905	1.0	0.2097188436578299	1.0	0.4142135623730951	0.585786437626905	0.5	0.4142135623730951	0.585786437626905	0.44948974278317805	0.585786437626905	0.3726822671238253	1.0	0.585786437626905	0.3084793492966736	0.32037724101704074	1.0	0.5	0.44948974278317805	0.39564392373896007	0.4142135623730951	0.5	1.0	0.39564392373896007	0.2158344610587697	1.0	0.585786437626905	0.5	1.0	0.16265941452915686
simple	0.27308123153839114	0.21861512655276313	0.14885270208324494	0.2928060946961875	0.0689596612211848	0.060110290919033096	0.06496744848692214	0.07974611281083067	0.03620121076868081	0.04848746234161131	0.08813189205023357	0.062443742548183925	0.08948246228296916	0.06764240340141096	0.04120113527444706	0.039545304034683024	0.04186024847489159	0.08101339647664771	0.08802953440614923	0.1484798343620259	0.2136472402313014	0.041382583505119606	0.05720546862949257	0.04906033753328902	0.053328052515503176	0.04113132735041479	0.0814213584641276	0.39564392373896007	1.0	0.14220395739750985	0.04094872095962243	0.23335840121086748	0.05329787995956551	0.1842574582922436	0.12926643771504037
sr	0.24209694699647807	0.2553967929896867	0.15318869982067587	0.44948974278317805	0.07908221407507447	0.07010267251480228	0.08083684085402355	0.0577606984699689	0.051171273599164416	0.05708487642615223	0.07998141714070352	0.08226095871762164	0.09047841746789435	0.06690919905116106	0.0477736042411907	0.05192793773696037	0.06531567618725814	0.09881425895628701	0.0964222695581335	0.13765192461367834	0.19582491424610288	0.05064719035188074	0.06573956519591849	0.050923960397074496	0.056201555593019835	0.04962665672042418	0.07372391847749706	0.2158344610587697	0.14220395739750985	1.0	0.05925756244209822	0.3279254981102207	0.06788311236893205	0.32881309020609956	0.15193708053350008
sv	0.27429188517743175	0.38742588672279304	0.09519568641852165	0.5	0.045024815509576994	0.03551697039202315	0.18567403772708974	0.02371743258737779	0.059890177222957135	0.03853319698174667	0.042861205475652746	0.13474446069397814	0.04806972713949204	0.04082417019588697	0.03338031080453601	0.04828896791372207	0.059477725862928946	0.21089672205953397	0.1708892656146299	0.0841629332142388	0.07887937305749933	0.0645750362411255	0.038306034429475014	0.04727249908424853	0.07097530969288303	0.03110626649576407	0.12742022425981256	1.0	0.04094872095962243	0.05925756244209822	1.0	0.3380788308512194	0.08182650228084995	0.5	0.03199000144388662
te	0.585786437626905	1.0	1.0	1.0	0.44948974278317805	0.25355482027512377	0.3483314773547883	0.15129368101310536	0.3090169943749474	0.23300379585862113	0.40453726661826384	0.20652066636560804	0.3288130902060995	0.2270957142781439	0.34833147735478825	0.3164309725825327	0.5	0.585786437626905	1.0	0.1272362712259847	0.09498186974610814	0.3726822671238253	0.38742588672279304	0.38742588672279304	0.5	0.2612038749637414	0.5	0.585786437626905	0.23335840121086748	0.3279254981102207	0.3380788308512194	1.0	0.585786437626905	0.585786437626905	0.2702311431296447
vi	0.22584440001865322	0.44948974278317805	0.11929741177788225	0.44948974278317805	0.07125886358559855	0.05240484164987714	0.29893508442482547	0.03978461890025396	0.11722589792008387	0.06829253421797901	0.05232632167094501	0.2240092377397959	0.06048732201951335	0.04848092057972642	0.0841245501744407	0.07064817592057988	0.060874630162589705	0.25	0.20082658759311636	0.1368970350053999	0.11856566861174282	0.10586993204312911	0.08097443422760066	0.09640120181031783	0.11974158580229358	0.07227042572836649	0.1331864729548755	0.5	0.05329787995956551	0.06788311236893205	0.08182650228084995	0.585786437626905	1.0	0.5	0.0429100750192525
war	0.2612038749637414	0.585786437626905	0.3726822671238253	0.585786437626905	0.44948974278317805	0.44948974278317805	0.585786437626905	0.40453726661826384	0.585786437626905	0.5	0.4142135623730951	0.585786437626905	0.22670469718246633	0.3380788308512194	0.585786437626905	0.5	0.44948974278317805	0.44948974278317805	0.41319688409934685	0.3333333333333333	0.3483314773547883	0.44948974278317805	0.5	0.44948974278317805	0.585786437626905	0.5	0.27792629762666365	1.0	0.1842574582922436	0.32881309020609956	0.5	0.585786437626905	0.5	1.0	0.2402530733520421
zh	0.21535376040482274	0.18126989259043744	0.1216579250817145	0.3333333333333333	0.06595025492348523	0.059578248267494124	0.05900875603685948	0.0715318513872384	0.024608583929977737	0.03726616957814245	0.08910333230213646	0.058486700478581705	0.103746222103484	0.062342182831579676	0.02859726017552731	0.030361389359442312	0.04024496904893102	0.08937617567532506	0.08335100254434318	0.14475213746829516	0.14320661624842032	0.033988408258368144	0.0553160988035899	0.04233756466683195	0.046764628643362435	0.04234921059336063	0.0750403309936366	0.16265941452915686	0.12926643771504037	0.15193708053350008	0.03199000144388662	0.2702311431296447	0.0429100750192525	0.2402530733520421	1.0
