arz	bs	ceb	ckb	da	de	el	en	es	fr	he	hi	hu	id	it	ja	ko	lv	mk	ml	mr	nl	pl	pt	ro	ru	sh	si	simple	sr	sv	te	vi	war	zh
arz	1.0	0.5	0.585786437626905	1.0	0.2958163163244893	0.31216600516282167	0.21979723016032493	0.21986386279534292	0.21979723016032493	0.2164786953860142	0.2541525904357853	0.585786437626905	0.22297276080352854	0.21030508939723033	0.2989350844248255	0.2989350844248255	0.21708933490674828	0.353889367864523	0.27429188517743175	0.5	0.4485068563421602	0.2164786953860142	0.22652753394024025	0.21407886033703252	0.2147393997840312	0.21979723016032493	0.2472180424511852	1.0	0.2463968463617805	0.23069100699012487	0.2402530733520421	1.0	0.21979723016032493	0.2989350844248255	0.2267705944403031
bs	0.5	1.0	0.3090169943749474	0.5	0.3021694792519622	0.4142135623730951	0.5	0.2612038749637414	0.44948974278317805	0.2449655295864104	0.19612533584707842	0.44948974278317805	0.30528189970704067	0.38742588672279304	0.3797958971132712	0.44948974278317805	0.30383243470068705	0.5	0.585786437626905	0.32037724101704074	0.32008819945364486	0.44948974278317805	0.38742588672279304	0.2553967929896867	0.3797958971132712	0.29845524420134995	0.4142135623730951	1.0	0.16369448154140964	0.3122745601933646	0.4142135623730951	0.585786437626905	0.4142135623730951	0.585786437626905	0.23145844486143888
ceb	0.585786437626905	0.3090169943749474	1.0	0.44948974278317805	0.10280529545050146	0.10076112635235171	0.21290885543182675	0.09817989511033803	0.09348710787356217	0.09699671260242565	0.1385597959406407	0.13068363810000083	0.12416096759144749	0.11108132783518236	0.10420838349148025	0.10994175407346604	0.11975779099833511	0.13423139249080698	0.18231852983648816	0.27244395570981617	0.25534192974733877	0.1008298968519785	0.09461008219954331	0.10599335124420613	0.11113659533051103	0.09548494017844257	0.14869959903096105	0.5	0.13732663810995233	0.1554907856957299	0.09660411670145341	0.585786437626905	0.12220673848606316	0.3950325357559503	0.1301030050771766
ckb	1.0	0.5	0.44948974278317805	1.0	0.3430703308172536	0.3797958971132712	0.4364916731037085	0.33300151973035974	0.4364916731037085	0.3797958971132712	0.22159415235626762	0.40453726661826384	0.3090169943749474	0.40453726661826384	0.49851311685382416	0.40453726661826384	0.3090169943749474	0.40453726661826384	0.3726822671238253	0.3655636559687688	0.2913396447229296	0.4364916731037085	0.3797958971132712	0.30552726787943424	0.3797958971132712	0.30901699437494745	0.5	1.0	0.36602540378443865	0.3797958971132712	0.4142135623730951	0.585786437626905	0.4364916731037085	1.0	0.3333333333333333
da	0.2958163163244893	0.3021694792519622	0.10280529545050146	0.3430703308172536	1.0	0.05277002137836923	0.11677245374278897	0.05065165237836011	0.04477828843221932	0.04323313594321138	0.05622170085274032	0.13435315259183847	0.059303948637839776	0.051023248824591694	0.04706480389273394	0.058251756288902105	0.05353006122585966	0.11583115569555115	0.13070387368792602	0.13927273605297344	0.1288512033421036	0.05033131585369084	0.051570442983355905	0.05540509474857676	0.05985324951010777	0.04549345922057535	0.16221295433684596	0.4142135623730951	0.05981429643141778	0.08353970326861343	0.049299429333352934	0.3797958971132712	0.07540297882828659	0.30193324523786563	0.05467418816439752
de	0.31216600516282167	0.4142135623730951	0.10076112635235171	0.3797958971132712	0.05277002137836923	1.0	0.07014925541604482	0.0526074922647684	0.027846993154025192	0.036174465316660034	0.04244625103514263	0.0833332651878875	0.057848943848414464	0.04493534679167716	0.03690840834962294	0.035115535580449546	0.04510256133816077	0.16343625225507505	0.1461146961241377	0.0988102572759847	0.09043096082262075	0.04752893955841166	0.038776054459447505	0.03532914289556087	0.05301318991076873	0.04039667702861212	0.12768908810029594	0.3726822671238253	0.049428074214069063	0.06635303793890096	0.03279036713110419	0.25581961820434035	0.05384454522742482	0.2218704056061979	0.06326888460200535
el	0.21979723016032493	0.5	0.21290885543182675	0.4364916731037085	0.11677245374278897	0.07014925541604482	1.0	0.07281272375120879	0.20742607609621763	0.1284127699168743	0.11199511364297045	0.20799159651347807	0.124257589531207	0.16015261286229274	0.13407005900659627	0.16666666666666666	0.11244714274869123	0.36602540378443865	0.2402530733520421	0.11604032485470006	0.09292436549003946	0.1989856446146754	0.1763964909601683	0.10790838173321571	0.13672039238045983	0.13565184163711103	0.26968623182294527	1.0	0.06471660093074377	0.09109474957090546	0.22901628833426058	0.3483314773547883	0.3090169943749474	0.585786437626905	0.05859545022042284
en	0.21986386279534292	0.2612038749637414	0.09817989511033803	0.33300151973035974	0.05065165237836011	0.0526074922647684	0.07281272375120879	1.0	0.017335268907742684	0.04488667450988337	0.05407665706380282	0.0389045512327409	0.07213496576190924	0.054097621104035244	0.02538913417174821	0.022616765472982768	0.04302244908925554	0.1659145208206491	0.10388003530377635	0.07363949185900787	0.073594842008836	0.029409467771583864	0.04050413919795745	0.038242842169902896	0.037846248917211	0.04543900266392206	0.09425219967582864	0.1463924816619788	0.05183966163351924	0.05459032610137345	0.03481432465835111	0.14383518737058953	0.04325590239782214	0.3380788308512194	0.08000645359607109
es	0.21979723016032493	0.44948974278317805	0.09348710787356217	0.4364916731037085	0.04477828843221932	0.027846993154025192	0.20742607609621763	0.017335268907742684	1.0	0.02131835415707161	0.0340853617925077	0.16304426656927118	0.03931204207416567	0.03481676817217686	0.04284675902791429	0.060997538287827675	0.034917593601584154	0.26533119314590375	0.1772511965062923	0.11407787400965783	0.07646197872233965	0.05620825125928836	0.03357594655063613	0.031275795064324305	0.08395289033824159	0.022938293819953916	0.21089672205953397	0.44948974278317805	0.034588642772678715	0.05189590734738186	0.0515743666517093	0.3244997998398398	0.10687604006510096	0.5	0.02436453902725164
fr	0.2164786953860142	0.2449655295864104	0.09699671260242565	0.3797958971132712	0.04323313594321138	0.036174465316660034	0.1284127699168743	0.04488667450988337	0.02131835415707161	1.0	0.039418822523926964	0.07671135350100154	0.043502807375643895	0.03817931246003585	0.030216830745308423	0.03061184214746302	0.040135223561572876	0.15737805306275918	0.12091148085415494	0.07486910628721376	0.08165612048214856	0.03308767339000128	0.03927992205921146	0.03574765966305408	0.05635639984298831	0.03686337895047974	0.112524619506553	0.44948974278317805	0.04508998751193291	0.06256866632933865	0.03199243573519108	0.2186714329014945	0.0664595759976199	0.40453726661826384	0.052930727666980974
he	0.2541525904357853	0.19612533584707842	0.1385597959406407	0.22159415235626762	0.05622170085274032	0.04244625103514263	0.11199511364297045	0.05407665706380282	0.0340853617925077	0.039418822523926964	1.0	0.07369523856677522	0.06498052659216959	0.05109255343917253	0.03943683204490078	0.039674058738914275	0.05845613933189574	0.09249384550900183	0.10971993225296868	0.15068662210551467	0.14124823127285135	0.04268805030344397	0.048382784759457426	0.04318405279085925	0.05270469216823209	0.04038140356869512	0.07514431927737314	0.2449655295864104	0.07182913834036046	0.08663277679475317	0.04484051830491697	0.32449979983983984	0.045025122787894695	0.2989350844248255	0.09935592420968413
hi	0.585786437626905	0.44948974278317805	0.13068363810000083	0.40453726661826384	0.13435315259183847	0.0833332651878875	0.20799159651347807	0.0389045512327409	0.16304426656927118	0.07671135350100154	0.07369523856677522	1.0	0.08841216709757542	0.06634623571145241	0.1560469703786189	0.14824011561428907	0.10266825959138641	0.26968623182294527	0.19548881749413463	0.080876220153785	0.06171629594837659	0.20894541729001367	0.1618099389409039	0.10783645569168543	0.1565114208004852	0.07533637357289273	0.26968623182294527	0.585786437626905	0.061163146874485826	0.09345625115355545	0.14324098903726867	0.1680743603534397	0.2553967929896867	0.5	0.0598647643741698
hu	0.22297276080352854	0.30528189970704067	0.12416096759144749	0.3090169943749474	0.059303948637839776	0.057848943848414464	0.124257589531207	0.07213496576190924	0.03931204207416567	0.043502807375643895	0.06498052659216959	0.08841216709757542	1.0	0.05346345438365829	0.04618275119098043	0.04747231121453623	0.061984240328668984	0.12268746185541916	0.1342699857543939	0.11586784565123173	0.13744558135027582	0.041716625347069256	0.04624405536975986	0.04897944703898678	0.048861751973369866	0.042994693578754545	0.09958564924411603	0.44948974278317805	0.09279063557485552	0.08545060967139712	0.046536976394410956	0.36602540378443865	0.06676484800107105	0.32037724101704074	0.12684580939296503
id	0.21030508939723033	0.38742588672279304	0.11108132783518236	0.40453726661826384	0.051023248824591694	0.04493534679167716	0.16015261286229274	0.054097621104035244	0.03481676817217686	0.03817931246003585	0.05109255343917253	0.06634623571145241	0.05346345438365829	1.0	0.041019703822863386	0.03962338846792785	0.04320487406891434	0.2056677898504543	0.16788202511641143	0.09282172073964653	0.08224437584869328	0.04621970231356921	0.048251137961430594	0.041031850939924695	0.06856821095272383	0.04059076784244466	0.1524498838740821	0.44948974278317805	0.052619608696791144	0.0641297235341237	0.06280597611978431	0.2834508389971602	0.05265305400384865	0.4142135623730951	0.052836207642246454
it	0.2989350844248255	0.3797958971132712	0.10420838349148025	0.49851311685382416	0.04706480389273394	0.03690840834962294	0.13407005900659627	0.02538913417174821	0.04284675902791429	0.030216830745308423	0.03943683204490078	0.1560469703786189	0.04618275119098043	0.041019703822863386	1.0	0.0402428051805888	0.043506668878286636	0.24336073281110826	0.16566544789869966	0.09725235413292127	0.08070223333856452	0.06010955219973215	0.04134484894741773	0.03793178651726448	0.05832496494030244	0.026568959650426265	0.1809073112342927	0.32037724101704074	0.0403755106635942	0.05387421187276487	0.031066113428918934	0.28436465220442186	0.08538515238793473	0.3726822671238253	0.03077296586042768
ja	0.2989350844248255	0.44948974278317805	0.10994175407346604	0.40453726661826384	0.058251756288902105	0.035115535580449546	0.16666666666666666	0.022616765472982768	0.060997538287827675	0.03061184214746302	0.039674058738914275	0.14824011561428907	0.04747231121453623	0.03962338846792785	0.0402428051805888	1.0	0.03192506208121757	0.32037724101704074	0.1687444493055721	0.09397584478465558	0.07529959559278006	0.09318987045257554	0.05106171827573072	0.05027612005644145	0.07719928166469418	0.03445087402136728	0.2240092377397959	0.44948974278317805	0.036608105004029	0.056621843732201096	0.05233903454451063	0.32037724101704074	0.0912123375032194	0.5	0.03016720841214062
ko	0.21708933490674828	0.30383243470068705	0.11975779099833511	0.3090169943749474	0.05353006122585966	0.04510256133816077	0.11244714274869123	0.04302244908925554	0.034917593601584154	0.040135223561572876	0.05845613933189574	0.10266825959138641	0.061984240328668984	0.04320487406891434	0.043506668878286636	0.03192506208121757	1.0	0.1945453886463	0.11729611526070315	0.1389495418099986	0.09967437120678517	0.07072126853102363	0.060197500723179524	0.0518402944224304	0.08408486744044377	0.04010684351253365	0.1764790060243693	0.30383243470068705	0.05063897420133425	0.0724878358150544	0.04321631802857651	0.3380788308512194	0.057637339342836276	0.3483314773547883	0.05528460262605813
lv	0.353889367864523	0.5	0.13423139249080698	0.40453726661826384	0.11583115569555115	0.16343625225507505	0.36602540378443865	0.1659145208206491	0.26533119314590375	0.15737805306275918	0.09249384550900183	0.26968623182294527	0.12268746185541916	0.2056677898504543	0.24336073281110826	0.32037724101704074	0.1945453886463	1.0	0.24336073281110826	0.21089672205953397	0.14518338349164053	0.26968623182294527	0.19328818749636983	0.14400538349637873	0.17001194913688772	0.18323741079128555	0.28172904669025317	1.0	0.0853606360139861	0.09376633405132272	0.26533119314590375	1.0	0.2144598788702807	1.0	0.09644410412151326
mk	0.27429188517743175	0.585786437626905	0.18231852983648816	0.3726822671238253	0.13070387368792602	0.1461146961241377	0.2402530733520421	0.10388003530377635	0.1772511965062923	0.12091148085415494	0.10971993225296868	0.19548881749413463	0.1342699857543939	0.16788202511641143	0.16566544789869966	0.1687444493055721	0.11729611526070315	0.24336073281110826	1.0	0.26427884169111276	0.23582845781094	0.12132757876396323	0.1511756804239686	0.1498301288985015	0.173143070043476	0.17109028083164243	0.20042778909177447	0.585786437626905	0.10532071860491138	0.09587733174332136	0.19117391480835716	0.585786437626905	0.1603845883426357	0.32881309020609956	0.1052688012568952
ml	0.5	0.32037724101704074	0.27244395570981617	0.3655636559687688	0.13927273605297344	0.0988102572759847	0.11604032485470006	0.07363949185900787	0.11407787400965783	0.07486910628721376	0.15068662210551467	0.080876220153785	0.11586784565123173	0.09282172073964653	0.09725235413292127	0.09397584478465558	0.1389495418099986	0.21089672205953397	0.26427884169111276	1.0	0.14737009741121085	0.13954095486034612	0.10983245568750236	0.11558459458956713	0.1165387362725719	0.07277876851221876	0.28172904669025317	0.353889367864523	0.11311621547542744	0.1589248683082137	0.10025076910840448	0.11608599103073214	0.21519322427185222	0.585786437626905	0.13301956886782343
mr	0.4485068563421602	0.32008819945364486	0.25534192974733877	0.2913396447229296	0.1288512033421036	0.09043096082262075	0.09292436549003946	0.073594842008836	0.07646197872233965	0.08165612048214856	0.14124823127285135	0.06171629594837659	0.13744558135027582	0.08224437584869328	0.08070223333856452	0.07529959559278006	0.09967437120678517	0.14518338349164053	0.23582845781094	0.14737009741121085	1.0	0.09494390089413905	0.08866454026506336	0.11910989702246641	0.11182797739375709	0.0689592338100563	0.1620446830673532	0.3430703308172536	0.13934892509565397	0.14536046965427948	0.07573477565095887	0.10106785746978048	0.1382699833953465	0.3726822671238253	0.1174365761013334
nl	0.2164786953860142	0.44948974278317805	0.1008298968519785	0.4364916731037085	0.05033131585369084	0.04752893955841166	0.1989856446146754	0.029409467771583864	0.05620825125928836	0.03308767339000128	0.04268805030344397	0.20894541729001367	0.041716625347069256	0.04621970231356921	0.06010955219973215	0.09318987045257554	0.07072126853102363	0.26968623182294527	0.12132757876396323	0.13954095486034612	0.09494390089413905	1.0	0.053769675671767166	0.050739872210835694	0.08442238612490831	0.044029967092399605	0.17151308576402147	0.44948974278317805	0.042463355671020976	0.06005650476901201	0.0659546703976641	0.585786437626905	0.12002728245132872	0.585786437626905	0.03312400697542188
pl	0.22652753394024025	0.38742588672279304	0.09461008219954331	0.3797958971132712	0.051570442983355905	0.038776054459447505	0.1763964909601683	0.04050413919795745	0.03357594655063613	0.03927992205921146	0.048382784759457426	0.1618099389409039	0.04624405536975986	0.048251137961430594	0.04134484894741773	0.05106171827573072	0.060197500723179524	0.19328818749636983	0.1511756804239686	0.10983245568750236	0.08866454026506336	0.053769675671767166	1.0	0.05108233569254968	0.05443237505054719	0.03881713951628254	0.16483392671614513	0.3660254037844386	0.0447295953451271	0.060490677378746575	0.04794980276773961	0.3333333333333333	0.09067439776187926	0.3288130902060995	0.04448051071984638
pt	0.21407886033703252	0.2553967929896867	0.10599335124420613	0.30552726787943424	0.05540509474857676	0.03532914289556087	0.10790838173321571	0.038242842169902896	0.031275795064324305	0.03574765966305408	0.04318405279085925	0.10783645569168543	0.04897944703898678	0.041031850939924695	0.03793178651726448	0.05027612005644145	0.0518402944224304	0.14400538349637873	0.1498301288985015	0.11558459458956713	0.11910989702246641	0.050739872210835694	0.05108233569254968	1.0	0.05791933179350126	0.03409874917726014	0.15266425306327255	0.44948974278317805	0.04287034776066714	0.06139527722276666	0.0463097949167321	0.237859419876199	0.08401874454694044	0.2766967754673749	0.040189684545344447
ro	0.2147393997840312	0.3797958971132712	0.11113659533051103	0.3797958971132712	0.05985324951010777	0.05301318991076873	0.13672039238045983	0.037846248917211	0.08395289033824159	0.05635639984298831	0.05270469216823209	0.1565114208004852	0.048861751973369866	0.06856821095272383	0.05832496494030244	0.07719928166469418	0.08408486744044377	0.17001194913688772	0.173143070043476	0.1165387362725719	0.11182797739375709	0.08442238612490831	0.05443237505054719	0.05791933179350126	1.0	0.05605824130546004	0.19341631165821477	0.585786437626905	0.05666414427486179	0.06383856240895515	0.07734563544165854	0.3483314773547883	0.11194632567794874	0.44948974278317805	0.045925413709907444
ru	0.21979723016032493	0.29845524420134995	0.09548494017844257	0.30901699437494745	0.04549345922057535	0.04039667702861212	0.13565184163711103	0.04543900266392206	0.022938293819953916	0.03686337895047974	0.04038140356869512	0.07533637357289273	0.042994693578754545	0.04059076784244466	0.026568959650426265	0.03445087402136728	0.04010684351253365	0.18323741079128555	0.17109028083164243	0.07277876851221876	0.0689592338100563	0.044029967092399605	0.03881713951628254	0.03409874917726014	0.05605824130546004	1.0	0.17050763999009447	0.3660254037844386	0.03438593510971388	0.04977478713164863	0.030871450588219284	0.1912221656374714	0.06376999393235369	0.585786437626905	0.04703188015903668
sh	0.2472180424511852	0.4142135623730951	0.14869959903096105	0.5	0.16221295433684596	0.12768908810029594	0.26968623182294527	0.09425219967582864	0.21089672205953397	0.112524619506553	0.07514431927737314	0.26968623182294527	0.09958564924411603	0.1524498838740821	0.1809073112342927	0.2240092377397959	0.1764790060243693	0.28172904669025317	0.20042778909177447	0.28172904669025317	0.1620446830673532	0.17151308576402147	0.16483392671614513	0.15266425306327255	0.19341631165821477	0.17050763999009447	1.0	0.585786437626905	0.07651233978047664	0.07518161649952822	0.21712927295533244	1.0	0.19589038168271525	0.4142135623730951	0.0685408241352971
si	1.0	1.0	0.5	1.0	0.4142135623730951	0.3726822671238253	1.0	0.1463924816619788	0.44948974278317805	0.44948974278317805	0.2449655295864104	0.585786437626905	0.44948974278317805	0.44948974278317805	0.32037724101704074	0.44948974278317805	0.30383243470068705	1.0	0.585786437626905	0.353889367864523	0.3430703308172536	0.44948974278317805	0.3660254037844386	0.44948974278317805	0.585786437626905	0.3660254037844386	0.585786437626905	1.0	0.1951941016011038	0.5	0.44948974278317805	1.0	0.40453726661826384	1.0	0.17189299943714667
simple	0.2463968463617805	0.16369448154140964	0.13732663810995233	0.36602540378443865	0.05981429643141778	0.049428074214069063	0.06471660093074377	0.05183966163351924	0.034588642772678715	0.04508998751193291	0.07182913834036046	0.061163146874485826	0.09279063557485552	0.052619608696791144	0.0403755106635942	0.036608105004029	0.05063897420133425	0.0853606360139861	0.10532071860491138	0.11311621547542744	0.13934892509565397	0.042463355671020976	0.0447295953451271	0.04287034776066714	0.05666414427486179	0.03438593510971388	0.07651233978047664	0.1951941016011038	1.0	0.08795365793661754	0.040689947536274564	0.18542861619354353	0.05336997249500081	0.18822566650963435	0.13543696581313872
sr	0.23069100699012487	0.3122745601933646	0.1554907856957299	0.3797958971132712	0.08353970326861343	0.06635303793890096	0.09109474957090546	0.05459032610137345	0.05189590734738186	0.06256866632933865	0.08663277679475317	0.09345625115355545	0.08545060967139712	0.0641297235341237	0.05387421187276487	0.056621843732201096	0.0724878358150544	0.09376633405132272	0.09587733174332136	0.1589248683082137	0.14536046965427948	0.06005650476901201	0.060490677378746575	0.06139527722276666	0.06383856240895515	0.04977478713164863	0.07518161649952822	0.5	0.08795365793661754	1.0	0.07280391153258495	0.2832725503235055	0.07488657866453936	0.22375556591965542	0.08622807446174682
sv	0.2402530733520421	0.4142135623730951	0.09660411670145341	0.4142135623730951	0.049299429333352934	0.03279036713110419	0.22901628833426058	0.03481432465835111	0.0515743666517093	0.03199243573519108	0.04484051830491697	0.14324098903726867	0.046536976394410956	0.06280597611978431	0.031066113428918934	0.05233903454451063	0.04321631802857651	0.26533119314590375	0.19117391480835716	0.10025076910840448	0.07573477565095887	0.0659546703976641	0.04794980276773961	0.0463097949167321	0.07734563544165854	0.030871450588219284	0.21712927295533244	0.44948974278317805	0.040689947536274564	0.07280391153258495	1.0	0.44948974278317805	0.09641263123746385	0.585786437626905	0.03262427652736185
te	1.0	0.585786437626905	0.585786437626905	0.585786437626905	0.3797958971132712	0.25581961820434035	0.3483314773547883	0.14383518737058953	0.3244997998398398	0.2186714329014945	0.32449979983983984	0.1680743603534397	0.36602540378443865	0.2834508389971602	0.28436465220442186	0.32037724101704074	0.3380788308512194	1.0	0.585786437626905	0.11608599103073214	0.10106785746978048	0.585786437626905	0.3333333333333333	0.237859419876199	0.3483314773547883	0.1912221656374714	1.0	1.0	0.18542861619354353	0.2832725503235055	0.44948974278317805	1.0	1.0	1.0	0.2791745113185196
vi	0.21979723016032493	0.4142135623730951	0.12220673848606316	0.4364916731037085	0.07540297882828659	0.05384454522742482	0.3090169943749474	0.04325590239782214	0.10687604006510096	0.0664595759976199	0.045025122787894695	0.2553967929896867	0.06676484800107105	0.05265305400384865	0.08538515238793473	0.0912123375032194	0.057637339342836276	0.2144598788702807	0.1603845883426357	0.21519322427185222	0.1382699833953465	0.12002728245132872	0.09067439776187926	0.08401874454694044	0.11194632567794874	0.06376999393235369	0.19589038168271525	0.40453726661826384	0.05336997249500081	0.07488657866453936	0.09641263123746385	1.0	1.0	0.5	0.04060818351698078
war	0.2989350844248255	0.585786437626905	0.3950325357559503	1.0	0.30193324523786563	0.2218704056061979	0.585786437626905	0.3380788308512194	0.5	0.40453726661826384	0.2989350844248255	0.5	0.32037724101704074	0.4142135623730951	0.3726822671238253	0.5	0.3483314773547883	1.0	0.32881309020609956	0.585786437626905	0.3726822671238253	0.585786437626905	0.3288130902060995	0.2766967754673749	0.44948974278317805	0.585786437626905	0.4142135623730951	1.0	0.18822566650963435	0.22375556591965542	0.585786437626905	1.0	0.5	1.0	0.3259804096326177
zh	0.2267705944403031	0.23145844486143888	0.1301030050771766	0.3333333333333333	0.05467418816439752	0.06326888460200535	0.05859545022042284	0.08000645359607109	0.02436453902725164	0.052930727666980974	0.09935592420968413	0.0598647643741698	0.12684580939296503	0.052836207642246454	0.03077296586042768	0.03016720841214062	0.05528460262605813	0.09644410412151326	0.1052688012568952	0.13301956886782343	0.1174365761013334	0.03312400697542188	0.04448051071984638	0.040189684545344447	0.045925413709907444	0.04703188015903668	0.0685408241352971	0.17189299943714667	0.13543696581313872	0.08622807446174682	0.03262427652736185	0.2791745113185196	0.04060818351698078	0.3259804096326177	1.0
