arz	bs	ceb	ckb	da	de	el	en	es	fr	he	hi	hu	id	it	ja	ko	lv	mk	ml	mr	nl	pl	pt	ro	ru	sh	si	simple	sr	sv	te	vi	war	zh
arz	0.017253870989299046	0.03225806451612903	0.5	0.05882698961937716	0.027027757487216943	0.02	0.029411764705882353	0.0196078431372549	0.0196078431372549	0.020000399999999998	0.02127659574468085	0.027778549382716046	0.027777777777777776	0.025	0.02040816326530612	0.020408579758433985	0.02040816326530612	0.037037037037037035	0.03225910509885536	0.041666666666666664	0.05	0.02040816326530612	0.02040816326530612	0.02040816326530612	0.022727272727272728	0.02040816326530612	0.02564102564102564	0.055561728395061724	0.02564102564102564	0.021739130434782608	0.020833333333333332	0.047621315192743756	0.023809523809523808	0.07142857142857142	0.021739130434782608
bs	0.03225806451612903	0.004824182166698464	0.16666666666666666	0.019230769230769232	0.007575757575757576	0.005181373996617359	0.007633646057922033	0.004926375306365114	0.005181427689333942	0.00515474545647784	0.006060716253443526	0.00819672131147541	0.008130279595478882	0.006493632990386237	0.005347793760187595	0.005682173295454545	0.0062113344392577445	0.010526426592797785	0.009615754437869821	0.01190518707482993	0.02174007561436673	0.005347622179644828	0.005319262109551833	0.005235766563416573	0.008264531111262892	0.00531946016296967	0.0064516129032258064	0.02127704843820733	0.007353103373702421	0.006060679522497705	0.0055250755471444694	0.019230769230769232	0.006622648129468005	0.027777777777777776	0.00571461227755102
ceb	0.5	0.16666666666666666	0.12507817189062498	0.2	0.16666666666666666	0.125	0.14285714285714285	0.125	0.125	0.125	0.125	0.125	0.14285714285714285	0.125	0.14285714285714285	0.125	0.125	0.2	0.14285714285714285	0.14285714285714285	0.16666666666666666	0.14285714285714285	0.125	0.125015625	0.125	0.125	0.16666666666666666	0.16666666666666666	0.14285714285714285	0.125	0.14285714285714285	0.25	0.14285714285714285	0.16666666666666666	0.14285714285714285
ckb	0.05882698961937716	0.019230769230769232	0.2	0.00961871412731139	0.012987012987012988	0.01	0.013333333333333334	0.009708737864077669	0.009900990099009901	0.010101010101010102	0.010752803792345937	0.014705882352941176	0.014084507042253521	0.011494252873563218	0.0100001	0.010526426592797785	0.010869565217391304	0.014925373134328358	0.015873015873015872	0.017543859649122806	0.029411764705882353	0.010416666666666666	0.010309278350515464	0.0100001	0.012987012987012988	0.01020408163265306	0.013513513513513514	0.027027757487216943	0.012345679012345678	0.012195121951219513	0.010869565217391304	0.02631578947368421	0.011494252873563218	0.034482758620689655	0.010869565217391304
da	0.027027757487216943	0.007575757575757576	0.16666666666666666	0.012987012987012988	0.002000460099393045	0.0022321578045280607	0.0044444839506172845	0.0020790280124999456	0.002207515264925028	0.0021882125363300755	0.0026385433128424335	0.0048544160618342914	0.003921630142252979	0.0033445039764655876	0.0022625048627177985	0.0024510644944252206	0.00275485129279269	0.005917159763313609	0.0058823529411764705	0.007246429321571099	0.014492753623188406	0.0023148255315500682	0.002352946712802768	0.0022222962962962964	0.003968269715293525	0.0023697187843938813	0.004273595587698152	0.016393711367911852	0.003508833487226839	0.0032573608208044647	0.002415511447174963	0.013333333333333334	0.0034246927190842557	0.023809523809523808	0.0025641814595660753
de	0.02	0.005181373996617359	0.125	0.01	0.0022321578045280607	0.0003626897999498749	0.0025125817529860353	0.0004067039443623701	0.0005543314069252362	0.0005488703156689007	0.0011441883237593535	0.0028653459331204174	0.0023866576289722657	0.0015873141874527589	0.0005797424084015957	0.0008741648437882043	0.001282080867850098	0.004405325156707873	0.0038168230289610163	0.004807761649408285	0.010989252505736022	0.0007622038360722782	0.0005787124110510972	0.0006561951044874308	0.002325597620335316	0.000710268132990056	0.002457020567585678	0.011904903628117915	0.0020366847657011544	0.0014285918367346934	0.0009425443800017939	0.008403361344537815	0.001592374437096839	0.022222222222222223	0.0010953610354991598
el	0.029411764705882353	0.007633646057922033	0.14285714285714285	0.013333333333333334	0.0044444839506172845	0.0025125817529860353	0.0022434045695627508	0.0022884447266310237	0.002457026604446752	0.002487624074899136	0.0030303489439853074	0.004761995464852608	0.004629651063100137	0.0035212011505653643	0.002590780973992591	0.0027029072461650836	0.0030769893491124256	0.005952416383219955	0.005681947314049586	0.007874263810527622	0.014084903788930767	0.002702717311906501	0.0025974363299038628	0.002518999562207742	0.004098427858774524	0.0026811448511812777	0.004587177005302584	0.01587351977828168	0.003876029084790578	0.003533631347625766	0.002809217609834616	0.012345831428135955	0.0035715178698979594	0.023255813953488372	0.0028988027977315685
en	0.0196078431372549	0.004926375306365114	0.125	0.009708737864077669	0.0020790280124999456	0.0004067039443623701	0.0022884447266310237	0.00021375642124610487	0.0004393964639435035	0.0004339264535785177	0.0009941000152168492	0.0025446522865152895	0.0022422530113213614	0.0014124732675795584	0.0004573826890962574	0.0007311336415504973	0.0011287560751901914	0.00411532794797541	0.0035338186267777102	0.004386061095721761	0.010526426592797785	0.0006592266347251472	0.00047850392939722034	0.000521231585850173	0.0021787156933942785	0.0005629087078213514	0.0022076322237328774	0.011363894628099173	0.0017700368141592916	0.0012438476213475539	0.0008238657385459036	0.008000064	0.0013532532204401579	0.022222222222222223	0.0008875792152057069
es	0.0196078431372549	0.005181427689333942	0.125	0.009900990099009901	0.002207515264925028	0.0005543314069252362	0.002457026604446752	0.0004393964639435035	0.0004245208671709073	0.0005714488179591834	0.001116085130341199	0.002754836114715904	0.0023529522491349476	0.0015408510426138588	0.0005865384735256835	0.0008665879249029066	0.001237651333202627	0.004219427086115117	0.003676511137543253	0.004545537190082645	0.010752803908081974	0.000773406570210587	0.0006222887654315726	0.0006250285164062494	0.002320217914416912	0.0007194560338491791	0.0023696907077558897	0.011627906976744186	0.001968523315925511	0.0013831373426766065	0.0009354834475450242	0.008333402777777778	0.0014992593658193392	0.022222222222222223	0.001038489537606928
fr	0.020000399999999998	0.00515474545647784	0.125	0.010101010101010102	0.0021882125363300755	0.0005488703156689007	0.002487624074899136	0.0004339264535785177	0.0005714488179591834	0.00039775468178166693	0.0011325438732622873	0.0028169807577861534	0.00238103175170068	0.0015773293594323753	0.000602133601145157	0.0008796088164242789	0.0012500609453140617	0.004273504273504274	0.0036765922361591697	0.004629843964334705	0.01086991965973535	0.0007716239914361374	0.0006357525632201696	0.0006584093364692382	0.002288402829778655	0.0007430430696659963	0.0024097024241544487	0.011764705882352941	0.0019380258097470102	0.0014430368413052392	0.0009329315488215978	0.00847457627118644	0.0015267571843132683	0.022222222222222223	0.0010777406709901708
he	0.02127659574468085	0.006060716253443526	0.125	0.010752803792345937	0.0026385433128424335	0.0011441883237593535	0.0030303489439853074	0.0009941000152168492	0.001116085130341199	0.0011325438732622873	0.0009842724724338863	0.003378435445580716	0.0029499569269324146	0.002114191723022049	0.0011601668366893472	0.00138896605324074	0.0016751007971179171	0.004807715421597633	0.004255373472159348	0.005649781352740273	0.011764705882352941	0.0012886813821872674	0.0012048352445928289	0.00115346506600469	0.0028248747167161415	0.0012854197418071512	0.0029070612493239585	0.012500468749999999	0.0023585461908152364	0.0019455517873094217	0.0013889448321759252	0.009259259259259259	0.0020080563216722308	0.023809523809523808	0.0015315342968839768
hi	0.027778549382716046	0.00819672131147541	0.125	0.014705882352941176	0.0048544160618342914	0.0028653459331204174	0.004761995464852608	0.0025446522865152895	0.002754836114715904	0.0028169807577861534	0.003378435445580716	0.0025293016404568727	0.005076193666417584	0.003623254043268221	0.002950017838341121	0.00303040404040404	0.003344537533137213	0.006579033933518006	0.006451862643080124	0.0068029524735064096	0.012987181649519312	0.0030395506323851406	0.003012084482508346	0.0028012852278166164	0.004629693930041152	0.0030213397285530435	0.005025176131915861	0.014492963663095989	0.00411532794797541	0.00386106349040712	0.0031746938876291253	0.010869801512287334	0.0035842936241826284	0.024390243902439025	0.0031748350012597627
hu	0.027777777777777776	0.008130279595478882	0.14285714285714285	0.014084507042253521	0.003921630142252979	0.0023866576289722657	0.004629651063100137	0.0022422530113213614	0.0023529522491349476	0.00238103175170068	0.0029499569269324146	0.005076193666417584	0.002192987807998538	0.003521139158897044	0.0024876550147273583	0.0027934053244280765	0.0031250781250000003	0.006369507890786645	0.00609767251635931	0.007752058169581156	0.014084705415592145	0.0025510594543940025	0.002445017664887226	0.002398208052263225	0.00416671875	0.0025317481172888955	0.004566335147307187	0.01639344262295082	0.003984190758876844	0.003401429959738998	0.0027934443369432914	0.011627906976744186	0.0035461747397012217	0.024390243902439025	0.002890382254669384
id	0.025	0.006493632990386237	0.125	0.011494252873563218	0.0033445039764655876	0.0015873141874527589	0.0035212011505653643	0.0014124732675795584	0.0015408510426138588	0.0015773293594323753	0.002114191723022049	0.003623254043268221	0.003521139158897044	0.0013740852373835435	0.0016103370751553905	0.0018903913293620302	0.0022271962936691782	0.005347650776401956	0.00497514912997203	0.005848055812044731	0.012048192771084338	0.0017301157792650947	0.0016978015167718296	0.001569900610938736	0.0033557497410026576	0.001692093188578823	0.0033784126186997814	0.013157894736842105	0.0030211754182601475	0.002415488109407454	0.0018797875975217644	0.009900990099009901	0.0024038634892751473	0.023255813953488372	0.0020704405265571887
it	0.02040816326530612	0.005347793760187595	0.14285714285714285	0.0100001	0.0022625048627177985	0.0005797424084015957	0.002590780973992591	0.0004573826890962574	0.0005865384735256835	0.000602133601145157	0.0011601668366893472	0.002950017838341121	0.0024876550147273583	0.0016103370751553905	0.000442183916481746	0.0009125503015319475	0.0013004848222997452	0.004347901701323252	0.0038024114849137623	0.004694967951685071	0.011494781477077554	0.0007943070436148054	0.0006574950495819859	0.0006515782856098213	0.002409702424154449	0.0007560224757831252	0.0024510705077374077	0.012658388078833521	0.002032635997091678	0.0014556464513559148	0.000982438907139079	0.008695727788279773	0.0016077816658223133	0.022727272727272728	0.0010848504959603985
ja	0.020408579758433985	0.005682173295454545	0.125	0.010526426592797785	0.0024510644944252206	0.0008741648437882043	0.0027029072461650836	0.0007311336415504973	0.0008665879249029066	0.0008796088164242789	0.00138896605324074	0.00303040404040404	0.0027934053244280765	0.0018903913293620302	0.0009125503015319475	0.000719212613147886	0.00143072978770203	0.0046297367969821675	0.004081915901724282	0.004975198633697185	0.010870037807183364	0.0010787905458794005	0.0009506037766195834	0.0009243955347400443	0.0027027684441197956	0.0010440396779607824	0.0027474036952058922	0.011905187216553287	0.0021506763880217365	0.0017731093789296309	0.001186414124273726	0.008771929824561403	0.001808426184317662	0.022222222222222223	0.0012806688083385651
ko	0.02040816326530612	0.0062113344392577445	0.125	0.010869565217391304	0.00275485129279269	0.001282080867850098	0.0030769893491124256	0.0011287560751901914	0.001237651333202627	0.0012500609453140617	0.0016751007971179171	0.003344537533137213	0.0031250781250000003	0.0022271962936691782	0.0013004848222997452	0.00143072978770203	0.0011256090183547607	0.005076219433636528	0.00465137912385073	0.005494505494505495	0.011363765495867768	0.0014326852817300349	0.0013736527914050233	0.0012788704989501634	0.002890240243576464	0.001385175858083121	0.0029763144929846937	0.01250015625	0.002386714589231093	0.002040891299458558	0.0015314850343215074	0.009708737864077669	0.0020576597402157527	0.022727272727272728	0.0016209136696910074
lv	0.037037037037037035	0.010526426592797785	0.2	0.014925373134328358	0.005917159763313609	0.004405325156707873	0.005952416383219955	0.00411532794797541	0.004219427086115117	0.004273504273504274	0.004807715421597633	0.006579033933518006	0.006369507890786645	0.005347650776401956	0.004347901701323252	0.0046297367969821675	0.005076219433636528	0.004123931617847037	0.007692485207100591	0.00884963583679223	0.01587326782564878	0.004464365453603317	0.004366850365172289	0.004291919210171508	0.005847953216374269	0.004504747991234478	0.0065360331496433	0.017543859649122806	0.005882491349480969	0.0053475935828877	0.0046949018051973814	0.015625244140625	0.005102197001249479	0.025	0.00483105790100119
mk	0.03225910509885536	0.009615754437869821	0.14285714285714285	0.015873015873015872	0.0058823529411764705	0.0038168230289610163	0.005681947314049586	0.0035338186267777102	0.003676511137543253	0.0036765922361591697	0.004255373472159348	0.006451862643080124	0.00609767251635931	0.00497514912997203	0.0038024114849137623	0.004081915901724282	0.00465137912385073	0.007692485207100591	0.0034768085121045316	0.00970902064285041	0.018518518518518517	0.003984095490547769	0.003937054374108748	0.003704005500685871	0.005347707969916211	0.003937255905511811	0.006060899908172635	0.018518861454046638	0.005376430801248699	0.004784757697854902	0.004000224016	0.01694915254237288	0.004762086167800453	0.02631578947368421	0.004219836582456515
ml	0.041666666666666664	0.01190518707482993	0.14285714285714285	0.017543859649122806	0.007246429321571099	0.004807761649408285	0.007874263810527622	0.004386061095721761	0.004545537190082645	0.004629843964334705	0.005649781352740273	0.0068029524735064096	0.007752058169581156	0.005848055812044731	0.004694967951685071	0.004975198633697185	0.005494505494505495	0.00884963583679223	0.00970902064285041	0.004361840978816167	0.016666944444444443	0.0049751491547486695	0.004950519556906186	0.004694989971125658	0.006711499482005315	0.0049262539736465326	0.007299376631679898	0.01818181818181818	0.006451654526534859	0.006289466437245362	0.005263351800554017	0.014084705415592145	0.005814054894537587	0.024390243902439025	0.005319318696242643
mr	0.05	0.02174007561436673	0.16666666666666666	0.029411764705882353	0.014492753623188406	0.010989252505736022	0.014084903788930767	0.010526426592797785	0.010752803908081974	0.01086991965973535	0.011764705882352941	0.012987181649519312	0.014084705415592145	0.012048192771084338	0.011494781477077554	0.010870037807183364	0.011363765495867768	0.01587326782564878	0.018518518518518517	0.016666944444444443	0.010561564319468884	0.011363636363636364	0.011363894628099173	0.011111481481481479	0.013513878743608472	0.01149451710926146	0.014925595901091559	0.02941349480968858	0.012048483234286688	0.01282084155161078	0.011494913462808825	0.02040816326530612	0.011236207549551824	0.03225806451612903	0.01098973565994445
nl	0.02040816326530612	0.005347622179644828	0.14285714285714285	0.010416666666666666	0.0023148255315500682	0.0007622038360722782	0.002702717311906501	0.0006592266347251472	0.000773406570210587	0.0007716239914361374	0.0012886813821872674	0.0030395506323851406	0.0025510594543940025	0.0017301157792650947	0.0007943070436148054	0.0010787905458794005	0.0014326852817300349	0.004464365453603317	0.003984095490547769	0.0049751491547486695	0.011363636363636364	0.000635050980790399	0.000847464809681126	0.0008467766183604218	0.0025575578391036167	0.000922554331027627	0.0025839926820637113	0.012345679012345678	0.0021367795310102996	0.001607727380816989	0.0010764610279233543	0.008695652173913044	0.001748263973788449	0.022222222222222223	0.001253208213202178
pl	0.02040816326530612	0.005319262109551833	0.125	0.010309278350515464	0.002352946712802768	0.0005787124110510972	0.0025974363299038628	0.00047850392939722034	0.0006222887654315726	0.0006357525632201696	0.0012048352445928289	0.003012084482508346	0.002445017664887226	0.0016978015167718296	0.0006574950495819859	0.0009506037766195834	0.0013736527914050233	0.004366850365172289	0.003937054374108748	0.004950519556906186	0.011363894628099173	0.000847464809681126	0.00045050561098751657	0.00072310344441778	0.002475253651602784	0.0007943240780755045	0.0025000437499999996	0.012195270672218919	0.002118675488365412	0.0014903151867555376	0.0010417068142361107	0.008771929824561403	0.0016778805008783385	0.022727272727272728	0.0011481609931456374
pt	0.02040816326530612	0.005235766563416573	0.125015625	0.0100001	0.0022222962962962964	0.0006561951044874308	0.002518999562207742	0.000521231585850173	0.0006250285164062494	0.0006584093364692382	0.00115346506600469	0.0028012852278166164	0.002398208052263225	0.001569900610938736	0.0006515782856098213	0.0009243955347400443	0.0012788704989501634	0.004291919210171508	0.003704005500685871	0.004694989971125658	0.011111481481481479	0.0008467766183604218	0.00072310344441778	0.0005126486600758108	0.002283177998790684	0.0007882009369389842	0.002381031746031746	0.01176484429065744	0.0019570390738393307	0.0014663229590388793	0.000987327649738005	0.008474791726515368	0.0015361879797381312	0.022727272727272728	0.0010931195795837528
ro	0.022727272727272728	0.008264531111262892	0.125	0.012987012987012988	0.003968269715293525	0.002325597620335316	0.004098427858774524	0.0021787156933942785	0.002320217914416912	0.002288402829778655	0.0028248747167161415	0.004629693930041152	0.00416671875	0.0033557497410026576	0.002409702424154449	0.0027027684441197956	0.002890240243576464	0.005847953216374269	0.005347707969916211	0.006711499482005315	0.013513878743608472	0.0025575578391036167	0.002475253651602784	0.002283177998790684	0.0021199062193064866	0.0024331551435286315	0.00432904180956129	0.015384852071005919	0.003717527397354929	0.0031250195312500003	0.0026739111927707396	0.012345679012345678	0.0033003736017166076	0.023809523809523808	0.002817020432453878
ru	0.02040816326530612	0.00531946016296967	0.125	0.01020408163265306	0.0023697187843938813	0.000710268132990056	0.0026811448511812777	0.0005629087078213514	0.0007194560338491791	0.0007430430696659963	0.0012854197418071512	0.0030213397285530435	0.0025317481172888955	0.001692093188578823	0.0007560224757831252	0.0010440396779607824	0.001385175858083121	0.004504747991234478	0.003937255905511811	0.0049262539736465326	0.01149451710926146	0.000922554331027627	0.0007943240780755045	0.0007882009369389842	0.0024331551435286315	0.0005316344406441572	0.0025001562625	0.01190518707482993	0.0021646239763122876	0.0015129485650724037	0.0011027571139197916	0.008547008547008548	0.001689286209139883	0.022222716049382713	0.0012394522540641135
sh	0.02564102564102564	0.0064516129032258064	0.16666666666666666	0.013513513513513514	0.004273595587698152	0.002457020567585678	0.004587177005302584	0.0022076322237328774	0.0023696907077558897	0.0024097024241544487	0.0029070612493239585	0.005025176131915861	0.004566335147307187	0.0033784126186997814	0.0024510705077374077	0.0027474036952058922	0.0029763144929846937	0.0065360331496433	0.006060899908172635	0.007299376631679898	0.014925595901091559	0.0025839926820637113	0.0025000437499999996	0.002381031746031746	0.00432904180956129	0.0025001562625	0.0021422866725316456	0.014925373134328358	0.0038169395868539128	0.00241551728161684	0.00271014460822115	0.012048192771084338	0.0034843326979810364	0.023809523809523808	0.0029071711313547865
si	0.055561728395061724	0.02127704843820733	0.16666666666666666	0.027027757487216943	0.016393711367911852	0.011904903628117915	0.01587351977828168	0.011363894628099173	0.011627906976744186	0.011764705882352941	0.012500468749999999	0.014492963663095989	0.01639344262295082	0.013157894736842105	0.012658388078833521	0.011905187216553287	0.01250015625	0.017543859649122806	0.018518861454046638	0.01818181818181818	0.02941349480968858	0.012345679012345678	0.012195270672218919	0.01176484429065744	0.015384852071005919	0.01190518707482993	0.014925373134328358	0.01138692777651439	0.013333511111111113	0.013158067867036011	0.0125003125	0.027777777777777776	0.01282051282051282	0.03571428571428571	0.011765121107266433
simple	0.02564102564102564	0.007353103373702421	0.14285714285714285	0.012345679012345678	0.003508833487226839	0.0020366847657011544	0.003876029084790578	0.0017700368141592916	0.001968523315925511	0.0019380258097470102	0.0023585461908152364	0.00411532794797541	0.003984190758876844	0.0030211754182601475	0.002032635997091678	0.0021506763880217365	0.002386714589231093	0.005882491349480969	0.005376430801248699	0.006451654526534859	0.012048483234286688	0.0021367795310102996	0.002118675488365412	0.0019570390738393307	0.003717527397354929	0.0021646239763122876	0.0038169395868539128	0.013333511111111113	0.0017571697238760835	0.002967403076543775	0.002242237929578314	0.01098901098901099	0.0028090597856962507	0.023255813953488372	0.0022677176690782132
sr	0.021739130434782608	0.006060679522497705	0.125	0.012195121951219513	0.0032573608208044647	0.0014285918367346934	0.003533631347625766	0.0012438476213475539	0.0013831373426766065	0.0014430368413052392	0.0019455517873094217	0.00386106349040712	0.003401429959738998	0.002415488109407454	0.0014556464513559148	0.0017731093789296309	0.002040891299458558	0.0053475935828877	0.004784757697854902	0.006289466437245362	0.01282084155161078	0.001607727380816989	0.0014903151867555376	0.0014663229590388793	0.0031250195312500003	0.0015129485650724037	0.00241551728161684	0.013158067867036011	0.002967403076543775	0.001214728936955343	0.0017857780612244895	0.01020408163265306	0.0025380903914040557	0.023255813953488372	0.0019121701940196464
sv	0.020833333333333332	0.0055250755471444694	0.14285714285714285	0.010869565217391304	0.002415511447174963	0.0009425443800017939	0.002809217609834616	0.0008238657385459036	0.0009354834475450242	0.0009329315488215978	0.0013889448321759252	0.0031746938876291253	0.0027934443369432914	0.0018797875975217644	0.000982438907139079	0.001186414124273726	0.0015314850343215074	0.0046949018051973814	0.004000224016	0.005263351800554017	0.011494913462808825	0.0010764610279233543	0.0010417068142361107	0.000987327649738005	0.0026739111927707396	0.0011027571139197916	0.00271014460822115	0.0125003125	0.002242237929578314	0.0017857780612244895	0.0008127804298701256	0.009259259259259259	0.001919485273046444	0.022222222222222223	0.0014067526888160919
te	0.047621315192743756	0.019230769230769232	0.25	0.02631578947368421	0.013333333333333334	0.008403361344537815	0.012345831428135955	0.008000064	0.008333402777777778	0.00847457627118644	0.009259259259259259	0.010869801512287334	0.011627906976744186	0.009900990099009901	0.008695727788279773	0.008771929824561403	0.009708737864077669	0.015625244140625	0.01694915254237288	0.014084705415592145	0.02040816326530612	0.008695652173913044	0.008771929824561403	0.008474791726515368	0.012345679012345678	0.008547008547008548	0.012048192771084338	0.027777777777777776	0.01098901098901099	0.01020408163265306	0.009259259259259259	0.008007623816264712	0.009901088128614842	0.04	0.008849870859111911
vi	0.023809523809523808	0.006622648129468005	0.14285714285714285	0.011494252873563218	0.0034246927190842557	0.001592374437096839	0.0035715178698979594	0.0013532532204401579	0.0014992593658193392	0.0015267571843132683	0.0020080563216722308	0.0035842936241826284	0.0035461747397012217	0.0024038634892751473	0.0016077816658223133	0.001808426184317662	0.0020576597402157527	0.005102197001249479	0.004762086167800453	0.005814054894537587	0.011236207549551824	0.001748263973788449	0.0016778805008783385	0.0015361879797381312	0.0033003736017166076	0.001689286209139883	0.0034843326979810364	0.01282051282051282	0.0028090597856962507	0.0025380903914040557	0.001919485273046444	0.009901088128614842	0.0013527138792631373	0.022727272727272728	0.0018976988539223525
war	0.07142857142857142	0.027777777777777776	0.16666666666666666	0.034482758620689655	0.023809523809523808	0.022222222222222223	0.023255813953488372	0.022222222222222223	0.022222222222222223	0.022222222222222223	0.023809523809523808	0.024390243902439025	0.024390243902439025	0.023255813953488372	0.022727272727272728	0.022222222222222223	0.022727272727272728	0.025	0.02631578947368421	0.024390243902439025	0.03225806451612903	0.022222222222222223	0.022727272727272728	0.022727272727272728	0.023809523809523808	0.022222716049382713	0.023809523809523808	0.03571428571428571	0.023255813953488372	0.023255813953488372	0.022222222222222223	0.04	0.022727272727272728	0.022223703703703704	0.022222222222222223
zh	0.021739130434782608	0.00571461227755102	0.14285714285714285	0.010869565217391304	0.0025641814595660753	0.0010953610354991598	0.0028988027977315685	0.0008875792152057069	0.001038489537606928	0.0010777406709901708	0.0015315342968839768	0.0031748350012597627	0.002890382254669384	0.0020704405265571887	0.0010848504959603985	0.0012806688083385651	0.0016209136696910074	0.00483105790100119	0.004219836582456515	0.005319318696242643	0.01098973565994445	0.001253208213202178	0.0011481609931456374	0.0010931195795837528	0.002817020432453878	0.0012394522540641135	0.0029071711313547865	0.011765121107266433	0.0022677176690782132	0.0019121701940196464	0.0014067526888160919	0.008849870859111911	0.0018976988539223525	0.022222222222222223	0.0008976100660093885
