arz	bs	ceb	ckb	da	de	el	en	es	fr	he	hi	hu	id	it	ja	ko	lv	mk	ml	mr	nl	pl	pt	ro	ru	sh	si	simple	sr	sv	te	vi	war	zh
arz	1.0	0.0	0.0	0.0	1.0	1.0	1.0	1.0	1.0	1.0	1.0	1.0	1.0	1.0	1.0	1.0	1.0	1.0	0.0	1.0	0.0	1.0	1.0	1.0	1.0	1.0	1.0	0.0	1.0	1.0	1.0	0.0	1.0	0.0	1.0
bs	0.0	1.0	1.0	1.0	1.0	0.5	1.0	0.585786437626905	0.5	0.5	0.585786437626905	1.0	1.0	0.585786437626905	0.585786437626905	0.5	0.585786437626905	1.0	1.0	1.0	1.0	0.5	0.5	0.585786437626905	0.585786437626905	0.5	1.0	1.0	1.0	0.585786437626905	0.5	0.0	0.585786437626905	1.0	0.5
ceb	0.0	1.0	1.0	0.0	0.0	1.0	1.0	1.0	1.0	1.0	1.0	0.0	0.0	1.0	1.0	1.0	1.0	0.0	0.0	0.0	0.0	1.0	1.0	1.0	1.0	1.0	0.0	0.0	0.0	1.0	1.0	0.0	1.0	0.0	1.0
ckb	0.0	1.0	0.0	1.0	1.0	1.0	1.0	1.0	1.0	1.0	1.0	1.0	1.0	1.0	1.0	1.0	1.0	1.0	1.0	1.0	1.0	1.0	1.0	1.0	1.0	1.0	1.0	1.0	1.0	1.0	1.0	0.0	1.0	1.0	1.0
da	1.0	1.0	0.0	1.0	1.0	0.3660254037844386	1.0	0.4142135623730951	0.44948974278317805	0.585786437626905	0.585786437626905	1.0	1.0	0.5	0.585786437626905	0.585786437626905	1.0	1.0	1.0	1.0	1.0	1.0	1.0	0.5	1.0	0.5	0.5	1.0	1.0	0.585786437626905	0.5	0.0	1.0	1.0	1.0
de	1.0	0.5	1.0	1.0	0.3660254037844386	1.0	0.585786437626905	0.12809248424016279	0.20658711810431302	0.1886378647726465	0.36602540378443865	1.0	0.5	0.29893508442482547	0.20658711810431302	0.4142135623730951	0.3090169943749474	1.0	1.0	1.0	1.0	0.20658711810431302	0.2449655295864104	0.20342651452257512	0.5	0.25000000000000006	0.44948974278317805	1.0	0.585786437626905	0.39564392373896007	0.23800671553691075	1.0	0.3266316347104093	0.585786437626905	0.2958163163244893
el	1.0	1.0	1.0	1.0	1.0	0.585786437626905	1.0	1.0	1.0	1.0	1.0	1.0	1.0	1.0	0.585786437626905	1.0	1.0	1.0	1.0	1.0	1.0	1.0	1.0	0.585786437626905	1.0	1.0	0.585786437626905	1.0	1.0	1.0	1.0	0.0	1.0	0.585786437626905	1.0
en	1.0	0.585786437626905	1.0	1.0	0.4142135623730951	0.12809248424016279	1.0	1.0	0.1757340838011157	0.1657488886375548	0.585786437626905	1.0	0.5	0.27429188517743175	0.1639607805437114	0.2402530733520421	0.2742918851774318	1.0	1.0	1.0	1.0	0.2139387691339814	0.23166247903554	0.16308953050448227	0.5	0.2193450929151803	0.44948974278317805	1.0	0.5	0.5	0.25921926045307553	1.0	0.585786437626905	0.585786437626905	0.28172904669025317
es	1.0	0.5	1.0	1.0	0.44948974278317805	0.20658711810431302	1.0	0.1757340838011157	1.0	0.2898979485566356	0.585786437626905	1.0	0.5	0.3660254037844386	0.2303268468157938	0.44948974278317805	0.585786437626905	1.0	1.0	1.0	1.0	0.34833147735478825	0.3660254037844386	0.27429188517743175	0.585786437626905	0.5	0.44948974278317805	1.0	0.5	0.585786437626905	0.4142135623730951	1.0	0.585786437626905	0.585786437626905	0.585786437626905
fr	1.0	0.5	1.0	1.0	0.585786437626905	0.1886378647726465	1.0	0.1657488886375548	0.2898979485566356	1.0	0.44948974278317805	1.0	0.585786437626905	0.34833147735478825	0.2898979485566356	0.585786437626905	0.585786437626905	1.0	1.0	1.0	1.0	0.4142135623730951	0.38742588672279304	0.34833147735478825	0.585786437626905	0.44948974278317805	0.5	1.0	0.585786437626905	1.0	0.4142135623730951	1.0	1.0	0.585786437626905	0.5
he	1.0	0.585786437626905	1.0	1.0	0.585786437626905	0.36602540378443865	1.0	0.585786437626905	0.585786437626905	0.44948974278317805	1.0	1.0	1.0	0.585786437626905	0.5	1.0	1.0	1.0	1.0	1.0	1.0	1.0	0.585786437626905	0.585786437626905	1.0	1.0	1.0	1.0	1.0	1.0	1.0	0.0	1.0	1.0	1.0
hi	1.0	1.0	0.0	1.0	1.0	1.0	1.0	1.0	1.0	1.0	1.0	1.0	1.0	1.0	1.0	1.0	1.0	1.0	1.0	1.0	1.0	1.0	1.0	1.0	1.0	1.0	1.0	1.0	1.0	1.0	1.0	0.0	1.0	1.0	1.0
hu	1.0	1.0	0.0	1.0	1.0	0.5	1.0	0.5	0.5	0.585786437626905	1.0	1.0	1.0	0.5	0.585786437626905	1.0	0.585786437626905	1.0	1.0	1.0	1.0	0.585786437626905	1.0	0.585786437626905	1.0	1.0	1.0	1.0	1.0	1.0	1.0	0.0	1.0	0.585786437626905	1.0
id	1.0	0.585786437626905	1.0	1.0	0.5	0.29893508442482547	1.0	0.27429188517743175	0.3660254037844386	0.34833147735478825	0.585786437626905	1.0	0.5	1.0	0.38742588672279304	0.5	0.585786437626905	0.585786437626905	1.0	1.0	1.0	0.44948974278317805	0.4142135623730951	0.4142135623730951	1.0	0.585786437626905	0.585786437626905	1.0	1.0	0.585786437626905	0.44948974278317805	0.0	0.585786437626905	0.585786437626905	0.585786437626905
it	1.0	0.585786437626905	1.0	1.0	0.585786437626905	0.20658711810431302	0.585786437626905	0.1639607805437114	0.2303268468157938	0.2898979485566356	0.5	1.0	0.585786437626905	0.38742588672279304	1.0	0.5	1.0	1.0	1.0	1.0	1.0	0.3333333333333333	0.27429188517743175	0.27195617308673	0.585786437626905	0.44948974278317805	0.585786437626905	1.0	0.585786437626905	1.0	0.38742588672279304	1.0	0.585786437626905	0.585786437626905	0.44948974278317805
ja	1.0	0.5	1.0	1.0	0.585786437626905	0.4142135623730951	1.0	0.2402530733520421	0.44948974278317805	0.585786437626905	1.0	1.0	1.0	0.5	0.5	1.0	1.0	1.0	1.0	1.0	1.0	0.585786437626905	0.585786437626905	0.44948974278317805	1.0	1.0	1.0	1.0	1.0	1.0	0.4142135623730951	1.0	1.0	0.585786437626905	1.0
ko	1.0	0.585786437626905	1.0	1.0	1.0	0.3090169943749474	1.0	0.2742918851774318	0.585786437626905	0.585786437626905	1.0	1.0	0.585786437626905	0.585786437626905	1.0	1.0	1.0	1.0	1.0	1.0	1.0	1.0	0.585786437626905	0.39564392373896	0.585786437626905	1.0	0.585786437626905	1.0	1.0	1.0	0.585786437626905	1.0	1.0	0.585786437626905	1.0
lv	1.0	1.0	0.0	1.0	1.0	1.0	1.0	1.0	1.0	1.0	1.0	1.0	1.0	0.585786437626905	1.0	1.0	1.0	1.0	1.0	1.0	1.0	1.0	1.0	1.0	1.0	1.0	1.0	1.0	1.0	1.0	1.0	0.0	1.0	0.585786437626905	1.0
mk	0.0	1.0	0.0	1.0	1.0	1.0	1.0	1.0	1.0	1.0	1.0	1.0	1.0	1.0	1.0	1.0	1.0	1.0	1.0	1.0	1.0	1.0	1.0	1.0	1.0	1.0	1.0	1.0	1.0	1.0	1.0	0.0	1.0	1.0	1.0
ml	1.0	1.0	0.0	1.0	1.0	1.0	1.0	1.0	1.0	1.0	1.0	1.0	1.0	1.0	1.0	1.0	1.0	1.0	1.0	1.0	1.0	1.0	1.0	1.0	1.0	1.0	1.0	1.0	1.0	1.0	1.0	0.0	1.0	1.0	1.0
mr	0.0	1.0	0.0	1.0	1.0	1.0	1.0	1.0	1.0	1.0	1.0	1.0	1.0	1.0	1.0	1.0	1.0	1.0	1.0	1.0	1.0	1.0	1.0	1.0	1.0	1.0	1.0	1.0	1.0	1.0	1.0	0.0	1.0	1.0	1.0
nl	1.0	0.5	1.0	1.0	1.0	0.20658711810431302	1.0	0.2139387691339814	0.34833147735478825	0.4142135623730951	1.0	1.0	0.585786437626905	0.44948974278317805	0.3333333333333333	0.585786437626905	1.0	1.0	1.0	1.0	1.0	1.0	0.44948974278317805	0.38742588672279304	1.0	0.585786437626905	0.44948974278317805	1.0	0.585786437626905	1.0	0.44948974278317805	0.0	1.0	0.585786437626905	0.585786437626905
pl	1.0	0.5	1.0	1.0	1.0	0.2449655295864104	1.0	0.23166247903554	0.3660254037844386	0.38742588672279304	0.585786437626905	1.0	1.0	0.4142135623730951	0.27429188517743175	0.585786437626905	0.585786437626905	1.0	1.0	1.0	1.0	0.44948974278317805	1.0	0.585786437626905	0.5	0.44948974278317805	0.4142135623730951	1.0	0.585786437626905	0.5	0.4142135623730951	1.0	1.0	0.585786437626905	0.5
pt	1.0	0.585786437626905	1.0	1.0	0.5	0.20342651452257512	0.585786437626905	0.16308953050448227	0.27429188517743175	0.34833147735478825	0.585786437626905	1.0	0.585786437626905	0.4142135623730951	0.27195617308673	0.44948974278317805	0.39564392373896	1.0	1.0	1.0	1.0	0.38742588672279304	0.585786437626905	1.0	1.0	0.5	0.44948974278317805	1.0	1.0	1.0	0.585786437626905	1.0	1.0	0.585786437626905	0.44948974278317805
ro	1.0	0.585786437626905	1.0	1.0	1.0	0.5	1.0	0.5	0.585786437626905	0.585786437626905	1.0	1.0	1.0	1.0	0.585786437626905	1.0	0.585786437626905	1.0	1.0	1.0	1.0	1.0	0.5	1.0	1.0	1.0	0.5	1.0	1.0	1.0	1.0	1.0	1.0	0.585786437626905	1.0
ru	1.0	0.5	1.0	1.0	0.5	0.25000000000000006	1.0	0.2193450929151803	0.5	0.44948974278317805	1.0	1.0	1.0	0.585786437626905	0.44948974278317805	1.0	1.0	1.0	1.0	1.0	1.0	0.585786437626905	0.44948974278317805	0.5	1.0	1.0	0.5	1.0	1.0	1.0	0.585786437626905	1.0	1.0	0.585786437626905	1.0
sh	1.0	1.0	0.0	1.0	0.5	0.44948974278317805	0.585786437626905	0.44948974278317805	0.44948974278317805	0.5	1.0	1.0	1.0	0.585786437626905	0.585786437626905	1.0	0.585786437626905	1.0	1.0	1.0	1.0	0.44948974278317805	0.4142135623730951	0.44948974278317805	0.5	0.5	1.0	1.0	1.0	1.0	0.44948974278317805	0.0	1.0	0.585786437626905	0.5
si	0.0	1.0	0.0	1.0	1.0	1.0	1.0	1.0	1.0	1.0	1.0	1.0	1.0	1.0	1.0	1.0	1.0	1.0	1.0	1.0	1.0	1.0	1.0	1.0	1.0	1.0	1.0	1.0	1.0	1.0	1.0	0.0	1.0	1.0	1.0
simple	1.0	1.0	0.0	1.0	1.0	0.585786437626905	1.0	0.5	0.5	0.585786437626905	1.0	1.0	1.0	1.0	0.585786437626905	1.0	1.0	1.0	1.0	1.0	1.0	0.585786437626905	0.585786437626905	1.0	1.0	1.0	1.0	1.0	1.0	1.0	0.585786437626905	0.0	1.0	1.0	1.0
sr	1.0	0.585786437626905	1.0	1.0	0.585786437626905	0.39564392373896007	1.0	0.5	0.585786437626905	1.0	1.0	1.0	1.0	0.585786437626905	1.0	1.0	1.0	1.0	1.0	1.0	1.0	1.0	0.5	1.0	1.0	1.0	1.0	1.0	1.0	1.0	1.0	1.0	1.0	0.585786437626905	1.0
sv	1.0	0.5	1.0	1.0	0.5	0.23800671553691075	1.0	0.25921926045307553	0.4142135623730951	0.4142135623730951	1.0	1.0	1.0	0.44948974278317805	0.38742588672279304	0.4142135623730951	0.585786437626905	1.0	1.0	1.0	1.0	0.44948974278317805	0.4142135623730951	0.585786437626905	1.0	0.585786437626905	0.44948974278317805	1.0	0.585786437626905	1.0	1.0	1.0	1.0	0.585786437626905	0.5
te	0.0	0.0	0.0	0.0	0.0	1.0	0.0	1.0	1.0	1.0	0.0	0.0	0.0	0.0	1.0	1.0	1.0	0.0	0.0	0.0	0.0	0.0	1.0	1.0	1.0	1.0	0.0	0.0	0.0	1.0	1.0	1.0	0.0	0.0	1.0
vi	1.0	0.585786437626905	1.0	1.0	1.0	0.3266316347104093	1.0	0.585786437626905	0.585786437626905	1.0	1.0	1.0	1.0	0.585786437626905	0.585786437626905	1.0	1.0	1.0	1.0	1.0	1.0	1.0	1.0	1.0	1.0	1.0	1.0	1.0	1.0	1.0	1.0	0.0	1.0	0.585786437626905	1.0
war	0.0	1.0	0.0	1.0	1.0	0.585786437626905	0.585786437626905	0.585786437626905	0.585786437626905	0.585786437626905	1.0	1.0	0.585786437626905	0.585786437626905	0.585786437626905	0.585786437626905	0.585786437626905	0.585786437626905	1.0	1.0	1.0	0.585786437626905	0.585786437626905	0.585786437626905	0.585786437626905	0.585786437626905	0.585786437626905	1.0	1.0	0.585786437626905	0.585786437626905	0.0	0.585786437626905	1.0	0.585786437626905
zh	1.0	0.5	1.0	1.0	1.0	0.2958163163244893	1.0	0.28172904669025317	0.585786437626905	0.5	1.0	1.0	1.0	0.585786437626905	0.44948974278317805	1.0	1.0	1.0	1.0	1.0	1.0	0.585786437626905	0.5	0.44948974278317805	1.0	1.0	0.5	1.0	1.0	1.0	0.5	1.0	1.0	0.585786437626905	1.0
