arz	bs	ceb	ckb	da	de	el	en	es	fr	he	hi	hu	id	it	ja	ko	lv	mk	ml	mr	nl	pl	pt	ro	ru	sh	si	simple	sr	sv	te	vi	war	zh
arz	1.0	0.0	0.0	0.0	0.009259259259259259	0.0	0.0	0.0006289308176100629	0.0	0.0	0.004784688995215311	0.0	0.0	0.0	0.0	0.0	0.0	0.0	0.03571428571428571	0.01818181818181818	0.026785714285714284	0.0	0.0	0.0	0.014285714285714285	0.0	0.0	0.0	0.0	0.019801980198019802	0.010309278350515464	0.0	0.0	0.125	0.0018832391713747645
bs	0.0	1.0	0.0	0.0	0.0	0.0	0.0	0.0	0.0	0.0	0.0	0.0	0.016666666666666666	0.0	0.0	0.0	0.0	0.0	0.0	0.02040816326530612	0.009259259259259259	0.0	0.0	0.0	0.0	0.0	0.0	0.0	0.0	0.0	0.0	0.0	0.0	0.0	0.0019047619047619048
ceb	0.0	0.0	1.0	0.0	0.005813953488372093	0.007936507936507936	0.0	0.0012099213551119178	0.0	0.005555555555555556	0.014814814814814815	0.009708737864077669	0.054945054945054944	0.011320754716981131	0.0045662100456621	0.0	0.004830917874396135	0.025974025974025976	0.02197802197802198	0.008403361344537815	0.017045454545454544	0.015151515151515152	0.020618556701030927	0.02830188679245283	0.015037593984962405	0.01675977653631285	0.0	0.0	0.026392961876832845	0.0	0.011673151750972763	0.0	0.0	0.0	0.006756756756756757
ckb	0.0	0.0	0.0	1.0	0.0	0.00546448087431694	0.0	0.0	0.0	0.0	0.0	0.0	0.0	0.0	0.0	0.0	0.0	0.0	0.0	0.0	0.0	0.0	0.0	0.0	0.0	0.0	0.05	0.0	0.0	0.010416666666666666	0.0	0.0	0.0	0.0	0.0
da	0.009259259259259259	0.0	0.005813953488372093	0.0	1.0	0.0071174377224199285	0.0	0.0029779630732578916	0.012578616352201259	0.0103359173126615	0.016778523489932886	0.0	0.03755868544600939	0.01020408163265306	0.008097165991902834	0.010869565217391304	0.00423728813559322	0.009345794392523364	0.008264462809917356	0.013605442176870748	0.004830917874396135	0.006172839506172839	0.004424778761061947	0.00816326530612245	0.018633540372670808	0.002551020408163265	0.02564102564102564	0.0	0.038356164383561646	0.010309278350515464	0.006968641114982578	0.0	0.006993006993006993	0.0	0.012965964343598054
de	0.0	0.0	0.007936507936507936	0.00546448087431694	0.0071174377224199285	1.0	0.005319148936170213	0.009148084619782733	0.012552301255230125	0.015053763440860216	0.01856763925729443	0.0	0.013422818791946308	0.0106951871657754	0.006097560975609756	0.007547169811320755	0.009523809523809525	0.0	0.0	0.0	0.01048951048951049	0.02092050209205021	0.013157894736842105	0.009230769230769232	0.004098360655737705	0.017167381974248927	0.0	0.0	0.024498886414253896	0.025925925925925925	0.0	0.0	0.004464285714285714	0.0	0.015827338129496403
el	0.0	0.0	0.0	0.0	0.0	0.005319148936170213	1.0	0.0006293266205160479	0.0	0.0	0.0	0.0	0.0	0.0	0.0	0.0	0.0	0.0	0.0	0.0	0.0	0.0	0.0	0.0	0.0	0.0	0.0	0.0	0.0	0.009900990099009901	0.0	0.0	0.0	0.0	0.0
en	0.0006289308176100629	0.0	0.0012099213551119178	0.0	0.0029779630732578916	0.009148084619782733	0.0006293266205160479	1.0	0.001829268292682927	0.009159482758620689	0.0062006764374295375	0.0018610421836228288	0.002354326074161271	0.008503401360544218	0.0034782608695652175	0.002403846153846154	0.006440281030444965	0.0	0.0012484394506866417	0.003075030750307503	0.0047562425683709865	0.002437538086532602	0.002346041055718475	0.004648460197559558	0.003658536585365854	0.010237068965517241	0.00125	0.0012634238787113076	0.01031487513572204	0.009626955475330927	0.0056785917092561046	0.0006273525721455458	0.0006153846153846154	0.0	0.015421686746987951
es	0.0	0.0	0.0	0.0	0.012578616352201259	0.012552301255230125	0.0	0.001829268292682927	1.0	0.005747126436781609	0.007692307692307693	0.01098901098901099	0.01694915254237288	0.011857707509881422	0.0	0.006944444444444444	0.005128205128205128	0.0	0.0	0.009345794392523364	0.012121212121212121	0.0	0.005405405405405406	0.00980392156862745	0.0	0.0	0.0	0.0	0.008955223880597015	0.026490066225165563	0.0	0.0	0.0	0.0	0.0017152658662092624
fr	0.0	0.0	0.005555555555555556	0.0	0.0103359173126615	0.015053763440860216	0.0	0.009159482758620689	0.005747126436781609	1.0	0.004081632653061225	0.009404388714733543	0.0	0.008298755186721992	0.0045871559633027525	0.00267379679144385	0.0070921985815602835	0.0	0.0032258064516129032	0.008955223880597015	0.017948717948717947	0.005714285714285714	0.009708737864077669	0.01160092807424594	0.008571428571428572	0.006920415224913495	0.0	0.003436426116838488	0.012477718360071301	0.010498687664041995	0.008438818565400843	0.0	0.0030120481927710845	0.0	0.02389937106918239
he	0.004784688995215311	0.0	0.014814814814814815	0.0	0.016778523489932886	0.01856763925729443	0.0	0.0062006764374295375	0.007692307692307693	0.004081632653061225	1.0	0.0	0.022222222222222223	0.02577319587628866	0.0028653295128939827	0.0034965034965034965	0.005952380952380952	0.00966183574879227	0.0045045045045045045	0.016260162601626018	0.003246753246753247	0.011494252873563218	0.021806853582554516	0.020527859237536656	0.019230769230769232	0.01646090534979424	0.0091324200913242	0.0	0.023454157782515993	0.01020408163265306	0.010362694300518135	0.0	0.012396694214876033	0.0	0.012552301255230125
hi	0.0	0.0	0.009708737864077669	0.0	0.0	0.0	0.0	0.0018610421836228288	0.01098901098901099	0.009404388714733543	0.0	1.0	0.006622516556291391	0.004405286343612335	0.0	0.008620689655172414	0.0	0.0	0.0	0.03896103896103896	0.05303030303030303	0.0	0.0	0.005649717514124294	0.010638297872340425	0.0030959752321981426	0.0	0.0	0.003236245954692557	0.007936507936507936	0.009174311926605505	0.0	0.0	0.0	0.0
hu	0.0	0.016666666666666666	0.054945054945054944	0.0	0.03755868544600939	0.013422818791946308	0.0	0.002354326074161271	0.01694915254237288	0.0	0.022222222222222223	0.006622516556291391	1.0	0.0031746031746031746	0.0	0.004901960784313725	0.00392156862745098	0.0	0.007142857142857143	0.024390243902439025	0.013392857142857142	0.01675977653631285	0.012345679012345678	0.023076923076923078	0.0	0.007334963325183374	0.0	0.0	0.041884816753926704	0.018957345971563982	0.009836065573770493	0.0	0.0	0.0	0.022222222222222223
id	0.0	0.0	0.011320754716981131	0.0	0.01020408163265306	0.0106951871657754	0.0	0.008503401360544218	0.011857707509881422	0.008298755186721992	0.02577319587628866	0.004405286343612335	0.0031746031746031746	1.0	0.0029154518950437317	0.01444043321299639	0.00911854103343465	0.0049504950495049506	0.004629629629629629	0.00411522633744856	0.016778523489932886	0.0038910505836575876	0.012578616352201259	0.023952095808383235	0.01968503937007874	0.006185567010309278	0.0	0.0	0.01935483870967742	0.0034482758620689655	0.005235602094240838	0.0	0.0	0.0	0.015514809590973202
it	0.0	0.0	0.0045662100456621	0.0	0.008097165991902834	0.006097560975609756	0.0	0.0034782608695652175	0.0	0.0045871559633027525	0.0028653295128939827	0.0	0.0	0.0029154518950437317	1.0	0.004310344827586207	0.0035335689045936395	0.0	0.0	0.0	0.0	0.009615384615384616	0.003663003663003663	0.0034129692832764505	0.014423076923076924	0.009174311926605505	0.0	0.0	0.0070921985815602835	0.0	0.005988023952095809	0.0	0.0	0.0	0.005988023952095809
ja	0.0	0.0	0.0	0.0	0.010869565217391304	0.007547169811320755	0.0	0.002403846153846154	0.006944444444444444	0.00267379679144385	0.0034965034965034965	0.008620689655172414	0.004901960784313725	0.01444043321299639	0.004310344827586207	1.0	0.0091324200913242	0.0	0.0	0.015267175572519083	0.005235602094240838	0.00684931506849315	0.01932367149758454	0.013157894736842105	0.006802721088435374	0.0026595744680851063	0.009708737864077669	0.0	0.0027624309392265192	0.0	0.0	0.0	0.007874015748031496	0.0	0.006611570247933884
ko	0.0	0.0	0.004830917874396135	0.0	0.00423728813559322	0.009523809523809525	0.0	0.006440281030444965	0.005128205128205128	0.0070921985815602835	0.005952380952380952	0.0	0.00392156862745098	0.00911854103343465	0.0035335689045936395	0.0091324200913242	1.0	0.0	0.00641025641025641	0.00546448087431694	0.0	0.005076142131979695	0.0038314176245210726	0.0035587188612099642	0.0	0.00234192037470726	0.0	0.0	0.012224938875305624	0.004347826086956522	0.006211180124223602	0.0	0.0056179775280898875	0.0	0.018518518518518517
lv	0.0	0.0	0.025974025974025976	0.0	0.009345794392523364	0.0	0.0	0.0	0.0	0.0	0.00966183574879227	0.0	0.0	0.0049504950495049506	0.0	0.0	0.0	1.0	0.0	0.0	0.0	0.014705882352941176	0.0	0.0	0.0	0.0	0.0	0.0	0.007067137809187279	0.0	0.0	0.0	0.0	0.0	0.0
mk	0.03571428571428571	0.0	0.02197802197802198	0.0	0.008264462809917356	0.0	0.0	0.0012484394506866417	0.0	0.0032258064516129032	0.0045045045045045045	0.0	0.007142857142857143	0.004629629629629629	0.0	0.0	0.00641025641025641	0.0	1.0	0.014705882352941176	0.007874015748031496	0.024691358024691357	0.00684931506849315	0.006024096385542169	0.0	0.0	0.0	0.0	0.003355704697986577	0.008695652173913044	0.0	0.0	0.015873015873015872	0.0	0.0073937153419593345
ml	0.01818181818181818	0.02040816326530612	0.008403361344537815	0.0	0.013605442176870748	0.0	0.0	0.003075030750307503	0.009345794392523364	0.008955223880597015	0.016260162601626018	0.03896103896103896	0.024390243902439025	0.00411522633744856	0.0	0.015267175572519083	0.00546448087431694	0.0	0.014705882352941176	1.0	0.0472972972972973	0.018518518518518517	0.017543859649122806	0.0	0.0	0.0029498525073746312	0.0	0.0	0.0219435736677116	0.007042253521126761	0.00425531914893617	0.0	0.02247191011235955	0.0	0.0017513134851138354
mr	0.026785714285714284	0.009259259259259259	0.017045454545454544	0.0	0.004830917874396135	0.01048951048951049	0.0	0.0047562425683709865	0.012121212121212121	0.017948717948717947	0.003246753246753247	0.05303030303030303	0.013392857142857142	0.016778523489932886	0.0	0.005235602094240838	0.0	0.0	0.007874015748031496	0.0472972972972973	1.0	0.005952380952380952	0.0	0.003968253968253968	0.0	0.0	0.0	0.0	0.005221932114882507	0.01	0.003401360544217687	0.0	0.006711409395973154	0.0	0.0096
nl	0.0	0.0	0.015151515151515152	0.0	0.006172839506172839	0.02092050209205021	0.0	0.002437538086532602	0.0	0.005714285714285714	0.011494252873563218	0.0	0.01675977653631285	0.0038910505836575876	0.009615384615384616	0.00684931506849315	0.005076142131979695	0.014705882352941176	0.024691358024691357	0.018518518518518517	0.005952380952380952	1.0	0.010752688172043012	0.0196078431372549	0.0	0.008547008547008548	0.0125	0.0	0.021021021021021023	0.00641025641025641	0.004016064257028112	0.0	0.009615384615384616	0.0	0.01559792027729636
pl	0.0	0.0	0.020618556701030927	0.0	0.004424778761061947	0.013157894736842105	0.0	0.002346041055718475	0.005405405405405406	0.009708737864077669	0.021806853582554516	0.0	0.012345679012345678	0.012578616352201259	0.003663003663003663	0.01932367149758454	0.0038314176245210726	0.0	0.00684931506849315	0.017543859649122806	0.0	0.010752688172043012	1.0	0.0	0.0	0.012106537530266344	0.0	0.0	0.02278481012658228	0.0091324200913242	0.00641025641025641	0.0	0.011976047904191617	0.0	0.018808777429467086
pt	0.0	0.0	0.02830188679245283	0.0	0.00816326530612245	0.009230769230769232	0.0	0.004648460197559558	0.00980392156862745	0.01160092807424594	0.020527859237536656	0.005649717514124294	0.023076923076923078	0.023952095808383235	0.0034129692832764505	0.013157894736842105	0.0035587188612099642	0.0	0.006024096385542169	0.0	0.003968253968253968	0.0196078431372549	0.0	1.0	0.00966183574879227	0.0045871559633027525	0.0	0.0	0.016786570743405275	0.004166666666666667	0.006024096385542169	0.0	0.005319148936170213	0.0	0.01361573373676248
ro	0.014285714285714285	0.0	0.015037593984962405	0.0	0.018633540372670808	0.004098360655737705	0.0	0.003658536585365854	0.0	0.008571428571428572	0.019230769230769232	0.010638297872340425	0.0	0.01968503937007874	0.014423076923076924	0.006802721088435374	0.0	0.0	0.0	0.0	0.0	0.0	0.0	0.00966183574879227	1.0	0.0056657223796034	0.012345679012345678	0.0	0.01488095238095238	0.006369426751592357	0.0	0.0	0.0	0.0	0.00859106529209622
ru	0.0	0.0	0.01675977653631285	0.0	0.002551020408163265	0.017167381974248927	0.0	0.010237068965517241	0.0	0.006920415224913495	0.01646090534979424	0.0030959752321981426	0.007334963325183374	0.006185567010309278	0.009174311926605505	0.0026595744680851063	0.00234192037470726	0.0	0.0	0.0029498525073746312	0.0	0.008547008547008548	0.012106537530266344	0.0045871559633027525	0.0056657223796034	1.0	0.0	0.0	0.02333931777378815	0.010443864229765013	0.0	0.0033003300330033004	0.009036144578313253	0.0	0.0161892901618929
sh	0.0	0.0	0.0	0.05	0.02564102564102564	0.0	0.0	0.00125	0.0	0.0	0.0091324200913242	0.0	0.0	0.0	0.0	0.009708737864077669	0.0	0.0	0.0	0.0	0.0	0.0125	0.0	0.0	0.012345679012345678	0.0	1.0	0.0	0.0033783783783783786	0.02702702702702703	0.0	0.0	0.0	0.0	0.0036968576709796672
si	0.0	0.0	0.0	0.0	0.0	0.0	0.0	0.0012634238787113076	0.0	0.003436426116838488	0.0	0.0	0.0	0.0	0.0	0.0	0.0	0.0	0.0	0.0	0.0	0.0	0.0	0.0	0.0	0.0	0.0	1.0	0.0	0.010416666666666666	0.0	0.0	0.0	0.0	0.0
simple	0.0	0.0	0.026392961876832845	0.0	0.038356164383561646	0.024498886414253896	0.0	0.01031487513572204	0.008955223880597015	0.012477718360071301	0.023454157782515993	0.003236245954692557	0.041884816753926704	0.01935483870967742	0.0070921985815602835	0.0027624309392265192	0.012224938875305624	0.007067137809187279	0.003355704697986577	0.0219435736677116	0.005221932114882507	0.021021021021021023	0.02278481012658228	0.016786570743405275	0.01488095238095238	0.02333931777378815	0.0033783783783783786	0.0	1.0	0.024725274725274724	0.008658008658008658	0.0	0.003125	0.0	0.03350515463917526
sr	0.019801980198019802	0.0	0.0	0.010416666666666666	0.010309278350515464	0.025925925925925925	0.009900990099009901	0.009626955475330927	0.026490066225165563	0.010498687664041995	0.01020408163265306	0.007936507936507936	0.018957345971563982	0.0034482758620689655	0.0	0.0	0.004347826086956522	0.0	0.008695652173913044	0.007042253521126761	0.01	0.00641025641025641	0.0091324200913242	0.004166666666666667	0.006369426751592357	0.010443864229765013	0.02702702702702703	0.010416666666666666	0.024725274725274724	1.0	0.0071174377224199285	0.0	0.0072992700729927005	0.010526315789473684	0.009787928221859706
sv	0.010309278350515464	0.0	0.011673151750972763	0.0	0.006968641114982578	0.0	0.0	0.0056785917092561046	0.0	0.008438818565400843	0.010362694300518135	0.009174311926605505	0.009836065573770493	0.005235602094240838	0.005988023952095809	0.0	0.006211180124223602	0.0	0.0	0.00425531914893617	0.003401360544217687	0.004016064257028112	0.00641025641025641	0.006024096385542169	0.0	0.0	0.0	0.0	0.008658008658008658	0.0071174377224199285	1.0	0.0	0.01762114537444934	0.005319148936170213	0.0084985835694051
te	0.0	0.0	0.0	0.0	0.0	0.0	0.0	0.0006273525721455458	0.0	0.0	0.0	0.0	0.0	0.0	0.0	0.0	0.0	0.0	0.0	0.0	0.0	0.0	0.0	0.0	0.0	0.0033003300330033004	0.0	0.0	0.0	0.0	0.0	1.0	0.0	0.0	0.003745318352059925
vi	0.0	0.0	0.0	0.0	0.006993006993006993	0.004464285714285714	0.0	0.0006153846153846154	0.0	0.0030120481927710845	0.012396694214876033	0.0	0.0	0.0	0.0	0.007874015748031496	0.0056179775280898875	0.0	0.015873015873015872	0.02247191011235955	0.006711409395973154	0.009615384615384616	0.011976047904191617	0.005319148936170213	0.0	0.009036144578313253	0.0	0.0	0.003125	0.0072992700729927005	0.01762114537444934	0.0	1.0	0.0	0.0125
war	0.125	0.0	0.0	0.0	0.0	0.0	0.0	0.0	0.0	0.0	0.0	0.0	0.0	0.0	0.0	0.0	0.0	0.0	0.0	0.0	0.0	0.0	0.0	0.0	0.0	0.0	0.0	0.0	0.0	0.010526315789473684	0.005319148936170213	0.0	0.0	1.0	0.0
zh	0.0018832391713747645	0.0019047619047619048	0.006756756756756757	0.0	0.012965964343598054	0.015827338129496403	0.0	0.015421686746987951	0.0017152658662092624	0.02389937106918239	0.012552301255230125	0.0	0.022222222222222223	0.015514809590973202	0.005988023952095809	0.006611570247933884	0.018518518518518517	0.0	0.0073937153419593345	0.0017513134851138354	0.0096	0.01559792027729636	0.018808777429467086	0.01361573373676248	0.00859106529209622	0.0161892901618929	0.0036968576709796672	0.0	0.03350515463917526	0.009787928221859706	0.0084985835694051	0.003745318352059925	0.0125	0.0	1.0
