arz	bs	ceb	ckb	da	de	el	en	es	fr	he	hi	hu	id	it	ja	ko	lv	mk	ml	mr	nl	pl	pt	ro	ru	sh	si	simple	sr	sv	te	tr	vi	war	zh
arz	1.0	1.0	0.0	1.0	1.0	1.0	1.0	1.0	1.0	1.0	1.0	1.0	1.0	1.0	1.0	1.0	1.0	1.0	1.0	1.0	1.0	1.0	1.0	1.0	1.0	1.0	0.5660160774121898	1.0	0.5660160774121898	1.0	1.0	1.0	1.0	1.0	0.5660160774121898	1.0
bs	1.0	1.0	1.0	1.0	0.6372769678336847	0.11037484293977762	0.31890530333592165	0.22204609691587052	0.16697081476384285	0.16202260810875072	0.25397958763852096	1.0	0.31945822173695354	0.3057951572174626	0.18989727013790467	0.20671583634524363	0.28704270062320797	1.0	0.1724600989997998	1.0	1.0	0.11555735574562037	0.053456353363234226	0.05529745289396253	0.30595701275710807	0.05421959368377716	0.11200918094700006	1.0	0.7686211302775307	0.0873404930332823	0.18468585551920055	1.0	0.5782666595200692	0.2067340628866986	0.46959601155582775	0.07489471306626397
ceb	0.0	1.0	1.0	0.0	1.0	1.0	0.0	1.0	1.0	1.0	1.0	1.0	1.0	1.0	1.0	1.0	1.0	1.0	1.0	1.0	0.0	1.0	1.0	1.0	1.0	1.0	1.0	1.0	1.0	1.0	1.0	0.0	-1.0	1.0	1.0	1.0
ckb	1.0	1.0	0.0	1.0	0.0	1.0	1.0	1.0	0.0	1.0	0.0	0.0	0.0	0.0	0.0	1.0	0.0	0.0	1.0	0.0	1.0	1.0	1.0	1.0	0.0	1.0	1.0	1.0	0.0	1.0	1.0	1.0	1.0	0.0	0.46959601155582775	1.0
da	1.0	0.6372769678336847	1.0	0.0	1.0	1.0	1.0	0.732051759263289	1.0	0.6987958953943715	1.0	1.0	0.7442101423359929	0.5660160774121898	1.0	1.0	0.5214483485208983	1.0	1.0	1.0	1.0	0.7690990303325336	1.0	1.0	0.7433819825756591	1.0	1.0	0.7863954451402115	1.0	1.0	1.0	1.0	0.7510341748895939	0.7690990303325336	0.44650355581684187	1.0
de	1.0	0.11037484293977762	1.0	1.0	1.0	1.0	0.18075304561425123	0.11962051853006327	0.11933845241386186	0.11720605514974358	0.49688003768894806	1.0	0.17804117559325006	0.29250783547049874	0.1553051812273937	0.1708933203924348	0.17184346239312176	1.0	0.12009024947547116	1.0	1.0	0.10593402451343792	0.08152763777902246	0.08145835820317802	0.15704801806428703	0.07927913720101776	0.10585012410979414	1.0	1.0	0.08831381095913278	0.16289947468302013	1.0	0.6144532717435799	0.1380455733271994	0.46959601155582775	0.08829007839662645
el	1.0	0.31890530333592165	0.0	1.0	1.0	0.18075304561425123	1.0	0.36098083095954414	0.33037545428848164	0.3534031841750248	0.6559036958570648	1.0	0.468211091082462	0.38099528823533657	0.31132997154727543	0.3586215528977658	0.41749465588802515	1.0	0.5020564859646652	1.0	1.0	0.23721669172732265	0.2857244444798558	0.3496231947958822	0.4795460040480868	0.3215882719797431	0.20090729548583178	1.0	1.0	0.18185106777555568	0.2997528014327149	1.0	1.0	0.2037065404265913	0.46959601155582775	0.27163746503429287
en	1.0	0.22204609691587052	1.0	1.0	0.732051759263289	0.11962051853006327	0.36098083095954414	1.0	0.1700402546695765	0.2613620230093491	0.4753508874833758	1.0	0.3574587579744523	0.34663446606041376	0.1676666755033027	0.20803572482725446	0.3349780039831838	1.0	0.3297878324158025	1.0	1.0	0.19510768698847722	0.13297820048576037	0.15378652497999828	0.3728831934272258	0.12583449410667796	0.17306432695212265	1.0	0.6461761095307312	0.11888829752290353	0.2055384547065657	1.0	0.4858781723964137	0.22051373688473563	0.46959601155582775	0.11424430694394493
es	1.0	0.16697081476384285	1.0	0.0	1.0	0.11933845241386186	0.33037545428848164	0.1700402546695765	1.0	0.18037095086321875	0.6468909830471344	1.0	0.3039760924094909	0.3563543724308248	0.19220372606689953	0.265978263472819	0.27320662987674893	1.0	0.18293366283452572	1.0	1.0	0.15486702091634422	0.14740220698421466	0.15320352976151935	0.24049741974440553	0.15140431342864868	0.13940204160019457	1.0	1.0	0.11860335389264437	0.2585344283238698	1.0	0.5563428956371945	0.1777829005332567	0.46959601155582775	0.1296168207007746
fr	1.0	0.16202260810875072	1.0	1.0	0.6987958953943715	0.11720605514974358	0.3534031841750248	0.2613620230093491	0.18037095086321875	1.0	0.4823633957828456	1.0	0.3571103181752227	0.3444344396572934	0.18628654740395068	0.25262171238170594	0.32231553066707863	1.0	0.23876536557436084	1.0	1.0	0.14176982367333985	0.06486241719430696	0.07493434082066348	0.3579385631959108	0.06650870693810527	0.12756783420871767	1.0	0.4593250513036037	0.10063688333319391	0.1981085801615692	1.0	0.5956139903256522	0.21439778266719153	0.46959601155582775	0.07597442304913783
he	1.0	0.25397958763852096	1.0	0.0	1.0	0.49688003768894806	0.6559036958570648	0.4753508874833758	0.6468909830471344	0.4823633957828456	1.0	1.0	0.6430922276386255	0.5660160774121898	0.6000128061209576	0.6067454105236015	0.5041186619121745	1.0	0.728099120889861	1.0	1.0	0.5399594791710934	0.5955165283230671	0.6532002319725722	0.6811865648127575	0.36576093083618577	0.33004164006351183	1.0	1.0	0.728099120889861	1.0	1.0	0.7347168825662656	0.42995415895150885	0.46959601155582775	0.5203541279884323
hi	1.0	1.0	1.0	0.0	1.0	1.0	1.0	1.0	1.0	1.0	1.0	1.0	1.0	1.0	1.0	1.0	1.0	1.0	1.0	1.0	1.0	1.0	1.0	1.0	1.0	1.0	0.0	1.0	1.0	1.0	1.0	1.0	1.0	1.0	0.46959601155582775	1.0
hu	1.0	0.31945822173695354	1.0	0.0	0.7442101423359929	0.17804117559325006	0.468211091082462	0.3574587579744523	0.3039760924094909	0.3571103181752227	0.6430922276386255	1.0	1.0	0.37998609016569335	0.2811818072955461	0.39602848820199626	0.351598955808329	1.0	0.4835091018625081	1.0	1.0	0.23390748764753858	0.3149955019499082	0.3627406107645752	0.45288122899731076	0.33264685339333355	0.21309669185237334	1.0	0.8216064286890065	0.19587511007160763	0.2681889285611762	1.0	1.0	0.21766284523432006	0.46959601155582775	0.2743135356746232
id	1.0	0.3057951572174626	1.0	0.0	0.5660160774121898	0.29250783547049874	0.38099528823533657	0.34663446606041376	0.3563543724308248	0.3444344396572934	0.5660160774121898	1.0	0.37998609016569335	1.0	0.29794884553557693	0.41007469416202785	0.3400036774069906	1.0	0.43852809535509074	1.0	1.0	0.2339045442967869	0.334957192658363	0.39846456460113217	0.4000545757002311	0.34786466905177915	0.2298772852714275	1.0	0.5020797777427737	0.2244257729840987	0.36747921343576145	1.0	0.626740723042953	0.24924012733294898	0.46959601155582775	0.34196325140900763
it	1.0	0.18989727013790467	1.0	0.0	1.0	0.1553051812273937	0.31132997154727543	0.1676666755033027	0.19220372606689953	0.18628654740395068	0.6000128061209576	1.0	0.2811818072955461	0.29794884553557693	1.0	0.2112624238123118	0.2614675498614317	1.0	0.2011736299570294	1.0	1.0	0.17237295557668159	0.16479604141470577	0.169256660393537	0.2534677251579163	0.15240572411128614	0.17556369983324252	1.0	0.7690990303325336	0.15375989903677587	0.20933590343744943	1.0	0.505247426535792	0.1774191305803542	0.46959601155582775	0.17961193826638722
ja	1.0	0.20671583634524363	1.0	1.0	1.0	0.1708933203924348	0.3586215528977658	0.20803572482725446	0.265978263472819	0.25262171238170594	0.6067454105236015	1.0	0.39602848820199626	0.41007469416202785	0.2112624238123118	1.0	0.3303566199334873	1.0	0.22070175734554015	1.0	1.0	0.1704076337758477	0.19611951210445905	0.20031728447537597	0.36578158149419904	0.19876653693592844	0.19826349614636007	1.0	1.0	0.18129799630044457	0.2776355700057295	1.0	0.5956139903256522	0.253406040065209	0.46959601155582775	0.23409585824789156
ko	1.0	0.28704270062320797	1.0	0.0	0.5214483485208983	0.17184346239312176	0.41749465588802515	0.3349780039831838	0.27320662987674893	0.32231553066707863	0.5041186619121745	1.0	0.351598955808329	0.3400036774069906	0.2614675498614317	0.3303566199334873	1.0	1.0	0.4108249199390905	1.0	1.0	0.22771843951791393	0.29218017410035296	0.31514867261936635	0.3928375313674676	0.29539985823150583	0.19469077013349917	1.0	1.0	0.20435332994794467	0.37292786706354086	1.0	0.6667969795412325	0.20787970981776457	0.46959601155582775	0.2361550893232387
lv	1.0	1.0	1.0	0.0	1.0	1.0	1.0	1.0	1.0	1.0	1.0	1.0	1.0	1.0	1.0	1.0	1.0	1.0	1.0	1.0	1.0	1.0	1.0	1.0	1.0	1.0	0.0	1.0	1.0	1.0	1.0	1.0	1.0	1.0	0.46959601155582775	1.0
mk	1.0	0.1724600989997998	1.0	1.0	1.0	0.12009024947547116	0.5020564859646652	0.3297878324158025	0.18293366283452572	0.23876536557436084	0.728099120889861	1.0	0.4835091018625081	0.43852809535509074	0.2011736299570294	0.22070175734554015	0.4108249199390905	1.0	1.0	1.0	1.0	0.1442407400813288	0.05547355053814305	0.05775642112863466	0.5985843316591738	0.05695052118143055	0.13311804006740144	1.0	1.0	0.09732391770108002	0.1977403806881417	1.0	0.7411828468492556	0.24181481085957537	0.46959601155582775	0.07935118570521733
ml	1.0	1.0	1.0	0.0	1.0	1.0	1.0	1.0	1.0	1.0	1.0	1.0	1.0	1.0	1.0	1.0	1.0	1.0	1.0	1.0	1.0	1.0	1.0	1.0	1.0	1.0	0.0	1.0	1.0	1.0	1.0	1.0	1.0	1.0	0.46959601155582775	1.0
mr	1.0	1.0	0.0	1.0	1.0	1.0	1.0	1.0	1.0	1.0	1.0	1.0	1.0	1.0	1.0	1.0	1.0	1.0	1.0	1.0	1.0	1.0	1.0	1.0	1.0	1.0	0.4702762018265766	1.0	0.5020797777427737	1.0	1.0	1.0	1.0	1.0	0.5020797777427737	1.0
nl	1.0	0.11555735574562037	1.0	1.0	0.7690990303325336	0.10593402451343792	0.23721669172732265	0.19510768698847722	0.15486702091634422	0.14176982367333985	0.5399594791710934	1.0	0.23390748764753858	0.2339045442967869	0.17237295557668159	0.1704076337758477	0.22771843951791393	1.0	0.1442407400813288	1.0	1.0	1.0	0.052639538834728744	0.05451450731423498	0.24733810862802919	0.053403426955173784	0.10507721462772081	1.0	1.0	0.08369858542027518	0.1766849677535784	1.0	0.5638631737911538	0.1857300767483337	0.46959601155582775	0.07301269168293945
pl	1.0	0.053456353363234226	1.0	1.0	1.0	0.08152763777902246	0.2857244444798558	0.13297820048576037	0.14740220698421466	0.06486241719430696	0.5955165283230671	1.0	0.3149955019499082	0.334957192658363	0.16479604141470577	0.19611951210445905	0.29218017410035296	1.0	0.05547355053814305	1.0	1.0	0.052639538834728744	1.0	0.04259005980728842	0.265711415615831	0.04158724310190482	0.05834079471726301	1.0	1.0	0.05018425944219387	0.1766978063875238	1.0	0.6740515375688696	0.1798015188616974	0.46959601155582775	0.0571082741604282
pt	1.0	0.05529745289396253	1.0	1.0	1.0	0.08145835820317802	0.3496231947958822	0.15378652497999828	0.15320352976151935	0.07493434082066348	0.6532002319725722	1.0	0.3627406107645752	0.39846456460113217	0.169256660393537	0.20031728447537597	0.31514867261936635	1.0	0.05775642112863466	1.0	1.0	0.05451450731423498	0.04259005980728842	1.0	0.2917474916749905	0.0432518646505268	0.062099965118389056	1.0	1.0	0.05160158990402057	0.19005291563687676	1.0	0.5669878784378083	0.1995763895618818	0.46959601155582775	0.06507014630922622
ro	1.0	0.30595701275710807	1.0	0.0	0.7433819825756591	0.15704801806428703	0.4795460040480868	0.3728831934272258	0.24049741974440553	0.3579385631959108	0.6811865648127575	1.0	0.45288122899731076	0.4000545757002311	0.2534677251579163	0.36578158149419904	0.3928375313674676	1.0	0.5985843316591738	1.0	1.0	0.24733810862802919	0.265711415615831	0.2917474916749905	1.0	0.28943106067831303	0.20282310004137108	1.0	0.7987225439086383	0.16444644445728818	0.28057390373888896	1.0	0.7390610764339782	0.24025714361537556	0.46959601155582775	0.18689432209887857
ru	1.0	0.05421959368377716	1.0	1.0	1.0	0.07927913720101776	0.3215882719797431	0.12583449410667796	0.15140431342864868	0.06650870693810527	0.36576093083618577	1.0	0.33264685339333355	0.34786466905177915	0.15240572411128614	0.19876653693592844	0.29539985823150583	1.0	0.05695052118143055	1.0	1.0	0.053403426955173784	0.04158724310190482	0.0432518646505268	0.28943106067831303	1.0	0.057954370377953666	1.0	1.0	0.050617347262392115	0.17599237296875694	1.0	0.5410166668895039	0.16799819968246393	0.46959601155582775	0.05933256660807296
sh	0.5660160774121898	0.11200918094700006	1.0	1.0	1.0	0.10585012410979414	0.20090729548583178	0.17306432695212265	0.13940204160019457	0.12756783420871767	0.33004164006351183	0.0	0.21309669185237334	0.2298772852714275	0.17556369983324252	0.19826349614636007	0.19469077013349917	0.0	0.13311804006740144	0.0	0.4702762018265766	0.10507721462772081	0.05834079471726301	0.062099965118389056	0.20282310004137108	0.057954370377953666	1.0	0.5020797777427737	1.0	0.08415107277988325	0.17559993274366328	0.5660160774121898	0.3116823087329523	0.15463699441265205	0.34366171150621483	0.07136730548027506
si	1.0	1.0	1.0	1.0	0.7863954451402115	1.0	1.0	1.0	1.0	1.0	1.0	1.0	1.0	1.0	1.0	1.0	1.0	1.0	1.0	1.0	1.0	1.0	1.0	1.0	1.0	1.0	0.5020797777427737	1.0	0.5020797777427737	1.0	1.0	1.0	1.0	1.0	1.0	1.0
simple	0.5660160774121898	0.7686211302775307	1.0	0.0	1.0	1.0	1.0	0.6461761095307312	1.0	0.4593250513036037	1.0	1.0	0.8216064286890065	0.5020797777427737	0.7690990303325336	1.0	1.0	1.0	1.0	1.0	0.5020797777427737	1.0	1.0	1.0	0.7987225439086383	1.0	1.0	0.5020797777427737	1.0	0.6983438190355966	0.5020797777427737	0.5660160774121898	0.4211617768911805	0.6972954930026792	0.3680869085641715	1.0
sr	1.0	0.0873404930332823	1.0	1.0	1.0	0.08831381095913278	0.18185106777555568	0.11888829752290353	0.11860335389264437	0.10063688333319391	0.728099120889861	1.0	0.19587511007160763	0.2244257729840987	0.15375989903677587	0.18129799630044457	0.20435332994794467	1.0	0.09732391770108002	1.0	1.0	0.08369858542027518	0.05018425944219387	0.05160158990402057	0.16444644445728818	0.050617347262392115	0.08415107277988325	1.0	0.6983438190355966	1.0	0.16215168662254037	1.0	0.7347168825662657	0.14247466019726301	0.46959601155582775	0.06691693096201255
sv	1.0	0.18468585551920055	1.0	1.0	1.0	0.16289947468302013	0.2997528014327149	0.2055384547065657	0.2585344283238698	0.1981085801615692	1.0	1.0	0.2681889285611762	0.36747921343576145	0.20933590343744943	0.2776355700057295	0.37292786706354086	1.0	0.1977403806881417	1.0	1.0	0.1766849677535784	0.1766978063875238	0.19005291563687676	0.28057390373888896	0.17599237296875694	0.17559993274366328	1.0	0.5020797777427737	0.16215168662254037	1.0	1.0	0.8240243516608119	0.22825688044367734	0.46959601155582775	0.21107488474222233
te	1.0	1.0	0.0	1.0	1.0	1.0	1.0	1.0	1.0	1.0	1.0	1.0	1.0	1.0	1.0	1.0	1.0	1.0	1.0	1.0	1.0	1.0	1.0	1.0	1.0	1.0	0.5660160774121898	1.0	0.5660160774121898	1.0	1.0	1.0	1.0	1.0	0.5660160774121898	1.0
tr	1.0	0.5782666595200692	-1.0	1.0	0.7510341748895939	0.6144532717435799	1.0	0.4858781723964137	0.5563428956371945	0.5956139903256522	0.7347168825662656	1.0	1.0	0.626740723042953	0.505247426535792	0.5956139903256522	0.6667969795412325	1.0	0.7411828468492556	1.0	1.0	0.5638631737911538	0.6740515375688696	0.5669878784378083	0.7390610764339782	0.5410166668895039	0.3116823087329523	1.0	0.4211617768911805	0.7347168825662657	0.8240243516608119	1.0	1.0	0.7376607345031153	0.46959601155582775	0.5930096192572855
vi	1.0	0.2067340628866986	1.0	0.0	0.7690990303325336	0.1380455733271994	0.2037065404265913	0.22051373688473563	0.1777829005332567	0.21439778266719153	0.42995415895150885	1.0	0.21766284523432006	0.24924012733294898	0.1774191305803542	0.253406040065209	0.20787970981776457	1.0	0.24181481085957537	1.0	1.0	0.1857300767483337	0.1798015188616974	0.1995763895618818	0.24025714361537556	0.16799819968246393	0.15463699441265205	1.0	0.6972954930026792	0.14247466019726301	0.22825688044367734	1.0	0.7376607345031153	1.0	0.46959601155582775	0.15599578849526932
war	0.5660160774121898	0.46959601155582775	1.0	0.46959601155582775	0.44650355581684187	0.46959601155582775	0.46959601155582775	0.46959601155582775	0.46959601155582775	0.46959601155582775	0.46959601155582775	0.46959601155582775	0.46959601155582775	0.46959601155582775	0.46959601155582775	0.46959601155582775	0.46959601155582775	0.46959601155582775	0.46959601155582775	0.46959601155582775	0.5020797777427737	0.46959601155582775	0.46959601155582775	0.46959601155582775	0.46959601155582775	0.46959601155582775	0.34366171150621483	1.0	0.3680869085641715	0.46959601155582775	0.46959601155582775	0.5660160774121898	0.46959601155582775	0.46959601155582775	1.0	0.46959601155582775
zh	1.0	0.07489471306626397	1.0	1.0	1.0	0.08829007839662645	0.27163746503429287	0.11424430694394493	0.1296168207007746	0.07597442304913783	0.5203541279884323	1.0	0.2743135356746232	0.34196325140900763	0.17961193826638722	0.23409585824789156	0.2361550893232387	1.0	0.07935118570521733	1.0	1.0	0.07301269168293945	0.0571082741604282	0.06507014630922622	0.18689432209887857	0.05933256660807296	0.07136730548027506	1.0	1.0	0.06691693096201255	0.21107488474222233	1.0	0.5930096192572855	0.15599578849526932	0.46959601155582775	1.0
