arz	bs	ceb	ckb	da	de	el	en	es	fr	he	hi	hu	id	it	ja	ko	lv	mk	ml	mr	nl	pl	pt	ro	ru	sh	si	simple	sr	sv	te	vi	war	zh
arz	1.0	1.0	0.0	0.0	0.0	1.0	0.0	1.0	1.0	0.4364916731037085	1.0	1.0	1.0	0.585786437626905	1.0	1.0	1.0	0.0	1.0	0.0	0.0	1.0	1.0	1.0	1.0	1.0	1.0	0.0	0.0	1.0	1.0	0.0	1.0	0.0	1.0
bs	1.0	1.0	1.0	1.0	0.585786437626905	0.3430703308172536	1.0	0.2240092377397959	0.5	0.3430703308172536	0.5	0.36602540378443865	1.0	0.5	0.38742588672279304	0.39564392373896007	0.585786437626905	1.0	0.585786437626905	0.585786437626905	0.0	0.3483314773547883	0.5	0.32449979983983984	0.44948974278317805	0.4142135623730951	0.3244997998398398	1.0	1.0	0.44948974278317805	0.44948974278317805	1.0	0.585786437626905	1.0	0.3430703308172536
ceb	0.0	1.0	1.0	0.0	1.0	1.0	0.0	1.0	1.0	1.0	1.0	1.0	1.0	1.0	1.0	1.0	1.0	1.0	1.0	1.0	0.0	1.0	1.0	1.0	1.0	1.0	1.0	1.0	1.0	1.0	1.0	0.0	1.0	1.0	1.0
ckb	0.0	1.0	0.0	1.0	0.585786437626905	0.585786437626905	1.0	1.0	1.0	1.0	1.0	1.0	1.0	1.0	0.585786437626905	1.0	1.0	1.0	0.0	1.0	1.0	0.5	1.0	1.0	1.0	1.0	1.0	1.0	1.0	1.0	1.0	1.0	1.0	0.585786437626905	1.0
da	0.0	0.585786437626905	1.0	0.585786437626905	1.0	0.05568943108294609	0.3090169943749474	0.020974001065001045	0.060587219392666335	0.0536018738739536	0.11200403626338669	0.28172904669025317	0.17706699104120874	0.1680402251638331	0.076167629195408	0.14118784806383944	0.1442970426795824	1.0	0.3430703308172536	0.39564392373896007	1.0	0.10509457981095244	0.1956579219005593	0.08623294947703568	0.18305599716292306	0.06525369081085204	0.2896929198442134	0.353889367864523	0.3483314773547883	0.21290885543182675	0.11482383924921312	1.0	0.15990865468516838	1.0	0.12247804808082567
de	1.0	0.3430703308172536	1.0	0.585786437626905	0.05568943108294609	1.0	0.36602540378443865	0.0036352133333940355	0.06001277011989484	0.01119633873184523	0.14328432723886902	0.29893508442482547	0.21551468935838852	0.05054887357421347	0.04896042730704401	0.13616022344521683	0.20521309615767266	0.585786437626905	0.5	0.44948974278317805	1.0	0.01939674137967176	0.14810840443363532	0.11169456803684231	0.15366717774838987	0.06412509207229446	0.16736577623297264	0.585786437626905	0.34833147735478825	0.22522719139308142	0.10676232268609791	1.0	0.2466060555964672	0.585786437626905	0.12880166769238752
el	0.0	1.0	0.0	1.0	0.3090169943749474	0.36602540378443865	1.0	0.15278212615814146	0.585786437626905	0.2372732414640341	1.0	1.0	1.0	0.24660605559646726	0.1918253663634734	1.0	1.0	1.0	1.0	1.0	1.0	0.2791745113185196	0.36602540378443865	1.0	0.4142135623730951	1.0	0.585786437626905	1.0	0.585786437626905	0.585786437626905	0.44948974278317805	1.0	1.0	0.585786437626905	1.0
en	1.0	0.2240092377397959	1.0	1.0	0.020974001065001045	0.0036352133333940355	0.15278212615814146	1.0	0.002000605500695812	0.004341077807368289	0.019844982236749135	0.056108524259789794	0.0637412378187119	0.0076370566767286876	0.004226089601801417	0.013601670252283489	0.06320008943779325	0.39564392373896007	0.16449072740645634	0.25728427444747215	0.5	0.006474669379965174	0.026549602211334858	0.003915275104864376	0.056808890822522516	0.0025930613415802305	0.09716438138183726	0.3090169943749474	0.11806459413856278	0.09841053500604391	0.02164729222131604	1.0	0.08484791726799674	0.5	0.005930236997668261
es	1.0	0.5	1.0	1.0	0.060587219392666335	0.06001277011989484	0.585786437626905	0.002000605500695812	1.0	0.003927428239977017	0.44948974278317805	0.5	0.585786437626905	0.027662194834044026	0.01725783907493986	0.38742588672279304	0.34833147735478825	1.0	1.0	1.0	1.0	0.025163183704628323	0.12060474667237929	0.16760090740494843	0.14459058185587106	0.16039776255003638	0.18464218557642828	0.585786437626905	0.24828371682826425	0.4142135623730951	0.09063489594175526	1.0	0.5	0.5	0.2553967929896867
fr	0.4364916731037085	0.3430703308172536	1.0	1.0	0.0536018738739536	0.01119633873184523	0.2372732414640341	0.004341077807368289	0.003927428239977017	1.0	0.0665676864530615	0.17025921636942778	0.14053719616945776	0.02071429906842591	0.00736698252230917	0.042502982531367466	0.09515296639388256	0.5	0.27429188517743175	0.585786437626905	1.0	0.01817789054067875	0.07587202491555001	0.020401658692860054	0.09733241836076989	0.006052113153540587	0.14118784806383944	0.5	0.3203772410170407	0.13522082160721285	0.07016493256421377	1.0	0.09877378474708	0.44948974278317805	0.03650566501701352
he	1.0	0.5	1.0	1.0	0.11200403626338669	0.14328432723886902	1.0	0.019844982236749135	0.44948974278317805	0.0665676864530615	1.0	1.0	1.0	0.1022029230031023	0.11072738900951977	1.0	1.0	1.0	1.0	1.0	1.0	0.08074089435751759	0.21209649407822986	0.4142135623730951	0.23441237831492112	1.0	0.32449979983983984	1.0	0.44948974278317805	0.36602540378443865	0.24336073281110826	1.0	1.0	0.585786437626905	1.0
hi	1.0	0.36602540378443865	1.0	1.0	0.28172904669025317	0.29893508442482547	1.0	0.056108524259789794	0.5	0.17025921636942778	1.0	1.0	1.0	0.1907435698305462	0.2402530733520421	1.0	1.0	1.0	1.0	1.0	1.0	0.2193450929151803	0.5	1.0	0.3203772410170407	1.0	0.3164309725825328	1.0	0.38742588672279304	0.585786437626905	0.3203772410170407	1.0	1.0	0.5	1.0
hu	1.0	1.0	1.0	1.0	0.17706699104120874	0.21551468935838852	1.0	0.0637412378187119	0.585786437626905	0.14053719616945776	1.0	1.0	1.0	0.17491720310721423	0.2193450929151803	1.0	1.0	1.0	1.0	1.0	1.0	0.1683604963286918	0.3333333333333333	1.0	0.2843646522044218	1.0	0.32449979983983984	1.0	1.0	1.0	0.2742918851774318	1.0	1.0	0.585786437626905	1.0
id	0.585786437626905	0.5	1.0	1.0	0.1680402251638331	0.05054887357421347	0.24660605559646726	0.0076370566767286876	0.027662194834044026	0.02071429906842591	0.1022029230031023	0.1907435698305462	0.17491720310721423	1.0	0.049625723289157826	0.13299282904102766	0.09567884436798357	0.5	0.3660254037844386	0.585786437626905	0.585786437626905	0.07408637782050695	0.12759338066860484	0.05281724709035532	0.11935106684539647	0.03514381644182622	0.179128784747792	0.5	0.26533119314590375	0.14962648227965267	0.12869959859918143	1.0	0.12809248424016279	0.5	0.05005271629168088
it	1.0	0.38742588672279304	1.0	0.585786437626905	0.076167629195408	0.04896042730704401	0.1918253663634734	0.004226089601801417	0.01725783907493986	0.00736698252230917	0.11072738900951977	0.2402530733520421	0.2193450929151803	0.049625723289157826	1.0	0.11484827991779242	0.12077134402462537	0.585786437626905	0.4142135623730951	1.0	0.5	0.051543441672263726	0.09608507269843874	0.04937260214570246	0.10510060395752727	0.016344394944303866	0.16666666666666666	0.585786437626905	0.27195617308673	0.17684258135111194	0.0852626363335064	1.0	0.1983555576735248	0.585786437626905	0.06766122451102935
ja	1.0	0.39564392373896007	1.0	1.0	0.14118784806383944	0.13616022344521683	1.0	0.013601670252283489	0.38742588672279304	0.042502982531367466	1.0	1.0	1.0	0.13299282904102766	0.11484827991779242	1.0	1.0	1.0	1.0	1.0	1.0	0.10151653489096339	0.28436465220442186	0.4142135623730951	0.23166247903554	1.0	0.2708131845707603	1.0	0.44948974278317805	0.585786437626905	0.1353162302316386	1.0	1.0	0.585786437626905	1.0
ko	1.0	0.585786437626905	1.0	1.0	0.1442970426795824	0.20521309615767266	1.0	0.06320008943779325	0.34833147735478825	0.09515296639388256	1.0	1.0	1.0	0.09567884436798357	0.12077134402462537	1.0	1.0	1.0	1.0	1.0	1.0	0.08032198946328882	0.25355482027512377	0.5	0.26533119314590375	1.0	0.34833147735478825	1.0	0.4142135623730951	0.5	0.28172904669025317	1.0	1.0	0.585786437626905	1.0
lv	0.0	1.0	1.0	1.0	1.0	0.585786437626905	1.0	0.39564392373896007	1.0	0.5	1.0	1.0	1.0	0.5	0.585786437626905	1.0	1.0	1.0	1.0	1.0	1.0	0.44948974278317805	0.585786437626905	1.0	1.0	1.0	1.0	1.0	0.5	1.0	0.585786437626905	1.0	1.0	0.585786437626905	1.0
mk	1.0	0.585786437626905	1.0	0.0	0.3430703308172536	0.5	1.0	0.16449072740645634	1.0	0.27429188517743175	1.0	1.0	1.0	0.3660254037844386	0.4142135623730951	1.0	1.0	1.0	1.0	1.0	1.0	0.38742588672279304	0.5	1.0	0.44948974278317805	1.0	0.4364916731037085	1.0	1.0	1.0	0.36602540378443865	1.0	1.0	1.0	1.0
ml	0.0	0.585786437626905	1.0	1.0	0.39564392373896007	0.44948974278317805	1.0	0.25728427444747215	1.0	0.585786437626905	1.0	1.0	1.0	0.585786437626905	1.0	1.0	1.0	1.0	1.0	1.0	1.0	0.2402530733520421	1.0	0.585786437626905	1.0	1.0	0.44948974278317805	1.0	0.4142135623730951	1.0	0.44948974278317805	1.0	1.0	0.585786437626905	1.0
mr	0.0	0.0	0.0	1.0	1.0	1.0	1.0	0.5	1.0	1.0	1.0	1.0	1.0	0.585786437626905	0.5	1.0	1.0	1.0	1.0	1.0	1.0	0.585786437626905	0.5	1.0	1.0	1.0	1.0	1.0	1.0	1.0	1.0	1.0	1.0	1.0	1.0
nl	1.0	0.3483314773547883	1.0	0.5	0.10509457981095244	0.01939674137967176	0.2791745113185196	0.006474669379965174	0.025163183704628323	0.01817789054067875	0.08074089435751759	0.2193450929151803	0.1683604963286918	0.07408637782050695	0.051543441672263726	0.10151653489096339	0.08032198946328882	0.44948974278317805	0.38742588672279304	0.2402530733520421	0.585786437626905	1.0	0.0946984122762256	0.029343196719914182	0.12700245497154075	0.02643173832610522	0.16096837086879873	0.39564392373896007	0.2134217799668342	0.15730101423796208	0.07468532257943519	1.0	0.1409155867112616	0.44948974278317805	0.0646160386274112
pl	1.0	0.5	1.0	1.0	0.1956579219005593	0.14810840443363532	0.36602540378443865	0.026549602211334858	0.12060474667237929	0.07587202491555001	0.21209649407822986	0.5	0.3333333333333333	0.12759338066860484	0.09608507269843874	0.28436465220442186	0.25355482027512377	0.585786437626905	0.5	1.0	0.5	0.0946984122762256	1.0	0.15894454156034005	0.19367338768973055	0.11862860236905322	0.3333333333333333	0.585786437626905	0.3333333333333333	0.34833147735478825	0.156234931905558	1.0	0.3660254037844386	0.585786437626905	0.17331935664757372
pt	1.0	0.32449979983983984	1.0	1.0	0.08623294947703568	0.11169456803684231	1.0	0.003915275104864376	0.16760090740494843	0.020401658692860054	0.4142135623730951	1.0	1.0	0.05281724709035532	0.04937260214570246	0.4142135623730951	0.5	1.0	1.0	0.585786437626905	1.0	0.029343196719914182	0.15894454156034005	1.0	0.14406356591851835	0.2898979485566356	0.18368518446174903	1.0	0.27429188517743175	0.3726822671238253	0.11920114329784455	1.0	1.0	0.585786437626905	0.3333333333333333
ro	1.0	0.44948974278317805	1.0	1.0	0.18305599716292306	0.15366717774838987	0.4142135623730951	0.056808890822522516	0.14459058185587106	0.09733241836076989	0.23441237831492112	0.3203772410170407	0.2843646522044218	0.11935106684539647	0.10510060395752727	0.23166247903554	0.26533119314590375	1.0	0.44948974278317805	1.0	1.0	0.12700245497154075	0.19367338768973055	0.14406356591851835	1.0	0.15493412373279505	0.24025307335204216	1.0	0.5	0.29893508442482547	0.2193450929151803	1.0	0.34833147735478825	1.0	0.1951941016011038
ru	1.0	0.4142135623730951	1.0	1.0	0.06525369081085204	0.06412509207229446	1.0	0.0025930613415802305	0.16039776255003638	0.006052113153540587	1.0	1.0	1.0	0.03514381644182622	0.016344394944303866	1.0	1.0	1.0	1.0	1.0	1.0	0.02643173832610522	0.11862860236905322	0.2898979485566356	0.15493412373279505	1.0	0.16330595576157622	1.0	0.2958163163244893	0.36602540378443865	0.07787224102952088	1.0	1.0	0.585786437626905	1.0
sh	1.0	0.3244997998398398	1.0	1.0	0.2896929198442134	0.16736577623297264	0.585786437626905	0.09716438138183726	0.18464218557642828	0.14118784806383944	0.32449979983983984	0.3164309725825328	0.32449979983983984	0.179128784747792	0.16666666666666666	0.2708131845707603	0.34833147735478825	1.0	0.4364916731037085	0.44948974278317805	1.0	0.16096837086879873	0.3333333333333333	0.18368518446174903	0.24025307335204216	0.16330595576157622	1.0	1.0	0.5	0.18001097668719743	0.27195617308673004	1.0	0.5	1.0	0.18368518446174903
si	0.0	1.0	1.0	1.0	0.353889367864523	0.585786437626905	1.0	0.3090169943749474	0.585786437626905	0.5	1.0	1.0	1.0	0.5	0.585786437626905	1.0	1.0	1.0	1.0	1.0	1.0	0.39564392373896007	0.585786437626905	1.0	1.0	1.0	1.0	1.0	0.5	1.0	1.0	1.0	1.0	1.0	1.0
simple	0.0	1.0	1.0	1.0	0.3483314773547883	0.34833147735478825	0.585786437626905	0.11806459413856278	0.24828371682826425	0.3203772410170407	0.44948974278317805	0.38742588672279304	1.0	0.26533119314590375	0.27195617308673	0.44948974278317805	0.4142135623730951	0.5	1.0	0.4142135623730951	1.0	0.2134217799668342	0.3333333333333333	0.27429188517743175	0.5	0.2958163163244893	0.5	0.5	1.0	0.44948974278317805	0.34833147735478825	1.0	0.3660254037844386	0.44948974278317805	0.23441237831492112
sr	1.0	0.44948974278317805	1.0	1.0	0.21290885543182675	0.22522719139308142	0.585786437626905	0.09841053500604391	0.4142135623730951	0.13522082160721285	0.36602540378443865	0.585786437626905	1.0	0.14962648227965267	0.17684258135111194	0.585786437626905	0.5	1.0	1.0	1.0	1.0	0.15730101423796208	0.34833147735478825	0.3726822671238253	0.29893508442482547	0.36602540378443865	0.18001097668719743	1.0	0.44948974278317805	1.0	0.29893508442482547	1.0	0.585786437626905	0.585786437626905	0.5
sv	1.0	0.44948974278317805	1.0	1.0	0.11482383924921312	0.10676232268609791	0.44948974278317805	0.02164729222131604	0.09063489594175526	0.07016493256421377	0.24336073281110826	0.3203772410170407	0.2742918851774318	0.12869959859918143	0.0852626363335064	0.1353162302316386	0.28172904669025317	0.585786437626905	0.36602540378443865	0.44948974278317805	1.0	0.07468532257943519	0.156234931905558	0.11920114329784455	0.2193450929151803	0.07787224102952088	0.27195617308673004	1.0	0.34833147735478825	0.29893508442482547	1.0	0.585786437626905	0.26968623182294527	0.585786437626905	0.13879564861321142
te	0.0	1.0	0.0	1.0	1.0	1.0	1.0	1.0	1.0	1.0	1.0	1.0	1.0	1.0	1.0	1.0	1.0	1.0	1.0	1.0	1.0	1.0	1.0	1.0	1.0	1.0	1.0	1.0	1.0	1.0	0.585786437626905	1.0	1.0	1.0	1.0
vi	1.0	0.585786437626905	1.0	1.0	0.15990865468516838	0.2466060555964672	1.0	0.08484791726799674	0.5	0.09877378474708	1.0	1.0	1.0	0.12809248424016279	0.1983555576735248	1.0	1.0	1.0	1.0	1.0	1.0	0.1409155867112616	0.3660254037844386	1.0	0.34833147735478825	1.0	0.5	1.0	0.3660254037844386	0.585786437626905	0.26968623182294527	1.0	1.0	0.585786437626905	1.0
war	0.0	1.0	1.0	0.585786437626905	1.0	0.585786437626905	0.585786437626905	0.5	0.5	0.44948974278317805	0.585786437626905	0.5	0.585786437626905	0.5	0.585786437626905	0.585786437626905	0.585786437626905	0.585786437626905	1.0	0.585786437626905	1.0	0.44948974278317805	0.585786437626905	0.585786437626905	1.0	0.585786437626905	1.0	1.0	0.44948974278317805	0.585786437626905	0.585786437626905	1.0	0.585786437626905	1.0	0.585786437626905
zh	1.0	0.3430703308172536	1.0	1.0	0.12247804808082567	0.12880166769238752	1.0	0.005930236997668261	0.2553967929896867	0.03650566501701352	1.0	1.0	1.0	0.05005271629168088	0.06766122451102935	1.0	1.0	1.0	1.0	1.0	1.0	0.0646160386274112	0.17331935664757372	0.3333333333333333	0.1951941016011038	1.0	0.18368518446174903	1.0	0.23441237831492112	0.5	0.13879564861321142	1.0	1.0	0.585786437626905	1.0
