arz	bs	ceb	ckb	da	de	el	en	es	fr	he	hi	hu	id	it	ja	ko	lv	mk	ml	mr	nl	pl	pt	ro	ru	sh	si	simple	sr	sv	te	vi	war	zh
arz	1.0	0.39882052199308915	1.0	1.0	0.4137272893868722	0.7028911840705586	1.0	0.22789938213546784	0.7026445955663437	0.40219621867507677	1.0	1.0	0.43620332983873766	0.4359893308299912	0.48799211194548847	1.0	1.0	1.0	1.0	1.0	1.0	0.45217672878263815	0.4320694682764582	0.34809584397871896	0.37506004534074533	1.0	0.4826748590327213	1.0	0.5882745708346903	1.0	0.39248295761229474	1.0	0.35438000054084784	1.0	1.0
bs	0.39882052199308915	1.0	0.32009644555937034	0.7347168825662656	0.18837592058757563	0.22786341900407	0.22962710945987125	0.1993497818368489	0.21854064892377514	0.24102805406227987	0.23316542232076382	0.27995531453584865	0.2142822990803552	0.22144043911502068	0.21525749956529622	0.2299309505735064	0.23950021845780747	0.27747132285248466	0.277123172528346	0.4350129267605622	0.6023380116311116	0.23382097732058776	0.23152431548023608	0.2377139119921971	0.20475559275980623	0.23396315467452505	0.17299287714617514	1.0	0.22418086081100116	0.2212474552337289	0.21895148210590132	1.0	0.2132325652631746	0.2717390122119504	0.23396315467452505
ceb	1.0	0.32009644555937034	1.0	1.0	0.21734303060452428	0.30055038830495345	0.6980834559209265	0.12677847142066428	0.270593649165928	0.16300525259004114	0.6962087343736194	1.0	0.18357736756762658	0.23856065372680196	0.16218979657330151	1.0	1.0	0.5160932035169441	1.0	1.0	1.0	0.2185598117748805	0.2522436829121709	0.21703180947732173	0.20989204713495813	0.6124147336651972	0.2512090085310445	1.0	0.46104514388530643	0.6982344021713169	0.15895241671887508	1.0	0.25863441884193095	1.0	1.0
ckb	1.0	0.7347168825662656	1.0	1.0	0.6589257440209709	1.0	1.0	0.522566967355438	1.0	0.6487871090048528	1.0	1.0	0.6532002319725722	0.5439643649946704	0.5836411018279245	1.0	1.0	1.0	1.0	1.0	1.0	0.7189258117174849	0.7199285383279772	0.6084370696808219	0.49836975130840955	1.0	1.0	1.0	0.728099120889861	1.0	0.6102470946685322	1.0	0.6568318202362041	1.0	1.0
da	0.4137272893868722	0.18837592058757563	0.21734303060452428	0.6589257440209709	1.0	0.12415773975988113	0.16857743675561826	0.0989361380612425	0.12660432487064036	0.10761331635633979	0.13092263442805968	0.21040436655741873	0.111908389828068	0.13250188878634925	0.10852746069425578	0.13559666105520052	0.15153318841589036	0.18846757166107886	0.21095481403625546	0.23470614547092847	0.40894939235708	0.11953110145864254	0.12112049241828073	0.11420650619600753	0.13746943976476753	0.13059449756657113	0.11295224019201533	0.7322034805959263	0.1634286169627608	0.15660632087316667	0.10426694888493761	0.6613284256191824	0.12937432741669452	0.2247488194436223	0.14290168460418584
de	0.7028911840705586	0.22786341900407	0.30055038830495345	1.0	0.12415773975988113	1.0	0.20622300901914287	0.05665360538205792	0.07252248547685057	0.05462030314899695	0.20330618580085155	0.5138351530701012	0.09273362275165062	0.0977336482919824	0.05937672046500247	0.1886449155905023	0.28161477645008354	0.25287439034173953	0.37175201843577366	0.5737273367224119	0.6347195024507915	0.07229096329471241	0.07691940281649742	0.07269896539708	0.12784752469500504	0.11484550792866172	0.09227373346782089	1.0	0.19393774491031715	0.2931527413644041	0.07103974498490966	0.7199285383279772	0.12363418968057081	0.6234621568568567	0.1696788170102317
el	1.0	0.22962710945987125	0.6980834559209265	1.0	0.16857743675561826	0.20622300901914287	1.0	0.10470205204202429	0.17645325616932536	0.1288707617015165	1.0	1.0	0.14332149456393017	0.16279031479509506	0.1123404615593457	1.0	1.0	0.45125324580319875	1.0	1.0	1.0	0.14408387093163902	0.14261422542474228	0.16279096467837548	0.166362929676437	1.0	0.1358251534236723	1.0	0.2826942256462974	0.6926859289439793	0.13608480765291942	1.0	0.21743255080034993	1.0	1.0
en	0.22789938213546784	0.1993497818368489	0.12677847142066428	0.522566967355438	0.0989361380612425	0.05665360538205792	0.10470205204202429	1.0	0.06466984605535177	0.052656442640914555	0.10062607763922785	0.19043154224101408	0.07349647515611916	0.07688916840856827	0.05652839722384378	0.1012660678610919	0.11710884076268238	0.18920711159168224	0.15040132793019367	0.2208625227283926	0.4219931511206777	0.0620173476047621	0.06731884965233301	0.06215977019601834	0.09610497276164244	0.08845513099520656	0.07407505754867619	0.5592952729441708	0.14682016536952042	0.11066694324099823	0.06219872332605593	0.6122131884607099	0.08715418862462465	0.22527106054816717	0.10127220001682641
es	0.7026445955663437	0.21854064892377514	0.270593649165928	1.0	0.12660432487064036	0.07252248547685057	0.17645325616932536	0.06466984605535177	1.0	0.05688617238638479	0.18465410707965585	0.43510909100674516	0.09179420177207286	0.09888978204636815	0.06320772724645726	0.15449899615243984	0.23025668178604974	0.2544114615878665	0.42519514156903804	0.43276563335434914	0.7079259635809066	0.0785674072819121	0.07935398393727795	0.06961168168503565	0.12758846808396837	0.10462730943040585	0.08736217087652846	1.0	0.19702438897761365	0.2243584881143396	0.06930908769714485	1.0	0.11968726664803445	0.49552586109632263	0.17097631188869306
fr	0.40219621867507677	0.24102805406227987	0.16300525259004114	0.6487871090048528	0.10761331635633979	0.05462030314899695	0.1288707617015165	0.052656442640914555	0.05688617238638479	1.0	0.11023382500558457	0.2678016177354526	0.07722595594653738	0.08111489214774177	0.05369496334937612	0.10008992712865829	0.15601650586401444	0.22346369091238713	0.21598285975332088	0.2769533850017334	0.5707686735827486	0.06069206110764525	0.06343022037732234	0.05951802440609359	0.11261733370895023	0.07644077176455819	0.07555514820241975	1.0	0.1573378196864496	0.13215173619756512	0.06116737028676978	0.7199285383279772	0.0955309722137865	0.35536323140673126	0.09937609564218326
he	1.0	0.23316542232076382	0.6962087343736194	1.0	0.13092263442805968	0.20330618580085155	1.0	0.10062607763922785	0.18465410707965585	0.11023382500558457	1.0	1.0	0.12166512639521772	0.10680307682228109	0.10774088175903354	1.0	1.0	0.268844705799834	1.0	1.0	1.0	0.13372824392074034	0.1562146758141988	0.12880542375097542	0.15899635322236508	0.6866280438138874	0.12607955578872207	1.0	0.23054573082940344	0.6133263652383122	0.11152947037650472	1.0	0.17183757494175034	0.7026445955663441	1.0
hi	1.0	0.27995531453584865	1.0	1.0	0.21040436655741873	0.5138351530701012	1.0	0.19043154224101408	0.43510909100674516	0.2678016177354526	1.0	1.0	0.2917737518657265	0.27171890292405143	0.25566741737357906	1.0	1.0	0.2991768117548743	1.0	1.0	1.0	0.40515543980978697	0.33150522802642196	0.3258734716911436	0.25528061907057287	1.0	0.21519199206932688	1.0	0.30180100581489494	1.0	0.24404329322029839	1.0	0.31934550260555944	1.0	1.0
hu	0.43620332983873766	0.2142822990803552	0.18357736756762658	0.6532002319725722	0.111908389828068	0.09273362275165062	0.14332149456393017	0.07349647515611916	0.09179420177207286	0.07722595594653738	0.12166512639521772	0.2917737518657265	1.0	0.09807722509275608	0.07627099848654013	0.11037647456130183	0.14049287488218098	0.21974008913526116	0.2656924194828319	0.2270937496289235	0.4840910560491449	0.08751923940335636	0.08617990605003509	0.08555522237074943	0.12531305087235983	0.104088416282606	0.09194131266694121	1.0	0.16748621186378906	0.153416072319142	0.08308027935949121	0.7300208629885034	0.1172208516981458	0.26829689636790044	0.11602188390934831
id	0.4359893308299912	0.22144043911502068	0.23856065372680196	0.5439643649946704	0.13250188878634925	0.0977336482919824	0.16279031479509506	0.07688916840856827	0.09888978204636815	0.08111489214774177	0.10680307682228109	0.27171890292405143	0.09807722509275608	1.0	0.07700011345260074	0.12320529857211622	0.17065754750147666	0.19939791626228043	0.2591926769541316	0.30205850119736555	0.3825755042232953	0.0990689019646916	0.09898040323125204	0.09045821299244299	0.12430871453675331	0.10552207961822735	0.09919571487160296	0.728099120889861	0.21125492140750837	0.14674118144767492	0.0879205057315371	0.6667969795412325	0.10982349159915203	0.3727910847417761	0.12313627413976962
it	0.48799211194548847	0.21525749956529622	0.16218979657330151	0.5836411018279245	0.10852746069425578	0.05937672046500247	0.1123404615593457	0.05652839722384378	0.06320772724645726	0.05369496334937612	0.10774088175903354	0.25566741737357906	0.07627099848654013	0.07700011345260074	1.0	0.10161401871797854	0.13509508173403426	0.2179673281769254	0.23648869309086556	0.2847892722865914	0.5910055389828529	0.061580585298608485	0.06803800172903175	0.05988742334665356	0.09658840007335184	0.07410748920562352	0.07569847612675518	0.7248485669756152	0.16151826095697921	0.13372433498794767	0.060479140592594335	1.0	0.10513100134979125	0.36769053390446943	0.10230907763277608
ja	1.0	0.2299309505735064	1.0	1.0	0.13559666105520052	0.1886449155905023	1.0	0.1012660678610919	0.15449899615243984	0.10008992712865829	1.0	1.0	0.11037647456130183	0.12320529857211622	0.10161401871797854	1.0	1.0	0.2693847415128982	1.0	1.0	1.0	0.12209850756491332	0.14917689926029748	0.11461184880733559	0.15666360173018382	1.0	0.12018094444009228	1.0	0.2133199645396884	0.6131849866518172	0.09730682797304448	1.0	0.15729320755079865	0.7021690135599068	1.0
ko	1.0	0.23950021845780747	1.0	1.0	0.15153318841589036	0.28161477645008354	1.0	0.11710884076268238	0.23025668178604974	0.15601650586401444	1.0	1.0	0.14049287488218098	0.17065754750147666	0.13509508173403426	1.0	1.0	0.277962655301652	1.0	1.0	1.0	0.17438391466938538	0.19815413880498156	0.15516019347330456	0.16510796800632407	1.0	0.13834104430348373	1.0	0.24364545969815282	0.692917832839993	0.1386022070418993	1.0	0.2108231578277737	1.0	1.0
lv	1.0	0.27747132285248466	0.5160932035169441	1.0	0.18846757166107886	0.25287439034173953	0.45125324580319875	0.18920711159168224	0.2544114615878665	0.22346369091238713	0.268844705799834	0.2991768117548743	0.21974008913526116	0.19939791626228043	0.2179673281769254	0.2693847415128982	0.277962655301652	1.0	0.4749749104856629	0.5407143907130932	0.7155258672934655	0.23618600645326182	0.23246455739853608	0.23264786595981776	0.21399861023821543	0.26481399539138084	0.18136310983201415	1.0	0.31059327665531156	0.27440203576582023	0.20934090186296406	1.0	0.2334508064174137	0.5644357969129769	0.2703540004889699
mk	1.0	0.277123172528346	1.0	1.0	0.21095481403625546	0.37175201843577366	1.0	0.15040132793019367	0.42519514156903804	0.21598285975332088	1.0	1.0	0.2656924194828319	0.2591926769541316	0.23648869309086556	1.0	1.0	0.4749749104856629	1.0	1.0	1.0	0.3717585975181804	0.333008936848992	0.29217332814105845	0.24043279674316875	1.0	0.2363707872690918	1.0	0.40721639997706854	1.0	0.2132811797786873	1.0	0.3065924940370174	1.0	1.0
ml	1.0	0.4350129267605622	1.0	1.0	0.23470614547092847	0.5737273367224119	1.0	0.2208625227283926	0.43276563335434914	0.2769533850017334	1.0	1.0	0.2270937496289235	0.30205850119736555	0.2847892722865914	1.0	1.0	0.5407143907130932	1.0	1.0	1.0	0.33666454670893825	0.3067184525003428	0.32028548607113005	0.2529461868354047	1.0	0.20769666620780522	1.0	0.39601282900464135	1.0	0.2502761306391894	1.0	0.3097281293906288	1.0	1.0
mr	1.0	0.6023380116311116	1.0	1.0	0.40894939235708	0.6347195024507915	1.0	0.4219931511206777	0.7079259635809066	0.5707686735827486	1.0	1.0	0.4840910560491449	0.3825755042232953	0.5910055389828529	1.0	1.0	0.7155258672934655	1.0	1.0	1.0	0.6364353709769033	0.7087564131141617	0.5006845334685547	0.38563422441514017	1.0	0.36103750237585036	1.0	0.433378519543504	1.0	0.5624020363072971	1.0	0.5864757944710037	1.0	1.0
nl	0.45217672878263815	0.23382097732058776	0.2185598117748805	0.7189258117174849	0.11953110145864254	0.07229096329471241	0.14408387093163902	0.0620173476047621	0.0785674072819121	0.06069206110764525	0.13372824392074034	0.40515543980978697	0.08751923940335636	0.0990689019646916	0.061580585298608485	0.12209850756491332	0.17438391466938538	0.23618600645326182	0.3717585975181804	0.33666454670893825	0.6364353709769033	1.0	0.08426319630823323	0.07088227592289442	0.12955318609938082	0.0937842969574261	0.08697700706866487	1.0	0.18567587082196557	0.18168578970684438	0.07121903778007788	1.0	0.12288197398930342	0.34894128333339164	0.13118002739366266
pl	0.4320694682764582	0.23152431548023608	0.2522436829121709	0.7199285383279772	0.12112049241828073	0.07691940281649742	0.14261422542474228	0.06731884965233301	0.07935398393727795	0.06343022037732234	0.1562146758141988	0.33150522802642196	0.08617990605003509	0.09898040323125204	0.06803800172903175	0.14917689926029748	0.19815413880498156	0.23246455739853608	0.333008936848992	0.3067184525003428	0.7087564131141617	0.08426319630823323	1.0	0.07439903282181534	0.1323229299586906	0.09515204764610331	0.08869323571343275	1.0	0.1827818377393217	0.20377418901242572	0.07641638778108294	0.7221793916855703	0.13112353398621185	0.3956117469251184	0.14263246283483832
pt	0.34809584397871896	0.2377139119921971	0.21703180947732173	0.6084370696808219	0.11420650619600753	0.07269896539708	0.16279096467837548	0.06215977019601834	0.06961168168503565	0.05951802440609359	0.12880542375097542	0.3258734716911436	0.08555522237074943	0.09045821299244299	0.05988742334665356	0.11461184880733559	0.15516019347330456	0.23264786595981776	0.29217332814105845	0.32028548607113005	0.5006845334685547	0.07088227592289442	0.07439903282181534	1.0	0.12063301837811813	0.09132521019431314	0.08616540842153672	0.7248485669756152	0.17663026032794243	0.16792668894694146	0.0656275929415809	1.0	0.1203407108070269	0.4439437559316748	0.12827040392006
ro	0.37506004534074533	0.20475559275980623	0.20989204713495813	0.49836975130840955	0.13746943976476753	0.12784752469500504	0.166362929676437	0.09610497276164244	0.12758846808396837	0.11261733370895023	0.15899635322236508	0.25528061907057287	0.12531305087235983	0.12430871453675331	0.09658840007335184	0.15666360173018382	0.16510796800632407	0.21399861023821543	0.24043279674316875	0.2529461868354047	0.38563422441514017	0.12955318609938082	0.1323229299586906	0.12063301837811813	1.0	0.13415780290593798	0.12008031561363894	0.3985371830837068	0.18613131983880865	0.14009612140855884	0.11542462507870065	0.7376607345031153	0.13454842189773975	0.23126584267807998	0.1534936709932681
ru	1.0	0.23396315467452505	0.6124147336651972	1.0	0.13059449756657113	0.11484550792866172	1.0	0.08845513099520656	0.10462730943040585	0.07644077176455819	0.6866280438138874	1.0	0.104088416282606	0.10552207961822735	0.07410748920562352	1.0	1.0	0.26481399539138084	1.0	1.0	1.0	0.0937842969574261	0.09515204764610331	0.09132521019431314	0.13415780290593798	1.0	0.10213171891587197	1.0	0.20772762886228027	0.6109092988072496	0.08312624563196573	1.0	0.14563956260828342	0.7014961547481128	1.0
sh	0.4826748590327213	0.17299287714617514	0.2512090085310445	1.0	0.11295224019201533	0.09227373346782089	0.1358251534236723	0.07407505754867619	0.08736217087652846	0.07555514820241975	0.12607955578872207	0.21519199206932688	0.09194131266694121	0.09919571487160296	0.07569847612675518	0.12018094444009228	0.13834104430348373	0.18136310983201415	0.2363707872690918	0.20769666620780522	0.36103750237585036	0.08697700706866487	0.08869323571343275	0.08616540842153672	0.12008031561363894	0.10213171891587197	1.0	1.0	0.1826649208072231	0.12877006135540522	0.08784582008008006	0.39740733051235566	0.1306220955681033	0.27641548169131075	0.12231936600130897
si	1.0	1.0	1.0	1.0	0.7322034805959263	1.0	1.0	0.5592952729441708	1.0	1.0	1.0	1.0	1.0	0.728099120889861	0.7248485669756152	1.0	1.0	1.0	1.0	1.0	1.0	1.0	1.0	0.7248485669756152	0.3985371830837068	1.0	1.0	1.0	0.6248466930879271	1.0	0.6667969795412325	1.0	0.394280886381459	1.0	1.0
simple	0.5882745708346903	0.22418086081100116	0.46104514388530643	0.728099120889861	0.1634286169627608	0.19393774491031715	0.2826942256462974	0.14682016536952042	0.19702438897761365	0.1573378196864496	0.23054573082940344	0.30180100581489494	0.16748621186378906	0.21125492140750837	0.16151826095697921	0.2133199645396884	0.24364545969815282	0.31059327665531156	0.40721639997706854	0.39601282900464135	0.433378519543504	0.18567587082196557	0.1827818377393217	0.17663026032794243	0.18613131983880865	0.20772762886228027	0.1826649208072231	0.6248466930879271	1.0	0.2784199495992697	0.18618993589014465	1.0	0.2080713170615694	0.3899877843564529	0.20907933362280737
sr	1.0	0.2212474552337289	0.6982344021713169	1.0	0.15660632087316667	0.2931527413644041	0.6926859289439793	0.11066694324099823	0.2243584881143396	0.13215173619756512	0.6133263652383122	1.0	0.153416072319142	0.14674118144767492	0.13372433498794767	0.6131849866518172	0.692917832839993	0.27440203576582023	1.0	1.0	1.0	0.18168578970684438	0.20377418901242572	0.16792668894694146	0.14009612140855884	0.6109092988072496	0.12877006135540522	1.0	0.2784199495992697	1.0	0.15224882782256122	1.0	0.23377970331985184	0.7026445955663441	0.6129098098439166
sv	0.39248295761229474	0.21895148210590132	0.15895241671887508	0.6102470946685322	0.10426694888493761	0.07103974498490966	0.13608480765291942	0.06219872332605593	0.06930908769714485	0.06116737028676978	0.11152947037650472	0.24404329322029839	0.08308027935949121	0.0879205057315371	0.060479140592594335	0.09730682797304448	0.1386022070418993	0.20934090186296406	0.2132811797786873	0.2502761306391894	0.5624020363072971	0.07121903778007788	0.07641638778108294	0.0656275929415809	0.11542462507870065	0.08312624563196573	0.08784582008008006	0.6667969795412325	0.18618993589014465	0.15224882782256122	1.0	0.7263875964832448	0.11398043176253758	0.39666285234042264	0.11617163696027678
te	1.0	1.0	1.0	1.0	0.6613284256191824	0.7199285383279772	1.0	0.6122131884607099	1.0	0.7199285383279772	1.0	1.0	0.7300208629885034	0.6667969795412325	1.0	1.0	1.0	1.0	1.0	1.0	1.0	1.0	0.7221793916855703	1.0	0.7376607345031153	1.0	0.39740733051235566	1.0	1.0	1.0	0.7263875964832448	1.0	1.0	1.0	1.0
vi	0.35438000054084784	0.2132325652631746	0.25863441884193095	0.6568318202362041	0.12937432741669452	0.12363418968057081	0.21743255080034993	0.08715418862462465	0.11968726664803445	0.0955309722137865	0.17183757494175034	0.31934550260555944	0.1172208516981458	0.10982349159915203	0.10513100134979125	0.15729320755079865	0.2108231578277737	0.2334508064174137	0.3065924940370174	0.3097281293906288	0.5864757944710037	0.12288197398930342	0.13112353398621185	0.1203407108070269	0.13454842189773975	0.14563956260828342	0.1306220955681033	0.394280886381459	0.2080713170615694	0.23377970331985184	0.11398043176253758	1.0	1.0	0.3710147127326556	0.1680676691504688
war	1.0	0.2717390122119504	1.0	1.0	0.2247488194436223	0.6234621568568567	1.0	0.22527106054816717	0.49552586109632263	0.35536323140673126	0.7026445955663441	1.0	0.26829689636790044	0.3727910847417761	0.36769053390446943	0.7021690135599068	1.0	0.5644357969129769	1.0	1.0	1.0	0.34894128333339164	0.3956117469251184	0.4439437559316748	0.23126584267807998	0.7014961547481128	0.27641548169131075	1.0	0.3899877843564529	0.7026445955663441	0.39666285234042264	1.0	0.3710147127326556	1.0	0.7019395434758631
zh	1.0	0.23396315467452505	1.0	1.0	0.14290168460418584	0.1696788170102317	1.0	0.10127220001682641	0.17097631188869306	0.09937609564218326	1.0	1.0	0.11602188390934831	0.12313627413976962	0.10230907763277608	1.0	1.0	0.2703540004889699	1.0	1.0	1.0	0.13118002739366266	0.14263246283483832	0.12827040392006	0.1534936709932681	1.0	0.12231936600130897	1.0	0.20907933362280737	0.6129098098439166	0.11617163696027678	1.0	0.1680676691504688	0.7019395434758631	1.0
