arz	bs	ceb	ckb	da	de	el	en	es	fr	he	hi	hu	id	it	ja	ko	lv	mk	ml	mr	nl	pl	pt	ro	ru	sh	si	simple	sr	sv	te	tr	vi	war	zh
arz	1.0	1.0	0.0	1.0	1.0	1.0	1.0	1.0	1.0	1.0	1.0	1.0	1.0	1.0	1.0	1.0	1.0	1.0	1.0	1.0	1.0	1.0	1.0	1.0	1.0	1.0	1.0	1.0	1.0	1.0	1.0	1.0	1.0	1.0	1.0	1.0
bs	1.0	1.0	1.0	1.0	0.2738140097226314	0.07576926003828614	0.3430703308172536	0.08378465193261753	0.08359385670635884	0.0811154337497063	0.32449979983983984	0.4142135623730951	0.3164309725825328	0.1870063141819459	0.10643709365540627	0.08322831934547538	0.2402530733520421	0.44948974278317805	0.32449979983983984	0.2958163163244893	1.0	0.2965577961021877	0.077577787895424	0.07583767869121315	0.3483314773547883	0.07097516209812862	0.4142135623730951	1.0	0.11903778225210335	0.30216947925196225	0.20942771453851886	0.585786437626905	0.11166930467137946	0.09955860450094073	1.0	0.10815240673485556
ceb	0.0	1.0	1.0	0.0	1.0	1.0	0.0	1.0	1.0	1.0	1.0	1.0	1.0	1.0	1.0	1.0	1.0	1.0	1.0	1.0	0.0	1.0	1.0	1.0	1.0	1.0	1.0	1.0	1.0	1.0	1.0	0.0	-1.0	1.0	1.0	1.0
ckb	1.0	1.0	0.0	1.0	1.0	1.0	1.0	0.5	1.0	0.585786437626905	1.0	1.0	1.0	0.585786437626905	1.0	1.0	1.0	1.0	1.0	1.0	1.0	0.5	1.0	1.0	1.0	1.0	1.0	1.0	1.0	1.0	1.0	1.0	1.0	1.0	1.0	1.0
da	1.0	0.2738140097226314	1.0	1.0	1.0	0.10726551229183891	0.585786437626905	0.10085848375471054	0.12042964510098489	0.15152465998484302	0.19803190560151412	0.2612038749637414	0.3266316347104093	0.12426760162192092	0.1641578031773953	0.14423856110165292	0.2402530733520421	0.3483314773547883	0.22547340809847535	0.36602540378443865	0.585786437626905	0.07825605837917862	0.1258598687865995	0.12229149233183337	0.21168228640203476	0.12105862717760289	0.2791745113185196	1.0	0.15524514321872404	0.2708131845707603	0.15055118584555924	0.4364916731037085	0.2928060946961875	0.27429188517743175	1.0	0.1763964909601683
de	1.0	0.07576926003828614	1.0	1.0	0.10726551229183891	1.0	0.5	0.02694106085838206	0.025319162326075093	0.02176108334963962	0.3266316347104093	0.28989794855663564	0.44948974278317805	0.07241091470815184	0.028913031048194263	0.1023021629920016	0.353889367864523	0.20667002165921458	0.39564392373896007	0.3164309725825328	1.0	0.02924233979101463	0.020918536444049063	0.032124427455797425	0.2112836809049332	0.029679568112883848	0.16789255102025138	1.0	0.08469522541937761	0.11562659600676829	0.08896573374101731	0.5	0.18261013188966888	0.25355482027512377	1.0	0.15166765990992354
el	1.0	0.3430703308172536	0.0	1.0	0.585786437626905	0.5	1.0	0.23166247903554	0.4364916731037085	0.5	1.0	1.0	1.0	0.39564392373896007	0.585786437626905	1.0	1.0	1.0	1.0	1.0	1.0	0.21712927295533244	1.0	0.585786437626905	1.0	1.0	1.0	1.0	0.585786437626905	1.0	1.0	1.0	0.5	1.0	1.0	1.0
en	1.0	0.08378465193261753	1.0	0.5	0.10085848375471054	0.02694106085838206	0.23166247903554	1.0	0.023762972455161364	0.03525663880614468	0.17151308576402147	0.21604850763119507	0.18151291824946006	0.05821391013818004	0.04740691421437142	0.03367268931519257	0.1274942921283477	0.17157897617942527	0.2474401533514073	0.16440202257687123	1.0	0.08885508148839646	0.020768417037505336	0.019555499559203965	0.1466975047788371	0.018742540310523248	0.1446364156577915	1.0	0.05303334273882192	0.07443169141997918	0.0437828195332205	0.39564392373896007	0.10255309943860091	0.04951743591976281	0.585786437626905	0.03796551580782591
es	1.0	0.08359385670635884	1.0	1.0	0.12042964510098489	0.025319162326075093	0.4364916731037085	0.023762972455161364	1.0	0.023243074490884086	0.3090169943749474	0.35388936786452296	0.32449979983983984	0.054301672930398545	0.02928341965485842	0.10429940919118673	0.2284989041564256	0.20853024656698455	0.4364916731037085	0.3090169943749474	1.0	0.02375548085037954	0.023094158913089257	0.029953440969407438	0.19131806299047208	0.06087446675333972	0.15254668993850584	1.0	0.06341951997404975	0.1241283442935048	0.11314851472808217	0.39564392373896007	0.18660549686337075	0.20521309615767266	1.0	0.17491720310721423
fr	1.0	0.0811154337497063	1.0	0.585786437626905	0.15152465998484302	0.02176108334963962	0.5	0.03525663880614468	0.023243074490884086	1.0	0.30216947925196225	1.0	1.0	0.04987132813446847	0.02864421391557211	0.08741024545287546	0.2791745113185196	0.193373824568466	0.585786437626905	0.5	1.0	0.06497631239647043	0.020303166040581296	0.024205381913452652	0.2063099139372659	0.023724986522923458	0.15894454156034005	1.0	0.06629482615488629	0.18853348821810398	0.0941565579699576	0.5	0.15621645517097552	0.1975496259559987	1.0	0.08774150312283868
he	1.0	0.32449979983983984	1.0	1.0	0.19803190560151412	0.3266316347104093	1.0	0.17151308576402147	0.3090169943749474	0.30216947925196225	1.0	1.0	1.0	0.25	0.44948974278317805	1.0	1.0	0.5	1.0	1.0	1.0	0.07975273732457805	0.5	0.36602540378443865	0.28989794855663564	1.0	0.39564392373896007	1.0	0.3660254037844386	1.0	0.585786437626905	1.0	0.585786437626905	1.0	1.0	1.0
hi	1.0	0.4142135623730951	1.0	1.0	0.2612038749637414	0.28989794855663564	1.0	0.21604850763119507	0.35388936786452296	1.0	1.0	1.0	1.0	0.3164309725825328	0.39564392373896007	1.0	1.0	0.5	1.0	1.0	1.0	0.11920114329784455	1.0	0.39564392373896007	0.28989794855663564	1.0	0.39564392373896007	1.0	0.4142135623730951	1.0	1.0	1.0	1.0	1.0	1.0	1.0
hu	1.0	0.3164309725825328	1.0	1.0	0.3266316347104093	0.44948974278317805	1.0	0.18151291824946006	0.32449979983983984	1.0	1.0	1.0	1.0	0.2958163163244893	0.25824569976124334	1.0	1.0	0.5	1.0	1.0	1.0	0.07018705615754596	0.44948974278317805	0.3333333333333333	0.23497542908541053	1.0	0.353889367864523	1.0	0.36602540378443865	0.585786437626905	1.0	1.0	1.0	1.0	1.0	1.0
id	1.0	0.1870063141819459	1.0	0.585786437626905	0.12426760162192092	0.07241091470815184	0.39564392373896007	0.05821391013818004	0.054301672930398545	0.04987132813446847	0.25	0.3164309725825328	0.2958163163244893	1.0	0.09826107263485902	0.09791669611140554	0.18030816435569247	0.25824569976124334	0.3164309725825328	0.32449979983983984	1.0	0.06979976362517022	0.05072204414403501	0.05561598320561654	0.21331887166009167	0.06739292652544907	0.28436465220442186	1.0	0.098756896608251	0.18687239958484345	0.0993398695915664	0.5	0.18333466834154644	0.11917711421067116	1.0	0.1097859053299371
it	1.0	0.10643709365540627	1.0	1.0	0.1641578031773953	0.028913031048194263	0.585786437626905	0.04740691421437142	0.02928341965485842	0.02864421391557211	0.44948974278317805	0.39564392373896007	0.25824569976124334	0.09826107263485902	1.0	0.09727289981363046	0.2063099139372659	0.1847345768202308	1.0	0.4142135623730951	1.0	0.058105201708926114	0.027693086986539613	0.027791638412091365	0.1879678224791977	0.030258650127808758	0.2187841884486319	1.0	0.10194376537229796	0.0976265964013075	0.07018554470876343	0.5	0.15473372600536658	0.0862279374069287	1.0	0.07091110940247479
ja	1.0	0.08322831934547538	1.0	1.0	0.14423856110165292	0.1023021629920016	1.0	0.03367268931519257	0.10429940919118673	0.08741024545287546	1.0	1.0	1.0	0.09791669611140554	0.09727289981363046	1.0	1.0	0.3333333333333333	1.0	1.0	1.0	0.033728252151940925	0.09827947022548751	0.179128784747792	0.23497542908541053	1.0	0.3430703308172536	1.0	0.09885408209576929	0.3090169943749474	0.44948974278317805	1.0	0.3164309725825328	1.0	1.0	1.0
ko	1.0	0.2402530733520421	1.0	1.0	0.2402530733520421	0.353889367864523	1.0	0.1274942921283477	0.2284989041564256	0.2791745113185196	1.0	1.0	1.0	0.18030816435569247	0.2063099139372659	1.0	1.0	0.5	1.0	1.0	1.0	0.06412509207229446	0.2958163163244893	0.2958163163244893	0.23497542908541053	1.0	0.39564392373896007	1.0	0.2708131845707603	0.5	1.0	1.0	0.32449979983983984	1.0	1.0	1.0
lv	1.0	0.44948974278317805	1.0	1.0	0.3483314773547883	0.20667002165921458	1.0	0.17157897617942527	0.20853024656698455	0.193373824568466	0.5	0.5	0.5	0.25824569976124334	0.1847345768202308	0.3333333333333333	0.5	1.0	0.5	0.585786437626905	1.0	0.11319001068470806	0.1993282389565501	0.18918978423401064	0.27429188517743175	0.19803190560151412	0.2958163163244893	1.0	0.2958163163244893	0.3333333333333333	0.21209649407822986	0.585786437626905	0.36602540378443865	0.585786437626905	1.0	0.3090169943749474
mk	1.0	0.32449979983983984	1.0	1.0	0.22547340809847535	0.39564392373896007	1.0	0.2474401533514073	0.4364916731037085	0.585786437626905	1.0	1.0	1.0	0.3164309725825328	1.0	1.0	1.0	0.5	1.0	1.0	1.0	0.11748264768180318	1.0	0.585786437626905	0.4364916731037085	1.0	0.5	1.0	0.4142135623730951	1.0	0.585786437626905	1.0	1.0	1.0	1.0	1.0
ml	1.0	0.2958163163244893	1.0	1.0	0.36602540378443865	0.3164309725825328	1.0	0.16440202257687123	0.3090169943749474	0.5	1.0	1.0	1.0	0.32449979983983984	0.4142135623730951	1.0	1.0	0.585786437626905	1.0	1.0	1.0	0.10589757606331061	1.0	0.5	0.5	1.0	0.585786437626905	1.0	0.4142135623730951	0.585786437626905	0.585786437626905	1.0	0.3430703308172536	1.0	1.0	1.0
mr	1.0	1.0	0.0	1.0	0.585786437626905	1.0	1.0	1.0	1.0	1.0	1.0	1.0	1.0	1.0	1.0	1.0	1.0	1.0	1.0	1.0	1.0	1.0	1.0	1.0	1.0	1.0	1.0	1.0	1.0	1.0	1.0	1.0	1.0	1.0	1.0	1.0
nl	1.0	0.2965577961021877	1.0	0.5	0.07825605837917862	0.02924233979101463	0.21712927295533244	0.08885508148839646	0.02375548085037954	0.06497631239647043	0.07975273732457805	0.11920114329784455	0.07018705615754596	0.06979976362517022	0.058105201708926114	0.033728252151940925	0.06412509207229446	0.11319001068470806	0.11748264768180318	0.10589757606331061	1.0	1.0	0.023227616038160433	0.01920291861309021	0.0875617264164731	0.018351771135099018	0.10560939961621672	0.585786437626905	0.052594895933952474	0.04197113930398703	0.03509283115981764	0.1345119598232219	0.0722497397912967	0.04287268600683819	1.0	0.036369875319520024
pl	1.0	0.077577787895424	1.0	1.0	0.1258598687865995	0.020918536444049063	1.0	0.020768417037505336	0.023094158913089257	0.020303166040581296	0.5	1.0	0.44948974278317805	0.05072204414403501	0.027693086986539613	0.09827947022548751	0.2958163163244893	0.1993282389565501	1.0	1.0	1.0	0.023227616038160433	1.0	0.03870555748248372	0.22089743039640725	0.02825549469751877	0.15225881209433406	1.0	0.06074917960555028	0.17711495448636852	0.11862860236905322	0.585786437626905	0.20521309615767264	0.1856154626682773	1.0	0.13175168477671106
pt	1.0	0.07583767869121315	1.0	1.0	0.12229149233183337	0.032124427455797425	0.585786437626905	0.019555499559203965	0.029953440969407438	0.024205381913452652	0.36602540378443865	0.39564392373896007	0.3333333333333333	0.05561598320561654	0.027791638412091365	0.179128784747792	0.2958163163244893	0.18918978423401064	0.585786437626905	0.5	1.0	0.01920291861309021	0.03870555748248372	1.0	0.20556698930866926	0.0841574507023534	0.1514336172974683	1.0	0.0784113366811234	0.19110197239803534	0.12559973033820798	0.4364916731037085	0.18496477948239431	0.28989794855663564	1.0	0.15395385841142586
ro	1.0	0.3483314773547883	1.0	1.0	0.21168228640203476	0.2112836809049332	1.0	0.1466975047788371	0.19131806299047208	0.2063099139372659	0.28989794855663564	0.28989794855663564	0.23497542908541053	0.21331887166009167	0.1879678224791977	0.23497542908541053	0.23497542908541053	0.27429188517743175	0.4364916731037085	0.5	1.0	0.0875617264164731	0.22089743039640725	0.20556698930866926	1.0	0.20521309615767264	0.29268883762519254	1.0	0.23845042223198504	0.2247374001956026	0.2624194006537738	0.4364916731037085	0.28989794855663564	0.4364916731037085	1.0	0.23497542908541053
ru	1.0	0.07097516209812862	1.0	1.0	0.12105862717760289	0.029679568112883848	1.0	0.018742540310523248	0.06087446675333972	0.023724986522923458	1.0	1.0	1.0	0.06739292652544907	0.030258650127808758	1.0	1.0	0.19803190560151412	1.0	1.0	1.0	0.018351771135099018	0.02825549469751877	0.0841574507023534	0.20521309615767264	1.0	0.23371479611805132	1.0	0.07588492018124043	0.27429188517743175	0.2222222222222222	1.0	0.20658711810431302	1.0	1.0	1.0
sh	1.0	0.4142135623730951	1.0	1.0	0.2791745113185196	0.16789255102025138	1.0	0.1446364156577915	0.15254668993850584	0.15894454156034005	0.39564392373896007	0.39564392373896007	0.353889367864523	0.28436465220442186	0.2187841884486319	0.3430703308172536	0.39564392373896007	0.2958163163244893	0.5	0.585786437626905	1.0	0.10560939961621672	0.15225881209433406	0.1514336172974683	0.29268883762519254	0.23371479611805132	1.0	1.0	0.2140399820990234	0.2553967929896867	0.3090169943749474	0.4364916731037085	0.3726822671238253	0.4364916731037085	1.0	0.27429188517743175
si	1.0	1.0	1.0	1.0	1.0	1.0	1.0	1.0	1.0	1.0	1.0	1.0	1.0	1.0	1.0	1.0	1.0	1.0	1.0	1.0	1.0	0.585786437626905	1.0	1.0	1.0	1.0	1.0	1.0	1.0	1.0	1.0	1.0	1.0	1.0	1.0	1.0
simple	1.0	0.11903778225210335	1.0	1.0	0.15524514321872404	0.08469522541937761	0.585786437626905	0.05303334273882192	0.06341951997404975	0.06629482615488629	0.3660254037844386	0.4142135623730951	0.36602540378443865	0.098756896608251	0.10194376537229796	0.09885408209576929	0.2708131845707603	0.2958163163244893	0.4142135623730951	0.4142135623730951	1.0	0.052594895933952474	0.06074917960555028	0.0784113366811234	0.23845042223198504	0.07588492018124043	0.2140399820990234	1.0	1.0	0.19204411937679794	0.16189424969836874	0.36602540378443865	0.16870812046433467	0.1987625491245426	1.0	0.11508435698262105
sr	1.0	0.30216947925196225	1.0	1.0	0.2708131845707603	0.11562659600676829	1.0	0.07443169141997918	0.1241283442935048	0.18853348821810398	1.0	1.0	0.585786437626905	0.18687239958484345	0.0976265964013075	0.3090169943749474	0.5	0.3333333333333333	1.0	0.585786437626905	1.0	0.04197113930398703	0.17711495448636852	0.19110197239803534	0.2247374001956026	0.27429188517743175	0.2553967929896867	1.0	0.19204411937679794	1.0	0.44948974278317805	1.0	0.3797958971132712	0.585786437626905	1.0	0.36602540378443865
sv	1.0	0.20942771453851886	1.0	1.0	0.15055118584555924	0.08896573374101731	1.0	0.0437828195332205	0.11314851472808217	0.0941565579699576	0.585786437626905	1.0	1.0	0.0993398695915664	0.07018554470876343	0.44948974278317805	1.0	0.21209649407822986	0.585786437626905	0.585786437626905	1.0	0.03509283115981764	0.11862860236905322	0.12559973033820798	0.2624194006537738	0.2222222222222222	0.3090169943749474	1.0	0.16189424969836874	0.44948974278317805	1.0	1.0	0.3660254037844386	0.3090169943749474	1.0	0.5
te	1.0	0.585786437626905	0.0	1.0	0.4364916731037085	0.5	1.0	0.39564392373896007	0.39564392373896007	0.5	1.0	1.0	1.0	0.5	0.5	1.0	1.0	0.585786437626905	1.0	1.0	1.0	0.1345119598232219	0.585786437626905	0.4364916731037085	0.4364916731037085	1.0	0.4364916731037085	1.0	0.36602540378443865	1.0	1.0	1.0	0.5	1.0	1.0	1.0
tr	1.0	0.11166930467137946	-1.0	1.0	0.2928060946961875	0.18261013188966888	0.5	0.10255309943860091	0.18660549686337075	0.15621645517097552	0.585786437626905	1.0	1.0	0.18333466834154644	0.15473372600536658	0.3164309725825328	0.32449979983983984	0.36602540378443865	1.0	0.3430703308172536	1.0	0.0722497397912967	0.20521309615767264	0.18496477948239431	0.28989794855663564	0.20658711810431302	0.3726822671238253	1.0	0.16870812046433467	0.3797958971132712	0.3660254037844386	0.5	1.0	0.32449979983983984	1.0	0.2222222222222222
vi	1.0	0.09955860450094073	1.0	1.0	0.27429188517743175	0.25355482027512377	1.0	0.04951743591976281	0.20521309615767266	0.1975496259559987	1.0	1.0	1.0	0.11917711421067116	0.0862279374069287	1.0	1.0	0.585786437626905	1.0	1.0	1.0	0.04287268600683819	0.1856154626682773	0.28989794855663564	0.4364916731037085	1.0	0.4364916731037085	1.0	0.1987625491245426	0.585786437626905	0.3090169943749474	1.0	0.32449979983983984	1.0	1.0	1.0
war	1.0	1.0	1.0	1.0	1.0	1.0	1.0	0.585786437626905	1.0	1.0	1.0	1.0	1.0	1.0	1.0	1.0	1.0	1.0	1.0	1.0	1.0	1.0	1.0	1.0	1.0	1.0	1.0	1.0	1.0	1.0	1.0	1.0	1.0	1.0	1.0	1.0
zh	1.0	0.10815240673485556	1.0	1.0	0.1763964909601683	0.15166765990992354	1.0	0.03796551580782591	0.17491720310721423	0.08774150312283868	1.0	1.0	1.0	0.1097859053299371	0.07091110940247479	1.0	1.0	0.3090169943749474	1.0	1.0	1.0	0.036369875319520024	0.13175168477671106	0.15395385841142586	0.23497542908541053	1.0	0.27429188517743175	1.0	0.11508435698262105	0.36602540378443865	0.5	1.0	0.2222222222222222	1.0	1.0	1.0
