arz	bs	ceb	ckb	da	de	el	en	es	fr	he	hi	hu	id	it	ja	ko	lv	mk	ml	mr	nl	pl	pt	ro	ru	sh	si	simple	sr	sv	te	vi	war	zh
arz	1.0	1.0	0.0	0.0	0.0	1.0	0.0	0.5	1.0	1.0	1.0	1.0	1.0	1.0	0.5	1.0	1.0	0.0	1.0	0.0	0.0	1.0	1.0	1.0	1.0	1.0	1.0	0.0	0.0	1.0	1.0	0.0	1.0	0.0	1.0
bs	1.0	1.0	1.0	1.0	0.38742588672279304	0.3266316347104093	0.585786437626905	0.1827439976315568	0.27429188517743175	0.31451985913875646	0.5	0.5	0.585786437626905	0.3380788308512194	0.44948974278317805	0.3333333333333333	0.585786437626905	0.585786437626905	1.0	0.585786437626905	0.0	0.35388936786452296	0.3726822671238253	0.2857142857142857	0.39564392373896007	0.28172904669025317	0.28989794855663564	0.585786437626905	0.585786437626905	0.44948974278317805	0.5	1.0	0.585786437626905	0.585786437626905	0.5
ceb	0.0	1.0	1.0	0.0	1.0	1.0	0.0	1.0	1.0	1.0	1.0	1.0	1.0	1.0	1.0	1.0	1.0	1.0	1.0	1.0	0.0	1.0	1.0	1.0	1.0	1.0	1.0	1.0	1.0	1.0	1.0	0.0	1.0	1.0	1.0
ckb	0.0	1.0	0.0	1.0	1.0	1.0	1.0	0.44948974278317805	1.0	0.4364916731037085	1.0	1.0	1.0	0.4142135623730951	1.0	1.0	1.0	1.0	0.0	1.0	1.0	0.585786437626905	1.0	1.0	0.585786437626905	1.0	0.585786437626905	1.0	1.0	1.0	1.0	1.0	1.0	1.0	1.0
da	0.0	0.38742588672279304	1.0	1.0	1.0	0.09589483406117029	0.28172904669025317	0.03469814070324516	0.10544195386031766	0.07941729890758414	0.19675422795565728	0.3090169943749474	0.26968623182294527	0.19329916803145003	0.148748395941096	0.2070518364164892	0.22584440001865322	0.585786437626905	0.44948974278317805	0.4142135623730951	1.0	0.1243816703152181	0.1779738764024757	0.1325878204191017	0.1886378647726465	0.0931498710889353	0.3660254037844386	0.4142135623730951	0.27429188517743175	0.22522719139308142	0.09895118063595479	1.0	0.22772999919644132	0.5	0.16089167649473737
de	1.0	0.3266316347104093	1.0	1.0	0.09589483406117029	1.0	0.3660254037844386	0.0036982206707790294	0.06150899438398844	0.011332274531849536	0.1482675827043134	0.3660254037844386	0.2402530733520421	0.04573800023722284	0.039030985430517584	0.15815511491062575	0.24336073281110826	0.585786437626905	1.0	0.585786437626905	0.585786437626905	0.030822136464037204	0.1652960191502465	0.0886934023844345	0.13376861264017992	0.07106697550006981	0.21189498187560254	1.0	0.26533119314590375	0.27429188517743175	0.0928738597209727	1.0	0.24660605559646726	1.0	0.10827081397113054
el	0.0	0.585786437626905	0.0	1.0	0.28172904669025317	0.3660254037844386	1.0	0.18030816435569247	0.44948974278317805	0.20894541729001367	1.0	1.0	1.0	0.2449655295864104	0.33333333333333326	1.0	1.0	1.0	1.0	1.0	1.0	0.3333333333333333	0.38742588672279304	0.585786437626905	0.38742588672279304	1.0	0.38742588672279304	1.0	0.585786437626905	1.0	0.5	1.0	1.0	1.0	1.0
en	0.5	0.1827439976315568	1.0	0.44948974278317805	0.03469814070324516	0.0036982206707790294	0.18030816435569247	1.0	0.001991663045655037	0.004433518315323881	0.012121125451673995	0.07725398996314783	0.0699282315778089	0.007034030291912135	0.004301531868912131	0.00958758775787665	0.04853691421557005	0.585786437626905	0.2025519956555797	0.32449979983983984	0.4364916731037085	0.006853670527089685	0.027571074621376215	0.004046425032543799	0.04233736476758904	0.002459264290628556	0.07363541661537217	0.38742588672279304	0.11177870331193913	0.06331009414535939	0.021640611170299997	1.0	0.086510009420556	0.5	0.004849691470385288
es	1.0	0.27429188517743175	1.0	1.0	0.10544195386031766	0.06150899438398844	0.44948974278317805	0.001991663045655037	1.0	0.0042222218554407885	0.4142135623730951	0.44948974278317805	0.5	0.025005209975425668	0.012672419433612423	0.3660254037844386	0.5	1.0	1.0	1.0	1.0	0.035162200603255984	0.16879264089884097	0.16484708315636032	0.12671020163537874	0.21290885543182675	0.16343625225507505	0.585786437626905	0.18528919924132578	0.3090169943749474	0.08925475599708337	1.0	0.4142135623730951	0.585786437626905	0.2989350844248255
fr	1.0	0.31451985913875646	1.0	0.4364916731037085	0.07941729890758414	0.011332274531849536	0.20894541729001367	0.004433518315323881	0.0042222218554407885	1.0	0.07737921899655216	0.18151291824946006	0.15072240113145766	0.016009407528764966	0.007209179962677242	0.04818175019945642	0.07397551097385276	0.5	0.3090169943749474	0.26533119314590375	1.0	0.017883852053184473	0.09049875621120891	0.014526196676696045	0.08209580590978625	0.006003162584237343	0.1410515095283613	0.44948974278317805	0.21712927295533244	0.13367660240019172	0.060051130502043144	1.0	0.13289604462775584	0.585786437626905	0.03969836639152738
he	1.0	0.5	1.0	1.0	0.19675422795565728	0.1482675827043134	1.0	0.012121125451673995	0.4142135623730951	0.07737921899655216	1.0	1.0	1.0	0.11189119247086729	0.08621624608134518	1.0	1.0	1.0	1.0	1.0	1.0	0.10222770489491162	0.3203772410170407	0.585786437626905	0.23166247903554	1.0	0.32449979983983984	1.0	0.2674788903885893	0.5	0.20799159651347807	1.0	1.0	1.0	1.0
hi	1.0	0.5	1.0	1.0	0.3090169943749474	0.3660254037844386	1.0	0.07725398996314783	0.44948974278317805	0.18151291824946006	1.0	1.0	1.0	0.23166247903554	0.20742607609621763	1.0	1.0	1.0	1.0	1.0	1.0	0.16597681693032765	0.5	0.585786437626905	0.2742918851774318	1.0	0.5	1.0	0.39564392373896007	0.5	0.22966848451216434	1.0	1.0	0.585786437626905	1.0
hu	1.0	0.585786437626905	1.0	1.0	0.26968623182294527	0.2402530733520421	1.0	0.0699282315778089	0.5	0.15072240113145766	1.0	1.0	1.0	0.19292728076790167	0.1442970426795824	1.0	1.0	1.0	1.0	1.0	1.0	0.20942771453851886	0.4142135623730951	1.0	0.2958163163244893	1.0	0.4142135623730951	1.0	0.39564392373896007	0.585786437626905	0.28436465220442186	1.0	1.0	1.0	1.0
id	1.0	0.3380788308512194	1.0	0.4142135623730951	0.19329916803145003	0.04573800023722284	0.2449655295864104	0.007034030291912135	0.025005209975425668	0.016009407528764966	0.11189119247086729	0.23166247903554	0.19292728076790167	1.0	0.0493041246375225	0.09137185396260815	0.10703588113477672	0.5	0.39564392373896007	0.30216947925196225	1.0	0.06831381863304263	0.11244755145625523	0.03690957677311096	0.11299715797401816	0.032808380172246056	0.2070518364164892	0.3430703308172536	0.23441237831492112	0.14700913454621645	0.11333958282795976	1.0	0.1652960191502465	1.0	0.0366640841451692
it	0.5	0.44948974278317805	1.0	1.0	0.148748395941096	0.039030985430517584	0.33333333333333326	0.004301531868912131	0.012672419433612423	0.007209179962677242	0.08621624608134518	0.20742607609621763	0.1442970426795824	0.0493041246375225	1.0	0.11282329985847067	0.09883111928509877	0.585786437626905	0.2402530733520421	0.36602540378443865	1.0	0.0378459169054654	0.10805797139448853	0.030036544004151563	0.09890772657493047	0.011123616665374814	0.1815129182494601	0.5	0.25728427444747215	0.14201473202245876	0.07390688054638109	1.0	0.21712927295533244	0.585786437626905	0.04874883894659032
ja	1.0	0.3333333333333333	1.0	1.0	0.2070518364164892	0.15815511491062575	1.0	0.00958758775787665	0.3660254037844386	0.04818175019945642	1.0	1.0	1.0	0.09137185396260815	0.11282329985847067	1.0	1.0	1.0	1.0	1.0	1.0	0.1073347183361824	0.4142135623730951	0.44948974278317805	0.25	1.0	0.34833147735478825	1.0	0.3333333333333333	0.38742588672279304	0.17011071785351697	1.0	1.0	1.0	1.0
ko	1.0	0.585786437626905	1.0	1.0	0.22584440001865322	0.24336073281110826	1.0	0.04853691421557005	0.5	0.07397551097385276	1.0	1.0	1.0	0.10703588113477672	0.09883111928509877	1.0	1.0	1.0	1.0	1.0	1.0	0.1061833935595602	0.3660254037844386	0.44948974278317805	0.22901628833426058	1.0	0.27429188517743175	1.0	0.3333333333333333	0.585786437626905	0.15894454156034005	1.0	1.0	1.0	1.0
lv	0.0	0.585786437626905	1.0	1.0	0.585786437626905	0.585786437626905	1.0	0.585786437626905	1.0	0.5	1.0	1.0	1.0	0.5	0.585786437626905	1.0	1.0	1.0	1.0	1.0	1.0	1.0	0.585786437626905	1.0	0.5	1.0	1.0	1.0	0.585786437626905	1.0	0.585786437626905	1.0	1.0	1.0	1.0
mk	1.0	1.0	1.0	0.0	0.44948974278317805	1.0	1.0	0.2025519956555797	1.0	0.3090169943749474	1.0	1.0	1.0	0.39564392373896007	0.2402530733520421	1.0	1.0	1.0	1.0	1.0	1.0	0.32449979983983984	0.585786437626905	1.0	0.585786437626905	1.0	1.0	1.0	0.39564392373896007	0.5	0.585786437626905	1.0	1.0	1.0	1.0
ml	0.0	0.585786437626905	1.0	1.0	0.4142135623730951	0.585786437626905	1.0	0.32449979983983984	1.0	0.26533119314590375	1.0	1.0	1.0	0.30216947925196225	0.36602540378443865	1.0	1.0	1.0	1.0	1.0	1.0	0.32449979983983984	1.0	1.0	1.0	1.0	0.585786437626905	1.0	0.5	1.0	0.3430703308172536	1.0	1.0	1.0	1.0
mr	0.0	0.0	0.0	1.0	1.0	0.585786437626905	1.0	0.4364916731037085	1.0	1.0	1.0	1.0	1.0	1.0	1.0	1.0	1.0	1.0	1.0	1.0	1.0	0.585786437626905	1.0	1.0	1.0	1.0	1.0	1.0	1.0	1.0	1.0	1.0	1.0	1.0	1.0
nl	1.0	0.35388936786452296	1.0	0.585786437626905	0.1243816703152181	0.030822136464037204	0.3333333333333333	0.006853670527089685	0.035162200603255984	0.017883852053184473	0.10222770489491162	0.16597681693032765	0.20942771453851886	0.06831381863304263	0.0378459169054654	0.1073347183361824	0.1061833935595602	1.0	0.32449979983983984	0.32449979983983984	0.585786437626905	1.0	0.1184396622494735	0.05014115617701545	0.1066711843869598	0.02642566110523097	0.1907435698305462	0.5	0.22646721143623746	0.15548737703860027	0.08716735013745404	1.0	0.15309887413431528	0.4364916731037085	0.06270355841592007
pl	1.0	0.3726822671238253	1.0	1.0	0.1779738764024757	0.1652960191502465	0.38742588672279304	0.027571074621376215	0.16879264089884097	0.09049875621120891	0.3203772410170407	0.5	0.4142135623730951	0.11244755145625523	0.10805797139448853	0.4142135623730951	0.3660254037844386	0.585786437626905	0.585786437626905	1.0	1.0	0.1184396622494735	1.0	0.2553967929896867	0.1951941016011038	0.14285714285714285	0.38742588672279304	1.0	0.32037724101704074	0.4142135623730951	0.20386840968093525	1.0	0.44948974278317805	1.0	0.21089672205953397
pt	1.0	0.2857142857142857	1.0	1.0	0.1325878204191017	0.0886934023844345	0.585786437626905	0.004046425032543799	0.16484708315636032	0.014526196676696045	0.585786437626905	0.585786437626905	1.0	0.03690957677311096	0.030036544004151563	0.44948974278317805	0.44948974278317805	1.0	1.0	1.0	1.0	0.05014115617701545	0.2553967929896867	1.0	0.12178632452799958	0.3333333333333333	0.1987625491245426	1.0	0.23582845781094	0.3660254037844386	0.09459512457653878	1.0	0.585786437626905	1.0	0.3430703308172536
ro	1.0	0.39564392373896007	1.0	0.585786437626905	0.1886378647726465	0.13376861264017992	0.38742588672279304	0.04233736476758904	0.12671020163537874	0.08209580590978625	0.23166247903554	0.2742918851774318	0.2958163163244893	0.11299715797401816	0.09890772657493047	0.25	0.22901628833426058	0.5	0.585786437626905	1.0	1.0	0.1066711843869598	0.1951941016011038	0.12178632452799958	1.0	0.11301265260956161	0.28172904669025317	1.0	0.44948974278317805	0.24987545631004474	0.18305599716292306	1.0	0.25728427444747215	1.0	0.15295783961613652
ru	1.0	0.28172904669025317	1.0	1.0	0.0931498710889353	0.07106697550006981	1.0	0.002459264290628556	0.21290885543182675	0.006003162584237343	1.0	1.0	1.0	0.032808380172246056	0.011123616665374814	1.0	1.0	1.0	1.0	1.0	1.0	0.02642566110523097	0.14285714285714285	0.3333333333333333	0.11301265260956161	1.0	0.17176743283130236	1.0	0.23800671553691075	0.3333333333333333	0.0746228737646761	1.0	1.0	0.585786437626905	1.0
sh	1.0	0.28989794855663564	1.0	0.585786437626905	0.3660254037844386	0.21189498187560254	0.38742588672279304	0.07363541661537217	0.16343625225507505	0.1410515095283613	0.32449979983983984	0.5	0.4142135623730951	0.2070518364164892	0.1815129182494601	0.34833147735478825	0.27429188517743175	1.0	1.0	0.585786437626905	1.0	0.1907435698305462	0.38742588672279304	0.1987625491245426	0.28172904669025317	0.17176743283130236	1.0	1.0	0.3090169943749474	0.1987625491245426	0.3660254037844386	1.0	0.5	1.0	0.25355482027512377
si	0.0	0.585786437626905	1.0	1.0	0.4142135623730951	1.0	1.0	0.38742588672279304	0.585786437626905	0.44948974278317805	1.0	1.0	1.0	0.3430703308172536	0.5	1.0	1.0	1.0	1.0	1.0	1.0	0.5	1.0	1.0	1.0	1.0	1.0	1.0	0.5	1.0	0.5	1.0	1.0	1.0	1.0
simple	0.0	0.585786437626905	1.0	1.0	0.27429188517743175	0.26533119314590375	0.585786437626905	0.11177870331193913	0.18528919924132578	0.21712927295533244	0.2674788903885893	0.39564392373896007	0.39564392373896007	0.23441237831492112	0.25728427444747215	0.3333333333333333	0.3333333333333333	0.585786437626905	0.39564392373896007	0.5	1.0	0.22646721143623746	0.32037724101704074	0.23582845781094	0.44948974278317805	0.23800671553691075	0.3090169943749474	0.5	1.0	0.3164309725825328	0.28989794855663564	1.0	0.5	0.585786437626905	0.21712927295533244
sr	1.0	0.44948974278317805	1.0	1.0	0.22522719139308142	0.27429188517743175	1.0	0.06331009414535939	0.3090169943749474	0.13367660240019172	0.5	0.5	0.585786437626905	0.14700913454621645	0.14201473202245876	0.38742588672279304	0.585786437626905	1.0	0.5	1.0	1.0	0.15548737703860027	0.4142135623730951	0.3660254037844386	0.24987545631004474	0.3333333333333333	0.1987625491245426	1.0	0.3164309725825328	1.0	0.23874775399470893	1.0	0.585786437626905	1.0	0.44948974278317805
sv	1.0	0.5	1.0	1.0	0.09895118063595479	0.0928738597209727	0.5	0.021640611170299997	0.08925475599708337	0.060051130502043144	0.20799159651347807	0.22966848451216434	0.28436465220442186	0.11333958282795976	0.07390688054638109	0.17011071785351697	0.15894454156034005	0.585786437626905	0.585786437626905	0.3430703308172536	1.0	0.08716735013745404	0.20386840968093525	0.09459512457653878	0.18305599716292306	0.0746228737646761	0.3660254037844386	0.5	0.28989794855663564	0.23874775399470893	1.0	0.585786437626905	0.26533119314590375	0.585786437626905	0.10911115445599888
te	0.0	1.0	0.0	1.0	1.0	1.0	1.0	1.0	1.0	1.0	1.0	1.0	1.0	1.0	1.0	1.0	1.0	1.0	1.0	1.0	1.0	1.0	1.0	1.0	1.0	1.0	1.0	1.0	1.0	1.0	0.585786437626905	1.0	1.0	1.0	1.0
vi	1.0	0.585786437626905	1.0	1.0	0.22772999919644132	0.24660605559646726	1.0	0.086510009420556	0.4142135623730951	0.13289604462775584	1.0	1.0	1.0	0.1652960191502465	0.21712927295533244	1.0	1.0	1.0	1.0	1.0	1.0	0.15309887413431528	0.44948974278317805	0.585786437626905	0.25728427444747215	1.0	0.5	1.0	0.5	0.585786437626905	0.26533119314590375	1.0	1.0	1.0	1.0
war	0.0	0.585786437626905	1.0	1.0	0.5	1.0	1.0	0.5	0.585786437626905	0.585786437626905	1.0	0.585786437626905	1.0	1.0	0.585786437626905	1.0	1.0	1.0	1.0	1.0	1.0	0.4364916731037085	1.0	1.0	1.0	0.585786437626905	1.0	1.0	0.585786437626905	1.0	0.585786437626905	1.0	1.0	1.0	1.0
zh	1.0	0.5	1.0	1.0	0.16089167649473737	0.10827081397113054	1.0	0.004849691470385288	0.2989350844248255	0.03969836639152738	1.0	1.0	1.0	0.0366640841451692	0.04874883894659032	1.0	1.0	1.0	1.0	1.0	1.0	0.06270355841592007	0.21089672205953397	0.3430703308172536	0.15295783961613652	1.0	0.25355482027512377	1.0	0.21712927295533244	0.44948974278317805	0.10911115445599888	1.0	1.0	1.0	1.0
