arz	bs	ceb	ckb	da	de	el	en	es	fr	he	hi	hu	id	it	ja	ko	lv	mk	ml	mr	nl	pl	pt	ro	ru	sh	si	simple	sr	sv	te	tr	vi	war	zh
arz	0.0	0.0	0.0	0.0	0.0	0.0	0.0	0.0	0.0	0.0	0.0	0.0	0.0	0.0	0.0	0.0	0.0	0.0	0.0	0.0	0.0	0.0	0.0	0.0	0.0	0.0	0.0	0.0	0.0	0.0	0.0	0.0	0.0	0.0	0.0	0.0
bs	0.0	1.0	0.0	0.0	0.0	0.0031865490652426887	0.003408755694916365	0.014581995758672348	0.00013403777631329096	0.053855197540115245	0.0	0.0	0.0023615214788616366	0.000877836300197791	4.467526665549785e-05	3.35304176772362e-05	0.0016639118457300276	0.0	0.0	0.0	0.0	0.0426889181140689	0.002451088151242031	0.0015475427232330378	0.009849925582933686	0.003187877332227038	0.023271979091364067	0.0	0.0	0.015278550425176826	0.00010055528864954248	0.0	0.0	0.001383079953085928	0.0	0.0020369962563312046
ceb	0.0	0.0	0.0	0.0	0.0	0.0	0.0	0.0	0.0	0.0	0.0	0.0	0.0	0.0	0.0	0.0	0.0	0.0	0.0	0.0	0.0	0.0	0.0	0.0	0.0	0.0	0.0	0.0	0.0	0.0	0.0	0.0	-1.0	0.0	0.0	0.0
ckb	0.0	0.0	0.0	0.0	0.0	0.0	0.0	0.0	0.0	0.0	0.0	0.0	0.0	0.0	0.0	0.0	0.0	0.0	0.0	0.0	0.0	0.0	0.0	0.0	0.0	0.0	0.0	0.0	0.0	0.0	0.0	0.0	0.0	0.0	0.0	0.0
da	0.0	0.0	0.0	0.0	0.0	0.0	0.0	0.0	0.0	0.0	0.0	0.0	0.0	0.0	0.0	0.0	0.0	0.0	0.0	0.0	0.0	0.0	0.0	0.0	0.0	0.0	0.0	0.0	0.0	0.0	0.0	0.0	0.0	0.0	0.0	0.0
de	0.0	0.0031865490652426887	0.0	0.0	0.0	1.0	0.008087810514153668	0.01068327239488117	0.0013656538067599864	0.0035139706557226584	0.0	0.0	0.007144403550552067	0.0037637521713954833	0.00034106412005457026	0.0003487966515521451	0.00585480093676815	0.0	0.0	0.0	0.0	0.003400164145855317	0.0010888501742160278	0.001753067868770348	0.012497719394271118	0.0022766078542970974	0.0017254439861964482	0.0	0.0	0.002829218106995885	0.00034423407917383823	0.0	0.0	0.004122648801855192	0.0	0.001137915339098771
el	0.0	0.003408755694916365	0.0	0.0	0.0	0.008087810514153668	1.0	0.026112759643916916	0.0023752969121140144	0.0058261662240894135	0.0	0.0	0.06248437890527368	0.03967446592065107	0.0007905138339920949	0.0032533550223668157	0.046211714132187	0.0	0.0	0.0	0.0	0.00340725568204199	0.0011930326890956812	0.0025069637883008357	0.0748518034763388	0.001846911553457829	0.003129152556903425	0.0	0.0	0.0024409552711439505	0.0032038446135362435	0.0	0.0	0.020134228187919462	0.0	0.004522613065326633
en	0.0	0.014581995758672348	0.0	0.0	0.0	0.01068327239488117	0.026112759643916916	1.0	0.0019386322615148072	0.024635669673837613	0.0	0.0	0.024717860647693816	0.009101547263034715	0.001269289865722493	0.0010061711832573116	0.01780378486055777	0.0	0.0	0.0	0.0	0.01375053962873543	0.002830472749171936	0.0013721698995821118	0.08581879572312887	0.0021386047049303508	0.011594775298332721	0.0	0.0	0.007028916891252094	0.0010705921712947475	0.0	0.0	0.015468839518747215	0.0	0.0039660748062725
es	0.0	0.00013403777631329096	0.0	0.0	0.0	0.0013656538067599864	0.0023752969121140144	0.0019386322615148072	1.0	0.0003387212595011313	0.0	0.0	0.003604531410916581	0.003942181340341655	0.0	0.0	0.0037831021437578815	0.0	0.0	0.0	0.0	0.00020561324149275214	0.0	0.0007716049382716049	0.003705917513448894	0.00038774718883288094	0.0003318636514483478	0.0	0.0	0.0	0.0	0.0	0.0	0.0025188916876574307	0.0	0.0
fr	0.0	0.053855197540115245	0.0	0.0	0.0	0.0035139706557226584	0.0058261662240894135	0.024635669673837613	0.0003387212595011313	1.0	0.0	0.0	0.004387072758936999	0.0017781609505078536	0.0002845104388234816	0.0001084613403110129	0.004086101912188869	0.0	0.0	0.0	0.0	0.039206018616908235	0.0023766214798783807	0.001685100236716462	0.020053243102032693	0.0031735162823771086	0.029369565217391303	0.0	0.0	0.014437511728279227	0.00021683448752524089	0.0	0.0	0.002345184331488455	0.0	0.0041607766783132855
he	0.0	0.0	0.0	0.0	0.0	0.0	0.0	0.0	0.0	0.0	1.0	0.0	0.0	0.0	0.0	0.0	0.0	0.0	0.0	0.0	0.0	2.060538624796522e-05	0.0	0.0	0.0	0.0	0.0	0.0	0.0	0.0	0.0	0.0	0.0	0.0	0.0	0.0
hi	0.0	0.0	0.0	0.0	0.0	0.0	0.0	0.0	0.0	0.0	0.0	0.0	0.0	0.0	0.0	0.0	0.0	0.0	0.0	0.0	0.0	0.0	0.0	0.0	0.0	0.0	0.0	0.0	0.0	0.0	0.0	0.0	0.0	0.0	0.0	0.0
hu	0.0	0.0023615214788616366	0.0	0.0	0.0	0.007144403550552067	0.06248437890527368	0.024717860647693816	0.003604531410916581	0.004387072758936999	0.0	0.0	1.0	0.06749785038693035	0.002056555269922879	0.0010626992561105207	0.10366666666666667	0.0	0.0	0.0	0.0	0.0019296954264229017	0.0005538631957906397	0.0013280212483399733	0.12164559769350189	0.0011644154634373545	0.003032967032967033	0.0	0.0	0.0017825311942959	0.0036553524804177544	0.0	0.0	0.033711852377572744	0.0	0.0026423957721667646
id	0.0	0.000877836300197791	0.0	0.0	0.0	0.0037637521713954833	0.03967446592065107	0.009101547263034715	0.003942181340341655	0.0017781609505078536	0.0	0.0	0.06749785038693035	1.0	0.001310615989515072	0.0	0.05823792931806869	0.0	0.0	0.0	0.0	0.0006918302980974667	0.00041203131437989287	0.000546448087431694	0.0405499883477045	0.0	0.0011569253551760841	0.0	0.0	0.0009691367228268973	0.004087193460490463	0.0	0.0	0.01647058823529412	0.0	0.001347103726986978
it	0.0	4.467526665549785e-05	0.0	0.0	0.0	0.00034106412005457026	0.0007905138339920949	0.001269289865722493	0.0	0.0002845104388234816	0.0	0.0	0.002056555269922879	0.001310615989515072	1.0	0.0	0.0018879798615481435	0.0	0.0	0.0	0.0	0.0002261792161862072	0.0	0.0	0.0011924636298592892	0.00038774718883288094	4.739561116640599e-05	0.0	0.0	7.756748371082842e-05	0.0	0.0	0.0	0.0016778523489932886	0.0	0.0
ja	0.0	3.35304176772362e-05	0.0	0.0	0.0	0.0003487966515521451	0.0032533550223668157	0.0010061711832573116	0.0	0.0001084613403110129	0.0	0.0	0.0010626992561105207	0.0	0.0	1.0	0.0039447731755424065	0.0	0.0	0.0	0.0	2.058502645175899e-05	0.0	0.0	0.0015628756912719403	0.0	4.754207473614148e-05	0.0	0.0	0.0001559332605644784	0.0	0.0	0.0	0.0	0.0	0.0
ko	0.0	0.0016639118457300276	0.0	0.0	0.0	0.00585480093676815	0.046211714132187	0.01780378486055777	0.0037831021437578815	0.004086101912188869	0.0	0.0	0.10366666666666667	0.05823792931806869	0.0018879798615481435	0.0039447731755424065	1.0	0.0	0.0	0.0	0.0	0.0017628558264388308	0.0006146281499692685	0.0007527286413248024	0.08121883656509696	0.001524390243902439	0.0026783322917596645	0.0	0.0	0.0020385210178546324	0.005138086062941554	0.0	0.0	0.03356247472705216	0.0	0.001965923984272608
lv	0.0	0.0	0.0	0.0	0.0	0.0	0.0	0.0	0.0	0.0	0.0	0.0	0.0	0.0	0.0	0.0	0.0	0.0	0.0	0.0	0.0	0.0	0.0	0.0	0.0	0.0	0.0	0.0	0.0	0.0	0.0	0.0	0.0	0.0	0.0	0.0
mk	0.0	0.0	0.0	0.0	0.0	0.0	0.0	0.0	0.0	0.0	0.0	0.0	0.0	0.0	0.0	0.0	0.0	0.0	0.0	0.0	0.0	0.0	0.0	0.0	0.0	0.0	0.0	0.0	0.0	0.0	0.0	0.0	0.0	0.0	0.0	0.0
ml	0.0	0.0	0.0	0.0	0.0	0.0	0.0	0.0	0.0	0.0	0.0	0.0	0.0	0.0	0.0	0.0	0.0	0.0	0.0	0.0	0.0	0.0	0.0	0.0	0.0	0.0	0.0	0.0	0.0	0.0	0.0	0.0	0.0	0.0	0.0	0.0
mr	0.0	0.0	0.0	0.0	0.0	0.0	0.0	0.0	0.0	0.0	0.0	0.0	0.0	0.0	0.0	0.0	0.0	0.0	0.0	0.0	0.0	0.0	0.0	0.0	0.0	0.0	0.0	0.0	0.0	0.0	0.0	0.0	0.0	0.0	0.0	0.0
nl	0.0	0.0426889181140689	0.0	0.0	0.0	0.003400164145855317	0.00340725568204199	0.01375053962873543	0.00020561324149275214	0.039206018616908235	2.060538624796522e-05	0.0	0.0019296954264229017	0.0006918302980974667	0.0002261792161862072	2.058502645175899e-05	0.0017628558264388308	0.0	0.0	0.0	0.0	1.0	0.00239096216302377	0.0017733354828308884	0.00932736382048822	0.0030685103955624617	0.01955061453169458	0.0	0.0	0.013422375033060038	4.1138719763040976e-05	0.0	0.0	0.0015545505935556812	0.0	0.002039632866084105
pl	0.0	0.002451088151242031	0.0	0.0	0.0	0.0010888501742160278	0.0011930326890956812	0.002830472749171936	0.0	0.0023766214798783807	0.0	0.0	0.0005538631957906397	0.00041203131437989287	0.0	0.0	0.0006146281499692685	0.0	0.0	0.0	0.0	0.00239096216302377	1.0	0.0	0.00199203187250996	0.0009433962264150943	0.0021130480718436345	0.0	0.0	0.0013757996835660727	0.0005359056806002144	0.0	0.0	0.001401541695865452	0.0	0.0017889087656529517
pt	0.0	0.0015475427232330378	0.0	0.0	0.0	0.001753067868770348	0.0025069637883008357	0.0013721698995821118	0.0007716049382716049	0.001685100236716462	0.0	0.0	0.0013280212483399733	0.000546448087431694	0.0	0.0	0.0007527286413248024	0.0	0.0	0.0	0.0	0.0017733354828308884	0.0	1.0	0.002117970983797522	0.0010979961570134504	0.0010386560693641618	0.0	0.0	0.0010038720780152016	0.0	0.0	0.0	0.0004424778761061947	0.0	0.0007243752263672582
ro	0.0	0.009849925582933686	0.0	0.0	0.0	0.012497719394271118	0.0748518034763388	0.08581879572312887	0.003705917513448894	0.020053243102032693	0.0	0.0	0.12164559769350189	0.0405499883477045	0.0011924636298592892	0.0015628756912719403	0.08121883656509696	0.0	0.0	0.0	0.0	0.00932736382048822	0.00199203187250996	0.002117970983797522	1.0	0.0016778523489932886	0.010985214868039243	0.0	0.0	0.006692480520101343	0.002515572592237662	0.0	0.0	0.05322381005963767	0.0	0.004583885097280228
ru	0.0	0.003187877332227038	0.0	0.0	0.0	0.0022766078542970974	0.001846911553457829	0.0021386047049303508	0.00038774718883288094	0.0031735162823771086	0.0	0.0	0.0011644154634373545	0.0	0.00038774718883288094	0.0	0.001524390243902439	0.0	0.0	0.0	0.0	0.0030685103955624617	0.0009433962264150943	0.0010979961570134504	0.0016778523489932886	1.0	0.003251475998973218	0.0	0.0	0.0024332500328817573	0.0	0.0	0.0	0.0011299435028248588	0.0	0.0014851485148514852
sh	0.0	0.023271979091364067	0.0	0.0	0.0	0.0017254439861964482	0.003129152556903425	0.011594775298332721	0.0003318636514483478	0.029369565217391303	0.0	0.0	0.003032967032967033	0.0011569253551760841	4.739561116640599e-05	4.754207473614148e-05	0.0026783322917596645	0.0	0.0	0.0	0.0	0.01955061453169458	0.0021130480718436345	0.0010386560693641618	0.010985214868039243	0.003251475998973218	1.0	0.0	0.0	0.012474885297028218	0.00023732675147142586	0.0	0.0	0.0016797566622781131	0.0	0.0025768615603341035
si	0.0	0.0	0.0	0.0	0.0	0.0	0.0	0.0	0.0	0.0	0.0	0.0	0.0	0.0	0.0	0.0	0.0	0.0	0.0	0.0	0.0	0.0	0.0	0.0	0.0	0.0	0.0	0.0	0.0	0.0	0.0	0.0	0.0	0.0	0.0	0.0
simple	0.0	0.0	0.0	0.0	0.0	0.0	0.0	0.0	0.0	0.0	0.0	0.0	0.0	0.0	0.0	0.0	0.0	0.0	0.0	0.0	0.0	0.0	0.0	0.0	0.0	0.0	0.0	0.0	0.0	0.0	0.0	0.0	0.0	0.0	0.0	0.0
sr	0.0	0.015278550425176826	0.0	0.0	0.0	0.002829218106995885	0.0024409552711439505	0.007028916891252094	0.0	0.014437511728279227	0.0	0.0	0.0017825311942959	0.0009691367228268973	7.756748371082842e-05	0.0001559332605644784	0.0020385210178546324	0.0	0.0	0.0	0.0	0.013422375033060038	0.0013757996835660727	0.0010038720780152016	0.006692480520101343	0.0024332500328817573	0.012474885297028218	0.0	0.0	1.0	0.0	0.0	0.0	0.0012283236994219654	0.0	0.0016742239274502965
sv	0.0	0.00010055528864954248	0.0	0.0	0.0	0.00034423407917383823	0.0032038446135362435	0.0010705921712947475	0.0	0.00021683448752524089	0.0	0.0	0.0036553524804177544	0.004087193460490463	0.0	0.0	0.005138086062941554	0.0	0.0	0.0	0.0	4.1138719763040976e-05	0.0005359056806002144	0.0	0.002515572592237662	0.0	0.00023732675147142586	0.0	0.0	0.0	1.0	0.0	0.0	0.002577319587628866	0.0	0.0
te	0.0	0.0	0.0	0.0	0.0	0.0	0.0	0.0	0.0	0.0	0.0	0.0	0.0	0.0	0.0	0.0	0.0	0.0	0.0	0.0	0.0	0.0	0.0	0.0	0.0	0.0	0.0	0.0	0.0	0.0	0.0	0.0	0.0	0.0	0.0	0.0
tr	0.0	0.0	-1.0	0.0	0.0	0.0	0.0	0.0	0.0	0.0	0.0	0.0	0.0	0.0	0.0	0.0	0.0	0.0	0.0	0.0	0.0	0.0	0.0	0.0	0.0	0.0	0.0	0.0	0.0	0.0	0.0	0.0	1.0	0.0	0.0	0.0
vi	0.0	0.001383079953085928	0.0	0.0	0.0	0.004122648801855192	0.020134228187919462	0.015468839518747215	0.0025188916876574307	0.002345184331488455	0.0	0.0	0.033711852377572744	0.01647058823529412	0.0016778523489932886	0.0	0.03356247472705216	0.0	0.0	0.0	0.0	0.0015545505935556812	0.001401541695865452	0.0004424778761061947	0.05322381005963767	0.0011299435028248588	0.0016797566622781131	0.0	0.0	0.0012283236994219654	0.002577319587628866	0.0	0.0	1.0	0.0	0.0018832391713747645
war	0.0	0.0	0.0	0.0	0.0	0.0	0.0	0.0	0.0	0.0	0.0	0.0	0.0	0.0	0.0	0.0	0.0	0.0	0.0	0.0	0.0	0.0	0.0	0.0	0.0	0.0	0.0	0.0	0.0	0.0	0.0	0.0	0.0	0.0	1.0	0.0
zh	0.0	0.0020369962563312046	0.0	0.0	0.0	0.001137915339098771	0.004522613065326633	0.0039660748062725	0.0	0.0041607766783132855	0.0	0.0	0.0026423957721667646	0.001347103726986978	0.0	0.0	0.001965923984272608	0.0	0.0	0.0	0.0	0.002039632866084105	0.0017889087656529517	0.0007243752263672582	0.004583885097280228	0.0014851485148514852	0.0025768615603341035	0.0	0.0	0.0016742239274502965	0.0	0.0	0.0	0.0018832391713747645	0.0	1.0
