arz	bs	ceb	ckb	da	de	el	en	es	fr	he	hi	hu	id	it	ja	ko	lv	mk	ml	mr	nl	pl	pt	ro	ru	sh	si	simple	sr	sv	te	vi	war	zh
arz	1.0	0.0	0.0	0.0	1.0	1.0	1.0	1.0	1.0	1.0	1.0	1.0	1.0	1.0	1.0	1.0	1.0	1.0	0.0	1.0	0.0	1.0	1.0	1.0	1.0	1.0	1.0	0.0	1.0	1.0	1.0	0.0	1.0	0.0	1.0
bs	0.0	1.0	1.0	1.0	1.0	0.6451356057815301	0.7411828468492555	0.6589257440209709	0.661251134120194	0.661251134120194	0.7322034805959264	1.0	1.0	0.7300208629885034	0.645551999395154	0.728099120889861	0.7347168825662657	1.0	1.0	1.0	1.0	0.7234532828151788	0.728099120889861	0.6667969795412325	0.7322034805959264	0.6589257440209709	1.0	1.0	0.7411828468492555	0.7347168825662657	0.728099120889861	0.0	0.7411828468492556	0.7863954451402115	0.7263875964832448
ceb	0.0	1.0	1.0	0.0	0.0	1.0	1.0	1.0	1.0	1.0	1.0	0.0	0.0	1.0	1.0	1.0	1.0	0.0	0.0	0.0	0.0	1.0	1.0	1.0	1.0	1.0	0.0	0.0	0.0	1.0	1.0	0.0	1.0	0.0	1.0
ckb	0.0	1.0	0.0	1.0	1.0	1.0	1.0	1.0	1.0	1.0	1.0	1.0	1.0	1.0	1.0	1.0	1.0	1.0	1.0	1.0	1.0	1.0	1.0	1.0	1.0	1.0	1.0	1.0	1.0	1.0	1.0	0.0	1.0	1.0	1.0
da	1.0	1.0	0.0	1.0	1.0	0.579937473460155	1.0	0.5360045432559049	0.7087564131141617	1.0	0.7171176902274345	1.0	1.0	0.7155258672934659	0.5292221005298895	0.6423162003593037	0.6442100898340133	1.0	1.0	1.0	1.0	0.7096516635440986	0.710126485759685	0.7101264857596848	0.6425611246839557	0.7096516635440986	0.7234532828151787	1.0	1.0	0.7199285383279772	0.6293456853513548	0.0	1.0	0.7863954451402115	1.0
de	1.0	0.6451356057815301	1.0	1.0	0.579937473460155	1.0	0.7141080454298697	0.23795829066843519	0.3396826340862736	0.32666286375094195	0.5030092630137477	1.0	0.6319047773571784	0.4726458650247936	0.3301892679886142	0.5162443556174747	0.5797204875684812	1.0	1.0	1.0	1.0	0.4646529551890158	0.42349956985703285	0.33406085201096314	0.6323879565029841	0.4356071711074288	0.6328903638342454	1.0	0.7128329397683221	0.7101264857596848	0.3716907441976426	1.0	0.7075325319701224	0.7690990303325336	0.5784924135590314
el	1.0	0.7411828468492555	1.0	1.0	1.0	0.7141080454298697	1.0	0.7075325319701223	1.0	1.0	1.0	1.0	1.0	0.6501445840862393	0.7162976956558117	1.0	1.0	1.0	1.0	1.0	1.0	1.0	1.0	1.0	1.0	1.0	1.0	1.0	1.0	1.0	0.7171176902274347	0.0	1.0	0.7690990303325336	1.0
en	1.0	0.6589257440209709	1.0	1.0	0.5360045432559049	0.23795829066843519	0.7075325319701223	1.0	0.2892688434559776	0.27388461618481497	0.5776443487076616	0.6452450558286368	0.5453182639460747	0.38546721004179846	0.28156280312815857	0.39934268524740085	0.5124483186861893	1.0	1.0	1.0	1.0	0.3620414326336108	0.407390440795345	0.25059404675076025	0.7071524664833437	0.43470172095236514	0.7087564131141618	1.0	0.6297365529754468	1.0	0.2884796040505991	1.0	0.6287420897939833	0.7690990303325336	0.4546728573173419
es	1.0	0.661251134120194	1.0	1.0	0.7087564131141617	0.3396826340862736	1.0	0.2892688434559776	1.0	0.3581892469780649	0.7034032621820071	1.0	0.6301405350415428	0.45174534822139906	0.4201733020144033	1.0	0.6254795531898588	1.0	1.0	1.0	1.0	0.4848082954766275	0.4158017615185805	0.35287793981870685	1.0	0.5095502157571934	0.5644612257079697	1.0	1.0	1.0	0.44543901182582224	1.0	0.5910055389828529	0.7690990303325336	0.5751834617436182
fr	1.0	0.661251134120194	1.0	1.0	1.0	0.32666286375094195	1.0	0.27388461618481497	0.3581892469780649	1.0	0.7031439803509411	1.0	0.7101264857596847	0.44447642862917447	0.36221259933447997	0.5412063912821081	0.5462360007839757	1.0	1.0	1.0	1.0	0.4490735956509351	0.48555054161196143	0.3779338103506322	0.7101264857596848	0.5364384095075995	0.6414463581614512	1.0	0.6314395498907664	1.0	0.4797658016758663	1.0	0.7091953875376781	0.7690990303325336	0.4937487875459533
he	1.0	0.7322034805959264	1.0	1.0	0.7171176902274345	0.5030092630137477	1.0	0.5776443487076616	0.7034032621820071	0.7031439803509411	1.0	1.0	1.0	0.5949224416307971	0.5581527903207654	1.0	1.0	1.0	1.0	1.0	1.0	1.0	0.6347195024507913	1.0	1.0	1.0	1.0	1.0	1.0	1.0	0.7075325319701226	0.0	1.0	0.7863954451402115	1.0
hi	1.0	1.0	0.0	1.0	1.0	1.0	1.0	0.6452450558286368	1.0	1.0	1.0	1.0	1.0	1.0	1.0	1.0	1.0	1.0	1.0	1.0	1.0	1.0	1.0	1.0	1.0	1.0	1.0	1.0	1.0	1.0	0.7263875964832449	0.0	1.0	1.0	1.0
hu	1.0	1.0	0.0	1.0	1.0	0.6319047773571784	1.0	0.5453182639460747	0.6301405350415428	0.7101264857596847	1.0	1.0	1.0	0.7155258672934658	0.5238039648240701	1.0	0.6432357517002907	1.0	1.0	1.0	1.0	1.0	0.7122412578101113	0.7111374370280844	1.0	1.0	1.0	1.0	1.0	1.0	0.7106212328351246	0.0	1.0	0.7690990303325336	1.0
id	1.0	0.7300208629885034	1.0	1.0	0.7155258672934659	0.4726458650247936	0.6501445840862393	0.38546721004179846	0.45174534822139906	0.44447642862917447	0.5949224416307971	1.0	0.7155258672934658	1.0	0.5075072526438761	0.5114310830831651	0.5930676833785827	1.0	1.0	1.0	1.0	0.4697138949781977	0.5266212653041656	0.4926797604956021	0.6037638397743439	0.48418936491213604	0.6765541634206576	1.0	0.7930229813601517	0.7122412578101116	0.5803049007381592	0.0	0.7134542832283587	0.7690990303325336	0.530327222828157
it	1.0	0.645551999395154	1.0	1.0	0.5292221005298895	0.3301892679886142	0.7162976956558117	0.28156280312815857	0.4201733020144033	0.36221259933447997	0.5581527903207654	1.0	0.5238039648240701	0.5075072526438761	1.0	0.4816956688421353	0.6280783374972716	0.7376607345031152	0.7347168825662656	1.0	1.0	0.46758358333929234	0.4217085279845437	0.36831621874821485	0.7116768074483948	0.491873111455549	0.5333561856562653	1.0	0.5858104530884554	0.7111374370280845	0.4189618368541313	1.0	0.7128329397683222	0.6763518472901805	0.5465996468332872
ja	1.0	0.728099120889861	1.0	1.0	0.6423162003593037	0.5162443556174747	1.0	0.39934268524740085	1.0	0.5412063912821081	1.0	1.0	1.0	0.5114310830831651	0.4816956688421353	1.0	1.0	1.0	1.0	1.0	1.0	0.5782032259014129	0.6268516359385989	0.48835120520856007	0.7134542832283587	1.0	1.0	1.0	0.7162976956558117	1.0	0.5807252029124174	1.0	1.0	0.7690990303325336	1.0
ko	1.0	0.7347168825662657	1.0	1.0	0.6442100898340133	0.5797204875684812	1.0	0.5124483186861893	0.6254795531898588	0.5462360007839757	1.0	1.0	0.6432357517002907	0.5930676833785827	0.6280783374972716	1.0	1.0	1.0	1.0	1.0	1.0	0.7039424865283899	1.0	0.5114074159150346	0.7147973711694584	1.0	1.0	1.0	0.718925811717485	1.0	1.0	1.0	1.0	0.7690990303325336	1.0
lv	1.0	1.0	0.0	1.0	1.0	1.0	1.0	1.0	1.0	1.0	1.0	1.0	1.0	1.0	0.7376607345031152	1.0	1.0	1.0	1.0	1.0	1.0	1.0	1.0	1.0	1.0	1.0	1.0	1.0	1.0	1.0	1.0	0.0	1.0	0.7690990303325336	1.0
mk	0.0	1.0	0.0	1.0	1.0	1.0	1.0	1.0	1.0	1.0	1.0	1.0	1.0	1.0	0.7347168825662656	1.0	1.0	1.0	1.0	1.0	1.0	1.0	1.0	1.0	1.0	1.0	1.0	1.0	1.0	1.0	1.0	0.0	1.0	0.7863954451402115	1.0
ml	1.0	1.0	0.0	1.0	1.0	1.0	1.0	1.0	1.0	1.0	1.0	1.0	1.0	1.0	1.0	1.0	1.0	1.0	1.0	1.0	1.0	1.0	1.0	1.0	1.0	1.0	1.0	1.0	1.0	1.0	1.0	0.0	1.0	1.0	1.0
mr	0.0	1.0	0.0	1.0	1.0	1.0	1.0	1.0	1.0	1.0	1.0	1.0	1.0	1.0	1.0	1.0	1.0	1.0	1.0	1.0	1.0	1.0	1.0	1.0	1.0	1.0	1.0	1.0	1.0	1.0	1.0	0.0	1.0	1.0	1.0
nl	1.0	0.7234532828151788	1.0	1.0	0.7096516635440986	0.4646529551890158	1.0	0.3620414326336108	0.4848082954766275	0.4490735956509351	1.0	1.0	1.0	0.4697138949781977	0.46758358333929234	0.5782032259014129	0.7039424865283899	1.0	1.0	1.0	1.0	1.0	0.5730396866439335	0.42638944961236847	0.7116768074483946	0.6212464513427426	1.0	1.0	0.7849099117830907	1.0	0.701496154748113	0.0	1.0	0.7690990303325336	0.7017153257436494
pl	1.0	0.728099120889861	1.0	1.0	0.710126485759685	0.42349956985703285	1.0	0.407390440795345	0.4158017615185805	0.48555054161196143	0.6347195024507913	1.0	0.7122412578101113	0.5266212653041656	0.4217085279845437	0.6268516359385989	1.0	1.0	1.0	1.0	1.0	0.5730396866439335	1.0	0.47522838469545636	0.6319047773571784	0.5140818832848455	0.6328184886337117	1.0	0.7171176902274347	0.7101264857596847	0.5754652238172305	1.0	0.7141080454298697	0.7690990303325336	0.5810779511747243
pt	1.0	0.6667969795412325	1.0	1.0	0.7101264857596848	0.33406085201096314	1.0	0.25059404675076025	0.35287793981870685	0.3779338103506322	1.0	1.0	0.7111374370280844	0.4926797604956021	0.36831621874821485	0.48835120520856007	0.5114074159150346	1.0	1.0	1.0	1.0	0.42638944961236847	0.47522838469545636	1.0	1.0	0.4644467442029163	0.6345279152703018	1.0	1.0	0.5932464233149596	0.47689104529257326	1.0	0.7111374370280846	0.7690990303325336	0.5086101349349995
ro	1.0	0.7322034805959264	1.0	1.0	0.6425611246839557	0.6323879565029841	1.0	0.7071524664833437	1.0	0.7101264857596848	1.0	1.0	1.0	0.6037638397743439	0.7116768074483948	0.7134542832283587	0.7147973711694584	1.0	1.0	1.0	1.0	0.7116768074483946	0.6319047773571784	1.0	1.0	0.7096516635440986	0.6393867611309197	1.0	1.0	0.7179915061657695	0.7134542832283587	1.0	1.0	0.7690990303325336	1.0
ru	1.0	0.6589257440209709	1.0	1.0	0.7096516635440986	0.4356071711074288	1.0	0.43470172095236514	0.5095502157571934	0.5364384095075995	1.0	1.0	1.0	0.48418936491213604	0.491873111455549	1.0	1.0	1.0	1.0	1.0	1.0	0.6212464513427426	0.5140818832848455	0.4644467442029163	0.7096516635440986	1.0	0.7116768074483946	1.0	0.7128329397683222	1.0	0.6997218429280758	1.0	1.0	0.7690990303325336	1.0
sh	1.0	1.0	0.0	1.0	0.7234532828151787	0.6328903638342454	1.0	0.7087564131141618	0.5644612257079697	0.6414463581614512	1.0	1.0	1.0	0.6765541634206576	0.5333561856562653	1.0	1.0	1.0	1.0	1.0	1.0	1.0	0.6328184886337117	0.6345279152703018	0.6393867611309197	0.7116768074483946	1.0	1.0	1.0	1.0	0.7141080454298697	0.0	1.0	0.7690990303325336	1.0
si	0.0	1.0	0.0	1.0	1.0	1.0	1.0	1.0	1.0	1.0	1.0	1.0	1.0	1.0	1.0	1.0	1.0	1.0	1.0	1.0	1.0	1.0	1.0	1.0	1.0	1.0	1.0	1.0	1.0	1.0	1.0	0.0	1.0	1.0	1.0
simple	1.0	0.7411828468492555	0.0	1.0	1.0	0.7128329397683221	1.0	0.6297365529754468	1.0	0.6314395498907664	1.0	1.0	1.0	0.7930229813601517	0.5858104530884554	0.7162976956558117	0.718925811717485	1.0	1.0	1.0	1.0	0.7849099117830907	0.7171176902274347	1.0	1.0	0.7128329397683222	1.0	1.0	1.0	1.0	1.0	0.0	1.0	0.7863954451402115	0.7179915061657697
sr	1.0	0.7347168825662657	1.0	1.0	0.7199285383279772	0.7101264857596848	1.0	1.0	1.0	1.0	1.0	1.0	1.0	0.7122412578101116	0.7111374370280845	1.0	1.0	1.0	1.0	1.0	1.0	1.0	0.7101264857596847	0.5932464233149596	0.7179915061657695	1.0	1.0	1.0	1.0	1.0	0.7111374370280844	1.0	1.0	0.7690990303325336	1.0
sv	1.0	0.728099120889861	1.0	1.0	0.6293456853513548	0.3716907441976426	0.7171176902274347	0.2884796040505991	0.44543901182582224	0.4797658016758663	0.7075325319701226	0.7263875964832449	0.7106212328351246	0.5803049007381592	0.4189618368541313	0.5807252029124174	1.0	1.0	1.0	1.0	1.0	0.701496154748113	0.5754652238172305	0.47689104529257326	0.7134542832283587	0.6997218429280758	0.7141080454298697	1.0	1.0	0.7111374370280844	1.0	1.0	1.0	0.7690990303325336	0.7036693256036727
te	0.0	0.0	0.0	0.0	0.0	1.0	0.0	1.0	1.0	1.0	0.0	0.0	0.0	0.0	1.0	1.0	1.0	0.0	0.0	0.0	0.0	0.0	1.0	1.0	1.0	1.0	0.0	0.0	0.0	1.0	1.0	1.0	0.0	0.0	1.0
vi	1.0	0.7411828468492556	1.0	1.0	1.0	0.7075325319701224	1.0	0.6287420897939833	0.5910055389828529	0.7091953875376781	1.0	1.0	1.0	0.7134542832283587	0.7128329397683222	1.0	1.0	1.0	1.0	1.0	1.0	1.0	0.7141080454298697	0.7111374370280846	1.0	1.0	1.0	1.0	1.0	1.0	1.0	0.0	1.0	0.7690990303325336	1.0
war	0.0	0.7863954451402115	0.0	1.0	0.7863954451402115	0.7690990303325336	0.7690990303325336	0.7690990303325336	0.7690990303325336	0.7690990303325336	0.7863954451402115	1.0	0.7690990303325336	0.7690990303325336	0.6763518472901805	0.7690990303325336	0.7690990303325336	0.7690990303325336	0.7863954451402115	1.0	1.0	0.7690990303325336	0.7690990303325336	0.7690990303325336	0.7690990303325336	0.7690990303325336	0.7690990303325336	1.0	0.7863954451402115	0.7690990303325336	0.7690990303325336	0.0	0.7690990303325336	1.0	0.7690990303325336
zh	1.0	0.7263875964832448	1.0	1.0	1.0	0.5784924135590314	1.0	0.4546728573173419	0.5751834617436182	0.4937487875459533	1.0	1.0	1.0	0.530327222828157	0.5465996468332872	1.0	1.0	1.0	1.0	1.0	1.0	0.7017153257436494	0.5810779511747243	0.5086101349349995	1.0	1.0	1.0	1.0	0.7179915061657697	1.0	0.7036693256036727	1.0	1.0	0.7690990303325336	1.0
