arz	bs	ceb	ckb	da	de	el	en	es	fr	he	hi	hu	id	it	ja	ko	lv	mk	ml	mr	nl	pl	pt	ro	ru	sh	si	simple	sr	sv	te	tr	vi	war	zh
arz	1.0	0.585786437626905	1.0	1.0	1.0	1.0	1.0	1.0	1.0	1.0	1.0	1.0	0.585786437626905	1.0	1.0	1.0	1.0	1.0	1.0	1.0	1.0	1.0	1.0	1.0	0.585786437626905	1.0	1.0	1.0	1.0	1.0	1.0	1.0	1.0	1.0	1.0	1.0
bs	0.585786437626905	1.0	1.0	0.2	0.017268890490032926	0.01164510289316324	0.017218933021063493	0.043502734722330766	0.012564852972743805	0.012063280493151531	0.016101974422776784	0.01856584252263776	0.01438390741914719	0.029326759214127515	0.019337994953265988	0.012456993800955945	0.014769642363605647	0.017300061953369285	0.02100868749999034	0.02816933353176256	0.22772999919644132	0.012947215073655894	0.016273396004646147	0.011393719616997	0.021688709680122785	0.012008545039102968	0.01183870476566633	0.27429188517743175	0.01803953708669547	0.010591134842388779	0.01266518215998239	0.0674385578715825	0.11185613883510107	0.015045846929391411	0.07382540362298606	0.013049040487683598
ceb	1.0	1.0	1.0	1.0	1.0	1.0	1.0	1.0	1.0	1.0	1.0	1.0	0.585786437626905	1.0	1.0	1.0	1.0	1.0	1.0	1.0	1.0	1.0	0.585786437626905	1.0	1.0	1.0	1.0	1.0	1.0	1.0	1.0	1.0	-1.0	1.0	1.0	1.0
ckb	1.0	0.2	1.0	1.0	0.36602540378443865	0.585786437626905	1.0	0.22584440001865322	0.44948974278317805	0.585786437626905	1.0	1.0	0.34833147735478825	0.17131047540085398	0.3430703308172536	1.0	1.0	1.0	1.0	1.0	1.0	0.353889367864523	0.44948974278317805	0.585786437626905	0.5	1.0	0.4364916731037085	1.0	0.5	0.38742588672279304	0.5	1.0	1.0	0.3797958971132712	1.0	1.0
da	1.0	0.017268890490032926	1.0	0.36602540378443865	1.0	0.01139323691468509	0.02302023101355545	0.011304649046145754	0.012437922972580116	0.011405849324584584	0.01949794374972615	0.03127905592344788	0.01330805944840189	0.012228409368643786	0.011048796248432108	0.012178951060425526	0.017709633265392967	0.024659721392596985	0.0608417385233714	0.10290397182775131	0.27429188517743175	0.011890961882813614	0.011539803314432294	0.011478303173437348	0.012061565268815041	0.010581878492308048	0.010590935128743515	0.23582845781094	0.025898160438124252	0.010365400397292673	0.012026392670651634	0.1987625491245426	0.21754930766693192	0.013370932626645227	0.1788377977420068	0.013565723609428723
de	1.0	0.01164510289316324	1.0	0.585786437626905	0.01139323691468509	1.0	0.0371563266811333	0.004790400708205083	0.0038147137234734634	0.004201396107310142	0.05754008980305601	0.05742413862899989	0.003995636467310404	0.005626122721415017	0.004142697273726875	0.002961535590621373	0.0336836697999539	0.029798168891490263	0.1380262631157473	0.1896812679802183	0.585786437626905	0.003992650235121165	0.004167793915365131	0.004812869813324843	0.006300207973217207	0.005455390789286598	0.004405925524001786	0.585786437626905	0.009387812152458435	0.0043179721005738815	0.005236024625513059	0.26968623182294527	0.1396846808319164	0.004147015344050169	0.26968623182294527	0.0031232491984901217
el	1.0	0.017218933021063493	1.0	1.0	0.02302023101355545	0.0371563266811333	1.0	0.006134998366909876	0.039854146141257964	0.007561213266710165	0.44948974278317805	1.0	0.010460891510792525	0.008490958561083032	0.006788144529298969	1.0	1.0	0.07296032639562015	1.0	1.0	1.0	0.010924624770243944	0.0073269623763632325	0.04190681886115132	0.010699105277866938	0.5	0.009753723213461152	1.0	0.034269413326445924	0.014206107368076636	0.01840667250492293	1.0	0.5	0.009753116372310551	0.39564392373896007	1.0
en	1.0	0.043502734722330766	1.0	0.22584440001865322	0.011304649046145754	0.004790400708205083	0.006134998366909876	1.0	0.006866370730078733	0.013128736449341812	0.007471571047562399	0.00682205909750259	0.012541727752528037	0.030663665862164697	0.014377234894946845	0.0025749455740401808	0.005569537794679398	0.007816308572713542	0.011545807464699397	0.021060181413434065	0.17151308576402147	0.0108882077419061	0.020871828886504986	0.005860244163183263	0.024281842328467362	0.0035999938643919392	0.011883839927340979	0.24594546944656887	0.010192630822743222	0.013070913109509082	0.010670016584356597	0.04613615707039672	0.10675599997347018	0.01712632174886569	0.08746658653867057	0.0025680312856458413
es	1.0	0.012564852972743805	1.0	0.44948974278317805	0.012437922972580116	0.0038147137234734634	0.039854146141257964	0.006866370730078733	1.0	0.005772915929213589	0.03243071864086271	0.04196875461851806	0.005743296933526378	0.006529362263004651	0.006588131918180145	0.0032898811241760333	0.01573993642587913	0.02506885233558816	0.08598344475655936	0.11881849050177154	0.28172904669025317	0.005626565452983109	0.006771875203035876	0.005810709780924786	0.006995424796859451	0.006174716778626054	0.006231124483267487	0.585786437626905	0.010115209619434814	0.0060852475740621964	0.006772808512172542	0.2012628451930092	0.1374041814479446	0.005591186135496278	0.24415874992246042	0.003772230059870751
fr	1.0	0.012063280493151531	1.0	0.585786437626905	0.011405849324584584	0.004201396107310142	0.007561213266710165	0.013128736449341812	0.005772915929213589	1.0	0.009820914274891237	0.008403017259994025	0.009639772691610511	0.010652314229467344	0.013407479398269175	0.002685162360917688	0.0057298074463372406	0.011451729599014294	0.044259226947666735	0.0781224138966072	0.4142135623730951	0.01053890057556836	0.013251624978651615	0.0055586232111314885	0.011357675058456418	0.003931395234897127	0.011822316972079418	0.36602540378443865	0.010460986973534233	0.010899439894326615	0.008285411410112969	0.131657717156152	0.13750272474175002	0.010101084471873734	0.19958473846444122	0.002831000795765719
he	1.0	0.016101974422776784	1.0	1.0	0.01949794374972615	0.05754008980305601	0.44948974278317805	0.007471571047562399	0.03243071864086271	0.009820914274891237	1.0	0.4142135623730951	0.013506451806698017	0.008837576177082428	0.00776509496765804	0.3660254037844386	0.3660254037844386	0.059915339396294544	0.5	0.5	1.0	0.016161229811850048	0.008117325192205824	0.04352487980993817	0.012559505284348097	0.34833147735478825	0.01229277255897503	1.0	0.031112625786667628	0.012627469916386325	0.027359807442380892	1.0	0.5	0.010376630234857768	0.44948974278317805	0.3660254037844386
hi	1.0	0.01856584252263776	1.0	1.0	0.03127905592344788	0.05742413862899989	1.0	0.00682205909750259	0.04196875461851806	0.008403017259994025	0.4142135623730951	1.0	0.011158317763920827	0.009805455147102475	0.007088832729457476	1.0	1.0	0.09570191387801742	1.0	1.0	1.0	0.010048742991477419	0.008794519167242955	0.05987909762976611	0.010936698450374089	1.0	0.012104712494096089	1.0	0.03142850131226642	0.018483033767083015	0.022020702205167015	1.0	0.4364916731037085	0.010493671586712586	0.585786437626905	1.0
hu	0.585786437626905	0.01438390741914719	0.585786437626905	0.34833147735478825	0.01330805944840189	0.003995636467310404	0.010460891510792525	0.012541727752528037	0.005743296933526378	0.009639772691610511	0.013506451806698017	0.011158317763920827	1.0	0.009828161765735066	0.011788436744945006	0.004325120491666214	0.007739512297259774	0.01044886697822615	0.03400600381695262	0.08312371330262043	0.2791745113185196	0.00793513585712205	0.010840699010435313	0.006685167378267143	0.010693839525090182	0.00564799956960107	0.008660853360192363	0.3430703308172536	0.011472638855258349	0.008156939116728885	0.008429438054782207	0.2216368750839041	0.5	0.010196865966370582	0.1951941016011038	0.004383479214222375
id	1.0	0.029326759214127515	1.0	0.17131047540085398	0.012228409368643786	0.005626122721415017	0.008490958561083032	0.030663665862164697	0.006529362263004651	0.010652314229467344	0.008837576177082428	0.009805455147102475	0.009828161765735066	1.0	0.020698099534357646	0.005667987229959411	0.007414609332307656	0.010338674989062161	0.014303370112280651	0.01904522927010176	0.23497542908541053	0.009189005758969145	0.018264032389171105	0.007080763472979385	0.021952153490054735	0.006680969606478436	0.011638329528702614	0.2612038749637414	0.010606941003111133	0.01009041223414889	0.009765945440217038	0.06729468566199329	0.1346331154682693	0.013399506429645379	0.10494959081806482	0.005500655904040944
it	1.0	0.019337994953265988	1.0	0.3430703308172536	0.011048796248432108	0.004142697273726875	0.006788144529298969	0.014377234894946845	0.006588131918180145	0.013407479398269175	0.00776509496765804	0.007088832729457476	0.011788436744945006	0.020698099534357646	1.0	0.0030256069473314044	0.005976726731627242	0.00875290524275591	0.014667168371481569	0.031545039028360686	0.3164309725825328	0.009923174970600268	0.01978724821944546	0.005642255854405102	0.0154114452564845	0.0043657609699459575	0.01396156134370384	0.39564392373896007	0.010552710504222216	0.011324107404658106	0.009330961571346271	0.11282329985847067	0.14076256763176184	0.014896665855316946	0.17464760748059102	0.0031910408241696826
ja	1.0	0.012456993800955945	1.0	1.0	0.012178951060425526	0.002961535590621373	1.0	0.0025749455740401808	0.0032898811241760333	0.002685162360917688	0.3660254037844386	1.0	0.004325120491666214	0.005667987229959411	0.0030256069473314044	1.0	1.0	0.033374672410042903	1.0	1.0	1.0	0.003128196923643511	0.0033200102533806177	0.0061332320398305995	0.006398333560700827	0.3660254037844386	0.003367041345936343	1.0	0.010814602717781755	0.0032605736615504465	0.005845795210824323	1.0	0.24257131419419417	0.0045638876852272525	0.39564392373896007	0.585786437626905
ko	1.0	0.014769642363605647	1.0	1.0	0.017709633265392967	0.0336836697999539	1.0	0.005569537794679398	0.01573993642587913	0.0057298074463372406	0.3660254037844386	1.0	0.007739512297259774	0.007414609332307656	0.005976726731627242	1.0	1.0	0.05161584826075271	1.0	1.0	1.0	0.007237874402365953	0.006051049767060192	0.03614164758003611	0.008285842454627143	0.5	0.007035910368158252	1.0	0.02031445545352742	0.0074434897760257066	0.01024766260380502	1.0	0.26427884169111276	0.007976346463321644	0.39564392373896007	1.0
lv	1.0	0.017300061953369285	1.0	1.0	0.024659721392596985	0.029798168891490263	0.07296032639562015	0.007816308572713542	0.02506885233558816	0.011451729599014294	0.059915339396294544	0.09570191387801742	0.01044886697822615	0.010338674989062161	0.00875290524275591	0.033374672410042903	0.05161584826075271	1.0	0.1467614860213248	0.1876127897984334	0.353889367864523	0.01534329883048403	0.008581850178380823	0.035128092544939045	0.01183446860811197	0.04110594696463015	0.014337496919242918	0.5	0.04739098907125765	0.01778290297750025	0.022969622772966776	0.2791745113185196	0.3660254037844386	0.010521958463811175	0.23441237831492112	0.03361542943024606
mk	1.0	0.02100868749999034	1.0	1.0	0.0608417385233714	0.1380262631157473	1.0	0.011545807464699397	0.08598344475655936	0.044259226947666735	0.5	1.0	0.03400600381695262	0.014303370112280651	0.014667168371481569	1.0	1.0	0.1467614860213248	1.0	1.0	1.0	0.0564346415070154	0.01825836551672972	0.11285028951995753	0.019703650545752002	1.0	0.03230218050725886	1.0	0.06834562576577102	0.05777172237849091	0.08788466552584297	1.0	0.585786437626905	0.04476688498140789	0.585786437626905	1.0
ml	1.0	0.02816933353176256	1.0	1.0	0.10290397182775131	0.1896812679802183	1.0	0.021060181413434065	0.11881849050177154	0.0781224138966072	0.5	1.0	0.08312371330262043	0.01904522927010176	0.031545039028360686	1.0	1.0	0.1876127897984334	1.0	1.0	1.0	0.09434757007731875	0.03069644127015739	0.1274942921283477	0.0560851467837266	1.0	0.08510337521271417	1.0	0.13652705949581434	0.11417003203561367	0.131657717156152	1.0	0.3090169943749474	0.08052705118198444	0.585786437626905	1.0
mr	1.0	0.22772999919644132	1.0	1.0	0.27429188517743175	0.585786437626905	1.0	0.17151308576402147	0.28172904669025317	0.4142135623730951	1.0	1.0	0.2791745113185196	0.23497542908541053	0.3164309725825328	1.0	1.0	0.353889367864523	1.0	1.0	1.0	0.1991722655343916	0.2204812092115424	0.3266316347104093	0.2958163163244893	1.0	0.22966848451216434	1.0	0.3430703308172536	0.32449979983983984	0.3090169943749474	1.0	1.0	0.3090169943749474	1.0	1.0
nl	1.0	0.012947215073655894	1.0	0.353889367864523	0.011890961882813614	0.003992650235121165	0.010924624770243944	0.0108882077419061	0.005626565452983109	0.01053890057556836	0.016161229811850048	0.010048742991477419	0.00793513585712205	0.009189005758969145	0.009923174970600268	0.003128196923643511	0.007237874402365953	0.01534329883048403	0.0564346415070154	0.09434757007731875	0.1991722655343916	1.0	0.00897562087262084	0.005677056319865893	0.007804539987174311	0.004725053801778188	0.008702404932200872	0.4142135623730951	0.010430957750741867	0.007931783932272063	0.007862749663689845	0.156234931905558	0.06902530370933485	0.008048855146020025	0.21712927295533244	0.003353181463307009
pl	1.0	0.016273396004646147	0.585786437626905	0.44948974278317805	0.011539803314432294	0.004167793915365131	0.0073269623763632325	0.020871828886504986	0.006771875203035876	0.013251624978651615	0.008117325192205824	0.008794519167242955	0.010840699010435313	0.018264032389171105	0.01978724821944546	0.0033200102533806177	0.006051049767060192	0.008581850178380823	0.01825836551672972	0.03069644127015739	0.2204812092115424	0.00897562087262084	1.0	0.005889296307369527	0.017473303225243986	0.0046045354625778015	0.01233115047787996	0.44948974278317805	0.010340013497910961	0.010834319963260371	0.009447823816071703	0.13447180672888778	0.1391396888785926	0.014067361231206563	0.11653238776371297	0.003595426292662724
pt	1.0	0.011393719616997	1.0	0.585786437626905	0.011478303173437348	0.004812869813324843	0.04190681886115132	0.005860244163183263	0.005810709780924786	0.0055586232111314885	0.04352487980993817	0.05987909762976611	0.006685167378267143	0.007080763472979385	0.005642255854405102	0.0061332320398305995	0.03614164758003611	0.035128092544939045	0.11285028951995753	0.1274942921283477	0.3266316347104093	0.005677056319865893	0.005889296307369527	1.0	0.005866876739628265	0.0037997606126996286	0.005880013354288209	0.44948974278317805	0.02007102440962102	0.005641301590172262	0.005618662410846411	0.1896812679802183	0.13182141256241267	0.006897248444830862	0.25	0.006359928749152884
ro	0.585786437626905	0.021688709680122785	1.0	0.5	0.012061565268815041	0.006300207973217207	0.010699105277866938	0.024281842328467362	0.006995424796859451	0.011357675058456418	0.012559505284348097	0.010936698450374089	0.010693839525090182	0.021952153490054735	0.0154114452564845	0.006398333560700827	0.008285842454627143	0.01183446860811197	0.019703650545752002	0.0560851467837266	0.2958163163244893	0.007804539987174311	0.017473303225243986	0.005866876739628265	1.0	0.005094064636275255	0.012701022600576753	0.38742588672279304	0.013394918068182837	0.009228309746261567	0.011012715107461551	0.10589757606331061	0.3726822671238253	0.012380604343383431	0.13695800553530357	0.00641843733458796
ru	1.0	0.012008545039102968	1.0	1.0	0.010581878492308048	0.005455390789286598	0.5	0.0035999938643919392	0.006174716778626054	0.003931395234897127	0.34833147735478825	1.0	0.00564799956960107	0.006680969606478436	0.0043657609699459575	0.3660254037844386	0.5	0.04110594696463015	1.0	1.0	1.0	0.004725053801778188	0.0046045354625778015	0.0037997606126996286	0.005094064636275255	1.0	0.0025640854723527496	1.0	0.01637215542339633	0.00254461643348401	0.00419817104454115	1.0	0.1370210657559585	0.005843337216015259	0.5	0.4142135623730951
sh	1.0	0.01183870476566633	1.0	0.4364916731037085	0.010590935128743515	0.004405925524001786	0.009753723213461152	0.011883839927340979	0.006231124483267487	0.011822316972079418	0.01229277255897503	0.012104712494096089	0.008660853360192363	0.011638329528702614	0.01396156134370384	0.003367041345936343	0.007035910368158252	0.014337496919242918	0.03230218050725886	0.08510337521271417	0.22966848451216434	0.008702404932200872	0.01233115047787996	0.005880013354288209	0.012701022600576753	0.0025640854723527496	1.0	0.3660254037844386	0.013028484691741764	0.012220664328024067	0.009550737856627646	0.08117389516359308	0.3597752501562547	0.009512134986538785	0.17227977819471055	0.003640869806913185
si	1.0	0.27429188517743175	1.0	1.0	0.23582845781094	0.585786437626905	1.0	0.24594546944656887	0.585786437626905	0.36602540378443865	1.0	1.0	0.3430703308172536	0.2612038749637414	0.39564392373896007	1.0	1.0	0.5	1.0	1.0	1.0	0.4142135623730951	0.44948974278317805	0.44948974278317805	0.38742588672279304	1.0	0.3660254037844386	1.0	0.4364916731037085	0.44948974278317805	0.585786437626905	1.0	1.0	0.5	1.0	1.0
simple	1.0	0.01803953708669547	1.0	0.5	0.025898160438124252	0.009387812152458435	0.034269413326445924	0.010192630822743222	0.010115209619434814	0.010460986973534233	0.031112625786667628	0.03142850131226642	0.011472638855258349	0.010606941003111133	0.010552710504222216	0.010814602717781755	0.02031445545352742	0.04739098907125765	0.06834562576577102	0.13652705949581434	0.3430703308172536	0.010430957750741867	0.010340013497910961	0.02007102440962102	0.013394918068182837	0.01637215542339633	0.013028484691741764	0.4364916731037085	1.0	0.013193288586557604	0.020960941983617698	0.2222222222222222	0.16262867281881532	0.0105716403349077	0.2372732414640341	0.010048596444521045
sr	1.0	0.010591134842388779	1.0	0.38742588672279304	0.010365400397292673	0.0043179721005738815	0.014206107368076636	0.013070913109509082	0.0060852475740621964	0.010899439894326615	0.012627469916386325	0.018483033767083015	0.008156939116728885	0.01009041223414889	0.011324107404658106	0.0032605736615504465	0.0074434897760257066	0.01778290297750025	0.05777172237849091	0.11417003203561367	0.32449979983983984	0.007931783932272063	0.010834319963260371	0.005641301590172262	0.009228309746261567	0.00254461643348401	0.012220664328024067	0.44948974278317805	0.013193288586557604	1.0	0.009406302899502329	0.08598344475655936	0.31804217722192	0.008899414926186903	0.2070518364164892	0.00353477053114175
sv	1.0	0.01266518215998239	1.0	0.5	0.012026392670651634	0.005236024625513059	0.01840667250492293	0.010670016584356597	0.006772808512172542	0.008285411410112969	0.027359807442380892	0.022020702205167015	0.008429438054782207	0.009765945440217038	0.009330961571346271	0.005845795210824323	0.01024766260380502	0.022969622772966776	0.08788466552584297	0.131657717156152	0.3090169943749474	0.007862749663689845	0.009447823816071703	0.005618662410846411	0.011012715107461551	0.00419817104454115	0.009550737856627646	0.585786437626905	0.020960941983617698	0.009406302899502329	1.0	0.179128784747792	0.2218704056061979	0.008522709762874054	0.24660605559646726	0.00596891873160049
te	1.0	0.0674385578715825	1.0	1.0	0.1987625491245426	0.26968623182294527	1.0	0.04613615707039672	0.2012628451930092	0.131657717156152	1.0	1.0	0.2216368750839041	0.06729468566199329	0.11282329985847067	1.0	1.0	0.2791745113185196	1.0	1.0	1.0	0.156234931905558	0.13447180672888778	0.1896812679802183	0.10589757606331061	1.0	0.08117389516359308	1.0	0.2222222222222222	0.08598344475655936	0.179128784747792	1.0	0.3483314773547883	0.16666666666666666	1.0	1.0
tr	1.0	0.11185613883510107	-1.0	1.0	0.21754930766693192	0.1396846808319164	0.5	0.10675599997347018	0.1374041814479446	0.13750272474175002	0.5	0.4364916731037085	0.5	0.1346331154682693	0.14076256763176184	0.24257131419419417	0.26427884169111276	0.3660254037844386	0.585786437626905	0.3090169943749474	1.0	0.06902530370933485	0.1391396888785926	0.13182141256241267	0.3726822671238253	0.1370210657559585	0.3597752501562547	1.0	0.16262867281881532	0.31804217722192	0.2218704056061979	0.3483314773547883	1.0	0.25824569976124334	1.0	0.16462407202206505
vi	1.0	0.015045846929391411	1.0	0.3797958971132712	0.013370932626645227	0.004147015344050169	0.009753116372310551	0.01712632174886569	0.005591186135496278	0.010101084471873734	0.010376630234857768	0.010493671586712586	0.010196865966370582	0.013399506429645379	0.014896665855316946	0.0045638876852272525	0.007976346463321644	0.010521958463811175	0.04476688498140789	0.08052705118198444	0.3090169943749474	0.008048855146020025	0.014067361231206563	0.006897248444830862	0.012380604343383431	0.005843337216015259	0.009512134986538785	0.5	0.0105716403349077	0.008899414926186903	0.008522709762874054	0.16666666666666666	0.25824569976124334	1.0	0.18060693768197789	0.004479035843905595
war	1.0	0.07382540362298606	1.0	1.0	0.1788377977420068	0.26968623182294527	0.39564392373896007	0.08746658653867057	0.24415874992246042	0.19958473846444122	0.44948974278317805	0.585786437626905	0.1951941016011038	0.10494959081806482	0.17464760748059102	0.39564392373896007	0.39564392373896007	0.23441237831492112	0.585786437626905	0.585786437626905	1.0	0.21712927295533244	0.11653238776371297	0.25	0.13695800553530357	0.5	0.17227977819471055	1.0	0.2372732414640341	0.2070518364164892	0.24660605559646726	1.0	1.0	0.18060693768197789	1.0	0.39564392373896007
zh	1.0	0.013049040487683598	1.0	1.0	0.013565723609428723	0.0031232491984901217	1.0	0.0025680312856458413	0.003772230059870751	0.002831000795765719	0.3660254037844386	1.0	0.004383479214222375	0.005500655904040944	0.0031910408241696826	0.585786437626905	1.0	0.03361542943024606	1.0	1.0	1.0	0.003353181463307009	0.003595426292662724	0.006359928749152884	0.00641843733458796	0.4142135623730951	0.003640869806913185	1.0	0.010048596444521045	0.00353477053114175	0.00596891873160049	1.0	0.16462407202206505	0.004479035843905595	0.39564392373896007	1.0
