	arz	bs	da	de	el	en	es	fr	he	hi	hu	id	it	ja	ko	lv	mk	nl	pl	pt	ro	ru	sh	simple	sr	sv	vi	zh
arz	1.0	1.0	0.0	1.0	0.99	0.96	0.65	0.6	0.63	0.0	0.65	1.0	0.59	0.94	0.66	0.0	0.77	0.58	0.99	0.66	0.0	0.6	0.98	0.0	0.66	0.66	0.0	0.65
bs	1.0	1.0	0.93	0.23	0.28	0.32	0.29	0.26	0.34	0.0	0.37	1.0	0.4	0.47	0.55	0.59	0.38	0.46	0.35	0.37	0.85	0.33	0.56	0.0	0.32	0.57	0.51	0.35
da	0.0	0.93	1.0	0.64	0.97	0.46	0.47	0.77	0.94	0.0	0.85	0.0	0.55	0.78	0.6	0.0	0.85	0.84	0.76	0.79	0.0	0.29	1.0	0.0	0.58	0.68	0.0	0.98
de	1.0	0.23	0.64	1.0	0.25	0.14	0.28	0.76	0.25	0.98	0.23	0.57	0.31	0.47	0.25	0.47	0.46	0.63	0.14	0.22	0.47	0.21	0.24	0.95	0.14	0.41	0.5	0.61
el	0.99	0.28	0.97	0.25	1.0	0.43	0.42	0.43	0.42	0.0	0.3	1.0	0.35	0.7	0.74	0.65	0.53	0.33	0.65	0.31	0.6	0.34	0.59	1.0	0.42	0.52	0.5	0.61
en	0.96	0.32	0.46	0.14	0.43	1.0	0.47	0.26	0.37	0.98	0.3	0.49	0.39	0.75	0.63	0.36	0.55	0.45	0.19	0.54	0.52	0.39	0.48	0.5	0.14	0.2	0.47	0.36
es	0.65	0.29	0.47	0.28	0.42	0.47	1.0	0.24	0.28	1.0	0.26	0.93	0.41	0.45	0.42	0.84	0.49	0.23	0.17	0.32	0.41	0.17	0.29	0.73	0.13	0.2	0.51	0.4
fr	0.6	0.26	0.77	0.76	0.43	0.26	0.24	1.0	0.25	0.94	0.59	0.95	0.77	0.31	0.25	0.78	0.51	0.71	0.19	0.3	0.63	0.37	0.34	0.42	0.27	0.38	0.38	0.42
he	0.63	0.34	0.94	0.25	0.42	0.37	0.28	0.25	1.0	0.58	0.41	0.73	0.34	0.53	0.53	1.0	0.23	0.48	0.24	0.35	0.77	0.45	0.33	0.41	0.26	0.64	0.0	0.63
hi	0.0	0.0	0.0	0.98	0.0	0.98	1.0	0.94	0.58	1.0	0.0	0.0	0.0	0.0	0.0	0.0	0.0	0.0	0.0	0.0	0.0	0.55	0.0	0.0	1.0	0.0	0.0	0.0
hu	0.65	0.37	0.85	0.23	0.3	0.3	0.26	0.59	0.41	0.0	1.0	1.0	0.45	0.49	0.81	1.0	0.33	0.56	0.51	0.37	0.94	0.34	0.69	0.0	0.51	0.4	0.0	0.63
id	1.0	1.0	0.0	0.57	1.0	0.49	0.93	0.95	0.73	0.0	1.0	1.0	0.78	1.0	1.0	0.0	0.51	0.67	0.64	0.35	0.0	0.55	1.0	0.0	0.58	0.92	1.0	0.51
it	0.59	0.4	0.55	0.31	0.35	0.39	0.41	0.77	0.34	0.0	0.45	0.78	1.0	0.36	0.41	0.46	0.43	0.62	0.4	0.38	0.72	0.48	0.59	0.44	0.2	0.29	0.72	0.33
ja	0.94	0.47	0.78	0.47	0.7	0.75	0.45	0.31	0.53	0.0	0.49	1.0	0.36	1.0	0.66	1.0	0.6	0.67	0.34	0.44	0.0	0.32	0.67	0.0	0.57	0.73	0.0	0.47
ko	0.66	0.55	0.6	0.25	0.74	0.63	0.42	0.25	0.53	0.0	0.81	1.0	0.41	0.66	1.0	0.48	0.47	0.66	0.54	0.35	0.88	0.45	0.67	0.0	0.5	0.58	0.52	0.65
lv	0.0	0.59	0.0	0.47	0.65	0.36	0.84	0.78	1.0	0.0	1.0	0.0	0.46	1.0	0.48	1.0	0.57	0.87	0.61	0.51	1.0	0.6	0.61	0.0	0.61	1.0	0.44	0.63
mk	0.77	0.38	0.85	0.46	0.53	0.55	0.49	0.51	0.23	0.0	0.33	0.51	0.43	0.6	0.47	0.57	1.0	0.35	0.56	0.43	0.87	0.46	0.63	0.0	0.23	0.62	0.53	0.29
nl	0.58	0.46	0.84	0.63	0.33	0.45	0.23	0.71	0.48	0.0	0.56	0.67	0.62	0.67	0.66	0.87	0.35	1.0	0.38	0.33	1.0	0.27	0.77	0.8	0.37	0.42	0.0	0.83
pl	0.99	0.35	0.76	0.14	0.65	0.19	0.17	0.19	0.24	0.0	0.51	0.64	0.4	0.34	0.54	0.61	0.56	0.38	1.0	0.2	0.58	0.37	0.7	0.52	0.13	0.36	0.38	0.4
pt	0.66	0.37	0.79	0.22	0.31	0.54	0.32	0.3	0.35	0.0	0.37	0.35	0.38	0.44	0.35	0.51	0.43	0.33	0.2	1.0	1.0	0.41	0.46	1.0	0.3	0.36	0.64	0.28
ro	0.0	0.85	0.0	0.47	0.6	0.52	0.41	0.63	0.77	0.0	0.94	0.0	0.72	0.0	0.88	1.0	0.87	1.0	0.58	1.0	1.0	0.47	0.84	0.0	0.72	0.0	0.0	0.55
ru	0.6	0.33	0.29	0.21	0.34	0.39	0.17	0.37	0.45	0.55	0.34	0.55	0.48	0.32	0.45	0.6	0.46	0.27	0.37	0.41	0.47	1.0	0.55	0.43	0.18	0.27	0.46	0.3
sh	0.98	0.56	1.0	0.24	0.59	0.48	0.29	0.34	0.33	0.0	0.69	1.0	0.59	0.67	0.67	0.61	0.63	0.77	0.7	0.46	0.84	0.55	1.0	0.0	0.41	0.88	0.47	0.39
simple	0.0	0.0	0.0	0.95	1.0	0.5	0.73	0.42	0.41	0.0	0.0	0.0	0.44	0.0	0.0	0.0	0.0	0.8	0.52	1.0	0.0	0.43	0.0	1.0	0.0	0.0	0.0	0.0
sr	0.66	0.32	0.58	0.14	0.42	0.14	0.13	0.27	0.26	1.0	0.51	0.58	0.2	0.57	0.5	0.61	0.23	0.37	0.13	0.3	0.72	0.18	0.41	0.0	1.0	0.44	0.68	0.42
sv	0.66	0.57	0.68	0.41	0.52	0.2	0.2	0.38	0.64	0.0	0.4	0.92	0.29	0.73	0.58	1.0	0.62	0.42	0.36	0.36	0.0	0.27	0.88	0.0	0.44	1.0	0.0	0.49
vi	0.0	0.51	0.0	0.5	0.5	0.47	0.51	0.38	0.0	0.0	0.0	1.0	0.72	0.0	0.52	0.44	0.53	0.0	0.38	0.64	0.0	0.46	0.47	0.0	0.68	0.0	1.0	0.49
zh	0.65	0.35	0.98	0.61	0.61	0.36	0.4	0.42	0.63	0.0	0.63	0.51	0.33	0.47	0.65	0.63	0.29	0.83	0.4	0.28	0.55	0.3	0.39	0.0	0.42	0.49	0.49	1.0
