arz	bs	ceb	ckb	da	de	el	en	es	fr	he	hi	hu	id	it	ja	ko	lv	mk	ml	mr	nl	pl	pt	ro	ru	sh	si	simple	sr	sv	te	tr	vi	war	zh
arz	1.0	1.0	0.0	1.0	1.0	1.0	1.0	1.0	1.0	1.0	1.0	1.0	1.0	1.0	1.0	1.0	1.0	1.0	1.0	1.0	1.0	1.0	1.0	1.0	1.0	1.0	1.0	1.0	1.0	1.0	1.0	1.0	1.0	1.0	1.0	1.0
bs	1.0	1.0	1.0	1.0	0.4364916731037085	0.028095455839381476	0.07238337639077265	0.0424104458665675	0.009039405642713369	0.011299531181259554	0.1014196461075442	1.0	0.07781029985829661	0.1414134652211987	0.018545133270804405	0.020739156418190942	0.10527897835729316	1.0	0.001635786956791837	1.0	0.585786437626905	0.015823871660045633	0.002895581540784021	0.001976040031056636	0.05342010717633584	0.004605576951804358	0.009955247752611595	0.585786437626905	0.5	0.010026932445974896	0.02153054601351728	1.0	0.36602540378443865	0.05536720103731094	0.5	0.00852103329502343
ceb	0.0	1.0	1.0	0.0	1.0	1.0	0.0	1.0	1.0	1.0	1.0	1.0	1.0	1.0	1.0	1.0	1.0	1.0	1.0	1.0	0.0	1.0	1.0	1.0	1.0	1.0	1.0	1.0	1.0	1.0	1.0	0.0	-1.0	1.0	1.0	1.0
ckb	1.0	1.0	0.0	1.0	0.0	1.0	1.0	1.0	0.0	1.0	0.0	0.0	0.0	0.0	0.0	1.0	0.0	0.0	1.0	0.0	1.0	1.0	1.0	1.0	0.0	1.0	1.0	1.0	0.0	1.0	1.0	1.0	1.0	0.0	0.585786437626905	1.0
da	1.0	0.4364916731037085	1.0	0.0	1.0	1.0	0.585786437626905	0.39564392373896007	1.0	0.30383243470068705	1.0	1.0	0.5	1.0	1.0	1.0	0.585786437626905	1.0	1.0	1.0	1.0	1.0	1.0	1.0	0.4142135623730951	1.0	0.585786437626905	0.585786437626905	1.0	0.585786437626905	1.0	1.0	0.585786437626905	0.4364916731037085	0.585786437626905	1.0
de	1.0	0.028095455839381476	1.0	1.0	1.0	1.0	0.018805852117381255	0.023127134621834383	0.009326457468271388	0.03418429002811387	0.3333333333333333	1.0	0.022368948321619633	0.0281873380807564	0.036291702537563114	0.03499626985391785	0.018465056251158168	1.0	0.0036931062152390846	1.0	1.0	0.02094767046021817	0.003661732556366838	0.003576853597440627	0.01772365663589805	0.004236762125296807	0.026594675902637636	1.0	1.0	0.020298793094160054	0.029538797788152354	1.0	0.38742588672279304	0.018235863339881326	0.585786437626905	0.007216786413126069
el	1.0	0.07238337639077265	0.0	1.0	0.585786437626905	0.018805852117381255	1.0	0.08179664233241679	0.02199139108970626	0.08162229605609907	0.3164309725825328	1.0	0.1105995583253054	0.19135507354017298	0.04549134391615795	0.032770433564455394	0.12156419000433447	1.0	0.018387290719605667	1.0	1.0	0.07398930142330132	0.018409647389449182	0.0186486281286439	0.0945642908352325	0.021403999998110417	0.05218324102768742	1.0	1.0	0.023676460593644637	0.041630411501829695	1.0	0.585786437626905	0.06553658997548908	0.585786437626905	0.020215505534879843
en	1.0	0.0424104458665675	1.0	1.0	0.39564392373896007	0.023127134621834383	0.08179664233241679	1.0	0.008873047135692841	0.048367011433017554	0.06534154171512868	1.0	0.08049584669791111	0.14414205066474847	0.01832449246853265	0.017670240085746896	0.1098359739749988	1.0	0.005681241786530354	1.0	1.0	0.039574134795074725	0.005322940767160736	0.0053712397957811206	0.06171946116181774	0.005899891088873309	0.04525979647231629	1.0	0.5	0.030681919284368402	0.023484131272635073	1.0	0.2958163163244893	0.07093475813771521	0.585786437626905	0.008105276295247424
es	1.0	0.009039405642713369	1.0	0.0	1.0	0.009326457468271388	0.02199139108970626	0.008873047135692841	1.0	0.008745585508942645	0.5	1.0	0.020863457425538936	0.026425450975062534	0.0975674074470114	0.131657717156152	0.01732331542805997	1.0	0.06306101459887883	1.0	1.0	0.008827111797683293	0.05181938995381085	0.0553546259417013	0.01235460608924002	0.05599193398089096	0.00905513102877774	1.0	1.0	0.009118785811853696	0.09273191874326689	1.0	0.5	0.011353846921307444	0.585786437626905	0.02175441557739672
fr	1.0	0.011299531181259554	1.0	1.0	0.30383243470068705	0.03418429002811387	0.08162229605609907	0.048367011433017554	0.008745585508942645	1.0	0.08952980577512513	1.0	0.082036084568985	0.13641166179408062	0.01918730174091152	0.01934256637531744	0.1088278373466228	1.0	0.0027280844687595663	1.0	1.0	0.01183029758391917	0.003191849898650963	0.0026680386186824635	0.06233786323731053	0.004187550201329233	0.010796300488079707	1.0	0.39564392373896007	0.011564289912600313	0.021074165298943518	1.0	0.3380788308512194	0.0742807170899569	0.585786437626905	0.007703313793535124
he	1.0	0.1014196461075442	1.0	0.0	1.0	0.3333333333333333	0.3164309725825328	0.06534154171512868	0.5	0.08952980577512513	1.0	1.0	0.38742588672279304	1.0	0.44948974278317805	0.5	0.14107096095941454	1.0	1.0	1.0	1.0	0.14937392207267955	0.5	0.44948974278317805	0.17050763999009447	0.44948974278317805	0.39564392373896	1.0	1.0	0.38742588672279304	1.0	1.0	0.585786437626905	0.5	0.585786437626905	0.5
hi	1.0	1.0	1.0	0.0	1.0	1.0	1.0	1.0	1.0	1.0	1.0	1.0	1.0	1.0	1.0	1.0	1.0	1.0	1.0	1.0	1.0	1.0	1.0	1.0	1.0	1.0	0.0	1.0	1.0	1.0	1.0	1.0	1.0	1.0	0.585786437626905	1.0
hu	1.0	0.07781029985829661	1.0	0.0	0.5	0.022368948321619633	0.1105995583253054	0.08049584669791111	0.020863457425538936	0.082036084568985	0.38742588672279304	1.0	1.0	0.16338786862540958	0.03861395933891973	0.030110652826377336	0.08793802777625716	1.0	0.02081642392715089	1.0	1.0	0.0705469832369993	0.02030453400346793	0.02083711417303268	0.07423875893555153	0.023545701042142844	0.042657735656823494	1.0	0.5	0.02438120328817423	0.035923889629548914	1.0	1.0	0.06275121127444372	0.585786437626905	0.020097671151192865
id	1.0	0.1414134652211987	1.0	0.0	1.0	0.0281873380807564	0.19135507354017298	0.14414205066474847	0.026425450975062534	0.13641166179408062	1.0	1.0	0.16338786862540958	1.0	0.0569680200148541	0.03490717779106855	0.15001159963150715	1.0	0.026376832648243483	1.0	1.0	0.07589381858287655	0.025886542225257568	0.026399813794755565	0.1347548300688552	0.030080867953280944	0.03858025588958075	1.0	1.0	0.027676704300494195	0.04082679879998914	1.0	0.3259804096326177	0.07330197680789932	0.585786437626905	0.02645240703296186
it	1.0	0.018545133270804405	1.0	0.0	1.0	0.036291702537563114	0.04549134391615795	0.01832449246853265	0.0975674074470114	0.01918730174091152	0.44948974278317805	1.0	0.03861395933891973	0.0569680200148541	1.0	0.11391882252349257	0.03746716217916865	1.0	0.08481615148901829	1.0	1.0	0.018197613161084744	0.027571791542380483	0.05751160406962335	0.032516291039750025	0.029574775868161617	0.028680881404067597	1.0	1.0	0.034202158478417434	0.1200584472928253	1.0	0.4142135623730951	0.030787447589671356	0.585786437626905	0.050640576637974076
ja	1.0	0.020739156418190942	1.0	1.0	1.0	0.03499626985391785	0.032770433564455394	0.017670240085746896	0.131657717156152	0.01934256637531744	0.5	1.0	0.030110652826377336	0.03490717779106855	0.11391882252349257	1.0	0.0286214292921783	1.0	0.14328432723886902	1.0	1.0	0.020054887319792946	0.0994491992362644	0.10874852244981609	0.027929879857248485	0.09881836933309901	0.032736032613248485	1.0	1.0	0.034921282669017346	0.10179280191330993	1.0	0.5	0.026414605898797662	0.585786437626905	0.10041815205064128
ko	1.0	0.10527897835729316	1.0	0.0	0.585786437626905	0.018465056251158168	0.12156419000433447	0.1098359739749988	0.01732331542805997	0.1088278373466228	0.14107096095941454	1.0	0.08793802777625716	0.15001159963150715	0.03746716217916865	0.0286214292921783	1.0	1.0	0.01775227029447465	1.0	1.0	0.1020569139331014	0.01689044312924003	0.016649645283744074	0.09267725575108605	0.020235298282900185	0.05076265187874515	1.0	1.0	0.023698563634217417	0.03896062317378065	1.0	1.0	0.08774711328112761	0.585786437626905	0.016778443590055068
lv	1.0	1.0	1.0	0.0	1.0	1.0	1.0	1.0	1.0	1.0	1.0	1.0	1.0	1.0	1.0	1.0	1.0	1.0	1.0	1.0	1.0	1.0	1.0	1.0	1.0	1.0	0.0	1.0	1.0	1.0	1.0	1.0	1.0	1.0	0.585786437626905	1.0
mk	1.0	0.001635786956791837	1.0	1.0	1.0	0.0036931062152390846	0.018387290719605667	0.005681241786530354	0.06306101459887883	0.0027280844687595663	1.0	1.0	0.02081642392715089	0.026376832648243483	0.08481615148901829	0.14328432723886902	0.01775227029447465	1.0	1.0	1.0	1.0	0.0016754351041503629	0.001985079715531836	0.00294317459975887	0.011991361601241885	0.0017512234520810348	0.002171730993910575	1.0	1.0	0.0016338587640506708	0.04569898652536037	1.0	1.0	0.010198450774527024	0.585786437626905	0.002969693131283392
ml	1.0	1.0	1.0	0.0	1.0	1.0	1.0	1.0	1.0	1.0	1.0	1.0	1.0	1.0	1.0	1.0	1.0	1.0	1.0	1.0	1.0	1.0	1.0	1.0	1.0	1.0	0.0	1.0	1.0	1.0	1.0	1.0	1.0	1.0	0.585786437626905	1.0
mr	1.0	0.585786437626905	0.0	1.0	1.0	1.0	1.0	1.0	1.0	1.0	1.0	1.0	1.0	1.0	1.0	1.0	1.0	1.0	1.0	1.0	1.0	1.0	1.0	1.0	1.0	1.0	0.585786437626905	1.0	1.0	1.0	1.0	1.0	1.0	1.0	0.585786437626905	1.0
nl	1.0	0.015823871660045633	1.0	1.0	1.0	0.02094767046021817	0.07398930142330132	0.039574134795074725	0.008827111797683293	0.01183029758391917	0.14937392207267955	1.0	0.0705469832369993	0.07589381858287655	0.018197613161084744	0.020054887319792946	0.1020569139331014	1.0	0.0016754351041503629	1.0	1.0	1.0	0.002951287234886183	0.0020117133222777223	0.060197245537539315	0.004640911291014707	0.01047602973820727	0.585786437626905	1.0	0.010719217271230395	0.021262464836237668	1.0	0.3726822671238253	0.0704466999303809	0.585786437626905	0.008269033953795222
pl	1.0	0.002895581540784021	1.0	1.0	1.0	0.003661732556366838	0.018409647389449182	0.005322940767160736	0.05181938995381085	0.003191849898650963	0.5	1.0	0.02030453400346793	0.025886542225257568	0.027571791542380483	0.0994491992362644	0.01689044312924003	1.0	0.001985079715531836	1.0	1.0	0.002951287234886183	1.0	0.0020654667458850405	0.011811174187058286	0.002578313613975349	0.003079311362146393	1.0	1.0	0.0028972077805504773	0.04223087472908044	1.0	0.44948974278317805	0.009996059917009961	0.585786437626905	0.002907171971655058
pt	1.0	0.001976040031056636	1.0	1.0	1.0	0.003576853597440627	0.0186486281286439	0.0053712397957811206	0.0553546259417013	0.0026680386186824635	0.44948974278317805	1.0	0.02083711417303268	0.026399813794755565	0.05751160406962335	0.10874852244981609	0.016649645283744074	1.0	0.00294317459975887	1.0	1.0	0.0020117133222777223	0.0020654667458850405	1.0	0.011902802367531379	0.0019310331756258775	0.002306285461332607	1.0	1.0	0.0019817853102609556	0.0405085155236246	1.0	0.3660254037844386	0.010063972080163791	0.585786437626905	0.002841607331201301
ro	1.0	0.05342010717633584	1.0	0.0	0.4142135623730951	0.01772365663589805	0.0945642908352325	0.06171946116181774	0.01235460608924002	0.06233786323731053	0.17050763999009447	1.0	0.07423875893555153	0.1347548300688552	0.032516291039750025	0.027929879857248485	0.09267725575108605	1.0	0.011991361601241885	1.0	1.0	0.060197245537539315	0.011811174187058286	0.011902802367531379	1.0	0.01476881324604601	0.04565805942807895	1.0	0.4142135623730951	0.02026005676269167	0.032820666075395966	1.0	0.5	0.05651700858058982	0.585786437626905	0.011944456568712437
ru	1.0	0.004605576951804358	1.0	1.0	1.0	0.004236762125296807	0.021403999998110417	0.005899891088873309	0.05599193398089096	0.004187550201329233	0.44948974278317805	1.0	0.023545701042142844	0.030080867953280944	0.029574775868161617	0.09881836933309901	0.020235298282900185	1.0	0.0017512234520810348	1.0	1.0	0.004640911291014707	0.002578313613975349	0.0019310331756258775	0.01476881324604601	1.0	0.004118168040818142	1.0	1.0	0.004518238326223582	0.04245852208118193	1.0	0.44948974278317805	0.012445965589627428	0.585786437626905	0.003852482804209506
sh	1.0	0.009955247752611595	1.0	1.0	0.585786437626905	0.026594675902637636	0.05218324102768742	0.04525979647231629	0.00905513102877774	0.010796300488079707	0.39564392373896	0.0	0.042657735656823494	0.03858025588958075	0.028680881404067597	0.032736032613248485	0.05076265187874515	0.0	0.002171730993910575	0.0	0.585786437626905	0.01047602973820727	0.003079311362146393	0.002306285461332607	0.04565805942807895	0.004118168040818142	1.0	1.0	1.0	0.009761703780749887	0.025586605658278097	1.0	0.24210172369314836	0.053132783133268024	0.44948974278317805	0.00819901783598067
si	1.0	0.585786437626905	1.0	1.0	0.585786437626905	1.0	1.0	1.0	1.0	1.0	1.0	1.0	1.0	1.0	1.0	1.0	1.0	1.0	1.0	1.0	1.0	0.585786437626905	1.0	1.0	1.0	1.0	1.0	1.0	1.0	1.0	1.0	1.0	1.0	1.0	1.0	1.0
simple	1.0	0.5	1.0	0.0	1.0	1.0	1.0	0.5	1.0	0.39564392373896007	1.0	1.0	0.5	1.0	1.0	1.0	1.0	1.0	1.0	1.0	1.0	1.0	1.0	1.0	0.4142135623730951	1.0	1.0	1.0	1.0	1.0	1.0	1.0	0.585786437626905	1.0	0.585786437626905	1.0
sr	1.0	0.010026932445974896	1.0	1.0	0.585786437626905	0.020298793094160054	0.023676460593644637	0.030681919284368402	0.009118785811853696	0.011564289912600313	0.38742588672279304	1.0	0.02438120328817423	0.027676704300494195	0.034202158478417434	0.034921282669017346	0.023698563634217417	1.0	0.0016338587640506708	1.0	1.0	0.010719217271230395	0.0028972077805504773	0.0019817853102609556	0.02026005676269167	0.004518238326223582	0.009761703780749887	1.0	1.0	1.0	0.03550902624683888	1.0	1.0	0.022201262035680038	0.585786437626905	0.008192743998139932
sv	1.0	0.02153054601351728	1.0	1.0	1.0	0.029538797788152354	0.041630411501829695	0.023484131272635073	0.09273191874326689	0.021074165298943518	1.0	1.0	0.035923889629548914	0.04082679879998914	0.1200584472928253	0.10179280191330993	0.03896062317378065	1.0	0.04569898652536037	1.0	1.0	0.021262464836237668	0.04223087472908044	0.0405085155236246	0.032820666075395966	0.04245852208118193	0.025586605658278097	1.0	1.0	0.03550902624683888	1.0	1.0	0.4142135623730951	0.03307830662764179	0.585786437626905	0.06136630909346755
te	1.0	1.0	0.0	1.0	1.0	1.0	1.0	1.0	1.0	1.0	1.0	1.0	1.0	1.0	1.0	1.0	1.0	1.0	1.0	1.0	1.0	1.0	1.0	1.0	1.0	1.0	1.0	1.0	1.0	1.0	1.0	1.0	1.0	1.0	1.0	1.0
tr	1.0	0.36602540378443865	-1.0	1.0	0.585786437626905	0.38742588672279304	0.585786437626905	0.2958163163244893	0.5	0.3380788308512194	0.585786437626905	1.0	1.0	0.3259804096326177	0.4142135623730951	0.5	1.0	1.0	1.0	1.0	1.0	0.3726822671238253	0.44948974278317805	0.3660254037844386	0.5	0.44948974278317805	0.24210172369314836	1.0	0.585786437626905	1.0	0.4142135623730951	1.0	1.0	1.0	0.585786437626905	0.36602540378443865
vi	1.0	0.05536720103731094	1.0	0.0	0.4364916731037085	0.018235863339881326	0.06553658997548908	0.07093475813771521	0.011353846921307444	0.0742807170899569	0.5	1.0	0.06275121127444372	0.07330197680789932	0.030787447589671356	0.026414605898797662	0.08774711328112761	1.0	0.010198450774527024	1.0	1.0	0.0704466999303809	0.009996059917009961	0.010063972080163791	0.05651700858058982	0.012445965589627428	0.053132783133268024	1.0	1.0	0.022201262035680038	0.03307830662764179	1.0	1.0	1.0	0.585786437626905	0.010745999237984258
war	1.0	0.5	1.0	0.585786437626905	0.585786437626905	0.585786437626905	0.585786437626905	0.585786437626905	0.585786437626905	0.585786437626905	0.585786437626905	0.585786437626905	0.585786437626905	0.585786437626905	0.585786437626905	0.585786437626905	0.585786437626905	0.585786437626905	0.585786437626905	0.585786437626905	0.585786437626905	0.585786437626905	0.585786437626905	0.585786437626905	0.585786437626905	0.585786437626905	0.44948974278317805	1.0	0.585786437626905	0.585786437626905	0.585786437626905	1.0	0.585786437626905	0.585786437626905	1.0	0.585786437626905
zh	1.0	0.00852103329502343	1.0	1.0	1.0	0.007216786413126069	0.020215505534879843	0.008105276295247424	0.02175441557739672	0.007703313793535124	0.5	1.0	0.020097671151192865	0.02645240703296186	0.050640576637974076	0.10041815205064128	0.016778443590055068	1.0	0.002969693131283392	1.0	1.0	0.008269033953795222	0.002907171971655058	0.002841607331201301	0.011944456568712437	0.003852482804209506	0.00819901783598067	1.0	1.0	0.008192743998139932	0.06136630909346755	1.0	0.36602540378443865	0.010745999237984258	0.585786437626905	1.0
