arz	bs	ceb	ckb	da	de	el	en	es	fr	he	hi	hu	id	it	ja	ko	lv	mk	ml	mr	nl	pl	pt	ro	ru	sh	si	simple	sr	sv	te	vi	war	zh
arz	1.0	0.045454545454545456	0.0	0.0	0.0	0.019230769230769232	0.0	0.00625	0.014925373134328358	0.0	0.0	0.0	0.0	0.06666666666666667	0.0	0.0	0.022988505747126436	0.0	0.038461538461538464	0.05263157894736842	0.0	0.0	0.05263157894736842	0.015625	0.016129032258064516	0.0	0.03571428571428571	0.0	0.0	0.0	0.0	0.0	0.03125	0.0	0.0
bs	0.045454545454545456	1.0	0.0	0.08823529411764706	0.07446808510638298	0.05555555555555555	0.15151515151515152	0.04716981132075472	0.023809523809523808	0.022727272727272728	0.03125	0.015384615384615385	0.10948905109489052	0.14814814814814814	0.0625	0.03676470588235294	0.20967741935483872	0.0958904109589041	0.1	0.05194805194805195	0.03076923076923077	0.053763440860215055	0.030612244897959183	0.13513513513513514	0.12727272727272726	0.037383177570093455	0.19	0.0	0.0759493670886076	0.15584415584415584	0.04597701149425287	0.0	0.056179775280898875	0.0	0.10227272727272728
ceb	0.0	0.0	0.0	0.0	0.0	0.0	0.0	0.0	0.0	0.0	0.0	0.0	0.0	0.0	0.0	0.0	0.0	0.0	0.0	0.0	0.0	0.0	0.0	0.0	0.0	0.0	0.0	0.0	0.0	0.0	0.0	0.0	0.0	0.0	0.0
ckb	0.0	0.08823529411764706	0.0	1.0	0.022727272727272728	0.03571428571428571	0.017543859649122806	0.012195121951219513	0.013888888888888888	0.008130081300813009	0.04878048780487805	0.1111111111111111	0.010526315789473684	0.027777777777777776	0.015503875968992248	0.011904761904761904	0.03296703296703297	0.0	0.06666666666666667	0.08695652173913043	0.0	0.0	0.022727272727272728	0.014492753623188406	0.030303030303030304	0.0	0.03278688524590164	0.0	0.03571428571428571	0.06451612903225806	0.029411764705882353	0.0	0.0	0.0	0.014705882352941176
da	0.0	0.07446808510638298	0.0	0.022727272727272728	1.0	0.011904761904761904	0.04938271604938271	0.015789473684210527	0.010101010101010102	0.013422818791946308	0.0	0.027777777777777776	0.05128205128205128	0.03225806451612903	0.039473684210526314	0.01818181818181818	0.05217391304347826	0.02	0.03508771929824561	0.0196078431372549	0.0	0.029850746268656716	0.02857142857142857	0.031914893617021274	0.06741573033707865	0.0379746835443038	0.07142857142857142	0.0	0.01818181818181818	0.05263157894736842	0.03333333333333333	0.0	0.031746031746031744	0.0	0.024844720496894408
de	0.019230769230769232	0.05555555555555555	0.0	0.03571428571428571	0.011904761904761904	1.0	0.0425531914893617	0.019801980198019802	0.008928571428571428	0.025	0.0375	0.0	0.046153846153846156	0.04054054054054054	0.030120481927710843	0.016260162601626018	0.03875968992248062	0.0	0.043478260869565216	0.031746031746031744	0.0	0.012345679012345678	0.04938271604938271	0.03773584905660377	0.018867924528301886	0.010638297872340425	0.019801980198019802	0.0	0.014705882352941176	0.0	0.0273972602739726	0.0	0.0	0.0	0.05325443786982249
el	0.0	0.15151515151515152	0.0	0.017543859649122806	0.04938271604938271	0.0425531914893617	1.0	0.019801980198019802	0.03669724770642202	0.031446540880503145	0.0375	0.0	0.0967741935483871	0.0547945205479452	0.06875	0.03305785123966942	0.10743801652892562	0.015873015873015872	0.043478260869565216	0.04838709677419355	0.0	0.012345679012345678	0.036585365853658534	0.12244897959183673	0.08	0.05555555555555555	0.11956521739130435	0.0	0.014705882352941176	0.057971014492753624	0.056338028169014086	0.0	0.11428571428571428	0.0	0.0658682634730539
en	0.00625	0.04716981132075472	0.0	0.012195121951219513	0.015789473684210527	0.019801980198019802	0.019801980198019802	1.0	0.03271028037383177	0.05019305019305019	0.0213903743315508	0.0	0.05172413793103448	0.027777777777777776	0.0648854961832061	0.04954954954954955	0.02109704641350211	0.005847953216374269	0.011235955056179775	0.005813953488372093	0.0	0.021505376344086023	0.026595744680851064	0.009259259259259259	0.02857142857142857	0.009950248756218905	0.02926829268292683	0.0	0.017241379310344827	0.022598870056497175	0.016666666666666666	0.0	0.02197802197802198	0.0	0.047619047619047616
es	0.014925373134328358	0.023809523809523808	0.0	0.013888888888888888	0.010101010101010102	0.008928571428571428	0.03669724770642202	0.03271028037383177	1.0	0.011299435028248588	0.010309278350515464	0.0	0.07857142857142857	0.033707865168539325	0.03333333333333333	0.014492753623188406	0.027586206896551724	0.01282051282051282	0.023529411764705882	0.0	0.0	0.010416666666666666	0.030927835051546393	0.0	0.025	0.018518518518518517	0.02608695652173913	0.0	0.012048192771084338	0.023255813953488372	0.011235955056179775	0.0	0.02197802197802198	0.0	0.026595744680851064
fr	0.0	0.022727272727272728	0.0	0.008130081300813009	0.013422818791946308	0.025	0.031446540880503145	0.05019305019305019	0.011299435028248588	1.0	0.027586206896551724	0.0	0.035897435897435895	0.02142857142857143	0.06756756756756757	0.055248618784530384	0.041666666666666664	0.015625	0.014705882352941176	0.0234375	0.0	0.020689655172413793	0.006666666666666667	0.017341040462427744	0.023529411764705882	0.025477707006369428	0.018072289156626505	0.0	0.0	0.0	0.014388489208633094	0.0	0.014084507042253521	0.0	0.05627705627705628
he	0.0	0.03125	0.0	0.04878048780487805	0.0	0.0375	0.0375	0.0213903743315508	0.010309278350515464	0.027586206896551724	1.0	0.0	0.04310344827586207	0.08771929824561403	0.07586206896551724	0.03773584905660377	0.0625	0.0	0.05555555555555555	0.0	0.0	0.0	0.014492753623188406	0.04395604395604396	0.09411764705882353	0.0	0.08641975308641975	0.0	0.018867924528301886	0.017543859649122806	0.0	0.0	0.016129032258064516	0.0	0.03821656050955414
hi	0.0	0.015384615384615385	0.0	0.1111111111111111	0.027777777777777776	0.0	0.0	0.0	0.0	0.0	0.0	1.0	0.0	0.0	0.00819672131147541	0.0	0.011764705882352941	0.0	0.0	0.0	0.0	0.0	0.0	0.01639344262295082	0.0	0.0	0.0	0.0	0.0	0.041666666666666664	0.0	0.0	0.0	0.0	0.0
hu	0.0	0.10948905109489052	0.0	0.010526315789473684	0.05128205128205128	0.046153846153846156	0.0967741935483871	0.05172413793103448	0.07857142857142857	0.035897435897435895	0.04310344827586207	0.0	1.0	0.06481481481481481	0.08854166666666667	0.05161290322580645	0.11688311688311688	0.02	0.057692307692307696	0.04040404040404041	0.011363636363636364	0.008403361344537815	0.0423728813559322	0.0962962962962963	0.09774436090225563	0.015267175572519083	0.11023622047244094	0.0	0.028846153846153848	0.04716981132075472	0.046296296296296294	0.0	0.06422018348623854	0.0	0.09644670050761421
id	0.06666666666666667	0.14814814814814814	0.0	0.027777777777777776	0.03225806451612903	0.04054054054054054	0.0547945205479452	0.027777777777777776	0.033707865168539325	0.02142857142857143	0.08771929824561403	0.0	0.06481481481481481	1.0	0.034482758620689655	0.04	0.0660377358490566	0.023809523809523808	0.0625	0.0	0.034482758620689655	0.016666666666666666	0.04918032786885246	0.047058823529411764	0.10126582278481013	0.027777777777777776	0.10810810810810811	0.0	0.043478260869565216	0.061224489795918366	0.018867924528301886	0.0	0.03636363636363636	0.0	0.06802721088435375
it	0.0	0.0625	0.0	0.015503875968992248	0.039473684210526314	0.030120481927710843	0.06875	0.0648854961832061	0.03333333333333333	0.06756756756756757	0.07586206896551724	0.00819672131147541	0.08854166666666667	0.034482758620689655	1.0	0.03125	0.10695187165775401	0.014814814814814815	0.006944444444444444	0.014705882352941176	0.0	0.026490066225165563	0.032679738562091505	0.045714285714285714	0.09036144578313253	0.037037037037037035	0.05389221556886228	0.0	0.0364963503649635	0.057971014492753624	0.0136986301369863	0.0	0.02027027027027027	0.0	0.10087719298245613
ja	0.0	0.03676470588235294	0.0	0.011904761904761904	0.01818181818181818	0.016260162601626018	0.03305785123966942	0.04954954954954955	0.014492753623188406	0.055248618784530384	0.03773584905660377	0.0	0.05161290322580645	0.04	0.03125	1.0	0.05921052631578947	0.011111111111111112	0.03125	0.033707865168539325	0.0	0.009259259259259259	0.037037037037037035	0.05384615384615385	0.022727272727272728	0.016666666666666666	0.04838709677419355	0.0	0.010526315789473684	0.02040816326530612	0.009900990099009901	0.0	0.019417475728155338	0.0	0.03535353535353535
ko	0.022988505747126436	0.20967741935483872	0.0	0.03296703296703297	0.05217391304347826	0.03875968992248062	0.10743801652892562	0.02109704641350211	0.027586206896551724	0.041666666666666664	0.0625	0.011764705882352941	0.11688311688311688	0.0660377358490566	0.10695187165775401	0.05921052631578947	1.0	0.05263157894736842	0.06930693069306931	0.052083333333333336	0.011627906976744186	0.008547008547008548	0.01680672268907563	0.11450381679389313	0.125	0.03968253968253968	0.12096774193548387	0.0	0.05	0.06862745098039216	0.01834862385321101	0.0	0.045871559633027525	0.0	0.12041884816753927
lv	0.0	0.0958904109589041	0.0	0.0	0.02	0.0	0.015873015873015872	0.005847953216374269	0.01282051282051282	0.015625	0.0	0.0	0.02	0.023809523809523808	0.014814814814814815	0.011111111111111112	0.05263157894736842	1.0	0.0	0.06896551724137931	0.0625	0.043478260869565216	0.0	0.02702702702702703	0.05714285714285714	0.03389830508474576	0.029850746268656716	0.0	0.06060606060606061	0.05405405405405406	0.0	0.0	0.047619047619047616	0.0	0.02127659574468085
mk	0.038461538461538464	0.1	0.0	0.06666666666666667	0.03508771929824561	0.043478260869565216	0.043478260869565216	0.011235955056179775	0.023529411764705882	0.014705882352941176	0.05555555555555555	0.0	0.057692307692307696	0.0625	0.006944444444444444	0.03125	0.06930693069306931	0.0	1.0	0.05405405405405406	0.0	0.01818181818181818	0.07272727272727272	0.09090909090909091	0.06493506493506493	0.014705882352941176	0.1	0.0	0.04878048780487805	0.06818181818181818	0.020833333333333332	0.0	0.08333333333333333	0.0	0.02702702702702703
ml	0.05263157894736842	0.05194805194805195	0.0	0.08695652173913043	0.0196078431372549	0.031746031746031744	0.04838709677419355	0.005813953488372093	0.0	0.0234375	0.0	0.0	0.04040404040404041	0.0	0.014705882352941176	0.033707865168539325	0.052083333333333336	0.06896551724137931	0.05405405405405406	1.0	0.0	0.020833333333333332	0.061224489795918366	0.04054054054054054	0.056338028169014086	0.0	0.1111111111111111	0.0	0.0	0.02564102564102564	0.0	0.0	0.022727272727272728	0.0	0.028368794326241134
mr	0.0	0.03076923076923077	0.0	0.0	0.0	0.0	0.0	0.0	0.0	0.0	0.0	0.0	0.011363636363636364	0.034482758620689655	0.0	0.0	0.011627906976744186	0.0625	0.0	0.0	1.0	0.0	0.0	0.0	0.0	0.02127659574468085	0.01818181818181818	0.0	0.0	0.04	0.0	0.0	0.03333333333333333	0.0	0.0
nl	0.0	0.053763440860215055	0.0	0.0	0.029850746268656716	0.012345679012345678	0.012345679012345678	0.021505376344086023	0.010416666666666666	0.020689655172413793	0.0	0.0	0.008403361344537815	0.016666666666666666	0.026490066225165563	0.009259259259259259	0.008547008547008548	0.043478260869565216	0.01818181818181818	0.020833333333333332	0.0	1.0	0.014705882352941176	0.010752688172043012	0.022222222222222223	0.01282051282051282	0.023529411764705882	0.0	0.019230769230769232	0.03636363636363636	0.0	0.0	0.01639344262295082	0.0	0.038461538461538464
pl	0.05263157894736842	0.030612244897959183	0.0	0.022727272727272728	0.02857142857142857	0.04938271604938271	0.036585365853658534	0.026595744680851064	0.030927835051546393	0.006666666666666667	0.014492753623188406	0.0	0.0423728813559322	0.04918032786885246	0.032679738562091505	0.037037037037037035	0.01680672268907563	0.0	0.07272727272727272	0.061224489795918366	0.0	0.014705882352941176	1.0	0.043010752688172046	0.04395604395604396	0.0379746835443038	0.046511627906976744	0.0	0.01818181818181818	0.0	0.03333333333333333	0.0	0.04838709677419355	0.0	0.03773584905660377
pt	0.015625	0.13513513513513514	0.0	0.014492753623188406	0.031914893617021274	0.03773584905660377	0.12244897959183673	0.009259259259259259	0.0	0.017341040462427744	0.04395604395604396	0.01639344262295082	0.0962962962962963	0.047058823529411764	0.045714285714285714	0.05384615384615385	0.11450381679389313	0.02702702702702703	0.09090909090909091	0.04054054054054054	0.0	0.010752688172043012	0.043010752688172046	1.0	0.07142857142857142	0.0594059405940594	0.10576923076923077	0.0	0.05194805194805195	0.0759493670886076	0.023529411764705882	0.0	0.034482758620689655	0.0	0.08571428571428572
ro	0.016129032258064516	0.12727272727272726	0.0	0.030303030303030304	0.06741573033707865	0.018867924528301886	0.08	0.02857142857142857	0.025	0.023529411764705882	0.09411764705882353	0.0	0.09774436090225563	0.10126582278481013	0.09036144578313253	0.022727272727272728	0.125	0.05714285714285714	0.06493506493506493	0.056338028169014086	0.0	0.022222222222222223	0.04395604395604396	0.07142857142857142	1.0	0.019417475728155338	0.08653846153846154	0.0	0.11267605633802817	0.07792207792207792	0.011904761904761904	0.0	0.03529411764705882	0.0	0.08670520231213873
ru	0.0	0.037383177570093455	0.0	0.0	0.0379746835443038	0.010638297872340425	0.05555555555555555	0.009950248756218905	0.018518518518518517	0.025477707006369428	0.0	0.0	0.015267175572519083	0.027777777777777776	0.037037037037037035	0.016666666666666666	0.03968253968253968	0.03389830508474576	0.014705882352941176	0.0	0.02127659574468085	0.01282051282051282	0.0379746835443038	0.0594059405940594	0.019417475728155338	1.0	0.041666666666666664	0.0	0.03125	0.029411764705882353	0.02857142857142857	0.0	0.0273972602739726	0.0	0.023391812865497075
sh	0.03571428571428571	0.19	0.0	0.03278688524590164	0.07142857142857142	0.019801980198019802	0.11956521739130435	0.02926829268292683	0.02608695652173913	0.018072289156626505	0.08641975308641975	0.0	0.11023622047244094	0.10810810810810811	0.05389221556886228	0.04838709677419355	0.12096774193548387	0.029850746268656716	0.1	0.1111111111111111	0.01818181818181818	0.023529411764705882	0.046511627906976744	0.10576923076923077	0.08653846153846154	0.041666666666666664	1.0	0.0	0.05714285714285714	0.09859154929577464	0.02564102564102564	0.0	0.09210526315789473	0.0	0.045714285714285714
si	0.0	0.0	0.0	0.0	0.0	0.0	0.0	0.0	0.0	0.0	0.0	0.0	0.0	0.0	0.0	0.0	0.0	0.0	0.0	0.0	0.0	0.0	0.0	0.0	0.0	0.0	0.0	0.0	0.0	0.0	0.0	0.0	0.0	0.0	0.0
simple	0.0	0.0759493670886076	0.0	0.03571428571428571	0.01818181818181818	0.014705882352941176	0.014705882352941176	0.017241379310344827	0.012048192771084338	0.0	0.018867924528301886	0.0	0.028846153846153848	0.043478260869565216	0.0364963503649635	0.010526315789473684	0.05	0.06060606060606061	0.04878048780487805	0.0	0.0	0.019230769230769232	0.01818181818181818	0.05194805194805195	0.11267605633802817	0.03125	0.05714285714285714	0.0	1.0	0.047619047619047616	0.045454545454545456	0.0	0.0	0.0	0.034722222222222224
sr	0.0	0.15584415584415584	0.0	0.06451612903225806	0.05263157894736842	0.0	0.057971014492753624	0.022598870056497175	0.023255813953488372	0.0	0.017543859649122806	0.041666666666666664	0.04716981132075472	0.061224489795918366	0.057971014492753624	0.02040816326530612	0.06862745098039216	0.05405405405405406	0.06818181818181818	0.02564102564102564	0.04	0.03636363636363636	0.0	0.0759493670886076	0.07792207792207792	0.029411764705882353	0.09859154929577464	0.0	0.047619047619047616	1.0	0.02040816326530612	0.0	0.06	0.0	0.013245033112582781
sv	0.0	0.04597701149425287	0.0	0.029411764705882353	0.03333333333333333	0.0273972602739726	0.056338028169014086	0.016666666666666666	0.011235955056179775	0.014388489208633094	0.0	0.0	0.046296296296296294	0.018867924528301886	0.0136986301369863	0.009900990099009901	0.01834862385321101	0.0	0.020833333333333332	0.0	0.0	0.0	0.03333333333333333	0.023529411764705882	0.011904761904761904	0.02857142857142857	0.02564102564102564	0.0	0.045454545454545456	0.02040816326530612	1.0	0.0	0.018518518518518517	0.0	0.040268456375838924
te	0.0	0.0	0.0	0.0	0.0	0.0	0.0	0.0	0.0	0.0	0.0	0.0	0.0	0.0	0.0	0.0	0.0	0.0	0.0	0.0	0.0	0.0	0.0	0.0	0.0	0.0	0.0	0.0	0.0	0.0	0.0	0.0	0.0	0.0	0.0
vi	0.03125	0.056179775280898875	0.0	0.0	0.031746031746031744	0.0	0.11428571428571428	0.02197802197802198	0.02197802197802198	0.014084507042253521	0.016129032258064516	0.0	0.06422018348623854	0.03636363636363636	0.02027027027027027	0.019417475728155338	0.045871559633027525	0.047619047619047616	0.08333333333333333	0.022727272727272728	0.03333333333333333	0.01639344262295082	0.04838709677419355	0.034482758620689655	0.03529411764705882	0.0273972602739726	0.09210526315789473	0.0	0.0	0.06	0.018518518518518517	0.0	1.0	0.0	0.046357615894039736
war	0.0	0.0	0.0	0.0	0.0	0.0	0.0	0.0	0.0	0.0	0.0	0.0	0.0	0.0	0.0	0.0	0.0	0.0	0.0	0.0	0.0	0.0	0.0	0.0	0.0	0.0	0.0	0.0	0.0	0.0	0.0	0.0	0.0	0.0	0.0
zh	0.0	0.10227272727272728	0.0	0.014705882352941176	0.024844720496894408	0.05325443786982249	0.0658682634730539	0.047619047619047616	0.026595744680851064	0.05627705627705628	0.03821656050955414	0.0	0.09644670050761421	0.06802721088435375	0.10087719298245613	0.03535353535353535	0.12041884816753927	0.02127659574468085	0.02702702702702703	0.028368794326241134	0.0	0.038461538461538464	0.03773584905660377	0.08571428571428572	0.08670520231213873	0.023391812865497075	0.045714285714285714	0.0	0.034722222222222224	0.013245033112582781	0.040268456375838924	0.0	0.046357615894039736	0.0	1.0
