arz	bs	ceb	ckb	da	de	el	en	es	fr	he	hi	hu	id	it	ja	ko	lv	mk	ml	mr	nl	pl	pt	ro	ru	sh	si	simple	sr	sv	te	vi	war	zh
arz	1.0	0.0	0.0	0.0	1.0	1.0	1.0	1.0	1.0	1.0	1.0	0.0	1.0	1.0	1.0	1.0	1.0	1.0	1.0	0.0	1.0	1.0	1.0	1.0	1.0	1.0	0.0	1.0	1.0	1.0	1.0	0.0	1.0	1.0	1.0
bs	0.0	1.0	0.0	0.0	1.0	1.0	1.0	1.0	1.0	1.0	1.0	1.0	1.0	0.0	1.0	1.0	1.0	0.0	0.0	0.0	0.0	1.0	1.0	1.0	1.0	1.0	1.0	0.0	0.0	1.0	1.0	0.0	1.0	0.49851311685382416	1.0
ceb	0.0	0.0	1.0	0.0	0.0	1.0	0.0	1.0	1.0	1.0	0.0	0.0	0.0	0.0	0.0	1.0	0.0	0.0	0.0	0.0	0.0	1.0	1.0	1.0	0.0	0.0	0.0	0.0	0.0	0.0	1.0	0.0	0.0	1.0	0.0
ckb	0.0	0.0	0.0	1.0	0.0	1.0	0.0	1.0	1.0	1.0	1.0	0.0	0.0	0.0	1.0	1.0	0.0	0.0	0.0	0.0	0.0	1.0	0.0	0.0	0.0	1.0	1.0	0.0	1.0	0.0	0.0	0.0	1.0	0.4364916731037085	0.0
da	1.0	1.0	0.0	0.0	1.0	0.5	1.0	0.21239994067041815	1.0	0.585786437626905	1.0	1.0	1.0	1.0	1.0	1.0	1.0	1.0	1.0	1.0	1.0	0.5	1.0	1.0	0.585786437626905	1.0	1.0	1.0	1.0	1.0	1.0	0.0	1.0	0.4134900434704663	1.0
de	1.0	1.0	1.0	1.0	0.5	1.0	1.0	0.03860281614890395	0.24660605559646726	0.15225881209433406	0.585786437626905	0.0	0.5	1.0	0.23582845781094	0.3660254037844386	0.585786437626905	1.0	1.0	1.0	1.0	0.24257131419419417	0.26968623182294527	0.585786437626905	0.2791745113185196	0.23582845781094	1.0	1.0	1.0	1.0	0.31264808514230086	0.0	1.0	0.4364916731037085	0.585786437626905
el	1.0	1.0	0.0	0.0	1.0	1.0	1.0	0.5	1.0	1.0	1.0	0.0	1.0	1.0	1.0	1.0	1.0	1.0	1.0	1.0	1.0	1.0	1.0	1.0	0.5	1.0	0.0	1.0	1.0	1.0	1.0	0.0	1.0	0.4364916731037085	1.0
en	1.0	1.0	1.0	1.0	0.21239994067041815	0.03860281614890395	0.5	1.0	0.013939676050851014	0.026001061483097086	0.20386840968093525	1.0	0.5	0.34833147735478825	0.15198203105022948	0.14021540674050156	0.36602540378443865	1.0	1.0	1.0	1.0	0.1482192845571772	0.1975496259559987	0.21604850763119507	0.1097240251376667	0.0916261472710571	1.0	1.0	0.4142135623730951	1.0	0.14257458343761814	1.0	0.4142135623730951	0.4364916731037085	0.2372732414640341
es	1.0	1.0	1.0	1.0	1.0	0.24660605559646726	1.0	0.013939676050851014	1.0	0.3660254037844386	1.0	1.0	1.0	1.0	0.5	1.0	1.0	1.0	1.0	1.0	1.0	0.3660254037844386	0.5	1.0	0.2145646002858569	1.0	1.0	1.0	1.0	1.0	0.585786437626905	0.0	1.0	0.40453726661826384	1.0
fr	1.0	1.0	1.0	1.0	0.585786437626905	0.15225881209433406	1.0	0.026001061483097086	0.3660254037844386	1.0	1.0	1.0	1.0	1.0	0.28989794855663564	1.0	1.0	1.0	1.0	1.0	1.0	0.2612038749637415	0.585786437626905	0.585786437626905	0.28989794855663564	1.0	1.0	1.0	0.585786437626905	1.0	0.585786437626905	1.0	1.0	0.40453726661826384	1.0
he	1.0	1.0	0.0	1.0	1.0	0.585786437626905	1.0	0.20386840968093525	1.0	1.0	1.0	0.0	1.0	1.0	1.0	1.0	1.0	1.0	1.0	1.0	1.0	0.585786437626905	1.0	1.0	0.2187841884486319	1.0	1.0	1.0	1.0	1.0	1.0	0.0	1.0	0.4364916731037085	1.0
hi	0.0	1.0	0.0	0.0	1.0	0.0	0.0	1.0	1.0	1.0	0.0	1.0	0.0	1.0	0.0	1.0	0.0	0.0	0.0	1.0	1.0	1.0	0.0	0.0	0.0	1.0	1.0	0.0	1.0	1.0	1.0	1.0	0.0	0.4364916731037085	0.0
hu	1.0	1.0	0.0	0.0	1.0	0.5	1.0	0.5	1.0	1.0	1.0	0.0	1.0	1.0	1.0	1.0	1.0	1.0	1.0	1.0	1.0	0.585786437626905	1.0	1.0	0.38742588672279304	1.0	1.0	1.0	1.0	1.0	1.0	0.0	1.0	0.40453726661826384	1.0
id	1.0	0.0	0.0	0.0	1.0	1.0	1.0	0.34833147735478825	1.0	1.0	1.0	1.0	1.0	1.0	1.0	1.0	1.0	1.0	1.0	1.0	1.0	0.5	1.0	1.0	1.0	1.0	1.0	1.0	1.0	1.0	0.585786437626905	0.0	1.0	0.49851311685382416	1.0
it	1.0	1.0	0.0	1.0	1.0	0.23582845781094	1.0	0.15198203105022948	0.5	0.28989794855663564	1.0	0.0	1.0	1.0	1.0	0.5	1.0	1.0	1.0	1.0	1.0	0.3333333333333333	0.585786437626905	1.0	0.1918253663634734	0.585786437626905	1.0	1.0	1.0	1.0	0.5	0.0	1.0	0.3333333333333333	1.0
ja	1.0	1.0	1.0	1.0	1.0	0.3660254037844386	1.0	0.14021540674050156	1.0	1.0	1.0	1.0	1.0	1.0	0.5	1.0	1.0	1.0	1.0	1.0	1.0	0.29429805508554946	1.0	1.0	0.32449979983983984	1.0	1.0	1.0	1.0	1.0	0.585786437626905	0.0	1.0	0.4364916731037085	1.0
ko	1.0	1.0	0.0	0.0	1.0	0.585786437626905	1.0	0.36602540378443865	1.0	1.0	1.0	0.0	1.0	1.0	1.0	1.0	1.0	1.0	1.0	1.0	1.0	1.0	1.0	1.0	0.44948974278317805	1.0	1.0	1.0	1.0	1.0	1.0	0.0	1.0	0.4364916731037085	1.0
lv	1.0	0.0	0.0	0.0	1.0	1.0	1.0	1.0	1.0	1.0	1.0	0.0	1.0	1.0	1.0	1.0	1.0	1.0	1.0	0.0	1.0	1.0	1.0	1.0	1.0	1.0	0.0	1.0	1.0	1.0	1.0	0.0	1.0	0.4364916731037085	1.0
mk	1.0	0.0	0.0	0.0	1.0	1.0	1.0	1.0	1.0	1.0	1.0	0.0	1.0	1.0	1.0	1.0	1.0	1.0	1.0	0.0	1.0	1.0	1.0	1.0	1.0	1.0	0.0	1.0	1.0	1.0	1.0	0.0	1.0	0.4364916731037085	1.0
ml	0.0	0.0	0.0	0.0	1.0	1.0	1.0	1.0	1.0	1.0	1.0	1.0	1.0	1.0	1.0	1.0	1.0	0.0	0.0	1.0	1.0	1.0	1.0	1.0	0.0	1.0	1.0	0.0	1.0	0.0	1.0	1.0	1.0	0.4364916731037085	1.0
mr	1.0	0.0	0.0	0.0	1.0	1.0	1.0	1.0	1.0	1.0	1.0	1.0	1.0	1.0	1.0	1.0	1.0	1.0	1.0	1.0	1.0	1.0	1.0	1.0	1.0	1.0	0.0	1.0	1.0	1.0	1.0	0.0	1.0	0.585786437626905	1.0
nl	1.0	1.0	1.0	1.0	0.5	0.24257131419419417	1.0	0.1482192845571772	0.3660254037844386	0.2612038749637415	0.585786437626905	1.0	0.585786437626905	0.5	0.3333333333333333	0.29429805508554946	1.0	1.0	1.0	1.0	1.0	1.0	0.39564392373896007	0.5	0.3019332452378656	0.44948974278317805	1.0	1.0	1.0	0.585786437626905	0.353889367864523	1.0	0.585786437626905	0.4364916731037085	0.585786437626905
pl	1.0	1.0	1.0	0.0	1.0	0.26968623182294527	1.0	0.1975496259559987	0.5	0.585786437626905	1.0	0.0	1.0	1.0	0.585786437626905	1.0	1.0	1.0	1.0	1.0	1.0	0.39564392373896007	1.0	1.0	0.28989794855663564	1.0	1.0	1.0	1.0	1.0	1.0	0.0	1.0	0.4364916731037085	1.0
pt	1.0	1.0	1.0	0.0	1.0	0.585786437626905	1.0	0.21604850763119507	1.0	0.585786437626905	1.0	0.0	1.0	1.0	1.0	1.0	1.0	1.0	1.0	1.0	1.0	0.5	1.0	1.0	0.585786437626905	1.0	1.0	1.0	1.0	1.0	1.0	0.0	1.0	0.4364916731037085	1.0
ro	1.0	1.0	0.0	0.0	0.585786437626905	0.2791745113185196	0.5	0.1097240251376667	0.2145646002858569	0.28989794855663564	0.2187841884486319	0.0	0.38742588672279304	1.0	0.1918253663634734	0.32449979983983984	0.44948974278317805	1.0	1.0	0.0	1.0	0.3019332452378656	0.28989794855663564	0.585786437626905	1.0	0.23166247903554	0.0	1.0	1.0	1.0	0.32449979983983984	0.0	0.5	0.40453726661826384	0.39564392373896007
ru	1.0	1.0	0.0	1.0	1.0	0.23582845781094	1.0	0.0916261472710571	1.0	1.0	1.0	1.0	1.0	1.0	0.585786437626905	1.0	1.0	1.0	1.0	1.0	1.0	0.44948974278317805	1.0	1.0	0.23166247903554	1.0	1.0	1.0	1.0	1.0	1.0	1.0	1.0	0.4364916731037085	1.0
sh	0.0	1.0	0.0	1.0	1.0	1.0	0.0	1.0	1.0	1.0	1.0	1.0	1.0	1.0	1.0	1.0	1.0	0.0	0.0	1.0	0.0	1.0	1.0	1.0	0.0	1.0	1.0	0.0	1.0	1.0	1.0	0.0	1.0	0.3797958971132712	1.0
si	1.0	0.0	0.0	0.0	1.0	1.0	1.0	1.0	1.0	1.0	1.0	0.0	1.0	1.0	1.0	1.0	1.0	1.0	1.0	0.0	1.0	1.0	1.0	1.0	1.0	1.0	0.0	1.0	1.0	1.0	1.0	0.0	1.0	0.585786437626905	1.0
simple	1.0	0.0	0.0	1.0	1.0	1.0	1.0	0.4142135623730951	1.0	0.585786437626905	1.0	1.0	1.0	1.0	1.0	1.0	1.0	1.0	1.0	1.0	1.0	1.0	1.0	1.0	1.0	1.0	1.0	1.0	1.0	1.0	1.0	0.0	1.0	0.40453726661826384	1.0
sr	1.0	1.0	0.0	0.0	1.0	1.0	1.0	1.0	1.0	1.0	1.0	1.0	1.0	1.0	1.0	1.0	1.0	1.0	1.0	0.0	1.0	0.585786437626905	1.0	1.0	1.0	1.0	1.0	1.0	1.0	1.0	1.0	0.0	1.0	0.40453726661826384	1.0
sv	1.0	1.0	1.0	0.0	1.0	0.31264808514230086	1.0	0.14257458343761814	0.585786437626905	0.585786437626905	1.0	1.0	1.0	0.585786437626905	0.5	0.585786437626905	1.0	1.0	1.0	1.0	1.0	0.353889367864523	1.0	1.0	0.32449979983983984	1.0	1.0	1.0	1.0	1.0	1.0	0.0	1.0	0.3797958971132712	1.0
te	0.0	0.0	0.0	0.0	0.0	0.0	0.0	1.0	0.0	1.0	0.0	1.0	0.0	0.0	0.0	0.0	0.0	0.0	0.0	1.0	0.0	1.0	0.0	0.0	0.0	1.0	0.0	0.0	0.0	0.0	0.0	1.0	0.0	0.4364916731037085	0.0
vi	1.0	1.0	0.0	1.0	1.0	1.0	1.0	0.4142135623730951	1.0	1.0	1.0	0.0	1.0	1.0	1.0	1.0	1.0	1.0	1.0	1.0	1.0	0.585786437626905	1.0	1.0	0.5	1.0	1.0	1.0	1.0	1.0	1.0	0.0	1.0	0.4364916731037085	1.0
war	1.0	0.49851311685382416	1.0	0.4364916731037085	0.4134900434704663	0.4364916731037085	0.4364916731037085	0.4364916731037085	0.40453726661826384	0.40453726661826384	0.4364916731037085	0.4364916731037085	0.40453726661826384	0.49851311685382416	0.3333333333333333	0.4364916731037085	0.4364916731037085	0.4364916731037085	0.4364916731037085	0.4364916731037085	0.585786437626905	0.4364916731037085	0.4364916731037085	0.4364916731037085	0.40453726661826384	0.4364916731037085	0.3797958971132712	0.585786437626905	0.40453726661826384	0.40453726661826384	0.3797958971132712	0.4364916731037085	0.4364916731037085	1.0	0.4364916731037085
zh	1.0	1.0	0.0	0.0	1.0	0.585786437626905	1.0	0.2372732414640341	1.0	1.0	1.0	0.0	1.0	1.0	1.0	1.0	1.0	1.0	1.0	1.0	1.0	0.585786437626905	1.0	1.0	0.39564392373896007	1.0	1.0	1.0	1.0	1.0	1.0	0.0	1.0	0.4364916731037085	1.0
