arz	bs	ceb	ckb	da	de	el	en	es	fr	he	hi	hu	id	it	ja	ko	lv	mk	ml	mr	nl	pl	pt	ro	ru	sh	si	simple	sr	sv	te	tr	vi	war	zh
arz	1.0	0.2612038749637414	1.0	1.0	0.12753389848460323	0.08741024545287547	1.0	0.025468908268769998	0.04936557011397631	0.06510558350034656	1.0	1.0	0.08859331867733522	0.10382773130361952	0.03606706776260706	1.0	1.0	0.585786437626905	1.0	1.0	1.0	0.06871734069436541	0.05213323087518784	0.10997220198634608	0.12809248424016279	1.0	0.07857904322020932	1.0	0.3203772410170407	0.5	0.08115207455797586	1.0	0.25728427444747215	0.1506217166217102	0.585786437626905	1.0
bs	0.2612038749637414	1.0	0.23441237831492112	0.5	0.07461584358389073	0.07363960154998248	0.15295783961613652	0.032910616310122945	0.07734557111063613	0.07226326564444364	0.14118784806383944	0.3090169943749474	0.09291768747867027	0.14459058185587106	0.04888265606896731	0.13507810593582123	0.1482675827043134	0.1704718965077067	0.21712927295533244	0.25539679298968665	0.3090169943749474	0.11766132578690644	0.12480447989868913	0.07082963081685953	0.1365270594958143	0.1360212033643794	0.10104218934372454	0.5	0.13184211594721745	0.14118784806383944	0.10753550599708851	0.585786437626905	0.11631341036172378	0.13231996486433337	0.17250067050231568	0.13507810593582123
ceb	1.0	0.23441237831492112	1.0	0.585786437626905	0.0665281145289779	0.0380047629768985	0.585786437626905	0.013985002304747274	0.06529407016763804	0.03766590447179927	0.585786437626905	0.585786437626905	0.08084847564056198	0.10319356482650731	0.02361578849161125	0.585786437626905	0.585786437626905	0.3660254037844386	1.0	1.0	1.0	0.05103705502992647	0.06310320123352633	0.056782517617236836	0.09876028521968319	0.585786437626905	0.05766481161586694	1.0	0.18790357975464342	0.585786437626905	0.07434220866769638	1.0	0.11349429339887747	0.12930100643499376	0.585786437626905	0.585786437626905
ckb	1.0	0.5	0.585786437626905	1.0	0.3660254037844386	0.15776505912784203	1.0	0.09382224609216946	0.3090169943749474	0.13742036277578348	1.0	1.0	0.23441237831492112	0.36602540378443865	0.10049765378172094	1.0	1.0	1.0	1.0	1.0	1.0	0.3333333333333333	0.38742588672279304	0.21498516621900873	0.2187841884486319	1.0	0.21712927295533244	1.0	0.3333333333333333	1.0	0.27429188517743175	1.0	0.28436465220442186	0.36602540378443865	1.0	1.0
da	0.12753389848460323	0.07461584358389073	0.0665281145289779	0.3660254037844386	1.0	0.0207362804200803	0.04154767090923591	0.010121164414752151	0.023038701427008673	0.019682599175281323	0.02892145635883051	0.07957225145133286	0.027649554087445332	0.032779742710177875	0.015614783336387451	0.02779018696094406	0.03111809049172651	0.0469190843874288	0.06154622324828037	0.0722948128509986	0.12671020163537874	0.0258407026775954	0.025528461126464553	0.024286753344541095	0.03556751172532959	0.02640147522747309	0.025274935774037628	0.4142135623730951	0.039429919287918315	0.03293668936021544	0.02594753830969533	0.2402530733520421	0.027579080360459717	0.03985115436874839	0.06708726735839403	0.02717936921214363
de	0.08741024545287547	0.07363960154998248	0.0380047629768985	0.15776505912784203	0.0207362804200803	1.0	0.011811757602712154	0.002377952587512843	0.0069696023220536295	0.005519722282854258	0.012600289373591917	0.0711776354205518	0.011282831829614853	0.013333739791333768	0.004786328624279351	0.011732655860314986	0.016267122883629134	0.041697833053799226	0.03171010027624534	0.0690348287528287	0.12682684894878024	0.00860182441505044	0.009325397469184578	0.008593994897121407	0.01940698279362116	0.008215004660427	0.012388260913767875	0.3660254037844386	0.032182928390901866	0.015414907249798058	0.009183586515255174	0.1683604963286918	0.011663077988639851	0.016541401180074734	0.043645186816994204	0.012643041123239012
el	1.0	0.15295783961613652	0.585786437626905	1.0	0.04154767090923591	0.011811757602712154	1.0	0.00578944175910849	0.0151042938287414	0.01364165102929039	1.0	1.0	0.03704080614196995	0.07123316455861123	0.008053188474099747	1.0	1.0	0.27429188517743175	1.0	1.0	1.0	0.01703201483214911	0.024114446324504452	0.02333169252459053	0.04682106364289966	1.0	0.02526435061842545	1.0	0.11208890297777215	0.44948974278317805	0.02605309794846938	1.0	0.026720757060438232	0.054534559680603015	0.585786437626905	1.0
en	0.025468908268769998	0.032910616310122945	0.013985002304747274	0.09382224609216946	0.010121164414752151	0.002377952587512843	0.00578944175910849	1.0	0.0029827271773931953	0.0027525283052092188	0.005497359887085428	0.025238164810913975	0.005370838859553558	0.00628856164249757	0.003257200587788251	0.004737262191924751	0.007525675316498901	0.021904502518795266	0.018771581756025425	0.019777423648526936	0.05200822983715678	0.004033367195170764	0.0038766923800167153	0.003758107522594119	0.009441212521858349	0.0031315478492114413	0.005954938013494514	0.22901628833426058	0.0180689754914797	0.0075157143019556095	0.004046908510990955	0.08168082502427558	0.0052748139922385185	0.007652165224646142	0.026977179495534426	0.005242275374241191
es	0.04936557011397631	0.07734557111063613	0.06529407016763804	0.3090169943749474	0.023038701427008673	0.0069696023220536295	0.0151042938287414	0.0029827271773931953	1.0	0.006827032523179285	0.015571576835984336	0.08317596549812699	0.013452219878904376	0.016067702216191592	0.005633511937448029	0.015073323979655122	0.019716094101566307	0.05957792492195212	0.0662845685185512	0.1121550495895991	0.15225881209433406	0.00968489127894485	0.00992697727751752	0.009417411665722405	0.02288015105536853	0.009595298559776986	0.012063871420654288	0.44948974278317805	0.054246306926251854	0.018980664037473068	0.009713020702707563	0.2158344610587697	0.014290735312955109	0.024000915969228247	0.07006150576756698	0.014888742949770472
fr	0.06510558350034656	0.07226326564444364	0.03766590447179927	0.13742036277578348	0.019682599175281323	0.005519722282854258	0.01364165102929039	0.0027525283052092188	0.006827032523179285	1.0	0.011951048944512864	0.06666666666666668	0.010483980440116595	0.013867523559771038	0.0046688128531509375	0.010672536755267487	0.01692690817999004	0.047124448979184864	0.04253810984562621	0.07499276169408299	0.12729683913915313	0.007141805901330376	0.007838937674892799	0.007665324793323178	0.017767332725835847	0.007588831989287632	0.011596632559592424	0.44948974278317805	0.04228899509163381	0.01508605321262492	0.008087150538476563	0.15954492995986427	0.0113373034541372	0.017946510072841558	0.054849900997209176	0.01120354152111049
he	1.0	0.14118784806383944	0.585786437626905	1.0	0.02892145635883051	0.012600289373591917	1.0	0.005497359887085428	0.015571576835984336	0.011951048944512864	1.0	1.0	0.029380685773254152	0.06661382101359625	0.00889240460804469	1.0	1.0	0.28172904669025317	1.0	1.0	1.0	0.02017402928894055	0.025327561295240313	0.022536433725948938	0.040536683034556084	0.44948974278317805	0.019267940246617307	1.0	0.10445812551367066	0.5	0.021878201115953847	1.0	0.035852884847806424	0.04650974358822255	0.585786437626905	1.0
hi	1.0	0.3090169943749474	0.585786437626905	1.0	0.07957225145133286	0.0711776354205518	1.0	0.025238164810913975	0.08317596549812699	0.06666666666666668	1.0	1.0	0.09268312938902225	0.12057151363073157	0.03639069534765414	1.0	1.0	0.33333333333333326	1.0	1.0	1.0	0.09869368987214441	0.09278567916769824	0.07588829804510605	0.15585972716790494	1.0	0.0807480526952268	1.0	0.16330595576157622	1.0	0.10046632436684878	1.0	0.15894454156034005	0.12567533443819484	1.0	1.0
hu	0.08859331867733522	0.09291768747867027	0.08084847564056198	0.23441237831492112	0.027649554087445332	0.011282831829614853	0.03704080614196995	0.005370838859553558	0.013452219878904376	0.010483980440116595	0.029380685773254152	0.09268312938902225	1.0	0.03039673953328982	0.008316089716237408	0.026169632645115983	0.029645223371364698	0.07213579188852394	0.06384522569446345	0.09058036391191289	0.14548268842493628	0.013617046749044789	0.02168815070675099	0.017047657728614267	0.03533265577149535	0.02120759978969197	0.01854109644915697	0.5	0.06921600779376909	0.04144826209983323	0.018179840780942026	0.28436465220442186	0.02646735529494103	0.03844306818763977	0.09268235913548356	0.029438013852365632
id	0.10382773130361952	0.14459058185587106	0.10319356482650731	0.36602540378443865	0.032779742710177875	0.013333739791333768	0.07123316455861123	0.00628856164249757	0.016067702216191592	0.013867523559771038	0.06661382101359625	0.12057151363073157	0.03039673953328982	1.0	0.00848340720808022	0.045122132769141884	0.07707144595462193	0.12346187082665674	0.0802095397791549	0.11897746062862577	0.17253779651421453	0.01728485603270281	0.026068175865748076	0.026236641687855014	0.042840657393053636	0.038299855534518576	0.02447825967824113	0.38742588672279304	0.10745035092526581	0.08152253216700284	0.021230089123726308	0.2791745113185196	0.03619276855173558	0.05291096397985934	0.1368970350053999	0.055225725350200414
it	0.03606706776260706	0.04888265606896731	0.02361578849161125	0.10049765378172094	0.015614783336387451	0.004786328624279351	0.008053188474099747	0.003257200587788251	0.005633511937448029	0.0046688128531509375	0.00889240460804469	0.03639069534765414	0.008316089716237408	0.00848340720808022	1.0	0.007619744090578201	0.011665871591814621	0.02499365624995156	0.02326685928562796	0.05725272991398755	0.0950925738731032	0.006609989053350596	0.00674870146852374	0.0060923713839764315	0.012227481097502086	0.0058361473836074035	0.00861554950281984	0.23371479611805132	0.024451669285033673	0.01072305526898964	0.006671703929433022	0.2016895928872254	0.008843781575691175	0.010258890047694385	0.03289108716214853	0.00786968301810231
ja	1.0	0.13507810593582123	0.585786437626905	1.0	0.02779018696094406	0.011732655860314986	1.0	0.004737262191924751	0.015073323979655122	0.010672536755267487	1.0	1.0	0.026169632645115983	0.045122132769141884	0.007619744090578201	1.0	1.0	0.2612038749637414	1.0	1.0	1.0	0.0164200086570197	0.01891797258664277	0.019505805499494454	0.037493913838885826	0.585786437626905	0.01674771037737599	1.0	0.11329855470953135	0.5	0.019413121973927097	1.0	0.0323851766683125	0.045356482307351106	0.585786437626905	1.0
ko	1.0	0.1482675827043134	0.585786437626905	1.0	0.03111809049172651	0.016267122883629134	1.0	0.007525675316498901	0.019716094101566307	0.01692690817999004	1.0	1.0	0.029645223371364698	0.07707144595462193	0.011665871591814621	1.0	1.0	0.27429188517743175	1.0	1.0	1.0	0.02730332326863935	0.02899491664371326	0.027841934451216806	0.04267556112847232	1.0	0.024264813444162252	1.0	0.10797555124058221	1.0	0.02443186904926012	1.0	0.03800906595313119	0.05325837725279739	0.585786437626905	1.0
lv	0.585786437626905	0.1704718965077067	0.3660254037844386	1.0	0.0469190843874288	0.041697833053799226	0.27429188517743175	0.021904502518795266	0.05957792492195212	0.047124448979184864	0.28172904669025317	0.33333333333333326	0.07213579188852394	0.12346187082665674	0.02499365624995156	0.2612038749637414	0.27429188517743175	1.0	0.3660254037844386	0.34833147735478825	0.3660254037844386	0.05082271663293247	0.07224070482331513	0.06378096371868648	0.08300692461691285	0.25	0.06032782381125805	1.0	0.13225258697086978	0.3090169943749474	0.08105994615702947	0.5	0.08869186503289819	0.08230041944716314	0.3660254037844386	0.2612038749637414
mk	1.0	0.21712927295533244	1.0	1.0	0.06154622324828037	0.03171010027624534	1.0	0.018771581756025425	0.0662845685185512	0.04253810984562621	1.0	1.0	0.06384522569446345	0.0802095397791549	0.02326685928562796	1.0	1.0	0.3660254037844386	1.0	1.0	1.0	0.0457891993730651	0.06933554080632887	0.05709070715537609	0.07521632915208874	1.0	0.075393358590393	1.0	0.13472338607037426	0.585786437626905	0.08026972019090159	1.0	0.0787640148289452	0.09188942814050755	1.0	1.0
ml	1.0	0.25539679298968665	1.0	1.0	0.0722948128509986	0.0690348287528287	1.0	0.019777423648526936	0.1121550495895991	0.07499276169408299	1.0	1.0	0.09058036391191289	0.11897746062862577	0.05725272991398755	1.0	1.0	0.34833147735478825	1.0	1.0	1.0	0.0754474924900639	0.11015948966072774	0.07065666533701108	0.11978243827074593	1.0	0.071984611958757	1.0	0.18400240527946554	1.0	0.08613287901473568	1.0	0.11405820446888813	0.1252238426491463	1.0	1.0
mr	1.0	0.3090169943749474	1.0	1.0	0.12671020163537874	0.12682684894878024	1.0	0.05200822983715678	0.15225881209433406	0.12729683913915313	1.0	1.0	0.14548268842493628	0.17253779651421453	0.0950925738731032	1.0	1.0	0.3660254037844386	1.0	1.0	1.0	0.14779166813443093	0.16139047779640892	0.1233603071065848	0.22646721143623746	1.0	0.14423856110165292	1.0	0.21712927295533244	1.0	0.1921904042583698	1.0	0.18400240527946554	0.22400923773979584	0.585786437626905	1.0
nl	0.06871734069436541	0.11766132578690644	0.05103705502992647	0.3333333333333333	0.0258407026775954	0.00860182441505044	0.01703201483214911	0.004033367195170764	0.00968489127894485	0.007141805901330376	0.02017402928894055	0.09869368987214441	0.013617046749044789	0.01728485603270281	0.006609989053350596	0.0164200086570197	0.02730332326863935	0.05082271663293247	0.0457891993730651	0.0754474924900639	0.14779166813443093	1.0	0.01119708807911984	0.009325677928987289	0.027752818785415665	0.009999339397934012	0.01345627387292995	0.2958163163244893	0.06349607264109207	0.02423907277540888	0.010037175024537553	0.18181818181818182	0.020816256165047477	0.021307407191332055	0.06906666092093475	0.012176842598894476
pl	0.05213323087518784	0.12480447989868913	0.06310320123352633	0.38742588672279304	0.025528461126464553	0.009325397469184578	0.024114446324504452	0.0038766923800167153	0.00992697727751752	0.007838937674892799	0.025327561295240313	0.09278567916769824	0.02168815070675099	0.026068175865748076	0.00674870146852374	0.01891797258664277	0.02899491664371326	0.07224070482331513	0.06933554080632887	0.11015948966072774	0.16139047779640892	0.01119708807911984	1.0	0.013888054020461131	0.03497863960149396	0.014801458611227919	0.015354205384824921	0.5	0.06848760255641205	0.03663169481197794	0.013554468627157135	0.28172904669025317	0.020046314106046584	0.03460663420145881	0.08484791726799674	0.024188030670967156
pt	0.10997220198634608	0.07082963081685953	0.056782517617236836	0.21498516621900873	0.024286753344541095	0.008593994897121407	0.02333169252459053	0.003758107522594119	0.009417411665722405	0.007665324793323178	0.022536433725948938	0.07588829804510605	0.017047657728614267	0.026236641687855014	0.0060923713839764315	0.019505805499494454	0.027841934451216806	0.06378096371868648	0.05709070715537609	0.07065666533701108	0.1233603071065848	0.009325677928987289	0.013888054020461131	1.0	0.02707281630503935	0.016419340536367427	0.01600855236618683	0.38742588672279304	0.04559228423073598	0.02825534297093149	0.012254686349372008	0.17491720310721423	0.018571199409167936	0.02836097497781926	0.06798695418378191	0.020336597808867464
ro	0.12809248424016279	0.1365270594958143	0.09876028521968319	0.2187841884486319	0.03556751172532959	0.01940698279362116	0.04682106364289966	0.009441212521858349	0.02288015105536853	0.017767332725835847	0.040536683034556084	0.15585972716790494	0.03533265577149535	0.042840657393053636	0.012227481097502086	0.037493913838885826	0.04267556112847232	0.08300692461691285	0.07521632915208874	0.11978243827074593	0.22646721143623746	0.027752818785415665	0.03497863960149396	0.02707281630503935	1.0	0.03623885013407338	0.03273969915319958	0.5	0.07005461480421413	0.039867338786847305	0.026637472579180484	0.5	0.036385617972407844	0.050377279237145696	0.0980031895444898	0.04163315967383079
ru	1.0	0.1360212033643794	0.585786437626905	1.0	0.02640147522747309	0.008215004660427	1.0	0.0031315478492114413	0.009595298559776986	0.007588831989287632	0.44948974278317805	1.0	0.02120759978969197	0.038299855534518576	0.0058361473836074035	0.585786437626905	1.0	0.25	1.0	1.0	1.0	0.009999339397934012	0.014801458611227919	0.016419340536367427	0.03623885013407338	1.0	0.016043650437293715	1.0	0.10027898393035446	0.44948974278317805	0.014226232278013675	1.0	0.022560677453258654	0.04328317303562432	0.585786437626905	0.585786437626905
sh	0.07857904322020932	0.10104218934372454	0.05766481161586694	0.21712927295533244	0.025274935774037628	0.012388260913767875	0.02526435061842545	0.005954938013494514	0.012063871420654288	0.011596632559592424	0.019267940246617307	0.0807480526952268	0.01854109644915697	0.02447825967824113	0.00861554950281984	0.01674771037737599	0.024264813444162252	0.06032782381125805	0.075393358590393	0.071984611958757	0.14423856110165292	0.01345627387292995	0.015354205384824921	0.01600855236618683	0.03273969915319958	0.016043650437293715	1.0	0.3660254037844386	0.05217259268246487	0.019841423891443746	0.015232037514883837	0.19427705374478668	0.02045616603887229	0.028735725332731627	0.061053595012894264	0.018306983682739458
si	1.0	0.5	1.0	1.0	0.4142135623730951	0.3660254037844386	1.0	0.22901628833426058	0.44948974278317805	0.44948974278317805	1.0	1.0	0.5	0.38742588672279304	0.23371479611805132	1.0	1.0	1.0	1.0	1.0	1.0	0.2958163163244893	0.5	0.38742588672279304	0.5	1.0	0.3660254037844386	1.0	0.585786437626905	1.0	0.44948974278317805	1.0	0.5	0.44948974278317805	1.0	1.0
simple	0.3203772410170407	0.13184211594721745	0.18790357975464342	0.3333333333333333	0.039429919287918315	0.032182928390901866	0.11208890297777215	0.0180689754914797	0.054246306926251854	0.04228899509163381	0.10445812551367066	0.16330595576157622	0.06921600779376909	0.10745035092526581	0.024451669285033673	0.11329855470953135	0.10797555124058221	0.13225258697086978	0.13472338607037426	0.18400240527946554	0.21712927295533244	0.06349607264109207	0.06848760255641205	0.04559228423073598	0.07005461480421413	0.10027898393035446	0.05217259268246487	0.585786437626905	1.0	0.10867026324198957	0.06466626664894279	0.44948974278317805	0.08094766110896122	0.09786200130140774	0.1376084177607938	0.10445812551367066
sr	0.5	0.14118784806383944	0.585786437626905	1.0	0.03293668936021544	0.015414907249798058	0.44948974278317805	0.0075157143019556095	0.018980664037473068	0.01508605321262492	0.5	1.0	0.04144826209983323	0.08152253216700284	0.01072305526898964	0.5	1.0	0.3090169943749474	0.585786437626905	1.0	1.0	0.02423907277540888	0.03663169481197794	0.02825534297093149	0.039867338786847305	0.44948974278317805	0.019841423891443746	1.0	0.10867026324198957	1.0	0.027643154920792033	1.0	0.04753424446819944	0.05263157894736842	0.585786437626905	0.44948974278317805
sv	0.08115207455797586	0.10753550599708851	0.07434220866769638	0.27429188517743175	0.02594753830969533	0.009183586515255174	0.02605309794846938	0.004046908510990955	0.009713020702707563	0.008087150538476563	0.021878201115953847	0.10046632436684878	0.018179840780942026	0.021230089123726308	0.006671703929433022	0.019413121973927097	0.02443186904926012	0.08105994615702947	0.08026972019090159	0.08613287901473568	0.1921904042583698	0.010037175024537553	0.013554468627157135	0.012254686349372008	0.026637472579180484	0.014226232278013675	0.015232037514883837	0.44948974278317805	0.06466626664894279	0.027643154920792033	1.0	0.26533119314590375	0.018992513188280682	0.032005846889905244	0.09151768858270784	0.020554714887816374
te	1.0	0.585786437626905	1.0	1.0	0.2402530733520421	0.1683604963286918	1.0	0.08168082502427558	0.2158344610587697	0.15954492995986427	1.0	1.0	0.28436465220442186	0.2791745113185196	0.2016895928872254	1.0	1.0	0.5	1.0	1.0	1.0	0.18181818181818182	0.28172904669025317	0.17491720310721423	0.5	1.0	0.19427705374478668	1.0	0.44948974278317805	1.0	0.26533119314590375	1.0	0.2958163163244893	0.3333333333333333	1.0	1.0
tr	0.25728427444747215	0.11631341036172378	0.11349429339887747	0.28436465220442186	0.027579080360459717	0.011663077988639851	0.026720757060438232	0.0052748139922385185	0.014290735312955109	0.0113373034541372	0.035852884847806424	0.15894454156034005	0.02646735529494103	0.03619276855173558	0.008843781575691175	0.0323851766683125	0.03800906595313119	0.08869186503289819	0.0787640148289452	0.11405820446888813	0.18400240527946554	0.020816256165047477	0.020046314106046584	0.018571199409167936	0.036385617972407844	0.022560677453258654	0.02045616603887229	0.5	0.08094766110896122	0.04753424446819944	0.018992513188280682	0.2958163163244893	1.0	0.04493395642564391	0.12671020163537874	0.03833955925165084
vi	0.1506217166217102	0.13231996486433337	0.12930100643499376	0.36602540378443865	0.03985115436874839	0.016541401180074734	0.054534559680603015	0.007652165224646142	0.024000915969228247	0.017946510072841558	0.04650974358822255	0.12567533443819484	0.03844306818763977	0.05291096397985934	0.010258890047694385	0.045356482307351106	0.05325837725279739	0.08230041944716314	0.09188942814050755	0.1252238426491463	0.22400923773979584	0.021307407191332055	0.03460663420145881	0.02836097497781926	0.050377279237145696	0.04328317303562432	0.028735725332731627	0.44948974278317805	0.09786200130140774	0.05263157894736842	0.032005846889905244	0.3333333333333333	0.04493395642564391	1.0	0.10158899863650671	0.04556033351993047
war	0.585786437626905	0.17250067050231568	0.585786437626905	1.0	0.06708726735839403	0.043645186816994204	0.585786437626905	0.026977179495534426	0.07006150576756698	0.054849900997209176	0.585786437626905	1.0	0.09268235913548356	0.1368970350053999	0.03289108716214853	0.585786437626905	0.585786437626905	0.3660254037844386	1.0	1.0	0.585786437626905	0.06906666092093475	0.08484791726799674	0.06798695418378191	0.0980031895444898	0.585786437626905	0.061053595012894264	1.0	0.1376084177607938	0.585786437626905	0.09151768858270784	1.0	0.12671020163537874	0.10158899863650671	1.0	0.585786437626905
zh	1.0	0.13507810593582123	0.585786437626905	1.0	0.02717936921214363	0.012643041123239012	1.0	0.005242275374241191	0.014888742949770472	0.01120354152111049	1.0	1.0	0.029438013852365632	0.055225725350200414	0.00786968301810231	1.0	1.0	0.2612038749637414	1.0	1.0	1.0	0.012176842598894476	0.024188030670967156	0.020336597808867464	0.04163315967383079	0.585786437626905	0.018306983682739458	1.0	0.10445812551367066	0.44948974278317805	0.020554714887816374	1.0	0.03833955925165084	0.04556033351993047	0.585786437626905	1.0
