arz	bs	ceb	ckb	da	de	el	en	es	fr	he	hi	hu	id	it	ja	ko	lv	mk	ml	mr	nl	pl	pt	ro	ru	sh	si	simple	sr	sv	te	vi	war	zh
arz	1.0	1.0	0.0	0.0	0.0	1.0	0.0	0.3797958971132712	1.0	1.0	1.0	1.0	1.0	1.0	1.0	1.0	1.0	0.0	1.0	0.0	0.0	1.0	1.0	1.0	1.0	1.0	1.0	0.0	0.0	1.0	1.0	0.0	1.0	0.0	1.0
bs	1.0	1.0	1.0	1.0	0.3333333333333333	0.30552726787943424	0.5	0.2216368750839041	0.26968623182294527	0.32037724101704074	0.44948974278317805	0.3164309725825328	0.5	0.2741219255031908	0.30216947925196225	0.4142135623730951	0.39564392373896007	1.0	1.0	0.39564392373896007	0.0	0.32849671827926463	1.0	0.30216947925196225	0.3726822671238253	0.26968623182294527	0.2958163163244893	1.0	0.4364916731037085	0.353889367864523	0.3726822671238253	1.0	0.585786437626905	1.0	0.3164309725825328
ceb	0.0	1.0	1.0	0.0	1.0	1.0	0.0	1.0	1.0	1.0	1.0	1.0	1.0	1.0	1.0	1.0	1.0	1.0	1.0	1.0	0.0	1.0	1.0	1.0	1.0	1.0	1.0	1.0	1.0	1.0	1.0	0.0	1.0	1.0	1.0
ckb	0.0	1.0	0.0	1.0	0.585786437626905	1.0	1.0	1.0	1.0	1.0	1.0	1.0	1.0	0.585786437626905	0.585786437626905	1.0	1.0	1.0	0.0	1.0	1.0	1.0	1.0	1.0	0.585786437626905	1.0	0.585786437626905	1.0	1.0	1.0	0.585786437626905	1.0	1.0	1.0	1.0
da	0.0	0.3333333333333333	1.0	0.585786437626905	1.0	0.09840003505362963	0.2791745113185196	0.027240350547872594	0.0852212579072254	0.06802980456137038	0.1398429148167053	0.22772999919644132	0.15596663560480617	0.15493412373279505	0.12998356649024212	0.15225881209433406	0.2193450929151803	0.585786437626905	0.38742588672279304	0.3090169943749474	1.0	0.1482675827043134	0.20799159651347807	0.10217462373402506	0.13777278039754223	0.07011280579821774	0.3090169943749474	0.44948974278317805	0.25	0.20942771453851886	0.10256171085703027	0.585786437626905	0.21290885543182675	0.585786437626905	0.13957875683699938
de	1.0	0.30552726787943424	1.0	1.0	0.09840003505362963	1.0	0.4142135623730951	0.0038584421139281322	0.05272526847916947	0.009973872399360886	0.16597681693032765	0.28436465220442186	0.179128784747792	0.06788146209593458	0.0359225555515903	0.13616022344521683	0.2216368750839041	1.0	0.5	0.585786437626905	1.0	0.027674050612478168	0.13187730439473622	0.09819981851164727	0.13623334167497306	0.06283759732118187	0.17774575502392898	0.5	0.2674788903885893	0.20799159651347807	0.09357372414161862	1.0	0.2612038749637414	1.0	0.11317574850436908
el	0.0	0.5	0.0	1.0	0.2791745113185196	0.4142135623730951	1.0	0.179128784747792	1.0	0.2466060555964672	1.0	1.0	1.0	0.18382092012091686	0.1886378647726465	1.0	1.0	1.0	1.0	1.0	1.0	0.2742918851774318	0.5	1.0	0.3660254037844386	1.0	0.4142135623730951	1.0	0.5	0.585786437626905	0.44948974278317805	1.0	1.0	1.0	1.0
en	0.3797958971132712	0.2216368750839041	1.0	1.0	0.027240350547872594	0.0038584421139281322	0.179128784747792	1.0	0.002030043861797524	0.004295773812451762	0.01427827487210316	0.052226020665243456	0.08176254723363117	0.007148910382208262	0.004334478822255313	0.008542098810718626	0.054872652458912353	0.36602540378443865	0.19675422795565728	0.3203772410170407	1.0	0.006294539281572179	0.033397358362958304	0.003949961832924184	0.05059076800785285	0.002406385122663137	0.05941693726028058	0.3430703308172536	0.12849622184722817	0.07813781126267033	0.0254816164461913	0.585786437626905	0.11019706690458785	0.585786437626905	0.005915989573673579
es	1.0	0.26968623182294527	1.0	1.0	0.0852212579072254	0.05272526847916947	1.0	0.002030043861797524	1.0	0.004299263194637832	0.38742588672279304	0.44948974278317805	0.44948974278317805	0.028357786358076408	0.010901998747144119	0.32449979983983984	0.3660254037844386	0.585786437626905	1.0	0.5	1.0	0.03566881982081076	0.17050763999009447	0.13265505186373677	0.12769271191181897	0.18151291824946006	0.1856154626682773	1.0	0.1987625491245426	0.38742588672279304	0.08734932523055457	1.0	0.44948974278317805	0.5	0.24179033438163736
fr	1.0	0.32037724101704074	1.0	1.0	0.06802980456137038	0.009973872399360886	0.2466060555964672	0.004295773812451762	0.004299263194637832	1.0	0.06847058361098445	0.21089672205953397	0.179128784747792	0.015065593739913287	0.006604991713442184	0.037855085355469255	0.06601006488282728	0.585786437626905	0.27429188517743175	0.2958163163244893	0.585786437626905	0.01340014958490654	0.07316652891221984	0.03240752475176692	0.09109563298210237	0.007290128242380626	0.12240832007091208	0.4364916731037085	0.20799159651347807	0.11881849050177154	0.07034424204819244	1.0	0.098573925314202	0.44948974278317805	0.03898538839960444
he	1.0	0.44948974278317805	1.0	1.0	0.1398429148167053	0.16597681693032765	1.0	0.01427827487210316	0.38742588672279304	0.06847058361098445	1.0	1.0	1.0	0.09906149679997905	0.13864068688307518	1.0	1.0	1.0	1.0	1.0	1.0	0.1093550175803124	0.26533119314590375	0.5	0.33333333333333326	1.0	0.22966848451216434	1.0	0.3266316347104093	0.5	0.21239994067041815	1.0	1.0	1.0	1.0
hi	1.0	0.3164309725825328	1.0	1.0	0.22772999919644132	0.28436465220442186	1.0	0.052226020665243456	0.44948974278317805	0.21089672205953397	1.0	1.0	1.0	0.1951941016011038	0.1618099389409039	1.0	1.0	1.0	1.0	1.0	1.0	0.20658711810431302	0.4142135623730951	1.0	0.3430703308172536	1.0	0.44948974278317805	1.0	0.38742588672279304	1.0	0.3090169943749474	1.0	1.0	0.5	1.0
hu	1.0	0.5	1.0	1.0	0.15596663560480617	0.179128784747792	1.0	0.08176254723363117	0.44948974278317805	0.179128784747792	1.0	1.0	1.0	0.17464760748059102	0.23166247903554	1.0	1.0	1.0	1.0	1.0	1.0	0.1599086546851684	0.3090169943749474	1.0	0.25355482027512377	1.0	0.5	1.0	1.0	0.585786437626905	0.23166247903554	1.0	1.0	1.0	0.585786437626905
id	1.0	0.2741219255031908	1.0	0.585786437626905	0.15493412373279505	0.06788146209593458	0.18382092012091686	0.007148910382208262	0.028357786358076408	0.015065593739913287	0.09906149679997905	0.1951941016011038	0.17464760748059102	1.0	0.047465446141971616	0.08375752292933675	0.07695048623069944	0.4364916731037085	0.585786437626905	0.36602540378443865	0.585786437626905	0.059474547249375544	0.0697329158407956	0.034916909070174876	0.12171782451581822	0.02512440054478798	0.17355913059094638	0.585786437626905	0.23224227537038364	0.10710461314257713	0.09877378474708	1.0	0.14602640382184875	1.0	0.039822993233827396
it	1.0	0.30216947925196225	1.0	0.585786437626905	0.12998356649024212	0.0359225555515903	0.1886378647726465	0.004334478822255313	0.010901998747144119	0.006604991713442184	0.13864068688307518	0.1618099389409039	0.23166247903554	0.047465446141971616	1.0	0.10886898139200682	0.13205380782137424	0.5	0.3430703308172536	0.44948974278317805	1.0	0.04697241810564023	0.09864040534846706	0.047330557740549326	0.12096915948962672	0.021967756045929366	0.17826035697019474	1.0	0.23166247903554	0.1466381569395148	0.08612289171958645	1.0	0.14342762372277804	0.585786437626905	0.053290319113038664
ja	1.0	0.4142135623730951	1.0	1.0	0.15225881209433406	0.13616022344521683	1.0	0.008542098810718626	0.32449979983983984	0.037855085355469255	1.0	1.0	1.0	0.08375752292933675	0.10886898139200682	1.0	1.0	1.0	1.0	1.0	1.0	0.0915883667516168	0.2742918851774318	0.44948974278317805	0.21089672205953397	1.0	0.2474401533514073	1.0	0.38742588672279304	0.585786437626905	0.18660549686337075	1.0	1.0	1.0	1.0
ko	1.0	0.39564392373896007	1.0	1.0	0.2193450929151803	0.2216368750839041	1.0	0.054872652458912353	0.3660254037844386	0.06601006488282728	1.0	1.0	1.0	0.07695048623069944	0.13205380782137424	1.0	1.0	1.0	1.0	1.0	1.0	0.12941948075789503	0.3333333333333333	1.0	0.34833147735478825	1.0	0.32449979983983984	1.0	0.2857142857142857	0.585786437626905	0.2016895928872254	1.0	1.0	1.0	1.0
lv	0.0	1.0	1.0	1.0	0.585786437626905	1.0	1.0	0.36602540378443865	0.585786437626905	0.585786437626905	1.0	1.0	1.0	0.4364916731037085	0.5	1.0	1.0	1.0	1.0	1.0	1.0	0.44948974278317805	1.0	1.0	0.585786437626905	1.0	1.0	1.0	1.0	1.0	0.585786437626905	1.0	1.0	1.0	1.0
mk	1.0	1.0	1.0	0.0	0.38742588672279304	0.5	1.0	0.19675422795565728	1.0	0.27429188517743175	1.0	1.0	1.0	0.585786437626905	0.3430703308172536	1.0	1.0	1.0	1.0	1.0	1.0	0.5	1.0	0.5	0.585786437626905	1.0	0.5	1.0	1.0	1.0	0.585786437626905	1.0	1.0	1.0	1.0
ml	0.0	0.39564392373896007	1.0	1.0	0.3090169943749474	0.585786437626905	1.0	0.3203772410170407	0.5	0.2958163163244893	1.0	1.0	1.0	0.36602540378443865	0.44948974278317805	1.0	1.0	1.0	1.0	1.0	1.0	0.36602540378443865	1.0	0.585786437626905	0.39564392373896007	1.0	1.0	1.0	0.585786437626905	1.0	0.44948974278317805	1.0	1.0	1.0	1.0
mr	0.0	0.0	0.0	1.0	1.0	1.0	1.0	1.0	1.0	0.585786437626905	1.0	1.0	1.0	0.585786437626905	1.0	1.0	1.0	1.0	1.0	1.0	1.0	1.0	1.0	1.0	1.0	1.0	1.0	1.0	1.0	1.0	1.0	1.0	1.0	1.0	1.0
nl	1.0	0.32849671827926463	1.0	1.0	0.1482675827043134	0.027674050612478168	0.2742918851774318	0.006294539281572179	0.03566881982081076	0.01340014958490654	0.1093550175803124	0.20658711810431302	0.1599086546851684	0.059474547249375544	0.04697241810564023	0.0915883667516168	0.12941948075789503	0.44948974278317805	0.5	0.36602540378443865	1.0	1.0	0.11524454316052314	0.04583958918316851	0.11714296545818474	0.024360924897174046	0.17328168838397814	0.585786437626905	0.21444447943558295	0.1512290518085545	0.07872550287880022	1.0	0.14218195625986843	0.585786437626905	0.0379217120895662
pl	1.0	1.0	1.0	1.0	0.20799159651347807	0.13187730439473622	0.5	0.033397358362958304	0.17050763999009447	0.07316652891221984	0.26533119314590375	0.4142135623730951	0.3090169943749474	0.0697329158407956	0.09864040534846706	0.2742918851774318	0.3333333333333333	1.0	1.0	1.0	1.0	0.11524454316052314	1.0	0.21498516621900873	0.1983555576735248	0.13507810593582123	0.2989350844248255	1.0	0.2989350844248255	0.34833147735478825	0.15680317378987077	1.0	0.38742588672279304	1.0	0.2
pt	1.0	0.30216947925196225	1.0	1.0	0.10217462373402506	0.09819981851164727	1.0	0.003949961832924184	0.13265505186373677	0.03240752475176692	0.5	1.0	1.0	0.034916909070174876	0.047330557740549326	0.44948974278317805	1.0	1.0	0.5	0.585786437626905	1.0	0.04583958918316851	0.21498516621900873	1.0	0.18933139574356017	0.3090169943749474	0.17011071785351697	1.0	0.23800671553691075	0.44948974278317805	0.10338463721760191	1.0	1.0	1.0	0.3660254037844386
ro	1.0	0.3726822671238253	1.0	0.585786437626905	0.13777278039754223	0.13623334167497306	0.3660254037844386	0.05059076800785285	0.12769271191181897	0.09109563298210237	0.33333333333333326	0.3430703308172536	0.25355482027512377	0.12171782451581822	0.12096915948962672	0.21089672205953397	0.34833147735478825	0.585786437626905	0.585786437626905	0.39564392373896007	1.0	0.11714296545818474	0.1983555576735248	0.18933139574356017	1.0	0.14750843551604803	0.3333333333333333	0.44948974278317805	0.2857142857142857	0.2402530733520421	0.2	1.0	0.3660254037844386	1.0	0.19219040425836986
ru	1.0	0.26968623182294527	1.0	1.0	0.07011280579821774	0.06283759732118187	1.0	0.002406385122663137	0.18151291824946006	0.007290128242380626	1.0	1.0	1.0	0.02512440054478798	0.021967756045929366	1.0	1.0	1.0	1.0	1.0	1.0	0.024360924897174046	0.13507810593582123	0.3090169943749474	0.14750843551604803	1.0	0.14218195625986843	1.0	0.2708131845707603	0.2958163163244893	0.08534504056969161	1.0	1.0	1.0	0.585786437626905
sh	1.0	0.2958163163244893	1.0	0.585786437626905	0.3090169943749474	0.17774575502392898	0.4142135623730951	0.05941693726028058	0.1856154626682773	0.12240832007091208	0.22966848451216434	0.44948974278317805	0.5	0.17355913059094638	0.17826035697019474	0.2474401533514073	0.32449979983983984	1.0	0.5	1.0	1.0	0.17328168838397814	0.2989350844248255	0.17011071785351697	0.3333333333333333	0.14218195625986843	1.0	1.0	0.5	0.1417374030335042	0.2187841884486319	1.0	1.0	1.0	0.2240092377397959
si	0.0	1.0	1.0	1.0	0.44948974278317805	0.5	1.0	0.3430703308172536	1.0	0.4364916731037085	1.0	1.0	1.0	0.585786437626905	1.0	1.0	1.0	1.0	1.0	1.0	1.0	0.585786437626905	1.0	1.0	0.44948974278317805	1.0	1.0	1.0	0.585786437626905	1.0	0.585786437626905	1.0	1.0	1.0	1.0
simple	0.0	0.4364916731037085	1.0	1.0	0.25	0.2674788903885893	0.5	0.12849622184722817	0.1987625491245426	0.20799159651347807	0.3266316347104093	0.38742588672279304	1.0	0.23224227537038364	0.23166247903554	0.38742588672279304	0.2857142857142857	1.0	1.0	0.585786437626905	1.0	0.21444447943558295	0.2989350844248255	0.23800671553691075	0.2857142857142857	0.2708131845707603	0.5	0.585786437626905	1.0	0.3266316347104093	0.2612038749637414	1.0	0.3090169943749474	0.585786437626905	0.2222222222222222
sr	1.0	0.353889367864523	1.0	1.0	0.20942771453851886	0.20799159651347807	0.585786437626905	0.07813781126267033	0.38742588672279304	0.11881849050177154	0.5	1.0	0.585786437626905	0.10710461314257713	0.1466381569395148	0.585786437626905	0.585786437626905	1.0	1.0	1.0	1.0	0.1512290518085545	0.34833147735478825	0.44948974278317805	0.2402530733520421	0.2958163163244893	0.1417374030335042	1.0	0.3266316347104093	1.0	0.23874775399470893	1.0	1.0	1.0	0.44948974278317805
sv	1.0	0.3726822671238253	1.0	0.585786437626905	0.10256171085703027	0.09357372414161862	0.44948974278317805	0.0254816164461913	0.08734932523055457	0.07034424204819244	0.21239994067041815	0.3090169943749474	0.23166247903554	0.09877378474708	0.08612289171958645	0.18660549686337075	0.2016895928872254	0.585786437626905	0.585786437626905	0.44948974278317805	1.0	0.07872550287880022	0.15680317378987077	0.10338463721760191	0.2	0.08534504056969161	0.2187841884486319	0.585786437626905	0.2612038749637414	0.23874775399470893	1.0	1.0	0.25728427444747215	0.585786437626905	0.1125277395629435
te	0.0	1.0	0.0	1.0	0.585786437626905	1.0	1.0	0.585786437626905	1.0	1.0	1.0	1.0	1.0	1.0	1.0	1.0	1.0	1.0	1.0	1.0	1.0	1.0	1.0	1.0	1.0	1.0	1.0	1.0	1.0	1.0	1.0	1.0	1.0	1.0	1.0
vi	1.0	0.585786437626905	1.0	1.0	0.21290885543182675	0.2612038749637414	1.0	0.11019706690458785	0.44948974278317805	0.098573925314202	1.0	1.0	1.0	0.14602640382184875	0.14342762372277804	1.0	1.0	1.0	1.0	1.0	1.0	0.14218195625986843	0.38742588672279304	1.0	0.3660254037844386	1.0	1.0	1.0	0.3090169943749474	1.0	0.25728427444747215	1.0	1.0	1.0	1.0
war	0.0	1.0	1.0	1.0	0.585786437626905	1.0	1.0	0.585786437626905	0.5	0.44948974278317805	1.0	0.5	1.0	1.0	0.585786437626905	1.0	1.0	1.0	1.0	1.0	1.0	0.585786437626905	1.0	1.0	1.0	1.0	1.0	1.0	0.585786437626905	1.0	0.585786437626905	1.0	1.0	1.0	1.0
zh	1.0	0.3164309725825328	1.0	1.0	0.13957875683699938	0.11317574850436908	1.0	0.005915989573673579	0.24179033438163736	0.03898538839960444	1.0	1.0	0.585786437626905	0.039822993233827396	0.053290319113038664	1.0	1.0	1.0	1.0	1.0	1.0	0.0379217120895662	0.2	0.3660254037844386	0.19219040425836986	0.585786437626905	0.2240092377397959	1.0	0.2222222222222222	0.44948974278317805	0.1125277395629435	1.0	1.0	1.0	1.0
