arz	bs	ceb	ckb	da	de	el	en	es	fr	he	hi	hu	id	it	ja	ko	lv	mk	ml	mr	nl	pl	pt	ro	ru	sh	si	simple	sr	sv	te	vi	war	zh
arz	1.0	0.585130648103806	0.0	1.0	0.5194941827649479	0.3634360942644819	0.35954329252886946	0.3348970349681479	0.5014380051062493	0.4505963736750537	0.5030893985398861	0.8216064286890065	0.31576196438531934	0.3118591654002319	0.4808818872960965	0.31765032596999143	0.28313844617328904	0.6287956587113083	0.6138537230705561	0.7863954451402115	0.7051459453795158	0.5044500826198245	0.5233054686853337	0.3814854103667259	0.5226714751679999	0.4973550227666385	0.6743202287441529	1.0	0.5661243169204354	0.6311121227923644	0.4243196597677239	0.0	0.5618460861376695	1.0	0.34034911398885115
bs	0.585130648103806	1.0	0.0	0.7455134344225701	0.472423447443937	0.41305485153922766	0.41691170415342604	0.33595005209629	0.46689142770394315	0.3456703600476146	0.5500614789791493	0.31406282181321793	0.4585181863909794	0.6067454105236015	0.2769261331935774	0.6084370696808219	0.5009157236606265	1.0	0.5957152805729597	1.0	1.0	1.0	0.5889899959755058	0.360587555124876	0.4943378994217056	0.40257739481726473	0.4777092873203383	0.7584325078215763	0.6841174893561723	0.5043327602678692	0.3627979342243754	1.0	0.5312816329448166	1.0	0.2565760150874019
ceb	0.0	0.0	1.0	0.0	1.0	1.0	1.0	1.0	1.0	1.0	1.0	1.0	1.0	1.0	1.0	1.0	1.0	1.0	1.0	0.0	1.0	1.0	1.0	1.0	1.0	1.0	1.0	0.0	1.0	1.0	1.0	0.0	1.0	0.0	1.0
ckb	1.0	0.7455134344225701	0.0	1.0	0.2700942236243662	0.34178504871271786	0.4145940283860534	0.30658753649147935	0.30336357149922205	0.3185762047157236	0.3389470738375843	0.36148135325233416	0.32842272215930113	0.3241908322916536	0.313274006332356	0.32355408812229053	0.3336515268532103	0.7126095066991412	0.34545320643365385	0.7584325078215763	1.0	0.3698364668724416	0.3211806758167967	0.3168212304524994	0.3510034168450251	0.3255827461834046	1.0	0.6743202287441529	0.6286737270540138	0.41096935259383904	0.32561433578896093	1.0	0.30319853293549626	1.0	0.29534788236833126
da	0.5194941827649479	0.472423447443937	1.0	0.2700942236243662	1.0	0.34837772196308475	0.4997957800304278	0.2930297366705989	0.27532405761256984	0.2830053872448645	0.29904078063743894	0.3476938892387314	0.26328403394006955	0.3877452851470625	0.24431465315857345	0.28190727106222946	0.3076803395210996	0.54492832816103	0.6796674764571644	0.6223041007404059	1.0	0.3245304297779961	0.3500839609767026	0.27309537388849264	0.4830182468304467	0.2029271692937303	1.0	1.0	0.46659994994091897	0.448524261064032	0.3620078712968776	1.0	0.3348790345299223	1.0	0.3009119626349761
de	0.3634360942644819	0.41305485153922766	1.0	0.34178504871271786	0.34837772196308475	1.0	0.23406599671159636	0.05870555499875425	0.09829658515025311	0.0644077782693418	0.09360000623407969	0.15676299280587316	0.14898863212231422	0.2697958572148253	0.08178407674140159	0.08838273273575382	0.08944085748311392	0.46861296654171675	0.3819488683190271	0.41324827527104285	1.0	0.13174812861146015	0.10709712068382865	0.0931611959495798	0.24173487403097899	0.07976870685894871	0.276506076818008	0.7455134344225701	0.34360433320573236	0.21649246022068175	0.14690523400350192	1.0	0.15673512200391213	1.0	0.08154504784697202
el	0.35954329252886946	0.41691170415342604	1.0	0.4145940283860534	0.4997957800304278	0.23406599671159636	1.0	0.2197288852661412	0.2229370983060655	0.21913320618624585	0.23702745556757537	0.2430980483087555	0.22023820206742503	0.38980787935688643	0.1779108976192982	0.24578002557579912	0.21736345535284393	0.5607371342276144	0.412729815959123	0.5431986192905482	1.0	0.24903610750172497	0.24915795500280447	0.221910850300349	0.2607548081658166	0.20682723610394457	0.41112025159920496	1.0	0.43118347026712056	0.24313241332990398	0.3596946294122143	1.0	0.48530248825374706	1.0	0.21808054217383357
en	0.3348970349681479	0.33595005209629	1.0	0.30658753649147935	0.2930297366705989	0.05870555499875425	0.2197288852661412	1.0	0.06868294285850787	0.045192032416957365	0.07751052514523228	0.1635708897014894	0.10389060413685218	0.25069626830706127	0.06974308487830608	0.06204514460648797	0.07567252382843852	0.47462040092177604	0.317594808728267	0.45882469885307386	1.0	0.10703024948860596	0.08664510570453397	0.06916933639092099	0.1979206963539357	0.05343373297347499	0.24911753700554265	0.7455134344225701	0.36875224915484756	0.20809947808123055	0.08445580905945936	1.0	0.12384999891855211	1.0	0.06815730136859895
es	0.5014380051062493	0.46689142770394315	1.0	0.30336357149922205	0.27532405761256984	0.09829658515025311	0.2229370983060655	0.06868294285850787	1.0	0.07615521456271387	0.09553712256331921	0.1696933654694739	0.14622652888587573	0.22339561990142806	0.08415481123612638	0.0905517021154066	0.08989585560014493	0.4747985904995393	0.37582919119698827	0.4127881156157789	0.5660160774121898	0.12048005672864376	0.10977102388446294	0.07977282070644225	0.21463023365440487	0.08502314632569677	0.2556803715445599	0.7455134344225701	0.3206967357042358	0.20264495269076807	0.1508333203180804	1.0	0.1512325222327898	1.0	0.08129287487593286
fr	0.4505963736750537	0.3456703600476146	1.0	0.3185762047157236	0.2830053872448645	0.0644077782693418	0.21913320618624585	0.045192032416957365	0.07615521456271387	1.0	0.07762295276593281	0.16769476338632097	0.11357346987769497	0.26197704158098967	0.07156906510564698	0.07061097628963095	0.07673686100624728	0.4436655851172251	0.344474516616085	0.4529200140890292	1.0	0.10421863033859058	0.08966307733873181	0.07189804019635218	0.22399557685280558	0.06391251598351315	0.2536743898519703	0.7455134344225701	0.3391937947653059	0.19465823798839116	0.1209167889496263	1.0	0.1445501567181643	1.0	0.06936850168787279
he	0.5030893985398861	0.5500614789791493	1.0	0.3389470738375843	0.29904078063743894	0.09360000623407969	0.23702745556757537	0.07751052514523228	0.09553712256331921	0.07762295276593281	1.0	0.26237297198215626	0.14400464326936332	0.2722263522841304	0.09019649095528792	0.08657063050008139	0.09581668590393819	0.45952142773952487	0.41753902192548853	0.4463203041594659	1.0	0.1304395610104857	0.11198752818443014	0.0937662623724523	0.2520302100631011	0.08926953097851459	0.22558163678164886	0.7455134344225701	0.3812298893015151	0.2013881886483099	0.13366122171200423	1.0	0.1822725147033273	1.0	0.08432719381974133
hi	0.8216064286890065	0.31406282181321793	1.0	0.36148135325233416	0.3476938892387314	0.15676299280587316	0.2430980483087555	0.1635708897014894	0.1696933654694739	0.16769476338632097	0.26237297198215626	1.0	0.21602362069369982	0.275570845393629	0.1976990269917936	0.1777781841639351	0.1691354544780683	0.5820457874982551	0.5131198646566285	0.8055567530094857	1.0	0.23985849943433832	0.18834664446652644	0.18351692860753313	0.23853245384059776	0.15765101815672894	0.29846229798565005	0.7455134344225701	0.41901435451843716	0.2655989115064392	0.18560914426705766	1.0	0.25487585653340133	1.0	0.17031290578514205
hu	0.31576196438531934	0.4585181863909794	1.0	0.32842272215930113	0.26328403394006955	0.14898863212231422	0.22023820206742503	0.10389060413685218	0.14622652888587573	0.11357346987769497	0.14400464326936332	0.21602362069369982	1.0	0.30613648204037786	0.1157956585614471	0.1338080694420666	0.12669828665135408	0.38436562348225245	0.35724635327356136	0.4374155724345648	1.0	0.17405777806444936	0.16945099332279448	0.1379344757244727	0.24707412782298177	0.1290512197937876	0.2302094795087401	0.7510341748895937	0.3808164586831105	0.2722535719216007	0.20877230028053342	1.0	0.18608777965748885	1.0	0.12046311434397222
id	0.3118591654002319	0.6067454105236015	1.0	0.3241908322916536	0.3877452851470625	0.2697958572148253	0.38980787935688643	0.25069626830706127	0.22339561990142806	0.26197704158098967	0.2722263522841304	0.275570845393629	0.30613648204037786	1.0	0.28508698088207723	0.2734711267475287	0.25107613619362923	0.5647086380428739	0.5690318059217042	0.6333404237489202	1.0	0.284909841576011	0.27159820327231093	0.23669531510560202	0.42081441091410043	0.20336404345589307	0.3265730547989352	0.8695669956030054	0.4029155489304302	0.29386763105414804	0.30757297879365986	1.0	0.3254893416968816	1.0	0.24417572868307208
it	0.4808818872960965	0.2769261331935774	1.0	0.313274006332356	0.24431465315857345	0.08178407674140159	0.1779108976192982	0.06974308487830608	0.08415481123612638	0.07156906510564698	0.09019649095528792	0.1976990269917936	0.1157956585614471	0.28508698088207723	1.0	0.08095684477800914	0.08571765504051958	0.43049219686062745	0.41311764407534857	0.4296358791852374	1.0	0.1263132075275796	0.09616703588721127	0.084548053975836	0.19616989860970555	0.07824530658988733	0.24839204499971004	0.7455134344225701	0.28163734313051286	0.1701844883316919	0.13629257868056505	1.0	0.14323194072871248	1.0	0.07253245570961196
ja	0.31765032596999143	0.6084370696808219	1.0	0.32355408812229053	0.28190727106222946	0.08838273273575382	0.24578002557579912	0.06204514460648797	0.0905517021154066	0.07061097628963095	0.08657063050008139	0.1777781841639351	0.1338080694420666	0.2734711267475287	0.08095684477800914	1.0	0.08547890765399686	0.4774508252638	0.3959725763172161	0.4606114252223609	1.0	0.12807923935430335	0.11477800790857783	0.09767496820953517	0.24954584195457646	0.08335008381134752	0.2629635353557066	0.7455134344225701	0.3838648424662655	0.227005078473927	0.14940262208372543	1.0	0.16030257284599236	1.0	0.08044688471979845
ko	0.28313844617328904	0.5009157236606265	1.0	0.3336515268532103	0.3076803395210996	0.08944085748311392	0.21736345535284393	0.07567252382843852	0.08989585560014493	0.07673686100624728	0.09581668590393819	0.1691354544780683	0.12669828665135408	0.25107613619362923	0.08571765504051958	0.08547890765399686	1.0	0.4972042697897732	0.41734754443103717	0.4529200140890292	1.0	0.12004165212663756	0.11203147099712515	0.09246950082244688	0.2070437870746431	0.08566727751216788	0.280923503447836	0.7455134344225701	0.37271545313915094	0.19512065148882815	0.1426845175673942	1.0	0.143583830154328	1.0	0.08088714681360124
lv	0.6287956587113083	1.0	1.0	0.7126095066991412	0.54492832816103	0.46861296654171675	0.5607371342276144	0.47462040092177604	0.4747985904995393	0.4436655851172251	0.45952142773952487	0.5820457874982551	0.38436562348225245	0.5647086380428739	0.43049219686062745	0.4774508252638	0.4972042697897732	1.0	0.7455134344225701	0.6333404237489202	1.0	0.5322870716671166	0.5135032269435529	0.482174192313589	0.6167131210802119	0.4920918105301523	1.0	0.7510341748895937	0.569826242322618	0.4550382143251681	0.4929502179723546	1.0	0.45976638828864097	1.0	0.4047120612084338
mk	0.6138537230705561	0.5957152805729597	1.0	0.34545320643365385	0.6796674764571644	0.3819488683190271	0.412729815959123	0.317594808728267	0.37582919119698827	0.344474516616085	0.41753902192548853	0.5131198646566285	0.35724635327356136	0.5690318059217042	0.41311764407534857	0.3959725763172161	0.41734754443103717	0.7455134344225701	1.0	1.0	1.0	0.4146602682065652	0.43177706314868936	0.39922909870592865	0.6380558066189798	0.3165919465082609	0.5460021185524591	0.7690990303325336	0.8055567530094857	0.4806730991774942	0.3522751658416624	1.0	0.3761119794046747	1.0	0.3085888940666939
ml	0.7863954451402115	1.0	0.0	0.7584325078215763	0.6223041007404059	0.41324827527104285	0.5431986192905482	0.45882469885307386	0.4127881156157789	0.4529200140890292	0.4463203041594659	0.8055567530094857	0.4374155724345648	0.6333404237489202	0.4296358791852374	0.4606114252223609	0.4529200140890292	0.6333404237489202	1.0	1.0	1.0	0.4529200140890292	0.3521379083861223	0.41997051827259424	0.5920349842852309	0.4104518969221056	0.7584325078215765	0.7584325078215763	0.6344997284121858	0.6082411699725868	0.4680736008643826	1.0	0.46802107233891554	1.0	0.400190871221553
mr	0.7051459453795158	1.0	1.0	1.0	1.0	1.0	1.0	1.0	0.5660160774121898	1.0	1.0	1.0	1.0	1.0	1.0	1.0	1.0	1.0	1.0	1.0	1.0	1.0	1.0	1.0	1.0	1.0	1.0	1.0	1.0	1.0	1.0	1.0	1.0	1.0	1.0
nl	0.5044500826198245	1.0	1.0	0.3698364668724416	0.3245304297779961	0.13174812861146015	0.24903610750172497	0.10703024948860596	0.12048005672864376	0.10421863033859058	0.1304395610104857	0.23985849943433832	0.17405777806444936	0.284909841576011	0.1263132075275796	0.12807923935430335	0.12004165212663756	0.5322870716671166	0.4146602682065652	0.4529200140890292	1.0	1.0	0.1716507777499978	0.14834763206176488	0.28597545109845973	0.10589437592727868	0.29478840058779765	0.7455134344225701	0.43492006544729006	0.23905583183967463	0.18104853251061043	1.0	0.19120910748901718	1.0	0.10931286874323648
pl	0.5233054686853337	0.5889899959755058	1.0	0.3211806758167967	0.3500839609767026	0.10709712068382865	0.24915795500280447	0.08664510570453397	0.10977102388446294	0.08966307733873181	0.11198752818443014	0.18834664446652644	0.16945099332279448	0.27159820327231093	0.09616703588721127	0.11477800790857783	0.11203147099712515	0.5135032269435529	0.43177706314868936	0.3521379083861223	1.0	0.1716507777499978	1.0	0.11176044499271959	0.25011388163579723	0.10394466538706157	0.23616950210543966	0.660489913725291	0.4420746413294999	0.22065660801457163	0.19142660773665815	1.0	0.17259640347729935	1.0	0.09811716601717925
pt	0.3814854103667259	0.360587555124876	1.0	0.3168212304524994	0.27309537388849264	0.0931611959495798	0.221910850300349	0.06916933639092099	0.07977282070644225	0.07189804019635218	0.0937662623724523	0.18351692860753313	0.1379344757244727	0.23669531510560202	0.084548053975836	0.09767496820953517	0.09246950082244688	0.482174192313589	0.39922909870592865	0.41997051827259424	1.0	0.14834763206176488	0.11176044499271959	1.0	0.24308755213550878	0.09042157674581451	0.22160833579899858	0.660489913725291	0.34745124396881943	0.19523259194596	0.15736871566185512	1.0	0.16609576615786506	1.0	0.08036711399020016
ro	0.5226714751679999	0.4943378994217056	1.0	0.3510034168450251	0.4830182468304467	0.24173487403097899	0.2607548081658166	0.1979206963539357	0.21463023365440487	0.22399557685280558	0.2520302100631011	0.23853245384059776	0.24707412782298177	0.42081441091410043	0.19616989860970555	0.24954584195457646	0.2070437870746431	0.6167131210802119	0.6380558066189798	0.5920349842852309	1.0	0.28597545109845973	0.25011388163579723	0.24308755213550878	1.0	0.22013755783583422	0.4035340982315726	0.7510341748895937	0.5428286841114514	0.3478032468917024	0.2673565198651929	1.0	0.2876453288090582	1.0	0.19803250339780498
ru	0.4973550227666385	0.40257739481726473	1.0	0.3255827461834046	0.2029271692937303	0.07976870685894871	0.20682723610394457	0.05343373297347499	0.08502314632569677	0.06391251598351315	0.08926953097851459	0.15765101815672894	0.1290512197937876	0.20336404345589307	0.07824530658988733	0.08335008381134752	0.08566727751216788	0.4920918105301523	0.3165919465082609	0.4104518969221056	1.0	0.10589437592727868	0.10394466538706157	0.09042157674581451	0.22013755783583422	1.0	0.2545448519875865	0.8602847163987823	0.3021237827762379	0.21469198320427302	0.1331299088545204	1.0	0.12193637112503554	1.0	0.07396068967672047
sh	0.6743202287441529	0.4777092873203383	1.0	1.0	1.0	0.276506076818008	0.41112025159920496	0.24911753700554265	0.2556803715445599	0.2536743898519703	0.22558163678164886	0.29846229798565005	0.2302094795087401	0.3265730547989352	0.24839204499971004	0.2629635353557066	0.280923503447836	1.0	0.5460021185524591	0.7584325078215765	1.0	0.29478840058779765	0.23616950210543966	0.22160833579899858	0.4035340982315726	0.2545448519875865	1.0	0.7690990303325336	1.0	0.20888644956211747	0.45796386196005284	1.0	0.31262212000912626	1.0	0.19737944704329216
si	1.0	0.7584325078215763	0.0	0.6743202287441529	1.0	0.7455134344225701	1.0	0.7455134344225701	0.7455134344225701	0.7455134344225701	0.7455134344225701	0.7455134344225701	0.7510341748895937	0.8695669956030054	0.7455134344225701	0.7455134344225701	0.7455134344225701	0.7510341748895937	0.7690990303325336	0.7584325078215763	1.0	0.7455134344225701	0.660489913725291	0.660489913725291	0.7510341748895937	0.8602847163987823	0.7690990303325336	1.0	0.7690990303325336	0.7510341748895937	0.7510341748895937	1.0	0.6624525348502385	1.0	0.6401077560706075
simple	0.5661243169204354	0.6841174893561723	1.0	0.6286737270540138	0.46659994994091897	0.34360433320573236	0.43118347026712056	0.36875224915484756	0.3206967357042358	0.3391937947653059	0.3812298893015151	0.41901435451843716	0.3808164586831105	0.4029155489304302	0.28163734313051286	0.3838648424662655	0.37271545313915094	0.569826242322618	0.8055567530094857	0.6344997284121858	1.0	0.43492006544729006	0.4420746413294999	0.34745124396881943	0.5428286841114514	0.3021237827762379	1.0	0.7690990303325336	1.0	0.443689420445512	0.44277559698866653	1.0	0.4374859219977218	1.0	0.3385581875204435
sr	0.6311121227923644	0.5043327602678692	1.0	0.41096935259383904	0.448524261064032	0.21649246022068175	0.24313241332990398	0.20809947808123055	0.20264495269076807	0.19465823798839116	0.2013881886483099	0.2655989115064392	0.2722535719216007	0.29386763105414804	0.1701844883316919	0.227005078473927	0.19512065148882815	0.4550382143251681	0.4806730991774942	0.6082411699725868	1.0	0.23905583183967463	0.22065660801457163	0.19523259194596	0.3478032468917024	0.21469198320427302	0.20888644956211747	0.7510341748895937	0.443689420445512	1.0	0.2540139397891776	1.0	0.3525302955990266	1.0	0.19813677491899725
sv	0.4243196597677239	0.3627979342243754	1.0	0.32561433578896093	0.3620078712968776	0.14690523400350192	0.3596946294122143	0.08445580905945936	0.1508333203180804	0.1209167889496263	0.13366122171200423	0.18560914426705766	0.20877230028053342	0.30757297879365986	0.13629257868056505	0.14940262208372543	0.1426845175673942	0.4929502179723546	0.3522751658416624	0.4680736008643826	1.0	0.18104853251061043	0.19142660773665815	0.15736871566185512	0.2673565198651929	0.1331299088545204	0.45796386196005284	0.7510341748895937	0.44277559698866653	0.2540139397891776	1.0	1.0	0.2310585423888664	1.0	0.12883048098407532
te	0.0	1.0	0.0	1.0	1.0	1.0	1.0	1.0	1.0	1.0	1.0	1.0	1.0	1.0	1.0	1.0	1.0	1.0	1.0	1.0	1.0	1.0	1.0	1.0	1.0	1.0	1.0	1.0	1.0	1.0	1.0	1.0	1.0	1.0	1.0
vi	0.5618460861376695	0.5312816329448166	1.0	0.30319853293549626	0.3348790345299223	0.15673512200391213	0.48530248825374706	0.12384999891855211	0.1512325222327898	0.1445501567181643	0.1822725147033273	0.25487585653340133	0.18608777965748885	0.3254893416968816	0.14323194072871248	0.16030257284599236	0.143583830154328	0.45976638828864097	0.3761119794046747	0.46802107233891554	1.0	0.19120910748901718	0.17259640347729935	0.16609576615786506	0.2876453288090582	0.12193637112503554	0.31262212000912626	0.6624525348502385	0.4374859219977218	0.3525302955990266	0.2310585423888664	1.0	1.0	1.0	0.14626849384969412
war	1.0	1.0	0.0	1.0	1.0	1.0	1.0	1.0	1.0	1.0	1.0	1.0	1.0	1.0	1.0	1.0	1.0	1.0	1.0	1.0	1.0	1.0	1.0	1.0	1.0	1.0	1.0	1.0	1.0	1.0	1.0	1.0	1.0	1.0	1.0
zh	0.34034911398885115	0.2565760150874019	1.0	0.29534788236833126	0.3009119626349761	0.08154504784697202	0.21808054217383357	0.06815730136859895	0.08129287487593286	0.06936850168787279	0.08432719381974133	0.17031290578514205	0.12046311434397222	0.24417572868307208	0.07253245570961196	0.08044688471979845	0.08088714681360124	0.4047120612084338	0.3085888940666939	0.400190871221553	1.0	0.10931286874323648	0.09811716601717925	0.08036711399020016	0.19803250339780498	0.07396068967672047	0.19737944704329216	0.6401077560706075	0.3385581875204435	0.19813677491899725	0.12883048098407532	1.0	0.14626849384969412	1.0	1.0
