arz	bs	ceb	ckb	da	de	el	en	es	fr	he	hi	hu	id	it	ja	ko	lv	mk	ml	mr	nl	pl	pt	ro	ru	sh	si	simple	sr	sv	te	tr	vi	war	zh
arz	1.0	1.0	0.905073820238322	1.0	1.0	1.0	1.0	1.0	1.0	1.0	1.0	1.0	1.0	1.0	1.0	1.0	1.0	1.0	1.0	1.0	1.0	1.0	1.0	1.0	1.0	1.0	1.0	1.0	1.0	1.0	1.0	0.0	0.8216064286890065	1.0	1.0	1.0
bs	1.0	1.0	0.758247571779481	1.0	1.0	1.0	1.0	0.7690990303325336	1.0	1.0	1.0	1.0	1.0	1.0	1.0	1.0	1.0	1.0	1.0	1.0	1.0	0.7690990303325336	1.0	1.0	1.0	1.0	0.7690990303325336	0.8950725716095738	0.7863954451402115	1.0	0.7690990303325336	0.0	0.5030988272027869	1.0	0.4174265498852183	1.0
ceb	0.905073820238322	0.758247571779481	1.0	0.799714722361656	0.7401510969250492	0.7049491410493753	0.7933924717515567	0.6212283662705134	0.6462178644587886	0.6285870346412731	0.7979106575127869	0.8014958450297984	0.44048080397445105	0.7056338662029779	0.7739592472372956	0.7933924717515567	0.7933924717515569	0.5601909143744865	0.799714722361656	0.799714722361656	0.799714722361656	0.7692734558652926	0.7301576737791433	0.32987740811871363	0.7457338077485557	0.7933924717515567	0.32280662851254305	0.8662269846874963	0.7687862998122394	0.7979106575127869	0.6633286432860457	0.8055565294964305	-1.0	0.6661999841992123	0.448207432312707	0.2500818269336463
ckb	1.0	1.0	0.799714722361656	1.0	0.7690990303325336	1.0	1.0	0.7584325078215763	1.0	1.0	1.0	0.0	1.0	0.7690990303325336	1.0	1.0	1.0	1.0	1.0	0.0	1.0	0.7863954451402115	1.0	1.0	1.0	1.0	0.5020797777427737	1.0	1.0	1.0	0.7863954451402115	0.0	1.0	1.0	0.42137531720446353	1.0
da	1.0	1.0	0.7401510969250492	0.7690990303325336	1.0	0.4102507978063542	0.6841174893561722	0.3092693667011482	0.491760913387859	0.38167266202602473	0.6908587525207897	1.0	0.7509438213743351	0.6166491761390183	0.5921689683105412	0.5321200749221805	0.5765812944383589	0.7510341748895938	0.5818812394274148	1.0	1.0	0.43096821648440964	0.49663847348302065	0.5407226995860945	0.7878320007243595	0.49064565545594285	0.40180979759717234	0.8603627176904056	0.6590675637199677	0.7510341748895939	0.4489757807331257	0.0	0.39355635440438536	1.0	0.4170373012977065	0.5321200749221805
de	1.0	1.0	0.7049491410493753	1.0	0.4102507978063542	1.0	0.30906177901876275	0.18865563929376228	0.24112772636959692	0.1989685389486079	0.33422171971884407	1.0	0.49683323241354493	0.2939147106454721	0.21036707355310488	0.21964268036885132	0.24153177501578688	1.0	0.3179157339414225	1.0	1.0	0.2247091510377498	0.2910834522132846	0.23987404514272048	0.3339629340291638	0.22451872572669546	0.31247704887335265	0.827733824143862	0.4033096314257003	0.7347168825662656	0.27336177160033576	0.0	0.40570277106634883	0.32730528654929664	0.41307411033495967	0.25308336934684594
el	1.0	1.0	0.7933924717515567	1.0	0.6841174893561722	0.30906177901876275	1.0	0.41325778600698726	0.7263875964832448	0.6589257440209709	1.0	1.0	1.0	0.7322034805959263	0.5164004934060534	1.0	1.0	1.0	1.0	1.0	1.0	0.4639437483329271	1.0	1.0	0.6740515375688697	1.0	0.4262144241183642	1.0	0.7376607345031152	1.0	0.500225197330608	0.0	1.0	1.0	0.42137531720446353	1.0
en	1.0	0.7690990303325336	0.6212283662705134	0.7584325078215763	0.3092693667011482	0.18865563929376228	0.41325778600698726	1.0	0.297855451172357	0.1986433499287284	0.49589615197981884	0.5780843151146751	0.32032056764619815	0.3486936992928268	0.20405939018852406	0.2806045760048731	0.33758434900722173	0.6009526152245982	0.22834797523431555	1.0	1.0	0.21637690861313863	0.25979219444327317	0.2664559265288083	0.39258989685647727	0.25556947875824004	0.3783204250001503	0.7217665419638456	0.3540266875844128	0.5358887966030715	0.29177610843068663	1.0	0.2423964803018632	0.4888618678607527	0.4039526133762156	0.3178569459919465
es	1.0	1.0	0.6462178644587886	1.0	0.491760913387859	0.24112772636959692	0.7263875964832448	0.297855451172357	1.0	0.35996456079350114	0.7376607345031153	1.0	0.5599082099723294	0.4868750420657883	0.38060921815879584	0.6383829424521856	0.7199285383279772	1.0	0.7162976956558117	1.0	1.0	0.2937084603269813	0.5564013788279932	0.6024121817672693	0.6037841836404227	0.5917196795904756	0.47862906399907873	0.7517454503933536	0.4671169665803918	1.0	0.4601943686078928	0.0	0.3790475834318806	1.0	0.4101178167418591	0.6398385892358057
fr	1.0	1.0	0.6285870346412731	1.0	0.38167266202602473	0.1989685389486079	0.6589257440209709	0.1986433499287284	0.35996456079350114	1.0	0.7347168825662656	0.7992591943912659	0.41839788229893493	0.46559114268170215	0.22746081083524086	0.30636329490521486	0.4863372530677124	0.7411828468492555	0.433336954791824	1.0	1.0	0.225160681456969	0.3927229028612038	0.3737654649562418	0.5680826202633872	0.2941573208139673	0.4085099545596615	0.756700860813561	0.46541550319842906	0.7347168825662656	0.42435462040957617	0.0	0.2807732220951732	1.0	0.40403531700848166	0.3293075799640347
he	1.0	1.0	0.7979106575127869	1.0	0.6908587525207897	0.33422171971884407	1.0	0.49589615197981884	0.7376607345031153	0.7347168825662656	1.0	1.0	1.0	0.7376607345031153	0.7376607345031153	1.0	1.0	1.0	1.0	1.0	1.0	0.4903105254544438	1.0	1.0	0.7347168825662656	1.0	0.6077854099939063	1.0	0.629896233114065	1.0	0.6248466930879271	0.0	0.682082772751162	1.0	0.42137531720446353	1.0
hi	1.0	1.0	0.8014958450297984	0.0	1.0	1.0	1.0	0.5780843151146751	1.0	0.7992591943912659	1.0	1.0	1.0	0.7376607345031153	1.0	1.0	1.0	1.0	1.0	1.0	1.0	1.0	1.0	1.0	1.0	1.0	1.0	1.0	1.0	1.0	1.0	1.0	0.587055418139538	1.0	0.4331474405639646	1.0
hu	1.0	1.0	0.44048080397445105	1.0	0.7509438213743351	0.49683323241354493	1.0	0.32032056764619815	0.5599082099723294	0.41839788229893493	1.0	1.0	1.0	1.0	0.45651408257124604	0.5823617472637093	1.0	1.0	0.6506026751481849	1.0	1.0	0.30247699372051134	0.6468909830471344	0.6242676880499499	1.0	0.5519679734998192	0.5710585021690863	0.5285906508045974	0.6538836485984504	1.0	0.5592650940983659	0.0	0.7106922308883379	1.0	0.3467532634975341	0.585307241463139
id	1.0	1.0	0.7056338662029779	0.7690990303325336	0.6166491761390183	0.2939147106454721	0.7322034805959263	0.3486936992928268	0.4868750420657883	0.46559114268170215	0.7376607345031153	0.7376607345031153	1.0	1.0	0.4167036868614488	0.5025846267919108	0.5863089236503654	1.0	0.5922033024827086	1.0	1.0	0.4030093782538183	0.5781415801818196	0.7248485669756152	0.6100541622387603	0.45797651882004325	0.5959106790145787	0.8038772385522719	0.5473113397592537	1.0	0.5401277916348203	1.0	0.3654023529768406	0.6395657813917609	0.4139385246441242	0.49875765458584764
it	1.0	1.0	0.7739592472372956	1.0	0.5921689683105412	0.21036707355310488	0.5164004934060534	0.20405939018852406	0.38060921815879584	0.22746081083524086	0.7376607345031153	1.0	0.45651408257124604	0.4167036868614488	1.0	0.3324060753455327	0.4890619907697424	1.0	0.3437667148753665	1.0	1.0	0.2669686074280552	0.4155493913296509	0.34122055541012397	0.5342561269135824	0.295086072162705	0.3982229091243615	0.9171292441839443	0.4382949400450569	1.0	0.41316568459570047	0.0	0.3237903644398404	1.0	0.418568713323699	0.33771677157695407
ja	1.0	1.0	0.7933924717515567	1.0	0.5321200749221805	0.21964268036885132	1.0	0.2806045760048731	0.6383829424521856	0.30636329490521486	1.0	1.0	0.5823617472637093	0.5025846267919108	0.3324060753455327	1.0	1.0	1.0	1.0	1.0	1.0	0.2880431868012709	0.6452450558286368	1.0	0.6638546162332061	1.0	0.4981088482530088	1.0	0.49166488393486385	1.0	0.4880758193559189	1.0	0.44429628760915707	1.0	0.42137531720446353	1.0
ko	1.0	1.0	0.7933924717515569	1.0	0.5765812944383589	0.24153177501578688	1.0	0.33758434900722173	0.7199285383279772	0.4863372530677124	1.0	1.0	1.0	0.5863089236503654	0.4890619907697424	1.0	1.0	1.0	1.0	1.0	1.0	0.4126475671265449	1.0	1.0	0.7322034805959263	1.0	0.6073341560361036	1.0	0.5616751758586385	1.0	0.593659722556896	0.0	0.5895598144787592	1.0	0.42137531720446353	1.0
lv	1.0	1.0	0.5601909143744865	1.0	0.7510341748895938	1.0	1.0	0.6009526152245982	1.0	0.7411828468492555	1.0	1.0	1.0	1.0	1.0	1.0	1.0	1.0	1.0	1.0	1.0	0.48479767570337623	1.0	1.0	1.0	1.0	0.6524007805500078	0.6673934497592713	0.7510341748895938	1.0	0.7455134344225701	0.0	0.5035805015041288	1.0	0.39823654687898097	1.0
mk	1.0	1.0	0.799714722361656	1.0	0.5818812394274148	0.3179157339414225	1.0	0.22834797523431555	0.7162976956558117	0.433336954791824	1.0	1.0	0.6506026751481849	0.5922033024827086	0.3437667148753665	1.0	1.0	1.0	1.0	1.0	1.0	0.23462358029725347	0.6475250169846578	1.0	0.728099120889861	1.0	0.40629452899048074	1.0	0.6161562425375515	1.0	0.55093130688056	0.0	0.646793650404393	1.0	0.42137531720446353	1.0
ml	1.0	1.0	0.799714722361656	0.0	1.0	1.0	1.0	1.0	1.0	1.0	1.0	1.0	1.0	1.0	1.0	1.0	1.0	1.0	1.0	1.0	0.0	1.0	1.0	1.0	1.0	1.0	1.0	1.0	1.0	1.0	1.0	0.0	0.5657216605320549	1.0	0.42137531720446353	1.0
mr	1.0	1.0	0.799714722361656	1.0	1.0	1.0	1.0	1.0	1.0	1.0	1.0	1.0	1.0	1.0	1.0	1.0	1.0	1.0	1.0	0.0	1.0	1.0	1.0	1.0	1.0	1.0	1.0	1.0	1.0	1.0	1.0	1.0	1.0	0.0	0.42137531720446353	1.0
nl	1.0	0.7690990303325336	0.7692734558652926	0.7863954451402115	0.43096821648440964	0.2247091510377498	0.4639437483329271	0.21637690861313863	0.2937084603269813	0.225160681456969	0.4903105254544438	1.0	0.30247699372051134	0.4030093782538183	0.2669686074280552	0.2880431868012709	0.4126475671265449	0.48479767570337623	0.23462358029725347	1.0	1.0	1.0	0.36058116273641744	0.3897383632341854	0.5636594601391047	0.28378761591367874	0.3355104387986564	0.911255761258755	0.41330944250599305	0.433595876686515	0.2960724550803173	0.0	0.2837762577338581	0.5186423617709368	0.4196970612304143	0.2912743244782727
pl	1.0	1.0	0.7301576737791433	1.0	0.49663847348302065	0.2910834522132846	1.0	0.25979219444327317	0.5564013788279932	0.3927229028612038	1.0	1.0	0.6468909830471344	0.5781415801818196	0.4155493913296509	0.6452450558286368	1.0	1.0	0.6475250169846578	1.0	1.0	0.36058116273641744	1.0	1.0	0.6740515375688696	0.5988341345139976	0.508832259375592	0.8379676786920951	0.5444669785511383	0.7347168825662658	0.5575746638489889	0.0	0.4213100817087378	1.0	0.41627032814578774	0.6475250169846578
pt	1.0	1.0	0.32987740811871363	1.0	0.5407226995860945	0.23987404514272048	1.0	0.2664559265288083	0.6024121817672693	0.3737654649562418	1.0	1.0	0.6242676880499499	0.7248485669756152	0.34122055541012397	1.0	1.0	1.0	1.0	1.0	1.0	0.3897383632341854	1.0	1.0	0.6638546162332061	1.0	0.39591512837740817	0.3732860296758595	0.6110569957520272	1.0	0.46076092982319544	0.0	0.31599062945920703	1.0	0.2979379211569177	1.0
ro	1.0	1.0	0.7457338077485557	1.0	0.7878320007243595	0.3339629340291638	0.6740515375688697	0.39258989685647727	0.6037841836404227	0.5680826202633872	0.7347168825662656	1.0	1.0	0.6100541622387603	0.5342561269135824	0.6638546162332061	0.7322034805959263	1.0	0.728099120889861	1.0	1.0	0.5636594601391047	0.6740515375688696	0.6638546162332061	1.0	0.661251134120194	0.42728948929274124	0.8641725899828971	0.5676329340360837	1.0	0.4611040039238421	0.0	0.5946027824646368	0.7455134344225701	0.41599276455728645	0.6667969795412325
ru	1.0	1.0	0.7933924717515567	1.0	0.49064565545594285	0.22451872572669546	1.0	0.25556947875824004	0.5917196795904756	0.2941573208139673	1.0	1.0	0.5519679734998192	0.45797651882004325	0.295086072162705	1.0	1.0	1.0	1.0	1.0	1.0	0.28378761591367874	0.5988341345139976	1.0	0.661251134120194	1.0	0.5329753707821564	1.0	0.49166488393486385	1.0	0.46912617409749474	1.0	0.4316263034568531	1.0	0.42137531720446353	1.0
sh	1.0	0.7690990303325336	0.32280662851254305	0.5020797777427737	0.40180979759717234	0.31247704887335265	0.4262144241183642	0.3783204250001503	0.47862906399907873	0.4085099545596615	0.6077854099939063	1.0	0.5710585021690863	0.5959106790145787	0.3982229091243615	0.4981088482530088	0.6073341560361036	0.6524007805500078	0.40629452899048074	1.0	1.0	0.3355104387986564	0.508832259375592	0.39591512837740817	0.42728948929274124	0.5329753707821564	1.0	0.38924919600094215	0.5698243937971501	0.5490104195333284	0.4522475213749125	0.0	0.6119760171963996	0.6383571829007965	0.29257760375196756	0.4981088482530088
si	1.0	0.8950725716095738	0.8662269846874963	1.0	0.8603627176904056	0.827733824143862	1.0	0.7217665419638456	0.7517454503933536	0.756700860813561	1.0	1.0	0.5285906508045974	0.8038772385522719	0.9171292441839443	1.0	1.0	0.6673934497592713	1.0	1.0	1.0	0.911255761258755	0.8379676786920951	0.3732860296758595	0.8641725899828971	1.0	0.38924919600094215	1.0	0.8985048302526467	1.0	0.7518561189786032	1.0	1.0	0.7873492588269065	1.0	0.29533105541891236
simple	1.0	0.7863954451402115	0.7687862998122394	1.0	0.6590675637199677	0.4033096314257003	0.7376607345031152	0.3540266875844128	0.4671169665803918	0.46541550319842906	0.629896233114065	1.0	0.6538836485984504	0.5473113397592537	0.4382949400450569	0.49166488393486385	0.5616751758586385	0.7510341748895938	0.6161562425375515	1.0	1.0	0.41330944250599305	0.5444669785511383	0.6110569957520272	0.5676329340360837	0.49166488393486385	0.5698243937971501	0.8985048302526467	1.0	0.74551343442257	0.5270603706152795	0.0	0.3922000702111135	1.0	0.419203537536229	0.5408985128583078
sr	1.0	1.0	0.7979106575127869	1.0	0.7510341748895939	0.7347168825662656	1.0	0.5358887966030715	1.0	0.7347168825662656	1.0	1.0	1.0	1.0	1.0	1.0	1.0	1.0	1.0	1.0	1.0	0.433595876686515	0.7347168825662658	1.0	1.0	1.0	0.5490104195333284	1.0	0.74551343442257	1.0	0.7376607345031152	0.0	0.5885841189083852	1.0	0.42137531720446353	1.0
sv	1.0	0.7690990303325336	0.6633286432860457	0.7863954451402115	0.4489757807331257	0.27336177160033576	0.500225197330608	0.29177610843068663	0.4601943686078928	0.42435462040957617	0.6248466930879271	1.0	0.5592650940983659	0.5401277916348203	0.41316568459570047	0.4880758193559189	0.593659722556896	0.7455134344225701	0.55093130688056	1.0	1.0	0.2960724550803173	0.5575746638489889	0.46076092982319544	0.4611040039238421	0.46912617409749474	0.4522475213749125	0.7518561189786032	0.5270603706152795	0.7376607345031152	1.0	1.0	0.45927209478975883	0.7173869854085879	0.4110776928623	0.4907280547706993
te	0.0	0.0	0.8055565294964305	0.0	0.0	0.0	0.0	1.0	0.0	0.0	0.0	1.0	0.0	1.0	0.0	1.0	0.0	0.0	0.0	0.0	1.0	0.0	0.0	0.0	0.0	1.0	0.0	1.0	0.0	0.0	1.0	1.0	0.7510341748895938	0.0	0.4504757273424306	0.0
tr	0.8216064286890065	0.5030988272027869	-1.0	1.0	0.39355635440438536	0.40570277106634883	1.0	0.2423964803018632	0.3790475834318806	0.2807732220951732	0.682082772751162	0.587055418139538	0.7106922308883379	0.3654023529768406	0.3237903644398404	0.44429628760915707	0.5895598144787592	0.5035805015041288	0.646793650404393	0.5657216605320549	1.0	0.2837762577338581	0.4213100817087378	0.31599062945920703	0.5946027824646368	0.4316263034568531	0.6119760171963996	1.0	0.3922000702111135	0.5885841189083852	0.45927209478975883	0.7510341748895938	1.0	0.5613090463112362	1.0	0.4494622699845046
vi	1.0	1.0	0.6661999841992123	1.0	1.0	0.32730528654929664	1.0	0.4888618678607527	1.0	1.0	1.0	1.0	1.0	0.6395657813917609	1.0	1.0	1.0	1.0	1.0	1.0	0.0	0.5186423617709368	1.0	1.0	0.7455134344225701	1.0	0.6383571829007965	0.7873492588269065	1.0	1.0	0.7173869854085879	0.0	0.5613090463112362	1.0	0.4103252503415056	1.0
war	1.0	0.4174265498852183	0.448207432312707	0.42137531720446353	0.4170373012977065	0.41307411033495967	0.42137531720446353	0.4039526133762156	0.4101178167418591	0.40403531700848166	0.42137531720446353	0.4331474405639646	0.3467532634975341	0.4139385246441242	0.418568713323699	0.42137531720446353	0.42137531720446353	0.39823654687898097	0.42137531720446353	0.42137531720446353	0.42137531720446353	0.4196970612304143	0.41627032814578774	0.2979379211569177	0.41599276455728645	0.42137531720446353	0.29257760375196756	1.0	0.419203537536229	0.42137531720446353	0.4110776928623	0.4504757273424306	1.0	0.4103252503415056	1.0	0.23916660394735145
zh	1.0	1.0	0.2500818269336463	1.0	0.5321200749221805	0.25308336934684594	1.0	0.3178569459919465	0.6398385892358057	0.3293075799640347	1.0	1.0	0.585307241463139	0.49875765458584764	0.33771677157695407	1.0	1.0	1.0	1.0	1.0	1.0	0.2912743244782727	0.6475250169846578	1.0	0.6667969795412325	1.0	0.4981088482530088	0.29533105541891236	0.5408985128583078	1.0	0.4907280547706993	0.0	0.4494622699845046	1.0	0.23916660394735145	1.0
