arz	bs	ceb	ckb	da	de	el	en	es	fr	he	hi	hu	id	it	ja	ko	lv	mk	ml	mr	nl	pl	pt	ro	ru	sh	si	simple	sr	sv	te	vi	war	zh
arz	1.0	0.045454545454545456	0.0	0.0	0.0	0.0	0.0	0.0	0.0	0.0	0.0	0.0	0.0	0.06666666666666667	0.0	0.0	0.011363636363636364	0.0	0.0	0.05263157894736842	0.0	0.0	0.0	0.0	0.03278688524590164	0.0	0.017543859649122806	0.0	0.0	0.0	0.0	0.0	0.03125	0.0	0.007575757575757576
bs	0.045454545454545456	1.0	0.0	0.04225352112676056	0.06315789473684211	0.017857142857142856	0.16326530612244897	0.04716981132075472	0.032	0.022727272727272728	0.07608695652173914	0.015384615384615385	0.16030534351145037	0.2077922077922078	0.0625	0.029197080291970802	0.13636363636363635	0.06666666666666667	0.1	0.14084507042253522	0.015151515151515152	0.053763440860215055	0.06315789473684211	0.11504424778761062	0.16981132075471697	0.00909090909090909	0.25263157894736843	0.0	0.08974358974358974	0.12658227848101267	0.011111111111111112	0.0	0.08045977011494253	0.0	0.12790697674418605
ceb	0.0	0.0	0.0	0.0	0.0	0.0	0.0	0.0	0.0	0.0	0.0	0.0	0.0	0.0	0.0	0.0	0.0	0.0	0.0	0.0	0.0	0.0	0.0	0.0	0.0	0.0	0.0	0.0	0.0	0.0	0.0	0.0	0.0	0.0	0.0
ckb	0.0	0.04225352112676056	0.0	1.0	0.022727272727272728	0.0	0.05454545454545454	0.006060606060606061	0.013888888888888888	0.008130081300813009	0.0	0.0	0.03225806451612903	0.05714285714285714	0.007692307692307693	0.0	0.010752688172043012	0.0	0.06666666666666667	0.08695652173913043	0.0	0.0	0.07142857142857142	0.014492753623188406	0.0625	0.0	0.10526315789473684	0.0	0.03571428571428571	0.0	0.0	0.0	0.0	0.0	0.0072992700729927005
da	0.0	0.06315789473684211	0.0	0.022727272727272728	1.0	0.036585365853658534	0.036585365853658534	0.005208333333333333	0.010101010101010102	0.013422818791946308	0.04477611940298507	0.0	0.05128205128205128	0.06666666666666667	0.025974025974025976	0.027522935779816515	0.06140350877192982	0.02	0.017241379310344827	0.061224489795918366	0.0	0.014705882352941176	0.043478260869565216	0.021052631578947368	0.04395604395604396	0.0	0.08433734939759036	0.0	0.037037037037037035	0.01694915254237288	0.01639344262295082	0.0	0.031746031746031744	0.0	0.03773584905660377
de	0.0	0.017857142857142856	0.0	0.0	0.036585365853658534	1.0	0.020833333333333332	0.024875621890547265	0.018018018018018018	0.0379746835443038	0.0375	0.0	0.05426356589147287	0.013157894736842105	0.030120481927710843	0.05042016806722689	0.022900763358778626	0.0	0.014084507042253521	0.031746031746031744	0.0	0.012345679012345678	0.036585365853658534	0.018518518518518517	0.018867924528301886	0.010638297872340425	0.03	0.0	0.014705882352941176	0.0	0.0	0.0	0.02631578947368421	0.0	0.017142857142857144
el	0.0	0.16326530612244897	0.0	0.05454545454545454	0.036585365853658534	0.020833333333333332	1.0	0.03	0.03669724770642202	0.018633540372670808	0.0641025641025641	0.0	0.07936507936507936	0.1	0.042682926829268296	0.041666666666666664	0.08064516129032258	0.04918032786885246	0.1076923076923077	0.015625	0.0	0.0	0.04938271604938271	0.06796116504854369	0.09090909090909091	0.021505376344086023	0.13186813186813187	0.0	0.029850746268656716	0.013888888888888888	0.056338028169014086	0.0	0.02631578947368421	0.0	0.0658682634730539
en	0.0	0.04716981132075472	0.0	0.006060606060606061	0.005208333333333333	0.024875621890547265	0.03	1.0	0.013761467889908258	0.05426356589147287	0.0213903743315508	0.0	0.03389830508474576	0.01092896174863388	0.03333333333333333	0.021929824561403508	0.029787234042553193	0.023809523809523808	0.00558659217877095	0.01764705882352941	0.0	0.005291005291005291	0.010471204188481676	0.018691588785046728	0.018867924528301886	0.030456852791878174	0.009569377990430622	0.0	0.017241379310344827	0.0111731843575419	0.005494505494505495	0.0	0.01639344262295082	0.0	0.06716417910447761
es	0.0	0.032	0.0	0.013888888888888888	0.010101010101010102	0.018018018018018018	0.03669724770642202	0.013761467889908258	1.0	0.017045454545454544	0.020833333333333332	0.0	0.027210884353741496	0.0	0.02197802197802198	0.021897810218978103	0.04195804195804196	0.039473684210526314	0.0	0.0	0.0	0.021052631578947368	0.05263157894736842	0.06837606837606838	0.0423728813559322	0.009174311926605505	0.008547008547008548	0.0	0.012048192771084338	0.0	0.034482758620689655	0.0	0.0	0.0	0.03763440860215054
fr	0.0	0.022727272727272728	0.0	0.008130081300813009	0.013422818791946308	0.0379746835443038	0.018633540372670808	0.05426356589147287	0.017045454545454544	1.0	0.0	0.0	0.030612244897959183	0.007042253521126761	0.039473684210526314	0.032432432432432434	0.005025125628140704	0.0	0.014705882352941176	0.0	0.0	0.0136986301369863	0.02027027027027027	0.023255813953488372	0.029585798816568046	0.00625	0.018072289156626505	0.0	0.038461538461538464	0.007246376811594203	0.007142857142857143	0.0	0.014084507042253521	0.0	0.025210084033613446
he	0.0	0.07608695652173914	0.0	0.0	0.04477611940298507	0.0375	0.0641025641025641	0.0213903743315508	0.020833333333333332	0.0	1.0	0.0	0.06140350877192982	0.03333333333333333	0.0196078431372549	0.047619047619047616	0.0625	0.06521739130434782	0.09615384615384616	0.06382978723404255	0.0	0.015151515151515152	0.04477611940298507	0.06741573033707865	0.0449438202247191	0.012658227848101266	0.047619047619047616	0.0	0.08	0.03571428571428571	0.034482758620689655	0.0	0.05	0.0	0.06535947712418301
hi	0.0	0.015384615384615385	0.0	0.0	0.0	0.0	0.0	0.0	0.0	0.0	0.0	1.0	0.011494252873563218	0.0	0.0	0.0	0.0	0.0	0.0	0.0	0.0	0.0	0.0	0.0	0.01694915254237288	0.0	0.018518518518518517	0.0	0.0	0.0	0.0	0.0	0.0	0.0	0.007751937984496124
hu	0.0	0.16030534351145037	0.0	0.03225806451612903	0.05128205128205128	0.05426356589147287	0.07936507936507936	0.03389830508474576	0.027210884353741496	0.030612244897959183	0.06140350877192982	0.011494252873563218	1.0	0.10576923076923077	0.08290155440414508	0.09395973154362416	0.12418300653594772	0.04081632653061224	0.0891089108910891	0.061855670103092786	0.011363636363636364	0.043478260869565216	0.10810810810810811	0.1297709923664122	0.13178294573643412	0.023076923076923078	0.1557377049180328	0.0	0.038834951456310676	0.0673076923076923	0.008928571428571428	0.0	0.06422018348623854	0.0	0.08
id	0.06666666666666667	0.2077922077922078	0.0	0.05714285714285714	0.06666666666666667	0.013157894736842105	0.1	0.01092896174863388	0.0	0.007042253521126761	0.03333333333333333	0.0	0.10576923076923077	1.0	0.034482758620689655	0.009708737864077669	0.08653846153846154	0.04878048780487805	0.0851063829787234	0.1	0.0	0.0	0.015873015873015872	0.09876543209876543	0.20833333333333334	0.0	0.1232876712328767	0.0	0.02127659574468085	0.10638297872340426	0.0	0.0	0.03636363636363636	0.0	0.06802721088435375
it	0.0	0.0625	0.0	0.007692307692307693	0.025974025974025976	0.030120481927710843	0.042682926829268296	0.03333333333333333	0.02197802197802198	0.039473684210526314	0.0196078431372549	0.0	0.08290155440414508	0.034482758620689655	1.0	0.025906735751295335	0.05612244897959184	0.014814814814814815	0.03571428571428571	0.029850746268656716	0.0	0.06164383561643835	0.039473684210526314	0.028089887640449437	0.046242774566473986	0.043478260869565216	0.05389221556886228	0.0	0.02158273381294964	0.03546099290780142	0.006802721088435374	0.0	0.04861111111111111	0.0	0.12556053811659193
ja	0.0	0.029197080291970802	0.0	0.0	0.027522935779816515	0.05042016806722689	0.041666666666666664	0.021929824561403508	0.021897810218978103	0.032432432432432434	0.047619047619047616	0.0	0.09395973154362416	0.009708737864077669	0.025906735751295335	1.0	0.06622516556291391	0.0	0.06451612903225806	0.022222222222222223	0.0	0.0380952380952381	0.027522935779816515	0.03007518796992481	0.015037593984962405	0.025210084033613446	0.04	0.0	0.054945054945054944	0.02040816326530612	0.030303030303030304	0.0	0.009615384615384616	0.0	0.06217616580310881
ko	0.011363636363636364	0.13636363636363635	0.0	0.010752688172043012	0.06140350877192982	0.022900763358778626	0.08064516129032258	0.029787234042553193	0.04195804195804196	0.005025125628140704	0.0625	0.0	0.12418300653594772	0.08653846153846154	0.05612244897959184	0.06622516556291391	1.0	0.041666666666666664	0.09090909090909091	0.09782608695652174	0.011627906976744186	0.02608695652173913	0.04310344827586207	0.140625	0.125	0.015503875968992248	0.13008130081300814	0.0	0.08247422680412371	0.06862745098039216	0.027777777777777776	0.0	0.08571428571428572	0.0	0.11458333333333333
lv	0.0	0.06666666666666667	0.0	0.0	0.02	0.0	0.04918032786885246	0.023809523809523808	0.039473684210526314	0.0	0.06521739130434782	0.0	0.04081632653061224	0.04878048780487805	0.014814814814814815	0.0	0.041666666666666664	1.0	0.02702702702702703	0.03333333333333333	0.0	0.0	0.02	0.07042253521126761	0.04225352112676056	0.0	0.045454545454545456	0.0	0.12903225806451613	0.05405405405405406	0.0	0.0	0.023255813953488372	0.0	0.02127659574468085
mk	0.0	0.1	0.0	0.06666666666666667	0.017241379310344827	0.014084507042253521	0.1076923076923077	0.00558659217877095	0.0	0.014705882352941176	0.09615384615384616	0.0	0.0891089108910891	0.0851063829787234	0.03571428571428571	0.06451612903225806	0.09090909090909091	0.02702702702702703	1.0	0.08333333333333333	0.041666666666666664	0.0	0.07272727272727272	0.05	0.09333333333333334	0.014705882352941176	0.16666666666666666	0.0	0.075	0.0	0.0	0.0	0.0	0.0	0.034013605442176874
ml	0.05263157894736842	0.14084507042253522	0.0	0.08695652173913043	0.061224489795918366	0.031746031746031744	0.015625	0.01764705882352941	0.0	0.0	0.06382978723404255	0.0	0.061855670103092786	0.1	0.029850746268656716	0.022222222222222223	0.09782608695652174	0.03333333333333333	0.08333333333333333	1.0	0.058823529411764705	0.0	0.0196078431372549	0.013157894736842105	0.0273972602739726	0.0	0.1111111111111111	0.0	0.125	0.05263157894736842	0.0	0.0	0.022727272727272728	0.0	0.03571428571428571
mr	0.0	0.015151515151515152	0.0	0.0	0.0	0.0	0.0	0.0	0.0	0.0	0.0	0.0	0.011363636363636364	0.0	0.0	0.0	0.011627906976744186	0.0	0.041666666666666664	0.058823529411764705	1.0	0.0	0.0	0.0	0.0	0.0	0.01818181818181818	0.0	0.0	0.04	0.0	0.0	0.0	0.0	0.0
nl	0.0	0.053763440860215055	0.0	0.0	0.014705882352941176	0.012345679012345678	0.0	0.005291005291005291	0.021052631578947368	0.0136986301369863	0.015151515151515152	0.0	0.043478260869565216	0.0	0.06164383561643835	0.0380952380952381	0.02608695652173913	0.0	0.0	0.0	0.0	1.0	0.029850746268656716	0.03296703296703297	0.033707865168539325	0.025974025974025976	0.03571428571428571	0.0	0.019230769230769232	0.017857142857142856	0.0	0.0	0.06896551724137931	0.0	0.038461538461538464
pl	0.0	0.06315789473684211	0.0	0.07142857142857142	0.043478260869565216	0.036585365853658534	0.04938271604938271	0.010471204188481676	0.05263157894736842	0.02027027027027027	0.04477611940298507	0.0	0.10810810810810811	0.015873015873015872	0.039473684210526314	0.027522935779816515	0.04310344827586207	0.02	0.07272727272727272	0.0196078431372549	0.0	0.029850746268656716	1.0	0.1411764705882353	0.06741573033707865	0.025	0.0975609756097561	0.0	0.037037037037037035	0.05263157894736842	0.03333333333333333	0.0	0.06557377049180328	0.0	0.04430379746835443
pt	0.0	0.11504424778761062	0.0	0.014492753623188406	0.021052631578947368	0.018518518518518517	0.06796116504854369	0.018691588785046728	0.06837606837606838	0.023255813953488372	0.06741573033707865	0.0	0.1297709923664122	0.09876543209876543	0.028089887640449437	0.03007518796992481	0.140625	0.07042253521126761	0.05	0.013157894736842105	0.0	0.03296703296703297	0.1411764705882353	1.0	0.09090909090909091	0.0	0.10576923076923077	0.0	0.05194805194805195	0.024096385542168676	0.011627906976744186	0.0	0.07142857142857142	0.0	0.06741573033707865
ro	0.03278688524590164	0.16981132075471697	0.0	0.0625	0.04395604395604396	0.018867924528301886	0.09090909090909091	0.018867924528301886	0.0423728813559322	0.029585798816568046	0.0449438202247191	0.01694915254237288	0.13178294573643412	0.20833333333333334	0.046242774566473986	0.015037593984962405	0.125	0.04225352112676056	0.09333333333333334	0.0273972602739726	0.0	0.033707865168539325	0.06741573033707865	0.09090909090909091	1.0	0.009615384615384616	0.20212765957446807	0.0	0.11267605633802817	0.0375	0.024096385542168676	0.0	0.08641975308641975	0.0	0.08670520231213873
ru	0.0	0.00909090909090909	0.0	0.0	0.0	0.010638297872340425	0.021505376344086023	0.030456852791878174	0.009174311926605505	0.00625	0.012658227848101266	0.0	0.023076923076923078	0.0	0.043478260869565216	0.025210084033613446	0.015503875968992248	0.0	0.014705882352941176	0.0	0.0	0.025974025974025976	0.025	0.0	0.009615384615384616	1.0	0.030927835051546393	0.0	0.03125	0.0	0.043478260869565216	0.0	0.013513513513513514	0.0	0.03550295857988166
sh	0.017543859649122806	0.25263157894736843	0.0	0.10526315789473684	0.08433734939759036	0.03	0.13186813186813187	0.009569377990430622	0.008547008547008548	0.018072289156626505	0.047619047619047616	0.018518518518518517	0.1557377049180328	0.1232876712328767	0.05389221556886228	0.04	0.13008130081300814	0.045454545454545456	0.16666666666666666	0.1111111111111111	0.01818181818181818	0.03571428571428571	0.0975609756097561	0.10576923076923077	0.20212765957446807	0.030927835051546393	1.0	0.0	0.05714285714285714	0.05405405405405406	0.02564102564102564	0.0	0.0641025641025641	0.0	0.11585365853658537
si	0.0	0.0	0.0	0.0	0.0	0.0	0.0	0.0	0.0	0.0	0.0	0.0	0.0	0.0	0.0	0.0	0.0	0.0	0.0	0.0	0.0	0.0	0.0	0.0	0.0	0.0	0.0	0.0	0.0	0.0	0.0	0.0	0.0	0.0	0.0
simple	0.0	0.08974358974358974	0.0	0.03571428571428571	0.037037037037037035	0.014705882352941176	0.029850746268656716	0.017241379310344827	0.012048192771084338	0.038461538461538464	0.08	0.0	0.038834951456310676	0.02127659574468085	0.02158273381294964	0.054945054945054944	0.08247422680412371	0.12903225806451613	0.075	0.125	0.0	0.019230769230769232	0.037037037037037035	0.05194805194805195	0.11267605633802817	0.03125	0.05714285714285714	0.0	1.0	0.023255813953488372	0.0	0.0	0.0425531914893617	0.0	0.034722222222222224
sr	0.0	0.12658227848101267	0.0	0.0	0.01694915254237288	0.0	0.013888888888888888	0.0111731843575419	0.0	0.007246376811594203	0.03571428571428571	0.0	0.0673076923076923	0.10638297872340426	0.03546099290780142	0.02040816326530612	0.06862745098039216	0.05405405405405406	0.0	0.05263157894736842	0.04	0.017857142857142856	0.05263157894736842	0.024096385542168676	0.0375	0.0	0.05405405405405406	0.0	0.023255813953488372	1.0	0.02040816326530612	0.0	0.0392156862745098	0.0	0.05517241379310345
sv	0.0	0.011111111111111112	0.0	0.0	0.01639344262295082	0.0	0.056338028169014086	0.005494505494505495	0.034482758620689655	0.007142857142857143	0.034482758620689655	0.0	0.008928571428571428	0.0	0.006802721088435374	0.030303030303030304	0.027777777777777776	0.0	0.0	0.0	0.0	0.0	0.03333333333333333	0.011627906976744186	0.024096385542168676	0.043478260869565216	0.02564102564102564	0.0	0.0	0.02040816326530612	1.0	0.0	0.018518518518518517	0.0	0.006493506493506494
te	0.0	0.0	0.0	0.0	0.0	0.0	0.0	0.0	0.0	0.0	0.0	0.0	0.0	0.0	0.0	0.0	0.0	0.0	0.0	0.0	0.0	0.0	0.0	0.0	0.0	0.0	0.0	0.0	0.0	0.0	0.0	0.0	0.0	0.0	0.0
vi	0.03125	0.08045977011494253	0.0	0.0	0.031746031746031744	0.02631578947368421	0.02631578947368421	0.01639344262295082	0.0	0.014084507042253521	0.05	0.0	0.06422018348623854	0.03636363636363636	0.04861111111111111	0.009615384615384616	0.08571428571428572	0.023255813953488372	0.0	0.022727272727272728	0.0	0.06896551724137931	0.06557377049180328	0.07142857142857142	0.08641975308641975	0.013513513513513514	0.0641025641025641	0.0	0.0425531914893617	0.0392156862745098	0.018518518518518517	0.0	1.0	0.0	0.039473684210526314
war	0.0	0.0	0.0	0.0	0.0	0.0	0.0	0.0	0.0	0.0	0.0	0.0	0.0	0.0	0.0	0.0	0.0	0.0	0.0	0.0	0.0	0.0	0.0	0.0	0.0	0.0	0.0	0.0	0.0	0.0	0.0	0.0	0.0	0.0	0.0
zh	0.007575757575757576	0.12790697674418605	0.0	0.0072992700729927005	0.03773584905660377	0.017142857142857144	0.0658682634730539	0.06716417910447761	0.03763440860215054	0.025210084033613446	0.06535947712418301	0.007751937984496124	0.08	0.06802721088435375	0.12556053811659193	0.06217616580310881	0.11458333333333333	0.02127659574468085	0.034013605442176874	0.03571428571428571	0.0	0.038461538461538464	0.04430379746835443	0.06741573033707865	0.08670520231213873	0.03550295857988166	0.11585365853658537	0.0	0.034722222222222224	0.05517241379310345	0.006493506493506494	0.0	0.039473684210526314	0.0	1.0
