arz	bs	ceb	ckb	da	de	el	en	es	fr	he	hi	hu	id	it	ja	ko	lv	mk	ml	mr	nl	pl	pt	ro	ru	sh	si	simple	sr	sv	te	vi	war	zh
arz	1.0	0.14819844121739545	0.5	0.4142135623730951	0.28989794855663564	0.3425542621941936	0.1975496259559987	0.25	0.32037724101704074	0.2708131845707603	0.2244925741441817	1.0	0.15481519561794493	0.18304545565812685	0.19636040545626823	0.23501529772466884	0.14853547656786428	0.23725786958548362	0.1620483917662487	0.2590787070926852	0.3797958971132712	0.23669181907653403	0.2834508389971603	0.20336331688571513	0.20231446009235363	0.2742918851774318	0.1490857672464475	1.0	0.23089565102972948	0.2474401533514073	0.3333333333333333	1.0	0.30216947925196225	0.5	0.1734620135636239
bs	0.14819844121739545	1.0	0.24336073281110826	0.1757928471618607	0.11464268976039525	0.10847267310488899	0.20339836235637115	0.127210581008672	0.1135712915150617	0.11079496665929789	0.12591703902660747	0.2896929198442134	0.25479206801572357	0.15022006291837658	0.14722344282441455	0.1250918334024609	0.37088317843074575	0.11879400215895815	0.26324874866413084	0.28953947749730824	0.1936084681976882	0.11671750656952191	0.11414547065333387	0.17959419728532366	0.25800393096222984	0.10980238037311335	0.41173157237945696	1.0	0.1255503811064782	0.1383294117613456	0.10760689522702269	1.0	0.11836998880498713	0.1424339656566283	0.25975831394433996
ceb	0.5	0.24336073281110826	1.0	0.5	0.5	0.585786437626905	0.3797958971132712	0.353889367864523	0.5	0.585786437626905	0.3266316347104093	1.0	0.32449979983983984	0.5	0.39564392373896007	0.4364916731037085	0.23166247903554	0.3266316347104093	0.23845042223198504	0.3164309725825328	0.4364916731037085	1.0	1.0	0.38742588672279304	0.39564392373896	1.0	0.2284989041564256	1.0	0.3430703308172536	0.4364916731037085	0.585786437626905	1.0	0.5	1.0	0.44948974278317805
ckb	0.4142135623730951	0.1757928471618607	0.5	1.0	0.18196895952331313	0.18660549686337075	0.1700981920727961	0.17056679280200943	0.1813248031865153	0.18703645160980906	0.171678621987909	0.585786437626905	0.18599943443429703	0.17287050446757993	0.18913033736661772	0.17050763999009447	0.1601404740984057	0.17667774614844517	0.1790349036600201	0.19752606231605424	0.3797958971132712	0.18332456534896432	0.1908483737907837	0.1632916244883303	0.15549662340006157	0.18356744353536686	0.16217392012051215	1.0	0.2249243646054597	0.16771091354647558	0.1886378647726465	1.0	0.1733877478164413	0.3266316347104093	0.15691198446294724
da	0.28989794855663564	0.11464268976039525	0.5	0.18196895952331313	1.0	0.07989410684049214	0.08930028290084582	0.07905822604617464	0.0946340371992778	0.07848825849023194	0.11291229034537778	0.5	0.09315675435697665	0.11676257994028566	0.08773787894924988	0.08978975631934918	0.09248604604393298	0.12291223164974019	0.11632563674954781	0.2089890676944354	0.3333333333333333	0.08733876915460882	0.09579629811606721	0.11813449610598009	0.10226673712156764	0.08031218792855108	0.10955069514012437	1.0	0.16065860473777893	0.1196392382566509	0.08250670482642135	1.0	0.10279192568246225	0.25428627101618895	0.08713581189600456
de	0.3425542621941936	0.10847267310488899	0.585786437626905	0.18660549686337075	0.07989410684049214	1.0	0.07928603247843886	0.044695527098173676	0.0849224376549546	0.04420471262791409	0.08392631622913276	0.585786437626905	0.07393305668471903	0.09797419376707513	0.05389214384995936	0.04883512799886221	0.07216330579404785	0.11974819817848938	0.11308487268653249	0.202289368312595	0.40453726661826384	0.08509567963609038	0.09674186460846589	0.07547782563313166	0.08603723158805084	0.05598149813788814	0.1000476037959185	1.0	0.15940540801001063	0.11955250515444987	0.08621952416885173	1.0	0.0853850240124227	0.5	0.06319242667766707
el	0.1975496259559987	0.20339836235637115	0.3797958971132712	0.1700981920727961	0.08930028290084582	0.07928603247843886	1.0	0.1010282905547232	0.08701420781131756	0.0828256849839201	0.10252837029785142	0.44948974278317805	0.2452268532242979	0.13612250689052743	0.13710093374309057	0.0928755780743841	0.30482682881493584	0.1212712705204215	0.2047167426000437	0.20092107757181865	0.2588813752538767	0.09069771175131801	0.08596998880736985	0.14148443122289067	0.22161151151638894	0.07997934189077123	0.23456898360434494	1.0	0.10529768687867716	0.1296697400026493	0.08059843934474352	1.0	0.10488635764397349	0.18151291824946006	0.3392384206777952
en	0.25	0.127210581008672	0.353889367864523	0.17056679280200943	0.07905822604617464	0.044695527098173676	0.1010282905547232	1.0	0.060852346344986215	0.09188168545138732	0.08289638786098213	0.5	0.08303538256406583	0.10069600466148616	0.13097466265403007	0.12752401964876364	0.08944123426303802	0.12156642384889252	0.12246667884269237	0.20724918842815673	0.3151150884352446	0.057853211745953294	0.0766948239036256	0.09715689459127644	0.10012509071975347	0.06583602579058596	0.11657018828805651	1.0	0.13013273979346093	0.12812950814005974	0.05383894269908292	1.0	0.0951138712016641	0.28989794855663564	0.12407642383942478
es	0.32037724101704074	0.1135712915150617	0.5	0.1813248031865153	0.0946340371992778	0.0849224376549546	0.08701420781131756	0.060852346344986215	1.0	0.06755664654461536	0.09919626765370985	0.5	0.08495353076463072	0.11053272811059879	0.06934835287406549	0.0729911115660211	0.08638646608214645	0.12627214835890233	0.1125859368607012	0.19160519790816002	0.3597752501562547	0.08543701731055522	0.0933786234903816	0.09240191512849713	0.0951750990481481	0.0812708739183511	0.11099244836549645	1.0	0.150799655720867	0.1304229735439015	0.08082722611814094	1.0	0.08455403281165703	0.44948974278317805	0.079968239482467
fr	0.2708131845707603	0.11079496665929789	0.585786437626905	0.18703645160980906	0.07848825849023194	0.04420471262791409	0.0828256849839201	0.09188168545138732	0.06755664654461536	1.0	0.08415643117553998	0.585786437626905	0.07563941906054934	0.09748167613452434	0.09550014640117453	0.06273847748734106	0.07395362966682051	0.1226289831653525	0.11625685557498464	0.1975496259559987	0.353889367864523	0.0686814454301168	0.08713150926594028	0.07758630562821911	0.09275211605786503	0.06031213407218642	0.10181228773938433	1.0	0.17639469009155498	0.12082893848227187	0.05903378459325224	1.0	0.08692088413228242	0.3266316347104093	0.07845333309133216
he	0.2244925741441817	0.12591703902660747	0.3266316347104093	0.171678621987909	0.11291229034537778	0.08392631622913276	0.10252837029785142	0.08289638786098213	0.09919626765370985	0.08415643117553998	1.0	0.44948974278317805	0.10117585572141725	0.10527945869621666	0.08521317271613828	0.08474100685292221	0.09065596364060806	0.17270528675096194	0.1275917353197172	0.23574054869628622	0.2622154943646779	0.08355611497240725	0.10552677472056472	0.08924725898970384	0.11182563810348582	0.08990052007079768	0.11623002389533306	1.0	0.1485365455561933	0.1212544621758054	0.08871038895016235	1.0	0.09505642877437924	0.24257131419419417	0.098536903472237
hi	1.0	0.2896929198442134	1.0	0.585786437626905	0.5	0.585786437626905	0.44948974278317805	0.5	0.5	0.585786437626905	0.44948974278317805	1.0	0.3950325357559503	0.5	0.30552726787943424	0.5	0.3597752501562547	0.5	0.39564392373896	0.3483314773547883	1.0	0.5	0.44948974278317805	0.4142135623730951	0.4356120478348471	0.40453726661826384	0.37926872769071385	1.0	0.5	0.44948974278317805	0.585786437626905	1.0	0.44948974278317805	1.0	0.319768262066329
hu	0.15481519561794493	0.25479206801572357	0.32449979983983984	0.18599943443429703	0.09315675435697665	0.07393305668471903	0.2452268532242979	0.08303538256406583	0.08495353076463072	0.07563941906054934	0.10117585572141725	0.3950325357559503	1.0	0.1657118173099479	0.13476099984118292	0.1323359255247204	0.20816750695669736	0.11782872068447005	0.21794965882328696	0.2167922925005615	0.3090169943749474	0.08908310816424722	0.0819504597328012	0.1596708451869885	0.22090901601503798	0.07295109723720426	0.35574294320132555	1.0	0.11015030157697339	0.1340332900690734	0.0786099827160766	1.0	0.1105914204119248	0.14794976728674605	0.2335360956394432
id	0.18304545565812685	0.15022006291837658	0.5	0.17287050446757993	0.11676257994028566	0.09797419376707513	0.13612250689052743	0.10069600466148616	0.11053272811059879	0.09748167613452434	0.10527945869621666	0.5	0.1657118173099479	1.0	0.12283466094115301	0.11868041484024315	0.13012870789366263	0.12358394421041748	0.20910604662333024	0.21889094759738573	0.32165089728473717	0.09973183383202475	0.09452432079467132	0.12556620433404378	0.16761577284516954	0.09831937017031102	0.1536501323007199	1.0	0.11269819932757762	0.13009083448681083	0.0998200549491351	1.0	0.11127862498483748	0.17202299365704737	0.13250097242717454
it	0.19636040545626823	0.14722344282441455	0.39564392373896007	0.18913033736661772	0.08773787894924988	0.05389214384995936	0.13710093374309057	0.13097466265403007	0.06934835287406549	0.09550014640117453	0.08521317271613828	0.30552726787943424	0.13476099984118292	0.12283466094115301	1.0	0.10373341803155883	0.13366356447529773	0.13211047784414295	0.13368700986388632	0.2210898788696176	0.2855191471435641	0.06312165725186356	0.08074826711670334	0.10942654349869649	0.12506984618954142	0.06016447687539588	0.13950125166996716	1.0	0.1184132990643562	0.11827380707080831	0.06225003014188586	1.0	0.12306344690018517	0.1918253663634734	0.15431477909553626
ja	0.23501529772466884	0.1250918334024609	0.4364916731037085	0.17050763999009447	0.08978975631934918	0.04883512799886221	0.0928755780743841	0.12752401964876364	0.0729911115660211	0.06273847748734106	0.08474100685292221	0.5	0.1323359255247204	0.11868041484024315	0.10373341803155883	1.0	0.10688810656701893	0.12116950751587542	0.1293872752343375	0.20496526260395648	0.30552726787943424	0.0678030301606613	0.08029462259469891	0.09871197426395992	0.12990233911620028	0.06409596897819837	0.11738451823760775	1.0	0.12174707608157709	0.14083447126218157	0.06357659220206062	1.0	0.10206388695517415	0.2989350844248255	0.09160110147405814
ko	0.14853547656786428	0.37088317843074575	0.23166247903554	0.1601404740984057	0.09248604604393298	0.07216330579404785	0.30482682881493584	0.08944123426303802	0.08638646608214645	0.07395362966682051	0.09065596364060806	0.3597752501562547	0.20816750695669736	0.13012870789366263	0.13366356447529773	0.10688810656701893	1.0	0.12839290279781138	0.25532489709136363	0.24600269039829903	0.19866265569512978	0.08000646966357176	0.07786480253671514	0.12916601737564118	0.1810548012530894	0.07231085925210937	0.24467929168565525	1.0	0.11257452701960548	0.12720043874343137	0.07455686642168428	1.0	0.11030486820229066	0.16015261286229274	0.3255073045209395
lv	0.23725786958548362	0.11879400215895815	0.3266316347104093	0.17667774614844517	0.12291223164974019	0.11974819817848938	0.1212712705204215	0.12156642384889252	0.12627214835890233	0.1226289831653525	0.17270528675096194	0.5	0.11782872068447005	0.12358394421041748	0.13211047784414295	0.12116950751587542	0.12839290279781138	1.0	0.1274027304258833	0.2002016299482149	0.2499817147021662	0.1178175699767965	0.118410665606234	0.1212724275928015	0.11762876091731173	0.11640221198796605	0.11190448880981796	1.0	0.22418873150406612	0.1293559609733607	0.12085787150895286	1.0	0.15719106239988195	0.24594546944656887	0.11996896565037339
mk	0.1620483917662487	0.26324874866413084	0.23845042223198504	0.1790349036600201	0.11632563674954781	0.11308487268653249	0.2047167426000437	0.12246667884269237	0.1125859368607012	0.11625685557498464	0.1275917353197172	0.39564392373896	0.21794965882328696	0.20910604662333024	0.13368700986388632	0.1293872752343375	0.25532489709136363	0.1274027304258833	1.0	0.22771184745118575	0.21682442964297466	0.1231005176261641	0.117069455873997	0.16328575793576358	0.2119811536787097	0.11589594943209469	0.26444976218512	1.0	0.12113082421279334	0.1345473331719947	0.11476652895823028	1.0	0.12489447029029616	0.16039776255003638	0.21249595181069988
ml	0.2590787070926852	0.28953947749730824	0.3164309725825328	0.19752606231605424	0.2089890676944354	0.202289368312595	0.20092107757181865	0.20724918842815673	0.19160519790816002	0.1975496259559987	0.23574054869628622	0.3483314773547883	0.2167922925005615	0.21889094759738573	0.2210898788696176	0.20496526260395648	0.24600269039829903	0.2002016299482149	0.22771184745118575	1.0	0.3090169943749474	0.19615869196503868	0.20819209143676118	0.22569204690155506	0.20102453011713953	0.18720708210445794	0.24486789868189704	1.0	0.27268167002216115	0.1973074698836654	0.1975496259559987	1.0	0.2045287882169895	0.25728427444747215	0.23202949031868852
mr	0.3797958971132712	0.1936084681976882	0.4364916731037085	0.3797958971132712	0.3333333333333333	0.40453726661826384	0.2588813752538767	0.3151150884352446	0.3597752501562547	0.353889367864523	0.2622154943646779	1.0	0.3090169943749474	0.32165089728473717	0.2855191471435641	0.30552726787943424	0.19866265569512978	0.2499817147021662	0.21682442964297466	0.3090169943749474	1.0	0.4364916731037085	0.40453726661826384	0.26968623182294527	0.2563347232703193	0.4364916731037085	0.19137038569458228	1.0	0.28989794855663564	0.3797958971132712	0.40453726661826384	1.0	0.4236911886691039	0.4364916731037085	0.3078040733867505
nl	0.23669181907653403	0.11671750656952191	1.0	0.18332456534896432	0.08733876915460882	0.08509567963609038	0.09069771175131801	0.057853211745953294	0.08543701731055522	0.0686814454301168	0.08355611497240725	0.5	0.08908310816424722	0.09973183383202475	0.06312165725186356	0.0678030301606613	0.08000646966357176	0.1178175699767965	0.1231005176261641	0.19615869196503868	0.4364916731037085	1.0	0.09805065867616006	0.07788870981043655	0.09700731908605688	0.08676430583909246	0.11011162543298003	1.0	0.14436715573530398	0.12355010509461255	0.10205110895457926	1.0	0.08871879319874038	0.39564392373896007	0.06872459322693104
pl	0.2834508389971603	0.11414547065333387	1.0	0.1908483737907837	0.09579629811606721	0.09674186460846589	0.08596998880736985	0.0766948239036256	0.0933786234903816	0.08713150926594028	0.10552677472056472	0.44948974278317805	0.0819504597328012	0.09452432079467132	0.08074826711670334	0.08029462259469891	0.07786480253671514	0.118410665606234	0.117069455873997	0.20819209143676118	0.40453726661826384	0.09805065867616006	1.0	0.08506747415659285	0.09192783652413837	0.10234907584326935	0.10685106228173956	1.0	0.17752655106307472	0.12011386136391143	0.09494308806867714	1.0	0.0894715804238538	0.36602540378443865	0.08163091017727096
pt	0.20336331688571513	0.17959419728532366	0.38742588672279304	0.1632916244883303	0.11813449610598009	0.07547782563313166	0.14148443122289067	0.09715689459127644	0.09240191512849713	0.07758630562821911	0.08924725898970384	0.4142135623730951	0.1596708451869885	0.12556620433404378	0.10942654349869649	0.09871197426395992	0.12916601737564118	0.1212724275928015	0.16328575793576358	0.22569204690155506	0.26968623182294527	0.07788870981043655	0.08506747415659285	1.0	0.1434849045823776	0.07480338845778593	0.1739703132935003	1.0	0.11418580197153716	0.1412520724543378	0.07687975005386767	1.0	0.10841427207639157	0.1730575753714725	0.16422153291297686
ro	0.20231446009235363	0.25800393096222984	0.39564392373896	0.15549662340006157	0.10226673712156764	0.08603723158805084	0.22161151151638894	0.10012509071975347	0.0951750990481481	0.09275211605786503	0.11182563810348582	0.4356120478348471	0.22090901601503798	0.16761577284516954	0.12506984618954142	0.12990233911620028	0.1810548012530894	0.11762876091731173	0.2119811536787097	0.20102453011713953	0.2563347232703193	0.09700731908605688	0.09192783652413837	0.1434849045823776	1.0	0.08624042377968075	0.24773658542790022	1.0	0.10996247960893747	0.12745191509882606	0.08642672716681246	1.0	0.10836153310418754	0.17100799366294794	0.1918246248846605
ru	0.2742918851774318	0.10980238037311335	1.0	0.18356744353536686	0.08031218792855108	0.05598149813788814	0.07997934189077123	0.06583602579058596	0.0812708739183511	0.06031213407218642	0.08990052007079768	0.40453726661826384	0.07295109723720426	0.09831937017031102	0.06016447687539588	0.06409596897819837	0.07231085925210937	0.11640221198796605	0.11589594943209469	0.18720708210445794	0.4364916731037085	0.08676430583909246	0.10234907584326935	0.07480338845778593	0.08624042377968075	1.0	0.10249781360732944	1.0	0.16210565761646037	0.11362097990994686	0.10094887055277728	1.0	0.08332799763722316	0.3797958971132712	0.06997153708868152
sh	0.1490857672464475	0.41173157237945696	0.2284989041564256	0.16217392012051215	0.10955069514012437	0.1000476037959185	0.23456898360434494	0.11657018828805651	0.11099244836549645	0.10181228773938433	0.11623002389533306	0.37926872769071385	0.35574294320132555	0.1536501323007199	0.13950125166996716	0.11738451823760775	0.24467929168565525	0.11190448880981796	0.26444976218512	0.24486789868189704	0.19137038569458228	0.11011162543298003	0.10685106228173956	0.1739703132935003	0.24773658542790022	0.10249781360732944	1.0	1.0	0.11284067033363868	0.12930929984591025	0.0992995209997946	1.0	0.10649258995007642	0.14779166813443093	0.25099780322396
si	1.0	1.0	1.0	1.0	1.0	1.0	1.0	1.0	1.0	1.0	1.0	1.0	1.0	1.0	1.0	1.0	1.0	1.0	1.0	1.0	1.0	1.0	1.0	1.0	1.0	1.0	1.0	1.0	1.0	1.0	1.0	1.0	1.0	1.0	1.0
simple	0.23089565102972948	0.1255503811064782	0.3430703308172536	0.2249243646054597	0.16065860473777893	0.15940540801001063	0.10529768687867716	0.13013273979346093	0.150799655720867	0.17639469009155498	0.1485365455561933	0.5	0.11015030157697339	0.11269819932757762	0.1184132990643562	0.12174707608157709	0.11257452701960548	0.22418873150406612	0.12113082421279334	0.27268167002216115	0.28989794855663564	0.14436715573530398	0.17752655106307472	0.11418580197153716	0.10996247960893747	0.16210565761646037	0.11284067033363868	1.0	1.0	0.13212494413585504	0.15731206200942902	1.0	0.15156886039719905	0.2553967929896867	0.10875880330935722
sr	0.2474401533514073	0.1383294117613456	0.4364916731037085	0.16771091354647558	0.1196392382566509	0.11955250515444987	0.1296697400026493	0.12812950814005974	0.1304229735439015	0.12082893848227187	0.1212544621758054	0.44948974278317805	0.1340332900690734	0.13009083448681083	0.11827380707080831	0.14083447126218157	0.12720043874343137	0.1293559609733607	0.1345473331719947	0.1973074698836654	0.3797958971132712	0.12355010509461255	0.12011386136391143	0.1412520724543378	0.12745191509882606	0.11362097990994686	0.12930929984591025	1.0	0.13212494413585504	1.0	0.11830849587901185	1.0	0.12095026484057296	0.2989350844248255	0.123757358360601
sv	0.3333333333333333	0.10760689522702269	0.585786437626905	0.1886378647726465	0.08250670482642135	0.08621952416885173	0.08059843934474352	0.05383894269908292	0.08082722611814094	0.05903378459325224	0.08871038895016235	0.585786437626905	0.0786099827160766	0.0998200549491351	0.06225003014188586	0.06357659220206062	0.07455686642168428	0.12085787150895286	0.11476652895823028	0.1975496259559987	0.40453726661826384	0.10205110895457926	0.09494308806867714	0.07687975005386767	0.08642672716681246	0.10094887055277728	0.0992995209997946	1.0	0.15731206200942902	0.11830849587901185	1.0	1.0	0.0843632644193458	0.585786437626905	0.06793665280227167
te	1.0	1.0	1.0	1.0	1.0	1.0	1.0	1.0	1.0	1.0	1.0	1.0	1.0	1.0	1.0	1.0	1.0	1.0	1.0	1.0	1.0	1.0	1.0	1.0	1.0	1.0	1.0	1.0	1.0	1.0	1.0	1.0	1.0	1.0	1.0
vi	0.30216947925196225	0.11836998880498713	0.5	0.1733877478164413	0.10279192568246225	0.0853850240124227	0.10488635764397349	0.0951138712016641	0.08455403281165703	0.08692088413228242	0.09505642877437924	0.44948974278317805	0.1105914204119248	0.11127862498483748	0.12306344690018517	0.10206388695517415	0.11030486820229066	0.15719106239988195	0.12489447029029616	0.2045287882169895	0.4236911886691039	0.08871879319874038	0.0894715804238538	0.10841427207639157	0.10836153310418754	0.08332799763722316	0.10649258995007642	1.0	0.15156886039719905	0.12095026484057296	0.0843632644193458	1.0	1.0	0.23329952500316292	0.10011396057087872
war	0.5	0.1424339656566283	1.0	0.3266316347104093	0.25428627101618895	0.5	0.18151291824946006	0.28989794855663564	0.44948974278317805	0.3266316347104093	0.24257131419419417	1.0	0.14794976728674605	0.17202299365704737	0.1918253663634734	0.2989350844248255	0.16015261286229274	0.24594546944656887	0.16039776255003638	0.25728427444747215	0.4364916731037085	0.39564392373896007	0.36602540378443865	0.1730575753714725	0.17100799366294794	0.3797958971132712	0.14779166813443093	1.0	0.2553967929896867	0.2989350844248255	0.585786437626905	1.0	0.23329952500316292	1.0	0.17379378377786506
zh	0.1734620135636239	0.25975831394433996	0.44948974278317805	0.15691198446294724	0.08713581189600456	0.06319242667766707	0.3392384206777952	0.12407642383942478	0.079968239482467	0.07845333309133216	0.098536903472237	0.319768262066329	0.2335360956394432	0.13250097242717454	0.15431477909553626	0.09160110147405814	0.3255073045209395	0.11996896565037339	0.21249595181069988	0.23202949031868852	0.3078040733867505	0.06872459322693104	0.08163091017727096	0.16422153291297686	0.1918246248846605	0.06997153708868152	0.25099780322396	1.0	0.10875880330935722	0.123757358360601	0.06793665280227167	1.0	0.10011396057087872	0.17379378377786506	1.0
