arz	bs	ceb	ckb	da	de	el	en	es	fr	he	hi	hu	id	it	ja	ko	lv	mk	ml	mr	nl	pl	pt	ro	ru	sh	si	simple	sr	sv	te	vi	war	zh
arz	1.0	0.4951635453320652	0.72653347084664	0.6604155927162816	0.46407745475671336	0.5539998553215997	0.4833075937536103	0.4822033015659642	0.3765513384560581	0.38423072366809025	0.42221032293553795	1.0	0.5423628043362297	0.47723919059288944	0.2849720287766258	0.497141947348199	0.40934805816543723	0.30434541191286646	0.3856941841961975	0.5778849864944826	0.6065418269871578	0.4800992095880873	0.3811670771334302	0.5026371908053118	0.39518215010871854	0.4824921756143628	0.440677356379348	1.0	0.4719152888339233	0.5091790141836274	0.5064045227654658	1.0	0.5180355971455909	0.6994017365373274	0.47768683569452397
bs	0.4951635453320652	1.0	0.5276367859506133	0.4608400775870338	0.45991786030595144	0.5146760711828694	0.5730530963506011	0.3199405184609491	0.2959304702816198	0.380781330894045	0.5255922805238694	0.7067656778014395	0.5240054956769623	0.48099160213193665	0.33267365310505453	0.39373911446439125	0.38494716244985405	0.2827974902382313	0.42168356308257976	0.5651973658819931	0.6322598042321325	0.5723965270668545	0.39333915961714927	0.33583570810504126	0.39265017146924464	0.5004540169444082	0.5251088739921501	1.0	0.4239485864537922	0.4619273324314504	0.6000750555012012	1.0	0.47294153922950083	0.6201628421089995	0.5100114614317955
ceb	0.72653347084664	0.5276367859506133	1.0	0.72653347084664	0.7265334708466399	0.7584325078215763	0.7463334166787828	0.458551224796464	0.4618090702588599	0.4576444201675777	0.6893326703470399	1.0	0.7127728546813857	0.72653347084664	0.4034424539710522	0.6704675947063355	0.6475370957183296	0.40471652368357725	0.525639454642808	0.6202930283927067	0.6704675947063355	1.0	0.44930756545688116	0.6534568198095766	0.338513907211577	1.0	0.6281095165352055	1.0	0.47840917629644725	0.6704675947063354	0.7584325078215763	1.0	0.72653347084664	1.0	0.6866996130809769
ckb	0.6604155927162816	0.4608400775870338	0.72653347084664	1.0	0.46374864270593386	0.5042477630966964	0.4461296873699375	0.30798957682328154	0.3242711946359099	0.4295971643848808	0.500714653833946	0.7690990303325336	0.5297397877466159	0.5837998011382194	0.3720590434717427	0.45306378468128233	0.3593594657578176	0.3014630198652714	0.512383335572122	0.5162269391390332	0.6153522305315281	0.46523140734000473	0.3924973969377074	0.393056826804405	0.3218226330574386	0.49574614636230735	0.5269937727053019	1.0	0.3471154164625554	0.44106022164216674	0.5585312086726995	1.0	0.4679286191534252	0.5996750015041121	0.44831244597138165
da	0.46407745475671336	0.45991786030595144	0.7265334708466399	0.46374864270593386	1.0	0.28068203160107696	0.3188393536713447	0.25134858222892764	0.29263817460991487	0.20938830339124515	0.26300150971466696	0.6743202287441529	0.30940753230092244	0.3515707836563975	0.20977931619356247	0.2596222391239468	0.31769163023990166	0.3610596109873787	0.3259650761392568	0.5961284996081205	0.5186549051824393	0.257052894547137	0.24213646714698756	0.32761532379426295	0.3953434333110654	0.24326900030737408	0.4438575846934302	1.0	0.4708411619125482	0.39279744639785863	0.25342711332243345	1.0	0.29645508217091776	0.4929298294059078	0.35260377766512785
de	0.5539998553215997	0.5146760711828694	0.7584325078215763	0.5042477630966964	0.28068203160107696	1.0	0.4297643758541088	0.2569973627169655	0.29004822129761504	0.23042643894227607	0.25365452712153064	0.7690990303325336	0.4260140391049418	0.3856577082572276	0.3336702336582858	0.24457708813418264	0.4487572545989153	0.36832150173563916	0.3939075696913411	0.5833706188804124	0.5910148026599705	0.3481774455041118	0.280351210201739	0.34700789874798854	0.29838050844749536	0.2334106749827826	0.5398716801174964	1.0	0.39472313229616035	0.4677475599559013	0.28191662982217247	1.0	0.3863951214684846	0.6908587525207898	0.4124033025074346
el	0.4833075937536103	0.5730530963506011	0.7463334166787828	0.4461296873699375	0.3188393536713447	0.4297643758541088	1.0	0.33604755655786145	0.25425968402391486	0.34573000772579643	0.28631085123415434	0.7636008900425729	0.46876377712635414	0.37930711960519836	0.3306823565740279	0.348037241587642	0.40387263873850526	0.34842081441429656	0.45972239868897313	0.40113049576409054	0.6089695851232	0.43052540441928827	0.35444226866466655	0.2821966187650198	0.34736708206456335	0.3714354843624375	0.4754761482989038	1.0	0.32908962260522245	0.42714354200385046	0.4518948817827707	1.0	0.37714594502080495	0.5593288569415524	0.4503866420126597
en	0.4822033015659642	0.3199405184609491	0.458551224796464	0.30798957682328154	0.25134858222892764	0.2569973627169655	0.33604755655786145	1.0	0.2931644518736336	0.25716815271668053	0.2451063956704666	0.6743202287441529	0.318832908999011	0.2727921963448047	0.29558984375641684	0.221759497223306	0.3001743845676702	0.3102204316971708	0.26941845098522854	0.5325949913976771	0.40921295518446854	0.29445676004659044	0.28888947601634835	0.2581767587638535	0.34488165630962947	0.21392435685363434	0.38523925578261664	1.0	0.3714324190869072	0.34863559031094715	0.2435847186414212	1.0	0.3292702281666217	0.6094939447152462	0.3908914080572301
es	0.3765513384560581	0.2959304702816198	0.4618090702588599	0.3242711946359099	0.29263817460991487	0.29004822129761504	0.25425968402391486	0.2931644518736336	1.0	0.23365694135529427	0.2518865817413815	0.6743202287441529	0.3896279146062128	0.267739456072019	0.2773373585003698	0.22146573889934595	0.434444150346038	0.3022738600559252	0.31016757299283654	0.4347868958223711	0.40621135502752037	0.2610269432938519	0.3429385058792088	0.3553485685254347	0.2813546136614892	0.20811032344468638	0.32556699068487466	1.0	0.31042425616110475	0.30303538027598564	0.267803074042983	1.0	0.3383820209806941	0.42570375198134786	0.227036120190639
fr	0.38423072366809025	0.380781330894045	0.4576444201675777	0.4295971643848808	0.20938830339124515	0.23042643894227607	0.34573000772579643	0.25716815271668053	0.23365694135529427	1.0	0.23281619160645942	0.5263825220994708	0.3000274643176934	0.31058141618100865	0.2717067738800089	0.20870310498719657	0.33462305938861775	0.3080886107454585	0.38178172326047904	0.3678115543355822	0.5037902250335009	0.21993784672656852	0.2561687043468307	0.3014981319019567	0.28665737927260065	0.19313391289736678	0.3676993736336538	1.0	0.38244936768517135	0.3456596063987353	0.2210891800469785	1.0	0.346646130261571	0.43403620470169124	0.27315446354336204
he	0.42221032293553795	0.5255922805238694	0.6893326703470399	0.500714653833946	0.26300150971466696	0.25365452712153064	0.28631085123415434	0.2451063956704666	0.2518865817413815	0.23281619160645942	1.0	0.5031262119890274	0.27697634553292055	0.3729651777180577	0.21853340233341678	0.23608749352103522	0.25213102047397074	0.30212693739262547	0.40944656038981986	0.560143801596955	0.5526083862297846	0.25972643277564333	0.24874911501180275	0.254924883445315	0.3693754154065853	0.23059160148525196	0.5149715589821549	1.0	0.3794770008171984	0.4270678423487706	0.2600189832639095	1.0	0.2487901674476362	0.578392838164375	0.2825473010061243
hi	1.0	0.7067656778014395	1.0	0.7690990303325336	0.6743202287441529	0.7690990303325336	0.7636008900425729	0.6743202287441529	0.6743202287441529	0.5263825220994708	0.5031262119890274	1.0	0.8267751022287053	0.6723191802055581	0.6424183902637783	0.6743202287441529	0.4445325298171047	0.8943504275997424	0.540271464242908	0.3741212883892825	1.0	0.6723191802055581	0.610699955420724	0.46046277412661457	0.49213196646410834	0.775742540377678	0.44673489687380297	1.0	0.8755395908437883	0.6051469583302327	0.7690990303325336	1.0	0.6466184478660688	1.0	0.5312330554847736
hu	0.5423628043362297	0.5240054956769623	0.7127728546813857	0.5297397877466159	0.30940753230092244	0.4260140391049418	0.46876377712635414	0.318832908999011	0.3896279146062128	0.3000274643176934	0.27697634553292055	0.8267751022287053	1.0	0.41484408627321623	0.28920777060230746	0.3190011436984703	0.46669432565209223	0.2718925133041901	0.4223461328304613	0.5166081864444955	0.6745290565284602	0.43001422102401204	0.3585240275804115	0.33621301391575564	0.3642783000541748	0.45002878051769335	0.5314731450955287	1.0	0.40384113856128434	0.44190511889125134	0.3671240281087502	1.0	0.39599456476623784	0.5805439816965742	0.4831067685305236
id	0.47723919059288944	0.48099160213193665	0.72653347084664	0.5837998011382194	0.3515707836563975	0.3856577082572276	0.37930711960519836	0.2727921963448047	0.267739456072019	0.31058141618100865	0.3729651777180577	0.6723191802055581	0.41484408627321623	1.0	0.2691696953077203	0.3243776354947827	0.3868059544073361	0.2531419236978237	0.36240294676161605	0.533160323501854	0.4451577838835998	0.37559266562159027	0.3044880389680691	0.31516564666370284	0.3197925146333322	0.3128969814948486	0.4268374290735915	1.0	0.3268568562185059	0.3751496225836811	0.3937237074698739	1.0	0.3123979455385267	0.49422245428813366	0.40092026996243596
it	0.2849720287766258	0.33267365310505453	0.4034424539710522	0.3720590434717427	0.20977931619356247	0.3336702336582858	0.3306823565740279	0.29558984375641684	0.2773373585003698	0.2717067738800089	0.21853340233341678	0.6424183902637783	0.28920777060230746	0.2691696953077203	1.0	0.29816584163529347	0.2817219846326474	0.26924422739901027	0.32602955739291556	0.42641406744180477	0.3468718828289971	0.3702076997097862	0.24831942585763406	0.24720408135461944	0.27253407284815934	0.2535588872727158	0.32306161490425533	1.0	0.2872219284672982	0.28622485302313083	0.2767343384946888	1.0	0.256063583166669	0.3427438232020365	0.3467516774584386
ja	0.497141947348199	0.39373911446439125	0.6704675947063355	0.45306378468128233	0.2596222391239468	0.24457708813418264	0.348037241587642	0.221759497223306	0.22146573889934595	0.20870310498719657	0.23608749352103522	0.6743202287441529	0.3190011436984703	0.3243776354947827	0.29816584163529347	1.0	0.3125423456291564	0.3010307861390262	0.3289255147644471	0.5388625001548284	0.4901401449649507	0.27406893900072143	0.23276778511413498	0.28848007998679565	0.2765882166626065	0.2152344761912074	0.35439532767111287	1.0	0.2794946048118735	0.3143046463341857	0.25621863979966164	1.0	0.2977019243000916	0.6129902109216839	0.3161811147530732
ko	0.40934805816543723	0.38494716244985405	0.6475370957183296	0.3593594657578176	0.31769163023990166	0.4487572545989153	0.40387263873850526	0.3001743845676702	0.434444150346038	0.33462305938861775	0.25213102047397074	0.4445325298171047	0.46669432565209223	0.3868059544073361	0.2817219846326474	0.3125423456291564	1.0	0.35875861889579597	0.41777224138360675	0.5161240863499912	0.5089323438887782	0.397688185651584	0.352049838422898	0.35344760315797535	0.35326715453373864	0.3337601780487608	0.427921832310655	1.0	0.40746750053974756	0.5078329954948345	0.3870120810147971	1.0	0.37776485549663286	0.5376483747678175	0.3755727166292422
lv	0.30434541191286646	0.2827974902382313	0.40471652368357725	0.3014630198652714	0.3610596109873787	0.36832150173563916	0.34842081441429656	0.3102204316971708	0.3022738600559252	0.3080886107454585	0.30212693739262547	0.8943504275997424	0.2718925133041901	0.2531419236978237	0.26924422739901027	0.3010307861390262	0.35875861889579597	1.0	0.2681704705094585	0.3855257780398978	0.34077422858273715	0.33076749055565585	0.35714090735114973	0.2629835957985926	0.3101094090626084	0.2881445265780584	0.2861486189160681	1.0	0.31825883668956706	0.27341442812186206	0.32090735172037166	1.0	0.28161493223389433	0.32868904402504645	0.32838254296536035
mk	0.3856941841961975	0.42168356308257976	0.525639454642808	0.512383335572122	0.3259650761392568	0.3939075696913411	0.45972239868897313	0.26941845098522854	0.31016757299283654	0.38178172326047904	0.40944656038981986	0.540271464242908	0.4223461328304613	0.36240294676161605	0.32602955739291556	0.3289255147644471	0.41777224138360675	0.2681704705094585	1.0	0.4124717139387349	0.4831082218439916	0.39064293626302055	0.34991346338280965	0.3097346636422027	0.306103915910441	0.4194176126912711	0.43729391924240757	1.0	0.3496692886832057	0.3594514952047285	0.4068545881742728	1.0	0.4251330344701714	0.47416600891717936	0.36810460448067367
ml	0.5778849864944826	0.5651973658819931	0.6202930283927067	0.5162269391390332	0.5961284996081205	0.5833706188804124	0.40113049576409054	0.5325949913976771	0.4347868958223711	0.3678115543355822	0.560143801596955	0.3741212883892825	0.5166081864444955	0.533160323501854	0.42641406744180477	0.5388625001548284	0.5161240863499912	0.3855257780398978	0.4124717139387349	1.0	0.5099568293435771	0.544260969508651	0.46864847863828085	0.36036998752086313	0.29958892722124225	0.4710721146926999	0.5756315941549821	1.0	0.3737567048836702	0.512505969459562	0.5772710699957292	1.0	0.5257021231440967	0.6029713648763305	0.48504031706982104
mr	0.6065418269871578	0.6322598042321325	0.6704675947063355	0.6153522305315281	0.5186549051824393	0.5910148026599705	0.6089695851232	0.40921295518446854	0.40621135502752037	0.5037902250335009	0.5526083862297846	1.0	0.6745290565284602	0.4451577838835998	0.3468718828289971	0.4901401449649507	0.5089323438887782	0.34077422858273715	0.4831082218439916	0.5099568293435771	1.0	0.6524007805500077	0.4026793081403078	0.508371241509615	0.32196740302485594	0.6524007805500077	0.43485195369715907	1.0	0.544180350821196	0.6223608736485032	0.5878443823958859	1.0	0.6533557663099496	0.6524007805500077	0.5434606554270875
nl	0.4800992095880873	0.5723965270668545	1.0	0.46523140734000473	0.257052894547137	0.3481774455041118	0.43052540441928827	0.29445676004659044	0.2610269432938519	0.21993784672656852	0.25972643277564333	0.6723191802055581	0.43001422102401204	0.37559266562159027	0.3702076997097862	0.27406893900072143	0.397688185651584	0.33076749055565585	0.39064293626302055	0.544260969508651	0.6524007805500077	1.0	0.2753149708287301	0.3139563353091695	0.3568548163461092	0.2800933731949042	0.432909623979943	1.0	0.3829617160688925	0.4148302590089811	0.33605149426649444	1.0	0.3411015767158881	0.6239725949460845	0.35228403319525614
pl	0.3811670771334302	0.39333915961714927	0.44930756545688116	0.3924973969377074	0.24213646714698756	0.280351210201739	0.35444226866466655	0.28888947601634835	0.3429385058792088	0.2561687043468307	0.24874911501180275	0.610699955420724	0.3585240275804115	0.3044880389680691	0.24831942585763406	0.23276778511413498	0.352049838422898	0.35714090735114973	0.34991346338280965	0.46864847863828085	0.4026793081403078	0.2753149708287301	1.0	0.2925941508385665	0.316126912945543	0.256408826988854	0.4137727558961348	1.0	0.33899299943045647	0.3463219576707615	0.2574225510082574	1.0	0.29079144507108245	0.4306484914110986	0.32218324354183997
pt	0.5026371908053118	0.33583570810504126	0.6534568198095766	0.393056826804405	0.32761532379426295	0.34700789874798854	0.2821966187650198	0.2581767587638535	0.3553485685254347	0.3014981319019567	0.254924883445315	0.46046277412661457	0.33621301391575564	0.31516564666370284	0.24720408135461944	0.28848007998679565	0.35344760315797535	0.2629835957985926	0.3097346636422027	0.36036998752086313	0.508371241509615	0.3139563353091695	0.2925941508385665	1.0	0.31640668863664795	0.2579808117884513	0.34947715021969167	1.0	0.31397320314611143	0.3581925832340615	0.32384546016519167	1.0	0.28658340874719046	0.3793353974650371	0.33880983876027204
ro	0.39518215010871854	0.39265017146924464	0.338513907211577	0.3218226330574386	0.3953434333110654	0.29838050844749536	0.34736708206456335	0.34488165630962947	0.2813546136614892	0.28665737927260065	0.3693754154065853	0.49213196646410834	0.3642783000541748	0.3197925146333322	0.27253407284815934	0.2765882166626065	0.35326715453373864	0.3101094090626084	0.306103915910441	0.29958892722124225	0.32196740302485594	0.3568548163461092	0.316126912945543	0.31640668863664795	1.0	0.31655708937952526	0.38483394455312175	1.0	0.3855670972734292	0.35327871161749785	0.3416091031976678	1.0	0.317851691913092	0.39221235685482947	0.38334132316312614
ru	0.4824921756143628	0.5004540169444082	1.0	0.49574614636230735	0.24326900030737408	0.2334106749827826	0.3714354843624375	0.21392435685363434	0.20811032344468638	0.19313391289736678	0.23059160148525196	0.775742540377678	0.45002878051769335	0.3128969814948486	0.2535588872727158	0.2152344761912074	0.3337601780487608	0.2881445265780584	0.4194176126912711	0.4710721146926999	0.6524007805500077	0.2800933731949042	0.256408826988854	0.2579808117884513	0.31655708937952526	1.0	0.46795068442926724	1.0	0.33748262613365343	0.43883408961918957	0.2472614024137052	1.0	0.3232125759824447	0.6848224372154739	0.3072046714376213
sh	0.440677356379348	0.5251088739921501	0.6281095165352055	0.5269937727053019	0.4438575846934302	0.5398716801174964	0.4754761482989038	0.38523925578261664	0.32556699068487466	0.3676993736336538	0.5149715589821549	0.44673489687380297	0.5314731450955287	0.4268374290735915	0.32306161490425533	0.35439532767111287	0.427921832310655	0.2861486189160681	0.43729391924240757	0.5756315941549821	0.43485195369715907	0.432909623979943	0.4137727558961348	0.34947715021969167	0.38483394455312175	0.46795068442926724	1.0	1.0	0.399751587932224	0.46162025213327523	0.5437383857771365	1.0	0.4342880411284523	0.650937780018728	0.5023966951445781
si	1.0	1.0	1.0	1.0	1.0	1.0	1.0	1.0	1.0	1.0	1.0	1.0	1.0	1.0	1.0	1.0	1.0	1.0	1.0	1.0	1.0	1.0	1.0	1.0	1.0	1.0	1.0	1.0	1.0	1.0	1.0	1.0	1.0	1.0	1.0
simple	0.4719152888339233	0.4239485864537922	0.47840917629644725	0.3471154164625554	0.4708411619125482	0.39472313229616035	0.32908962260522245	0.3714324190869072	0.31042425616110475	0.38244936768517135	0.3794770008171984	0.8755395908437883	0.40384113856128434	0.3268568562185059	0.2872219284672982	0.2794946048118735	0.40746750053974756	0.31825883668956706	0.3496692886832057	0.3737567048836702	0.544180350821196	0.3829617160688925	0.33899299943045647	0.31397320314611143	0.3855670972734292	0.33748262613365343	0.399751587932224	1.0	1.0	0.44425505611826027	0.4279515423082908	1.0	0.4016719634219619	0.5534338639858166	0.41935310881399607
sr	0.5091790141836274	0.4619273324314504	0.6704675947063354	0.44106022164216674	0.39279744639785863	0.4677475599559013	0.42714354200385046	0.34863559031094715	0.30303538027598564	0.3456596063987353	0.4270678423487706	0.6051469583302327	0.44190511889125134	0.3751496225836811	0.28622485302313083	0.3143046463341857	0.5078329954948345	0.27341442812186206	0.3594514952047285	0.512505969459562	0.6223608736485032	0.4148302590089811	0.3463219576707615	0.3581925832340615	0.35327871161749785	0.43883408961918957	0.46162025213327523	1.0	0.44425505611826027	1.0	0.5133240803606273	1.0	0.4127885981829287	0.6829994277210384	0.45727159314065724
sv	0.5064045227654658	0.6000750555012012	0.7584325078215763	0.5585312086726995	0.25342711332243345	0.28191662982217247	0.4518948817827707	0.2435847186414212	0.267803074042983	0.2210891800469785	0.2600189832639095	0.7690990303325336	0.3671240281087502	0.3937237074698739	0.2767343384946888	0.25621863979966164	0.3870120810147971	0.32090735172037166	0.4068545881742728	0.5772710699957292	0.5878443823958859	0.33605149426649444	0.2574225510082574	0.32384546016519167	0.3416091031976678	0.2472614024137052	0.5437383857771365	1.0	0.4279515423082908	0.5133240803606273	1.0	1.0	0.34150612331479724	0.7411828468492556	0.3669351107655523
te	1.0	1.0	1.0	1.0	1.0	1.0	1.0	1.0	1.0	1.0	1.0	1.0	1.0	1.0	1.0	1.0	1.0	1.0	1.0	1.0	1.0	1.0	1.0	1.0	1.0	1.0	1.0	1.0	1.0	1.0	1.0	1.0	1.0	1.0	1.0
vi	0.5180355971455909	0.47294153922950083	0.72653347084664	0.4679286191534252	0.29645508217091776	0.3863951214684846	0.37714594502080495	0.3292702281666217	0.3383820209806941	0.346646130261571	0.2487901674476362	0.6466184478660688	0.39599456476623784	0.3123979455385267	0.256063583166669	0.2977019243000916	0.37776485549663286	0.28161493223389433	0.4251330344701714	0.5257021231440967	0.6533557663099496	0.3411015767158881	0.29079144507108245	0.28658340874719046	0.317851691913092	0.3232125759824447	0.4342880411284523	1.0	0.4016719634219619	0.4127885981829287	0.34150612331479724	1.0	1.0	0.5710778571891514	0.39008042801059783
war	0.6994017365373274	0.6201628421089995	1.0	0.5996750015041121	0.4929298294059078	0.6908587525207898	0.5593288569415524	0.6094939447152462	0.42570375198134786	0.43403620470169124	0.578392838164375	1.0	0.5805439816965742	0.49422245428813366	0.3427438232020365	0.6129902109216839	0.5376483747678175	0.32868904402504645	0.47416600891717936	0.6029713648763305	0.6524007805500077	0.6239725949460845	0.4306484914110986	0.3793353974650371	0.39221235685482947	0.6848224372154739	0.650937780018728	1.0	0.5534338639858166	0.6829994277210384	0.7411828468492556	1.0	0.5710778571891514	1.0	0.6480643250152298
zh	0.47768683569452397	0.5100114614317955	0.6866996130809769	0.44831244597138165	0.35260377766512785	0.4124033025074346	0.4503866420126597	0.3908914080572301	0.227036120190639	0.27315446354336204	0.2825473010061243	0.5312330554847736	0.4831067685305236	0.40092026996243596	0.3467516774584386	0.3161811147530732	0.3755727166292422	0.32838254296536035	0.36810460448067367	0.48504031706982104	0.5434606554270875	0.35228403319525614	0.32218324354183997	0.33880983876027204	0.38334132316312614	0.3072046714376213	0.5023966951445781	1.0	0.41935310881399607	0.45727159314065724	0.3669351107655523	1.0	0.39008042801059783	0.6480643250152298	1.0
