arz	bs	ceb	ckb	da	de	el	en	es	fr	he	hi	hu	id	it	ja	ko	lv	mk	ml	mr	nl	pl	pt	ro	ru	sh	si	simple	sr	sv	te	vi	war	zh
arz	1.0	0.15928673619054431	1.0	0.44948974278317805	0.20894541729001367	0.13507810593582123	0.15384615384615385	0.10606154684872592	0.13100580420257674	0.11673551955930273	0.12384510626563909	0.18400240527946554	0.15776505912784203	0.16694518744560083	0.11260810674203303	0.08454147504402762	0.11625675916679443	0.29893508442482547	0.17507960357339145	0.23441237831492112	0.23874775399470888	0.12929517165576668	0.13978995673366112	0.10914930962659342	0.1488979910550898	0.09709330202104638	0.15409404137529323	0.25428627101618895	0.13931272326882752	0.11811976116721279	0.11012195241578177	0.3333333333333333	0.1572240954588961	0.44948974278317805	0.08766647216777905
bs	0.15928673619054431	1.0	0.44948974278317805	0.08308893481461002	0.011808875100203935	0.00708936035227578	0.012041579424630262	0.011779230142113148	0.0071393533367599335	0.008040556843027178	0.008427743886423315	0.013021199483094045	0.012630034960254792	0.009297008772845106	0.010639861981308845	0.014304116560105506	0.009220292332774572	0.020152759702074436	0.01666465170395675	0.034309503989290294	0.04308087044911605	0.007313241028307626	0.006981633570786257	0.010984446646805967	0.012500896868681053	0.013646542912947045	0.011207199221627582	0.06525223689981048	0.011579950073192864	0.008552562698181908	0.013938427042362908	0.11284898276368585	0.00960785119236189	0.16449072740645634	0.01639181298055609
ceb	1.0	0.44948974278317805	1.0	0.5	0.5	0.38742588672279304	0.4142135623730951	0.3660254037844386	0.38742588672279304	0.38742588672279304	0.3288130902060995	0.3660254037844386	0.44948974278317805	0.38742588672279304	0.4142135623730951	0.3660254037844386	0.38742588672279304	0.40453726661826384	0.44948974278317805	0.4142135623730951	0.44948974278317805	0.4142135623730951	0.38742588672279304	0.3660254037844386	0.38742588672279304	0.34833147735478825	0.4142135623730951	0.5	0.44948974278317805	0.38742588672279304	0.3660254037844386	0.5	0.44948974278317805	0.5	0.44948974278317805
ckb	0.44948974278317805	0.08308893481461002	0.5	1.0	0.15438708879488486	0.11208890297777215	0.07900922586311519	0.03999478113841279	0.11454999858502388	0.06432431304564508	0.10098718092501505	0.08791264048537889	0.08632331271121939	0.12102259948148744	0.028493629945741714	0.026111184382555996	0.08377536498321524	0.1303639547600728	0.07323108737847783	0.10778288415474094	0.08581011445627786	0.11181241293549439	0.12309353616859305	0.028692603733242276	0.12904767700468647	0.01863980724631115	0.06933997262317754	0.18660549686337075	0.07187433828141755	0.11228770976294224	0.04035431846265335	0.1963488511201868	0.0659792401850973	0.4142135623730951	0.017199400637509608
da	0.20894541729001367	0.011808875100203935	0.5	0.15438708879488486	1.0	0.003619255356758619	0.006155896478417815	0.004685053702636192	0.0032452131264750156	0.004548076002473221	0.004700456381456616	0.007645848199625102	0.005909171195541805	0.00774608539987209	0.004678011842369811	0.0045245074328869195	0.004554660417375031	0.019758831928601023	0.008378035191001576	0.011139410053911291	0.020978554407083905	0.0038320448054320754	0.0037883830040012605	0.004632655800703566	0.010722189549557563	0.004924193404296965	0.006029891543852234	0.03854939533411651	0.0052573943945761654	0.005684351520190947	0.004722848015156967	0.11302621586787953	0.005619043181247773	0.4142135623730951	0.005141024255150257
de	0.13507810593582123	0.00708936035227578	0.38742588672279304	0.11208890297777215	0.003619255356758619	1.0	0.003445350919573169	0.0035452275399088075	0.0036674816551339725	0.004116305980348571	0.003240531011024187	0.0038686310236611884	0.003284076426970966	0.002882560758416785	0.003458287192259168	0.003579260306898768	0.003333668758977718	0.00673759579804304	0.005136771516074159	0.006350559592643445	0.015070848249976456	0.0029537603126129587	0.0035169819742731988	0.003657318497972243	0.0036219125650099014	0.0035913425039776734	0.0033033399577169606	0.017800928008623138	0.003001357670822073	0.0029397917608483927	0.0037171278148231345	0.05219473702611369	0.0031007087972040517	0.3660254037844386	0.0034371630088266005
el	0.15384615384615385	0.012041579424630262	0.4142135623730951	0.07900922586311519	0.006155896478417815	0.003445350919573169	1.0	0.01474593645652848	0.0034464925939047225	0.00811004051080843	0.005875556986872457	0.008873278851945656	0.008515875733609029	0.005113464510660203	0.012304304286582985	0.013962640367090617	0.008600751066637236	0.009517967687708184	0.011719495140395659	0.014175665185304432	0.02066027350039401	0.003672051257837273	0.0035862124366583307	0.015132200678125695	0.006385626774725464	0.016998536173805208	0.009074040349381718	0.03078728751694565	0.009007767600815371	0.005920338021719125	0.014472605786169388	0.05791632585462891	0.006776538701856539	0.17826035697019474	0.01931737840303194
en	0.10606154684872592	0.011779230142113148	0.3660254037844386	0.03999478113841279	0.004685053702636192	0.0035452275399088075	0.01474593645652848	1.0	0.00413767592525972	0.0037550887103685706	0.00891614863895933	0.011819439544567602	0.011493800823402792	0.005041100836628486	0.004838180430742579	0.006687227612007588	0.009605847251098245	0.008350010323308031	0.014268079271744111	0.011493486335310887	0.014511340390825442	0.003365550110269803	0.003976640959621636	0.005468655101108141	0.006265099422499679	0.005540186542572045	0.014236866484771717	0.01582310469230473	0.013258443540640104	0.008626221809212685	0.006686926418802831	0.0162803801905472	0.012114085269018974	0.14657661553811108	0.008562281341557357
es	0.13100580420257674	0.0071393533367599335	0.38742588672279304	0.11454999858502388	0.0032452131264750156	0.0036674816551339725	0.0034464925939047225	0.00413767592525972	1.0	0.003826065324046307	0.0030035044766297224	0.003692301915331687	0.003187633139807688	0.002698362425813227	0.003775799358523884	0.0033787212363383255	0.003068786075928102	0.0064974943024354555	0.004757988813647702	0.006054711414264982	0.014769759107402986	0.002821574664252208	0.0033545938712413485	0.003872358513449608	0.0036515356899915526	0.003819387499249091	0.0032780569333829856	0.016261096166108616	0.0029854009979476273	0.0030203258593389944	0.0036083661223951435	0.0606743081657151	0.002983650618224352	0.28172904669025317	0.00334319866134127
fr	0.11673551955930273	0.008040556843027178	0.38742588672279304	0.06432431304564508	0.004548076002473221	0.004116305980348571	0.00811004051080843	0.0037550887103685706	0.003826065324046307	1.0	0.00924792443170057	0.007813882454570719	0.009662363363871636	0.004714557161412911	0.005496588756148764	0.006512557162169331	0.010978794900068265	0.006955422917632923	0.007997772725904122	0.007854078683910625	0.014726786858577768	0.004155811220832792	0.004153477984125881	0.00598705706459434	0.005491761212387753	0.006982011925208736	0.008325205974250205	0.016944482450201154	0.009340470908936522	0.007938586058370707	0.009414437103876601	0.0490490668392904	0.008271056147775046	0.22281267964860224	0.009306140401191374
he	0.12384510626563909	0.008427743886423315	0.3288130902060995	0.10098718092501505	0.004700456381456616	0.003240531011024187	0.005875556986872457	0.00891614863895933	0.0030035044766297224	0.00924792443170057	1.0	0.00586561611845794	0.005653929300959851	0.0039178299484813285	0.008558900095616082	0.008080030896519947	0.007094738036302945	0.009506461538104135	0.006269110582062694	0.007929136448471345	0.015847652852752116	0.0033335664779428377	0.0031378248543507147	0.0096109718077958	0.005229022280690103	0.008305807317030792	0.00641032325210699	0.019779578988185623	0.006257025875705537	0.004944364888117379	0.008959215237109129	0.058151980728450875	0.006004350632442668	0.23166247903554	0.00755591337080343
hi	0.18400240527946554	0.013021199483094045	0.3660254037844386	0.08791264048537889	0.007645848199625102	0.0038686310236611884	0.008873278851945656	0.011819439544567602	0.003692301915331687	0.007813882454570719	0.00586561611845794	1.0	0.009728972126898092	0.004983206722363248	0.010833504246907938	0.012250964359151004	0.007848272461368901	0.012550155043401996	0.011005926383218258	0.011568227230648051	0.017220304307762464	0.004189113534950085	0.004151002854382048	0.010928724502361119	0.007106913268982783	0.013020704772292691	0.009048517889221104	0.024314494674783957	0.008313987051742237	0.0058907204322661616	0.011971690375457473	0.05630684042653375	0.007644550629260572	0.1765633506768389	0.013193335834476296
hu	0.15776505912784203	0.012630034960254792	0.44948974278317805	0.08632331271121939	0.005909171195541805	0.003284076426970966	0.008515875733609029	0.011493800823402792	0.003187633139807688	0.009662363363871636	0.005653929300959851	0.009728972126898092	1.0	0.004957105566883477	0.011978968936159094	0.011698803572789048	0.007346432968107585	0.012913021228020651	0.009376034831642387	0.014490380880651053	0.020307317515562334	0.0035733062346506752	0.0032516886010421136	0.012762712592179	0.006697802635429894	0.012020892576094422	0.008750642709184166	0.033792321965381886	0.008018043294450054	0.005404190651550055	0.011933382924700463	0.06065757536040674	0.007130268260924944	0.1784329590736899	0.011730468577552266
id	0.16694518744560083	0.009297008772845106	0.38742588672279304	0.12102259948148744	0.00774608539987209	0.002882560758416785	0.005113464510660203	0.005041100836628486	0.002698362425813227	0.004714557161412911	0.0039178299484813285	0.004983206722363248	0.004957105566883477	1.0	0.004963534848300215	0.0045773315884328715	0.004157095199241803	0.01072495408364495	0.006740311853724233	0.008222945657653262	0.016874981485956342	0.00293244161472914	0.0029670830504704105	0.004718387001721998	0.005925459205467217	0.004442957760897596	0.00475447008677483	0.021020336687604092	0.00405828824164713	0.004170614488943701	0.004325037396034448	0.06712463102167078	0.004135798061338671	0.2553967929896867	0.004543673171231835
it	0.11260810674203303	0.010639861981308845	0.4142135623730951	0.028493629945741714	0.004678011842369811	0.003458287192259168	0.012304304286582985	0.004838180430742579	0.003775799358523884	0.005496588756148764	0.008558900095616082	0.010833504246907938	0.011978968936159094	0.004963534848300215	1.0	0.007739321273709363	0.012324162228544124	0.008321032656349456	0.010953179282789638	0.010330804637457067	0.0163743911923683	0.003981314495220729	0.004439958021792262	0.0060268200591592	0.0055027951130793154	0.007298219700813808	0.013091573746713986	0.018678513238218435	0.011908759625674448	0.007304824185954506	0.009153892684377683	0.027112914229418854	0.010536919283729124	0.15684129112137077	0.00970388099640386
ja	0.08454147504402762	0.014304116560105506	0.3660254037844386	0.026111184382555996	0.0045245074328869195	0.003579260306898768	0.013962640367090617	0.006687227612007588	0.0033787212363383255	0.006512557162169331	0.008080030896519947	0.012250964359151004	0.011698803572789048	0.0045773315884328715	0.007739321273709363	1.0	0.011554657178007771	0.008537646043932996	0.015178594050722902	0.0124316004226745	0.015789720616107696	0.003719708370056642	0.0035360280255579686	0.00948091421965772	0.005862132744538877	0.011304316479436468	0.012990870287299353	0.01737739060336697	0.012577006364451826	0.007474105677892017	0.01090819866981662	0.017632348834790777	0.010417600743729454	0.1303639547600728	0.0117053523568273
ko	0.11625675916679443	0.009220292332774572	0.38742588672279304	0.08377536498321524	0.004554660417375031	0.003333668758977718	0.008600751066637236	0.009605847251098245	0.003068786075928102	0.010978794900068265	0.007094738036302945	0.007848272461368901	0.007346432968107585	0.004157095199241803	0.012324162228544124	0.011554657178007771	1.0	0.00891402307788176	0.008411344892026053	0.008703824796889952	0.015518781685287667	0.003185150024442263	0.0029728903682013537	0.011774731377623264	0.005559024412875564	0.01192613825132249	0.007690003753687069	0.01762423179830225	0.008469892885513202	0.006039887486371857	0.012646606459562684	0.0548581064286204	0.00783308375978346	0.27429188517743175	0.012070993962813324
lv	0.29893508442482547	0.020152759702074436	0.40453726661826384	0.1303639547600728	0.019758831928601023	0.00673759579804304	0.009517967687708184	0.008350010323308031	0.0064974943024354555	0.006955422917632923	0.009506461538104135	0.012550155043401996	0.012913021228020651	0.01072495408364495	0.008321032656349456	0.008537646043932996	0.00891402307788176	1.0	0.012039659204335269	0.02191464581037549	0.022420076530156565	0.007061195796519068	0.006819166460237459	0.008596296969112542	0.011125207830190461	0.008544133748492149	0.011863817415709714	0.03324647387695887	0.010194303808730317	0.010028923535889727	0.00863793937166626	0.12038860795913936	0.010198829644365418	0.18660549686337075	0.009313558206150395
mk	0.17507960357339145	0.01666465170395675	0.44948974278317805	0.07323108737847783	0.008378035191001576	0.005136771516074159	0.011719495140395659	0.014268079271744111	0.004757988813647702	0.007997772725904122	0.006269110582062694	0.011005926383218258	0.009376034831642387	0.006740311853724233	0.010953179282789638	0.015178594050722902	0.008411344892026053	0.012039659204335269	1.0	0.01822689015159386	0.029863878343074784	0.005373653261908547	0.005318085900973701	0.011961239558604791	0.007180542243399286	0.01821115245850918	0.010711117064535173	0.04301538699984209	0.008840835426139	0.006595340833650429	0.014927963595742532	0.07024265749554555	0.007486366194345982	0.1951941016011038	0.01929135102193689
ml	0.23441237831492112	0.034309503989290294	0.4142135623730951	0.10778288415474094	0.011139410053911291	0.006350559592643445	0.014175665185304432	0.011493486335310887	0.006054711414264982	0.007854078683910625	0.007929136448471345	0.011568227230648051	0.014490380880651053	0.008222945657653262	0.010330804637457067	0.0124316004226745	0.008703824796889952	0.02191464581037549	0.01822689015159386	1.0	0.02365424116033493	0.006983119443761652	0.006644792306406853	0.010352382812544029	0.010218624064981705	0.011351122744160261	0.011629798583315032	0.0625171071029868	0.010545867569748946	0.009149752983788804	0.010831713538435386	0.06349083666228965	0.009587577883141565	0.1765633506768389	0.014761054312165456
mr	0.23874775399470888	0.04308087044911605	0.44948974278317805	0.08581011445627786	0.020978554407083905	0.015070848249976456	0.02066027350039401	0.014511340390825442	0.014769759107402986	0.014726786858577768	0.015847652852752116	0.017220304307762464	0.020307317515562334	0.016874981485956342	0.0163743911923683	0.015789720616107696	0.015518781685287667	0.022420076530156565	0.029863878343074784	0.02365424116033493	1.0	0.01578780247799758	0.015292055671559066	0.0163112251037796	0.018067143663776267	0.016933226095348575	0.022369478608049203	0.08085227536403317	0.017117746284166742	0.01870324910170003	0.015996719169677136	0.045790801321691235	0.014945858637402025	0.10661666770734282	0.019797398714227366
nl	0.12929517165576668	0.007313241028307626	0.4142135623730951	0.11181241293549439	0.0038320448054320754	0.0029537603126129587	0.003672051257837273	0.003365550110269803	0.002821574664252208	0.004155811220832792	0.0033335664779428377	0.004189113534950085	0.0035733062346506752	0.00293244161472914	0.003981314495220729	0.003719708370056642	0.003185150024442263	0.007061195796519068	0.005373653261908547	0.006983119443761652	0.01578780247799758	1.0	0.0027812658269451653	0.004068350411046911	0.003855180343592762	0.0036933579699143224	0.0034839292945566644	0.01685024038981489	0.0030935566874742944	0.0028882303682906054	0.0036244150322622313	0.059127548553149854	0.003037237477546126	0.32037724101704074	0.003340251226561743
pl	0.13978995673366112	0.006981633570786257	0.38742588672279304	0.12309353616859305	0.0037883830040012605	0.0035169819742731988	0.0035862124366583307	0.003976640959621636	0.0033545938712413485	0.004153477984125881	0.0031378248543507147	0.004151002854382048	0.0032516886010421136	0.0029670830504704105	0.004439958021792262	0.0035360280255579686	0.0029728903682013537	0.006819166460237459	0.005318085900973701	0.006644792306406853	0.015292055671559066	0.0027812658269451653	1.0	0.003656561473683304	0.003767323395847091	0.00387130041347594	0.003314035592798591	0.019812799936757126	0.0031942903778835637	0.003032599021229773	0.0035858216622395205	0.0641905396426364	0.0028718125418517805	0.2928060946961875	0.0035294157223796844
pt	0.10914930962659342	0.010984446646805967	0.3660254037844386	0.028692603733242276	0.004632655800703566	0.003657318497972243	0.015132200678125695	0.005468655101108141	0.003872358513449608	0.00598705706459434	0.0096109718077958	0.010928724502361119	0.012762712592179	0.004718387001721998	0.0060268200591592	0.00948091421965772	0.011774731377623264	0.008596296969112542	0.011961239558604791	0.010352382812544029	0.0163112251037796	0.004068350411046911	0.003656561473683304	1.0	0.0060691529258762415	0.007502124924201581	0.012684506629840237	0.016914835738642758	0.012765356769705588	0.00825515042018258	0.009562567652829868	0.016932964538027204	0.010922183574945952	0.17025921636942778	0.010025947779790254
ro	0.1488979910550898	0.012500896868681053	0.38742588672279304	0.12904767700468647	0.010722189549557563	0.0036219125650099014	0.006385626774725464	0.006265099422499679	0.0036515356899915526	0.005491761212387753	0.005229022280690103	0.007106913268982783	0.006697802635429894	0.005925459205467217	0.0055027951130793154	0.005862132744538877	0.005559024412875564	0.011125207830190461	0.007180542243399286	0.010218624064981705	0.018067143663776267	0.003855180343592762	0.003767323395847091	0.0060691529258762415	1.0	0.006154361956068273	0.006382923731131833	0.03162793526077515	0.006388688781669385	0.005378719441913578	0.005786634403120291	0.0935737241416186	0.005729450192067587	0.23371479611805132	0.005904936941726989
ru	0.09709330202104638	0.013646542912947045	0.34833147735478825	0.01863980724631115	0.004924193404296965	0.0035913425039776734	0.016998536173805208	0.005540186542572045	0.003819387499249091	0.006982011925208736	0.008305807317030792	0.013020704772292691	0.012020892576094422	0.004442957760897596	0.007298219700813808	0.011304316479436468	0.01192613825132249	0.008544133748492149	0.01821115245850918	0.011351122744160261	0.016933226095348575	0.0036933579699143224	0.00387130041347594	0.007502124924201581	0.006154361956068273	1.0	0.01413556238601864	0.017003814873358458	0.014663955267199387	0.006922933299157742	0.01081695126244269	0.014079055382766983	0.009032290475042688	0.12988750329762216	0.011523899079722231
sh	0.15409404137529323	0.011207199221627582	0.4142135623730951	0.06933997262317754	0.006029891543852234	0.0033033399577169606	0.009074040349381718	0.014236866484771717	0.0032780569333829856	0.008325205974250205	0.00641032325210699	0.009048517889221104	0.008750642709184166	0.00475447008677483	0.013091573746713986	0.012990870287299353	0.007690003753687069	0.011863817415709714	0.010711117064535173	0.011629798583315032	0.022369478608049203	0.0034839292945566644	0.003314035592798591	0.012684506629840237	0.006382923731131833	0.01413556238601864	1.0	0.033268625226306865	0.008317528842471323	0.006299234097266035	0.014284956567489057	0.07173091116938823	0.007358375783622083	0.18368518446174903	0.01266365988611354
si	0.25428627101618895	0.06525223689981048	0.5	0.18660549686337075	0.03854939533411651	0.017800928008623138	0.03078728751694565	0.01582310469230473	0.016261096166108616	0.016944482450201154	0.019779578988185623	0.024314494674783957	0.033792321965381886	0.021020336687604092	0.018678513238218435	0.01737739060336697	0.01762423179830225	0.03324647387695887	0.04301538699984209	0.0625171071029868	0.08085227536403317	0.01685024038981489	0.019812799936757126	0.016914835738642758	0.03162793526077515	0.017003814873358458	0.033268625226306865	1.0	0.021496239699106766	0.019574768287397043	0.018808135326695515	0.176285532302019	0.01786164701992849	0.24828371682826425	0.017540006975895465
simple	0.13931272326882752	0.011579950073192864	0.44948974278317805	0.07187433828141755	0.0052573943945761654	0.003001357670822073	0.009007767600815371	0.013258443540640104	0.0029854009979476273	0.009340470908936522	0.006257025875705537	0.008313987051742237	0.008018043294450054	0.00405828824164713	0.011908759625674448	0.012577006364451826	0.008469892885513202	0.010194303808730317	0.008840835426139	0.010545867569748946	0.017117746284166742	0.0030935566874742944	0.0031942903778835637	0.012765356769705588	0.006388688781669385	0.014663955267199387	0.008317528842471323	0.021496239699106766	1.0	0.005891839961435433	0.01356239045425824	0.051683768826815225	0.006492166946256468	0.21239994067041815	0.013415082733696859
sr	0.11811976116721279	0.008552562698181908	0.38742588672279304	0.11228770976294224	0.005684351520190947	0.0029397917608483927	0.005920338021719125	0.008626221809212685	0.0030203258593389944	0.007938586058370707	0.004944364888117379	0.0058907204322661616	0.005404190651550055	0.004170614488943701	0.007304824185954506	0.007474105677892017	0.006039887486371857	0.010028923535889727	0.006595340833650429	0.009149752983788804	0.01870324910170003	0.0028882303682906054	0.003032599021229773	0.00825515042018258	0.005378719441913578	0.006922933299157742	0.006299234097266035	0.019574768287397043	0.005891839961435433	1.0	0.007023813706617239	0.07195804077522173	0.005282057762194948	0.2012628451930092	0.00665992619159013
sv	0.11012195241578177	0.013938427042362908	0.3660254037844386	0.04035431846265335	0.004722848015156967	0.0037171278148231345	0.014472605786169388	0.006686926418802831	0.0036083661223951435	0.009414437103876601	0.008959215237109129	0.011971690375457473	0.011933382924700463	0.004325037396034448	0.009153892684377683	0.01090819866981662	0.012646606459562684	0.00863793937166626	0.014927963595742532	0.010831713538435386	0.015996719169677136	0.0036244150322622313	0.0035858216622395205	0.009562567652829868	0.005786634403120291	0.01081695126244269	0.014284956567489057	0.018808135326695515	0.01356239045425824	0.007023813706617239	1.0	0.01804254550068087	0.009702515226750495	0.1886378647726465	0.011933817765579665
te	0.3333333333333333	0.11284898276368585	0.5	0.1963488511201868	0.11302621586787953	0.05219473702611369	0.05791632585462891	0.0162803801905472	0.0606743081657151	0.0490490668392904	0.058151980728450875	0.05630684042653375	0.06065757536040674	0.06712463102167078	0.027112914229418854	0.017632348834790777	0.0548581064286204	0.12038860795913936	0.07024265749554555	0.06349083666228965	0.045790801321691235	0.059127548553149854	0.0641905396426364	0.016932964538027204	0.0935737241416186	0.014079055382766983	0.07173091116938823	0.176285532302019	0.051683768826815225	0.07195804077522173	0.01804254550068087	1.0	0.050639032436775124	0.3203772410170407	0.011992381909033529
vi	0.1572240954588961	0.00960785119236189	0.44948974278317805	0.0659792401850973	0.005619043181247773	0.0031007087972040517	0.006776538701856539	0.012114085269018974	0.002983650618224352	0.008271056147775046	0.006004350632442668	0.007644550629260572	0.007130268260924944	0.004135798061338671	0.010536919283729124	0.010417600743729454	0.00783308375978346	0.010198829644365418	0.007486366194345982	0.009587577883141565	0.014945858637402025	0.003037237477546126	0.0028718125418517805	0.010922183574945952	0.005729450192067587	0.009032290475042688	0.007358375783622083	0.01786164701992849	0.006492166946256468	0.005282057762194948	0.009702515226750495	0.050639032436775124	1.0	0.24828371682826425	0.01049614417679726
war	0.44948974278317805	0.16449072740645634	0.5	0.4142135623730951	0.4142135623730951	0.3660254037844386	0.17826035697019474	0.14657661553811108	0.28172904669025317	0.22281267964860224	0.23166247903554	0.1765633506768389	0.1784329590736899	0.2553967929896867	0.15684129112137077	0.1303639547600728	0.27429188517743175	0.18660549686337075	0.1951941016011038	0.1765633506768389	0.10661666770734282	0.32037724101704074	0.2928060946961875	0.17025921636942778	0.23371479611805132	0.12988750329762216	0.18368518446174903	0.24828371682826425	0.21239994067041815	0.2012628451930092	0.1886378647726465	0.3203772410170407	0.24828371682826425	1.0	0.10960059084055324
zh	0.08766647216777905	0.01639181298055609	0.44948974278317805	0.017199400637509608	0.005141024255150257	0.0034371630088266005	0.01931737840303194	0.008562281341557357	0.00334319866134127	0.009306140401191374	0.00755591337080343	0.013193335834476296	0.011730468577552266	0.004543673171231835	0.00970388099640386	0.0117053523568273	0.012070993962813324	0.009313558206150395	0.01929135102193689	0.014761054312165456	0.019797398714227366	0.003340251226561743	0.0035294157223796844	0.010025947779790254	0.005904936941726989	0.011523899079722231	0.01266365988611354	0.017540006975895465	0.013415082733696859	0.00665992619159013	0.011933817765579665	0.011992381909033529	0.01049614417679726	0.10960059084055324	1.0
