arz	bs	ceb	ckb	da	de	el	en	es	fr	he	hi	hu	id	it	ja	ko	lv	mk	ml	mr	nl	pl	pt	ro	ru	sh	si	simple	sr	sv	te	tr	vi	war	zh
arz	0.5	0.5	0.0	0.5	0.5	0.5	0.5	0.5	0.5	0.5	0.5	0.5	0.5	0.5	0.5	0.5	0.5	0.5	0.5	0.5	0.5	0.5	0.5	0.5	0.5	0.5	0.5	1.0	0.5	0.5	0.5	0.5	0.5	0.5	0.5	0.5
bs	0.5	0.05904933921169536	1.0	0.5	0.14287755102040817	0.0625	0.16666666666666666	0.05883737716609342	0.06667111111111111	0.06666666666666667	0.16666666666666666	0.2	0.16666666666666666	0.11112345679012345	0.07694082840236686	0.06666666666666667	0.1111111111111111	0.25	0.16666666666666666	0.14285714285714285	0.5	0.06254690626954687	0.06250390624999999	0.0625078125	0.2	0.058823529411764705	0.2	1.0	0.09091735537190082	0.14287755102040817	0.125	0.3333333333333333	0.09091735537190083	0.07692307692307693	0.5	0.07692307692307693
ceb	0.0	1.0	0.3333333333333333	0.0	1.0	0.5	0.0	0.3333333333333333	0.5	1.0	0.5	0.5	1.0	0.5	0.5	0.5	0.5	1.0	1.0	1.0	0.0	1.0	1.0	0.5	0.5	0.5	1.0	0.5	1.0	1.0	1.0	0.0	-1.0	0.5	1.0	0.5
ckb	0.5	0.5	0.0	0.3333333333333333	0.5	0.3333333333333333	0.3333333333333333	0.3333333333333333	0.3333333333333333	0.3333333333333333	0.5	0.5	1.0	0.3333333333333333	0.3333333333333333	0.3333333333333333	0.5	0.5	1.0	0.5	1.0	0.3333333333333333	0.3333333333333333	0.3333333333333333	1.0	0.3333333333333333	1.0	1.0	0.3333333333333333	0.5	0.3333333333333333	1.0	0.3333333333333333	0.3333333333333333	1.0	0.3333333333333333
da	0.5	0.14287755102040817	1.0	0.5	0.0527176013744052	0.058823529411764705	0.2	0.055561728395061724	0.05555555555555555	0.06250390624999999	0.08333333333333333	0.1111111111111111	0.14285714285714285	0.07142857142857142	0.07142857142857142	0.0625	0.07692307692307693	0.14285714285714285	0.125	0.125	0.5	0.052645432132963986	0.05556173148148148	0.05882698961937716	0.125	0.058823529411764705	0.125	1.0	0.07143877551020407	0.09090909090909091	0.06666666666666667	0.16666666666666666	0.09090909090909091	0.09090909090909091	0.5	0.07692307692307693
de	0.5	0.0625	0.5	0.3333333333333333	0.058823529411764705	0.009736335385765947	0.14285714285714285	0.013335111288888887	0.01538603573964497	0.013890046296296296	0.08333333333333333	0.1	0.0625	0.0400016	0.018519890260631	0.030303030303030304	0.0625	0.09090909090909091	0.1111111111111111	0.06666666666666667	1.0	0.010533743159446647	0.01250015625	0.016393711367911852	0.08333333333333333	0.015151515151515152	0.08333333333333333	1.0	0.03703840877914952	0.035715561224489795	0.028572244897959183	0.14285714285714285	0.05555864197530863	0.043478260869565216	0.5	0.034482758620689655
el	0.5	0.16666666666666666	0.0	0.3333333333333333	0.2	0.14285714285714285	0.1111111111111111	0.1111111111111111	0.125	0.125	0.25	0.2	0.3333333333333333	0.14285714285714285	0.125	0.14285714285714285	0.16666666666666666	0.3333333333333333	0.25	0.2	1.0	0.14285714285714285	0.125	0.1111111111111111	0.3333333333333333	0.14285714285714285	0.3333333333333333	1.0	0.14285714285714285	0.16666666666666666	0.16666666666666666	0.5	0.16666666666666666	0.16666666666666666	0.5	0.14285714285714285
en	0.5	0.05883737716609342	0.3333333333333333	0.3333333333333333	0.055561728395061724	0.013335111288888887	0.1111111111111111	0.010592206165472828	0.014085102162269391	0.01333582293351111	0.07142857142857142	0.09090909090909091	0.0625	0.03333777777777778	0.018871485226059092	0.025	0.05	0.08334027777777778	0.09090909090909091	0.06666666666666667	0.5	0.011123966313601135	0.012501406249999998	0.0140856974806586	0.07692307692307693	0.014925373134328358	0.07143367346938775	0.5	0.03226118626430801	0.037037037037037035	0.029411764705882353	0.1111111111111111	0.052637119113573404	0.03571428571428571	0.5	0.02857142857142857
es	0.5	0.06667111111111111	0.5	0.3333333333333333	0.05555555555555555	0.01538603573964497	0.125	0.014085102162269391	0.012844225257527672	0.014925595901091559	0.06666666666666667	0.09090909090909091	0.0625	0.03571683673469388	0.020834635850694443	0.027777777777777776	0.05263157894736842	0.09090909090909091	0.1	0.07142857142857142	0.5	0.012992244224828302	0.013888888888888888	0.015384852071005919	0.07692307692307693	0.017543859649122806	0.07143367346938775	1.0	0.037037037037037035	0.033334444444444444	0.027777777777777776	0.125	0.05555555555555555	0.038461538461538464	0.5	0.030303030303030304
fr	0.5	0.06666666666666667	1.0	0.3333333333333333	0.06250390624999999	0.013890046296296296	0.125	0.01333582293351111	0.014925595901091559	0.010786901818894476	0.07142857142857142	0.1	0.07692307692307693	0.03448632580261593	0.018183471074380165	0.02857142857142857	0.05555555555555555	0.08333333333333333	0.1111111111111111	0.08333333333333333	0.5	0.011501259217863788	0.013334044444444443	0.015625244140625	0.07692307692307693	0.016129032258064516	0.07692307692307693	1.0	0.038465977810650885	0.038461538461538464	0.029412629757785465	0.1111111111111111	0.0526398891966759	0.041666666666666664	0.5	0.03125
he	0.5	0.16666666666666666	0.5	0.5	0.08333333333333333	0.08333333333333333	0.25	0.07142857142857142	0.06666666666666667	0.07142857142857142	0.06666666666666667	0.1111111111111111	0.14285714285714285	0.08333333333333333	0.09090909090909091	0.07692307692307693	0.09090909090909091	0.14285714285714285	0.14285714285714285	0.14285714285714285	0.5	0.06666666666666667	0.06666666666666667	0.08333333333333333	0.125	0.07692307692307693	0.14285714285714285	1.0	0.08333333333333333	0.1	0.08333333333333333	0.16666666666666666	0.14285714285714285	0.1	0.5	0.09090909090909091
hi	0.5	0.2	0.5	0.5	0.1111111111111111	0.1	0.2	0.09090909090909091	0.09090909090909091	0.1	0.1111111111111111	0.09090909090909091	0.14285714285714285	0.1	0.1	0.09090909090909091	0.1111111111111111	0.16666666666666666	0.14285714285714285	0.16666666666666666	1.0	0.09090909090909091	0.09090909090909091	0.09090909090909091	0.125	0.09090909090909091	0.14285714285714285	1.0	0.09090909090909091	0.1111111111111111	0.1	0.2	0.14285714285714285	0.125	0.5	0.1
hu	0.5	0.16666666666666666	1.0	1.0	0.14285714285714285	0.0625	0.3333333333333333	0.0625	0.0625	0.07692307692307693	0.14285714285714285	0.14285714285714285	0.058823529411764705	0.1	0.09090909090909091	0.08333333333333333	0.125	0.2	0.16666666666666666	0.2	1.0	0.058823529411764705	0.058823529411764705	0.0625	0.125	0.058823529411764705	0.14285714285714285	1.0	0.1111111111111111	0.08333333333333333	0.1111111111111111	0.25	0.16666666666666666	0.14285714285714285	0.5	0.1
id	0.5	0.11112345679012345	0.5	0.3333333333333333	0.07142857142857142	0.0400016	0.14285714285714285	0.03333777777777778	0.03571683673469388	0.03448632580261593	0.08333333333333333	0.1	0.1	0.03232062353003916	0.04762358276643991	0.05	0.07692307692307693	0.1111111111111111	0.1111111111111111	0.1	0.5	0.033344446666666666	0.03448394768133174	0.037037037037037035	0.1111111111111111	0.038461538461538464	0.10000999999999999	1.0	0.05263157894736842	0.06666666666666667	0.047621315192743756	0.16666666666666666	0.07142857142857142	0.0625	0.5	0.05
it	0.5	0.07694082840236686	0.5	0.3333333333333333	0.07142857142857142	0.018519890260631	0.125	0.018871485226059092	0.020834635850694443	0.018183471074380165	0.09090909090909091	0.1	0.09090909090909091	0.04762358276643991	0.01592230689260166	0.04	0.07142857142857142	0.08333333333333333	0.14285714285714285	0.09090909090909091	1.0	0.017249408443816883	0.019231878698224854	0.020001599999999998	0.07692307692307693	0.02127659574468085	0.1111111111111111	1.0	0.047621315192743756	0.045454545454545456	0.03448394768133174	0.125	0.05882698961937716	0.05263157894736842	0.5	0.034482758620689655
ja	0.5	0.06666666666666667	0.5	0.3333333333333333	0.0625	0.030303030303030304	0.14285714285714285	0.025	0.027777777777777776	0.02857142857142857	0.07692307692307693	0.09090909090909091	0.08333333333333333	0.05	0.04	0.024390243902439025	0.0625	0.125	0.09090909090909091	0.09090909090909091	0.5	0.025	0.02564102564102564	0.02857142857142857	0.09090909090909091	0.02857142857142857	0.1	1.0	0.05	0.05263157894736842	0.047619047619047616	0.14285714285714285	0.06666666666666667	0.05	0.5	0.04
ko	0.5	0.1111111111111111	0.5	0.5	0.07692307692307693	0.0625	0.16666666666666666	0.05	0.05263157894736842	0.05555555555555555	0.09090909090909091	0.1111111111111111	0.125	0.07692307692307693	0.07142857142857142	0.0625	0.05	0.16666666666666666	0.125	0.1	0.5	0.05263157894736842	0.05	0.058823529411764705	0.125	0.05555555555555555	0.1111111111111111	1.0	0.07692307692307693	0.07142857142857142	0.09090909090909091	0.14285714285714285	0.09090909090909091	0.09090909090909091	0.5	0.07142857142857142
lv	0.5	0.25	1.0	0.5	0.14285714285714285	0.09090909090909091	0.3333333333333333	0.08334027777777778	0.09090909090909091	0.08333333333333333	0.14285714285714285	0.16666666666666666	0.2	0.1111111111111111	0.08333333333333333	0.125	0.16666666666666666	0.08341673615280558	0.25	0.25	1.0	0.08335416666666667	0.08333333333333333	0.08333333333333333	0.16666666666666666	0.08333333333333333	0.16669444444444442	1.0	0.1	0.125	0.09090909090909091	0.25	0.14285714285714285	0.16666666666666666	0.5	0.1111111111111111
mk	0.5	0.16666666666666666	1.0	1.0	0.125	0.1111111111111111	0.25	0.09090909090909091	0.1	0.1111111111111111	0.14285714285714285	0.14285714285714285	0.16666666666666666	0.1111111111111111	0.14285714285714285	0.09090909090909091	0.125	0.25	0.09090909090909091	0.14285714285714285	1.0	0.09090909090909091	0.1	0.1	0.14285714285714285	0.1	0.14285714285714285	1.0	0.125	0.14285714285714285	0.125	0.3333333333333333	0.16666666666666666	0.14285714285714285	0.5	0.1111111111111111
ml	0.5	0.14285714285714285	1.0	0.5	0.125	0.06666666666666667	0.2	0.06666666666666667	0.07142857142857142	0.08333333333333333	0.14285714285714285	0.16666666666666666	0.2	0.1	0.09090909090909091	0.09090909090909091	0.1	0.25	0.14285714285714285	0.06666666666666667	1.0	0.07692307692307693	0.07142857142857142	0.07692307692307693	0.16666666666666666	0.07692307692307693	0.2	1.0	0.1111111111111111	0.1111111111111111	0.1111111111111111	0.25	0.1111111111111111	0.125	0.5	0.08333333333333333
mr	0.5	0.5	0.0	1.0	0.5	1.0	1.0	0.5	0.5	0.5	0.5	1.0	1.0	0.5	1.0	0.5	0.5	1.0	1.0	1.0	0.5	0.5	0.5	0.5	1.0	0.5	0.5	1.0	0.5	1.0	0.5	0.5	0.5	0.5	1.0	0.5
nl	0.5	0.06254690626954687	1.0	0.3333333333333333	0.052645432132963986	0.010533743159446647	0.14285714285714285	0.011123966313601135	0.012992244224828302	0.011501259217863788	0.06666666666666667	0.09090909090909091	0.058823529411764705	0.033344446666666666	0.017249408443816883	0.025	0.05263157894736842	0.08335416666666667	0.09090909090909091	0.07692307692307693	0.5	0.0073042676979043234	0.011115557160987654	0.013336179022755912	0.07144387755102041	0.0136986301369863	0.07146430612755102	0.5	0.03227367429760666	0.033341111111111106	0.025642998027613412	0.1111111111111111	0.05264265927977839	0.034482758620689655	0.5	0.02857142857142857
pl	0.5	0.06250390624999999	1.0	0.3333333333333333	0.05556173148148148	0.01250015625	0.125	0.012501406249999998	0.013888888888888888	0.013334044444444443	0.06666666666666667	0.09090909090909091	0.058823529411764705	0.03448394768133174	0.019231878698224854	0.02564102564102564	0.05	0.08333333333333333	0.1	0.07142857142857142	0.5	0.011115557160987654	0.01065859627470615	0.014925818667854755	0.07692307692307693	0.014492753623188406	0.07143367346938775	0.5	0.033334444444444444	0.03225910509885536	0.027780092592592592	0.1111111111111111	0.05555864197530863	0.037037037037037035	0.5	0.030303030303030304
pt	0.5	0.0625078125	0.5	0.3333333333333333	0.05882698961937716	0.016393711367911852	0.1111111111111111	0.0140856974806586	0.015384852071005919	0.015625244140625	0.08333333333333333	0.09090909090909091	0.0625	0.037037037037037035	0.020001599999999998	0.02857142857142857	0.058823529411764705	0.08333333333333333	0.1	0.07692307692307693	0.5	0.013336179022755912	0.014925818667854755	0.01300407036706401	0.07692307692307693	0.016666666666666666	0.07143367346938775	0.5	0.038461538461538464	0.038463017751479284	0.02857142857142857	0.14285714285714285	0.05263434903047091	0.045454545454545456	0.5	0.030303030303030304
ro	0.5	0.2	0.5	1.0	0.125	0.08333333333333333	0.3333333333333333	0.07692307692307693	0.07692307692307693	0.07692307692307693	0.125	0.125	0.125	0.1111111111111111	0.07692307692307693	0.09090909090909091	0.125	0.16666666666666666	0.14285714285714285	0.16666666666666666	1.0	0.07144387755102041	0.07692307692307693	0.07692307692307693	0.07148472961736226	0.07692307692307693	0.16666666666666666	1.0	0.1	0.09090909090909091	0.125	0.2	0.16666666666666666	0.125	0.5	0.1
ru	0.5	0.058823529411764705	0.5	0.3333333333333333	0.058823529411764705	0.015151515151515152	0.14285714285714285	0.014925373134328358	0.017543859649122806	0.016129032258064516	0.07692307692307693	0.09090909090909091	0.058823529411764705	0.038461538461538464	0.02127659574468085	0.02857142857142857	0.05555555555555555	0.08333333333333333	0.1	0.07692307692307693	0.5	0.0136986301369863	0.014492753623188406	0.016666666666666666	0.07692307692307693	0.013157894736842105	0.07692307692307693	0.5	0.03571428571428571	0.037037037037037035	0.030303030303030304	0.125	0.05263157894736842	0.045454545454545456	0.5	0.03333333333333333
sh	0.5	0.2	1.0	1.0	0.125	0.08333333333333333	0.3333333333333333	0.07143367346938775	0.07143367346938775	0.07692307692307693	0.14285714285714285	0.14285714285714285	0.14285714285714285	0.10000999999999999	0.1111111111111111	0.1	0.1111111111111111	0.16669444444444442	0.14285714285714285	0.2	0.5	0.07146430612755102	0.07143367346938775	0.07143367346938775	0.16666666666666666	0.07692307692307693	0.07152050013278582	1.0	0.1	0.1	0.1	0.2	0.14285714285714285	0.16666666666666666	0.5	0.1
si	1.0	1.0	0.5	1.0	1.0	1.0	1.0	0.5	1.0	1.0	1.0	1.0	1.0	1.0	1.0	1.0	1.0	1.0	1.0	1.0	1.0	0.5	0.5	0.5	1.0	0.5	1.0	0.5	0.5	1.0	1.0	1.0	1.0	1.0	1.0	0.5
simple	0.5	0.09091735537190082	1.0	0.3333333333333333	0.07143877551020407	0.03703840877914952	0.14285714285714285	0.03226118626430801	0.037037037037037035	0.038465977810650885	0.08333333333333333	0.09090909090909091	0.1111111111111111	0.05263157894736842	0.047621315192743756	0.05	0.07692307692307693	0.1	0.125	0.1111111111111111	0.5	0.03227367429760666	0.033334444444444444	0.038461538461538464	0.1	0.03571428571428571	0.1	0.5	0.03130280477158214	0.07142857142857142	0.05	0.125	0.07142857142857142	0.058823529411764705	0.5	0.047619047619047616
sr	0.5	0.14287755102040817	1.0	0.5	0.09090909090909091	0.035715561224489795	0.16666666666666666	0.037037037037037035	0.033334444444444444	0.038461538461538464	0.1	0.1111111111111111	0.08333333333333333	0.06666666666666667	0.045454545454545456	0.05263157894736842	0.07142857142857142	0.125	0.14285714285714285	0.1111111111111111	1.0	0.033341111111111106	0.03225910509885536	0.038463017751479284	0.09090909090909091	0.037037037037037035	0.1	1.0	0.07142857142857142	0.0312626982421875	0.06666666666666667	0.25	0.1	0.1111111111111111	0.5	0.058823529411764705
sv	0.5	0.125	1.0	0.3333333333333333	0.06666666666666667	0.028572244897959183	0.16666666666666666	0.029411764705882353	0.027777777777777776	0.029412629757785465	0.08333333333333333	0.1	0.1111111111111111	0.047621315192743756	0.03448394768133174	0.047619047619047616	0.09090909090909091	0.09090909090909091	0.125	0.1111111111111111	0.5	0.025642998027613412	0.027780092592592592	0.02857142857142857	0.125	0.030303030303030304	0.1	1.0	0.05	0.06666666666666667	0.025013130001874998	0.16666666666666666	0.07692307692307693	0.06666666666666667	0.5	0.05555555555555555
te	0.5	0.3333333333333333	0.0	1.0	0.16666666666666666	0.14285714285714285	0.5	0.1111111111111111	0.125	0.1111111111111111	0.16666666666666666	0.2	0.25	0.16666666666666666	0.125	0.14285714285714285	0.14285714285714285	0.25	0.3333333333333333	0.25	0.5	0.1111111111111111	0.1111111111111111	0.14285714285714285	0.2	0.125	0.2	1.0	0.125	0.25	0.16666666666666666	0.1111111111111111	0.16666666666666666	0.14285714285714285	0.5	0.14285714285714285
tr	0.5	0.09091735537190083	-1.0	0.3333333333333333	0.09090909090909091	0.05555864197530863	0.16666666666666666	0.052637119113573404	0.05555555555555555	0.0526398891966759	0.14285714285714285	0.14285714285714285	0.16666666666666666	0.07142857142857142	0.05882698961937716	0.06666666666666667	0.09090909090909091	0.14285714285714285	0.16666666666666666	0.1111111111111111	0.5	0.05264265927977839	0.05555864197530863	0.05263434903047091	0.16666666666666666	0.05263157894736842	0.14285714285714285	1.0	0.07142857142857142	0.1	0.07692307692307693	0.16666666666666666	0.05004003003252752	0.07692307692307693	0.5	0.06666666666666667
vi	0.5	0.07692307692307693	0.5	0.3333333333333333	0.09090909090909091	0.043478260869565216	0.16666666666666666	0.03571428571428571	0.038461538461538464	0.041666666666666664	0.1	0.125	0.14285714285714285	0.0625	0.05263157894736842	0.05	0.09090909090909091	0.16666666666666666	0.14285714285714285	0.125	0.5	0.034482758620689655	0.037037037037037035	0.045454545454545456	0.125	0.045454545454545456	0.16666666666666666	1.0	0.058823529411764705	0.1111111111111111	0.06666666666666667	0.14285714285714285	0.07692307692307693	0.034482758620689655	0.5	0.05
war	0.5	0.5	1.0	1.0	0.5	0.5	0.5	0.5	0.5	0.5	0.5	0.5	0.5	0.5	0.5	0.5	0.5	0.5	0.5	0.5	1.0	0.5	0.5	0.5	0.5	0.5	0.5	1.0	0.5	0.5	0.5	0.5	0.5	0.5	0.5	0.5
zh	0.5	0.07692307692307693	0.5	0.3333333333333333	0.07692307692307693	0.034482758620689655	0.14285714285714285	0.02857142857142857	0.030303030303030304	0.03125	0.09090909090909091	0.1	0.1	0.05	0.034482758620689655	0.04	0.07142857142857142	0.1111111111111111	0.1111111111111111	0.08333333333333333	0.5	0.02857142857142857	0.030303030303030304	0.030303030303030304	0.1	0.03333333333333333	0.1	0.5	0.047619047619047616	0.058823529411764705	0.05555555555555555	0.14285714285714285	0.06666666666666667	0.05	0.5	0.027777777777777776
