arz	bs	ceb	ckb	da	de	el	en	es	fr	he	hi	hu	id	it	ja	ko	lv	mk	ml	mr	nl	pl	pt	ro	ru	sh	si	simple	sr	sv	te	vi	war	zh
arz	1.0	0.44948974278317805	1.0	1.0	0.2958163163244893	0.5	1.0	0.13594160997026095	0.28172904669025317	0.18581211318908403	1.0	1.0	0.19636040545626823	0.24336073281110826	0.19404996501286384	1.0	1.0	1.0	1.0	1.0	1.0	0.23582845781094	0.44948974278317805	0.3660254037844386	0.15815511491062575	0.585786437626905	0.2958163163244893	1.0	0.39564392373896007	1.0	0.25728427444747215	1.0	0.2791745113185196	1.0	1.0
bs	0.44948974278317805	1.0	0.1784329590736899	0.5	0.0796975227776233	0.05317310612943505	0.08267079230776724	0.057532752539236995	0.06004407440503786	0.055407537987453924	0.08558884140549614	0.2791745113185196	0.0860681032465531	0.07672865301763925	0.06771388704328843	0.06310059225791663	0.08885793385419129	0.1382812255140081	0.10845770283962061	0.26533119314590375	0.3333333333333333	0.06936540706703205	0.06957857984021902	0.06881322408010217	0.08786864258481403	0.0618578074991673	0.07165227976596526	1.0	0.09842564003383747	0.07818714581559127	0.061472044466865536	1.0	0.1437155838813476	0.22646721143623746	0.06181335068570728
ceb	1.0	0.1784329590736899	1.0	1.0	0.06680822039985218	0.12209607899209111	1.0	0.00825972375162572	0.15438708879488486	0.04634980066933216	1.0	1.0	0.049503248681467514	0.10499266839576207	0.042806973496989774	1.0	1.0	0.38742588672279304	1.0	1.0	1.0	0.11383557353039307	0.11501982172969998	0.09408377008086523	0.09456916629665493	1.0	0.10187894689416398	1.0	0.23441237831492112	1.0	0.05759350767367787	1.0	0.13074787165365426	0.585786437626905	1.0
ckb	1.0	0.5	1.0	1.0	0.353889367864523	1.0	1.0	0.2958163163244893	0.585786437626905	0.585786437626905	1.0	1.0	0.5	0.585786437626905	0.3164309725825328	1.0	1.0	0.585786437626905	1.0	1.0	1.0	0.585786437626905	0.585786437626905	0.5	0.38742588672279304	1.0	0.585786437626905	1.0	0.585786437626905	1.0	0.585786437626905	1.0	0.44948974278317805	1.0	1.0
da	0.2958163163244893	0.0796975227776233	0.06680822039985218	0.353889367864523	1.0	0.007352683899268208	0.01599719098782548	0.010435794833880404	0.007946350242292432	0.007868920327050026	0.009977600989794373	0.04771381671115001	0.010667237749392187	0.011304204435780061	0.007958117038539393	0.008851743453281762	0.012153596094799522	0.0697895289124275	0.06204930311134495	0.05215103595228982	0.16893748062498007	0.007988265296480281	0.008227139004712669	0.008293546937901321	0.016581419828729658	0.008027671972563115	0.010145318371606498	0.39564392373896007	0.03454878365232429	0.012043416000994546	0.007851726066312337	0.32449979983983984	0.013509946262708147	0.07116839350571612	0.010001473390637181
de	0.5	0.05317310612943505	0.12209607899209111	1.0	0.007352683899268208	1.0	0.09785171972967725	0.001577587695021471	0.017955863646618487	0.0019620782998871857	0.10056040392403998	0.44948974278317805	0.0043918075543355195	0.006349505785369631	0.0022084826913684086	0.08726425730622053	0.1380262631157473	0.18400240527946554	0.23166247903554	0.38742588672279304	0.585786437626905	0.005031881006392523	0.011326889007914632	0.004060741283585849	0.008426632574702693	0.03617466000914014	0.0060215272816633355	1.0	0.08317596549812697	0.14548268842493628	0.003912221717249375	1.0	0.01999956632525895	0.5	0.07198014635836066
el	1.0	0.08267079230776724	1.0	1.0	0.01599719098782548	0.09785171972967725	1.0	0.005161345140145028	0.09104715629643201	0.03059048467977239	1.0	1.0	0.013481631252345938	0.04109248834969564	0.008351079384350896	1.0	1.0	0.28172904669025317	1.0	1.0	1.0	0.07416045273992951	0.09785171972967724	0.045666227547299265	0.017224346752046378	0.5	0.025091598356185536	1.0	0.13772226013087463	0.585786437626905	0.04176998673215964	1.0	0.06326649383252385	0.585786437626905	1.0
en	0.13594160997026095	0.057532752539236995	0.00825972375162572	0.2958163163244893	0.010435794833880404	0.001577587695021471	0.005161345140145028	1.0	0.002192942409240925	0.005247103581417026	0.00473043951696554	0.05723980812724259	0.009057395629973921	0.007265522078231988	0.008301994953309102	0.004296320337748879	0.006648979570181182	0.0837041339336495	0.03085885194364228	0.048463339183541905	0.18660549686337075	0.0033661130333997465	0.003139442120293244	0.004083374784714201	0.010505748671751101	0.0024459854760911838	0.007002749374241265	0.39564392373896007	0.030398423642485725	0.007144965344363173	0.0047514912579174565	0.32449979983983984	0.0068720665127211715	0.0906008015031816	0.0041749907719369405
es	0.28172904669025317	0.06004407440503786	0.15438708879488486	0.585786437626905	0.007946350242292432	0.017955863646618487	0.09104715629643201	0.002192942409240925	1.0	0.0026771975089102036	0.07591646494455363	0.2898979485566356	0.005097527565441576	0.00621497632662705	0.002688693960321325	0.061985727852726116	0.10520888618853338	0.17437934181076717	0.19367338768973055	0.2898979485566356	0.4142135623730951	0.008396369583699824	0.01596337390805958	0.004924570459058739	0.008293905880764865	0.03425989188289116	0.005939256627655616	0.585786437626905	0.0860267127389171	0.10339344144840323	0.004849557712924183	0.585786437626905	0.024871873929213785	0.38742588672279304	0.07287900367776738
fr	0.18581211318908403	0.055407537987453924	0.04634980066933216	0.585786437626905	0.007868920327050026	0.0019620782998871857	0.03059048467977239	0.005247103581417026	0.0026771975089102036	1.0	0.010060516014265102	0.1951941016011038	0.005065431208208661	0.006033395626144794	0.004243404543286544	0.009126867787628905	0.03324429573234359	0.1437155838813476	0.1125277395629435	0.1512290518085545	0.4142135623730951	0.00395191749136337	0.003949939091864893	0.004167976252152986	0.008485771927766454	0.0031784080271519584	0.005246429706164302	1.0	0.058379957386528576	0.0395683009005405	0.004302012626943347	1.0	0.017428678062841388	0.1959691289492878	0.007478965775659705
he	1.0	0.08558884140549614	1.0	1.0	0.009977600989794373	0.10056040392403998	1.0	0.00473043951696554	0.07591646494455363	0.010060516014265102	1.0	1.0	0.008464736052245887	0.019893604661473826	0.007780518354909925	1.0	1.0	0.21551468935838852	1.0	1.0	1.0	0.04265618021687758	0.053736909820275826	0.036487582344973304	0.011903638702331696	0.44948974278317805	0.0113382974398686	1.0	0.10862847864413237	0.585786437626905	0.01869394613191417	1.0	0.05316885351841242	0.585786437626905	1.0
hi	1.0	0.2791745113185196	1.0	1.0	0.04771381671115001	0.44948974278317805	1.0	0.05723980812724259	0.2898979485566356	0.1951941016011038	1.0	1.0	0.10243495098030718	0.10754977458069565	0.13423167976942957	1.0	1.0	0.5	1.0	1.0	1.0	0.23441237831492112	0.25355482027512377	0.2012628451930092	0.10877859817144754	1.0	0.17358241318593384	1.0	0.26533119314590375	1.0	0.17253779651421453	1.0	0.16330595576157622	1.0	1.0
hu	0.19636040545626823	0.0860681032465531	0.049503248681467514	0.5	0.010667237749392187	0.0043918075543355195	0.013481631252345938	0.009057395629973921	0.005097527565441576	0.005065431208208661	0.008464736052245887	0.10243495098030718	1.0	0.008466534138673052	0.006591092760646334	0.0065659173022661055	0.013781676140719788	0.10986562597524188	0.07291382208614378	0.06167082019393899	0.25728427444747215	0.0057492931663618175	0.005608608725496483	0.00579924749458795	0.012867824997150262	0.0050664532959773705	0.008696332087879245	0.585786437626905	0.06770039556244278	0.012177214132935075	0.005912057165962696	0.585786437626905	0.011602833215264202	0.16202097927744857	0.0076562124690854145
id	0.24336073281110826	0.07672865301763925	0.10499266839576207	0.585786437626905	0.011304204435780061	0.006349505785369631	0.04109248834969564	0.007265522078231988	0.00621497632662705	0.006033395626144794	0.019893604661473826	0.10754977458069565	0.008466534138673052	1.0	0.006645066112637099	0.014362927786483232	0.048586153993795816	0.12153007116878985	0.1424339656566283	0.10627920207181507	0.29429805508554946	0.009304250579851374	0.008356426856973718	0.007453121290714268	0.01340373221575329	0.0069983818460424025	0.01881203071643995	0.4142135623730951	0.08667290553406184	0.034150601098353564	0.009821294078842026	0.44948974278317805	0.03176884655813166	0.20991366558572697	0.01883965324886966
it	0.19404996501286384	0.06771388704328843	0.042806973496989774	0.3164309725825328	0.007958117038539393	0.0022084826913684086	0.008351079384350896	0.008301994953309102	0.002688693960321325	0.004243404543286544	0.007780518354909925	0.13423167976942957	0.006591092760646334	0.006645066112637099	1.0	0.006583916392157941	0.017600585740597606	0.11621171676155377	0.09188942814050755	0.13712054634769197	0.20521309615767264	0.003634233221529294	0.003830806895869753	0.004051272737483463	0.008738143756107802	0.0030124829839626444	0.005959718901657487	0.585786437626905	0.06876027455694458	0.02471989358327994	0.004646387534871215	0.585786437626905	0.015614817624571106	0.21822796141133347	0.0073175376152292484
ja	1.0	0.06310059225791663	1.0	1.0	0.008851743453281762	0.08726425730622053	1.0	0.004296320337748879	0.061985727852726116	0.009126867787628905	1.0	1.0	0.0065659173022661055	0.014362927786483232	0.006583916392157941	1.0	1.0	0.21551468935838852	1.0	1.0	1.0	0.03900864906506362	0.0515146527796508	0.020662460367128807	0.0104091018051737	0.5	0.009717129521626072	1.0	0.09125547875239157	0.585786437626905	0.014420344625102608	1.0	0.04125437040781309	0.585786437626905	1.0
ko	1.0	0.08885793385419129	1.0	1.0	0.012153596094799522	0.1380262631157473	1.0	0.006648979570181182	0.10520888618853338	0.03324429573234359	1.0	1.0	0.013781676140719788	0.048586153993795816	0.017600585740597606	1.0	1.0	0.26968623182294527	1.0	1.0	1.0	0.07619421680124755	0.0817997772825746	0.058572867623011365	0.01778679633269362	0.585786437626905	0.024581276498939656	1.0	0.11866018433942889	1.0	0.03353409215245313	1.0	0.0748736395290138	0.585786437626905	1.0
lv	1.0	0.1382812255140081	0.38742588672279304	0.585786437626905	0.0697895289124275	0.18400240527946554	0.28172904669025317	0.0837041339336495	0.17437934181076717	0.1437155838813476	0.21551468935838852	0.5	0.10986562597524188	0.12153007116878985	0.11621171676155377	0.21551468935838852	0.26968623182294527	1.0	0.38742588672279304	0.4142135623730951	1.0	0.1664356982881207	0.1511272886413567	0.13616022344521683	0.09079457682013263	0.1975496259559987	0.12717882808480252	0.585786437626905	0.16722520332754173	0.22966848451216434	0.122828568570857	1.0	0.13294763533092263	0.39564392373896007	0.2240092377397959
mk	1.0	0.10845770283962061	1.0	1.0	0.06204930311134495	0.23166247903554	1.0	0.03085885194364228	0.19367338768973055	0.1125277395629435	1.0	1.0	0.07291382208614378	0.1424339656566283	0.09188942814050755	1.0	1.0	0.38742588672279304	1.0	1.0	1.0	0.16952084719853724	0.2216368750839041	0.1490392711850658	0.09015157201801735	0.585786437626905	0.16330595576157622	1.0	0.20100820154529447	1.0	0.1243359412482223	1.0	0.2	1.0	1.0
ml	1.0	0.26533119314590375	1.0	1.0	0.05215103595228982	0.38742588672279304	1.0	0.048463339183541905	0.2898979485566356	0.1512290518085545	1.0	1.0	0.06167082019393899	0.10627920207181507	0.13712054634769197	1.0	1.0	0.4142135623730951	1.0	1.0	1.0	0.28172904669025317	0.21712927295533244	0.19404996501286384	0.09316225244763619	1.0	0.14602640382184875	1.0	0.18795247918520225	1.0	0.12973190755680383	1.0	0.16952084719853724	1.0	1.0
mr	1.0	0.3333333333333333	1.0	1.0	0.16893748062498007	0.585786437626905	1.0	0.18660549686337075	0.4142135623730951	0.4142135623730951	1.0	1.0	0.25728427444747215	0.29429805508554946	0.20521309615767264	1.0	1.0	1.0	1.0	1.0	1.0	0.3430703308172536	0.36602540378443865	0.28436465220442186	0.19707113830081235	0.585786437626905	0.38742588672279304	1.0	0.3430703308172536	1.0	0.3164309725825328	1.0	0.38742588672279304	1.0	1.0
nl	0.23582845781094	0.06936540706703205	0.11383557353039307	0.585786437626905	0.007988265296480281	0.005031881006392523	0.07416045273992951	0.0033661130333997465	0.008396369583699824	0.00395191749136337	0.04265618021687758	0.23441237831492112	0.0057492931663618175	0.009304250579851374	0.003634233221529294	0.03900864906506362	0.07619421680124755	0.1664356982881207	0.16952084719853724	0.28172904669025317	0.3430703308172536	1.0	0.014032056434425899	0.0068064850119205125	0.009633191574942288	0.011207855537289873	0.006268299394794872	0.585786437626905	0.08569515966486985	0.07614296629345618	0.006425052202306665	1.0	0.02266490913080759	0.28708594921778513	0.03711200933383864
pl	0.44948974278317805	0.06957857984021902	0.11501982172969998	0.585786437626905	0.008227139004712669	0.011326889007914632	0.09785171972967724	0.003139442120293244	0.01596337390805958	0.003949939091864893	0.053736909820275826	0.25355482027512377	0.005608608725496483	0.008356426856973718	0.003830806895869753	0.0515146527796508	0.0817997772825746	0.1511272886413567	0.2216368750839041	0.21712927295533244	0.36602540378443865	0.014032056434425899	1.0	0.010648559598503922	0.00928597323789003	0.018038049614090064	0.00711447691353201	1.0	0.07866695760470435	0.07123316455861123	0.0066928133011413555	1.0	0.025424799225290992	0.3288130902060995	0.05629662362228646
pt	0.3660254037844386	0.06881322408010217	0.09408377008086523	0.5	0.008293546937901321	0.004060741283585849	0.045666227547299265	0.004083374784714201	0.004924570459058739	0.004167976252152986	0.036487582344973304	0.2012628451930092	0.00579924749458795	0.007453121290714268	0.004051272737483463	0.020662460367128807	0.058572867623011365	0.13616022344521683	0.1490392711850658	0.19404996501286384	0.28436465220442186	0.0068064850119205125	0.010648559598503922	1.0	0.00934113508661153	0.005700478933067431	0.0065992799295787165	0.585786437626905	0.07741271927208856	0.06384522569446346	0.0055433157738566455	1.0	0.023884934639040102	0.23874775399470893	0.026212527860478726
ro	0.15815511491062575	0.08786864258481403	0.09456916629665493	0.38742588672279304	0.016581419828729658	0.008426632574702693	0.017224346752046378	0.010505748671751101	0.008293905880764865	0.008485771927766454	0.011903638702331696	0.10877859817144754	0.012867824997150262	0.01340373221575329	0.008738143756107802	0.0104091018051737	0.01778679633269362	0.09079457682013263	0.09015157201801735	0.09316225244763619	0.19707113830081235	0.009633191574942288	0.00928597323789003	0.00934113508661153	1.0	0.008811500035775396	0.013109826188837274	0.44948974278317805	0.05382170450317754	0.014968998813068984	0.009674620887255684	1.0	0.016430973481189142	0.1566130288262323	0.010861980821439753
ru	0.585786437626905	0.0618578074991673	1.0	1.0	0.008027671972563115	0.03617466000914014	0.5	0.0024459854760911838	0.03425989188289116	0.0031784080271519584	0.44948974278317805	1.0	0.0050664532959773705	0.0069983818460424025	0.0030124829839626444	0.5	0.585786437626905	0.1975496259559987	0.585786437626905	1.0	0.585786437626905	0.011207855537289873	0.018038049614090064	0.005700478933067431	0.008811500035775396	1.0	0.0065298103206658025	1.0	0.08923625778607341	0.44948974278317805	0.0053487508286794005	1.0	0.029424060158565944	0.5	0.585786437626905
sh	0.2958163163244893	0.07165227976596526	0.10187894689416398	0.585786437626905	0.010145318371606498	0.0060215272816633355	0.025091598356185536	0.007002749374241265	0.005939256627655616	0.005246429706164302	0.0113382974398686	0.17358241318593384	0.008696332087879245	0.01881203071643995	0.005959718901657487	0.009717129521626072	0.024581276498939656	0.12717882808480252	0.16330595576157622	0.14602640382184875	0.38742588672279304	0.006268299394794872	0.00711447691353201	0.0065992799295787165	0.013109826188837274	0.0065298103206658025	1.0	0.585786437626905	0.0943144353577424	0.037033440341920354	0.007879542467609107	0.5	0.0384697201039849	0.2	0.011688157102562512
si	1.0	1.0	1.0	1.0	0.39564392373896007	1.0	1.0	0.39564392373896007	0.585786437626905	1.0	1.0	1.0	0.585786437626905	0.4142135623730951	0.585786437626905	1.0	1.0	0.585786437626905	1.0	1.0	1.0	0.585786437626905	1.0	0.585786437626905	0.44948974278317805	1.0	0.585786437626905	1.0	1.0	1.0	0.585786437626905	1.0	1.0	1.0	1.0
simple	0.39564392373896007	0.09842564003383747	0.23441237831492112	0.585786437626905	0.03454878365232429	0.08317596549812697	0.13772226013087463	0.030398423642485725	0.0860267127389171	0.058379957386528576	0.10862847864413237	0.26533119314590375	0.06770039556244278	0.08667290553406184	0.06876027455694458	0.09125547875239157	0.11866018433942889	0.16722520332754173	0.20100820154529447	0.18795247918520225	0.3430703308172536	0.08569515966486985	0.07866695760470435	0.07741271927208856	0.05382170450317754	0.08923625778607341	0.0943144353577424	1.0	1.0	0.13100580420257674	0.07551358558293754	0.5	0.106967286548715	0.2612038749637415	0.09592193939733354
sr	1.0	0.07818714581559127	1.0	1.0	0.012043416000994546	0.14548268842493628	0.585786437626905	0.007144965344363173	0.10339344144840323	0.0395683009005405	0.585786437626905	1.0	0.012177214132935075	0.034150601098353564	0.02471989358327994	0.585786437626905	1.0	0.22966848451216434	1.0	1.0	1.0	0.07614296629345618	0.07123316455861123	0.06384522569446346	0.014968998813068984	0.44948974278317805	0.037033440341920354	1.0	0.13100580420257674	1.0	0.05302503650993258	1.0	0.06453897554466868	0.585786437626905	0.585786437626905
sv	0.25728427444747215	0.061472044466865536	0.05759350767367787	0.585786437626905	0.007851726066312337	0.003912221717249375	0.04176998673215964	0.0047514912579174565	0.004849557712924183	0.004302012626943347	0.01869394613191417	0.17253779651421453	0.005912057165962696	0.009821294078842026	0.004646387534871215	0.014420344625102608	0.03353409215245313	0.122828568570857	0.1243359412482223	0.12973190755680383	0.3164309725825328	0.006425052202306665	0.0066928133011413555	0.0055433157738566455	0.009674620887255684	0.0053487508286794005	0.007879542467609107	0.585786437626905	0.07551358558293754	0.05302503650993258	1.0	0.4364916731037085	0.02287280962948623	0.17854832631144232	0.015949718214565218
te	1.0	1.0	1.0	1.0	0.32449979983983984	1.0	1.0	0.32449979983983984	0.585786437626905	1.0	1.0	1.0	0.585786437626905	0.44948974278317805	0.585786437626905	1.0	1.0	1.0	1.0	1.0	1.0	1.0	1.0	1.0	1.0	1.0	0.5	1.0	0.5	1.0	0.4364916731037085	1.0	0.585786437626905	1.0	1.0
vi	0.2791745113185196	0.1437155838813476	0.13074787165365426	0.44948974278317805	0.013509946262708147	0.01999956632525895	0.06326649383252385	0.0068720665127211715	0.024871873929213785	0.017428678062841388	0.05316885351841242	0.16330595576157622	0.011602833215264202	0.03176884655813166	0.015614817624571106	0.04125437040781309	0.0748736395290138	0.13294763533092263	0.2	0.16952084719853724	0.38742588672279304	0.02266490913080759	0.025424799225290992	0.023884934639040102	0.016430973481189142	0.029424060158565944	0.0384697201039849	1.0	0.106967286548715	0.06453897554466868	0.02287280962948623	0.585786437626905	1.0	0.19636040545626823	0.03657306836368494
war	1.0	0.22646721143623746	0.585786437626905	1.0	0.07116839350571612	0.5	0.585786437626905	0.0906008015031816	0.38742588672279304	0.1959691289492878	0.585786437626905	1.0	0.16202097927744857	0.20991366558572697	0.21822796141133347	0.585786437626905	0.585786437626905	0.39564392373896007	1.0	1.0	1.0	0.28708594921778513	0.3288130902060995	0.23874775399470893	0.1566130288262323	0.5	0.2	1.0	0.2612038749637415	0.585786437626905	0.17854832631144232	1.0	0.19636040545626823	1.0	0.585786437626905
zh	1.0	0.06181335068570728	1.0	1.0	0.010001473390637181	0.07198014635836066	1.0	0.0041749907719369405	0.07287900367776738	0.007478965775659705	1.0	1.0	0.0076562124690854145	0.01883965324886966	0.0073175376152292484	1.0	1.0	0.2240092377397959	1.0	1.0	1.0	0.03711200933383864	0.05629662362228646	0.026212527860478726	0.010861980821439753	0.585786437626905	0.011688157102562512	1.0	0.09592193939733354	0.585786437626905	0.015949718214565218	1.0	0.03657306836368494	0.585786437626905	1.0
