arz	bs	ceb	ckb	da	de	el	en	es	fr	he	hi	hu	id	it	ja	ko	lv	mk	ml	mr	nl	pl	pt	ro	ru	sh	si	simple	sr	sv	te	vi	war	zh
arz	0.017253869502378418	0.03225806451612903	0.5	0.058823529411764705	0.02702702702702703	0.02	0.029412629757785465	0.0196078431372549	0.0196078431372549	0.02	0.02127659574468085	0.027778549382716046	0.027777777777777776	0.025	0.02040816326530612	0.02040816326530612	0.020408579758433985	0.037037037037037035	0.03225806451612903	0.041666666666666664	0.05000249999999999	0.02040816326530612	0.02040816326530612	0.02040816326530612	0.022727789256198346	0.020408996251561846	0.02564102564102564	0.05555555555555555	0.02564102564102564	0.021739130434782608	0.02083376736111111	0.047619047619047616	0.023810090702947845	0.07142857142857142	0.021739130434782608
bs	0.03225806451612903	0.004824183796229881	0.16666666666666666	0.019230769230769232	0.007575872359963269	0.00518140084297565	0.007633762601247013	0.004926302506733965	0.00518140084297565	0.005154851737697948	0.006060826446280991	0.008196990056436442	0.008130279595478882	0.006493632990386237	0.00534782238554148	0.0056819795971074375	0.00621129586049921	0.010526426592797785	0.009615477071005917	0.011904903628117915	0.02174007561436673	0.005347622179644828	0.005319177229515618	0.005235656917299416	0.008264462809917356	0.005319290402897238	0.006451696149843913	0.02127704843820733	0.007353103373702421	0.006060642791551883	0.005525136656390221	0.019230769230769232	0.006622648129468005	0.027777777777777776	0.005714514285714286
ceb	0.5	0.16666666666666666	0.12507817187499998	0.2	0.16666666666666666	0.125	0.14285714285714285	0.125	0.125	0.125	0.125	0.125	0.14285714285714285	0.125	0.14285714285714285	0.125	0.125	0.2	0.14285714285714285	0.14287755102040817	0.16666666666666666	0.14285714285714285	0.125	0.125	0.125	0.125	0.16666666666666666	0.16666666666666666	0.14285714285714285	0.125	0.14285714285714285	0.25	0.14285714285714285	0.16666666666666666	0.14285714285714285
ckb	0.058823529411764705	0.019230769230769232	0.2	0.009618714220044471	0.012987012987012988	0.01	0.013333511111111113	0.009708737864077669	0.009901088128614842	0.010101010101010102	0.010752688172043012	0.014705882352941176	0.014084507042253521	0.011494252873563218	0.01	0.010526315789473684	0.010869565217391304	0.014925595901091559	0.015873015873015872	0.017543859649122806	0.029411764705882353	0.010416666666666666	0.010309278350515464	0.01	0.012987012987012988	0.010204185755935027	0.013513513513513514	0.02702702702702703	0.012345679012345678	0.012195121951219513	0.010869565217391304	0.02631578947368421	0.011494252873563218	0.034482758620689655	0.010869565217391304
da	0.02702702702702703	0.007575872359963269	0.16666666666666666	0.012987012987012988	0.002000459984372405	0.002232147839604592	0.0044444641975308645	0.002079058268247457	0.0022075250110862583	0.002188222112626826	0.0026385433128424335	0.00485443962673202	0.003921599384851981	0.0033445039764655876	0.0022625099813681124	0.00245104046520569	0.002754836114715904	0.005917264801652603	0.005882456747404845	0.0072464818315479945	0.01449317370300357	0.0023148148148148147	0.0023529633217993077	0.002222301239506172	0.003968301209372638	0.00236969070775589	0.004273522536343049	0.01639344262295082	0.003508784241305017	0.0032573396004201634	0.0024155056127330857	0.013333333333333334	0.0034247044473634833	0.023809523809523808	0.002564168310322156
de	0.02	0.00518140084297565	0.125	0.01	0.002232147839604592	0.00036268986872540733	0.0025126133178455085	0.0004067027860408052	0.0005543326366389544	0.000548868808898678	0.0011441778508553743	0.002865354143233635	0.0023866405408946175	0.0015873066263542453	0.000579742071329552	0.0008741594974104796	0.0012820562130177514	0.004405325156707873	0.003816837596876639	0.004807784763313609	0.01098901098901099	0.0007622044170136821	0.0005787107365612139	0.00065619898078685	0.00232559221200649	0.0007102651059489599	0.002457050751891046	0.011904761904761904	0.0020366972096515275	0.0014285795918367345	0.0009425346067098326	0.008403361344537815	0.001592366830297375	0.022222222222222223	0.0010953718348451049
el	0.029412629757785465	0.007633762601247013	0.14285714285714285	0.013333511111111113	0.0044444641975308645	0.0025126133178455085	0.0022434051393904757	0.0022884551995350027	0.002457038678168899	0.0024876488205737477	0.0030303489439853074	0.004761995487528345	0.004629672496570645	0.003521163955564372	0.002590767544095143	0.002702936464579985	0.0030770177514792903	0.005952487244897959	0.005681979629390496	0.007874387748775498	0.014085300535608013	0.002702753834915997	0.0025974228369033564	0.0025190439695702655	0.004098427841977963	0.0026811376564195816	0.00458724013130208	0.015873015873015872	0.003876074184258758	0.00353360636292125	0.002809170251546522	0.012345831428135955	0.0035715178571428573	0.023255813953488372	0.002898760789750052
en	0.0196078431372549	0.004926302506733965	0.125	0.009708737864077669	0.002079058268247457	0.0004067027860408052	0.0022884551995350027	0.00021375648090709746	0.0004393972341866378	0.0004339247592514627	0.000994092113324031	0.0025446263879986266	0.002242328440150616	0.001412471274617766	0.00045737452491224743	0.0007311651811754045	0.0011287726370592976	0.004115361818151027	0.0035336812920750784	0.004386061095721761	0.010526426592797785	0.0006592348918367048	0.00047850575948398563	0.0005212443568589944	0.002178725186419278	0.0005629179020957883	0.0022076175996179497	0.011364023889592071	0.0017700117597305974	0.0012438367877651536	0.000823863023786195	0.008000064	0.0013532568826322361	0.022222222222222223	0.0008875429787155486
es	0.0196078431372549	0.00518140084297565	0.125	0.009901088128614842	0.0022075250110862583	0.0005543326366389544	0.002457038678168899	0.0004393972341866378	0.0004245208785169139	0.0005714484904489793	0.0011160876215720662	0.0027548437037542978	0.002352957785467128	0.0015408581651040715	0.0005865401928091429	0.0008665849190067547	0.0012376482697774723	0.004219427086115117	0.0036764976211072667	0.004545495867768595	0.010752803792345937	0.0007734041770518747	0.0006222895398902358	0.0006250324246093747	0.00232020176463305	0.000719475701568241	0.0023696907077558906	0.011627906976744186	0.001968546562093124	0.0013831392557137633	0.0009354904490090223	0.008333333333333333	0.0014992616135710254	0.022222222222222223	0.0010384712050974308
fr	0.02	0.005154851737697948	0.125	0.010101010101010102	0.002188222112626826	0.000548868808898678	0.0024876488205737477	0.0004339247592514627	0.0005714484904489793	0.0003977549993716568	0.0011325451558249502	0.0028170125054552664	0.002381031757369614	0.0015773144324254392	0.0006021343278799937	0.0008796072709045458	0.0012500531265624993	0.004273522536343049	0.003676524653979239	0.0046297153635116595	0.01086968336483932	0.0007716257781540538	0.0006357521586660462	0.0006584089039400417	0.0022883766475187074	0.000743064606154054	0.0024097256553926544	0.011765259515570933	0.0019380445999376537	0.0014430305945457458	0.0009329498322340024	0.008474719908072394	0.0015267641745819005	0.022222222222222223	0.0010777650571805785
he	0.02127659574468085	0.006060826446280991	0.125	0.010752688172043012	0.0026385433128424335	0.0011441778508553743	0.0030303489439853074	0.000994092113324031	0.0011160876215720662	0.0011325451558249502	0.0009842722898791532	0.003378481099342586	0.0029498786122640766	0.0021141917274917423	0.0011601520259903848	0.0013889949922858804	0.001675064322169193	0.004807761649408285	0.004255464010864645	0.0056498132720482624	0.011764705882352941	0.001288678062559783	0.001204829438234867	0.0011534597419943615	0.002824898656197134	0.0012854329603987577	0.002907010546241212	0.0125	0.0023585239409042364	0.0019455442171720995	0.0013889506172839502	0.00925934499314129	0.00200807648666957	0.023809523809523808	0.0015315155261755745
hi	0.027778549382716046	0.008196990056436442	0.125	0.014705882352941176	0.00485443962673202	0.002865354143233635	0.004761995487528345	0.0025446263879986266	0.0027548437037542978	0.0028170125054552664	0.003378481099342586	0.002529301277312889	0.005076219433636528	0.0036232146607855496	0.0029499569356340443	0.0030304407713498626	0.0033445599154371874	0.0065790772160664816	0.006451821061394381	0.006802906242769217	0.012987350312025636	0.0030395506323851406	0.0030121207722456087	0.002801261681143046	0.004629651063100137	0.0030213214647547937	0.005025150880028282	0.01449317370300357	0.004115344883063218	0.003861108212459563	0.003174724111866969	0.010869565217391304	0.0035843064708829535	0.024390243902439025	0.003174845069286974
hu	0.027777777777777776	0.008130279595478882	0.14285714285714285	0.014084507042253521	0.003921599384851981	0.0023866405408946175	0.004629672496570645	0.002242328440150616	0.002352957785467128	0.002381031757369614	0.0029498786122640766	0.005076219433636528	0.002192987099728935	0.003521139158897044	0.0024876178807455257	0.002793389719421991	0.0031250390625	0.0063694673211895005	0.006097746876859013	0.00775211826212367	0.014084903987502676	0.002551039931278634	0.002445005708956785	0.0023981678024486888	0.004166701388888889	0.002531754532927415	0.004566314297033006	0.016393980112872884	0.003984095490547769	0.0034014762367532048	0.0027934131269311195	0.011628042184964847	0.003546137027815503	0.024390243902439025	0.002890348842268368
id	0.025	0.006493632990386237	0.125	0.011494252873563218	0.0033445039764655876	0.0015873066263542453	0.003521163955564372	0.001412471274617766	0.0015408581651040715	0.0015773144324254392	0.0021141917274917423	0.0036232146607855496	0.003521139158897044	0.0013740850502497628	0.0016103604129228998	0.0018904199241712252	0.002227211174547745	0.005347622179644828	0.004975223385559763	0.005848090010601553	0.012048337930033388	0.0017301097927467342	0.001697795751770576	0.0015699178621333808	0.003355704697986577	0.0016921075065634832	0.0033784012052593135	0.013157894736842105	0.003021211927601975	0.002415517281616841	0.0018797522506925207	0.009901088128614842	0.002403869267751479	0.023255813953488372	0.0020704962557171577
it	0.02040816326530612	0.00534782238554148	0.14285714285714285	0.01	0.0022625099813681124	0.000579742071329552	0.002590767544095143	0.00045737452491224743	0.0005865401928091429	0.0006021343278799937	0.0011601520259903848	0.0029499569356340443	0.0024876178807455257	0.0016103604129228998	0.0004421837812795111	0.0009125694546234807	0.0013004712874200356	0.00434793952742913	0.0038024982723618957	0.004695012012607728	0.01149451710926146	0.0007943183976087021	0.0006574872672352565	0.0006515905968279773	0.0024097140368703734	0.0007560276176730228	0.0024511005382545172	0.012658388078833521	0.0020326277389450718	0.001455648572257923	0.000982452415465627	0.008695727788279773	0.0016077583978660267	0.022727272727272728	0.001084815188854277
ja	0.02040816326530612	0.0056819795971074375	0.125	0.010526315789473684	0.00245104046520569	0.0008741594974104796	0.002702936464579985	0.0007311651811754045	0.0008665849190067547	0.0008796072709045458	0.0013889949922858804	0.0030304407713498626	0.002793389719421991	0.0018904199241712252	0.0009125694546234807	0.0007192134143706885	0.0014307441122715667	0.0046298010973936906	0.0040817992503123695	0.004975322417761937	0.010870274102079394	0.0010787917084143551	0.0009506146196272891	0.0009243647785532702	0.0027027830533235936	0.0010440538657127568	0.002747441439741577	0.011904903628117915	0.002150630135275754	0.0017731156663397208	0.0011864127269608476	0.008771929824561403	0.0018083902108832635	0.022222222222222223	0.0012807098355681799
ko	0.020408579758433985	0.00621129586049921	0.125	0.010869565217391304	0.002754836114715904	0.0012820562130177514	0.0030770177514792903	0.0011287726370592976	0.0012376482697774723	0.0012500531265624993	0.001675064322169193	0.0033445599154371874	0.0031250390625	0.002227211174547745	0.0013004712874200356	0.0014307441122715667	0.001125609332362464	0.005076142131979695	0.004651249323958897	0.0054945356840961235	0.011363636363636364	0.001432695546424085	0.001373650906444347	0.0012788721391180074	0.002890240235223362	0.0013851796813253426	0.0029762967687074825	0.01250015625	0.0023867088932052107	0.002040862140774677	0.0015315084836389468	0.009708737864077669	0.002057663973987705	0.022727272727272728	0.0016209268326665594
lv	0.037037037037037035	0.010526426592797785	0.2	0.014925595901091559	0.005917264801652603	0.004405325156707873	0.005952487244897959	0.004115361818151027	0.004219427086115117	0.004273522536343049	0.004807761649408285	0.0065790772160664816	0.0063694673211895005	0.005347622179644828	0.00434793952742913	0.0046298010973936906	0.005076142131979695	0.004123932416854038	0.007692544378698225	0.008849557522123894	0.01587326782564878	0.004464285714285714	0.004366812227074236	0.004291900753375454	0.005847953216374269	0.0045045653761869985	0.0065360758682557986	0.017544167436134194	0.005882491349480969	0.0053475935828877	0.0046949018051973814	0.015625	0.005102092877967514	0.025	0.004831011225466171
mk	0.03225806451612903	0.009615477071005917	0.14285714285714285	0.015873015873015872	0.005882456747404845	0.003816837596876639	0.005681979629390496	0.0035336812920750784	0.0036764976211072667	0.003676524653979239	0.004255464010864645	0.006451821061394381	0.006097746876859013	0.004975223385559763	0.0038024982723618957	0.0040817992503123695	0.004651249323958897	0.007692544378698225	0.003476809180621025	0.009708832123668583	0.01851920438957476	0.003984079617783845	0.003937054374108748	0.003703909465020576	0.005347707969916211	0.003937255890011781	0.006060826446280991	0.01851954732510288	0.005376430801248699	0.0047848950344543395	0.004000208	0.01694972708991669	0.004761995464852608	0.02631578947368421	0.0042196585483095655
ml	0.041666666666666664	0.011904903628117915	0.14287755102040817	0.017543859649122806	0.0072464818315479945	0.004807784763313609	0.007874387748775498	0.004386061095721761	0.004545495867768595	0.0046297153635116595	0.0056498132720482624	0.006802906242769217	0.00775211826212367	0.005848090010601553	0.004695012012607728	0.004975322417761937	0.0054945356840961235	0.008849557522123894	0.009708832123668583	0.004361839591491563	0.016667500000000002	0.004975124378109453	0.004950519556906186	0.004694989971125658	0.006711499482005315	0.004926326773277682	0.007299429911023496	0.01818214876033058	0.006451821061436046	0.006289387286895297	0.005263324099722991	0.014084507042253521	0.005813953488372093	0.024390243902439025	0.005319346989588049
mr	0.05000249999999999	0.02174007561436673	0.16666666666666666	0.029411764705882353	0.01449317370300357	0.01098901098901099	0.014085300535608013	0.010526426592797785	0.010752803792345937	0.01086968336483932	0.011764705882352941	0.012987350312025636	0.014084903987502676	0.012048337930033388	0.01149451710926146	0.010870274102079394	0.011363636363636364	0.01587326782564878	0.01851920438957476	0.016667500000000002	0.010561564197166157	0.011363636363636364	0.011363636363636364	0.011111358024691357	0.013513878743608472	0.011494781344959702	0.014925818667854755	0.029411764705882353	0.012048192771084338	0.01282084155161078	0.01149451710926146	0.020408579758433985	0.011236460042923871	0.03225806451612903	0.010989614901702815
nl	0.02040816326530612	0.005347622179644828	0.14285714285714285	0.010416666666666666	0.0023148148148148147	0.0007622044170136821	0.002702753834915997	0.0006592348918367048	0.0007734041770518747	0.0007716257781540538	0.001288678062559783	0.0030395506323851406	0.002551039931278634	0.0017301097927467342	0.0007943183976087021	0.0010787917084143551	0.001432695546424085	0.004464285714285714	0.003984079617783845	0.004975124378109453	0.011363636363636364	0.0006350508820625462	0.000847466245331801	0.0008467737512018183	0.0025575512980684323	0.0009225662470554589	0.00258403942070789	0.012345679012345678	0.0021367977938490756	0.0016077428893415077	0.001076473771234506	0.008695652173913044	0.0017482853684776761	0.022222222222222223	0.001253206642860283
pl	0.02040816326530612	0.005319177229515618	0.125	0.010309278350515464	0.0023529633217993077	0.0005787107365612139	0.0025974228369033564	0.00047850575948398563	0.0006222895398902358	0.0006357521586660462	0.001204829438234867	0.0030121207722456087	0.002445005708956785	0.001697795751770576	0.0006574872672352565	0.0009506146196272891	0.001373650906444347	0.004366812227074236	0.003937054374108748	0.004950519556906186	0.011363636363636364	0.000847466245331801	0.0004505056768914283	0.0007231023977238322	0.002475278159004019	0.0007943240787063872	0.0025000124999999995	0.012195419393218321	0.002118657533754668	0.0014903262919192164	0.0010417089865462233	0.008772083718067097	0.0016778664249358134	0.022727272727272728	0.0011481609878717333
pt	0.02040816326530612	0.005235656917299416	0.125	0.01	0.002222301239506172	0.00065619898078685	0.0025190439695702655	0.0005212443568589944	0.0006250324246093747	0.0006584089039400417	0.0011534597419943615	0.002801261681143046	0.0023981678024486888	0.0015699178621333808	0.0006515905968279773	0.0009243647785532702	0.0012788721391180074	0.004291900753375454	0.003703909465020576	0.004694989971125658	0.011111358024691357	0.0008467737512018183	0.0007231023977238322	0.0005126490422046119	0.002283209274201956	0.0007881965944325518	0.0023810544274376413	0.011764982698961937	0.0019570582258799556	0.001466346617248305	0.0009873256987923042	0.00847457627118644	0.0015361738197880604	0.022727272727272728	0.001093167369598378
ro	0.022727789256198346	0.008264462809917356	0.125	0.012987012987012988	0.003968301209372638	0.00232559221200649	0.004098427841977963	0.002178725186419278	0.00232020176463305	0.0022883766475187074	0.002824898656197134	0.004629651063100137	0.004166701388888889	0.003355704697986577	0.0024097140368703734	0.0027027830533235936	0.002890240235223362	0.005847953216374269	0.005347707969916211	0.006711499482005315	0.013513878743608472	0.0025575512980684323	0.002475278159004019	0.002283209274201956	0.0021199060577692538	0.0024331669833827646	0.004329079290118252	0.015384852071005919	0.0037174997581570185	0.003125009765625	0.0026738754325259513	0.012345679012345678	0.003300362709538281	0.023809523809523808	0.0028170204483237453
ru	0.020408996251561846	0.005319290402897238	0.125	0.010204185755935027	0.00236969070775589	0.0007102651059489599	0.0026811376564195816	0.0005629179020957883	0.000719475701568241	0.000743064606154054	0.0012854329603987577	0.0030213214647547937	0.002531754532927415	0.0016921075065634832	0.0007560276176730228	0.0010440538657127568	0.0013851796813253426	0.0045045653761869985	0.003937255890011781	0.004926326773277682	0.011494781344959702	0.0009225662470554589	0.0007943240787063872	0.0007881965944325518	0.0024331669833827646	0.0005316342177570027	0.0025001	0.011905045351473922	0.002164656776484698	0.0015129623066870207	0.001102708468621489	0.008547154649718752	0.001689294769223086	0.022222222222222223	0.0012394614702026425
sh	0.02564102564102564	0.006451696149843913	0.16666666666666666	0.013513513513513514	0.004273522536343049	0.002457050751891046	0.00458724013130208	0.0022076175996179497	0.0023696907077558906	0.0024097256553926544	0.002907010546241212	0.005025150880028282	0.004566314297033006	0.0033784012052593135	0.0024511005382545172	0.002747441439741577	0.0029762967687074825	0.0065360758682557986	0.006060826446280991	0.007299429911023496	0.014925818667854755	0.00258403942070789	0.0025000124999999995	0.0023810544274376413	0.004329079290118252	0.0025001	0.002142285746478863	0.014925373134328358	0.0038169250189382907	0.0024155172816168404	0.00271020336954047	0.012048337930033388	0.00348440554091952	0.023809523809523808	0.0029072133839321934
si	0.05555555555555555	0.02127704843820733	0.16666666666666666	0.02702702702702703	0.01639344262295082	0.011904761904761904	0.015873015873015872	0.011364023889592071	0.011627906976744186	0.011765259515570933	0.0125	0.01449317370300357	0.016393980112872884	0.013157894736842105	0.012658388078833521	0.011904903628117915	0.01250015625	0.017544167436134194	0.01851954732510288	0.01818214876033058	0.029411764705882353	0.012345679012345678	0.012195419393218321	0.011764982698961937	0.015384852071005919	0.011905045351473922	0.014925373134328358	0.011386929338156321	0.013333866666666664	0.013157894736842105	0.01250046875	0.027777777777777776	0.012821006081689842	0.03571428571428571	0.01176484429065744
simple	0.02564102564102564	0.007353103373702421	0.14285714285714285	0.012345679012345678	0.003508784241305017	0.0020366972096515275	0.003876074184258758	0.0017700117597305974	0.001968546562093124	0.0019380445999376537	0.0023585239409042364	0.004115344883063218	0.003984095490547769	0.003021211927601975	0.0020326277389450718	0.002150630135275754	0.0023867088932052107	0.005882491349480969	0.005376430801248699	0.006451821061436046	0.012048192771084338	0.0021367977938490756	0.002118657533754668	0.0019570582258799556	0.0037174997581570185	0.002164656776484698	0.0038169250189382907	0.013333866666666664	0.0017571693341650728	0.002967403076543775	0.0022422479840736786	0.01098901098901099	0.002809036106552203	0.023255813953488372	0.0022677536777371567
sr	0.021739130434782608	0.006060642791551883	0.125	0.012195121951219513	0.0032573396004201634	0.0014285795918367345	0.00353360636292125	0.0012438367877651536	0.0013831392557137633	0.0014430305945457458	0.0019455442171720995	0.003861108212459563	0.0034014762367532048	0.002415517281616841	0.001455648572257923	0.0017731156663397208	0.002040862140774677	0.0053475935828877	0.0047848950344543395	0.006289387286895297	0.01282084155161078	0.0016077428893415077	0.0014903262919192164	0.001466346617248305	0.003125009765625	0.0015129623066870207	0.0024155172816168404	0.013157894736842105	0.002967403076543775	0.0012147286656182248	0.0017857876275510197	0.01020408163265306	0.0025380903978458606	0.023255813953488372	0.0019121336311689067
sv	0.02083376736111111	0.005525136656390221	0.14285714285714285	0.010869565217391304	0.0024155056127330857	0.0009425346067098326	0.002809170251546522	0.000823863023786195	0.0009354904490090223	0.0009329498322340024	0.0013889506172839502	0.003174724111866969	0.0027934131269311195	0.0018797522506925207	0.000982452415465627	0.0011864127269608476	0.0015315084836389468	0.0046949018051973814	0.004000208	0.005263324099722991	0.01149451710926146	0.001076473771234506	0.0010417089865462233	0.0009873256987923042	0.0026738754325259513	0.001102708468621489	0.00271020336954047	0.01250046875	0.0022422479840736786	0.0017857876275510197	0.0008127803800311676	0.00925943072702332	0.0019194779012750463	0.022222222222222223	0.001406764571620174
te	0.047619047619047616	0.019230769230769232	0.25	0.02631578947368421	0.013333333333333334	0.008403361344537815	0.012345831428135955	0.008000064	0.008333333333333333	0.008474719908072394	0.00925934499314129	0.010869565217391304	0.011628042184964847	0.009901088128614842	0.008695727788279773	0.008771929824561403	0.009708737864077669	0.015625	0.01694972708991669	0.014084507042253521	0.020408579758433985	0.008695652173913044	0.008772083718067097	0.00847457627118644	0.012345679012345678	0.008547154649718752	0.012048337930033388	0.027777777777777776	0.01098901098901099	0.01020408163265306	0.00925943072702332	0.008007622854854728	0.009901088128614842	0.04	0.00884963583679223
vi	0.023810090702947845	0.006622648129468005	0.14285714285714285	0.011494252873563218	0.0034247044473634833	0.001592366830297375	0.0035715178571428573	0.0013532568826322361	0.0014992616135710254	0.0015267641745819005	0.00200807648666957	0.0035843064708829535	0.003546137027815503	0.002403869267751479	0.0016077583978660267	0.0018083902108832635	0.002057663973987705	0.005102092877967514	0.004761995464852608	0.005813953488372093	0.011236460042923871	0.0017482853684776761	0.0016778664249358134	0.0015361738197880604	0.003300362709538281	0.001689294769223086	0.00348440554091952	0.012821006081689842	0.002809036106552203	0.0025380903978458606	0.0019194779012750463	0.009901088128614842	0.0013527130480000097	0.022727272727272728	0.0018976736386909533
war	0.07142857142857142	0.027777777777777776	0.16666666666666666	0.034482758620689655	0.023809523809523808	0.022222222222222223	0.023255813953488372	0.022222222222222223	0.022222222222222223	0.022222222222222223	0.023809523809523808	0.024390243902439025	0.024390243902439025	0.023255813953488372	0.022727272727272728	0.022222222222222223	0.022727272727272728	0.025	0.02631578947368421	0.024390243902439025	0.03225806451612903	0.022222222222222223	0.022727272727272728	0.022727272727272728	0.023809523809523808	0.022222222222222223	0.023809523809523808	0.03571428571428571	0.023255813953488372	0.023255813953488372	0.022222222222222223	0.04	0.022727272727272728	0.022223703703703704	0.022222222222222223
zh	0.021739130434782608	0.005714514285714286	0.14285714285714285	0.010869565217391304	0.002564168310322156	0.0010953718348451049	0.002898760789750052	0.0008875429787155486	0.0010384712050974308	0.0010777650571805785	0.0015315155261755745	0.003174845069286974	0.002890348842268368	0.0020704962557171577	0.001084815188854277	0.0012807098355681799	0.0016209268326665594	0.004831011225466171	0.0042196585483095655	0.005319346989588049	0.010989614901702815	0.001253206642860283	0.0011481609878717333	0.001093167369598378	0.0028170204483237453	0.0012394614702026425	0.0029072133839321934	0.01176484429065744	0.0022677536777371567	0.0019121336311689067	0.001406764571620174	0.00884963583679223	0.0018976736386909533	0.022222222222222223	0.0008976090782518201
