arz	bs	ceb	ckb	da	de	el	en	es	fr	he	hi	hu	id	it	ja	ko	lv	mk	ml	mr	nl	pl	pt	ro	ru	sh	si	simple	sr	sv	te	vi	war	zh
arz	1.0	0.20386840968093525	1.0	0.38742588672279304	0.17411239489546831	0.13579648178933995	0.1512290518085545	0.12027370322216947	0.1482675827043134	0.1261029973423737	0.15548737703860027	0.13811158695149706	0.16736577623297264	0.1609744684218075	0.09759314798169781	0.08193500973790999	0.12026464053300122	0.19329916803145003	0.16666666666666666	0.2632403810669918	0.19109139085905577	0.14732056773523425	0.15438708879488486	0.12219988139184167	0.1495560487557915	0.09808999732294192	0.15776505912784203	0.2766967754673749	0.1482675827043134	0.1583512993162321	0.13004672183153887	0.30216947925196225	0.15105458728718502	0.5	0.08577196139705179
bs	0.20386840968093525	1.0	0.3797958971132712	0.10300534946648669	0.010861022794717502	0.0070017728112542615	0.011489279941217723	0.010475338765522537	0.006857028817825488	0.00828822117832062	0.00866342702339073	0.01264638437624754	0.012438630631631973	0.008917065828111526	0.01085277272998573	0.012663945124920372	0.009035858714978069	0.018130076664241258	0.016494629270236746	0.034651874720257485	0.04717034033592983	0.007073836317823104	0.007323680202393593	0.01206277445581459	0.012777420999219616	0.013408102291435598	0.010334431592010106	0.0452134222429259	0.010432202215911493	0.008502782515754608	0.01311850859118085	0.10886898139200682	0.009247776185332436	0.1757340838011157	0.016045088150974374
ceb	1.0	0.3797958971132712	1.0	0.3797958971132712	0.4364916731037085	0.3333333333333333	0.3797958971132712	0.3333333333333333	0.3333333333333333	0.3333333333333333	0.3333333333333333	0.3333333333333333	0.3797958971132712	0.3333333333333333	0.36602540378443865	0.3333333333333333	0.3333333333333333	0.4364916731037085	0.3797958971132712	0.3950325357559503	0.44948974278317805	0.36602540378443865	0.3333333333333333	0.3090169943749474	0.3333333333333333	0.3333333333333333	0.4364916731037085	0.3797958971132712	0.3797958971132712	0.3333333333333333	0.3483314773547883	0.585786437626905	0.3797958971132712	0.4364916731037085	0.3797958971132712
ckb	0.38742588672279304	0.10300534946648669	0.3797958971132712	1.0	0.13015219584552232	0.1170974735623585	0.07231619811764171	0.038818523193186905	0.11301265260956161	0.08378807823257643	0.07987508429967627	0.08736364679929648	0.10320904159048837	0.12153007116878985	0.052683862850356505	0.03086629343979778	0.06636715838207037	0.092749326852905	0.0737445147581377	0.08260670980358409	0.08270931562630669	0.12027370322216947	0.12550542596546663	0.03275102159463806	0.08914537543090754	0.030668506750633668	0.09104715629643201	0.13828122551400807	0.07813319106994172	0.11965249346370284	0.04466661675311517	0.21239994067041815	0.09481441172405872	0.3726822671238253	0.015704665949794187
da	0.17411239489546831	0.010861022794717502	0.4364916731037085	0.13015219584552232	1.0	0.003713240332816806	0.0064003848834223	0.005465023730527627	0.003500353768681046	0.004704331157443114	0.0046095571483333615	0.007209113568088539	0.005873899340793252	0.007128549399604908	0.005046522718399014	0.005141644194590239	0.005019697848788155	0.011911218179640208	0.008418675659645656	0.01195782500797022	0.020186583280970293	0.003620024041271401	0.0038882771315637997	0.005209720663336927	0.008500845847522472	0.005455926619164882	0.006064980422257053	0.027194754241106733	0.005034268869055843	0.005534563715847822	0.004986847760771117	0.09256635905911648	0.005675445045975956	0.25	0.005487248115917412
de	0.13579648178933995	0.0070017728112542615	0.3333333333333333	0.1170974735623585	0.003713240332816806	1.0	0.0033578703170268377	0.003815865773360155	0.0040720142893993765	0.004018670536089696	0.0032220311400361678	0.0037587133394672784	0.0032685331114025765	0.0028500681792638714	0.0038534443710797088	0.003420897374867137	0.0031666460147756165	0.0073423865956984465	0.004985858670068487	0.006410314714325529	0.015126081679536087	0.0030544895846061175	0.0033971459154655092	0.003769799048897367	0.0034949182903980043	0.004083981678618765	0.0033475917907278704	0.018148368906852296	0.0032534177447166948	0.003025240295082788	0.0034283422695741517	0.03886997882381908	0.003124812065362148	0.28172904669025317	0.003446105204328202
el	0.1512290518085545	0.011489279941217723	0.3797958971132712	0.07231619811764171	0.0064003848834223	0.0033578703170268377	1.0	0.014568745657829844	0.0032912607159800433	0.008790198037818966	0.005925891768106608	0.009752556294936402	0.007964506141969332	0.004947992375260862	0.014470502585401874	0.01318051566475658	0.007593020938799683	0.009844655287583812	0.01069701824998673	0.01346662969856601	0.02053272232373597	0.0034884237243408434	0.0033651779592357815	0.01480901802618865	0.006382541546041384	0.013041937134332448	0.009240874660929635	0.0268658311494169	0.008216316065499624	0.005765251651123022	0.011856532477107912	0.06277211725992586	0.007314909020727956	0.1550442730792852	0.017655255736528982
en	0.12027370322216947	0.010475338765522537	0.3333333333333333	0.038818523193186905	0.005465023730527627	0.003815865773360155	0.014568745657829844	1.0	0.003992871521201169	0.004439796590613092	0.00819246242807146	0.011710060118789656	0.0116490364252132	0.005336570989572001	0.004843870477121174	0.006652354217992303	0.012292654294071037	0.008208387672429922	0.012194133566113962	0.01078569148926622	0.014436836105044454	0.0038885521042953328	0.003768392001154824	0.0054647522025101074	0.006807897209286977	0.005534782622700281	0.011058464600141836	0.017587560798303137	0.012854116592888477	0.008027010493862683	0.009107772085641114	0.021600522470209285	0.009473162486938158	0.2204812092115424	0.008575611589636364
es	0.1482675827043134	0.006857028817825488	0.3333333333333333	0.11301265260956161	0.003500353768681046	0.0040720142893993765	0.0032912607159800433	0.003992871521201169	1.0	0.003967596445000424	0.0030811331257284955	0.0036200515539273124	0.0034560762485040713	0.0027709229540967832	0.003817936108751905	0.0036489723495199493	0.002954013122128489	0.006519303988923809	0.004761263755433261	0.006135271797499488	0.014744702491825575	0.003071026750558614	0.003251962052623406	0.003647492128941945	0.0033948742263767173	0.0037979940606169145	0.003250567622001348	0.017568450696509814	0.002984633801417866	0.0028841452369890858	0.003485776824054206	0.0369924276459396	0.002865147143500562	0.32037724101704074	0.0033264178864033608
fr	0.1261029973423737	0.00828822117832062	0.3333333333333333	0.08378807823257643	0.004704331157443114	0.004018670536089696	0.008790198037818966	0.004439796590613092	0.003967596445000424	1.0	0.008725354089897682	0.00808814906838852	0.007943908164033717	0.00492366351062574	0.005500783865748807	0.00748815188145996	0.011557001496700647	0.007752804318533599	0.00796668238639268	0.007767466477529694	0.014856649978702703	0.004331394311188169	0.003957516851062377	0.005978963554152273	0.005794434059504639	0.006935853308421519	0.007755107798549215	0.018031118727472817	0.008443057660204792	0.007048787701826522	0.00970201182374504	0.03330247487313678	0.008455689336936639	0.28172904669025317	0.009602026634367504
he	0.15548737703860027	0.00866342702339073	0.3333333333333333	0.07987508429967627	0.0046095571483333615	0.0032220311400361678	0.005925891768106608	0.00819246242807146	0.0030811331257284955	0.008725354089897682	1.0	0.005778284681423279	0.005712648579857625	0.004117225191618202	0.00929275241864249	0.008414022965690705	0.00716482694590628	0.0084456942428943	0.006493843232176545	0.008192159548467597	0.01588111361269444	0.003264901827203127	0.003104710448153747	0.008555612395004901	0.005140279324968892	0.00922181494579491	0.00564662735071332	0.020525462248592235	0.006432794060136265	0.005103493091851197	0.00833806649589555	0.04441598428598266	0.005307021108155024	0.28708594921778513	0.007682930800931924
hi	0.13811158695149706	0.01264638437624754	0.3333333333333333	0.08736364679929648	0.007209113568088539	0.0037587133394672784	0.009752556294936402	0.011710060118789656	0.0036200515539273124	0.00808814906838852	0.005778284681423279	1.0	0.00875328363441145	0.004853059165918343	0.01181844483039645	0.015056462692337335	0.007825115953348527	0.011823559134135204	0.011380551892948353	0.011948034482941265	0.018438449349234616	0.00396938000549712	0.004033207569959855	0.012431880033502016	0.007154830178659072	0.013634541867001335	0.008982897069928166	0.02357983068600024	0.00838836901367888	0.006379288872162235	0.014387530822340408	0.04393932645979627	0.006742160864372526	0.2303268468157938	0.015903840466696555
hu	0.16736577623297264	0.012438630631631973	0.3797958971132712	0.10320904159048837	0.005873899340793252	0.0032685331114025765	0.007964506141969332	0.0116490364252132	0.0034560762485040713	0.007943908164033717	0.005712648579857625	0.00875328363441145	1.0	0.004964403163512434	0.010685513341017142	0.010648744038341389	0.007917046264383451	0.013986877328429907	0.009034261012726981	0.013988431880917728	0.02069654007593446	0.0034964688097952373	0.0033573585346088107	0.01150181209134719	0.006882508381648355	0.012113253055207529	0.00820106514104042	0.029234718043743554	0.007750256767727075	0.00569166819993287	0.011237840777871115	0.05981147995942468	0.006574591325582439	0.16574888863755477	0.012646291848804555
id	0.1609744684218075	0.008917065828111526	0.3333333333333333	0.12153007116878985	0.007128549399604908	0.0028500681792638714	0.004947992375260862	0.005336570989572001	0.0027709229540967832	0.00492366351062574	0.004117225191618202	0.004853059165918343	0.004964403163512434	1.0	0.005299403458924605	0.0046175137368255825	0.004654883257440379	0.011681462680778536	0.007007748028915609	0.008493465190480743	0.0161620197506266	0.0030749161656387952	0.0031274183042209014	0.005467913853772322	0.006186104218824513	0.005432388247890287	0.004942190044689018	0.021847555342090867	0.004167038784232873	0.004245413337431206	0.004887332719899605	0.06617116708854079	0.004156615831174712	0.3203772410170407	0.004828316438336874
it	0.09759314798169781	0.01085277272998573	0.36602540378443865	0.052683862850356505	0.005046522718399014	0.0038534443710797088	0.014470502585401874	0.004843870477121174	0.003817936108751905	0.005500783865748807	0.00929275241864249	0.01181844483039645	0.010685513341017142	0.005299403458924605	1.0	0.009053173439900097	0.011671998194049555	0.008546359546815083	0.0112537474819406	0.011156386851513172	0.016767697582421377	0.00389395816070429	0.003575770387288774	0.006023929392399404	0.006689815460765052	0.007296993171117141	0.011530367760989698	0.019933627995595126	0.011748357406027182	0.007627735221232162	0.009284220676841171	0.031684297730014285	0.009693293870599204	0.1774053291584318	0.009708913164775599
ja	0.08193500973790999	0.012663945124920372	0.3333333333333333	0.03086629343979778	0.005141644194590239	0.003420897374867137	0.01318051566475658	0.006652354217992303	0.0036489723495199493	0.00748815188145996	0.008414022965690705	0.015056462692337335	0.010648744038341389	0.0046175137368255825	0.009053173439900097	1.0	0.009962769558347795	0.008884703655339396	0.013299421391742802	0.013066526227425128	0.016237887099496327	0.0036724619258507894	0.003597437388707625	0.009536857639262488	0.006685308912360269	0.011295978008395921	0.010936277967920943	0.01817084673221225	0.011612352476276585	0.006804391712628302	0.010883526343417148	0.017589126138963233	0.008707350237589014	0.14146178098635465	0.011359747153542153
ko	0.12026464053300122	0.009035858714978069	0.3333333333333333	0.06636715838207037	0.005019697848788155	0.0031666460147756165	0.007593020938799683	0.012292654294071037	0.002954013122128489	0.011557001496700647	0.00716482694590628	0.007825115953348527	0.007917046264383451	0.004654883257440379	0.011671998194049555	0.009962769558347795	1.0	0.008619803347772603	0.008472092540571111	0.008821380447824982	0.016125517555802805	0.0031725037480471647	0.0029424700813106964	0.012021745890754946	0.005919351319960838	0.01131751629179496	0.007056812575369624	0.019998349561492167	0.007872201577487728	0.00560356400188282	0.013135451951758206	0.04550273051710855	0.007993401339161783	0.1975496259559987	0.009565648760555932
lv	0.19329916803145003	0.018130076664241258	0.4364916731037085	0.092749326852905	0.011911218179640208	0.0073423865956984465	0.009844655287583812	0.008208387672429922	0.006519303988923809	0.007752804318533599	0.0084456942428943	0.011823559134135204	0.013986877328429907	0.011681462680778536	0.008546359546815083	0.008884703655339396	0.008619803347772603	1.0	0.011383735952345986	0.015854217957810224	0.023631804805896606	0.007092461907678371	0.0069271941633574675	0.008405172757398854	0.018227138304114973	0.009058919311910812	0.011389765445349542	0.033538241157007875	0.011300526609203998	0.010684307285982499	0.008585909004796348	0.08506397094291707	0.009527518884935506	0.17192062304130265	0.00860729204740642
mk	0.16666666666666666	0.016494629270236746	0.3797958971132712	0.0737445147581377	0.008418675659645656	0.004985858670068487	0.01069701824998673	0.012194133566113962	0.004761263755433261	0.00796668238639268	0.006493843232176545	0.011380551892948353	0.009034261012726981	0.007007748028915609	0.0112537474819406	0.013299421391742802	0.008472092540571111	0.011383735952345986	1.0	0.019010420643173105	0.030116777385941373	0.005219598861028367	0.005187822511086045	0.014223516887788735	0.007390034995717329	0.017057741595490093	0.010198990715259903	0.03426743911424948	0.01010865386260415	0.006301615742224818	0.011996440144383693	0.057412603802246415	0.0069355515818422635	0.1370210657559585	0.016978251499842584
ml	0.2632403810669918	0.034651874720257485	0.3950325357559503	0.08260670980358409	0.01195782500797022	0.006410314714325529	0.01346662969856601	0.01078569148926622	0.006135271797499488	0.007767466477529694	0.008192159548467597	0.011948034482941265	0.013988431880917728	0.008493465190480743	0.011156386851513172	0.013066526227425128	0.008821380447824982	0.015854217957810224	0.019010420643173105	1.0	0.025504645807445922	0.006807166634557741	0.006959332005720767	0.010630815148273954	0.010874715685904741	0.01208142859839488	0.013236150049362277	0.030933412033778633	0.010618355565078258	0.009449844852883632	0.011222669511360688	0.06524777312809896	0.008632514251725943	0.12955308758970677	0.014704035959767684
mr	0.19109139085905577	0.04717034033592983	0.44948974278317805	0.08270931562630669	0.020186583280970293	0.015126081679536087	0.02053272232373597	0.014436836105044454	0.014744702491825575	0.014856649978702703	0.01588111361269444	0.018438449349234616	0.02069654007593446	0.0161620197506266	0.016767697582421377	0.016237887099496327	0.016125517555802805	0.023631804805896606	0.030116777385941373	0.025504645807445922	1.0	0.015919514426129277	0.015657733659567526	0.01593136918449653	0.01924335859836907	0.016356547977478215	0.022786395983147655	0.0830787495628963	0.017035485453305115	0.017163419814915815	0.016173556811788763	0.04287958643746377	0.015751407947087123	0.10588809008582958	0.01974448001331072
nl	0.14732056773523425	0.007073836317823104	0.36602540378443865	0.12027370322216947	0.003620024041271401	0.0030544895846061175	0.0034884237243408434	0.0038885521042953328	0.003071026750558614	0.004331394311188169	0.003264901827203127	0.00396938000549712	0.0034964688097952373	0.0030749161656387952	0.00389395816070429	0.0036724619258507894	0.0031725037480471647	0.007092461907678371	0.005219598861028367	0.006807166634557741	0.015919514426129277	1.0	0.0029486744984838754	0.003985666454765052	0.0039880436213794515	0.0033981068023399537	0.0034171353524051194	0.018818917792678084	0.003236862851955143	0.0031715444273008367	0.003385753823664403	0.043983273408255426	0.002972399342388352	0.3203772410170407	0.003539095852004964
pl	0.15438708879488486	0.007323680202393593	0.3333333333333333	0.12550542596546663	0.0038882771315637997	0.0033971459154655092	0.0033651779592357815	0.003768392001154824	0.003251962052623406	0.003957516851062377	0.003104710448153747	0.004033207569959855	0.0033573585346088107	0.0031274183042209014	0.003575770387288774	0.003597437388707625	0.0029424700813106964	0.0069271941633574675	0.005187822511086045	0.006959332005720767	0.015657733659567526	0.0029486744984838754	1.0	0.004102533814010722	0.0037375641386544916	0.0036291057177553292	0.0033931578067315235	0.018530499256648663	0.003086011542485174	0.002995844669217842	0.0034932981310154547	0.04559306461594439	0.0029824506019741704	0.29429805508554946	0.0031855364621412715
pt	0.12219988139184167	0.01206277445581459	0.3090169943749474	0.03275102159463806	0.005209720663336927	0.003769799048897367	0.01480901802618865	0.0054647522025101074	0.003647492128941945	0.005978963554152273	0.008555612395004901	0.012431880033502016	0.01150181209134719	0.005467913853772322	0.006023929392399404	0.009536857639262488	0.012021745890754946	0.008405172757398854	0.014223516887788735	0.010630815148273954	0.01593136918449653	0.003985666454765052	0.004102533814010722	1.0	0.00664266096459678	0.007477435233927734	0.01232831974135895	0.017988336563487667	0.011897136486015172	0.006823110740638923	0.009563010888632248	0.015930300076896938	0.009106223139983093	0.14584445002217805	0.010015146244749463
ro	0.1495560487557915	0.012777420999219616	0.3333333333333333	0.08914537543090754	0.008500845847522472	0.0034949182903980043	0.006382541546041384	0.006807897209286977	0.0033948742263767173	0.005794434059504639	0.005140279324968892	0.007154830178659072	0.006882508381648355	0.006186104218824513	0.006689815460765052	0.006685308912360269	0.005919351319960838	0.018227138304114973	0.007390034995717329	0.010874715685904741	0.01924335859836907	0.0039880436213794515	0.0037375641386544916	0.00664266096459678	1.0	0.0065619488627258185	0.006748199413203989	0.02810249594180383	0.006008489153650187	0.005895945777928223	0.006623098421748996	0.08715526014922659	0.005518038706934275	0.3203772410170407	0.006232851175571051
ru	0.09808999732294192	0.013408102291435598	0.3333333333333333	0.030668506750633668	0.005455926619164882	0.004083981678618765	0.013041937134332448	0.005534782622700281	0.0037979940606169145	0.006935853308421519	0.00922181494579491	0.013634541867001335	0.012113253055207529	0.005432388247890287	0.007296993171117141	0.011295978008395921	0.01131751629179496	0.009058919311910812	0.017057741595490093	0.01208142859839488	0.016356547977478215	0.0033981068023399537	0.0036291057177553292	0.007477435233927734	0.0065619488627258185	1.0	0.011586341966558798	0.01906553690653202	0.011938214516191075	0.007494421993678299	0.010778462558516347	0.015486852225374296	0.008161709136100238	0.13218667517501048	0.011513122647809008
sh	0.15776505912784203	0.010334431592010106	0.4364916731037085	0.09104715629643201	0.006064980422257053	0.0033475917907278704	0.009240874660929635	0.011058464600141836	0.003250567622001348	0.007755107798549215	0.00564662735071332	0.008982897069928166	0.00820106514104042	0.004942190044689018	0.011530367760989698	0.010936277967920943	0.007056812575369624	0.011389765445349542	0.010198990715259903	0.013236150049362277	0.022786395983147655	0.0034171353524051194	0.0033931578067315235	0.01232831974135895	0.006748199413203989	0.011586341966558798	1.0	0.02730879774542267	0.008569223392343407	0.005696655543191872	0.011235257491053276	0.06420839622886884	0.006502100700152074	0.14257458343761814	0.01101072639509176
si	0.2766967754673749	0.0452134222429259	0.3797958971132712	0.13828122551400807	0.027194754241106733	0.018148368906852296	0.0268658311494169	0.017587560798303137	0.017568450696509814	0.018031118727472817	0.020525462248592235	0.02357983068600024	0.029234718043743554	0.021847555342090867	0.019933627995595126	0.01817084673221225	0.019998349561492167	0.033538241157007875	0.03426743911424948	0.030933412033778633	0.0830787495628963	0.018818917792678084	0.018530499256648663	0.017988336563487667	0.02810249594180383	0.01906553690653202	0.02730879774542267	1.0	0.021337122398280367	0.021310639539162488	0.019557903940339242	0.11797140723146628	0.019605261834047035	0.11258799812216316	0.021650277927751056
simple	0.1482675827043134	0.010432202215911493	0.3797958971132712	0.07813319106994172	0.005034268869055843	0.0032534177447166948	0.008216316065499624	0.012854116592888477	0.002984633801417866	0.008443057660204792	0.006432794060136265	0.00838836901367888	0.007750256767727075	0.004167038784232873	0.011748357406027182	0.011612352476276585	0.007872201577487728	0.011300526609203998	0.01010865386260415	0.010618355565078258	0.017035485453305115	0.003236862851955143	0.003086011542485174	0.011897136486015172	0.006008489153650187	0.011938214516191075	0.008569223392343407	0.021337122398280367	1.0	0.0057090924896539925	0.010299444783524873	0.06535551374662191	0.006941272591036353	0.19636040545626823	0.011062602363782622
sr	0.1583512993162321	0.008502782515754608	0.3333333333333333	0.11965249346370284	0.005534563715847822	0.003025240295082788	0.005765251651123022	0.008027010493862683	0.0028841452369890858	0.007048787701826522	0.005103493091851197	0.006379288872162235	0.00569166819993287	0.004245413337431206	0.007627735221232162	0.006804391712628302	0.00560356400188282	0.010684307285982499	0.006301615742224818	0.009449844852883632	0.017163419814915815	0.0031715444273008367	0.002995844669217842	0.006823110740638923	0.005895945777928223	0.007494421993678299	0.005696655543191872	0.021310639539162488	0.0057090924896539925	1.0	0.006923009378596705	0.06116039029587117	0.005321815324298266	0.3660254037844386	0.006594081500423167
sv	0.13004672183153887	0.01311850859118085	0.3483314773547883	0.04466661675311517	0.004986847760771117	0.0034283422695741517	0.011856532477107912	0.009107772085641114	0.003485776824054206	0.00970201182374504	0.00833806649589555	0.014387530822340408	0.011237840777871115	0.004887332719899605	0.009284220676841171	0.010883526343417148	0.013135451951758206	0.008585909004796348	0.011996440144383693	0.011222669511360688	0.016173556811788763	0.003385753823664403	0.0034932981310154547	0.009563010888632248	0.006623098421748996	0.010778462558516347	0.011235257491053276	0.019557903940339242	0.010299444783524873	0.006923009378596705	1.0	0.02399820418237962	0.00973814938115072	0.1900332398552315	0.012014079193118737
te	0.30216947925196225	0.10886898139200682	0.585786437626905	0.21239994067041815	0.09256635905911648	0.03886997882381908	0.06277211725992586	0.021600522470209285	0.0369924276459396	0.03330247487313678	0.04441598428598266	0.04393932645979627	0.05981147995942468	0.06617116708854079	0.031684297730014285	0.017589126138963233	0.04550273051710855	0.08506397094291707	0.057412603802246415	0.06524777312809896	0.04287958643746377	0.043983273408255426	0.04559306461594439	0.015930300076896938	0.08715526014922659	0.015486852225374296	0.06420839622886884	0.11797140723146628	0.06535551374662191	0.06116039029587117	0.02399820418237962	1.0	0.0563454183575255	0.34833147735478825	0.012574063430031694
vi	0.15105458728718502	0.009247776185332436	0.3797958971132712	0.09481441172405872	0.005675445045975956	0.003124812065362148	0.007314909020727956	0.009473162486938158	0.002865147143500562	0.008455689336936639	0.005307021108155024	0.006742160864372526	0.006574591325582439	0.004156615831174712	0.009693293870599204	0.008707350237589014	0.007993401339161783	0.009527518884935506	0.0069355515818422635	0.008632514251725943	0.015751407947087123	0.002972399342388352	0.0029824506019741704	0.009106223139983093	0.005518038706934275	0.008161709136100238	0.006502100700152074	0.019605261834047035	0.006941272591036353	0.005321815324298266	0.00973814938115072	0.0563454183575255	1.0	0.2303268468157938	0.008989122379089762
war	0.5	0.1757340838011157	0.4364916731037085	0.3726822671238253	0.25	0.28172904669025317	0.1550442730792852	0.2204812092115424	0.32037724101704074	0.28172904669025317	0.28708594921778513	0.2303268468157938	0.16574888863755477	0.3203772410170407	0.1774053291584318	0.14146178098635465	0.1975496259559987	0.17192062304130265	0.1370210657559585	0.12955308758970677	0.10588809008582958	0.3203772410170407	0.29429805508554946	0.14584445002217805	0.3203772410170407	0.13218667517501048	0.14257458343761814	0.11258799812216316	0.19636040545626823	0.3660254037844386	0.1900332398552315	0.34833147735478825	0.2303268468157938	1.0	0.10356116690813298
zh	0.08577196139705179	0.016045088150974374	0.3797958971132712	0.015704665949794187	0.005487248115917412	0.003446105204328202	0.017655255736528982	0.008575611589636364	0.0033264178864033608	0.009602026634367504	0.007682930800931924	0.015903840466696555	0.012646291848804555	0.004828316438336874	0.009708913164775599	0.011359747153542153	0.009565648760555932	0.00860729204740642	0.016978251499842584	0.014704035959767684	0.01974448001331072	0.003539095852004964	0.0031855364621412715	0.010015146244749463	0.006232851175571051	0.011513122647809008	0.01101072639509176	0.021650277927751056	0.011062602363782622	0.006594081500423167	0.012014079193118737	0.012574063430031694	0.008989122379089762	0.10356116690813298	1.0
