arz	bs	ceb	ckb	da	de	el	en	es	fr	he	hi	hu	id	it	ja	ko	lv	mk	ml	mr	nl	pl	pt	ro	ru	sh	si	simple	sr	sv	te	vi	war	zh
arz	1.0	0.0	0.0	0.0	1.0	1.0	1.0	1.0	1.0	1.0	1.0	1.0	1.0	1.0	1.0	1.0	1.0	1.0	0.0	1.0	0.0	1.0	1.0	1.0	1.0	1.0	1.0	0.0	1.0	1.0	1.0	0.0	1.0	0.0	1.0
bs	0.0	1.0	1.0	1.0	0.7376607345031153	0.7248485669756152	0.7411828468492556	0.7234532828151788	0.661251134120194	0.661251134120194	0.7322034805959263	1.0	0.7322034805959263	0.7300208629885035	0.6638546162332061	0.728099120889861	0.7347168825662656	1.0	0.7584325078215763	0.7455134344225701	1.0	0.6589257440209708	0.6667969795412325	0.728099120889861	0.7322034805959263	0.6589257440209708	0.7322034805959263	1.0	0.7411828468492556	0.7347168825662656	0.728099120889861	0.0	0.7411828468492556	1.0	0.6638546162332061
ceb	0.0	1.0	1.0	0.0	0.0	1.0	1.0	1.0	1.0	1.0	1.0	0.0	0.0	1.0	1.0	1.0	1.0	0.0	0.0	0.0	0.0	1.0	1.0	1.0	1.0	1.0	0.0	0.0	0.0	1.0	1.0	0.0	1.0	0.0	1.0
ckb	0.0	1.0	0.0	1.0	1.0	0.7690990303325336	1.0	0.7455134344225701	1.0	1.0	1.0	1.0	1.0	1.0	1.0	1.0	1.0	1.0	1.0	1.0	1.0	1.0	1.0	1.0	1.0	1.0	1.0	1.0	1.0	1.0	1.0	0.0	1.0	1.0	1.0
da	1.0	0.7376607345031153	0.0	1.0	1.0	0.46549421475265784	1.0	0.5266194291299987	0.5924658130616858	0.592465813061686	1.0	1.0	1.0	0.6463474082678703	0.5852532531850111	0.7128329397683222	0.7141080454298697	1.0	1.0	1.0	1.0	0.7096516635440984	0.7101264857596848	0.5497405758583842	1.0	0.7096516635440984	1.0	1.0	1.0	1.0	0.582768840582441	0.0	1.0	1.0	1.0
de	1.0	0.7248485669756152	1.0	0.7690990303325336	0.46549421475265784	1.0	1.0	0.22118478535991862	0.2795040766278986	0.30429642742948304	0.5814403037423782	0.7263875964832449	0.6319047773571784	0.42287977475349875	0.34999396346264733	0.49526389623879424	0.4389820041457178	1.0	1.0	1.0	1.0	0.36524797627603445	0.39182984693094725	0.2983972000021854	0.5005335281438877	0.409562546825081	0.7116768074483948	1.0	0.6423162003593037	0.5263245255014596	0.3450802086782941	1.0	0.7075325319701226	0.7690990303325336	0.4471485514855435
el	1.0	0.7411828468492556	1.0	1.0	1.0	1.0	1.0	1.0	1.0	1.0	1.0	1.0	1.0	0.7179915061657696	1.0	1.0	1.0	1.0	1.0	1.0	1.0	1.0	1.0	0.6052104383549939	1.0	1.0	1.0	1.0	1.0	1.0	1.0	0.0	1.0	0.7690990303325336	1.0
en	1.0	0.7234532828151788	1.0	0.7455134344225701	0.5266194291299987	0.22118478535991862	1.0	1.0	0.2583963624321308	0.25105591132694804	0.5776443487076616	1.0	0.5255402491359686	0.3880397126091634	0.2659058057816605	0.3993426852474006	0.35901473068225404	1.0	0.7263875964832448	1.0	1.0	0.33859798144081604	0.35229992578123487	0.2525585751276761	0.5818933927032195	0.3135297439650394	0.6364353709769035	1.0	0.6358400943144777	0.631819049930899	0.3532717123378968	1.0	0.5253229305258964	0.7690990303325336	0.4081678781818313
es	1.0	0.661251134120194	1.0	1.0	0.5924658130616858	0.2795040766278986	1.0	0.2583963624321308	1.0	0.3560407752540678	0.7034032621820069	0.7221793916855703	0.6301405350415427	0.42462305562263053	0.36490097924524645	0.49374878754595286	0.5203006251224404	1.0	1.0	0.7300208629885034	1.0	0.5346847121499364	0.4680108104706976	0.3748113525428326	0.6314395498907664	0.5704029020337203	0.6390933240567507	1.0	0.7122412578101113	1.0	0.5123037327235412	1.0	0.7079259635809066	0.7690990303325336	0.5153914388063479
fr	1.0	0.661251134120194	1.0	1.0	0.592465813061686	0.30429642742948304	1.0	0.25105591132694804	0.3560407752540678	1.0	0.7031439803509413	1.0	0.6314395498907667	0.5017794073006494	0.3903500840506817	0.5749636029460932	0.6257411679540748	1.0	1.0	1.0	1.0	0.4388078520480123	0.5223534285756518	0.4221093871570139	0.7101264857596848	0.5364384095075995	0.6414463581614515	1.0	0.6383829424521855	0.7101264857596847	0.5734417664556585	1.0	1.0	0.7690990303325336	0.5409639376672986
he	1.0	0.7322034805959263	1.0	1.0	1.0	0.5814403037423782	1.0	0.5776443487076616	0.7034032621820069	0.7031439803509413	1.0	1.0	1.0	0.6383829424521856	0.7071524664833438	1.0	1.0	1.0	1.0	1.0	1.0	1.0	0.7075325319701223	0.4996707975141854	1.0	1.0	1.0	1.0	0.7199285383279772	1.0	0.7075325319701222	0.0	1.0	1.0	1.0
hi	1.0	1.0	0.0	1.0	1.0	0.7263875964832449	1.0	1.0	0.7221793916855703	1.0	1.0	1.0	1.0	1.0	0.7221793916855704	1.0	1.0	1.0	1.0	1.0	1.0	1.0	1.0	1.0	1.0	1.0	1.0	1.0	1.0	1.0	1.0	0.0	1.0	1.0	1.0
hu	1.0	0.7322034805959263	0.0	1.0	1.0	0.6319047773571784	1.0	0.5255402491359686	0.6301405350415427	0.6314395498907667	1.0	1.0	1.0	0.636400415174357	0.7101264857596848	0.7134542832283586	0.7134542832283586	1.0	1.0	1.0	1.0	1.0	1.0	0.6323879565029842	1.0	1.0	1.0	1.0	1.0	1.0	1.0	0.0	1.0	0.7690990303325336	0.7116768074483948
id	1.0	0.7300208629885035	1.0	1.0	0.6463474082678703	0.42287977475349875	0.7179915061657696	0.3880397126091634	0.42462305562263053	0.5017794073006494	0.6383829424521856	1.0	0.636400415174357	1.0	0.43896185299348406	0.5553499690904082	0.5890337101170956	1.0	0.7322034805959263	1.0	1.0	0.49985719945825197	0.5099326087745558	0.5187249147454238	0.6037638397743439	0.47197175121814516	0.6357464214812708	1.0	0.5921593538295753	0.7122412578101113	0.5181986245995007	0.0	1.0	0.7690990303325336	0.5857084650013975
it	1.0	0.6638546162332061	1.0	1.0	0.5852532531850111	0.34999396346264733	1.0	0.2659058057816605	0.36490097924524645	0.3903500840506817	0.7071524664833438	0.7221793916855704	0.7101264857596848	0.43896185299348406	1.0	0.5451988153818974	0.49303411400737457	1.0	1.0	1.0	1.0	0.4857220709858452	0.6229474010225527	0.3878292262931331	0.7116768074483946	0.3855887685443561	0.588294384371153	1.0	0.5858104530884553	0.7111374370280844	0.4535539437420606	1.0	1.0	0.7690990303325336	0.48988982845456025
ja	1.0	0.728099120889861	1.0	1.0	0.7128329397683222	0.49526389623879424	1.0	0.3993426852474006	0.49374878754595286	0.5749636029460932	1.0	1.0	0.7134542832283586	0.5553499690904082	0.5451988153818974	1.0	1.0	1.0	1.0	1.0	1.0	0.6247292497053563	0.6268516359385989	0.48169566884213566	1.0	1.0	1.0	1.0	1.0	1.0	0.6268516359385989	1.0	1.0	0.7690990303325336	1.0
ko	1.0	0.7347168825662656	1.0	1.0	0.7141080454298697	0.4389820041457178	1.0	0.35901473068225404	0.5203006251224404	0.6257411679540748	1.0	1.0	0.7134542832283586	0.5890337101170956	0.49303411400737457	1.0	1.0	1.0	1.0	1.0	1.0	0.7039424865283899	0.703403262182007	0.47766504637871204	1.0	1.0	1.0	1.0	1.0	1.0	1.0	1.0	1.0	0.7690990303325336	1.0
lv	1.0	1.0	0.0	1.0	1.0	1.0	1.0	1.0	1.0	1.0	1.0	1.0	1.0	1.0	1.0	1.0	1.0	1.0	1.0	1.0	1.0	1.0	1.0	1.0	1.0	1.0	1.0	1.0	1.0	1.0	1.0	0.0	1.0	0.7690990303325336	1.0
mk	0.0	0.7584325078215763	0.0	1.0	1.0	1.0	1.0	0.7263875964832448	1.0	1.0	1.0	1.0	1.0	0.7322034805959263	1.0	1.0	1.0	1.0	1.0	1.0	1.0	1.0	1.0	1.0	1.0	1.0	1.0	1.0	1.0	1.0	1.0	0.0	1.0	1.0	1.0
ml	1.0	0.7455134344225701	0.0	1.0	1.0	1.0	1.0	1.0	0.7300208629885034	1.0	1.0	1.0	1.0	1.0	1.0	1.0	1.0	1.0	1.0	1.0	1.0	1.0	1.0	1.0	1.0	1.0	1.0	1.0	1.0	1.0	1.0	0.0	1.0	1.0	1.0
mr	0.0	1.0	0.0	1.0	1.0	1.0	1.0	1.0	1.0	1.0	1.0	1.0	1.0	1.0	1.0	1.0	1.0	1.0	1.0	1.0	1.0	1.0	1.0	1.0	1.0	1.0	1.0	1.0	1.0	1.0	1.0	0.0	1.0	1.0	1.0
nl	1.0	0.6589257440209708	1.0	1.0	0.7096516635440984	0.36524797627603445	1.0	0.33859798144081604	0.5346847121499364	0.4388078520480123	1.0	1.0	1.0	0.49985719945825197	0.4857220709858452	0.6247292497053563	0.7039424865283899	1.0	1.0	1.0	1.0	1.0	0.6993695092418336	0.45591304962818124	1.0	0.6212464513427434	0.7134542832283586	1.0	1.0	1.0	0.5129603607440056	0.0	1.0	0.7690990303325336	0.6268516359385992
pl	1.0	0.6667969795412325	1.0	1.0	0.7101264857596848	0.39182984693094725	1.0	0.35229992578123487	0.4680108104706976	0.5223534285756518	0.7075325319701223	1.0	1.0	0.5099326087745558	0.6229474010225527	0.6268516359385989	0.703403262182007	1.0	1.0	1.0	1.0	0.6993695092418336	1.0	0.47309597709230533	0.7106212328351246	0.6973656372342555	0.6398385892358058	1.0	1.0	1.0	0.5899554063441982	1.0	1.0	0.7690990303325336	0.627146628430781
pt	1.0	0.728099120889861	1.0	1.0	0.5497405758583842	0.2983972000021854	0.6052104383549939	0.2525585751276761	0.3748113525428326	0.4221093871570139	0.4996707975141854	1.0	0.6323879565029842	0.5187249147454238	0.3878292262931331	0.48169566884213566	0.47766504637871204	1.0	1.0	1.0	1.0	0.45591304962818124	0.47309597709230533	1.0	0.6414463581614512	0.4493182507644894	0.6189014817392237	1.0	0.7141080454298697	0.7091953875376782	0.49075038254063214	1.0	0.6398385892358057	0.7690990303325336	0.5211017649627877
ro	1.0	0.7322034805959263	1.0	1.0	1.0	0.5005335281438877	1.0	0.5818933927032195	0.6314395498907664	0.7101264857596848	1.0	1.0	1.0	0.6037638397743439	0.7116768074483946	1.0	1.0	1.0	1.0	1.0	1.0	1.0	0.7106212328351246	0.6414463581614512	1.0	0.7096516635440986	1.0	1.0	1.0	1.0	1.0	1.0	1.0	0.7690990303325336	1.0
ru	1.0	0.6589257440209708	1.0	1.0	0.7096516635440984	0.409562546825081	1.0	0.3135297439650394	0.5704029020337203	0.5364384095075995	1.0	1.0	1.0	0.47197175121814516	0.3855887685443561	1.0	1.0	1.0	1.0	1.0	1.0	0.6212464513427434	0.6973656372342555	0.4493182507644894	0.7096516635440986	1.0	0.6406217872018792	1.0	0.6423162003593036	1.0	0.5442348768883057	1.0	1.0	0.7690990303325336	1.0
sh	1.0	0.7322034805959263	0.0	1.0	1.0	0.7116768074483948	1.0	0.6364353709769035	0.6390933240567507	0.6414463581614515	1.0	1.0	1.0	0.6357464214812708	0.588294384371153	1.0	1.0	1.0	1.0	1.0	1.0	0.7134542832283586	0.6398385892358058	0.6189014817392237	1.0	0.6406217872018792	1.0	1.0	1.0	0.7162976956558117	0.7141080454298697	0.0	1.0	0.7690990303325336	1.0
si	0.0	1.0	0.0	1.0	1.0	1.0	1.0	1.0	1.0	1.0	1.0	1.0	1.0	1.0	1.0	1.0	1.0	1.0	1.0	1.0	1.0	1.0	1.0	1.0	1.0	1.0	1.0	1.0	1.0	1.0	1.0	0.0	1.0	1.0	1.0
simple	1.0	0.7411828468492556	0.0	1.0	1.0	0.6423162003593037	1.0	0.6358400943144777	0.7122412578101113	0.6383829424521855	0.7199285383279772	1.0	1.0	0.5921593538295753	0.5858104530884553	1.0	1.0	1.0	1.0	1.0	1.0	1.0	1.0	0.7141080454298697	1.0	0.6423162003593036	1.0	1.0	1.0	1.0	1.0	0.0	1.0	1.0	1.0
sr	1.0	0.7347168825662656	1.0	1.0	1.0	0.5263245255014596	1.0	0.631819049930899	1.0	0.7101264857596847	1.0	1.0	1.0	0.7122412578101113	0.7111374370280844	1.0	1.0	1.0	1.0	1.0	1.0	1.0	1.0	0.7091953875376782	1.0	1.0	0.7162976956558117	1.0	1.0	1.0	1.0	1.0	1.0	0.7690990303325336	1.0
sv	1.0	0.728099120889861	1.0	1.0	0.582768840582441	0.3450802086782941	1.0	0.3532717123378968	0.5123037327235412	0.5734417664556585	0.7075325319701222	1.0	1.0	0.5181986245995007	0.4535539437420606	0.6268516359385989	1.0	1.0	1.0	1.0	1.0	0.5129603607440056	0.5899554063441982	0.49075038254063214	1.0	0.5442348768883057	0.7141080454298697	1.0	1.0	1.0	1.0	1.0	1.0	0.7690990303325336	0.7036693256036728
te	0.0	0.0	0.0	0.0	0.0	1.0	0.0	1.0	1.0	1.0	0.0	0.0	0.0	0.0	1.0	1.0	1.0	0.0	0.0	0.0	0.0	0.0	1.0	1.0	1.0	1.0	0.0	0.0	0.0	1.0	1.0	1.0	0.0	0.0	1.0
vi	1.0	0.7411828468492556	1.0	1.0	1.0	0.7075325319701226	1.0	0.5253229305258964	0.7079259635809066	1.0	1.0	1.0	1.0	1.0	1.0	1.0	1.0	1.0	1.0	1.0	1.0	1.0	1.0	0.6398385892358057	1.0	1.0	1.0	1.0	1.0	1.0	1.0	0.0	1.0	0.7690990303325336	1.0
war	0.0	1.0	0.0	1.0	1.0	0.7690990303325336	0.7690990303325336	0.7690990303325336	0.7690990303325336	0.7690990303325336	1.0	1.0	0.7690990303325336	0.7690990303325336	0.7690990303325336	0.7690990303325336	0.7690990303325336	0.7690990303325336	1.0	1.0	1.0	0.7690990303325336	0.7690990303325336	0.7690990303325336	0.7690990303325336	0.7690990303325336	0.7690990303325336	1.0	1.0	0.7690990303325336	0.7690990303325336	0.0	0.7690990303325336	1.0	0.7690990303325336
zh	1.0	0.6638546162332061	1.0	1.0	1.0	0.4471485514855435	1.0	0.4081678781818313	0.5153914388063479	0.5409639376672986	1.0	1.0	0.7116768074483948	0.5857084650013975	0.48988982845456025	1.0	1.0	1.0	1.0	1.0	1.0	0.6268516359385992	0.627146628430781	0.5211017649627877	1.0	1.0	1.0	1.0	1.0	1.0	0.7036693256036728	1.0	1.0	0.7690990303325336	1.0
