arz	bs	ceb	ckb	da	de	el	en	es	fr	he	hi	hu	id	it	ja	ko	lv	mk	ml	mr	nl	pl	pt	ro	ru	sh	si	simple	sr	sv	te	tr	vi	war	zh
arz	1.0	0.672370045633007	1.0	1.0	0.6983438190355966	1.0	1.0	0.7584325078215763	1.0	1.0	1.0	1.0	0.4493075654568811	1.0	0.7584325078215763	1.0	1.0	1.0	1.0	1.0	1.0	1.0	1.0	1.0	1.0	1.0	1.0	1.0	1.0	1.0	1.0	1.0	1.0	1.0	1.0	1.0
bs	0.672370045633007	1.0	0.5020797777427737	0.4057898411340719	0.16226557247091222	0.17764803437194304	0.22076960108985683	0.1486672555652932	0.1694293428211323	0.16296687456759218	0.2126919058963077	0.201759696118286	0.14547354345453242	0.14406671792756248	0.1500696906837708	0.20399534162147476	0.20647773695565866	0.18756263295995082	0.237644243305765	0.24265864369353085	0.30181036608501	0.149044414760907	0.14001267020906838	0.13893269787437404	0.14181327408450922	0.19660762275779853	0.13590671035115587	0.38476393731751185	0.1522640094123538	0.14222318822990668	0.15274360614179391	0.21985597409643867	0.2895540500975373	0.13982664192585784	0.22885894751512748	0.2070159413946716
ceb	1.0	0.5020797777427737	1.0	1.0	1.0	1.0	1.0	1.0	1.0	1.0	1.0	1.0	1.0	0.4582960478122589	1.0	1.0	1.0	1.0	1.0	1.0	1.0	1.0	1.0	1.0	1.0	1.0	1.0	1.0	1.0	1.0	1.0	1.0	-1.0	1.0	1.0	1.0
ckb	1.0	0.4057898411340719	1.0	1.0	0.7221793916855703	0.7199285383279773	1.0	0.5834140386389453	0.7199285383279772	0.3799386204055168	1.0	1.0	0.5901654686514951	0.2481713429978381	0.2823837757231087	1.0	1.0	1.0	1.0	1.0	1.0	0.5882745708346903	0.37940364964899975	0.6549329476340925	0.6149072423960226	1.0	0.6568318202362041	1.0	0.6167131210802118	0.6568318202362041	0.6549329476340925	1.0	1.0	0.3703086352967062	1.0	1.0
da	0.6983438190355966	0.16226557247091222	1.0	0.7221793916855703	1.0	0.12431925083373516	0.16521373060174166	0.12228672358906643	0.11797764175554087	0.10957696466912203	0.1511199862640245	0.21091468305395447	0.11800197546795388	0.12531205536696172	0.11199865902853733	0.15789510736835116	0.15436584172397394	0.14418683880637792	0.21625228065259927	0.17851284090911868	0.563736627570686	0.11072766978220186	0.10898504407079401	0.11243203070082212	0.11468347875687443	0.14150069372603763	0.1022161022685442	0.6549329476340924	0.14797425731394806	0.1087736650819067	0.10745683187430351	0.3302188968213089	0.4620893228242531	0.12548141367036528	0.25584702716695495	0.1640764542417275
de	1.0	0.17764803437194304	1.0	0.7199285383279773	0.12431925083373516	1.0	0.14735935693319124	0.05464148745162356	0.055683804286575364	0.05417961953034083	0.17026191944117486	0.1610072616096886	0.07242200747396593	0.1079510638351522	0.06273032514955511	0.07015236463168546	0.119966670029832	0.117887099455815	0.269069408449438	0.23741115750297084	0.7134542832283587	0.058199720766976555	0.06662322609341807	0.07001731525574338	0.09808274991332996	0.0926520189225266	0.05921455261069426	0.7199285383279772	0.10690478256724065	0.05860907897108807	0.07877277120933446	0.5508465554548111	0.27951353575614934	0.07476572834842737	0.4529991114335336	0.07685590014875059
el	1.0	0.22076960108985683	1.0	1.0	0.16521373060174166	0.14735935693319124	1.0	0.1458125841621513	0.1406388688347772	0.12627620303724374	0.6927624096786908	1.0	0.1218250168920915	0.163349898859846	0.12727787599572585	1.0	1.0	0.22380981274207065	1.0	1.0	1.0	0.12118359948082047	0.12088508056199089	0.1712561005522711	0.13849940155109092	0.6910619635498713	0.12395852568238473	1.0	0.1746912637710749	0.1294723601166341	0.13514007207069295	1.0	0.7510341748895939	0.12461567599092402	0.5932464233149596	1.0
en	0.7584325078215763	0.1486672555652932	1.0	0.5834140386389453	0.12228672358906643	0.05464148745162356	0.1458125841621513	1.0	0.06467991723367406	0.07013925778063816	0.15202630754085456	0.15530688310154597	0.0803748562924702	0.11041684865862231	0.0853666857556367	0.12132979369847004	0.14836938062754873	0.11419822910895293	0.16891712809788373	0.20435677103240293	0.39030889821661474	0.07014745035196877	0.0873737901545628	0.08077233699762888	0.10345218642378012	0.13534003409781492	0.07407393269959012	0.4983709552996166	0.10260785818631116	0.07058883804130454	0.08763491150105314	0.1998545558446735	0.2527404590662103	0.0869073957435571	0.29985836539097466	0.12389600443555594
es	1.0	0.1694293428211323	1.0	0.7199285383279772	0.11797764175554087	0.055683804286575364	0.1406388688347772	0.06467991723367406	1.0	0.05949010788919524	0.13434506640919733	0.14882111023750794	0.0725490988497058	0.09810167678208816	0.06778949848470169	0.07476472376184934	0.11876669347101172	0.11235814731830776	0.20317515430137112	0.29123676876930554	1.0	0.06251426903691454	0.071463257093449	0.07547423783208464	0.0984671119577777	0.09902703011383239	0.06630583062364388	0.7199285383279772	0.09850477370778198	0.06588569893278631	0.08063192077791308	0.39220921784905904	0.2299751513693302	0.07820924152185017	0.37689990572526966	0.08177601522310493
fr	1.0	0.16296687456759218	1.0	0.3799386204055168	0.10957696466912203	0.05417961953034083	0.12627620303724374	0.07013925778063816	0.05949010788919524	1.0	0.1400109211249375	0.12921685106090408	0.07371283354251226	0.09573435398390913	0.07131287489978339	0.08470399194384658	0.11314133706635911	0.11064994305466595	0.19404785928588406	0.2091070153638393	0.561502528641375	0.06240466628199678	0.07127596065009263	0.07177350648364639	0.0939616067010446	0.08977137669739096	0.06599422767036586	0.7199285383279772	0.09966444535867792	0.06371958690010256	0.07625726644750924	0.3068087498502789	0.317396688705112	0.07432986590331675	0.3282325597287728	0.08549035383838278
he	1.0	0.2126919058963077	1.0	1.0	0.1511199862640245	0.17026191944117486	0.6927624096786908	0.15202630754085456	0.13434506640919733	0.1400109211249375	1.0	0.6951943257764671	0.12508191017698775	0.16772742492135304	0.12272514496178942	0.4614273195572237	0.5666812221822983	0.22738162358956757	0.6967033415961651	0.7002769331337115	1.0	0.12417199729363933	0.12609601882591032	0.18347387187752404	0.14959478061531822	0.5017933347523784	0.13251078077510908	1.0	0.16373888922151772	0.15430300610382988	0.13746081834080742	1.0	1.0	0.13950996536716964	0.5924658130616858	0.5293386151695836
hi	1.0	0.201759696118286	1.0	1.0	0.21091468305395447	0.1610072616096886	1.0	0.15530688310154597	0.14882111023750794	0.12921685106090408	0.6951943257764671	1.0	0.1322600132150397	0.16102510146011395	0.12664238864909688	1.0	1.0	0.2083363889318092	1.0	1.0	1.0	0.12493874422828125	0.12806630562995394	0.17476273085540064	0.1519241867585743	0.6140744962492628	0.1487720907415951	1.0	0.16844875443890836	0.15247049927715547	0.17175492400020176	1.0	0.7455134344225701	0.13782344544068093	0.6383829424521856	1.0
hu	0.4493075654568811	0.14547354345453242	1.0	0.5901654686514951	0.11800197546795388	0.07242200747396593	0.1218250168920915	0.0803748562924702	0.0725490988497058	0.07371283354251226	0.12508191017698775	0.1322600132150397	1.0	0.0990903487171171	0.07857540237582422	0.09512438371122475	0.11351334552728362	0.1106663911714134	0.18676309494561358	0.20466003229925214	0.45044955331951936	0.07258913014881753	0.0801519243336065	0.08533853687474902	0.10134372907752646	0.10084187116987414	0.07307837697504938	0.6143589292419388	0.09835440756517795	0.072900886891326	0.08260495197254623	0.38603689778109596	1.0	0.0808358657621731	0.3629408348375311	0.09644997035242123
id	1.0	0.14406671792756248	0.4582960478122589	0.2481713429978381	0.12531205536696172	0.1079510638351522	0.163349898859846	0.11041684865862231	0.09810167678208816	0.09573435398390913	0.16772742492135304	0.16102510146011395	0.0990903487171171	1.0	0.1013272211111549	0.15390339145964688	0.15366142384609702	0.13988250857268908	0.17902650284212648	0.2198236878033992	0.3800012538883239	0.09467347506086594	0.10262569760307037	0.1128725081037872	0.11291711345523654	0.15770013422145535	0.10457479837482757	0.37912645911910114	0.11223095988853526	0.10107899124614908	0.10135063484045755	0.28692977156939514	0.45701413810000596	0.09955347877904824	0.2866285224916363	0.15486340700758466
it	0.7584325078215763	0.1500696906837708	1.0	0.2823837757231087	0.11199865902853733	0.06273032514955511	0.12727787599572585	0.0853666857556367	0.06778949848470169	0.07131287489978339	0.12272514496178942	0.12664238864909688	0.07857540237582422	0.1013272211111549	1.0	0.11147351895948522	0.1216299136297423	0.09986712726273501	0.14498598304520227	0.20138717689328325	0.4526495200014607	0.07118689250314011	0.0838816113956908	0.08078984341583705	0.09352308390593433	0.11322621048884826	0.07566487819931564	0.38081269864960954	0.09425868182660858	0.0735921255585107	0.0833148178279137	0.19896728985640377	0.25920048512675226	0.08381383912645662	0.3677258581472283	0.1127036332810964
ja	1.0	0.20399534162147476	1.0	1.0	0.15789510736835116	0.07015236463168546	1.0	0.12132979369847004	0.07476472376184934	0.08470399194384658	0.4614273195572237	1.0	0.09512438371122475	0.15390339145964688	0.11147351895948522	1.0	1.0	0.1505584836558413	1.0	1.0	1.0	0.08244576391612751	0.10959747088827573	0.10140448175819386	0.13055575079084641	0.5576019237849819	0.08920211968049703	1.0	0.13007415058216948	0.08831431389278951	0.10246850712273425	1.0	0.3077641790899698	0.10821488580973308	0.5917196795904757	1.0
ko	1.0	0.20647773695565866	1.0	1.0	0.15436584172397394	0.119966670029832	1.0	0.14836938062754873	0.11876669347101172	0.11314133706635911	0.5666812221822983	1.0	0.11351334552728362	0.15366142384609702	0.1216299136297423	1.0	1.0	0.16414835258759303	1.0	1.0	1.0	0.11081728602328894	0.11624379160273413	0.14409052579382736	0.1513497536547411	0.6110127792096902	0.11381829765003318	1.0	0.16533620392485104	0.12456690796243695	0.1374648831382618	1.0	0.6740515375688696	0.1271777764665154	0.5917196795904757	1.0
lv	1.0	0.18756263295995082	1.0	1.0	0.14418683880637792	0.117887099455815	0.22380981274207065	0.11419822910895293	0.11235814731830776	0.11064994305466595	0.22738162358956757	0.2083363889318092	0.1106663911714134	0.13988250857268908	0.09986712726273501	0.1505584836558413	0.16414835258759303	1.0	0.3278681419703411	0.3550687534132175	0.5513682580936837	0.10805479969087557	0.1039352307273358	0.12450298296038355	0.12631155930413462	0.1638182663223218	0.11994871827291069	0.7263875964832449	0.14923983312654748	0.11296547302956456	0.11696644122154366	0.47884664945935945	0.6066801002327771	0.11082889418155514	0.4571518153018845	0.15000783937222464
mk	1.0	0.237644243305765	1.0	1.0	0.21625228065259927	0.269069408449438	1.0	0.16891712809788373	0.20317515430137112	0.19404785928588406	0.6967033415961651	1.0	0.18676309494561358	0.17902650284212648	0.14498598304520227	1.0	1.0	0.3278681419703411	1.0	1.0	1.0	0.20684654100737787	0.17738066226742866	0.24934319091861665	0.15858704589282466	1.0	0.18076798760988438	1.0	0.24272851574975104	0.23145464352239248	0.18942609686905518	1.0	0.7106922308883379	0.1717646525506555	0.6406217872018793	1.0
ml	1.0	0.24265864369353085	1.0	1.0	0.17851284090911868	0.23741115750297084	1.0	0.20435677103240293	0.29123676876930554	0.2091070153638393	0.7002769331337115	1.0	0.20466003229925214	0.2198236878033992	0.20138717689328325	1.0	1.0	0.3550687534132175	1.0	1.0	1.0	0.2635262552507231	0.19299011713530534	0.30287697678205966	0.23961725741865372	1.0	0.27266037014249084	1.0	0.24167171793907719	0.3135037861951671	0.2564553282909375	1.0	0.5481944748537052	0.22080907451834159	0.7141080454298697	1.0
mr	1.0	0.30181036608501	1.0	1.0	0.563736627570686	0.7134542832283587	1.0	0.39030889821661474	1.0	0.561502528641375	1.0	1.0	0.45044955331951936	0.3800012538883239	0.4526495200014607	1.0	1.0	0.5513682580936837	1.0	1.0	1.0	0.5171758824398859	0.44101550955956287	0.7155258672934657	0.3051526110160535	1.0	0.5734694810503501	1.0	0.6084370696808218	0.5354795154277565	0.5371580188473669	1.0	1.0	0.5501388452610352	1.0	1.0
nl	1.0	0.149044414760907	1.0	0.5882745708346903	0.11072766978220186	0.058199720766976555	0.12118359948082047	0.07014745035196877	0.06251426903691454	0.06240466628199678	0.12417199729363933	0.12493874422828125	0.07258913014881753	0.09467347506086594	0.07118689250314011	0.08244576391612751	0.11081728602328894	0.10805479969087557	0.20684654100737787	0.2635262552507231	0.5171758824398859	1.0	0.07134786154070054	0.07205703961578197	0.09166151757206345	0.09278900590100338	0.06716595463878296	0.5189514631813511	0.0926982725860949	0.06449957812856415	0.07980664679954858	0.3959912424281979	0.26154556296126	0.07152139140460875	0.38317201328215245	0.08628576203132489
pl	1.0	0.14001267020906838	1.0	0.37940364964899975	0.10898504407079401	0.06662322609341807	0.12088508056199089	0.0873737901545628	0.071463257093449	0.07127596065009263	0.12609601882591032	0.12806630562995394	0.0801519243336065	0.10262569760307037	0.0838816113956908	0.10959747088827573	0.11624379160273413	0.1039352307273358	0.17738066226742866	0.19299011713530534	0.44101550955956287	0.07134786154070054	1.0	0.08599446522464661	0.09741507124922134	0.1141863251684152	0.07754471708944746	0.3233004032989109	0.10078860013786929	0.07696103790222149	0.08495815866464947	0.2538812016248972	0.2638473086705535	0.08555730281298544	0.21534574102752466	0.11144194323449678
pt	1.0	0.13893269787437404	1.0	0.6549329476340925	0.11243203070082212	0.07001731525574338	0.1712561005522711	0.08077233699762888	0.07547423783208464	0.07177350648364639	0.18347387187752404	0.17476273085540064	0.08533853687474902	0.1128725081037872	0.08078984341583705	0.10140448175819386	0.14409052579382736	0.12450298296038355	0.24934319091861665	0.30287697678205966	0.7155258672934657	0.07205703961578197	0.08599446522464661	1.0	0.08597688674027966	0.08556445635283169	0.06075727069746757	0.37940364964899975	0.12636169093156208	0.06041447080690945	0.07338003839173017	0.32224227107701575	0.2936447098310168	0.09558287600710887	0.5106100597121815	0.100885467228065
ro	1.0	0.14181327408450922	1.0	0.6149072423960226	0.11468347875687443	0.09808274991332996	0.13849940155109092	0.10345218642378012	0.0984671119577777	0.0939616067010446	0.14959478061531822	0.1519241867585743	0.10134372907752646	0.11291711345523654	0.09352308390593433	0.13055575079084641	0.1513497536547411	0.12631155930413462	0.15858704589282466	0.23961725741865372	0.3051526110160535	0.09166151757206345	0.09741507124922134	0.08597688674027966	1.0	0.12634697439126424	0.08674160451843345	0.29326546915617163	0.1185328870542777	0.08695878222813308	0.0903879877220565	0.28211058732534505	0.6847118457275846	0.10558109693490816	0.2403228689693928	0.12951235526267382
ru	1.0	0.19660762275779853	1.0	1.0	0.14150069372603763	0.0926520189225266	0.6910619635498713	0.13534003409781492	0.09902703011383239	0.08977137669739096	0.5017933347523784	0.6140744962492628	0.10084187116987414	0.15770013422145535	0.11322621048884826	0.5576019237849819	0.6110127792096902	0.1638182663223218	1.0	1.0	1.0	0.09278900590100338	0.1141863251684152	0.08556445635283169	0.12634697439126424	1.0	0.08713112936765623	1.0	0.13399992004899944	0.08442604728726774	0.09288210885233711	1.0	0.2811015801067281	0.11739284334249803	0.5932464233149596	0.5577132120361422
sh	1.0	0.13590671035115587	1.0	0.6568318202362041	0.1022161022685442	0.05921455261069426	0.12395852568238473	0.07407393269959012	0.06630583062364388	0.06599422767036586	0.13251078077510908	0.1487720907415951	0.07307837697504938	0.10457479837482757	0.07566487819931564	0.08920211968049703	0.11381829765003318	0.11994871827291069	0.18076798760988438	0.27266037014249084	0.5734694810503501	0.06716595463878296	0.07754471708944746	0.06075727069746757	0.08674160451843345	0.08713112936765623	1.0	0.7189258117174852	0.10592715486761448	0.059758720497560334	0.07001138151096872	0.2757828510853897	0.3876119891922488	0.08426641533892473	0.3835876164769917	0.0907759994630065
si	1.0	0.38476393731751185	1.0	1.0	0.6549329476340924	0.7199285383279772	1.0	0.4983709552996166	0.7199285383279772	0.7199285383279772	1.0	1.0	0.6143589292419388	0.37912645911910114	0.38081269864960954	1.0	1.0	0.7263875964832449	1.0	1.0	1.0	0.5189514631813511	0.3233004032989109	0.37940364964899975	0.29326546915617163	1.0	0.7189258117174852	1.0	0.2879082815877643	0.46777106275936164	0.538524856949716	1.0	1.0	0.3835747098064623	0.7322034805959263	1.0
simple	1.0	0.1522640094123538	1.0	0.6167131210802118	0.14797425731394806	0.10690478256724065	0.1746912637710749	0.10260785818631116	0.09850477370778198	0.09966444535867792	0.16373888922151772	0.16844875443890836	0.09835440756517795	0.11223095988853526	0.09425868182660858	0.13007415058216948	0.16533620392485104	0.14923983312654748	0.24272851574975104	0.24167171793907719	0.6084370696808218	0.0926982725860949	0.10078860013786929	0.12636169093156208	0.1185328870542777	0.13399992004899944	0.10592715486761448	0.2879082815877643	1.0	0.10632467498801308	0.12028261160858257	0.3846000242209185	0.26965732054648606	0.09440516211255326	0.2205724861743559	0.11755387947464094
sr	1.0	0.14222318822990668	1.0	0.6568318202362041	0.1087736650819067	0.05860907897108807	0.1294723601166341	0.07058883804130454	0.06588569893278631	0.06371958690010256	0.15430300610382988	0.15247049927715547	0.072900886891326	0.10107899124614908	0.0735921255585107	0.08831431389278951	0.12456690796243695	0.11296547302956456	0.23145464352239248	0.3135037861951671	0.5354795154277565	0.06449957812856415	0.07696103790222149	0.06041447080690945	0.08695878222813308	0.08442604728726774	0.059758720497560334	0.46777106275936164	0.10632467498801308	1.0	0.06926659568807403	0.2337268312125236	0.6313604544870866	0.08052788139233025	0.4993699416425208	0.09016631119488748
sv	1.0	0.15274360614179391	1.0	0.6549329476340925	0.10745683187430351	0.07877277120933446	0.13514007207069295	0.08763491150105314	0.08063192077791308	0.07625726644750924	0.13746081834080742	0.17175492400020176	0.08260495197254623	0.10135063484045755	0.0833148178279137	0.10246850712273425	0.1374648831382618	0.11696644122154366	0.18942609686905518	0.2564553282909375	0.5371580188473669	0.07980664679954858	0.08495815866464947	0.07338003839173017	0.0903879877220565	0.09288210885233711	0.07001138151096872	0.538524856949716	0.12028261160858257	0.06926659568807403	1.0	0.3039839633478033	0.4828715580115099	0.09274245114802697	0.3319921365493033	0.10725456483697113
te	1.0	0.21985597409643867	1.0	1.0	0.3302188968213089	0.5508465554548111	1.0	0.1998545558446735	0.39220921784905904	0.3068087498502789	1.0	1.0	0.38603689778109596	0.28692977156939514	0.19896728985640377	1.0	1.0	0.47884664945935945	1.0	1.0	1.0	0.3959912424281979	0.2538812016248972	0.32224227107701575	0.28211058732534505	1.0	0.2757828510853897	1.0	0.3846000242209185	0.2337268312125236	0.3039839633478033	1.0	1.0	0.3239889685758599	1.0	1.0
tr	1.0	0.2895540500975373	-1.0	1.0	0.4620893228242531	0.27951353575614934	0.7510341748895939	0.2527404590662103	0.2299751513693302	0.317396688705112	1.0	0.7455134344225701	1.0	0.45701413810000596	0.25920048512675226	0.3077641790899698	0.6740515375688696	0.6066801002327771	0.7106922308883379	0.5481944748537052	1.0	0.26154556296126	0.2638473086705535	0.2936447098310168	0.6847118457275846	0.2811015801067281	0.3876119891922488	1.0	0.26965732054648606	0.6313604544870866	0.4828715580115099	1.0	1.0	0.5863089236503652	1.0	0.2978390927366979
vi	1.0	0.13982664192585784	1.0	0.3703086352967062	0.12548141367036528	0.07476572834842737	0.12461567599092402	0.0869073957435571	0.07820924152185017	0.07432986590331675	0.13950996536716964	0.13782344544068093	0.0808358657621731	0.09955347877904824	0.08381383912645662	0.10821488580973308	0.1271777764665154	0.11082889418155514	0.1717646525506555	0.22080907451834159	0.5501388452610352	0.07152139140460875	0.08555730281298544	0.09558287600710887	0.10558109693490816	0.11739284334249803	0.08426641533892473	0.3835747098064623	0.09440516211255326	0.08052788139233025	0.09274245114802697	0.3239889685758599	0.5863089236503652	1.0	0.318365491730805	0.10764970857063222
war	1.0	0.22885894751512748	1.0	1.0	0.25584702716695495	0.4529991114335336	0.5932464233149596	0.29985836539097466	0.37689990572526966	0.3282325597287728	0.5924658130616858	0.6383829424521856	0.3629408348375311	0.2866285224916363	0.3677258581472283	0.5917196795904757	0.5917196795904757	0.4571518153018845	0.6406217872018793	0.7141080454298697	1.0	0.38317201328215245	0.21534574102752466	0.5106100597121815	0.2403228689693928	0.5932464233149596	0.3835876164769917	0.7322034805959263	0.2205724861743559	0.4993699416425208	0.3319921365493033	1.0	1.0	0.318365491730805	1.0	0.5910055389828529
zh	1.0	0.2070159413946716	1.0	1.0	0.1640764542417275	0.07685590014875059	1.0	0.12389600443555594	0.08177601522310493	0.08549035383838278	0.5293386151695836	1.0	0.09644997035242123	0.15486340700758466	0.1127036332810964	1.0	1.0	0.15000783937222464	1.0	1.0	1.0	0.08628576203132489	0.11144194323449678	0.100885467228065	0.12951235526267382	0.5577132120361422	0.0907759994630065	1.0	0.11755387947464094	0.09016631119488748	0.10725456483697113	1.0	0.2978390927366979	0.10764970857063222	0.5910055389828529	1.0
