arz	bs	ceb	ckb	da	de	el	en	es	fr	he	hi	hu	id	it	ja	ko	lv	mk	ml	mr	nl	pl	pt	ro	ru	sh	si	simple	sr	sv	te	vi	war	zh
arz	0.0	0.0	0.0	0.0	0.0	0.0	0.0	0.0	0.0	0.0	0.0	0.0	0.0	0.0	0.0	0.0	0.0	0.0	0.0	0.0	0.0	0.0	0.0	0.0	0.0	0.0	0.0	0.0	0.0	0.0	0.0	0.0	0.0	0.0	0.0
bs	0.0	1.0	0.0	0.0	0.0	0.001215066828675577	0.0	0.001131648434552999	0.0	0.0025458248472505093	0.0	0.0	0.0	0.0	0.003270645952575634	0.0	0.0	0.0	0.0	0.0027662517289073307	0.001949317738791423	0.0	3.42053415061296e-05	0.0	0.0	0.0	0.04310344827586207	0.0011235955056179776	0.0	0.0	0.0	0.0	0.0	0.0	0.0
ceb	0.0	0.0	1.0	0.0	0.0	0.0	0.0	0.0	0.0	0.0	0.0	0.0006105006105006105	0.0	0.0	0.0	0.0	0.0	0.0	0.0	0.0	0.0	0.0	0.0	2.15745075618649e-05	0.0	0.0	0.0	0.0	0.0	0.0	0.0	0.0	0.0	0.0	0.0
ckb	0.0	0.0	0.0	1.0	0.0	0.0	0.00043782837127845885	3.5110510331267664e-06	0.0	0.0	0.0	0.0	0.0	0.0	0.0	3.619778469557663e-05	0.0	0.0	0.0007067137809187279	0.0	0.0	0.0	0.0	0.0	0.0	0.0	0.0	0.0	0.0	0.0	0.0	0.0	0.00026455026455026457	0.0	0.0
da	0.0	0.0	0.0	0.0	0.0	0.0	0.0	0.0	0.0	0.0	0.0	0.0	0.0	0.0	0.0	0.0	0.0	0.0	0.0	0.0	0.0	0.0	0.0	0.0	0.0	0.0	0.0	0.0	0.0	0.0	0.0	0.0	0.0	0.0	0.0
de	0.0	0.001215066828675577	0.0	0.0	0.0	1.0	0.0	0.0020058632927017436	0.0	0.002860775588048315	0.0	0.0	0.0	0.0011135857461024498	0.0019730351857941467	0.0	0.0	0.0	0.0	8.865248226950355e-05	0.0	0.00026896180742334586	4.750271444082519e-05	0.0	0.0	0.0	0.001799640071985603	0.0	0.0	0.0	0.0	4.55767740759309e-05	0.0	0.0	0.0
el	0.0	0.0	0.0	0.00043782837127845885	0.0	0.0	0.0	0.0	0.0	0.0	0.0	0.0	0.0	0.0	0.0	0.0	0.0	0.0	0.0	0.0006697923643670462	0.00078003120124805	0.0	0.0	0.0	0.0	0.0	0.0	0.0008240626287597857	0.0	0.0	0.0	0.0	0.0	0.0	0.0
en	0.0	0.001131648434552999	0.0	3.5110510331267664e-06	0.0	0.0020058632927017436	0.0	1.0	0.0	0.003534089235753203	0.0	0.0	0.0	0.0	0.001643047853768741	0.0	0.0	0.0	0.0	2.8019936184595338e-05	1.753819819567017e-05	0.0001355380862022228	0.00017880794701986754	0.0	0.0	0.0	0.0009389671361502347	3.5092767731498214e-06	0.0	0.0	0.00018604651162790697	0.0	0.0	0.0	0.0
es	0.0	0.0	0.0	0.0	0.0	0.0	0.0	0.0	1.0	0.0	0.0	0.0	0.0	0.0	0.0	0.0	0.0	0.0	0.0	0.0	0.0	0.0	0.0	0.0	0.0	0.0	0.0	0.0	0.0	0.0	0.0	0.0	0.0	0.0	0.0
fr	0.0	0.0025458248472505093	0.0	0.0	0.0	0.002860775588048315	0.0	0.003534089235753203	0.0	1.0	0.0	0.0	0.0	0.00047214353163361664	0.01103230890464933	0.0	0.0	0.0	0.0	7.901390644753477e-05	5.9757385016831667e-05	0.0009910802775024777	1.3542245033381635e-05	0.0	0.0	0.0	0.00606366851945427	5.992090440618384e-05	0.0	0.0	0.0	0.0	0.0	0.0	0.0
he	0.0	0.0	0.0	0.0	0.0	0.0	0.0	0.0	0.0	0.0	0.0	0.0	0.0	0.0	0.0	0.0	0.0	0.0	0.0	0.0004439840165754033	0.0	0.0	0.0	0.0	0.0	0.0	0.0	0.0	0.0	0.0	0.0	0.0	0.0	0.0	0.0
hi	0.0	0.0	0.0006105006105006105	0.0	0.0	0.0	0.0	0.0	0.0	0.0	0.0	0.0	0.0	0.0	0.0	0.0	0.0	0.0	0.0	0.0012658227848101266	0.002054442732408834	0.0	0.0	0.0	0.0	0.0	0.0	0.0	0.0	0.0	0.0	0.0005707762557077625	0.0	0.0	0.0
hu	0.0	0.0	0.0	0.0	0.0	0.0	0.0	0.0	0.0	0.0	0.0	0.0	0.0	0.0	0.0	0.0	0.0	0.0	0.0	0.0010960906101571063	0.0	0.0	0.0	0.0	0.0	0.0	0.0	0.0009178522257916476	0.0	0.0	0.0	0.0	0.0	0.0	0.0
id	0.0	0.0	0.0	0.0	0.0	0.0011135857461024498	0.0	0.0	0.0	0.00047214353163361664	0.0	0.0	0.0	1.0	0.0	0.0	0.0	0.0	0.0	0.0006711409395973154	0.0	0.0	0.0	0.0	0.0	0.0	0.001579778830963665	0.00041288191577208916	0.0	0.0	0.0	0.0	0.0	0.0	0.0
it	0.0	0.003270645952575634	0.0	0.0	0.0	0.0019730351857941467	0.0	0.001643047853768741	0.0	0.01103230890464933	0.0	0.0	0.0	0.0	1.0	0.0	0.0	0.0	0.0	0.00010129830662997417	1.7002754446220287e-05	0.0005734767025089606	2.655636921320117e-05	0.0	0.0	0.0	0.004482477587612062	3.408548639989093e-05	0.0	0.0	0.0004020908725371934	1.7060188344479325e-05	0.0	0.0	0.0
ja	0.0	0.0	0.0	3.619778469557663e-05	0.0	0.0	0.0	0.0	0.0	0.0	0.0	0.0	0.0	0.0	0.0	0.0	0.0	0.0	0.0	0.0002824659275474896	0.00010750761512273786	0.0	0.0	0.0	0.0	0.0	0.0	0.00014405589368675045	0.0	0.0	0.0	7.218131947451999e-05	0.0	0.0	0.0
ko	0.0	0.0	0.0	0.0	0.0	0.0	0.0	0.0	0.0	0.0	0.0	0.0	0.0	0.0	0.0	0.0	0.0	0.0	0.0	0.0004093886462882096	0.00014475969889982628	0.0	0.0	0.0	0.0	0.0	0.0	0.0	0.0	0.0	0.0	0.0	0.0	0.0	0.0
lv	0.0	0.0	0.0	0.0	0.0	0.0	0.0	0.0	0.0	0.0	0.0	0.0	0.0	0.0	0.0	0.0	0.0	0.0	0.0	0.0	0.0	0.0	0.0	0.0	0.0	0.0	0.0	0.0	0.0	0.0	0.0	0.0	0.0	0.0	0.0
mk	0.0	0.0	0.0	0.0007067137809187279	0.0	0.0	0.0	0.0	0.0	0.0	0.0	0.0	0.0	0.0	0.0	0.0	0.0	0.0	0.0	0.0014177693761814746	0.0005896226415094339	0.0	0.0	0.0	0.0	0.0	0.0	0.0012836970474967907	0.0	0.0	0.0	0.0	0.0	0.0	0.0
ml	0.0	0.0027662517289073307	0.0	0.0	0.0	8.865248226950355e-05	0.0006697923643670462	2.8019936184595338e-05	0.0	7.901390644753477e-05	0.0004439840165754033	0.0012658227848101266	0.0010960906101571063	0.0006711409395973154	0.00010129830662997417	0.0002824659275474896	0.0004093886462882096	0.0	0.0014177693761814746	1.0	0.0018975332068311196	0.00024813895781637717	0.00019989339019189765	0.000212422465799983	0.001487357461576599	0.00012123311395912712	0.00033932813030200206	0.0010893246187363835	0.0008244023083264633	0.00044365572315882877	0.0003924261748258609	0.0	0.0011163206072784104	0.0	0.0002791346824842987
mr	0.0	0.001949317738791423	0.0	0.0	0.0	0.0	0.00078003120124805	1.753819819567017e-05	0.0	5.9757385016831667e-05	0.0	0.002054442732408834	0.0	0.0	1.7002754446220287e-05	0.00010750761512273786	0.00014475969889982628	0.0	0.0005896226415094339	0.0018975332068311196	1.0	0.00013090718680455556	6.854949273375377e-05	8.572653236176597e-05	0.0006261740763932373	1.7444700300048844e-05	0.0011890606420927466	0.0	0.00031065548306927616	0.0	0.0004007212983370066	0.0	0.0007390983000739098	0.0	0.0002833061831574474
nl	0.0	0.0	0.0	0.0	0.0	0.00026896180742334586	0.0	0.0001355380862022228	0.0	0.0009910802775024777	0.0	0.0	0.0	0.0	0.0005734767025089606	0.0	0.0	0.0	0.0	0.00024813895781637717	0.00013090718680455556	1.0	0.0	0.0	0.0	0.0	0.0	0.0	0.0	0.0	0.0	0.00040328001075413364	0.0	0.0	0.0
pl	0.0	3.42053415061296e-05	0.0	0.0	0.0	4.750271444082519e-05	0.0	0.00017880794701986754	0.0	1.3542245033381635e-05	0.0	0.0	0.0	0.0	2.655636921320117e-05	0.0	0.0	0.0	0.0	0.00019989339019189765	6.854949273375377e-05	0.0	1.0	0.0	0.0	0.0	0.0	0.00020762682538583984	0.0	0.0	0.0	6.949270326615705e-05	0.0	0.0	0.0
pt	0.0	0.0	2.15745075618649e-05	0.0	0.0	0.0	0.0	0.0	0.0	0.0	0.0	0.0	0.0	0.0	0.0	0.0	0.0	0.0	0.0	0.000212422465799983	8.572653236176597e-05	0.0	0.0	0.0	0.0	0.0	0.0	0.0	0.0	0.0	0.0	2.1521575379317765e-05	0.0	0.0	0.0
ro	0.0	0.0	0.0	0.0	0.0	0.0	0.0	0.0	0.0	0.0	0.0	0.0	0.0	0.0	0.0	0.0	0.0	0.0	0.0	0.001487357461576599	0.0006261740763932373	0.0	0.0	0.0	1.0	0.0	0.0	0.0006849315068493151	0.0	0.0	0.0	0.0	0.0	0.0	0.0
ru	0.0	0.0	0.0	0.0	0.0	0.0	0.0	0.0	0.0	0.0	0.0	0.0	0.0	0.0	0.0	0.0	0.0	0.0	0.0	0.00012123311395912712	1.7444700300048844e-05	0.0	0.0	0.0	0.0	0.0	0.0	6.994963626189144e-05	0.0	0.0	0.0	3.50109409190372e-05	0.0	0.0	0.0
sh	0.0	0.04310344827586207	0.0	0.0	0.0	0.001799640071985603	0.0	0.0009389671361502347	0.0	0.00606366851945427	0.0	0.0	0.0	0.001579778830963665	0.004482477587612062	0.0	0.0	0.0	0.0	0.00033932813030200206	0.0011890606420927466	0.0	0.0	0.0	0.0	0.0	1.0	0.0	0.0	0.0	0.0036363636363636364	0.0004297378599054577	0.0	0.0	0.0
si	0.0	0.0011235955056179776	0.0	0.0	0.0	0.0	0.0008240626287597857	3.5092767731498214e-06	0.0	5.992090440618384e-05	0.0	0.0	0.0009178522257916476	0.00041288191577208916	3.408548639989093e-05	0.00014405589368675045	0.0	0.0	0.0012836970474967907	0.0010893246187363835	0.0	0.0	0.00020762682538583984	0.0	0.0006849315068493151	6.994963626189144e-05	0.0	1.0	0.0	0.0007598784194528875	5.041847332862761e-05	0.003355704697986577	0.00025484199796126404	0.0	0.00010673877463886715
simple	0.0	0.0	0.0	0.0	0.0	0.0	0.0	0.0	0.0	0.0	0.0	0.0	0.0	0.0	0.0	0.0	0.0	0.0	0.0	0.0008244023083264633	0.00031065548306927616	0.0	0.0	0.0	0.0	0.0	0.0	0.0	0.0	0.0	0.0	0.0	0.0	0.0	0.0
sr	0.0	0.0	0.0	0.0	0.0	0.0	0.0	0.0	0.0	0.0	0.0	0.0	0.0	0.0	0.0	0.0	0.0	0.0	0.0	0.00044365572315882877	0.0	0.0	0.0	0.0	0.0	0.0	0.0	0.0007598784194528875	0.0	0.0	0.0	0.0	0.0	0.0	0.0
sv	0.0	0.0	0.0	0.0	0.0	0.0	0.0	0.00018604651162790697	0.0	0.0	0.0	0.0	0.0	0.0	0.0004020908725371934	0.0	0.0	0.0	0.0	0.0003924261748258609	0.0004007212983370066	0.0	0.0	0.0	0.0	0.0	0.0036363636363636364	5.041847332862761e-05	0.0	0.0	1.0	0.0	0.0	0.0	0.0
te	0.0	0.0	0.0	0.0	0.0	4.55767740759309e-05	0.0	0.0	0.0	0.0	0.0	0.0005707762557077625	0.0	0.0	1.7060188344479325e-05	7.218131947451999e-05	0.0	0.0	0.0	0.0	0.0	0.00040328001075413364	6.949270326615705e-05	2.1521575379317765e-05	0.0	3.50109409190372e-05	0.0004297378599054577	0.003355704697986577	0.0	0.0	0.0	1.0	0.0	0.0	0.0
vi	0.0	0.0	0.0	0.00026455026455026457	0.0	0.0	0.0	0.0	0.0	0.0	0.0	0.0	0.0	0.0	0.0	0.0	0.0	0.0	0.0	0.0011163206072784104	0.0007390983000739098	0.0	0.0	0.0	0.0	0.0	0.0	0.00025484199796126404	0.0	0.0	0.0	0.0	0.0	0.0	0.0
war	0.0	0.0	0.0	0.0	0.0	0.0	0.0	0.0	0.0	0.0	0.0	0.0	0.0	0.0	0.0	0.0	0.0	0.0	0.0	0.0	0.0	0.0	0.0	0.0	0.0	0.0	0.0	0.0	0.0	0.0	0.0	0.0	0.0	1.0	0.0
zh	0.0	0.0	0.0	0.0	0.0	0.0	0.0	0.0	0.0	0.0	0.0	0.0	0.0	0.0	0.0	0.0	0.0	0.0	0.0	0.0002791346824842987	0.0002833061831574474	0.0	0.0	0.0	0.0	0.0	0.0	0.00010673877463886715	0.0	0.0	0.0	0.0	0.0	0.0	0.0
