arz	bs	ceb	ckb	da	de	el	en	es	fr	he	hi	hu	id	it	ja	ko	lv	mk	ml	mr	nl	pl	pt	ro	ru	sh	si	simple	sr	sv	te	vi	war	zh
arz	1.0	0.17339258564650414	0.585786437626905	0.44948974278317805	0.25087311299302983	0.2857142857142857	0.15766374274300704	0.26835226249108296	0.26427884169111276	0.21955340454530392	0.20827624994421132	0.585786437626905	0.1567356669505082	0.24566355389418104	0.2211081486005837	0.23089565102972948	0.18660549686337075	0.3260144088340669	0.21089672205953397	0.22584440001865322	0.353889367864523	0.2456157050947383	0.3272358200570656	0.18853348821810398	0.22715307701376036	0.3017889733103316	0.17297081409648804	1.0	0.23166247903554	0.2955516931443059	0.29429805508554946	1.0	0.23166247903554	0.36602540378443865	0.1657947707235862
bs	0.17339258564650414	1.0	0.22400923773979592	0.15083989935338374	0.11018594363573032	0.10828162216883837	0.20772090267557874	0.11351653883873587	0.11164935838223446	0.12442587762096385	0.11967393241882578	0.2989350844248255	0.3342539719895704	0.13961178977745806	0.13551895985453613	0.11707020377761165	0.15814220430391965	0.1141956776816017	0.14584652518649005	0.2736926643548818	0.21089672205953397	0.11241444549937726	0.1367826461809985	0.16973799444733695	0.178476831124782	0.10976610480758654	0.20385313524219487	1.0	0.13567297592071184	0.12146357149286952	0.10945147765321926	1.0	0.11550588556635076	0.16139047779640892	0.2632245930572299
ceb	0.585786437626905	0.22400923773979592	1.0	0.585786437626905	1.0	0.585786437626905	0.36602540378443865	0.585786437626905	0.5	0.5	0.39564392373896007	1.0	0.27429188517743175	0.5	0.3483314773547883	0.38742588672279304	0.28989794855663564	0.5	0.2989350844248255	0.2474401533514073	1.0	0.4142135623730951	0.39564392373896007	0.36602540378443865	0.5	1.0	0.2402530733520421	1.0	0.585786437626905	0.4364916731037085	1.0	1.0	0.585786437626905	1.0	0.2612038749637414
ckb	0.44948974278317805	0.15083989935338374	0.585786437626905	1.0	0.23582845781094	0.2402530733520421	0.18958964814704554	0.22204428984844665	0.22339071601648264	0.20143508903128382	0.2213902682110455	0.5	0.14902495005351193	0.1906860681718643	0.18798289088180956	0.19827365681955317	0.17477720648610953	0.22030781010290035	0.20835642936787072	0.19029392824019403	0.585786437626905	0.22947018234477365	0.17367942034925343	0.17290252827966857	0.14934866882502365	0.2526238451817432	0.15420366841988947	1.0	0.2592192604530755	0.19744927725329692	0.24216828530277282	1.0	0.24408792530940404	0.3333333333333333	0.14465581241752412
da	0.25087311299302983	0.11018594363573032	1.0	0.23582845781094	1.0	0.07034894019537369	0.09927300899242941	0.08653081353143698	0.07995912742300965	0.08466905824579905	0.12844033552365833	0.585786437626905	0.08592543896571107	0.1256571205460104	0.08288268612421593	0.09315835389277341	0.0876841807730906	0.12608970274099363	0.17080513659006702	0.1794799889580394	0.3797958971132712	0.09346451994292826	0.0885926452346707	0.10300771732844198	0.10114060822765461	0.07182768898827961	0.1179660736235642	1.0	0.1493083977879549	0.12997946813927702	0.07658178903433327	1.0	0.13189441008299374	0.36602540378443865	0.0836932907586824
de	0.2857142857142857	0.10828162216883837	0.585786437626905	0.2402530733520421	0.07034894019537369	1.0	0.08356676181861383	0.04363767648739273	0.07281919505033065	0.042799101158160865	0.08645020799971968	0.5	0.07714033926657139	0.10817982202515843	0.04757674219163139	0.051113053241774856	0.07267502840171151	0.1564298039349799	0.16793042293012775	0.18565213910694878	0.40453726661826384	0.0886943338375947	0.07465750898786234	0.07409483013119252	0.08676086790137957	0.06494998760230226	0.11372029111154457	1.0	0.14952655172027288	0.1427759692256963	0.09198066034479027	1.0	0.12956102062664726	0.5	0.06719372909225876
el	0.15766374274300704	0.20772090267557874	0.36602540378443865	0.18958964814704554	0.09927300899242941	0.08356676181861383	1.0	0.1006850035086923	0.08641399684297828	0.09412697991976678	0.09785002352086271	0.4356120478348471	0.20940154957091	0.12502561694158795	0.14098902667371976	0.09667372371431494	0.14659069582902062	0.10698438321325746	0.15329966551361066	0.21824572134363612	0.24245865534935468	0.08488184864369673	0.09777069493765575	0.12541994489772262	0.18537316923667774	0.08438158956113494	0.21731653693005132	1.0	0.11668566617040632	0.12054083663674846	0.08447652841068794	1.0	0.09587531145205525	0.1918253663634734	0.2242687183249057
en	0.26835226249108296	0.11351653883873587	0.585786437626905	0.22204428984844665	0.08653081353143698	0.04363767648739273	0.1006850035086923	1.0	0.06988714727245426	0.0996061280142978	0.09638691939238282	0.585786437626905	0.10142434664580162	0.11150413760610803	0.14250077289668175	0.08106556085717627	0.08851085966802345	0.1296779032013403	0.15634354387683583	0.18224184642420252	0.40453726661826384	0.06636051760738164	0.07959628934584069	0.08315411766808038	0.10049397072545774	0.048747906982898964	0.11693368763190205	1.0	0.13696725920446684	0.1396703354786469	0.054324871647280906	1.0	0.08655259407382984	0.3430703308172536	0.11282223607499442
es	0.26427884169111276	0.11164935838223446	0.5	0.22339071601648264	0.07995912742300965	0.07281919505033065	0.08641399684297828	0.06988714727245426	1.0	0.06792542285274993	0.11884735192216098	0.5	0.08147120171824253	0.10593649646715035	0.07154961659104321	0.06599384810120343	0.07673718882701847	0.15359187635513133	0.15758875352667157	0.18570772628509952	0.3597752501562547	0.08827025740410899	0.0827104355803061	0.07652608294196885	0.0921318121558863	0.07056684452849722	0.11775895883132573	1.0	0.1429134154512084	0.14352374964735262	0.10215288828222559	1.0	0.11371619769798877	0.4142135623730951	0.08046278267754775
fr	0.21955340454530392	0.12442587762096385	0.5	0.20143508903128382	0.08466905824579905	0.042799101158160865	0.09412697991976678	0.0996061280142978	0.06792542285274993	1.0	0.08127188690048645	0.5	0.10171328665026165	0.1097165719134331	0.10503185930200515	0.08081807960528625	0.08830501584987134	0.1235498558814897	0.16956124495718242	0.19831493256384086	0.3597752501562547	0.05870681226804558	0.07447108888031578	0.09275625179382332	0.11823228582165154	0.05042755342657575	0.12497151969152559	1.0	0.13761394857474626	0.12736189831774164	0.053075107915272514	1.0	0.09520598257009691	0.26427884169111276	0.13484051727268964
he	0.20827624994421132	0.11967393241882578	0.39564392373896007	0.2213902682110455	0.12844033552365833	0.08645020799971968	0.09785002352086271	0.09638691939238282	0.11884735192216098	0.08127188690048645	1.0	0.585786437626905	0.09638746797461448	0.11206063639477336	0.09107219498895211	0.09003808044211124	0.0879048848527612	0.16947543690304473	0.15662295980623964	0.20387166720951183	0.3333333333333333	0.0833416041082971	0.08733256793804417	0.07877567756461391	0.09864690936833706	0.11101666340350029	0.12299855587025472	1.0	0.13834667105047968	0.13541856761063029	0.08329928949934848	1.0	0.11556025020105876	0.2989350844248255	0.1023825518774479
hi	0.585786437626905	0.2989350844248255	1.0	0.5	0.585786437626905	0.5	0.4356120478348471	0.585786437626905	0.5	0.5	0.585786437626905	1.0	0.2894658029692371	0.585786437626905	0.44948974278317805	0.3380788308512194	0.44948974278317805	0.585786437626905	0.585786437626905	0.34054242658316675	1.0	0.44948974278317805	0.585786437626905	0.33300151973035974	0.4142135623730951	0.585786437626905	0.4142135623730951	1.0	0.585786437626905	0.44948974278317805	0.5	1.0	0.585786437626905	0.585786437626905	0.32881309020609956
hu	0.1567356669505082	0.3342539719895704	0.27429188517743175	0.14902495005351193	0.08592543896571107	0.07714033926657139	0.20940154957091	0.10142434664580162	0.08147120171824253	0.10171328665026165	0.09638746797461448	0.2894658029692371	1.0	0.1268878197872572	0.15268254016552343	0.09937561342730415	0.21428451430323944	0.11622064101859013	0.1331001868773161	0.262380145645065	0.20657348955048027	0.08490074122725082	0.09711185902568664	0.12601446168606334	0.17913076213718182	0.079147948304604	0.21618878379182352	1.0	0.120959964327051	0.1209614639853413	0.08283729725643722	1.0	0.08827237244408113	0.1467614860213248	0.3181937045318641
id	0.24566355389418104	0.13961178977745806	0.5	0.1906860681718643	0.1256571205460104	0.10817982202515843	0.12502561694158795	0.11150413760610803	0.10593649646715035	0.1097165719134331	0.11206063639477336	0.585786437626905	0.1268878197872572	1.0	0.10435458473745522	0.11372416045661302	0.10752820187149682	0.13653184235217447	0.14372330658179056	0.18848394588483172	0.3333333333333333	0.11088126391034447	0.1168707867838126	0.13813254618588183	0.12748000418613775	0.11300519939474185	0.13578846829734656	1.0	0.12148092387944585	0.10907407650117579	0.10854395459826782	1.0	0.11546528690206942	0.30901699437494745	0.1164574636785969
it	0.2211081486005837	0.13551895985453613	0.3483314773547883	0.18798289088180956	0.08288268612421593	0.04757674219163139	0.14098902667371976	0.14250077289668175	0.07154961659104321	0.10503185930200515	0.09107219498895211	0.44948974278317805	0.15268254016552343	0.10435458473745522	1.0	0.10154377124834262	0.1335732189741881	0.11541634625645934	0.13631934277107863	0.21731391573333925	0.30552726787943424	0.05593039675856575	0.088748119765323	0.09995168478528177	0.10493374423175741	0.06052009486953408	0.13290688185943297	1.0	0.13757130612174495	0.13580030933151307	0.05854203923239923	1.0	0.09723271307164583	0.3090169943749474	0.22012562374796368
ja	0.23089565102972948	0.11707020377761165	0.38742588672279304	0.19827365681955317	0.09315835389277341	0.051113053241774856	0.09667372371431494	0.08106556085717627	0.06599384810120343	0.08081807960528625	0.09003808044211124	0.3380788308512194	0.09937561342730415	0.11372416045661302	0.10154377124834262	1.0	0.09834799452268053	0.14155712529761208	0.1511604210296877	0.20679434317951104	0.3164309725825327	0.059461191969332715	0.08622401468656536	0.10122871250958765	0.10787453569956011	0.0629681994640198	0.1229965811290611	1.0	0.12438210879604154	0.1351810282353076	0.05940335598687755	1.0	0.11027971864386721	0.2791745113185196	0.11293955657849648
ko	0.18660549686337075	0.15814220430391965	0.28989794855663564	0.17477720648610953	0.0876841807730906	0.07267502840171151	0.14659069582902062	0.08851085966802345	0.07673718882701847	0.08830501584987134	0.0879048848527612	0.44948974278317805	0.21428451430323944	0.10752820187149682	0.1335732189741881	0.09834799452268053	1.0	0.11252028967920459	0.1381357803179281	0.20180856570526004	0.2402530733520421	0.07451342815713217	0.08466358835819486	0.11170241833657804	0.1532369247349655	0.07403650781698493	0.1563422207297395	1.0	0.11003126426257238	0.11165796266896168	0.07265747578346206	1.0	0.08418094319778026	0.19367338768973055	0.15898531745039943
lv	0.3260144088340669	0.1141956776816017	0.5	0.22030781010290035	0.12608970274099363	0.1564298039349799	0.10698438321325746	0.1296779032013403	0.15359187635513133	0.1235498558814897	0.16947543690304473	0.585786437626905	0.11622064101859013	0.13653184235217447	0.11541634625645934	0.14155712529761208	0.11252028967920459	1.0	0.18215257797286183	0.18957721018887108	0.3638371391560647	0.1566093941063628	0.13358567042454308	0.120143492455854	0.12016590038875871	0.1578173756371005	0.11845017274862929	1.0	0.17327870538470155	0.16138156401731105	0.16339054530005256	1.0	0.17234835530393672	0.3333333333333333	0.10261083214518348
mk	0.21089672205953397	0.14584652518649005	0.2989350844248255	0.20835642936787072	0.17080513659006702	0.16793042293012775	0.15329966551361066	0.15634354387683583	0.15758875352667157	0.16956124495718242	0.15662295980623964	0.585786437626905	0.1331001868773161	0.14372330658179056	0.13631934277107863	0.1511604210296877	0.1381357803179281	0.18215257797286183	1.0	0.23940279447365248	0.28708594921778513	0.15942887066123165	0.14450142164556987	0.15680818139840574	0.14365852490014666	0.157565481585666	0.14407759375127432	1.0	0.16784252121342735	0.1487103292856588	0.16360881991180004	1.0	0.15190809277689526	0.23371479611805132	0.1310436385531277
ml	0.22584440001865322	0.2736926643548818	0.2474401533514073	0.19029392824019403	0.1794799889580394	0.18565213910694878	0.21824572134363612	0.18224184642420252	0.18570772628509952	0.19831493256384086	0.20387166720951183	0.34054242658316675	0.262380145645065	0.18848394588483172	0.21731391573333925	0.20679434317951104	0.20180856570526004	0.18957721018887108	0.23940279447365248	1.0	0.2474401533514073	0.18359137438697862	0.2031850677913767	0.20812393129432413	0.20040379445964074	0.18126989259043744	0.31770789384168735	1.0	0.23329529965990048	0.1934313158520513	0.18347846577951066	1.0	0.1849901697014869	0.2222222222222222	0.19840763598774303
mr	0.353889367864523	0.21089672205953397	1.0	0.585786437626905	0.3797958971132712	0.40453726661826384	0.24245865534935468	0.40453726661826384	0.3597752501562547	0.3597752501562547	0.3333333333333333	1.0	0.20657348955048027	0.3333333333333333	0.30552726787943424	0.3164309725825327	0.2402530733520421	0.3638371391560647	0.28708594921778513	0.2474401533514073	1.0	0.28989794855663564	0.2958163163244893	0.2791745113185196	0.30216947925196225	0.40453726661826384	0.20791958646866815	1.0	0.3797958971132712	0.30901699437494745	0.40453726661826384	1.0	0.3333333333333333	0.4364916731037085	0.26533119314590375
nl	0.2456157050947383	0.11241444549937726	0.4142135623730951	0.22947018234477365	0.09346451994292826	0.0886943338375947	0.08488184864369673	0.06636051760738164	0.08827025740410899	0.05870681226804558	0.0833416041082971	0.44948974278317805	0.08490074122725082	0.11088126391034447	0.05593039675856575	0.059461191969332715	0.07451342815713217	0.1566093941063628	0.15942887066123165	0.18359137438697862	0.28989794855663564	1.0	0.08021075302879753	0.07762146975333722	0.09441548489607486	0.08051109693862207	0.11307111989093509	1.0	0.14095303993419675	0.13028640860564397	0.09809010357837479	1.0	0.13406215712421263	0.3090169943749474	0.07168858189673945
pl	0.3272358200570656	0.1367826461809985	0.39564392373896007	0.17367942034925343	0.0885926452346707	0.07465750898786234	0.09777069493765575	0.07959628934584069	0.0827104355803061	0.07447108888031578	0.08733256793804417	0.585786437626905	0.09711185902568664	0.1168707867838126	0.088748119765323	0.08622401468656536	0.08466358835819486	0.13358567042454308	0.14450142164556987	0.2031850677913767	0.2958163163244893	0.08021075302879753	1.0	0.1149780223307018	0.09975045574647506	0.07701081900452836	0.140650740890667	1.0	0.13719745574085873	0.13025741749078334	0.07515681243622736	1.0	0.09066156849215364	0.2791745113185196	0.09776998207325484
pt	0.18853348821810398	0.16973799444733695	0.36602540378443865	0.17290252827966857	0.10300771732844198	0.07409483013119252	0.12541994489772262	0.08315411766808038	0.07652608294196885	0.09275625179382332	0.07877567756461391	0.33300151973035974	0.12601446168606334	0.13813254618588183	0.09995168478528177	0.10122871250958765	0.11170241833657804	0.120143492455854	0.15680818139840574	0.20812393129432413	0.2791745113185196	0.07762146975333722	0.1149780223307018	1.0	0.11657232969509798	0.0758270414681649	0.14668967104542005	1.0	0.13768564791562465	0.11267620523594297	0.0741771177051373	1.0	0.09722824934577919	0.16556726505498612	0.12056857171117377
ro	0.22715307701376036	0.178476831124782	0.5	0.14934866882502365	0.10114060822765461	0.08676086790137957	0.18537316923667774	0.10049397072545774	0.0921318121558863	0.11823228582165154	0.09864690936833706	0.4142135623730951	0.17913076213718182	0.12748000418613775	0.10493374423175741	0.10787453569956011	0.1532369247349655	0.12016590038875871	0.14365852490014666	0.20040379445964074	0.30216947925196225	0.09441548489607486	0.09975045574647506	0.11657232969509798	1.0	0.08790815841724156	0.15314952607871635	1.0	0.11077376214630107	0.11463566832100403	0.08718276176122103	1.0	0.08990056133988286	0.16722520332754173	0.21965324442252382
ru	0.3017889733103316	0.10976610480758654	1.0	0.2526238451817432	0.07182768898827961	0.06494998760230226	0.08438158956113494	0.048747906982898964	0.07056684452849722	0.05042755342657575	0.11101666340350029	0.585786437626905	0.079147948304604	0.11300519939474185	0.06052009486953408	0.0629681994640198	0.07403650781698493	0.1578173756371005	0.157565481585666	0.18126989259043744	0.40453726661826384	0.08051109693862207	0.07701081900452836	0.0758270414681649	0.08790815841724156	1.0	0.11417174714461906	1.0	0.14145088318345628	0.143223300650219	0.09426874415183012	1.0	0.1248107935844498	0.585786437626905	0.0671693583747583
sh	0.17297081409648804	0.20385313524219487	0.2402530733520421	0.15420366841988947	0.1179660736235642	0.11372029111154457	0.21731653693005132	0.11693368763190205	0.11775895883132573	0.12497151969152559	0.12299855587025472	0.4142135623730951	0.21618878379182352	0.13578846829734656	0.13290688185943297	0.1229965811290611	0.1563422207297395	0.11845017274862929	0.14407759375127432	0.31770789384168735	0.20791958646866815	0.11307111989093509	0.140650740890667	0.14668967104542005	0.15314952607871635	0.11417174714461906	1.0	1.0	0.1317381998374877	0.12846111596268808	0.11512451323909687	1.0	0.11863123435765248	0.1683604963286918	0.20479788027449666
si	1.0	1.0	1.0	1.0	1.0	1.0	1.0	1.0	1.0	1.0	1.0	1.0	1.0	1.0	1.0	1.0	1.0	1.0	1.0	1.0	1.0	1.0	1.0	1.0	1.0	1.0	1.0	1.0	1.0	1.0	1.0	1.0	1.0	1.0	1.0
simple	0.23166247903554	0.13567297592071184	0.585786437626905	0.2592192604530755	0.1493083977879549	0.14952655172027288	0.11668566617040632	0.13696725920446684	0.1429134154512084	0.13761394857474626	0.13834667105047968	0.585786437626905	0.120959964327051	0.12148092387944585	0.13757130612174495	0.12438210879604154	0.11003126426257238	0.17327870538470155	0.16784252121342735	0.23329529965990048	0.3797958971132712	0.14095303993419675	0.13719745574085873	0.13768564791562465	0.11077376214630107	0.14145088318345628	0.1317381998374877	1.0	1.0	0.1407392981655886	0.1466524069361762	1.0	0.13867049162282638	0.38742588672279304	0.10638262920172613
sr	0.2955516931443059	0.12146357149286952	0.4364916731037085	0.19744927725329692	0.12997946813927702	0.1427759692256963	0.12054083663674846	0.1396703354786469	0.14352374964735262	0.12736189831774164	0.13541856761063029	0.44948974278317805	0.1209614639853413	0.10907407650117579	0.13580030933151307	0.1351810282353076	0.11165796266896168	0.16138156401731105	0.1487103292856588	0.1934313158520513	0.30901699437494745	0.13028640860564397	0.13025741749078334	0.11267620523594297	0.11463566832100403	0.143223300650219	0.12846111596268808	1.0	0.1407392981655886	1.0	0.14283107201972098	1.0	0.12751683208855738	0.2553967929896867	0.1120627457906898
sv	0.29429805508554946	0.10945147765321926	1.0	0.24216828530277282	0.07658178903433327	0.09198066034479027	0.08447652841068794	0.054324871647280906	0.10215288828222559	0.053075107915272514	0.08329928949934848	0.5	0.08283729725643722	0.10854395459826782	0.05854203923239923	0.05940335598687755	0.07265747578346206	0.16339054530005256	0.16360881991180004	0.18347846577951066	0.40453726661826384	0.09809010357837479	0.07515681243622736	0.0741771177051373	0.08718276176122103	0.09426874415183012	0.11512451323909687	1.0	0.1466524069361762	0.14283107201972098	1.0	1.0	0.1318012440438711	0.585786437626905	0.07010402900402574
te	1.0	1.0	1.0	1.0	1.0	1.0	1.0	1.0	1.0	1.0	1.0	1.0	1.0	1.0	1.0	1.0	1.0	1.0	1.0	1.0	1.0	1.0	1.0	1.0	1.0	1.0	1.0	1.0	1.0	1.0	1.0	1.0	1.0	1.0	1.0
vi	0.23166247903554	0.11550588556635076	0.585786437626905	0.24408792530940404	0.13189441008299374	0.12956102062664726	0.09587531145205525	0.08655259407382984	0.11371619769798877	0.09520598257009691	0.11556025020105876	0.585786437626905	0.08827237244408113	0.11546528690206942	0.09723271307164583	0.11027971864386721	0.08418094319778026	0.17234835530393672	0.15190809277689526	0.1849901697014869	0.3333333333333333	0.13406215712421263	0.09066156849215364	0.09722824934577919	0.08990056133988286	0.1248107935844498	0.11863123435765248	1.0	0.13867049162282638	0.12751683208855738	0.1318012440438711	1.0	1.0	0.3430703308172536	0.08700421801524111
war	0.36602540378443865	0.16139047779640892	1.0	0.3333333333333333	0.36602540378443865	0.5	0.1918253663634734	0.3430703308172536	0.4142135623730951	0.26427884169111276	0.2989350844248255	0.585786437626905	0.1467614860213248	0.30901699437494745	0.3090169943749474	0.2791745113185196	0.19367338768973055	0.3333333333333333	0.23371479611805132	0.2222222222222222	0.4364916731037085	0.3090169943749474	0.2791745113185196	0.16556726505498612	0.16722520332754173	0.585786437626905	0.1683604963286918	1.0	0.38742588672279304	0.2553967929896867	0.585786437626905	1.0	0.3430703308172536	1.0	0.19292728076790167
zh	0.1657947707235862	0.2632245930572299	0.2612038749637414	0.14465581241752412	0.0836932907586824	0.06719372909225876	0.2242687183249057	0.11282223607499442	0.08046278267754775	0.13484051727268964	0.1023825518774479	0.32881309020609956	0.3181937045318641	0.1164574636785969	0.22012562374796368	0.11293955657849648	0.15898531745039943	0.10261083214518348	0.1310436385531277	0.19840763598774303	0.26533119314590375	0.07168858189673945	0.09776998207325484	0.12056857171117377	0.21965324442252382	0.0671693583747583	0.20479788027449666	1.0	0.10638262920172613	0.1120627457906898	0.07010402900402574	1.0	0.08700421801524111	0.19292728076790167	1.0
