arz	bs	ceb	ckb	da	de	el	en	es	fr	he	hi	hu	id	it	ja	ko	lv	mk	ml	mr	nl	pl	pt	ro	ru	sh	si	simple	sr	sv	te	vi	war	zh
arz	0.5	0.0	0.0	0.0	0.008771929824561403	0.004464285714285714	0.012195121951219513	0.0032822757111597373	0.0047169811320754715	0.007352941176470588	0.014084507042253521	0.017241379310344827	0.01020408163265306	0.005952380952380952	0.0029069767441860465	0.012195121951219513	0.016129032258064516	0.03571428571428571	0.0	0.029411764705882353	0.0	0.006756756756756757	0.007352941176470588	0.009259259259259259	0.011627906976744186	0.008620689655172414	0.012195121951219513	0.0	0.011627906976744186	0.010638297872340425	0.003816793893129771	0.0	0.01818181818181818	0.0	0.013157894736842105
bs	0.0	1.0	0.029411764705882353	0.045454545454545456	0.07142857142857142	0.03333333333333333	0.08333333333333333	0.017467248908296942	0.035211267605633804	0.03640776699029126	0.07236842105263158	0.0641025641025641	0.10377358490566038	0.06896551724137931	0.04046242774566474	0.051181102362204724	0.05	0.13043478260869565	0.09615384615384616	0.14	0.05	0.03587443946188341	0.046762589928057555	0.0391566265060241	0.11702127659574468	0.045714285714285714	0.12222222222222222	0.05555555555555555	0.08	0.09615384615384616	0.04887218045112782	0.0	0.06349206349206349	0.08333333333333333	0.05982905982905983
ceb	0.0	0.029411764705882353	0.5	0.0	0.0	0.002242152466367713	0.01282051282051282	0.0010940919037199124	0.002369668246445498	0.0024509803921568627	0.007142857142857143	0.0	0.0	0.006097560975609756	0.0029411764705882353	0.0040650406504065045	0.005376344086021506	0.0	0.0	0.0	0.0	0.0022522522522522522	0.003703703703703704	0.0030864197530864196	0.012195121951219513	0.0028735632183908046	0.0	0.0	0.0	0.011111111111111112	0.003875968992248062	0.0	0.009259259259259259	0.0	0.0043859649122807015
ckb	0.0	0.045454545454545456	0.0	0.5	0.025423728813559324	0.008849557522123894	0.022727272727272728	0.007658643326039387	0.011737089201877934	0.00966183574879227	0.02027027027027027	0.03125	0.019230769230769232	0.01744186046511628	0.017543859649122806	0.02	0.02631578947368421	0.027777777777777776	0.05263157894736842	0.05	0.045454545454545456	0.011160714285714286	0.01079136690647482	0.012121212121212121	0.021739130434782608	0.014204545454545454	0.03488372093023256	0.125	0.045454545454545456	0.041666666666666664	0.015151515151515152	0.0	0.03508771929824561	0.05	0.012711864406779662
da	0.008771929824561403	0.07142857142857142	0.0	0.025423728813559324	1.0	0.09656652360515021	0.0875	0.05411255411255411	0.0782608695652174	0.08071748878923767	0.10679611650485436	0.06164383561643835	0.1144578313253012	0.10619469026548672	0.0859375	0.09333333333333334	0.10655737704918032	0.06779661016949153	0.0847457627118644	0.06451612903225806	0.017241379310344827	0.06995884773662552	0.10509554140127389	0.08967391304347826	0.11538461538461539	0.08717948717948718	0.10256410256410256	0.017857142857142856	0.0783132530120482	0.11728395061728394	0.13013698630136986	0.0	0.10555555555555556	0.026785714285714284	0.09090909090909091
de	0.004464285714285714	0.03333333333333333	0.002242152466367713	0.008849557522123894	0.09656652360515021	1.0	0.05508474576271186	0.17594433399602386	0.18670886075949367	0.19318181818181818	0.12076271186440678	0.029661016949152543	0.06722689075630252	0.11740890688259109	0.17758620689655172	0.14074074074074075	0.1220472440944882	0.024553571428571428	0.022026431718061675	0.028888888888888888	0.006666666666666667	0.13753581661891118	0.15808823529411764	0.17307692307692307	0.06652360515021459	0.17288135593220338	0.06465517241379311	0.006726457399103139	0.059322033898305086	0.07021276595744681	0.16165413533834586	0.002232142857142857	0.0819327731092437	0.008968609865470852	0.12177121771217712
el	0.012195121951219513	0.08333333333333333	0.01282051282051282	0.022727272727272728	0.0875	0.05508474576271186	0.5	0.04266958424507659	0.06818181818181818	0.07311320754716981	0.08602150537634409	0.059322033898305086	0.09722222222222222	0.105	0.06182795698924731	0.07042253521126761	0.06896551724137931	0.06666666666666667	0.08888888888888889	0.07446808510638298	0.05	0.05531914893617021	0.076158940397351	0.06779661016949153	0.11538461538461539	0.07567567567567568	0.109375	0.025	0.07142857142857142	0.1	0.07534246575342465	0.0	0.08125	0.05128205128205128	0.07518796992481203
en	0.0032822757111597373	0.017467248908296942	0.0010940919037199124	0.007658643326039387	0.05411255411255411	0.17594433399602386	0.04266958424507659	1.0	0.17474747474747473	0.17864476386036962	0.07532751091703056	0.027233115468409588	0.046637744034707156	0.08842794759825327	0.15861344537815125	0.1223175965665236	0.09912854030501089	0.01312910284463895	0.015317286652078774	0.016411378555798686	0.005470459518599562	0.1161524500907441	0.12447257383966245	0.1543340380549683	0.043668122270742356	0.15051546391752577	0.0391304347826087	0.0032822757111597373	0.04013015184381779	0.04923413566739606	0.10662525879917184	0.002188183807439825	0.05786026200873363	0.00437636761487965	0.11397849462365592
es	0.0047169811320754715	0.035211267605633804	0.002369668246445498	0.011737089201877934	0.0782608695652174	0.18670886075949367	0.06818181818181818	0.17474747474747473	1.0	0.2179930795847751	0.11353711790393013	0.038461538461538464	0.08108108108108109	0.1341991341991342	0.1978021978021978	0.1600790513833992	0.13333333333333333	0.02843601895734597	0.02570093457943925	0.028037383177570093	0.007042253521126761	0.12572254335260116	0.16030534351145037	0.21183206106870228	0.07534246575342465	0.18996415770609318	0.07339449541284404	0.0071090047393364926	0.06502242152466367	0.08447488584474885	0.13670411985018727	0.004739336492890996	0.08370044052863436	0.009478672985781991	0.16056910569105692
fr	0.007352941176470588	0.03640776699029126	0.0024509803921568627	0.00966183574879227	0.08071748878923767	0.19318181818181818	0.07311320754716981	0.17864476386036962	0.2179930795847751	1.0	0.11990950226244344	0.04481132075471698	0.07568807339449542	0.13555555555555557	0.20833333333333334	0.16194331983805668	0.1346153846153846	0.026829268292682926	0.026570048309178744	0.028985507246376812	0.007281553398058253	0.14156626506024098	0.17261904761904762	0.19318181818181818	0.07783018867924528	0.1897810218978102	0.06775700934579439	0.007352941176470588	0.07783018867924528	0.0763888888888889	0.13068181818181818	0.0024390243902439024	0.07847533632286996	0.00980392156862745	0.17088607594936708
he	0.014084507042253521	0.07236842105263158	0.007142857142857143	0.02027027027027027	0.10679611650485436	0.12076271186440678	0.08602150537634409	0.07532751091703056	0.11353711790393013	0.11990950226244344	0.5	0.07738095238095238	0.11578947368421053	0.13865546218487396	0.1	0.1266233766233766	0.14173228346456693	0.05405405405405406	0.06	0.05921052631578947	0.0136986301369863	0.08167330677290836	0.11746987951807229	0.11702127659574468	0.11666666666666667	0.12564102564102564	0.09239130434782608	0.014084507042253521	0.10326086956521739	0.11827956989247312	0.121875	0.0	0.12626262626262627	0.02112676056338028	0.13013698630136986
hi	0.017241379310344827	0.0641025641025641	0.0	0.03125	0.06164383561643835	0.029661016949152543	0.059322033898305086	0.027233115468409588	0.038461538461538464	0.04481132075471698	0.07738095238095238	0.5	0.078125	0.06770833333333333	0.04722222222222222	0.051470588235294115	0.06074766355140187	0.05714285714285714	0.039473684210526314	0.1	0.05172413793103448	0.036637931034482756	0.05102040816326531	0.04310344827586207	0.08620689655172414	0.04619565217391304	0.06896551724137931	0.017241379310344827	0.04838709677419355	0.1	0.04929577464788732	0.0	0.0547945205479452	0.016666666666666666	0.05952380952380952
hu	0.01020408163265306	0.10377358490566038	0.0	0.019230769230769232	0.1144578313253012	0.06722689075630252	0.09722222222222222	0.046637744034707156	0.08108108108108109	0.07568807339449542	0.11578947368421053	0.078125	1.0	0.11428571428571428	0.11141304347826086	0.0944055944055944	0.11946902654867257	0.09	0.07547169811320754	0.06363636363636363	0.02	0.06512605042016807	0.09477124183006536	0.08707865168539326	0.16666666666666666	0.08157894736842106	0.12318840579710146	0.020833333333333332	0.08666666666666667	0.12162162162162163	0.1111111111111111	0.0	0.0872093023255814	0.0425531914893617	0.11450381679389313
id	0.005952380952380952	0.06896551724137931	0.006097560975609756	0.01744186046511628	0.10619469026548672	0.11740890688259109	0.105	0.08842794759825327	0.1341991341991342	0.13555555555555557	0.13865546218487396	0.06770833333333333	0.11428571428571428	1.0	0.1206896551724138	0.13664596273291926	0.15298507462686567	0.052941176470588235	0.06470588235294118	0.06395348837209303	0.017857142857142856	0.09607843137254903	0.13450292397660818	0.13541666666666666	0.12755102040816327	0.14321608040201006	0.13020833333333334	0.012048192771084338	0.115	0.14795918367346939	0.1317365269461078	0.0	0.12385321100917432	0.024390243902439025	0.15771812080536912
it	0.0029069767441860465	0.04046242774566474	0.0029411764705882353	0.017543859649122806	0.0859375	0.17758620689655172	0.06182795698924731	0.15861344537815125	0.1978021978021978	0.20833333333333334	0.1	0.04722222222222222	0.11141304347826086	0.1206896551724138	1.0	0.14537444933920704	0.13221153846153846	0.02601156069364162	0.028735632183908046	0.031609195402298854	0.00872093023255814	0.14052287581699346	0.16304347826086957	0.19456066945606695	0.08287292817679558	0.171875	0.07734806629834254	0.008823529411764706	0.0893854748603352	0.08423913043478261	0.1471861471861472	0.0058823529411764705	0.07142857142857142	0.011764705882352941	0.13963963963963963
ja	0.012195121951219513	0.051181102362204724	0.0040650406504065045	0.02	0.09333333333333334	0.14074074074074075	0.07042253521126761	0.1223175965665236	0.1600790513833992	0.16194331983805668	0.1266233766233766	0.051470588235294115	0.0944055944055944	0.13664596273291926	0.14537444933920704	0.5	0.2012987012987013	0.04	0.031007751937984496	0.0390625	0.012	0.12050359712230216	0.14824120603015076	0.1506849315068493	0.09854014598540146	0.14847161572052403	0.07446808510638298	0.012195121951219513	0.08156028368794327	0.10431654676258993	0.15284974093264247	0.004032258064516129	0.11888111888111888	0.016260162601626018	0.20958083832335328
ko	0.016129032258064516	0.05	0.005376344086021506	0.02631578947368421	0.10655737704918032	0.1220472440944882	0.06896551724137931	0.09912854030501089	0.13333333333333333	0.1346153846153846	0.14173228346456693	0.06074766355140187	0.11946902654867257	0.15298507462686567	0.13221153846153846	0.2012987012987013	0.5	0.046875	0.0297029702970297	0.05102040816326531	0.010416666666666666	0.09433962264150944	0.14772727272727273	0.1375	0.11467889908256881	0.1357142857142857	0.08928571428571429	0.016129032258064516	0.08771929824561403	0.12727272727272726	0.11666666666666667	0.005319148936170213	0.11764705882352941	0.021505376344086023	0.2089041095890411
lv	0.03571428571428571	0.13043478260869565	0.0	0.027777777777777776	0.06779661016949153	0.024553571428571428	0.06666666666666667	0.01312910284463895	0.02843601895734597	0.026829268292682926	0.05405405405405406	0.05714285714285714	0.09	0.052941176470588235	0.02601156069364162	0.04	0.046875	0.5	0.06521739130434782	0.14285714285714285	0.06666666666666667	0.02466367713004484	0.04044117647058824	0.037037037037037035	0.10227272727272728	0.03142857142857143	0.09302325581395349	0.07692307692307693	0.07608695652173914	0.09375	0.046511627906976744	0.0	0.07894736842105263	0.16666666666666666	0.04310344827586207
mk	0.0	0.09615384615384616	0.0	0.05263157894736842	0.0847457627118644	0.022026431718061675	0.08888888888888889	0.015317286652078774	0.02570093457943925	0.026570048309178744	0.06	0.039473684210526314	0.07547169811320754	0.06470588235294118	0.028735632183908046	0.031007751937984496	0.0297029702970297	0.06521739130434782	0.5	0.08	0.058823529411764705	0.019823788546255508	0.04779411764705882	0.03333333333333333	0.1111111111111111	0.03409090909090909	0.08888888888888889	0.06666666666666667	0.07291666666666667	0.0784313725490196	0.033582089552238806	0.0	0.07627118644067797	0.1	0.037815126050420166
ml	0.029411764705882353	0.14	0.0	0.05	0.06451612903225806	0.028888888888888888	0.07446808510638298	0.016411378555798686	0.028037383177570093	0.028985507246376812	0.05921052631578947	0.1	0.06363636363636363	0.06395348837209303	0.031609195402298854	0.0390625	0.05102040816326531	0.14285714285714285	0.08	0.5	0.02631578947368421	0.02666666666666667	0.039568345323741004	0.029940119760479042	0.07142857142857142	0.04310344827586207	0.07446808510638298	0.0625	0.08333333333333333	0.0660377358490566	0.03731343283582089	0.0	0.09482758620689655	0.058823529411764705	0.05603448275862069
mr	0.0	0.05	0.0	0.045454545454545456	0.017241379310344827	0.006666666666666667	0.05	0.005470459518599562	0.007042253521126761	0.007281553398058253	0.0136986301369863	0.05172413793103448	0.02	0.017857142857142856	0.00872093023255814	0.012	0.010416666666666666	0.06666666666666667	0.058823529411764705	0.02631578947368421	0.5	0.008968609865470852	0.010948905109489052	0.009146341463414634	0.022727272727272728	0.011428571428571429	0.036585365853658534	0.07142857142857142	0.022727272727272728	0.031914893617021274	0.011450381679389313	0.0	0.026785714285714284	0.14285714285714285	0.01293103448275862
nl	0.006756756756756757	0.03587443946188341	0.0022522522522522522	0.011160714285714286	0.06995884773662552	0.13753581661891118	0.05531914893617021	0.1161524500907441	0.12572254335260116	0.14156626506024098	0.08167330677290836	0.036637931034482756	0.06512605042016807	0.09607843137254903	0.14052287581699346	0.12050359712230216	0.09433962264150944	0.02466367713004484	0.019823788546255508	0.02666666666666667	0.008968609865470852	1.0	0.12412587412587413	0.11146496815286625	0.06437768240343347	0.1346153846153846	0.057692307692307696	0.006756756756756757	0.057203389830508475	0.06567796610169492	0.10309278350515463	0.0	0.06326530612244897	0.009009009009009009	0.10649819494584838
pl	0.007352941176470588	0.046762589928057555	0.003703703703703704	0.01079136690647482	0.10509554140127389	0.15808823529411764	0.076158940397351	0.12447257383966245	0.16030534351145037	0.17261904761904762	0.11746987951807229	0.05102040816326531	0.09477124183006536	0.13450292397660818	0.16304347826086957	0.14824120603015076	0.14772727272727273	0.04044117647058824	0.04779411764705882	0.039568345323741004	0.010948905109489052	0.12412587412587413	1.0	0.16891891891891891	0.1111111111111111	0.18666666666666668	0.10839160839160839	0.011111111111111112	0.07142857142857142	0.11224489795918367	0.14705882352941177	0.003676470588235294	0.07975460122699386	0.014814814814814815	0.1518324607329843
pt	0.009259259259259259	0.0391566265060241	0.0030864197530864196	0.012121212121212121	0.08967391304347826	0.17307692307692307	0.06779661016949153	0.1543340380549683	0.21183206106870228	0.19318181818181818	0.11702127659574468	0.04310344827586207	0.08707865168539326	0.13541666666666666	0.19456066945606695	0.1506849315068493	0.1375	0.037037037037037035	0.03333333333333333	0.029940119760479042	0.009146341463414634	0.11146496815286625	0.16891891891891891	1.0	0.08333333333333333	0.19135802469135801	0.07758620689655173	0.009259259259259259	0.07344632768361582	0.10174418604651163	0.13815789473684212	0.006172839506172839	0.08378378378378379	0.012345679012345678	0.14485981308411214
ro	0.011627906976744186	0.11702127659574468	0.012195121951219513	0.021739130434782608	0.11538461538461539	0.06652360515021459	0.11538461538461539	0.043668122270742356	0.07534246575342465	0.07783018867924528	0.11666666666666667	0.08620689655172414	0.16666666666666666	0.12755102040816327	0.08287292817679558	0.09854014598540146	0.11467889908256881	0.10227272727272728	0.1111111111111111	0.07142857142857142	0.022727272727272728	0.06437768240343347	0.1111111111111111	0.08333333333333333	1.0	0.09392265193370165	0.16666666666666666	0.023809523809523808	0.08571428571428572	0.16153846153846155	0.0944055944055944	0.011904761904761904	0.09375	0.04878048780487805	0.11023622047244094
ru	0.008620689655172414	0.045714285714285714	0.0028735632183908046	0.014204545454545454	0.08717948717948718	0.17288135593220338	0.07567567567567568	0.15051546391752577	0.18996415770609318	0.1897810218978102	0.12564102564102564	0.04619565217391304	0.08157894736842106	0.14321608040201006	0.171875	0.14847161572052403	0.1357142857142857	0.03142857142857143	0.03409090909090909	0.04310344827586207	0.011428571428571429	0.1346153846153846	0.18666666666666668	0.19135802469135801	0.09392265193370165	0.5	0.08196721311475409	0.008620689655172414	0.0748663101604278	0.09510869565217392	0.14743589743589744	0.005747126436781609	0.09067357512953368	0.011494252873563218	0.1792452830188679
sh	0.012195121951219513	0.12222222222222222	0.0	0.03488372093023256	0.10256410256410256	0.06465517241379311	0.109375	0.0391304347826087	0.07339449541284404	0.06775700934579439	0.09239130434782608	0.06896551724137931	0.12318840579710146	0.13020833333333334	0.07734806629834254	0.07446808510638298	0.08928571428571429	0.09302325581395349	0.08888888888888889	0.07446808510638298	0.036585365853658534	0.057692307692307696	0.10839160839160839	0.07758620689655173	0.16666666666666666	0.08196721311475409	1.0	0.025	0.09701492537313433	0.1885245901639344	0.09154929577464789	0.0	0.09615384615384616	0.05128205128205128	0.08396946564885496
si	0.0	0.05555555555555555	0.0	0.125	0.017857142857142856	0.006726457399103139	0.025	0.0032822757111597373	0.0071090047393364926	0.007352941176470588	0.014084507042253521	0.017241379310344827	0.020833333333333332	0.012048192771084338	0.008823529411764706	0.012195121951219513	0.016129032258064516	0.07692307692307693	0.06666666666666667	0.0625	0.07142857142857142	0.006756756756756757	0.011111111111111112	0.009259259259259259	0.023809523809523808	0.008620689655172414	0.025	0.5	0.036585365853658534	0.021739130434782608	0.007692307692307693	0.0	0.027777777777777776	0.2	0.008695652173913044
simple	0.011627906976744186	0.08	0.0	0.045454545454545456	0.0783132530120482	0.059322033898305086	0.07142857142857142	0.04013015184381779	0.06502242152466367	0.07783018867924528	0.10326086956521739	0.04838709677419355	0.08666666666666667	0.115	0.0893854748603352	0.08156028368794327	0.08771929824561403	0.07608695652173914	0.07291666666666667	0.08333333333333333	0.022727272727272728	0.057203389830508475	0.07142857142857142	0.07344632768361582	0.08571428571428572	0.0748663101604278	0.09701492537313433	0.036585365853658534	1.0	0.07333333333333333	0.06666666666666667	0.0	0.07228915662650602	0.03571428571428571	0.07835820895522388
sr	0.010638297872340425	0.09615384615384616	0.011111111111111112	0.041666666666666664	0.11728395061728394	0.07021276595744681	0.1	0.04923413566739606	0.08447488584474885	0.0763888888888889	0.11827956989247312	0.1	0.12162162162162163	0.14795918367346939	0.08423913043478261	0.10431654676258993	0.12727272727272726	0.09375	0.0784313725490196	0.0660377358490566	0.031914893617021274	0.06567796610169492	0.11224489795918367	0.10174418604651163	0.16153846153846155	0.09510869565217392	0.1885245901639344	0.021739130434782608	0.07333333333333333	0.5	0.10839160839160839	0.010869565217391304	0.12658227848101267	0.044444444444444446	0.10227272727272728
sv	0.003816793893129771	0.04887218045112782	0.003875968992248062	0.015151515151515152	0.13013698630136986	0.16165413533834586	0.07534246575342465	0.10662525879917184	0.13670411985018727	0.13068181818181818	0.121875	0.04929577464788732	0.1111111111111111	0.1317365269461078	0.1471861471861472	0.15284974093264247	0.11666666666666667	0.046511627906976744	0.033582089552238806	0.03731343283582089	0.011450381679389313	0.10309278350515463	0.14705882352941177	0.13815789473684212	0.0944055944055944	0.14743589743589744	0.09154929577464789	0.007692307692307693	0.06666666666666667	0.10839160839160839	1.0	0.0038461538461538464	0.08653846153846154	0.015503875968992248	0.1328125
te	0.0	0.0	0.0	0.0	0.0	0.002232142857142857	0.0	0.002188183807439825	0.004739336492890996	0.0024390243902439024	0.0	0.0	0.0	0.0	0.0058823529411764705	0.004032258064516129	0.005319148936170213	0.0	0.0	0.0	0.0	0.0	0.003676470588235294	0.006172839506172839	0.011904761904761904	0.005747126436781609	0.0	0.0	0.0	0.010869565217391304	0.0038461538461538464	0.5	0.0	0.0	0.008771929824561403
vi	0.01818181818181818	0.06349206349206349	0.009259259259259259	0.03508771929824561	0.10555555555555556	0.0819327731092437	0.08125	0.05786026200873363	0.08370044052863436	0.07847533632286996	0.12626262626262627	0.0547945205479452	0.0872093023255814	0.12385321100917432	0.07142857142857142	0.11888111888111888	0.11764705882352941	0.07894736842105263	0.07627118644067797	0.09482758620689655	0.026785714285714284	0.06326530612244897	0.07975460122699386	0.08378378378378379	0.09375	0.09067357512953368	0.09615384615384616	0.027777777777777776	0.07228915662650602	0.12658227848101267	0.08653846153846154	0.0	0.5	0.037037037037037035	0.13157894736842105
war	0.0	0.08333333333333333	0.0	0.05	0.026785714285714284	0.008968609865470852	0.05128205128205128	0.00437636761487965	0.009478672985781991	0.00980392156862745	0.02112676056338028	0.016666666666666666	0.0425531914893617	0.024390243902439025	0.011764705882352941	0.016260162601626018	0.021505376344086023	0.16666666666666666	0.1	0.058823529411764705	0.14285714285714285	0.009009009009009009	0.014814814814814815	0.012345679012345678	0.04878048780487805	0.011494252873563218	0.05128205128205128	0.2	0.03571428571428571	0.044444444444444446	0.015503875968992248	0.0	0.037037037037037035	1.0	0.017543859649122806
zh	0.013157894736842105	0.05982905982905983	0.0043859649122807015	0.012711864406779662	0.09090909090909091	0.12177121771217712	0.07518796992481203	0.11397849462365592	0.16056910569105692	0.17088607594936708	0.13013698630136986	0.05952380952380952	0.11450381679389313	0.15771812080536912	0.13963963963963963	0.20958083832335328	0.2089041095890411	0.04310344827586207	0.037815126050420166	0.05603448275862069	0.01293103448275862	0.10649819494584838	0.1518324607329843	0.14485981308411214	0.11023622047244094	0.1792452830188679	0.08396946564885496	0.008695652173913044	0.07835820895522388	0.10227272727272728	0.1328125	0.008771929824561403	0.13157894736842105	0.017543859649122806	0.5
