arz	bs	ceb	ckb	da	de	el	en	es	fr	he	hi	hu	id	it	ja	ko	lv	mk	ml	mr	nl	pl	pt	ro	ru	sh	si	simple	sr	sv	te	vi	war	zh
arz	1.0	0.0	0.0	0.0	1.0	1.0	1.0	1.0	1.0	1.0	1.0	1.0	1.0	1.0	1.0	1.0	1.0	1.0	0.0	1.0	0.0	1.0	1.0	1.0	1.0	1.0	1.0	0.0	1.0	1.0	1.0	0.0	1.0	0.0	1.0
bs	0.0	1.0	1.0	1.0	0.585786437626905	0.5	0.5	0.44948974278317805	0.5	0.5	0.5	1.0	0.585786437626905	0.3797958971132712	0.5	0.5	0.5	1.0	0.585786437626905	1.0	1.0	0.5	0.5	0.585786437626905	0.5	0.5	0.585786437626905	1.0	0.5	0.5	0.5	0.0	0.585786437626905	0.585786437626905	0.5
ceb	0.0	1.0	1.0	0.0	0.0	1.0	1.0	1.0	1.0	1.0	1.0	0.0	0.0	1.0	1.0	1.0	1.0	0.0	0.0	0.0	0.0	1.0	1.0	1.0	1.0	1.0	0.0	0.0	0.0	1.0	1.0	0.0	1.0	0.0	1.0
ckb	0.0	1.0	0.0	1.0	1.0	1.0	1.0	0.585786437626905	1.0	1.0	1.0	1.0	1.0	1.0	1.0	1.0	1.0	1.0	1.0	1.0	1.0	1.0	1.0	1.0	1.0	1.0	1.0	1.0	1.0	1.0	1.0	0.0	1.0	1.0	1.0
da	1.0	0.585786437626905	0.0	1.0	1.0	0.5	1.0	0.5	1.0	0.585786437626905	1.0	1.0	1.0	1.0	1.0	1.0	1.0	1.0	1.0	1.0	1.0	1.0	0.585786437626905	1.0	1.0	1.0	1.0	1.0	0.585786437626905	1.0	0.5	0.0	1.0	0.585786437626905	1.0
de	1.0	0.5	1.0	1.0	0.5	1.0	0.585786437626905	0.13367660240019172	0.2674788903885893	0.21822796141133347	0.44948974278317805	0.585786437626905	0.585786437626905	0.3126480851423008	0.2674788903885893	0.32449979983983984	0.2958163163244893	1.0	1.0	1.0	1.0	0.2843646522044218	0.3333333333333333	0.23727324146403408	1.0	0.34833147735478825	0.585786437626905	1.0	0.585786437626905	1.0	0.28989794855663564	1.0	0.5	0.585786437626905	0.3430703308172536
el	1.0	0.5	1.0	1.0	1.0	0.585786437626905	1.0	0.5	1.0	1.0	1.0	1.0	1.0	0.5	1.0	1.0	1.0	1.0	1.0	1.0	1.0	1.0	1.0	0.5	1.0	1.0	0.585786437626905	1.0	1.0	1.0	1.0	0.0	1.0	0.585786437626905	1.0
en	1.0	0.44948974278317805	1.0	0.585786437626905	0.5	0.13367660240019172	0.5	1.0	0.15974667297574377	0.17854832631144232	0.3660254037844386	0.5	0.38742588672279304	0.21498516621900873	0.19219040425836986	0.26533119314590375	0.24025307335204216	1.0	0.585786437626905	0.585786437626905	1.0	0.23582845781094	0.27429188517743175	0.17797387640247572	0.4142135623730951	0.2898979485566356	0.3660254037844386	1.0	0.4142135623730951	0.38742588672279304	0.2592192604530755	1.0	0.44948974278317805	0.585786437626905	0.32449979983983984
es	1.0	0.5	1.0	1.0	1.0	0.2674788903885893	1.0	0.15974667297574377	1.0	0.2612038749637414	1.0	1.0	0.44948974278317805	0.30552726787943424	0.26533119314590375	0.4142135623730951	0.5	1.0	1.0	1.0	1.0	0.38742588672279304	0.38742588672279304	0.21712927295533244	0.585786437626905	0.3430703308172536	0.585786437626905	1.0	0.585786437626905	0.585786437626905	0.32881309020609956	1.0	1.0	0.585786437626905	0.4142135623730951
fr	1.0	0.5	1.0	1.0	0.585786437626905	0.21822796141133347	1.0	0.17854832631144232	0.2612038749637414	1.0	0.585786437626905	1.0	0.585786437626905	0.28989794855663564	0.2766967754673749	0.44948974278317805	0.5	1.0	1.0	1.0	1.0	0.3333333333333333	0.34833147735478825	0.25	1.0	0.5	0.4142135623730951	1.0	0.585786437626905	0.585786437626905	0.3483314773547883	1.0	1.0	0.585786437626905	0.44948974278317805
he	1.0	0.5	1.0	1.0	1.0	0.44948974278317805	1.0	0.3660254037844386	1.0	0.585786437626905	1.0	1.0	1.0	0.585786437626905	1.0	1.0	1.0	1.0	1.0	1.0	1.0	0.585786437626905	1.0	0.585786437626905	1.0	1.0	1.0	1.0	0.585786437626905	1.0	1.0	0.0	1.0	0.585786437626905	1.0
hi	1.0	1.0	0.0	1.0	1.0	0.585786437626905	1.0	0.5	1.0	1.0	1.0	1.0	1.0	1.0	1.0	1.0	1.0	1.0	1.0	1.0	1.0	1.0	1.0	1.0	1.0	1.0	1.0	1.0	1.0	1.0	1.0	0.0	1.0	1.0	1.0
hu	1.0	0.585786437626905	0.0	1.0	1.0	0.585786437626905	1.0	0.38742588672279304	0.44948974278317805	0.585786437626905	1.0	1.0	1.0	0.585786437626905	0.4356120478348471	0.585786437626905	0.585786437626905	1.0	1.0	1.0	1.0	0.585786437626905	0.5	0.585786437626905	1.0	1.0	1.0	1.0	0.5	1.0	0.585786437626905	0.0	1.0	0.585786437626905	0.585786437626905
id	1.0	0.3797958971132712	1.0	1.0	1.0	0.3126480851423008	0.5	0.21498516621900873	0.30552726787943424	0.28989794855663564	0.585786437626905	1.0	0.585786437626905	1.0	0.3483314773547883	0.3164309725825328	0.36602540378443865	1.0	1.0	1.0	1.0	0.3288130902060995	0.44948974278317805	0.3333333333333333	1.0	0.30216947925196225	0.3726822671238253	1.0	0.585786437626905	1.0	0.36602540378443865	0.0	1.0	0.585786437626905	0.3090169943749474
it	1.0	0.5	1.0	1.0	1.0	0.2674788903885893	1.0	0.19219040425836986	0.26533119314590375	0.2766967754673749	1.0	1.0	0.4356120478348471	0.3483314773547883	1.0	0.39564392373896007	1.0	1.0	1.0	1.0	1.0	0.3726822671238253	0.38742588672279304	0.2791745113185196	0.585786437626905	0.44948974278317805	0.4142135623730951	1.0	0.4364916731037085	1.0	0.3244997998398398	1.0	1.0	0.585786437626905	0.39564392373896007
ja	1.0	0.5	1.0	1.0	1.0	0.32449979983983984	1.0	0.26533119314590375	0.4142135623730951	0.44948974278317805	1.0	1.0	0.585786437626905	0.3164309725825328	0.39564392373896007	1.0	1.0	1.0	1.0	1.0	1.0	0.44948974278317805	0.5	0.32449979983983984	1.0	1.0	1.0	1.0	1.0	1.0	0.38742588672279304	1.0	1.0	0.585786437626905	1.0
ko	1.0	0.5	1.0	1.0	1.0	0.2958163163244893	1.0	0.24025307335204216	0.5	0.5	1.0	1.0	0.585786437626905	0.36602540378443865	1.0	1.0	1.0	1.0	1.0	1.0	1.0	0.5	1.0	0.5	1.0	1.0	1.0	1.0	0.5	1.0	0.5	1.0	1.0	0.585786437626905	1.0
lv	1.0	1.0	0.0	1.0	1.0	1.0	1.0	1.0	1.0	1.0	1.0	1.0	1.0	1.0	1.0	1.0	1.0	1.0	1.0	1.0	1.0	1.0	1.0	1.0	1.0	1.0	1.0	1.0	1.0	1.0	1.0	0.0	1.0	0.585786437626905	1.0
mk	0.0	0.585786437626905	0.0	1.0	1.0	1.0	1.0	0.585786437626905	1.0	1.0	1.0	1.0	1.0	1.0	1.0	1.0	1.0	1.0	1.0	1.0	1.0	1.0	1.0	1.0	1.0	1.0	1.0	1.0	1.0	1.0	1.0	0.0	1.0	0.585786437626905	1.0
ml	1.0	1.0	0.0	1.0	1.0	1.0	1.0	0.585786437626905	1.0	1.0	1.0	1.0	1.0	1.0	1.0	1.0	1.0	1.0	1.0	1.0	1.0	1.0	1.0	1.0	1.0	1.0	1.0	1.0	1.0	1.0	1.0	0.0	1.0	1.0	1.0
mr	0.0	1.0	0.0	1.0	1.0	1.0	1.0	1.0	1.0	1.0	1.0	1.0	1.0	1.0	1.0	1.0	1.0	1.0	1.0	1.0	1.0	1.0	1.0	1.0	1.0	1.0	1.0	1.0	1.0	1.0	1.0	0.0	1.0	1.0	1.0
nl	1.0	0.5	1.0	1.0	1.0	0.2843646522044218	1.0	0.23582845781094	0.38742588672279304	0.3333333333333333	0.585786437626905	1.0	0.585786437626905	0.3288130902060995	0.3726822671238253	0.44948974278317805	0.5	1.0	1.0	1.0	1.0	1.0	0.4142135623730951	0.35388936786452296	1.0	0.5	0.5	1.0	0.5	1.0	0.5	0.0	0.585786437626905	0.585786437626905	0.5
pl	1.0	0.5	1.0	1.0	0.585786437626905	0.3333333333333333	1.0	0.27429188517743175	0.38742588672279304	0.34833147735478825	1.0	1.0	0.5	0.44948974278317805	0.38742588672279304	0.5	1.0	1.0	1.0	1.0	1.0	0.4142135623730951	1.0	0.4142135623730951	0.585786437626905	0.5	0.44948974278317805	1.0	0.585786437626905	1.0	0.5	1.0	1.0	0.585786437626905	0.5
pt	1.0	0.585786437626905	1.0	1.0	1.0	0.23727324146403408	0.5	0.17797387640247572	0.21712927295533244	0.25	0.585786437626905	1.0	0.585786437626905	0.3333333333333333	0.2791745113185196	0.32449979983983984	0.5	1.0	1.0	1.0	1.0	0.35388936786452296	0.4142135623730951	1.0	0.585786437626905	0.34833147735478825	0.44948974278317805	1.0	0.585786437626905	0.585786437626905	0.4142135623730951	1.0	1.0	0.585786437626905	0.5
ro	1.0	0.5	1.0	1.0	1.0	1.0	1.0	0.4142135623730951	0.585786437626905	1.0	1.0	1.0	1.0	1.0	0.585786437626905	1.0	1.0	1.0	1.0	1.0	1.0	1.0	0.585786437626905	0.585786437626905	1.0	1.0	0.585786437626905	1.0	0.585786437626905	1.0	0.5	1.0	1.0	0.585786437626905	1.0
ru	1.0	0.5	1.0	1.0	1.0	0.34833147735478825	1.0	0.2898979485566356	0.3430703308172536	0.5	1.0	1.0	1.0	0.30216947925196225	0.44948974278317805	1.0	1.0	1.0	1.0	1.0	1.0	0.5	0.5	0.34833147735478825	1.0	1.0	0.44948974278317805	1.0	0.585786437626905	1.0	0.5	1.0	1.0	0.585786437626905	1.0
sh	1.0	0.585786437626905	0.0	1.0	1.0	0.585786437626905	0.585786437626905	0.3660254037844386	0.585786437626905	0.4142135623730951	1.0	1.0	1.0	0.3726822671238253	0.4142135623730951	1.0	1.0	1.0	1.0	1.0	1.0	0.5	0.44948974278317805	0.44948974278317805	0.585786437626905	0.44948974278317805	1.0	1.0	0.585786437626905	0.5	0.5	0.0	1.0	0.585786437626905	1.0
si	0.0	1.0	0.0	1.0	1.0	1.0	1.0	1.0	1.0	1.0	1.0	1.0	1.0	1.0	1.0	1.0	1.0	1.0	1.0	1.0	1.0	1.0	1.0	1.0	1.0	1.0	1.0	1.0	1.0	1.0	1.0	0.0	1.0	1.0	1.0
simple	1.0	0.5	0.0	1.0	0.585786437626905	0.585786437626905	1.0	0.4142135623730951	0.585786437626905	0.585786437626905	0.585786437626905	1.0	0.5	0.585786437626905	0.4364916731037085	1.0	0.5	1.0	1.0	1.0	1.0	0.5	0.585786437626905	0.585786437626905	0.585786437626905	0.585786437626905	0.585786437626905	1.0	1.0	0.585786437626905	0.585786437626905	0.0	1.0	0.585786437626905	0.585786437626905
sr	1.0	0.5	1.0	1.0	1.0	1.0	1.0	0.38742588672279304	0.585786437626905	0.585786437626905	1.0	1.0	1.0	1.0	1.0	1.0	1.0	1.0	1.0	1.0	1.0	1.0	1.0	0.585786437626905	1.0	1.0	0.5	1.0	0.585786437626905	1.0	0.585786437626905	1.0	1.0	0.585786437626905	1.0
sv	1.0	0.5	1.0	1.0	0.5	0.28989794855663564	1.0	0.2592192604530755	0.32881309020609956	0.3483314773547883	1.0	1.0	0.585786437626905	0.36602540378443865	0.3244997998398398	0.38742588672279304	0.5	1.0	1.0	1.0	1.0	0.5	0.5	0.4142135623730951	0.5	0.5	0.5	1.0	0.585786437626905	0.585786437626905	1.0	1.0	1.0	0.585786437626905	0.5
te	0.0	0.0	0.0	0.0	0.0	1.0	0.0	1.0	1.0	1.0	0.0	0.0	0.0	0.0	1.0	1.0	1.0	0.0	0.0	0.0	0.0	0.0	1.0	1.0	1.0	1.0	0.0	0.0	0.0	1.0	1.0	1.0	0.0	0.0	1.0
vi	1.0	0.585786437626905	1.0	1.0	1.0	0.5	1.0	0.44948974278317805	1.0	1.0	1.0	1.0	1.0	1.0	1.0	1.0	1.0	1.0	1.0	1.0	1.0	0.585786437626905	1.0	1.0	1.0	1.0	1.0	1.0	1.0	1.0	1.0	0.0	1.0	0.585786437626905	1.0
war	0.0	0.585786437626905	0.0	1.0	0.585786437626905	0.585786437626905	0.585786437626905	0.585786437626905	0.585786437626905	0.585786437626905	0.585786437626905	1.0	0.585786437626905	0.585786437626905	0.585786437626905	0.585786437626905	0.585786437626905	0.585786437626905	0.585786437626905	1.0	1.0	0.585786437626905	0.585786437626905	0.585786437626905	0.585786437626905	0.585786437626905	0.585786437626905	1.0	0.585786437626905	0.585786437626905	0.585786437626905	0.0	0.585786437626905	1.0	0.585786437626905
zh	1.0	0.5	1.0	1.0	1.0	0.3430703308172536	1.0	0.32449979983983984	0.4142135623730951	0.44948974278317805	1.0	1.0	0.585786437626905	0.3090169943749474	0.39564392373896007	1.0	1.0	1.0	1.0	1.0	1.0	0.5	0.5	0.5	1.0	1.0	1.0	1.0	0.585786437626905	1.0	0.5	1.0	1.0	0.585786437626905	1.0
