arz	bs	ceb	ckb	da	de	el	en	es	fr	he	hi	hu	id	it	ja	ko	lv	mk	ml	mr	nl	pl	pt	ro	ru	sh	si	simple	sr	sv	te	tr	union	vi	war	zh
arz	1.0	0.0	0.0	0.0	1.0	1.0	1.0	1.0	1.0	1.0	0.0	1.0	1.0	1.0	1.0	1.0	1.0	1.0	0.0	1.0	0.0	1.0	1.0	1.0	1.0	1.0	1.0	0.5	1.0	1.0	1.0	0.3333333333333333	1.0	1.0	1.0	0.0	1.0
bs	0.0	0.5	1.0	1.0	0.5	0.5	1.0	0.5	0.5	0.5	0.5	0.5	0.5	0.5	0.5	0.5	0.5	0.5	0.5	1.0	1.0	0.5	0.5	0.5	0.5	0.5	0.5	0.5	0.5	0.5	0.5	0.16666666666666666	0.5	0.5	0.5	0.0	0.5
ceb	0.0	1.0	1.0	1.0	1.0	1.0	1.0	1.0	1.0	1.0	1.0	1.0	1.0	1.0	1.0	1.0	1.0	1.0	0.0	1.0	0.0	1.0	1.0	1.0	1.0	0.0	1.0	0.0	1.0	1.0	1.0	1.0	1.0	1.0	1.0	0.0	1.0
ckb	0.0	1.0	1.0	0.25	0.25	0.25	1.0	0.25	0.25	0.25	0.3333333333333333	0.3333333333333333	0.3333333333333333	0.25	0.25	0.25	0.25	0.5	1.0	0.0	1.0	0.25	0.25	0.25	0.25	0.25	0.25	0.25	0.5	0.25	0.25	0.16666666666666666	0.25	0.25	0.5	0.0	0.25
da	1.0	0.5	1.0	0.25	0.04775144595082053	0.05558335496298767	0.2	0.04774454701003229	0.058833910034602074	0.05557098765432098	0.125	0.16666666666666666	0.14285714285714285	0.08333333333333333	0.050004999999999994	0.07142857142857142	0.06666666666666667	0.16666666666666666	0.5	0.5	0.5	0.06668000444444445	0.07692899408284024	0.05269264567916996	0.125015625	0.07142857142857142	0.10001999999999998	0.25	0.125	0.1	0.05885815573012459	0.09090909090909091	0.09090909090909091	0.04775144595082053	0.125	1.0	0.07142857142857142
de	1.0	0.5	1.0	0.25	0.05558335496298767	0.020873401079462475	0.08333333333333333	0.022252437287724493	0.026333816513900356	0.026336602555565386	0.058823529411764705	0.125	0.06667555555555556	0.047621315192743756	0.027050439833719526	0.043478260869565216	0.047619047619047616	0.14285714285714285	0.5	0.5	0.5	0.029422152256062293	0.03334222444666889	0.028592686558426176	0.0833611250139028	0.02857142857142857	0.05558025926852778	0.2	0.10001999999999998	0.047621315192743756	0.04763265760091157	0.07142857142857142	0.0625078125	0.020873401079462475	0.08333333333333333	1.0	0.04
el	1.0	1.0	1.0	1.0	0.2	0.08333333333333333	0.05263157894736842	0.058823529411764705	0.058823529411764705	0.058823529411764705	0.14285714285714285	0.25	0.09090909090909091	0.125	0.058823529411764705	0.08333333333333333	0.1	0.25	1.0	0.5	1.0	0.1	0.1	0.07692307692307693	0.14285714285714285	0.07692307692307693	0.125	0.25	0.16666666666666666	0.1	0.1	0.1111111111111111	0.1111111111111111	0.05263157894736842	0.16666666666666666	1.0	0.09090909090909091
en	1.0	0.5	1.0	0.25	0.04774454701003229	0.022252437287724493	0.058823529411764705	0.012364815494411636	0.017877909195945802	0.01727399092365405	0.05	0.1111111111111111	0.05265653742385044	0.043529385744939676	0.01822094864665953	0.030303030303030304	0.038461538461538464	0.14285714285714285	0.5	0.5	0.5	0.02502193570769968	0.03334779224336561	0.020886601838494796	0.06668890668446224	0.023255813953488372	0.04178879116938861	0.16669444444444442	0.08335416666666667	0.04348015122873346	0.03451137114068811	0.06666666666666667	0.05559572844449388	0.012364815494411636	0.07693491124260354	1.0	0.03333333333333333
es	1.0	0.5	1.0	0.25	0.058833910034602074	0.026333816513900356	0.058823529411764705	0.017877909195945802	0.017267002815166563	0.02041858601666973	0.05555555555555555	0.1111111111111111	0.052650986155124646	0.047628117913832195	0.022745905050858578	0.03225806451612903	0.04	0.14285714285714285	0.5	0.5	0.5	0.03126270215528028	0.03704664334979699	0.024399772169552063	0.06667556445334223	0.02631578947368421	0.0500250075075075	0.2	0.08334722222222221	0.045454545454545456	0.04349150095274859	0.06666666666666667	0.055561728395061724	0.017267002815166563	0.08334027777777778	1.0	0.037037037037037035
fr	1.0	0.5	1.0	0.25	0.05557098765432098	0.026336602555565386	0.058823529411764705	0.01727399092365405	0.02041858601666973	0.015909516660365067	0.05555555555555555	0.1111111111111111	0.055561728395061724	0.04765310662136059	0.02224596304661974	0.03333333333333333	0.041666666666666664	0.14285714285714285	0.5	0.5	0.5	0.028580422053905333	0.03846746006361391	0.025013798855349628	0.07143367346938775	0.02564102564102564	0.05270652107539178	0.16669444444444442	0.09093388429752067	0.047621315192743756	0.0416753611250139	0.07142857142857142	0.058844307958477504	0.015909516660365067	0.09091735537190083	1.0	0.038461538461538464
he	0.0	0.5	1.0	0.3333333333333333	0.125	0.058823529411764705	0.14285714285714285	0.05	0.05555555555555555	0.05555555555555555	0.05	0.16666666666666666	0.1111111111111111	0.08333333333333333	0.0625	0.06666666666666667	0.07142857142857142	0.25	0.5	1.0	0.5	0.08333333333333333	0.06666666666666667	0.06666666666666667	0.125	0.058823529411764705	0.07692307692307693	0.2	0.125	0.09090909090909091	0.1	0.07142857142857142	0.1	0.05	0.1111111111111111	1.0	0.07692307692307693
hi	1.0	0.5	1.0	0.3333333333333333	0.16666666666666666	0.125	0.25	0.1111111111111111	0.1111111111111111	0.1111111111111111	0.16666666666666666	0.1111111111111111	0.2	0.14285714285714285	0.1111111111111111	0.1111111111111111	0.1111111111111111	0.2	0.5	0.5	1.0	0.14285714285714285	0.125	0.125	0.2	0.1111111111111111	0.125	0.3333333333333333	0.14285714285714285	0.16666666666666666	0.14285714285714285	0.1	0.14285714285714285	0.1111111111111111	0.16666666666666666	0.0	0.1111111111111111
hu	1.0	0.5	1.0	0.3333333333333333	0.14285714285714285	0.06667555555555556	0.09090909090909091	0.05265653742385044	0.052650986155124646	0.055561728395061724	0.1111111111111111	0.2	0.05267043226894505	0.10000999999999999	0.05266765663457659	0.07692307692307693	0.09090909090909091	0.16666666666666666	0.5	0.5	0.5	0.07143877551020407	0.07143877551020407	0.0714438928724643	0.1	0.06666666666666667	0.08335417361111111	0.25	0.14285714285714285	0.09090909090909091	0.125	0.14285714285714285	0.1111111111111111	0.05267043226894505	0.2	1.0	0.09090909090909091
id	1.0	0.5	1.0	0.25	0.08333333333333333	0.047621315192743756	0.125	0.043529385744939676	0.047628117913832195	0.04765310662136059	0.08333333333333333	0.14285714285714285	0.10000999999999999	0.04171361989422411	0.04547934710743801	0.05263157894736842	0.05555555555555555	0.16666666666666666	0.5	0.5	0.5	0.050004999999999994	0.052637119113573404	0.0434877145557656	0.07692307692307693	0.05	0.06254692192192192	0.2	0.1	0.0625	0.0625078125	0.07692307692307693	0.07144387755102041	0.04171361989422411	0.1111111111111111	1.0	0.05555555555555555
it	1.0	0.5	1.0	0.25	0.050004999999999994	0.027050439833719526	0.058823529411764705	0.01822094864665953	0.022745905050858578	0.02224596304661974	0.0625	0.1111111111111111	0.05266765663457659	0.04547934710743801	0.01708640772051004	0.04	0.043478260869565216	0.14285714285714285	0.5	0.5	0.5	0.03126270117774024	0.03572577296556761	0.023266637650090325	0.0714490000204286	0.030303030303030304	0.052695460333910316	0.2	0.09093388429752067	0.047621315192743756	0.04167708680903125	0.06666666666666667	0.058840830449826985	0.01708640772051004	0.08334722222222221	1.0	0.037037037037037035
ja	1.0	0.5	1.0	0.25	0.07142857142857142	0.043478260869565216	0.08333333333333333	0.030303030303030304	0.03225806451612903	0.03333333333333333	0.06666666666666667	0.1111111111111111	0.07692307692307693	0.05263157894736842	0.04	0.027027757487216943	0.038463017751479284	0.14285714285714285	0.5	0.5	0.5	0.043478260869565216	0.05	0.038461538461538464	0.08333333333333333	0.037037037037037035	0.05263157894736842	0.2	0.08333333333333333	0.0625	0.0625	0.07142857142857142	0.0625	0.027027757487216943	0.1	1.0	0.03571428571428571
ko	1.0	0.5	1.0	0.25	0.06666666666666667	0.047619047619047616	0.1	0.038461538461538464	0.04	0.041666666666666664	0.07142857142857142	0.1111111111111111	0.09090909090909091	0.05555555555555555	0.043478260869565216	0.038463017751479284	0.03448394768133174	0.14285714285714285	0.5	0.5	0.5	0.05	0.05	0.045454545454545456	0.08333333333333333	0.043478260869565216	0.06666666666666667	0.2	0.08333333333333333	0.06666666666666667	0.05555555555555555	0.07142857142857142	0.07142857142857142	0.03448394768133174	0.1111111111111111	1.0	0.041666666666666664
lv	1.0	0.5	1.0	0.5	0.16666666666666666	0.14285714285714285	0.25	0.14285714285714285	0.14285714285714285	0.14285714285714285	0.25	0.2	0.16666666666666666	0.16666666666666666	0.14285714285714285	0.14285714285714285	0.14285714285714285	0.14285714285714285	0.5	0.5	0.5	0.14285714285714285	0.14285714285714285	0.14285714285714285	0.16666666666666666	0.14285714285714285	0.16666666666666666	0.25	0.14285714285714285	0.16666666666666666	0.16666666666666666	0.1111111111111111	0.2	0.14285714285714285	0.2	1.0	0.16666666666666666
mk	0.0	0.5	0.0	1.0	0.5	0.5	1.0	0.5	0.5	0.5	0.5	0.5	0.5	0.5	0.5	0.5	0.5	0.5	0.3333333333333333	1.0	1.0	0.5	0.5	0.5	0.5	0.3333333333333333	0.5	0.3333333333333333	0.5	0.5	0.5	0.16666666666666666	0.5	0.3333333333333333	0.5	0.0	0.5
ml	1.0	1.0	1.0	0.0	0.5	0.5	0.5	0.5	0.5	0.5	1.0	0.5	0.5	0.5	0.5	0.5	0.5	0.5	1.0	0.5	0.0	0.5	0.5	0.5	0.5	0.5	0.5	0.3333333333333333	0.5	0.5	0.5	0.14285714285714285	0.5	0.5	0.5	0.0	0.5
mr	0.0	1.0	0.0	1.0	0.5	0.5	1.0	0.5	0.5	0.5	0.5	1.0	0.5	0.5	0.5	0.5	0.5	0.5	1.0	0.0	0.5	0.5	0.5	0.5	0.5	0.5	0.5	0.5	0.5	0.5	0.5	0.2	0.5	0.5	0.5	1.0	1.0
nl	1.0	0.5	1.0	0.25	0.06668000444444445	0.029422152256062293	0.1	0.02502193570769968	0.03126270215528028	0.028580422053905333	0.08333333333333333	0.14285714285714285	0.07143877551020407	0.050004999999999994	0.03126270117774024	0.043478260869565216	0.05	0.14285714285714285	0.5	0.5	0.5	0.02129747995496466	0.03572322066837245	0.033346678897786676	0.07693492308876924	0.03125	0.052653747927983385	0.25	0.10000999999999999	0.05555555555555555	0.050015005005005	0.07142857142857142	0.07143367346938775	0.02129747995496466	0.1111111111111111	1.0	0.047619047619047616
pl	1.0	0.5	1.0	0.25	0.07692899408284024	0.03334222444666889	0.1	0.03334779224336561	0.03704664334979699	0.03846746006361391	0.06666666666666667	0.125	0.07143877551020407	0.052637119113573404	0.03572577296556761	0.05	0.05	0.14285714285714285	0.5	0.5	0.5	0.03572322066837245	0.02704458148361586	0.03846894083432545	0.08334723612501391	0.03333333333333333	0.05557099383333951	0.2	0.09090909090909091	0.05555555555555555	0.05263989474238782	0.07142857142857142	0.07143367346938775	0.02704458148361586	0.125	1.0	0.047619047619047616
pt	1.0	0.5	1.0	0.25	0.05269264567916996	0.028592686558426176	0.07692307692307693	0.020886601838494796	0.024399772169552063	0.025013798855349628	0.06666666666666667	0.125	0.0714438928724643	0.0434877145557656	0.023266637650090325	0.038461538461538464	0.045454545454545456	0.14285714285714285	0.5	0.5	0.5	0.033346678897786676	0.03846894083432545	0.0204626238456928	0.07144898980613268	0.030303030303030304	0.047630390027215426	0.2	0.09090909090909091	0.047621315192743756	0.04547938022944024	0.06666666666666667	0.05556481481481482	0.0204626238456928	0.08334722222222221	1.0	0.04
ro	1.0	0.5	1.0	0.25	0.125015625	0.0833611250139028	0.14285714285714285	0.06668890668446224	0.06667556445334223	0.07143367346938775	0.125	0.2	0.1	0.07692307692307693	0.0714490000204286	0.08333333333333333	0.08333333333333333	0.16666666666666666	0.5	0.5	0.5	0.07693492308876924	0.08334723612501391	0.07144898980613268	0.06670227118232905	0.07142857142857142	0.10003003003003004	0.25	0.14285714285714285	0.08333333333333333	0.09092563638018185	0.1111111111111111	0.125015625	0.06670227118232905	0.2	1.0	0.08333333333333333
ru	1.0	0.5	0.0	0.25	0.07142857142857142	0.02857142857142857	0.07692307692307693	0.023255813953488372	0.02631578947368421	0.02564102564102564	0.058823529411764705	0.1111111111111111	0.06666666666666667	0.05	0.030303030303030304	0.037037037037037035	0.043478260869565216	0.14285714285714285	0.3333333333333333	0.5	0.5	0.03125	0.03333333333333333	0.030303030303030304	0.07142857142857142	0.0200008	0.05263157894736842	0.2	0.08333333333333333	0.047619047619047616	0.047619047619047616	0.07142857142857142	0.058823529411764705	0.0200008	0.1	1.0	0.037037037037037035
sh	1.0	0.5	1.0	0.25	0.10001999999999998	0.05558025926852778	0.125	0.04178879116938861	0.0500250075075075	0.05270652107539178	0.07692307692307693	0.125	0.08335417361111111	0.06254692192192192	0.052695460333910316	0.05263157894736842	0.06666666666666667	0.16666666666666666	0.5	0.5	0.5	0.052653747927983385	0.05557099383333951	0.047630390027215426	0.10003003003003004	0.05263157894736842	0.041790546473687885	0.25	0.11112345679012345	0.06666666666666667	0.09093390084299176	0.07692307692307693	0.0667111556000445	0.041790546473687885	0.1111111111111111	1.0	0.0625
si	0.5	0.5	0.0	0.25	0.25	0.2	0.25	0.16669444444444442	0.2	0.16669444444444442	0.2	0.3333333333333333	0.25	0.2	0.2	0.2	0.2	0.25	0.3333333333333333	0.3333333333333333	0.5	0.25	0.2	0.2	0.25	0.2	0.25	0.16669444444444442	0.2	0.2	0.2	0.25	0.25	0.16669444444444442	0.2	0.5	0.2
simple	1.0	0.5	1.0	0.5	0.125	0.10001999999999998	0.16666666666666666	0.08335416666666667	0.08334722222222221	0.09093388429752067	0.125	0.14285714285714285	0.14285714285714285	0.1	0.09093388429752067	0.08333333333333333	0.08333333333333333	0.14285714285714285	0.5	0.5	0.5	0.10000999999999999	0.09090909090909091	0.09090909090909091	0.14285714285714285	0.08333333333333333	0.11112345679012345	0.2	0.08335416666666667	0.1111111111111111	0.1	0.08333333333333333	0.14285714285714285	0.08335416666666667	0.14285714285714285	1.0	0.09090909090909091
sr	1.0	0.5	1.0	0.25	0.1	0.047621315192743756	0.1	0.04348015122873346	0.045454545454545456	0.047621315192743756	0.09090909090909091	0.16666666666666666	0.09090909090909091	0.0625	0.047621315192743756	0.0625	0.06666666666666667	0.16666666666666666	0.5	0.5	0.5	0.05555555555555555	0.05555555555555555	0.047621315192743756	0.08333333333333333	0.047619047619047616	0.06666666666666667	0.2	0.1111111111111111	0.04348015122873346	0.06666666666666667	0.07142857142857142	0.07692307692307693	0.04348015122873346	0.1111111111111111	1.0	0.058823529411764705
sv	1.0	0.5	1.0	0.25	0.05885815573012459	0.04763265760091157	0.1	0.03451137114068811	0.04349150095274859	0.0416753611250139	0.1	0.14285714285714285	0.125	0.0625078125	0.04167708680903125	0.0625	0.05555555555555555	0.16666666666666666	0.5	0.5	0.5	0.050015005005005	0.05263989474238782	0.04547938022944024	0.09092563638018185	0.047619047619047616	0.09093390084299176	0.2	0.1	0.06666666666666667	0.030331581464275965	0.07142857142857142	0.08334027777777778	0.030331581464275965	0.14285714285714285	1.0	0.058823529411764705
te	0.3333333333333333	0.16666666666666666	1.0	0.16666666666666666	0.09090909090909091	0.07142857142857142	0.1111111111111111	0.06666666666666667	0.06666666666666667	0.07142857142857142	0.07142857142857142	0.1	0.14285714285714285	0.07692307692307693	0.06666666666666667	0.07142857142857142	0.07142857142857142	0.1111111111111111	0.16666666666666666	0.14285714285714285	0.2	0.07142857142857142	0.07142857142857142	0.06666666666666667	0.1111111111111111	0.07142857142857142	0.07692307692307693	0.25	0.08333333333333333	0.07142857142857142	0.07142857142857142	0.06666666666666667	0.1	0.06666666666666667	0.08333333333333333	0.5	0.06666666666666667
tr	1.0	0.5	1.0	0.25	0.09090909090909091	0.0625078125	0.1111111111111111	0.05559572844449388	0.055561728395061724	0.058844307958477504	0.1	0.14285714285714285	0.1111111111111111	0.07144387755102041	0.058840830449826985	0.0625	0.07142857142857142	0.2	0.5	0.5	0.5	0.07143367346938775	0.07143367346938775	0.05556481481481482	0.125015625	0.058823529411764705	0.0667111556000445	0.25	0.14285714285714285	0.07692307692307693	0.08334027777777778	0.1	0.05266763439339617	0.05266763439339617	0.11112345679012345	1.0	0.06666666666666667
union	1.0	0.5	1.0	0.25	0.04775144595082053	0.020873401079462475	0.05263157894736842	0.012364815494411636	0.017267002815166563	0.015909516660365067	0.05	0.1111111111111111	0.05267043226894505	0.04171361989422411	0.01708640772051004	0.027027757487216943	0.03448394768133174	0.14285714285714285	0.3333333333333333	0.5	0.5	0.02129747995496466	0.02704458148361586	0.0204626238456928	0.06670227118232905	0.0200008	0.041790546473687885	0.16669444444444442	0.08335416666666667	0.04348015122873346	0.030331581464275965	0.06666666666666667	0.05266763439339617	0.009222422333399006	0.07693491124260354	1.0	0.029411764705882353
vi	1.0	0.5	1.0	0.5	0.125	0.08333333333333333	0.16666666666666666	0.07693491124260354	0.08334027777777778	0.09091735537190083	0.1111111111111111	0.16666666666666666	0.2	0.1111111111111111	0.08334722222222221	0.1	0.1111111111111111	0.2	0.5	0.5	0.5	0.1111111111111111	0.125	0.08334722222222221	0.2	0.1	0.1111111111111111	0.2	0.14285714285714285	0.1111111111111111	0.14285714285714285	0.08333333333333333	0.11112345679012345	0.07693491124260354	0.07693491124260354	1.0	0.1111111111111111
war	0.0	0.0	0.0	0.0	1.0	1.0	1.0	1.0	1.0	1.0	1.0	0.0	1.0	1.0	1.0	1.0	1.0	1.0	0.0	0.0	1.0	1.0	1.0	1.0	1.0	1.0	1.0	0.5	1.0	1.0	1.0	0.5	1.0	1.0	1.0	1.0	0.0
zh	1.0	0.5	1.0	0.25	0.07142857142857142	0.04	0.09090909090909091	0.03333333333333333	0.037037037037037035	0.038461538461538464	0.07692307692307693	0.1111111111111111	0.09090909090909091	0.05555555555555555	0.037037037037037035	0.03571428571428571	0.041666666666666664	0.16666666666666666	0.5	0.5	1.0	0.047619047619047616	0.047619047619047616	0.04	0.08333333333333333	0.037037037037037035	0.0625	0.2	0.09090909090909091	0.058823529411764705	0.058823529411764705	0.06666666666666667	0.06666666666666667	0.029411764705882353	0.1111111111111111	0.0	0.029411764705882353
