arz	bs	ceb	ckb	da	de	el	en	es	fr	he	hi	hu	id	it	ja	ko	lv	mk	ml	mr	nl	pl	pt	ro	ru	sh	si	simple	sr	sv	te	vi	war	zh
arz	1.0	1.0	1.0	1.0	1.0	0.6666666666666666	1.0	0.6666666666666666	1.0	0.6666666666666666	1.0	1.0	1.0	1.0	0.6666666666666666	1.0	1.0	1.0	1.0	1.0	1.0	1.0	1.0	1.0	1.0	1.0	0.6666666666666666	1.0	1.0	1.0	1.0	1.0	1.0	1.0	1.0
bs	1.0	1.0	1.0	1.0	0.7317073170731707	0.7142857142857143	1.0	0.7021276595744681	0.7586206896551725	0.6666666666666666	0.6666666666666666	0.6666666666666666	0.6666666666666666	0.7272727272727273	0.6666666666666666	0.6666666666666666	0.6666666666666666	0.6666666666666666	0.6666666666666666	0.6666666666666666	1.0	0.6938775510204082	0.6666666666666666	0.6666666666666666	0.7142857142857143	0.6666666666666666	0.8	1.0	0.6666666666666666	0.7586206896551725	0.7272727272727273	1.0	0.6666666666666666	1.0	0.6666666666666666
ceb	1.0	1.0	1.0	1.0	1.0	0.6666666666666666	1.0	0.6666666666666666	1.0	1.0	1.0	1.0	1.0	1.0	1.0	1.0	1.0	1.0	1.0	1.0	1.0	1.0	1.0	1.0	1.0	1.0	1.0	1.0	1.0	1.0	1.0	1.0	1.0	1.0	1.0
ckb	1.0	1.0	1.0	1.0	0.6666666666666666	0.6666666666666666	1.0	0.6666666666666666	0.6666666666666666	0.6666666666666666	1.0	1.0	1.0	0.6666666666666666	0.6666666666666666	1.0	1.0	1.0	1.0	1.0	1.0	0.6666666666666666	0.6666666666666666	1.0	0.6666666666666666	1.0	1.0	1.0	0.6666666666666666	1.0	0.6666666666666666	1.0	1.0	1.0	1.0
da	1.0	0.7317073170731707	1.0	0.6666666666666666	1.0	0.6918918918918919	0.6666666666666666	0.7209775967413442	0.7120743034055727	0.6991150442477876	0.6666666666666666	0.6666666666666666	0.6666666666666666	0.7089947089947091	0.7238095238095238	0.6666666666666666	0.6666666666666666	0.6666666666666666	0.6666666666666666	0.6666666666666666	1.0	0.7612903225806451	0.7403314917127072	0.6666666666666666	0.7076923076923076	0.6666666666666666	0.7006369426751593	0.6666666666666666	0.7096774193548386	0.673469387755102	0.7309644670050761	1.0	0.6666666666666666	0.6666666666666666	0.6666666666666666
de	0.6666666666666666	0.7142857142857143	0.6666666666666666	0.6666666666666666	0.6918918918918919	1.0	0.6666666666666666	0.7902301384357641	0.6792989104689721	0.7867001254705145	0.6666666666666666	0.6666666666666666	0.6666666666666666	0.8085836909871245	0.7497603068072867	0.6666666666666666	0.6666666666666666	0.6666666666666666	0.6666666666666666	0.6666666666666666	0.6666666666666666	0.7417027417027416	0.7439999999999999	0.6692307692307693	0.7225130890052356	0.6666666666666666	0.6909090909090909	0.6666666666666666	0.7339449541284403	0.6739130434782609	0.8102108768035515	1.0	0.6666666666666666	0.7027027027027026	0.6666666666666666
el	1.0	1.0	1.0	1.0	0.6666666666666666	0.6666666666666666	1.0	0.6666666666666666	0.6666666666666666	0.6666666666666666	1.0	1.0	1.0	0.6666666666666666	0.6666666666666666	1.0	1.0	1.0	1.0	1.0	1.0	0.6666666666666666	0.6666666666666666	1.0	0.6666666666666666	1.0	0.6666666666666666	1.0	0.6666666666666666	0.6666666666666666	0.6666666666666666	1.0	1.0	1.0	0.6666666666666666
en	0.6666666666666666	0.7021276595744681	0.6666666666666666	0.6666666666666666	0.7209775967413442	0.7902301384357641	0.6666666666666666	1.0	0.6797542904185928	0.8073373273808147	0.6666666666666666	0.6666666666666666	0.6666666666666666	0.7838557672608072	0.8094690120006576	0.6666666666666666	0.6666666666666666	0.6666666666666666	0.6666666666666666	0.6666666666666666	0.6666666666666666	0.7831736235179471	0.7087971274685817	0.6702937976060936	0.7142857142857143	0.6666666666666666	0.7212276214833759	0.6666666666666666	0.7145187601957587	0.6724324324324323	0.762624254473161	0.6666666666666666	0.6666666666666666	0.6885245901639344	0.6671107410491257
es	1.0	0.7586206896551725	1.0	0.6666666666666666	0.7120743034055727	0.6792989104689721	0.6666666666666666	0.6797542904185928	1.0	0.6722492044883605	0.6666666666666666	0.6666666666666666	0.6666666666666666	0.7139479905437353	0.6942857142857144	0.6666666666666666	0.6666666666666666	0.6666666666666666	0.6666666666666666	0.6666666666666666	0.6666666666666666	0.6845058264997842	0.7040816326530612	0.6693069306930693	0.6914893617021277	0.6666666666666666	0.6915887850467289	0.6666666666666666	0.7209302325581395	0.6728110599078341	0.6868451688009313	0.6666666666666666	0.6666666666666666	0.823529411764706	0.6703601108033241
fr	0.6666666666666666	0.6666666666666666	1.0	0.6666666666666666	0.6991150442477876	0.7867001254705145	0.6666666666666666	0.8073373273808147	0.6722492044883605	1.0	0.6666666666666666	0.6666666666666666	0.6666666666666666	0.7719298245614036	0.7351283656856605	0.6666666666666666	0.6666666666666666	0.6666666666666666	0.6666666666666666	0.6666666666666666	0.6666666666666666	0.7644197359277276	0.7400611620795107	0.6672451193058568	0.691114245416079	0.6666666666666666	0.7136563876651982	0.6666666666666666	0.7478260869565218	0.672340425531915	0.7464635473340588	1.0	0.6666666666666666	0.6666666666666666	0.6666666666666666
he	1.0	0.6666666666666666	1.0	1.0	0.6666666666666666	0.6666666666666666	1.0	0.6666666666666666	0.6666666666666666	0.6666666666666666	1.0	1.0	1.0	0.6666666666666666	0.6666666666666666	1.0	1.0	1.0	1.0	1.0	1.0	0.6666666666666666	0.6666666666666666	0.6666666666666666	0.6666666666666666	1.0	0.6666666666666666	1.0	0.6666666666666666	0.6666666666666666	0.6666666666666666	1.0	1.0	0.6666666666666666	1.0
hi	1.0	0.6666666666666666	1.0	1.0	0.6666666666666666	0.6666666666666666	1.0	0.6666666666666666	0.6666666666666666	0.6666666666666666	1.0	1.0	1.0	0.6666666666666666	0.6666666666666666	1.0	1.0	1.0	1.0	1.0	1.0	0.6666666666666666	0.6666666666666666	1.0	0.6666666666666666	1.0	0.6666666666666666	1.0	0.6666666666666666	0.6666666666666666	0.6666666666666666	1.0	1.0	0.6666666666666666	1.0
hu	1.0	0.6666666666666666	1.0	1.0	0.6666666666666666	0.6666666666666666	1.0	0.6666666666666666	0.6666666666666666	0.6666666666666666	1.0	1.0	1.0	0.6666666666666666	0.6666666666666666	1.0	1.0	1.0	1.0	1.0	1.0	0.6666666666666666	0.6666666666666666	0.6666666666666666	0.6666666666666666	1.0	0.6666666666666666	1.0	0.6666666666666666	0.6666666666666666	0.6666666666666666	1.0	1.0	1.0	0.6666666666666666
id	1.0	0.7272727272727273	1.0	0.6666666666666666	0.7089947089947091	0.8085836909871245	0.6666666666666666	0.7838557672608072	0.7139479905437353	0.7719298245614036	0.6666666666666666	0.6666666666666666	0.6666666666666666	1.0	0.752827140549273	0.6666666666666666	0.6666666666666666	0.6666666666666666	0.6666666666666666	0.6666666666666666	0.6666666666666666	0.7258320126782885	0.7448680351906158	0.6708661417322835	0.7286821705426356	0.6666666666666666	0.6950354609929078	0.6666666666666666	0.7428571428571428	0.6763636363636364	0.7686567164179106	0.6666666666666666	0.6666666666666666	0.7058823529411764	0.6666666666666666
it	0.6666666666666666	0.6666666666666666	1.0	0.6666666666666666	0.7238095238095238	0.7497603068072867	0.6666666666666666	0.8094690120006576	0.6942857142857144	0.7351283656856605	0.6666666666666666	0.6666666666666666	0.6666666666666666	0.752827140549273	1.0	0.6666666666666666	0.6666666666666666	0.6666666666666666	0.6666666666666666	0.6666666666666666	0.6666666666666666	0.7080745341614907	0.7375886524822695	0.6711635750421585	0.6946107784431137	0.6666666666666666	0.7450980392156863	0.6666666666666666	0.7	0.6838709677419355	0.7488584474885844	1.0	0.6666666666666666	0.6666666666666666	0.6666666666666666
ja	1.0	0.6666666666666666	1.0	1.0	0.6666666666666666	0.6666666666666666	1.0	0.6666666666666666	0.6666666666666666	0.6666666666666666	1.0	1.0	1.0	0.6666666666666666	0.6666666666666666	1.0	1.0	1.0	1.0	1.0	1.0	0.6666666666666666	0.6666666666666666	0.6666666666666666	0.6666666666666666	1.0	0.6666666666666666	1.0	0.6666666666666666	0.6666666666666666	0.6666666666666666	1.0	1.0	1.0	0.6666666666666666
ko	1.0	0.6666666666666666	1.0	1.0	0.6666666666666666	0.6666666666666666	1.0	0.6666666666666666	0.6666666666666666	0.6666666666666666	1.0	1.0	1.0	0.6666666666666666	0.6666666666666666	1.0	1.0	1.0	1.0	1.0	1.0	0.6666666666666666	0.6666666666666666	0.6666666666666666	0.6666666666666666	1.0	0.6666666666666666	1.0	0.6666666666666666	0.6666666666666666	0.6666666666666666	1.0	1.0	0.6666666666666666	0.6666666666666666
lv	1.0	0.6666666666666666	1.0	1.0	0.6666666666666666	0.6666666666666666	1.0	0.6666666666666666	0.6666666666666666	0.6666666666666666	1.0	1.0	1.0	0.6666666666666666	0.6666666666666666	1.0	1.0	1.0	1.0	1.0	1.0	0.6666666666666666	0.6666666666666666	1.0	0.6666666666666666	1.0	0.6666666666666666	1.0	0.6666666666666666	1.0	0.6666666666666666	1.0	1.0	0.6666666666666666	1.0
mk	1.0	0.6666666666666666	1.0	1.0	0.6666666666666666	0.6666666666666666	1.0	0.6666666666666666	0.6666666666666666	0.6666666666666666	1.0	1.0	1.0	0.6666666666666666	0.6666666666666666	1.0	1.0	1.0	1.0	1.0	1.0	0.6666666666666666	0.6666666666666666	1.0	0.6666666666666666	1.0	0.6666666666666666	1.0	0.6666666666666666	1.0	0.6666666666666666	1.0	1.0	1.0	1.0
ml	1.0	0.6666666666666666	1.0	1.0	0.6666666666666666	0.6666666666666666	1.0	0.6666666666666666	0.6666666666666666	0.6666666666666666	1.0	1.0	1.0	0.6666666666666666	0.6666666666666666	1.0	1.0	1.0	1.0	1.0	1.0	0.6666666666666666	0.6666666666666666	0.6666666666666666	0.6666666666666666	1.0	0.6666666666666666	1.0	0.6666666666666666	0.6666666666666666	0.6666666666666666	1.0	1.0	0.6666666666666666	1.0
mr	1.0	1.0	1.0	1.0	1.0	0.6666666666666666	1.0	0.6666666666666666	0.6666666666666666	0.6666666666666666	1.0	1.0	1.0	0.6666666666666666	0.6666666666666666	1.0	1.0	1.0	1.0	1.0	1.0	0.6666666666666666	0.6666666666666666	1.0	0.6666666666666666	1.0	1.0	1.0	0.6666666666666666	1.0	0.6666666666666666	1.0	1.0	1.0	1.0
nl	1.0	0.6938775510204082	1.0	0.6666666666666666	0.7612903225806451	0.7417027417027416	0.6666666666666666	0.7831736235179471	0.6845058264997842	0.7644197359277276	0.6666666666666666	0.6666666666666666	0.6666666666666666	0.7258320126782885	0.7080745341614907	0.6666666666666666	0.6666666666666666	0.6666666666666666	0.6666666666666666	0.6666666666666666	0.6666666666666666	1.0	0.7479091995221028	0.6666666666666666	0.7116883116883117	0.6666666666666666	0.7212276214833759	0.6666666666666666	0.7194244604316546	0.6696428571428571	0.74	0.6666666666666666	0.6666666666666666	0.6666666666666666	0.6666666666666666
pl	1.0	0.6666666666666666	1.0	0.6666666666666666	0.7403314917127072	0.7439999999999999	0.6666666666666666	0.7087971274685817	0.7040816326530612	0.7400611620795107	0.6666666666666666	0.6666666666666666	0.6666666666666666	0.7448680351906158	0.7375886524822695	0.6666666666666666	0.6666666666666666	0.6666666666666666	0.6666666666666666	0.6666666666666666	0.6666666666666666	0.7479091995221028	1.0	0.6768060836501901	0.6976744186046512	0.6666666666666666	0.75	0.6666666666666666	0.7169811320754716	0.6666666666666666	0.7263681592039801	0.6666666666666666	0.6666666666666666	0.6666666666666666	0.6666666666666666
pt	1.0	0.6666666666666666	1.0	1.0	0.6666666666666666	0.6692307692307693	1.0	0.6702937976060936	0.6693069306930693	0.6672451193058568	0.6666666666666666	1.0	0.6666666666666666	0.6708661417322835	0.6711635750421585	0.6666666666666666	0.6666666666666666	1.0	1.0	0.6666666666666666	1.0	0.6666666666666666	0.6768060836501901	1.0	0.6666666666666666	0.6666666666666666	0.6666666666666666	1.0	0.6818181818181818	0.6666666666666666	0.6666666666666666	1.0	0.6666666666666666	0.6666666666666666	0.7142857142857143
ro	1.0	0.7142857142857143	1.0	0.6666666666666666	0.7076923076923076	0.7225130890052356	0.6666666666666666	0.7142857142857143	0.6914893617021277	0.691114245416079	0.6666666666666666	0.6666666666666666	0.6666666666666666	0.7286821705426356	0.6946107784431137	0.6666666666666666	0.6666666666666666	0.6666666666666666	0.6666666666666666	0.6666666666666666	0.6666666666666666	0.7116883116883117	0.6976744186046512	0.6666666666666666	1.0	0.6666666666666666	0.7222222222222222	0.6666666666666666	0.6842105263157894	0.6842105263157894	0.7023411371237458	1.0	0.6666666666666666	0.6666666666666666	0.6666666666666666
ru	1.0	0.6666666666666666	1.0	1.0	0.6666666666666666	0.6666666666666666	1.0	0.6666666666666666	0.6666666666666666	0.6666666666666666	1.0	1.0	1.0	0.6666666666666666	0.6666666666666666	1.0	1.0	1.0	1.0	1.0	1.0	0.6666666666666666	0.6666666666666666	0.6666666666666666	0.6666666666666666	1.0	0.6666666666666666	1.0	0.6666666666666666	0.6666666666666666	0.6666666666666666	1.0	1.0	0.6666666666666666	1.0
sh	0.6666666666666666	0.8	1.0	1.0	0.7006369426751593	0.6909090909090909	0.6666666666666666	0.7212276214833759	0.6915887850467289	0.7136563876651982	0.6666666666666666	0.6666666666666666	0.6666666666666666	0.6950354609929078	0.7450980392156863	0.6666666666666666	0.6666666666666666	0.6666666666666666	0.6666666666666666	0.6666666666666666	1.0	0.7212276214833759	0.75	0.6666666666666666	0.7222222222222222	0.6666666666666666	1.0	0.6666666666666666	0.6666666666666666	0.7096774193548386	0.6845637583892618	0.6666666666666666	0.6666666666666666	1.0	0.6666666666666666
si	1.0	1.0	1.0	1.0	0.6666666666666666	0.6666666666666666	1.0	0.6666666666666666	0.6666666666666666	0.6666666666666666	1.0	1.0	1.0	0.6666666666666666	0.6666666666666666	1.0	1.0	1.0	1.0	1.0	1.0	0.6666666666666666	0.6666666666666666	1.0	0.6666666666666666	1.0	0.6666666666666666	1.0	0.6666666666666666	1.0	0.6666666666666666	1.0	1.0	0.6666666666666666	1.0
simple	1.0	0.6666666666666666	1.0	0.6666666666666666	0.7096774193548386	0.7339449541284403	0.6666666666666666	0.7145187601957587	0.7209302325581395	0.7478260869565218	0.6666666666666666	0.6666666666666666	0.6666666666666666	0.7428571428571428	0.7	0.6666666666666666	0.6666666666666666	0.6666666666666666	0.6666666666666666	0.6666666666666666	0.6666666666666666	0.7194244604316546	0.7169811320754716	0.6818181818181818	0.6842105263157894	0.6666666666666666	0.6666666666666666	0.6666666666666666	1.0	0.6666666666666666	0.7435897435897436	0.6666666666666666	0.6666666666666666	0.782608695652174	0.6666666666666666
sr	1.0	0.7586206896551725	1.0	1.0	0.673469387755102	0.6739130434782609	0.6666666666666666	0.6724324324324323	0.6728110599078341	0.672340425531915	0.6666666666666666	0.6666666666666666	0.6666666666666666	0.6763636363636364	0.6838709677419355	0.6666666666666666	0.6666666666666666	1.0	1.0	0.6666666666666666	1.0	0.6696428571428571	0.6666666666666666	0.6666666666666666	0.6842105263157894	0.6666666666666666	0.7096774193548386	1.0	0.6666666666666666	1.0	0.6666666666666666	0.6666666666666666	0.6666666666666666	0.6666666666666666	0.6666666666666666
sv	1.0	0.7272727272727273	1.0	0.6666666666666666	0.7309644670050761	0.8102108768035515	0.6666666666666666	0.762624254473161	0.6868451688009313	0.7464635473340588	0.6666666666666666	0.6666666666666666	0.6666666666666666	0.7686567164179106	0.7488584474885844	0.6666666666666666	0.6666666666666666	0.6666666666666666	0.6666666666666666	0.6666666666666666	0.6666666666666666	0.74	0.7263681592039801	0.6666666666666666	0.7023411371237458	0.6666666666666666	0.6845637583892618	0.6666666666666666	0.7435897435897436	0.6666666666666666	1.0	1.0	0.6666666666666666	0.7169811320754716	0.6666666666666666
te	1.0	1.0	1.0	1.0	1.0	1.0	1.0	0.6666666666666666	0.6666666666666666	1.0	1.0	1.0	1.0	0.6666666666666666	1.0	1.0	1.0	1.0	1.0	1.0	1.0	0.6666666666666666	0.6666666666666666	1.0	1.0	1.0	0.6666666666666666	1.0	0.6666666666666666	0.6666666666666666	1.0	1.0	1.0	1.0	1.0
vi	1.0	0.6666666666666666	1.0	1.0	0.6666666666666666	0.6666666666666666	1.0	0.6666666666666666	0.6666666666666666	0.6666666666666666	1.0	1.0	1.0	0.6666666666666666	0.6666666666666666	1.0	1.0	1.0	1.0	1.0	1.0	0.6666666666666666	0.6666666666666666	0.6666666666666666	0.6666666666666666	1.0	0.6666666666666666	1.0	0.6666666666666666	0.6666666666666666	0.6666666666666666	1.0	1.0	0.6666666666666666	0.6666666666666666
war	1.0	1.0	1.0	1.0	0.6666666666666666	0.7027027027027026	1.0	0.6885245901639344	0.823529411764706	0.6666666666666666	0.6666666666666666	0.6666666666666666	1.0	0.7058823529411764	0.6666666666666666	1.0	0.6666666666666666	0.6666666666666666	1.0	0.6666666666666666	1.0	0.6666666666666666	0.6666666666666666	0.6666666666666666	0.6666666666666666	0.6666666666666666	1.0	0.6666666666666666	0.782608695652174	0.6666666666666666	0.7169811320754716	1.0	0.6666666666666666	1.0	0.6666666666666666
zh	1.0	0.6666666666666666	1.0	1.0	0.6666666666666666	0.6666666666666666	0.6666666666666666	0.6671107410491257	0.6703601108033241	0.6666666666666666	1.0	1.0	0.6666666666666666	0.6666666666666666	0.6666666666666666	0.6666666666666666	0.6666666666666666	1.0	1.0	1.0	1.0	0.6666666666666666	0.6666666666666666	0.7142857142857143	0.6666666666666666	1.0	0.6666666666666666	1.0	0.6666666666666666	0.6666666666666666	0.6666666666666666	1.0	0.6666666666666666	0.6666666666666666	1.0
