arz	bs	ceb	ckb	da	de	el	en	es	fr	he	hi	hu	id	it	ja	ko	lv	mk	ml	mr	nl	pl	pt	ro	ru	sh	si	simple	sr	sv	te	tr	union	vi	war	zh
arz	1.0	0.07627118644067797	0.06504065040650407	0.07627118644067797	0.07563025210084033	0.06818181818181818	0.06923076923076923	0.05555555555555555	0.06818181818181818	0.057692307692307696	0.075	0.0782608695652174	0.06870229007633588	0.06766917293233082	0.0743801652892562	0.07086614173228346	0.06206896551724138	0.07627118644067797	0.07627118644067797	0.07627118644067797	0.07627118644067797	0.07563025210084033	0.07258064516129033	0.07258064516129033	0.07377049180327869	0.07086614173228346	0.07627118644067797	0.17647058823529413	0.0743801652892562	0.075	0.0625	0.08421052631578947	0.1111111111111111	0.05555555555555555	0.07258064516129033	0.07627118644067797	0.07086614173228346
bs	0.07627118644067797	1.0	0.92	1.0	0.9915966386554622	0.8939393939393939	0.9076923076923077	0.7283950617283951	0.8939393939393939	0.7564102564102564	0.9833333333333333	0.9745762711864406	0.9007633587786259	0.8872180451127819	0.9752066115702479	0.9291338582677166	0.8137931034482758	1.0	1.0	1.0	1.0	0.9915966386554622	0.9516129032258065	0.9516129032258065	0.9672131147540983	0.9291338582677166	1.0	0.2627118644067797	0.9752066115702479	0.9833333333333333	0.8194444444444444	0.7666666666666667	0.4230769230769231	0.7283950617283951	0.9516129032258065	1.0	0.9291338582677166
ceb	0.06504065040650407	0.92	1.0	0.92	0.928	0.9242424242424242	0.9384615384615385	0.7530864197530864	0.9242424242424242	0.782051282051282	0.936	0.896	0.9022556390977443	0.9172932330827067	0.9285714285714286	0.9606299212598425	0.8413793103448276	0.92	0.92	0.92	0.92	0.928	0.968	0.9523809523809523	0.9365079365079365	0.9606299212598425	0.92	0.24390243902439024	0.944	0.936	0.8472222222222222	0.728	-1.0	0.7530864197530864	0.968	0.92	0.9606299212598425
ckb	0.07627118644067797	1.0	0.92	1.0	0.9915966386554622	0.8939393939393939	0.9076923076923077	0.7283950617283951	0.8939393939393939	0.7564102564102564	0.9833333333333333	0.9745762711864406	0.9007633587786259	0.8872180451127819	0.9752066115702479	0.9291338582677166	0.8137931034482758	1.0	1.0	1.0	1.0	0.9915966386554622	0.9516129032258065	0.9516129032258065	0.9672131147540983	0.9291338582677166	1.0	0.2627118644067797	0.9752066115702479	0.9833333333333333	0.8194444444444444	0.7666666666666667	0.15	0.7283950617283951	0.9516129032258065	1.0	0.9291338582677166
da	0.07563025210084033	0.9915966386554622	0.928	0.9915966386554622	1.0	0.9015151515151515	0.9153846153846154	0.7345679012345679	0.9015151515151515	0.7628205128205128	0.9916666666666667	0.9663865546218487	0.9083969465648855	0.8947368421052632	0.9834710743801653	0.937007874015748	0.8206896551724138	0.9915966386554622	0.9915966386554622	0.9915966386554622	0.9915966386554622	0.9833333333333333	0.9596774193548387	0.9596774193548387	0.9754098360655737	0.937007874015748	0.9915966386554622	0.2605042016806723	0.9834710743801653	0.9916666666666667	0.8263888888888888	0.775	0.39285714285714285	0.7345679012345679	0.9596774193548387	0.9915966386554622	0.937007874015748
de	0.06818181818181818	0.8939393939393939	0.9242424242424242	0.8939393939393939	0.9015151515151515	1.0	0.9848484848484849	0.8148148148148148	0.9701492537313433	0.8461538461538461	0.9090909090909091	0.8712121212121212	0.9774436090225563	0.9485294117647058	0.9022556390977443	0.9328358208955224	0.9103448275862069	0.8939393939393939	0.8939393939393939	0.8939393939393939	0.8939393939393939	0.9015151515151515	0.9393939393939394	0.924812030075188	0.9242424242424242	0.9621212121212122	0.8939393939393939	0.23484848484848486	0.9166666666666666	0.9090909090909091	0.9166666666666666	0.7121212121212122	0.17142857142857143	0.8148148148148148	0.9393939393939394	0.8939393939393939	0.9328358208955224
el	0.06923076923076923	0.9076923076923077	0.9384615384615385	0.9076923076923077	0.9153846153846154	0.9848484848484849	1.0	0.8024691358024691	0.9848484848484849	0.8333333333333334	0.9230769230769231	0.8846153846153846	0.9624060150375939	0.9626865671641791	0.916030534351145	0.946969696969697	0.896551724137931	0.9076923076923077	0.9076923076923077	0.9076923076923077	0.9076923076923077	0.9153846153846154	0.9538461538461539	0.9389312977099237	0.9384615384615385	0.9769230769230769	0.9076923076923077	0.23846153846153847	0.9307692307692308	0.9230769230769231	0.9027777777777778	0.7230769230769231	0.2608695652173913	0.8024691358024691	0.9538461538461539	0.9076923076923077	0.946969696969697
en	0.05555555555555555	0.7283950617283951	0.7530864197530864	0.7283950617283951	0.7345679012345679	0.8148148148148148	0.8024691358024691	1.0	0.8148148148148148	0.9629629629629629	0.7407407407407407	0.7098765432098766	0.808641975308642	0.8209876543209876	0.7469135802469136	0.7839506172839507	0.8950617283950617	0.7283950617283951	0.7283950617283951	0.7283950617283951	0.7283950617283951	0.7345679012345679	0.7654320987654321	0.7654320987654321	0.7530864197530864	0.7839506172839507	0.7283950617283951	0.19135802469135801	0.7469135802469136	0.7407407407407407	0.8888888888888888	0.5802469135802469	0.19791666666666666	1.0	0.7654320987654321	0.7283950617283951	0.7839506172839507
es	0.06818181818181818	0.8939393939393939	0.9242424242424242	0.8939393939393939	0.9015151515151515	0.9701492537313433	0.9848484848484849	0.8148148148148148	1.0	0.8461538461538461	0.9090909090909091	0.8712121212121212	0.9626865671641791	0.9629629629629629	0.9022556390977443	0.9328358208955224	0.9103448275862069	0.8939393939393939	0.8939393939393939	0.8939393939393939	0.8939393939393939	0.9015151515151515	0.9393939393939394	0.924812030075188	0.9242424242424242	0.9621212121212122	0.8939393939393939	0.23484848484848486	0.9166666666666666	0.9090909090909091	0.9166666666666666	0.7121212121212122	0.225	0.8148148148148148	0.9393939393939394	0.8939393939393939	0.9328358208955224
fr	0.057692307692307696	0.7564102564102564	0.782051282051282	0.7564102564102564	0.7628205128205128	0.8461538461538461	0.8333333333333334	0.9629629629629629	0.8461538461538461	1.0	0.7692307692307693	0.7371794871794872	0.8397435897435898	0.8525641025641025	0.7756410256410257	0.8141025641025641	0.9050632911392406	0.7564102564102564	0.7564102564102564	0.7564102564102564	0.7564102564102564	0.7628205128205128	0.7948717948717948	0.7834394904458599	0.782051282051282	0.8141025641025641	0.7564102564102564	0.1987179487179487	0.7756410256410257	0.7692307692307693	0.9230769230769231	0.6025641025641025	0.20212765957446807	0.9629629629629629	0.7948717948717948	0.7564102564102564	0.8141025641025641
he	0.075	0.9833333333333333	0.936	0.9833333333333333	0.9916666666666667	0.9090909090909091	0.9230769230769231	0.7407407407407407	0.9090909090909091	0.7692307692307693	1.0	0.9583333333333334	0.916030534351145	0.9022556390977443	0.9917355371900827	0.9448818897637795	0.8275862068965517	0.9833333333333333	0.9833333333333333	0.9833333333333333	0.9833333333333333	0.9752066115702479	0.967741935483871	0.967741935483871	0.9836065573770492	0.9448818897637795	0.9833333333333333	0.25833333333333336	0.9917355371900827	1.0	0.8333333333333334	0.7833333333333333	0.25	0.7407407407407407	0.967741935483871	0.9833333333333333	0.9448818897637795
hi	0.0782608695652174	0.9745762711864406	0.896	0.9745762711864406	0.9663865546218487	0.8712121212121212	0.8846153846153846	0.7098765432098766	0.8712121212121212	0.7371794871794872	0.9583333333333334	1.0	0.8778625954198473	0.8646616541353384	0.9504132231404959	0.905511811023622	0.7931034482758621	0.9745762711864406	0.9745762711864406	0.9745762711864406	0.9745762711864406	0.9663865546218487	0.9274193548387096	0.9274193548387096	0.9426229508196722	0.905511811023622	0.9745762711864406	0.26956521739130435	0.9504132231404959	0.9583333333333334	0.7986111111111112	0.7563025210084033	0.2916666666666667	0.7098765432098766	0.9274193548387096	0.9745762711864406	0.905511811023622
hu	0.06870229007633588	0.9007633587786259	0.9022556390977443	0.9007633587786259	0.9083969465648855	0.9774436090225563	0.9624060150375939	0.808641975308642	0.9626865671641791	0.8397435897435898	0.916030534351145	0.8778625954198473	1.0	0.9411764705882353	0.9090909090909091	0.9111111111111111	0.903448275862069	0.9007633587786259	0.9007633587786259	0.9007633587786259	0.9007633587786259	0.9083969465648855	0.9172932330827067	0.9172932330827067	0.9312977099236641	0.9398496240601504	0.9007633587786259	0.2366412213740458	0.9236641221374046	0.916030534351145	0.9097222222222222	0.7175572519083969	0.1935483870967742	0.808641975308642	0.9172932330827067	0.9007633587786259	0.9111111111111111
id	0.06766917293233082	0.8872180451127819	0.9172932330827067	0.8872180451127819	0.8947368421052632	0.9485294117647058	0.9626865671641791	0.8209876543209876	0.9629629629629629	0.8525641025641025	0.9022556390977443	0.8646616541353384	0.9411764705882353	1.0	0.9097744360902256	0.9402985074626866	0.9172413793103448	0.8872180451127819	0.8872180451127819	0.8872180451127819	0.8872180451127819	0.8947368421052632	0.9323308270676691	0.917910447761194	0.9172932330827067	0.9548872180451128	0.8872180451127819	0.23308270676691728	0.9097744360902256	0.9022556390977443	0.9236111111111112	0.706766917293233	0.3783783783783784	0.8209876543209876	0.9323308270676691	0.8872180451127819	0.9402985074626866
it	0.0743801652892562	0.9752066115702479	0.9285714285714286	0.9752066115702479	0.9834710743801653	0.9022556390977443	0.916030534351145	0.7469135802469136	0.9022556390977443	0.7756410256410257	0.9917355371900827	0.9504132231404959	0.9090909090909091	0.9097744360902256	1.0	0.952755905511811	0.8344827586206897	0.9752066115702479	0.9752066115702479	0.9752066115702479	0.9752066115702479	0.9672131147540983	0.96	0.96	0.975609756097561	0.9375	0.9752066115702479	0.256198347107438	0.9836065573770492	0.9917355371900827	0.8402777777777778	0.7768595041322314	0.25757575757575757	0.7469135802469136	0.96	0.9752066115702479	0.952755905511811
ja	0.07086614173228346	0.9291338582677166	0.9606299212598425	0.9291338582677166	0.937007874015748	0.9328358208955224	0.946969696969697	0.7839506172839507	0.9328358208955224	0.8141025641025641	0.9448818897637795	0.905511811023622	0.9111111111111111	0.9402985074626866	0.952755905511811	1.0	0.863013698630137	0.9291338582677166	0.9291338582677166	0.9291338582677166	0.9291338582677166	0.937007874015748	0.9763779527559056	0.9609375	0.9453125	0.9689922480620154	0.9291338582677166	0.2440944881889764	0.952755905511811	0.9448818897637795	0.8689655172413793	0.7401574803149606	0.32608695652173914	0.7839506172839507	0.9763779527559056	0.9291338582677166	1.0
ko	0.06206896551724138	0.8137931034482758	0.8413793103448276	0.8137931034482758	0.8206896551724138	0.9103448275862069	0.896551724137931	0.8950617283950617	0.9103448275862069	0.9050632911392406	0.8275862068965517	0.7931034482758621	0.903448275862069	0.9172413793103448	0.8344827586206897	0.863013698630137	1.0	0.8137931034482758	0.8137931034482758	0.8137931034482758	0.8137931034482758	0.8206896551724138	0.8551724137931035	0.8551724137931035	0.8413793103448276	0.8758620689655172	0.8137931034482758	0.21379310344827587	0.8344827586206897	0.8275862068965517	0.9527027027027027	0.6482758620689655	0.3793103448275862	0.8950617283950617	0.8551724137931035	0.8137931034482758	0.863013698630137
lv	0.07627118644067797	1.0	0.92	1.0	0.9915966386554622	0.8939393939393939	0.9076923076923077	0.7283950617283951	0.8939393939393939	0.7564102564102564	0.9833333333333333	0.9745762711864406	0.9007633587786259	0.8872180451127819	0.9752066115702479	0.9291338582677166	0.8137931034482758	1.0	1.0	1.0	1.0	0.9915966386554622	0.9516129032258065	0.9516129032258065	0.9672131147540983	0.9291338582677166	1.0	0.2627118644067797	0.9752066115702479	0.9833333333333333	0.8194444444444444	0.7666666666666667	0.28	0.7283950617283951	0.9516129032258065	1.0	0.9291338582677166
mk	0.07627118644067797	1.0	0.92	1.0	0.9915966386554622	0.8939393939393939	0.9076923076923077	0.7283950617283951	0.8939393939393939	0.7564102564102564	0.9833333333333333	0.9745762711864406	0.9007633587786259	0.8872180451127819	0.9752066115702479	0.9291338582677166	0.8137931034482758	1.0	1.0	1.0	1.0	0.9915966386554622	0.9516129032258065	0.9516129032258065	0.9672131147540983	0.9291338582677166	1.0	0.2627118644067797	0.9752066115702479	0.9833333333333333	0.8194444444444444	0.7666666666666667	0.24	0.7283950617283951	0.9516129032258065	1.0	0.9291338582677166
ml	0.07627118644067797	1.0	0.92	1.0	0.9915966386554622	0.8939393939393939	0.9076923076923077	0.7283950617283951	0.8939393939393939	0.7564102564102564	0.9833333333333333	0.9745762711864406	0.9007633587786259	0.8872180451127819	0.9752066115702479	0.9291338582677166	0.8137931034482758	1.0	1.0	1.0	1.0	0.9915966386554622	0.9516129032258065	0.9516129032258065	0.9672131147540983	0.9291338582677166	1.0	0.2627118644067797	0.9752066115702479	0.9833333333333333	0.8194444444444444	0.7666666666666667	0.34615384615384615	0.7283950617283951	0.9516129032258065	1.0	0.9291338582677166
mr	0.07627118644067797	1.0	0.92	1.0	0.9915966386554622	0.8939393939393939	0.9076923076923077	0.7283950617283951	0.8939393939393939	0.7564102564102564	0.9833333333333333	0.9745762711864406	0.9007633587786259	0.8872180451127819	0.9752066115702479	0.9291338582677166	0.8137931034482758	1.0	1.0	1.0	1.0	0.9915966386554622	0.9516129032258065	0.9516129032258065	0.9672131147540983	0.9291338582677166	1.0	0.2627118644067797	0.9752066115702479	0.9833333333333333	0.8194444444444444	0.7666666666666667	0.1	0.7283950617283951	0.9516129032258065	1.0	0.9291338582677166
nl	0.07563025210084033	0.9915966386554622	0.928	0.9915966386554622	0.9833333333333333	0.9015151515151515	0.9153846153846154	0.7345679012345679	0.9015151515151515	0.7628205128205128	0.9752066115702479	0.9663865546218487	0.9083969465648855	0.8947368421052632	0.9672131147540983	0.937007874015748	0.8206896551724138	0.9915966386554622	0.9915966386554622	0.9915966386554622	0.9915966386554622	1.0	0.9596774193548387	0.9596774193548387	0.9754098360655737	0.937007874015748	0.9915966386554622	0.2605042016806723	0.9672131147540983	0.9752066115702479	0.8263888888888888	0.7603305785123967	0.13380281690140844	0.7345679012345679	0.9596774193548387	0.9915966386554622	0.937007874015748
pl	0.07258064516129033	0.9516129032258065	0.968	0.9516129032258065	0.9596774193548387	0.9393939393939394	0.9538461538461539	0.7654320987654321	0.9393939393939394	0.7948717948717948	0.967741935483871	0.9274193548387096	0.9172932330827067	0.9323308270676691	0.96	0.9763779527559056	0.8551724137931035	0.9516129032258065	0.9516129032258065	0.9516129032258065	0.9516129032258065	0.9596774193548387	1.0	0.9682539682539683	0.968	0.9763779527559056	0.9516129032258065	0.25	0.96	0.967741935483871	0.8611111111111112	0.7580645161290323	0.1875	0.7654320987654321	0.984	0.9516129032258065	0.9763779527559056
pt	0.07258064516129033	0.9516129032258065	0.9523809523809523	0.9516129032258065	0.9596774193548387	0.924812030075188	0.9389312977099237	0.7654320987654321	0.924812030075188	0.7834394904458599	0.967741935483871	0.9274193548387096	0.9172932330827067	0.917910447761194	0.96	0.9609375	0.8551724137931035	0.9516129032258065	0.9516129032258065	0.9516129032258065	0.9516129032258065	0.9596774193548387	0.9682539682539683	1.0	0.968	0.9609375	0.9516129032258065	0.25	0.9758064516129032	0.967741935483871	0.8482758620689655	0.7580645161290323	0.24358974358974358	0.7654320987654321	0.984	0.9516129032258065	0.9609375
ro	0.07377049180327869	0.9672131147540983	0.9365079365079365	0.9672131147540983	0.9754098360655737	0.9242424242424242	0.9384615384615385	0.7530864197530864	0.9242424242424242	0.782051282051282	0.9836065573770492	0.9426229508196722	0.9312977099236641	0.9172932330827067	0.975609756097561	0.9453125	0.8413793103448276	0.9672131147540983	0.9672131147540983	0.9672131147540983	0.9672131147540983	0.9754098360655737	0.968	0.968	1.0	0.9606299212598425	0.9672131147540983	0.2540983606557377	0.975609756097561	0.9836065573770492	0.8472222222222222	0.7704918032786885	0.21428571428571427	0.7530864197530864	0.968	0.9672131147540983	0.9453125
ru	0.07086614173228346	0.9291338582677166	0.9606299212598425	0.9291338582677166	0.937007874015748	0.9621212121212122	0.9769230769230769	0.7839506172839507	0.9621212121212122	0.8141025641025641	0.9448818897637795	0.905511811023622	0.9398496240601504	0.9548872180451128	0.9375	0.9689922480620154	0.8758620689655172	0.9291338582677166	0.9291338582677166	0.9291338582677166	0.9291338582677166	0.937007874015748	0.9763779527559056	0.9609375	0.9606299212598425	1.0	0.9291338582677166	0.2440944881889764	0.952755905511811	0.9448818897637795	0.8819444444444444	0.7401574803149606	0.24675324675324675	0.7839506172839507	0.9763779527559056	0.9291338582677166	0.9689922480620154
sh	0.07627118644067797	1.0	0.92	1.0	0.9915966386554622	0.8939393939393939	0.9076923076923077	0.7283950617283951	0.8939393939393939	0.7564102564102564	0.9833333333333333	0.9745762711864406	0.9007633587786259	0.8872180451127819	0.9752066115702479	0.9291338582677166	0.8137931034482758	1.0	1.0	1.0	1.0	0.9915966386554622	0.9516129032258065	0.9516129032258065	0.9672131147540983	0.9291338582677166	1.0	0.2627118644067797	0.9752066115702479	0.9833333333333333	0.8194444444444444	0.7666666666666667	0.25925925925925924	0.7283950617283951	0.9516129032258065	1.0	0.9291338582677166
si	0.17647058823529413	0.2627118644067797	0.24390243902439024	0.2627118644067797	0.2605042016806723	0.23484848484848486	0.23846153846153847	0.19135802469135801	0.23484848484848486	0.1987179487179487	0.25833333333333336	0.26956521739130435	0.2366412213740458	0.23308270676691728	0.256198347107438	0.2440944881889764	0.21379310344827587	0.2627118644067797	0.2627118644067797	0.2627118644067797	0.2627118644067797	0.2605042016806723	0.25	0.25	0.2540983606557377	0.2440944881889764	0.2627118644067797	1.0	0.256198347107438	0.25833333333333336	0.2152777777777778	0.3157894736842105	0.047619047619047616	0.19135802469135801	0.25	0.2627118644067797	0.2440944881889764
simple	0.0743801652892562	0.9752066115702479	0.944	0.9752066115702479	0.9834710743801653	0.9166666666666666	0.9307692307692308	0.7469135802469136	0.9166666666666666	0.7756410256410257	0.9917355371900827	0.9504132231404959	0.9236641221374046	0.9097744360902256	0.9836065573770492	0.952755905511811	0.8344827586206897	0.9752066115702479	0.9752066115702479	0.9752066115702479	0.9752066115702479	0.9672131147540983	0.96	0.9758064516129032	0.975609756097561	0.952755905511811	0.9752066115702479	0.256198347107438	1.0	0.9917355371900827	0.8402777777777778	0.7768595041322314	0.3684210526315789	0.7469135802469136	0.9758064516129032	0.9752066115702479	0.952755905511811
sr	0.075	0.9833333333333333	0.936	0.9833333333333333	0.9916666666666667	0.9090909090909091	0.9230769230769231	0.7407407407407407	0.9090909090909091	0.7692307692307693	1.0	0.9583333333333334	0.916030534351145	0.9022556390977443	0.9917355371900827	0.9448818897637795	0.8275862068965517	0.9833333333333333	0.9833333333333333	0.9833333333333333	0.9833333333333333	0.9752066115702479	0.967741935483871	0.967741935483871	0.9836065573770492	0.9448818897637795	0.9833333333333333	0.25833333333333336	0.9917355371900827	1.0	0.8333333333333334	0.7833333333333333	0.23809523809523808	0.7407407407407407	0.967741935483871	0.9833333333333333	0.9448818897637795
sv	0.0625	0.8194444444444444	0.8472222222222222	0.8194444444444444	0.8263888888888888	0.9166666666666666	0.9027777777777778	0.8888888888888888	0.9166666666666666	0.9230769230769231	0.8333333333333334	0.7986111111111112	0.9097222222222222	0.9236111111111112	0.8402777777777778	0.8689655172413793	0.9527027027027027	0.8194444444444444	0.8194444444444444	0.8194444444444444	0.8194444444444444	0.8263888888888888	0.8611111111111112	0.8482758620689655	0.8472222222222222	0.8819444444444444	0.8194444444444444	0.2152777777777778	0.8402777777777778	0.8333333333333334	1.0	0.6527777777777778	0.2765957446808511	0.8888888888888888	0.8611111111111112	0.8194444444444444	0.8689655172413793
te	0.08421052631578947	0.7666666666666667	0.728	0.7666666666666667	0.775	0.7121212121212122	0.7230769230769231	0.5802469135802469	0.7121212121212122	0.6025641025641025	0.7833333333333333	0.7563025210084033	0.7175572519083969	0.706766917293233	0.7768595041322314	0.7401574803149606	0.6482758620689655	0.7666666666666667	0.7666666666666667	0.7666666666666667	0.7666666666666667	0.7603305785123967	0.7580645161290323	0.7580645161290323	0.7704918032786885	0.7401574803149606	0.7666666666666667	0.3157894736842105	0.7768595041322314	0.7833333333333333	0.6527777777777778	1.0	0.2608695652173913	0.5802469135802469	0.7580645161290323	0.7666666666666667	0.7401574803149606
tr	0.1111111111111111	0.4230769230769231	-1.0	0.15	0.39285714285714285	0.17142857142857143	0.2608695652173913	0.19791666666666666	0.225	0.20212765957446807	0.25	0.2916666666666667	0.1935483870967742	0.3783783783783784	0.25757575757575757	0.32608695652173914	0.3793103448275862	0.28	0.24	0.34615384615384615	0.1	0.13380281690140844	0.1875	0.24358974358974358	0.21428571428571427	0.24675324675324675	0.25925925925925924	0.047619047619047616	0.3684210526315789	0.23809523809523808	0.2765957446808511	0.2608695652173913	1.0	0.12987012987012986	0.3611111111111111	0.1	0.36585365853658536
union	0.05555555555555555	0.7283950617283951	0.7530864197530864	0.7283950617283951	0.7345679012345679	0.8148148148148148	0.8024691358024691	1.0	0.8148148148148148	0.9629629629629629	0.7407407407407407	0.7098765432098766	0.808641975308642	0.8209876543209876	0.7469135802469136	0.7839506172839507	0.8950617283950617	0.7283950617283951	0.7283950617283951	0.7283950617283951	0.7283950617283951	0.7345679012345679	0.7654320987654321	0.7654320987654321	0.7530864197530864	0.7839506172839507	0.7283950617283951	0.19135802469135801	0.7469135802469136	0.7407407407407407	0.8888888888888888	0.5802469135802469	0.12987012987012986	1.0	0.7654320987654321	0.7283950617283951	0.7839506172839507
vi	0.07258064516129033	0.9516129032258065	0.968	0.9516129032258065	0.9596774193548387	0.9393939393939394	0.9538461538461539	0.7654320987654321	0.9393939393939394	0.7948717948717948	0.967741935483871	0.9274193548387096	0.9172932330827067	0.9323308270676691	0.96	0.9763779527559056	0.8551724137931035	0.9516129032258065	0.9516129032258065	0.9516129032258065	0.9516129032258065	0.9596774193548387	0.984	0.984	0.968	0.9763779527559056	0.9516129032258065	0.25	0.9758064516129032	0.967741935483871	0.8611111111111112	0.7580645161290323	0.3611111111111111	0.7654320987654321	1.0	0.9516129032258065	0.9763779527559056
war	0.07627118644067797	1.0	0.92	1.0	0.9915966386554622	0.8939393939393939	0.9076923076923077	0.7283950617283951	0.8939393939393939	0.7564102564102564	0.9833333333333333	0.9745762711864406	0.9007633587786259	0.8872180451127819	0.9752066115702479	0.9291338582677166	0.8137931034482758	1.0	1.0	1.0	1.0	0.9915966386554622	0.9516129032258065	0.9516129032258065	0.9672131147540983	0.9291338582677166	1.0	0.2627118644067797	0.9752066115702479	0.9833333333333333	0.8194444444444444	0.7666666666666667	0.1	0.7283950617283951	0.9516129032258065	1.0	0.9291338582677166
zh	0.07086614173228346	0.9291338582677166	0.9606299212598425	0.9291338582677166	0.937007874015748	0.9328358208955224	0.946969696969697	0.7839506172839507	0.9328358208955224	0.8141025641025641	0.9448818897637795	0.905511811023622	0.9111111111111111	0.9402985074626866	0.952755905511811	1.0	0.863013698630137	0.9291338582677166	0.9291338582677166	0.9291338582677166	0.9291338582677166	0.937007874015748	0.9763779527559056	0.9609375	0.9453125	0.9689922480620154	0.9291338582677166	0.2440944881889764	0.952755905511811	0.9448818897637795	0.8689655172413793	0.7401574803149606	0.36585365853658536	0.7839506172839507	0.9763779527559056	0.9291338582677166	1.0
