arz	bs	ceb	ckb	da	de	el	en	es	fr	he	hi	hu	id	it	ja	ko	lv	mk	ml	mr	nl	pl	pt	ro	ru	sh	si	simple	sr	sv	te	tr	union	vi	war	zh
arz	1.0	0.1778033727957473	0.14023796732789345	1.0	0.18109541278797675	0.1563237396035663	1.0	0.13926982932739235	0.20604619984729627	0.2935819100199252	1.0	1.0	0.3308957913896446	0.14432888364240615	0.15074481459256905	1.0	1.0	0.33220266961621087	1.0	1.0	1.0	0.15907176192565922	0.20041234923867143	0.6629057986232622	0.17960920594415833	1.0	0.12765254654733355	1.0	0.14767750194317952	1.0	0.17041609237118172	1.0	0.49401226349820326	0.1588440612768512	0.21747507283359235	0.5566075083486235	0.8273815985842674
bs	0.1778033727957473	1.0	0.27885166444325765	0.1778033727957473	0.7220713364937966	0.5070423571850571	0.1778033727957473	0.35043496368515137	0.49599018250196847	0.21284202683526235	0.1778033727957473	0.1778033727957473	0.2125810580965563	0.40047605375604667	0.3731253737327581	0.1778033727957473	0.1778033727957473	0.27071162588691045	0.1778033727957473	0.1778033727957473	0.1778033727957473	0.5454877102523902	0.3347118036696067	0.19341265928633045	0.46161311390923654	0.1778033727957473	0.1610840082150558	0.1778033727957473	0.43873594206226274	0.1778033727957473	0.622941656916702	0.1778033727957473	0.1474447234628575	0.4098949604215797	0.46107479435738685	0.1780066621049951	0.18227222894855546
ceb	0.14023796732789345	0.27885166444325765	1.0	0.14023796732789345	0.2751205333759554	0.29848739261477075	0.14023796732789345	0.28106138489500787	0.24698323672697695	0.1619700005016254	0.14023796732789345	0.14023796732789345	0.16112761297549152	0.3004991563595317	0.27734908513838646	0.14023796732789345	0.14023796732789345	0.18412038862245328	0.14023796732789345	0.14023796732789345	0.14023796732789345	0.2960395119072884	0.22250258128709505	0.14885045759079757	0.2628565677835721	0.14023796732789345	0.15194862871480772	0.14023796732789345	0.3031946887170019	0.14023796732789345	0.28271647922622223	0.14023796732789345	-1.0	0.2749883519998828	0.23907777335077515	0.13995852755682145	0.14288122016221172
ckb	1.0	0.1778033727957473	0.14023796732789345	1.0	0.18109541278797675	0.1563237396035663	1.0	0.13926982932739235	0.20604619984729627	0.2935819100199252	1.0	1.0	0.3308957913896446	0.14432888364240615	0.15074481459256905	1.0	1.0	0.33220266961621087	1.0	1.0	1.0	0.15907176192565922	0.20041234923867143	0.6629057986232622	0.17960920594415833	1.0	0.12765254654733355	1.0	0.14767750194317952	1.0	0.17041609237118172	1.0	0.4115835906953991	0.1588440612768512	0.21747507283359235	0.5566075083486235	0.8273815985842674
da	0.18109541278797675	0.7220713364937966	0.2751205333759554	0.18109541278797675	1.0	0.4904806520315789	0.18109541278797675	0.34093437459939735	0.5193052121272621	0.21705725744029836	0.18109541278797675	0.18109541278797675	0.2172350546496582	0.3866139051241183	0.36536232773101146	0.18109541278797675	0.18109541278797675	0.2783221666567987	0.18109541278797675	0.18109541278797675	0.18109541278797675	0.5213763322422008	0.3399893082932876	0.19733794680322242	0.4651593543450855	0.18109541278797675	0.16064314873492455	0.18109541278797675	0.42082282364578233	0.18109541278797675	0.6028484155942773	0.18109541278797675	0.2409343146503894	0.4040988069409208	0.4854222965655943	0.18126758761247605	0.18577679549873571
de	0.1563237396035663	0.5070423571850571	0.29848739261477075	0.1563237396035663	0.4904806520315789	1.0	0.1563237396035663	0.4475666996299338	0.3722603560217478	0.18718530536959685	0.1563237396035663	0.1563237396035663	0.18519132543735625	0.5573148467296927	0.4090237224252025	0.1563237396035663	0.1563237396035663	0.2232037354315898	0.1563237396035663	0.1563237396035663	0.1563237396035663	0.6065779266506691	0.29075143235578554	0.16823407415242378	0.40284461163046603	0.1563237396035663	0.15909424817269233	0.1563237396035663	0.5787215131567464	0.1563237396035663	0.55654424952192	0.1563237396035663	0.13823358815763948	0.4394428022310927	0.342063576216495	0.15672852229797127	0.15989786395262418
el	1.0	0.1778033727957473	0.14023796732789345	1.0	0.18109541278797675	0.1563237396035663	1.0	0.13926982932739235	0.20604619984729627	0.2935819100199252	1.0	1.0	0.3308957913896446	0.14432888364240615	0.15074481459256905	1.0	1.0	0.33220266961621087	1.0	1.0	1.0	0.15907176192565922	0.20041234923867143	0.6629057986232622	0.17960920594415833	1.0	0.12765254654733355	1.0	0.14767750194317952	1.0	0.17041609237118172	1.0	0.4115835906953991	0.1588440612768512	0.21747507283359235	0.5566075083486235	0.8273815985842674
en	0.13926982932739235	0.35043496368515137	0.28106138489500787	0.13926982932739235	0.34093437459939735	0.4475666996299338	0.13926982932739235	1.0	0.2858437698969528	0.1661810861362859	0.13926982932739235	0.13926982932739235	0.16319321029884615	0.48401063914824993	0.3690563628516802	0.13926982932739235	0.13926982932739235	0.18926624166290124	0.13926982932739235	0.13926982932739235	0.13926982932739235	0.4083453799618843	0.2515700146358808	0.14855488219819382	0.3246447399714398	0.13926982932739235	0.15387226496283252	0.13926982932739235	0.43998205689028963	0.13926982932739235	0.38654273448733767	0.13926982932739235	0.10485839968107466	0.42105887531032826	0.26730428303194104	0.13974203714906003	0.14222711297730775
es	0.20604619984729627	0.49599018250196847	0.24698323672697695	0.20604619984729627	0.5193052121272621	0.3722603560217478	0.20604619984729627	0.2858437698969528	1.0	0.24757023270734857	0.20604619984729627	0.20604619984729627	0.24994061080853047	0.3114912915572956	0.3051782844944721	0.20604619984729627	0.20604619984729627	0.33906165094655094	0.20604619984729627	0.20604619984729627	0.20604619984729627	0.3779501873185764	0.36425574284255585	0.2273943291202793	0.42573270117397816	0.20604619984729627	0.15856847214295777	0.20604619984729627	0.3214766435792607	0.20604619984729627	0.4544299414077912	0.20604619984729627	0.17489067459620355	0.35233111839251974	0.6249630042411116	0.20567090336564928	0.21241853945955813
fr	0.2935819100199252	0.21284202683526235	0.1619700005016254	0.2935819100199252	0.21705725744029836	0.18718530536959685	0.2935819100199252	0.1661810861362859	0.24757023270734857	1.0	0.2935819100199252	0.2935819100199252	0.2938398195569551	0.1710195709952952	0.18005816203521735	0.2935819100199252	0.2935819100199252	0.33387014097765055	0.2935819100199252	0.2935819100199252	0.2935819100199252	0.18909967015406745	0.25156111551734484	0.31660177220891195	0.2180765748532253	0.2935819100199252	0.13695228180949942	0.2935819100199252	0.17467195867539234	0.2935819100199252	0.2081191618377389	0.2935819100199252	0.19656063741261187	0.20696938722269215	0.25997669097634435	0.28652794991904995	0.3034819316362239
he	1.0	0.1778033727957473	0.14023796732789345	1.0	0.18109541278797675	0.1563237396035663	1.0	0.13926982932739235	0.20604619984729627	0.2935819100199252	1.0	1.0	0.3308957913896446	0.14432888364240615	0.15074481459256905	1.0	1.0	0.33220266961621087	1.0	1.0	1.0	0.15907176192565922	0.20041234923867143	0.6629057986232622	0.17960920594415833	1.0	0.12765254654733355	1.0	0.14767750194317952	1.0	0.17041609237118172	1.0	0.4115835906953991	0.1588440612768512	0.21747507283359235	0.5566075083486235	0.8273815985842674
hi	1.0	0.1778033727957473	0.14023796732789345	1.0	0.18109541278797675	0.1563237396035663	1.0	0.13926982932739235	0.20604619984729627	0.2935819100199252	1.0	1.0	0.3308957913896446	0.14432888364240615	0.15074481459256905	1.0	1.0	0.33220266961621087	1.0	1.0	1.0	0.15907176192565922	0.20041234923867143	0.6629057986232622	0.17960920594415833	1.0	0.12765254654733355	1.0	0.14767750194317952	1.0	0.17041609237118172	1.0	0.4115835906953991	0.1588440612768512	0.21747507283359235	0.5566075083486235	0.8273815985842674
hu	0.3308957913896446	0.2125810580965563	0.16112761297549152	0.3308957913896446	0.2172350546496582	0.18519132543735625	0.3308957913896446	0.16319321029884615	0.24994061080853047	0.2938398195569551	0.3308957913896446	0.3308957913896446	1.0	0.16947410357203843	0.17833513199061105	0.3308957913896446	0.3308957913896446	0.367336677672361	0.3308957913896446	0.3308957913896446	0.3308957913896446	0.18848993629127925	0.23878043191728632	0.3608133084152288	0.2175127963420747	0.3308957913896446	0.13547607088460786	0.3308957913896446	0.17320015800703797	0.3308957913896446	0.20371895195498044	0.3308957913896446	0.4115835906953991	0.1888127208435839	0.2641472994949289	0.31865939781828434	0.3415727246408424
id	0.14432888364240615	0.40047605375604667	0.3004991563595317	0.14432888364240615	0.3866139051241183	0.5573148467296927	0.14432888364240615	0.48401063914824993	0.3114912915572956	0.1710195709952952	0.14432888364240615	0.14432888364240615	0.16947410357203843	1.0	0.4049133043612597	0.14432888364240615	0.14432888364240615	0.19900067736997304	0.14432888364240615	0.14432888364240615	0.14432888364240615	0.5011634232534111	0.2592483742900825	0.15434439322143925	0.35039855474577597	0.14432888364240615	0.15657819243056356	0.14432888364240615	0.5830980734195975	0.14432888364240615	0.43577494568443975	0.14432888364240615	0.23228121373623112	0.3968175046567479	0.2888722301502542	0.1447862137763002	0.14739434150783087
it	0.15074481459256905	0.3731253737327581	0.27734908513838646	0.15074481459256905	0.36536232773101146	0.4090237224252025	0.15074481459256905	0.3690563628516802	0.3051782844944721	0.18005816203521735	0.15074481459256905	0.15074481459256905	0.17833513199061105	0.4049133043612597	1.0	0.15074481459256905	0.15074481459256905	0.20772053213286074	0.15074481459256905	0.15074481459256905	0.15074481459256905	0.40775767002869523	0.29159750368522885	0.16134674480257535	0.4543716211172891	0.15074481459256905	0.15545229656289342	0.15074481459256905	0.4255670260606706	0.15074481459256905	0.38489428909498974	0.15074481459256905	0.09939022319405402	0.3855541427980954	0.2932152035410577	0.15112580648346735	0.15401453172629906
ja	1.0	0.1778033727957473	0.14023796732789345	1.0	0.18109541278797675	0.1563237396035663	1.0	0.13926982932739235	0.20604619984729627	0.2935819100199252	1.0	1.0	0.3308957913896446	0.14432888364240615	0.15074481459256905	1.0	1.0	0.33220266961621087	1.0	1.0	1.0	0.15907176192565922	0.20041234923867143	0.6629057986232622	0.17960920594415833	1.0	0.12765254654733355	1.0	0.14767750194317952	1.0	0.17041609237118172	1.0	0.4115835906953991	0.1588440612768512	0.21747507283359235	0.5566075083486235	0.8273815985842674
ko	1.0	0.1778033727957473	0.14023796732789345	1.0	0.18109541278797675	0.1563237396035663	1.0	0.13926982932739235	0.20604619984729627	0.2935819100199252	1.0	1.0	0.3308957913896446	0.14432888364240615	0.15074481459256905	1.0	1.0	0.33220266961621087	1.0	1.0	1.0	0.15907176192565922	0.20041234923867143	0.6629057986232622	0.17960920594415833	1.0	0.12765254654733355	1.0	0.14767750194317952	1.0	0.17041609237118172	1.0	0.4115835906953991	0.1588440612768512	0.21747507283359235	0.5566075083486235	0.8273815985842674
lv	0.33220266961621087	0.27071162588691045	0.18412038862245328	0.33220266961621087	0.2783221666567987	0.2232037354315898	0.33220266961621087	0.18926624166290124	0.33906165094655094	0.33387014097765055	0.33220266961621087	0.33220266961621087	0.367336677672361	0.19900067736997304	0.20772053213286074	0.33220266961621087	0.33220266961621087	1.0	0.33220266961621087	0.33220266961621087	0.33220266961621087	0.22862025948226528	0.2946780536972358	0.39133829142081644	0.26790781855293144	0.33220266961621087	0.14649301098392675	0.33220266961621087	0.20552960703206336	0.33220266961621087	0.25318599664427516	0.33220266961621087	0.2816978580105579	0.22494572042336242	0.3726208366292401	0.32304265637659335	0.3481063596920759
mk	1.0	0.1778033727957473	0.14023796732789345	1.0	0.18109541278797675	0.1563237396035663	1.0	0.13926982932739235	0.20604619984729627	0.2935819100199252	1.0	1.0	0.3308957913896446	0.14432888364240615	0.15074481459256905	1.0	1.0	0.33220266961621087	1.0	1.0	1.0	0.15907176192565922	0.20041234923867143	0.6629057986232622	0.17960920594415833	1.0	0.12765254654733355	1.0	0.14767750194317952	1.0	0.17041609237118172	1.0	0.4115835906953991	0.1588440612768512	0.21747507283359235	0.5566075083486235	0.8273815985842674
ml	1.0	0.1778033727957473	0.14023796732789345	1.0	0.18109541278797675	0.1563237396035663	1.0	0.13926982932739235	0.20604619984729627	0.2935819100199252	1.0	1.0	0.3308957913896446	0.14432888364240615	0.15074481459256905	1.0	1.0	0.33220266961621087	1.0	1.0	1.0	0.15907176192565922	0.20041234923867143	0.6629057986232622	0.17960920594415833	1.0	0.12765254654733355	1.0	0.14767750194317952	1.0	0.17041609237118172	1.0	0.4115835906953991	0.1588440612768512	0.21747507283359235	0.5566075083486235	0.8273815985842674
mr	1.0	0.1778033727957473	0.14023796732789345	1.0	0.18109541278797675	0.1563237396035663	1.0	0.13926982932739235	0.20604619984729627	0.2935819100199252	1.0	1.0	0.3308957913896446	0.14432888364240615	0.15074481459256905	1.0	1.0	0.33220266961621087	1.0	1.0	1.0	0.15907176192565922	0.20041234923867143	0.6629057986232622	0.17960920594415833	1.0	0.12765254654733355	1.0	0.14767750194317952	1.0	0.17041609237118172	1.0	0.4115835906953991	0.1588440612768512	0.21747507283359235	0.5566075083486235	0.8273815985842674
nl	0.15907176192565922	0.5454877102523902	0.2960395119072884	0.15907176192565922	0.5213763322422008	0.6065779266506691	0.15907176192565922	0.4083453799618843	0.3779501873185764	0.18909967015406745	0.15907176192565922	0.15907176192565922	0.18848993629127925	0.5011634232534111	0.40775767002869523	0.15907176192565922	0.15907176192565922	0.22862025948226528	0.15907176192565922	0.15907176192565922	0.15907176192565922	1.0	0.29256350747295085	0.17141131335404766	0.4085773456786108	0.15907176192565922	0.15990708238174803	0.15907176192565922	0.5766773215893887	0.15907176192565922	0.5549361990771511	0.15907176192565922	0.13305500748605034	0.41360144179849273	0.35191949814569157	0.15945535299501382	0.1626079147425104
pl	0.20041234923867143	0.3347118036696067	0.22250258128709505	0.20041234923867143	0.3399893082932876	0.29075143235578554	0.20041234923867143	0.2515700146358808	0.36425574284255585	0.25156111551734484	0.20041234923867143	0.20041234923867143	0.23878043191728632	0.2592483742900825	0.29159750368522885	0.20041234923867143	0.20041234923867143	0.2946780536972358	0.20041234923867143	0.20041234923867143	0.20041234923867143	0.29256350747295085	1.0	0.21810223063193981	0.37239592830894014	0.20041234923867143	0.15267875935035366	0.20041234923867143	0.26532623259176186	0.20041234923867143	0.32507293956871597	0.20041234923867143	0.14010408928511875	0.32347124751405126	0.3760001402269841	0.19989784559757998	0.20704306611833684
pt	0.6629057986232622	0.19341265928633045	0.14885045759079757	0.6629057986232622	0.19733794680322242	0.16823407415242378	0.6629057986232622	0.14855488219819382	0.2273943291202793	0.31660177220891195	0.6629057986232622	0.6629057986232622	0.3608133084152288	0.15434439322143925	0.16134674480257535	0.6629057986232622	0.6629057986232622	0.39133829142081644	0.6629057986232622	0.6629057986232622	0.6629057986232622	0.17141131335404766	0.21810223063193981	1.0	0.19510317181348463	0.6629057986232622	0.13220923523244277	0.6629057986232622	0.15818752795987448	0.6629057986232622	0.18465673991900722	0.6629057986232622	0.29498767811511095	0.17086489476602737	0.24089563481950999	0.5235703518433327	0.7119032957362232
ro	0.17960920594415833	0.46161311390923654	0.2628565677835721	0.17960920594415833	0.4651593543450855	0.40284461163046603	0.17960920594415833	0.3246447399714398	0.42573270117397816	0.2180765748532253	0.17960920594415833	0.17960920594415833	0.2175127963420747	0.35039855474577597	0.4543716211172891	0.17960920594415833	0.17960920594415833	0.26790781855293144	0.17960920594415833	0.17960920594415833	0.17960920594415833	0.4085773456786108	0.37239592830894014	0.19510317181348463	1.0	0.17960920594415833	0.15798631736412375	0.17960920594415833	0.363666613882757	0.17960920594415833	0.4513183613399677	0.17960920594415833	0.44519798389925125	0.40532689915127146	0.41146277461067626	0.1797200564261644	0.18443078351187134
ru	1.0	0.1778033727957473	0.14023796732789345	1.0	0.18109541278797675	0.1563237396035663	1.0	0.13926982932739235	0.20604619984729627	0.2935819100199252	1.0	1.0	0.3308957913896446	0.14432888364240615	0.15074481459256905	1.0	1.0	0.33220266961621087	1.0	1.0	1.0	0.15907176192565922	0.20041234923867143	0.6629057986232622	0.17960920594415833	1.0	0.12765254654733355	1.0	0.14767750194317952	1.0	0.17041609237118172	1.0	0.4115835906953991	0.1588440612768512	0.21747507283359235	0.5566075083486235	0.8273815985842674
sh	0.12765254654733355	0.1610840082150558	0.15194862871480772	0.12765254654733355	0.16064314873492455	0.15909424817269233	0.12765254654733355	0.15387226496283252	0.15856847214295777	0.13695228180949942	0.12765254654733355	0.12765254654733355	0.13547607088460786	0.15657819243056356	0.15545229656289342	0.12765254654733355	0.12765254654733355	0.14649301098392675	0.12765254654733355	0.12765254654733355	0.12765254654733355	0.15990708238174803	0.15267875935035366	0.13220923523244277	0.15798631736412375	0.12765254654733355	1.0	0.12765254654733355	0.15792938030616138	0.12765254654733355	0.16021917858763488	0.12765254654733355	0.19251374222567605	0.15692261025885582	0.15772396300938896	0.12794644426629667	0.12903293905397523
si	1.0	0.1778033727957473	0.14023796732789345	1.0	0.18109541278797675	0.1563237396035663	1.0	0.13926982932739235	0.20604619984729627	0.2935819100199252	1.0	1.0	0.3308957913896446	0.14432888364240615	0.15074481459256905	1.0	1.0	0.33220266961621087	1.0	1.0	1.0	0.15907176192565922	0.20041234923867143	0.6629057986232622	0.17960920594415833	1.0	0.12765254654733355	1.0	0.14767750194317952	1.0	0.17041609237118172	1.0	0.4115835906953991	0.1588440612768512	0.21747507283359235	0.5566075083486235	0.8273815985842674
simple	0.14767750194317952	0.43873594206226274	0.3031946887170019	0.14767750194317952	0.42082282364578233	0.5787215131567464	0.14767750194317952	0.43998205689028963	0.3214766435792607	0.17467195867539234	0.14767750194317952	0.14767750194317952	0.17320015800703797	0.5830980734195975	0.4255670260606706	0.14767750194317952	0.14767750194317952	0.20552960703206336	0.14767750194317952	0.14767750194317952	0.14767750194317952	0.5766773215893887	0.26532623259176186	0.15818752795987448	0.363666613882757	0.14767750194317952	0.15792938030616138	0.14767750194317952	1.0	0.14767750194317952	0.4568924778802405	0.14767750194317952	0.15030550231631168	0.3903929723374011	0.3019853871162682	0.14812367430698622	0.15075201186314793
sr	1.0	0.1778033727957473	0.14023796732789345	1.0	0.18109541278797675	0.1563237396035663	1.0	0.13926982932739235	0.20604619984729627	0.2935819100199252	1.0	1.0	0.3308957913896446	0.14432888364240615	0.15074481459256905	1.0	1.0	0.33220266961621087	1.0	1.0	1.0	0.15907176192565922	0.20041234923867143	0.6629057986232622	0.17960920594415833	1.0	0.12765254654733355	1.0	0.14767750194317952	1.0	0.17041609237118172	1.0	0.4177308100491506	0.1588440612768512	0.21747507283359235	0.5566075083486235	0.8273815985842674
sv	0.17041609237118172	0.622941656916702	0.28271647922622223	0.17041609237118172	0.6028484155942773	0.55654424952192	0.17041609237118172	0.38654273448733767	0.4544299414077912	0.2081191618377389	0.17041609237118172	0.17041609237118172	0.20371895195498044	0.43577494568443975	0.38489428909498974	0.17041609237118172	0.17041609237118172	0.25318599664427516	0.17041609237118172	0.17041609237118172	0.17041609237118172	0.5549361990771511	0.32507293956871597	0.18465673991900722	0.4513183613399677	0.17041609237118172	0.16021917858763488	0.17041609237118172	0.4568924778802405	0.17041609237118172	1.0	0.17041609237118172	0.3814166052426814	0.46579221838374574	0.4135762572234501	0.17069117463527048	0.17466302649969453
te	1.0	0.1778033727957473	0.14023796732789345	1.0	0.18109541278797675	0.1563237396035663	1.0	0.13926982932739235	0.20604619984729627	0.2935819100199252	1.0	1.0	0.3308957913896446	0.14432888364240615	0.15074481459256905	1.0	1.0	0.33220266961621087	1.0	1.0	1.0	0.15907176192565922	0.20041234923867143	0.6629057986232622	0.17960920594415833	1.0	0.12765254654733355	1.0	0.14767750194317952	1.0	0.17041609237118172	1.0	0.4115835906953991	0.1588440612768512	0.21747507283359235	0.5566075083486235	0.8273815985842674
tr	0.49401226349820326	0.1474447234628575	-1.0	0.4115835906953991	0.2409343146503894	0.13823358815763948	0.4115835906953991	0.10485839968107466	0.17489067459620355	0.19656063741261187	0.4115835906953991	0.4115835906953991	0.4115835906953991	0.23228121373623112	0.09939022319405402	0.4115835906953991	0.4115835906953991	0.2816978580105579	0.4115835906953991	0.4115835906953991	0.4115835906953991	0.13305500748605034	0.14010408928511875	0.29498767811511095	0.44519798389925125	0.4115835906953991	0.19251374222567605	0.4115835906953991	0.15030550231631168	0.4177308100491506	0.3814166052426814	0.4115835906953991	1.0	0.11446555799182154	0.4115835906953991	0.4115835906953991	0.4115835906953991
union	0.1588440612768512	0.4098949604215797	0.2749883519998828	0.1588440612768512	0.4040988069409208	0.4394428022310927	0.1588440612768512	0.42105887531032826	0.35233111839251974	0.20696938722269215	0.1588440612768512	0.1588440612768512	0.1888127208435839	0.3968175046567479	0.3855541427980954	0.1588440612768512	0.1588440612768512	0.22494572042336242	0.1588440612768512	0.1588440612768512	0.1588440612768512	0.41360144179849273	0.32347124751405126	0.17086489476602737	0.40532689915127146	0.1588440612768512	0.15692261025885582	0.1588440612768512	0.3903929723374011	0.1588440612768512	0.46579221838374574	0.1588440612768512	0.11446555799182154	1.0	0.33036952678240333	0.15917205754462177	0.1627886511981383
vi	0.21747507283359235	0.46107479435738685	0.23907777335077515	0.21747507283359235	0.4854222965655943	0.342063576216495	0.21747507283359235	0.26730428303194104	0.6249630042411116	0.25997669097634435	0.21747507283359235	0.21747507283359235	0.2641472994949289	0.2888722301502542	0.2932152035410577	0.21747507283359235	0.21747507283359235	0.3726208366292401	0.21747507283359235	0.21747507283359235	0.21747507283359235	0.35191949814569157	0.3760001402269841	0.24089563481950999	0.41146277461067626	0.21747507283359235	0.15772396300938896	0.21747507283359235	0.3019853871162682	0.21747507283359235	0.4135762572234501	0.21747507283359235	0.4115835906953991	0.33036952678240333	1.0	0.21676316880871754	0.2246156758993241
war	0.5566075083486235	0.1780066621049951	0.13995852755682145	0.5566075083486235	0.18126758761247605	0.15672852229797127	0.5566075083486235	0.13974203714906003	0.20567090336564928	0.28652794991904995	0.5566075083486235	0.5566075083486235	0.31865939781828434	0.1447862137763002	0.15112580648346735	0.5566075083486235	0.5566075083486235	0.32304265637659335	0.5566075083486235	0.5566075083486235	0.5566075083486235	0.15945535299501382	0.19989784559757998	0.5235703518433327	0.1797200564261644	0.5566075083486235	0.12794644426629667	0.5566075083486235	0.14812367430698622	0.5566075083486235	0.17069117463527048	0.5566075083486235	0.4115835906953991	0.15917205754462177	0.21676316880871754	1.0	0.5523521878228691
zh	0.8273815985842674	0.18227222894855546	0.14288122016221172	0.8273815985842674	0.18577679549873571	0.15989786395262418	0.8273815985842674	0.14222711297730775	0.21241853945955813	0.3034819316362239	0.8273815985842674	0.8273815985842674	0.3415727246408424	0.14739434150783087	0.15401453172629906	0.8273815985842674	0.8273815985842674	0.3481063596920759	0.8273815985842674	0.8273815985842674	0.8273815985842674	0.1626079147425104	0.20704306611833684	0.7119032957362232	0.18443078351187134	0.8273815985842674	0.12903293905397523	0.8273815985842674	0.15075201186314793	0.8273815985842674	0.17466302649969453	0.8273815985842674	0.4115835906953991	0.1627886511981383	0.2246156758993241	0.5523521878228691	1.0
