arz	bs	ceb	ckb	da	de	el	en	es	fr	he	hi	hu	id	it	ja	ko	lv	mk	ml	mr	nl	pl	pt	ro	ru	sh	si	simple	sr	sv	te	vi	war	zh
arz	1.0	0.0	0.0	0.0	1.0	1.0	0.0	0.3203772410170407	1.0	0.5	1.0	0.0	1.0	1.0	0.585786437626905	1.0	1.0	0.0	1.0	0.0	0.0	1.0	1.0	1.0	1.0	1.0	0.0	0.0	1.0	0.0	1.0	0.0	1.0	0.0	1.0
bs	0.0	1.0	0.0	1.0	1.0	1.0	1.0	0.4142135623730951	1.0	0.585786437626905	1.0	1.0	0.585786437626905	1.0	1.0	1.0	1.0	1.0	1.0	1.0	0.0	1.0	1.0	1.0	0.0	1.0	1.0	0.0	1.0	1.0	1.0	0.0	1.0	0.0	1.0
ceb	0.0	0.0	1.0	0.0	1.0	1.0	0.0	1.0	1.0	1.0	1.0	0.0	0.0	1.0	1.0	1.0	1.0	1.0	1.0	1.0	0.0	1.0	1.0	1.0	1.0	1.0	0.0	0.0	1.0	1.0	1.0	0.0	1.0	0.0	1.0
ckb	0.0	1.0	0.0	1.0	1.0	1.0	1.0	0.27429188517743175	1.0	0.5	1.0	1.0	1.0	1.0	0.5	1.0	1.0	1.0	1.0	1.0	0.0	1.0	1.0	1.0	0.0	1.0	0.0	0.0	1.0	1.0	1.0	0.0	1.0	0.0	1.0
da	1.0	1.0	1.0	1.0	1.0	0.179569191525374	1.0	0.04660619526081278	0.3660254037844386	0.2898979485566356	1.0	1.0	0.585786437626905	0.3660254037844386	0.34833147735478825	0.38742588672279304	1.0	1.0	0.32449979983983984	1.0	0.0	0.16007445317126853	0.3660254037844386	0.38742588672279304	1.0	0.3203772410170407	1.0	0.0	1.0	1.0	0.16727843995497882	0.0	1.0	1.0	0.44948974278317805
de	1.0	1.0	1.0	1.0	0.179569191525374	1.0	0.18400240527946554	0.006537888335800123	0.0508898243605146	0.024483599899960944	0.21331887166009167	0.585786437626905	0.13693590632482888	0.17111417944158605	0.030732926251860172	0.08598344475655936	0.1827439976315568	0.5	0.20658711810431302	1.0	0.0	0.025766325754178053	0.05719243861760494	0.09752274558275362	0.5	0.017714798925452725	0.24281804566287285	0.0	0.29893508442482547	0.2070518364164892	0.12864710090977083	0.0	0.3164309725825328	1.0	0.12178632452799958
el	0.0	1.0	0.0	1.0	1.0	0.18400240527946554	1.0	0.02947092533470256	0.27429188517743175	0.11060039876245885	1.0	1.0	0.5	0.585786437626905	0.07331795061269	1.0	1.0	1.0	1.0	1.0	0.0	0.17912878474779198	0.25	0.23582845781094	0.5	1.0	1.0	0.0	1.0	1.0	0.2240092377397959	0.0	1.0	1.0	1.0
en	0.3203772410170407	0.4142135623730951	1.0	0.27429188517743175	0.04660619526081278	0.006537888335800123	0.02947092533470256	1.0	0.006667189186972903	0.006358089532125317	0.03913746139490126	0.29893508442482547	0.053954172606752566	0.03191630825306092	0.009723272901173405	0.012148571381186583	0.028390440255997497	0.2958163163244893	0.04237923842175756	0.5	1.0	0.009232976007939249	0.011673104788016154	0.009903852024909135	0.13894316793442962	0.004636382574532857	0.11548263449799293	1.0	0.05144623052083966	0.08522877663746926	0.01699844081976281	0.0	0.07951757069767086	1.0	0.0068887864510496985
es	1.0	1.0	1.0	1.0	0.3660254037844386	0.0508898243605146	0.27429188517743175	0.006667189186972903	1.0	0.024184855236451728	0.3203772410170407	1.0	0.16760090740494846	0.1827439976315568	0.02766495882446671	0.14890977052086576	0.39564392373896007	1.0	1.0	1.0	0.0	0.048509175741259694	0.10086882965263909	0.12798580027997278	0.5	0.10710461314257713	0.585786437626905	0.0	0.3203772410170407	1.0	0.17237437305961342	0.0	1.0	1.0	0.3333333333333333
fr	0.5	0.585786437626905	1.0	0.5	0.2898979485566356	0.024483599899960944	0.11060039876245885	0.006358089532125317	0.024184855236451728	1.0	0.1247219569701368	0.5	0.12698791425080003	0.11815737975201994	0.020166357946486427	0.06202808914912888	0.12318225841652766	0.38742588672279304	0.1370210657559585	0.585786437626905	0.0	0.031008374973328846	0.043166614756504344	0.05653649957990955	0.3090169943749474	0.01723564549254122	0.23785412594714164	1.0	0.16475089591824518	0.3090169943749474	0.09876028521968319	1.0	0.27429188517743175	1.0	0.05855508811966418
he	1.0	1.0	1.0	1.0	1.0	0.21331887166009167	1.0	0.03913746139490126	0.3203772410170407	0.1247219569701368	1.0	1.0	0.5	0.5	0.13507810593582123	1.0	1.0	1.0	1.0	1.0	0.0	0.19675422795565728	0.23166247903554	0.34833147735478825	1.0	1.0	1.0	0.0	0.585786437626905	1.0	0.4142135623730951	0.0	1.0	1.0	1.0
hi	0.0	1.0	0.0	1.0	1.0	0.585786437626905	1.0	0.29893508442482547	1.0	0.5	1.0	1.0	1.0	1.0	1.0	1.0	1.0	1.0	1.0	1.0	1.0	0.585786437626905	1.0	1.0	1.0	1.0	1.0	0.0	1.0	1.0	0.4142135623730951	1.0	1.0	1.0	1.0
hu	1.0	0.585786437626905	0.0	1.0	0.585786437626905	0.13693590632482888	0.5	0.053954172606752566	0.16760090740494846	0.12698791425080003	0.5	1.0	1.0	1.0	0.11679882661333636	0.33333333333333326	0.5	0.585786437626905	0.1983555576735248	1.0	0.0	0.16800611216271788	0.1680743603534397	0.17797387640247572	1.0	0.13413866172981218	0.3235962437838154	0.0	1.0	0.25728427444747215	0.2303268468157938	0.0	1.0	1.0	0.16760090740494846
id	1.0	1.0	1.0	1.0	0.3660254037844386	0.17111417944158605	0.585786437626905	0.03191630825306092	0.1827439976315568	0.11815737975201994	0.5	1.0	1.0	1.0	0.17228428907077162	0.18151291824946006	0.1907435698305462	0.44948974278317805	0.44948974278317805	0.5	0.0	0.15672104415345817	0.1983555576735248	0.19063538048526726	0.5	0.19074356983054616	0.5	1.0	0.4142135623730951	0.5	0.24336073281110826	0.0	0.27429188517743175	1.0	0.11787845042814334
it	0.585786437626905	1.0	1.0	0.5	0.34833147735478825	0.030732926251860172	0.07331795061269	0.009723272901173405	0.02766495882446671	0.020166357946486427	0.13507810593582123	1.0	0.11679882661333636	0.17228428907077162	1.0	0.053651707480411565	0.19292728076790167	0.39564392373896007	0.20894541729001367	1.0	0.0	0.04587094669287465	0.04142272213038206	0.04082910817951006	0.3660254037844386	0.021342717707915692	0.30216947925196225	1.0	0.22037755927630556	0.21089672205953397	0.0738973134044245	0.0	0.2958163163244893	1.0	0.09723468909328789
ja	1.0	1.0	1.0	1.0	0.38742588672279304	0.08598344475655936	1.0	0.012148571381186583	0.14890977052086576	0.06202808914912888	1.0	1.0	0.33333333333333326	0.18151291824946006	0.053651707480411565	1.0	1.0	1.0	1.0	1.0	0.0	0.0837041339336495	0.10923287351374113	0.28172904669025317	0.5	1.0	0.32449979983983984	0.0	0.2898979485566356	1.0	0.15737805306275918	1.0	1.0	1.0	1.0
ko	1.0	1.0	1.0	1.0	1.0	0.1827439976315568	1.0	0.028390440255997497	0.39564392373896007	0.12318225841652766	1.0	1.0	0.5	0.1907435698305462	0.19292728076790167	1.0	1.0	1.0	1.0	1.0	0.0	0.16056186254883698	0.2612038749637414	0.3090169943749474	1.0	1.0	1.0	0.0	0.34833147735478825	1.0	0.2402530733520421	0.0	1.0	1.0	1.0
lv	0.0	1.0	1.0	1.0	1.0	0.5	1.0	0.2958163163244893	1.0	0.38742588672279304	1.0	1.0	0.585786437626905	0.44948974278317805	0.39564392373896007	1.0	1.0	1.0	1.0	1.0	0.0	0.44948974278317805	0.4142135623730951	0.585786437626905	1.0	1.0	1.0	0.0	0.585786437626905	1.0	1.0	0.0	1.0	1.0	1.0
mk	1.0	1.0	1.0	1.0	0.32449979983983984	0.20658711810431302	1.0	0.04237923842175756	1.0	0.1370210657559585	1.0	1.0	0.1983555576735248	0.44948974278317805	0.20894541729001367	1.0	1.0	1.0	1.0	1.0	0.0	0.1827439976315568	0.3660254037844386	0.585786437626905	0.5	1.0	0.5	0.0	0.44948974278317805	1.0	0.2070518364164892	0.0	1.0	1.0	1.0
ml	0.0	1.0	1.0	1.0	1.0	1.0	1.0	0.5	1.0	0.585786437626905	1.0	1.0	1.0	0.5	1.0	1.0	1.0	1.0	1.0	1.0	0.0	0.585786437626905	1.0	1.0	1.0	1.0	1.0	0.0	1.0	1.0	1.0	0.0	1.0	1.0	1.0
mr	0.0	0.0	0.0	0.0	0.0	0.0	0.0	1.0	0.0	0.0	0.0	1.0	0.0	0.0	0.0	0.0	0.0	0.0	0.0	0.0	1.0	0.0	0.0	0.0	0.0	0.0	0.0	0.0	0.0	0.0	0.0	0.0	0.0	0.0	0.0
nl	1.0	1.0	1.0	1.0	0.16007445317126853	0.025766325754178053	0.17912878474779198	0.009232976007939249	0.048509175741259694	0.031008374973328846	0.19675422795565728	0.585786437626905	0.16800611216271788	0.15672104415345817	0.04587094669287465	0.0837041339336495	0.16056186254883698	0.44948974278317805	0.1827439976315568	0.585786437626905	0.0	1.0	0.06517739396505602	0.09784892732546825	0.4142135623730951	0.03608620460124373	0.28436465220442186	0.0	0.34833147735478825	0.3090169943749474	0.15573163696898293	0.0	0.20799159651347807	1.0	0.060216387278538654
pl	1.0	1.0	1.0	1.0	0.3660254037844386	0.05719243861760494	0.25	0.011673104788016154	0.10086882965263909	0.043166614756504344	0.23166247903554	1.0	0.1680743603534397	0.1983555576735248	0.04142272213038206	0.10923287351374113	0.2612038749637414	0.4142135623730951	0.3660254037844386	1.0	0.0	0.06517739396505602	1.0	0.13957875683699933	0.3660254037844386	0.05893196623098941	0.30739473916315163	0.0	0.2402530733520421	0.26968623182294527	0.1603263928604212	1.0	1.0	1.0	0.18464218557642828
pt	1.0	1.0	1.0	1.0	0.38742588672279304	0.09752274558275362	0.23582845781094	0.009903852024909135	0.12798580027997278	0.05653649957990955	0.34833147735478825	1.0	0.17797387640247572	0.19063538048526726	0.04082910817951006	0.28172904669025317	0.3090169943749474	0.585786437626905	0.585786437626905	1.0	0.0	0.09784892732546825	0.13957875683699933	1.0	1.0	0.14342762372277806	0.585786437626905	0.0	0.34833147735478825	1.0	0.15022110482233483	0.0	0.38742588672279304	1.0	0.3090169943749474
ro	1.0	0.0	1.0	0.0	1.0	0.5	0.5	0.13894316793442962	0.5	0.3090169943749474	1.0	1.0	1.0	0.5	0.3660254037844386	0.5	1.0	1.0	0.5	1.0	0.0	0.4142135623730951	0.3660254037844386	1.0	1.0	0.3660254037844386	1.0	0.0	0.4142135623730951	0.5	0.5	0.0	1.0	1.0	1.0
ru	1.0	1.0	1.0	1.0	0.3203772410170407	0.017714798925452725	1.0	0.004636382574532857	0.10710461314257713	0.01723564549254122	1.0	1.0	0.13413866172981218	0.19074356983054616	0.021342717707915692	1.0	1.0	1.0	1.0	1.0	0.0	0.03608620460124373	0.05893196623098941	0.14342762372277806	0.3660254037844386	1.0	0.24336073281110826	1.0	0.34833147735478825	1.0	0.09759314798169781	1.0	1.0	1.0	1.0
sh	0.0	1.0	0.0	0.0	1.0	0.24281804566287285	1.0	0.11548263449799293	0.585786437626905	0.23785412594714164	1.0	1.0	0.3235962437838154	0.5	0.30216947925196225	0.32449979983983984	1.0	1.0	0.5	1.0	0.0	0.28436465220442186	0.30739473916315163	0.585786437626905	1.0	0.24336073281110826	1.0	0.0	0.3427032721697021	0.30216947925196225	0.3660254037844386	0.0	1.0	1.0	0.30216947925196225
si	0.0	0.0	0.0	0.0	0.0	0.0	0.0	1.0	0.0	1.0	0.0	0.0	0.0	1.0	1.0	0.0	0.0	0.0	0.0	0.0	0.0	0.0	0.0	0.0	0.0	1.0	0.0	1.0	0.0	0.0	1.0	0.0	0.0	0.0	0.0
simple	1.0	1.0	1.0	1.0	1.0	0.29893508442482547	1.0	0.05144623052083966	0.3203772410170407	0.16475089591824518	0.585786437626905	1.0	1.0	0.4142135623730951	0.22037755927630556	0.2898979485566356	0.34833147735478825	0.585786437626905	0.44948974278317805	1.0	0.0	0.34833147735478825	0.2402530733520421	0.34833147735478825	0.4142135623730951	0.34833147735478825	0.3427032721697021	0.0	1.0	1.0	0.2402530733520421	0.0	0.5	0.0	0.38742588672279304
sr	0.0	1.0	1.0	1.0	1.0	0.2070518364164892	1.0	0.08522877663746926	1.0	0.3090169943749474	1.0	1.0	0.25728427444747215	0.5	0.21089672205953397	1.0	1.0	1.0	1.0	1.0	0.0	0.3090169943749474	0.26968623182294527	1.0	0.5	1.0	0.30216947925196225	0.0	1.0	1.0	0.1757340838011157	0.0	1.0	1.0	1.0
sv	1.0	1.0	1.0	1.0	0.16727843995497882	0.12864710090977083	0.2240092377397959	0.01699844081976281	0.17237437305961342	0.09876028521968319	0.4142135623730951	0.4142135623730951	0.2303268468157938	0.24336073281110826	0.0738973134044245	0.15737805306275918	0.2402530733520421	1.0	0.2070518364164892	1.0	0.0	0.15573163696898293	0.1603263928604212	0.15022110482233483	0.5	0.09759314798169781	0.3660254037844386	1.0	0.2402530733520421	0.1757340838011157	1.0	0.0	0.585786437626905	1.0	0.19675422795565728
te	0.0	0.0	0.0	0.0	0.0	0.0	0.0	0.0	0.0	1.0	0.0	1.0	0.0	0.0	0.0	1.0	0.0	0.0	0.0	0.0	0.0	0.0	1.0	0.0	0.0	1.0	0.0	0.0	0.0	0.0	0.0	1.0	0.0	0.0	0.0
vi	1.0	1.0	1.0	1.0	1.0	0.3164309725825328	1.0	0.07951757069767086	1.0	0.27429188517743175	1.0	1.0	1.0	0.27429188517743175	0.2958163163244893	1.0	1.0	1.0	1.0	1.0	0.0	0.20799159651347807	1.0	0.38742588672279304	1.0	1.0	1.0	0.0	0.5	1.0	0.585786437626905	0.0	1.0	1.0	1.0
war	0.0	0.0	0.0	0.0	1.0	1.0	1.0	1.0	1.0	1.0	1.0	1.0	1.0	1.0	1.0	1.0	1.0	1.0	1.0	1.0	0.0	1.0	1.0	1.0	1.0	1.0	1.0	0.0	0.0	1.0	1.0	0.0	1.0	1.0	1.0
zh	1.0	1.0	1.0	1.0	0.44948974278317805	0.12178632452799958	1.0	0.0068887864510496985	0.3333333333333333	0.05855508811966418	1.0	1.0	0.16760090740494846	0.11787845042814334	0.09723468909328789	1.0	1.0	1.0	1.0	1.0	0.0	0.060216387278538654	0.18464218557642828	0.3090169943749474	1.0	1.0	0.30216947925196225	0.0	0.38742588672279304	1.0	0.19675422795565728	0.0	1.0	1.0	1.0
