arz	bs	ceb	ckb	da	de	el	en	es	fr	he	hi	hu	id	it	ja	ko	lv	mk	ml	mr	nl	pl	pt	ro	ru	sh	si	simple	sr	sv	te	union	vi	war	zh
arz	1.0	0.046511627906976744	0.0	0.14285714285714285	0.0440251572327044	0.02412280701754386	0.06030150753768844	0.01951219512195122	0.017953321364452424	0.026143790849673203	0.06060606060606061	0.10526315789473684	0.031496062992125984	0.06837606837606838	0.019646365422396856	0.03214285714285714	0.04	0.07575757575757576	0.14285714285714285	0.15	0.16666666666666666	0.016483516483516484	0.02608695652173913	0.03416856492027335	0.03594771241830065	0.029940119760479042	0.14285714285714285	0.08108108108108109	0.10204081632653061	0.04	0.03829787234042553	0.0	0.016129032258064516	0.047337278106508875	0.14705882352941177	0.03592814371257485
bs	0.046511627906976744	1.0	0.0	0.0684931506849315	0.35802469135802467	0.15521064301552107	0.3054187192118227	0.08536585365853659	0.11891891891891893	0.1314655172413793	0.41605839416058393	0.041666666666666664	0.2440944881889764	0.5042016806722689	0.13916500994035785	0.21631205673758866	0.2159468438538206	0.5432098765432098	0.20512820512820512	0.0547945205479452	0.09333333333333334	0.12361623616236163	0.18950437317784258	0.1288888888888889	0.20064724919093851	0.20241691842900303	0.11688311688311688	0.11864406779661017	0.22727272727272727	0.5339805825242718	0.27896995708154504	0.0	0.06451612903225806	0.17857142857142858	0.2037037037037037	0.19760479041916168
ceb	0.0	0.0	1.0	0.0	0.006329113924050633	0.004073319755600814	0.011764705882352941	0.0027247956403269754	0.0038684719535783366	0.0038022813688212928	0.008928571428571428	0.013157894736842105	0.012048192771084338	0.005449591280653951	0.00392156862745098	0.006535947712418301	0.006825938566552901	0.012048192771084338	0.009259259259259259	0.0	0.03773584905660377	0.006289308176100629	0.005221932114882507	0.004796163069544364	0.011976047904191617	0.0032102728731942215	0.008298755186721992	0.0	0.021739130434782608	0.0031746031746031746	0.007462686567164179	0.0	0.002109704641350211	0.01020408163265306	0.0	0.006944444444444444
ckb	0.14285714285714285	0.0684931506849315	0.0	1.0	0.03355704697986577	0.013363028953229399	0.031088082901554404	0.007334963325183374	0.01092896174863388	0.013245033112582781	0.04065040650406504	0.2857142857142857	0.02040816326530612	0.046296296296296294	0.011976047904191617	0.01838235294117647	0.02040816326530612	0.09259259259259259	0.16666666666666666	0.5714285714285714	0.45454545454545453	0.0111731843575419	0.017857142857142856	0.013761467889908258	0.020066889632107024	0.018404907975460124	0.1111111111111111	0.125	0.054945054945054944	0.05747126436781609	0.02654867256637168	0.0	0.005376344086021506	0.03125	0.3	0.018292682926829267
da	0.0440251572327044	0.35802469135802467	0.006329113924050633	0.03355704697986577	1.0	0.24375	0.3861788617886179	0.17804878048780487	0.21006944444444445	0.23917525773195877	0.41361256544502617	0.02027027027027027	0.35172413793103446	0.4166666666666667	0.2528957528957529	0.29721362229102166	0.30383480825958703	0.3223684210526316	0.1038961038961039	0.026845637583892617	0.05333333333333334	0.23869801084990958	0.2770448548812665	0.20164609053497942	0.23140495867768596	0.2810810810810811	0.04516129032258064	0.08074534161490683	0.29347826086956524	0.33714285714285713	0.45525291828793774	0.0	0.13261648745519714	0.2530612244897959	0.10191082802547771	0.3041095890410959
de	0.02412280701754386	0.15521064301552107	0.004073319755600814	0.013363028953229399	0.24375	1.0	0.3487394957983193	0.5191846522781774	0.589171974522293	0.604982206405694	0.24945295404814005	0.0066815144766146995	0.46511627906976744	0.20346320346320346	0.6020236087689713	0.5	0.3608058608058608	0.11061946902654868	0.04434589800443459	0.011135857461024499	0.02	0.550314465408805	0.5242718446601942	0.45320197044334976	0.43021032504780116	0.5531062124248497	0.028888888888888888	0.026262626262626262	0.17943107221006566	0.1655773420479303	0.318359375	0.0	0.40232974910394265	0.1944990176817289	0.03048780487804878	0.5235294117647059
el	0.06030150753768844	0.3054187192118227	0.011764705882352941	0.031088082901554404	0.3861788617886179	0.3487394957983193	1.0	0.2284325637910085	0.30404217926186294	0.34303534303534305	0.4719626168224299	0.015544041450777202	0.4096774193548387	0.3761467889908257	0.34235976789168276	0.45454545454545453	0.3954154727793696	0.26153846153846155	0.10256410256410256	0.025906735751295335	0.04639175257731959	0.28975265017667845	0.40691489361702127	0.3049792531120332	0.3937677053824363	0.4376731301939058	0.045454545454545456	0.06857142857142857	0.2922374429223744	0.2916666666666667	0.369281045751634	0.0	0.17293906810035842	0.2264808362369338	0.07514450867052024	0.40431266846361186
en	0.01951219512195122	0.08536585365853659	0.0027247956403269754	0.007334963325183374	0.17804878048780487	0.5191846522781774	0.2284325637910085	1.0	0.6139315230224321	0.5167064439140812	0.14634146341463414	0.003667481662591687	0.2951219512195122	0.12942612942612944	0.5872442839951865	0.3248175182481752	0.2508436445444319	0.06349206349206349	0.02564102564102564	0.006112469437652812	0.01098901098901099	0.5190582959641256	0.39371980676328505	0.3902439024390244	0.28390804597701147	0.38498789346246975	0.015873015873015872	0.02316076294277929	0.10866910866910867	0.10378510378510379	0.2669902912621359	0.0	0.7329749103942652	0.19437652811735942	0.021798365122615803	0.39416058394160586
es	0.017953321364452424	0.11891891891891893	0.0038684719535783366	0.01092896174863388	0.21006944444444445	0.589171974522293	0.30404217926186294	0.6139315230224321	1.0	0.6032	0.2177858439201452	0.00546448087431694	0.40353982300884955	0.16934046345811052	0.6853932584269663	0.43859649122807015	0.32547169811320753	0.09454545454545454	0.038181818181818185	0.009107468123861567	0.014519056261343012	0.5041551246537396	0.49746192893401014	0.5107361963190185	0.38562091503267976	0.532399299474606	0.021778584392014518	0.026923076923076925	0.14516129032258066	0.13595706618962433	0.26633986928104575	0.0	0.49193548387096775	0.1625615763546798	0.030947775628626693	0.4814189189189189
fr	0.026143790849673203	0.1314655172413793	0.0038022813688212928	0.013245033112582781	0.23917525773195877	0.604982206405694	0.34303534303534305	0.5167064439140812	0.6032	1.0	0.2554585152838428	0.006622516556291391	0.4704641350210971	0.19402985074626866	0.6363636363636364	0.4897119341563786	0.36313868613138683	0.10964912280701754	0.041666666666666664	0.011037527593818985	0.017582417582417582	0.4798206278026906	0.5086042065009561	0.49411764705882355	0.44061302681992337	0.5334645669291339	0.019650655021834062	0.030360531309297913	0.16274089935760172	0.14437367303609341	0.2908745247148289	0.0	0.40591397849462363	0.18375241779497098	0.030418250950570342	0.4516728624535316
he	0.06060606060606061	0.41605839416058393	0.008928571428571428	0.04065040650406504	0.41361256544502617	0.24945295404814005	0.4719626168224299	0.14634146341463414	0.2177858439201452	0.2554585152838428	1.0	0.02459016393442623	0.3357664233576642	0.44936708860759494	0.23122529644268774	0.3693379790940767	0.35064935064935066	0.4112903225806452	0.14285714285714285	0.032520325203252036	0.06451612903225806	0.20475319926873858	0.31988472622478387	0.23725055432372505	0.3115264797507788	0.35347432024169184	0.0625	0.05701754385964912	0.358974358974359	0.41496598639455784	0.3436293436293436	0.0	0.10931899641577061	0.20085470085470086	0.06666666666666667	0.3274336283185841
hi	0.10526315789473684	0.041666666666666664	0.013157894736842105	0.2857142857142857	0.02027027027027027	0.0066815144766146995	0.015544041450777202	0.003667481662591687	0.00546448087431694	0.006622516556291391	0.02459016393442623	1.0	0.012295081967213115	0.028037383177570093	0.005988023952095809	0.007352941176470588	0.01020408163265306	0.05660377358490566	0.13636363636363635	0.3333333333333333	0.18181818181818182	0.00558659217877095	0.008928571428571428	0.006880733944954129	0.010033444816053512	0.009202453987730062	0.0625	0.10843373493975904	0.03333333333333333	0.03488372093023256	0.01327433628318584	0.0	0.002688172043010753	0.018867924528301886	0.12345679012345678	0.009146341463414634
hu	0.031496062992125984	0.2440944881889764	0.012048192771084338	0.02040816326530612	0.35172413793103446	0.46511627906976744	0.4096774193548387	0.2951219512195122	0.40353982300884955	0.4704641350210971	0.3357664233576642	0.012295081967213115	1.0	0.31954887218045114	0.455078125	0.4714285714285714	0.32839506172839505	0.2073170731707317	0.08130081300813008	0.020491803278688523	0.036734693877551024	0.38475177304964536	0.4609571788413098	0.4196242171189979	0.48360655737704916	0.4578005115089514	0.027888446215139442	0.06395348837209303	0.22344322344322345	0.24060150375939848	0.35446685878962536	0.0	0.21863799283154123	0.259375	0.07058823529411765	0.3783132530120482
id	0.06837606837606838	0.5042016806722689	0.005449591280653951	0.046296296296296294	0.4166666666666667	0.20346320346320346	0.3761467889908257	0.12942612942612944	0.16934046345811052	0.19402985074626866	0.44936708860759494	0.028037383177570093	0.31954887218045114	1.0	0.1875	0.33098591549295775	0.3234323432343234	0.46788990825688076	0.1415929203539823	0.037037037037037035	0.07339449541284404	0.16878402903811252	0.24788732394366197	0.19078947368421054	0.25308641975308643	0.28106508875739644	0.07079646017699115	0.03783783783783784	0.29605263157894735	0.44029850746268656	0.30078125	0.0	0.09587813620071685	0.26666666666666666	0.043596730245231606	0.29080118694362017
it	0.019646365422396856	0.13916500994035785	0.00392156862745098	0.011976047904191617	0.2528957528957529	0.6020236087689713	0.34235976789168276	0.5872442839951865	0.6853932584269663	0.6363636363636364	0.23122529644268774	0.005988023952095809	0.455078125	0.1875	1.0	0.4789272030651341	0.34517766497461927	0.10358565737051793	0.04183266932270916	0.00998003992015968	0.015904572564612324	0.5131195335276968	0.5528756957328386	0.48966613672496023	0.3986013986013986	0.5400372439478585	0.025896414342629483	0.02330097087378641	0.16338582677165353	0.146484375	0.30286738351254483	0.0	0.4489247311827957	0.2	0.02734375	0.4936936936936937
ja	0.03214285714285714	0.21631205673758866	0.006535947712418301	0.01838235294117647	0.29721362229102166	0.5	0.45454545454545453	0.3248175182481752	0.43859649122807015	0.4897119341563786	0.3693379790940767	0.007352941176470588	0.4714285714285714	0.33098591549295775	0.4789272030651341	1.0	0.4599483204134367	0.1781818181818182	0.05776173285198556	0.014705882352941176	0.025547445255474453	0.3811965811965812	0.46973365617433416	0.4168336673346693	0.4357682619647355	0.56282722513089	0.03260869565217391	0.041935483870967745	0.24482758620689654	0.21428571428571427	0.36538461538461536	0.0	0.24283154121863798	0.2647058823529412	0.048859934853420196	0.5280612244897959
ko	0.04	0.2159468438538206	0.006825938566552901	0.02040816326530612	0.30383480825958703	0.3608058608058608	0.3954154727793696	0.2508436445444319	0.32547169811320753	0.36313868613138683	0.35064935064935066	0.01020408163265306	0.32839506172839505	0.3234323432343234	0.34517766497461927	0.4599483204134367	1.0	0.17229729729729729	0.06397306397306397	0.017006802721088437	0.030508474576271188	0.2764976958525346	0.36069114470842334	0.32727272727272727	0.31777777777777777	0.40271493212669685	0.030100334448160536	0.0472972972972973	0.24675324675324675	0.21019108280254778	0.31313131313131315	0.0	0.26344086021505375	0.1984126984126984	0.05460750853242321	0.41043083900226757
lv	0.07575757575757576	0.5432098765432098	0.012048192771084338	0.09259259259259259	0.3223684210526316	0.11061946902654868	0.26153846153846155	0.06349206349206349	0.09454545454545454	0.10964912280701754	0.4112903225806452	0.05660377358490566	0.2073170731707317	0.46788990825688076	0.10358565737051793	0.1781818181818182	0.17229729729729729	1.0	0.22950819672131148	0.07407407407407407	0.14545454545454545	0.09461966604823747	0.15088757396449703	0.11389521640091116	0.16556291390728478	0.15902140672782875	0.13559322033898305	0.125	0.2543859649122807	0.5274725274725275	0.21304347826086956	0.0	0.047491039426523295	0.15217391304347827	0.16666666666666666	0.15454545454545454
mk	0.14285714285714285	0.20512820512820512	0.009259259259259259	0.16666666666666666	0.1038961038961039	0.04434589800443459	0.10256410256410256	0.02564102564102564	0.038181818181818185	0.041666666666666664	0.14285714285714285	0.13636363636363635	0.08130081300813008	0.1415929203539823	0.04183266932270916	0.05776173285198556	0.06397306397306397	0.22950819672131148	1.0	0.17391304347826086	0.23076923076923078	0.03903345724907063	0.06231454005934718	0.05045871559633028	0.07	0.057750759878419454	0.16129032258064516	0.05084745762711865	0.13131313131313133	0.18681318681318682	0.0782608695652174	0.0	0.01971326164874552	0.06470588235294118	0.09821428571428571	0.06707317073170732
ml	0.15	0.0547945205479452	0.0	0.5714285714285714	0.026845637583892617	0.011135857461024499	0.025906735751295335	0.006112469437652812	0.009107468123861567	0.011037527593818985	0.032520325203252036	0.3333333333333333	0.020491803278688523	0.037037037037037035	0.00998003992015968	0.014705882352941176	0.017006802721088437	0.07407407407407407	0.17391304347826086	1.0	0.5	0.00931098696461825	0.01488095238095238	0.011467889908256881	0.016722408026755852	0.015337423312883436	0.11764705882352941	0.08695652173913043	0.05555555555555555	0.04597701149425287	0.01762114537444934	0.0	0.004480286738351254	0.025	0.12121212121212122	0.01524390243902439
mr	0.16666666666666666	0.09333333333333334	0.03773584905660377	0.45454545454545453	0.05333333333333334	0.02	0.04639175257731959	0.01098901098901099	0.014519056261343012	0.017582417582417582	0.06451612903225806	0.18181818181818182	0.036734693877551024	0.07339449541284404	0.015904572564612324	0.025547445255474453	0.030508474576271188	0.14545454545454545	0.23076923076923078	0.5	1.0	0.016728624535315983	0.026706231454005934	0.020594965675057208	0.03	0.024390243902439025	0.14285714285714285	0.07692307692307693	0.0989010989010989	0.09090909090909091	0.03056768558951965	0.0	0.008960573476702509	0.043209876543209874	0.11290322580645161	0.02735562310030395
nl	0.016483516483516484	0.12361623616236163	0.006289308176100629	0.0111731843575419	0.23869801084990958	0.550314465408805	0.28975265017667845	0.5190582959641256	0.5041551246537396	0.4798206278026906	0.20475319926873858	0.00558659217877095	0.38475177304964536	0.16878402903811252	0.5131195335276968	0.3811965811965812	0.2764976958525346	0.09461966604823747	0.03903345724907063	0.00931098696461825	0.016728624535315983	1.0	0.45016611295681064	0.5274725274725275	0.33974358974358976	0.45286195286195285	0.018484288354898338	0.04361370716510903	0.1358695652173913	0.1306715063520871	0.3528368794326241	0.0	0.48118279569892475	0.2275132275132275	0.050314465408805034	0.44166666666666665
pl	0.02608695652173913	0.18950437317784258	0.005221932114882507	0.017857142857142856	0.2770448548812665	0.5242718446601942	0.40691489361702127	0.39371980676328505	0.49746192893401014	0.5086042065009561	0.31988472622478387	0.008928571428571428	0.4609571788413098	0.24788732394366197	0.5528756957328386	0.46973365617433416	0.36069114470842334	0.15088757396449703	0.06231454005934718	0.01488095238095238	0.026706231454005934	0.45016611295681064	1.0	0.4269870609981516	0.4142538975501114	0.5613207547169812	0.03550295857988166	0.03359173126614987	0.21022727272727273	0.21965317919075145	0.33175355450236965	0.0	0.3010752688172043	0.19854721549636803	0.04177545691906005	0.46255506607929514
pt	0.03416856492027335	0.1288888888888889	0.004796163069544364	0.013761467889908258	0.20164609053497942	0.45320197044334976	0.3049792531120332	0.3902439024390244	0.5107361963190185	0.49411764705882355	0.23725055432372505	0.006880733944954129	0.4196242171189979	0.19078947368421054	0.48966613672496023	0.4168336673346693	0.32727272727272727	0.11389521640091116	0.05045871559633028	0.011467889908256881	0.020594965675057208	0.5274725274725275	0.4269870609981516	1.0	0.40535372848948376	0.4137291280148423	0.02040816326530612	0.03333333333333333	0.16371681415929204	0.13973799126637554	0.26095238095238094	0.0	0.3906810035842294	0.15984405458089668	0.03836930455635491	0.38656987295825773
ro	0.03594771241830065	0.20064724919093851	0.011976047904191617	0.020066889632107024	0.23140495867768596	0.43021032504780116	0.3937677053824363	0.28390804597701147	0.38562091503267976	0.44061302681992337	0.3115264797507788	0.010033444816053512	0.48360655737704916	0.25308641975308643	0.3986013986013986	0.4357682619647355	0.31777777777777777	0.16556291390728478	0.07	0.016722408026755852	0.03	0.33974358974358976	0.4142538975501114	0.40535372848948376	1.0	0.4740566037735849	0.02622950819672131	0.06976744186046512	0.19325153374233128	0.1882716049382716	0.2804878048780488	0.0	0.267921146953405	0.19270833333333334	0.08928571428571429	0.425
ru	0.029940119760479042	0.20241691842900303	0.0032102728731942215	0.018404907975460124	0.2810810810810811	0.5531062124248497	0.4376731301939058	0.38498789346246975	0.532399299474606	0.5334645669291339	0.35347432024169184	0.009202453987730062	0.4578005115089514	0.28106508875739644	0.5400372439478585	0.56282722513089	0.40271493212669685	0.15902140672782875	0.057750759878419454	0.015337423312883436	0.024390243902439025	0.45286195286195285	0.5613207547169812	0.4137291280148423	0.4740566037735849	1.0	0.030303030303030304	0.027287319422150885	0.2235294117647059	0.19420289855072465	0.34306569343065696	0.0	0.2921146953405018	0.2340966921119593	0.025682182985553772	0.5460992907801419
sh	0.14285714285714285	0.11688311688311688	0.008298755186721992	0.1111111111111111	0.04516129032258064	0.028888888888888888	0.045454545454545456	0.015873015873015872	0.021778584392014518	0.019650655021834062	0.0625	0.0625	0.027888446215139442	0.07079646017699115	0.025896414342629483	0.03260869565217391	0.030100334448160536	0.13559322033898305	0.16129032258064516	0.11764705882352941	0.14285714285714285	0.018484288354898338	0.03550295857988166	0.02040816326530612	0.02622950819672131	0.030303030303030304	1.0	0.05737704918032787	0.050505050505050504	0.13636363636363635	0.034482758620689655	0.0	0.012544802867383513	0.023668639053254437	0.06198347107438017	0.030120481927710843
si	0.08108108108108109	0.11864406779661017	0.0	0.125	0.08074534161490683	0.026262626262626262	0.06857142857142857	0.02316076294277929	0.026923076923076925	0.030360531309297913	0.05701754385964912	0.10843373493975904	0.06395348837209303	0.03783783783783784	0.02330097087378641	0.041935483870967745	0.0472972972972973	0.125	0.05084745762711865	0.08695652173913043	0.07692307692307693	0.04361370716510903	0.03359173126614987	0.03333333333333333	0.06976744186046512	0.027287319422150885	0.05737704918032787	1.0	0.12371134020618557	0.040880503144654086	0.05166051660516605	0.06451612903225806	0.017932489451476793	0.07035175879396985	0.2222222222222222	0.048109965635738834
simple	0.10204081632653061	0.22727272727272727	0.021739130434782608	0.054945054945054944	0.29347826086956524	0.17943107221006566	0.2922374429223744	0.10866910866910867	0.14516129032258066	0.16274089935760172	0.358974358974359	0.03333333333333333	0.22344322344322345	0.29605263157894735	0.16338582677165353	0.24482758620689654	0.24675324675324675	0.2543859649122807	0.13131313131313133	0.05555555555555555	0.0989010989010989	0.1358695652173913	0.21022727272727273	0.16371681415929204	0.19325153374233128	0.2235294117647059	0.050505050505050504	0.12371134020618557	1.0	0.23943661971830985	0.2440944881889764	0.0	0.08064516129032258	0.17452830188679244	0.1368421052631579	0.2222222222222222
sr	0.04	0.5339805825242718	0.0031746031746031746	0.05747126436781609	0.33714285714285713	0.1655773420479303	0.2916666666666667	0.10378510378510379	0.13595706618962433	0.14437367303609341	0.41496598639455784	0.03488372093023256	0.24060150375939848	0.44029850746268656	0.146484375	0.21428571428571427	0.21019108280254778	0.5274725274725275	0.18681318681318682	0.04597701149425287	0.09090909090909091	0.1306715063520871	0.21965317919075145	0.13973799126637554	0.1882716049382716	0.19420289855072465	0.13636363636363635	0.040880503144654086	0.23943661971830985	1.0	0.24302788844621515	0.0	0.07706093189964158	0.15566037735849056	0.04430379746835443	0.2
sv	0.03829787234042553	0.27896995708154504	0.007462686567164179	0.02654867256637168	0.45525291828793774	0.318359375	0.369281045751634	0.2669902912621359	0.26633986928104575	0.2908745247148289	0.3436293436293436	0.01327433628318584	0.35446685878962536	0.30078125	0.30286738351254483	0.36538461538461536	0.31313131313131315	0.21304347826086956	0.0782608695652174	0.01762114537444934	0.03056768558951965	0.3528368794326241	0.33175355450236965	0.26095238095238094	0.2804878048780488	0.34306569343065696	0.034482758620689655	0.05166051660516605	0.2440944881889764	0.24302788844621515	1.0	0.0	0.2025089605734767	0.34146341463414637	0.05970149253731343	0.3414043583535109
te	0.0	0.0	0.0	0.0	0.0	0.0	0.0	0.0	0.0	0.0	0.0	0.0	0.0	0.0	0.0	0.0	0.0	0.0	0.0	0.0	0.0	0.0	0.0	0.0	0.0	0.0	0.0	0.06451612903225806	0.0	0.0	0.0	0.0	0.0	0.0	0.06666666666666667	0.0
union	0.016129032258064516	0.06451612903225806	0.002109704641350211	0.005376344086021506	0.13261648745519714	0.40232974910394265	0.17293906810035842	0.7329749103942652	0.49193548387096775	0.40591397849462363	0.10931899641577061	0.002688172043010753	0.21863799283154123	0.09587813620071685	0.4489247311827957	0.24283154121863798	0.26344086021505375	0.047491039426523295	0.01971326164874552	0.004480286738351254	0.008960573476702509	0.48118279569892475	0.3010752688172043	0.3906810035842294	0.267921146953405	0.2921146953405018	0.012544802867383513	0.017932489451476793	0.08064516129032258	0.07706093189964158	0.2025089605734767	0.0	1.0	0.1424731182795699	0.016877637130801686	0.2939068100358423
vi	0.047337278106508875	0.17857142857142858	0.01020408163265306	0.03125	0.2530612244897959	0.1944990176817289	0.2264808362369338	0.19437652811735942	0.1625615763546798	0.18375241779497098	0.20085470085470086	0.018867924528301886	0.259375	0.26666666666666666	0.2	0.2647058823529412	0.1984126984126984	0.15217391304347827	0.06470588235294118	0.025	0.043209876543209874	0.2275132275132275	0.19854721549636803	0.15984405458089668	0.19270833333333334	0.2340966921119593	0.023668639053254437	0.07035175879396985	0.17452830188679244	0.15566037735849056	0.34146341463414637	0.0	0.1424731182795699	1.0	0.08163265306122448	0.2519280205655527
war	0.14705882352941177	0.2037037037037037	0.0	0.3	0.10191082802547771	0.03048780487804878	0.07514450867052024	0.021798365122615803	0.030947775628626693	0.030418250950570342	0.06666666666666667	0.12345679012345678	0.07058823529411765	0.043596730245231606	0.02734375	0.048859934853420196	0.05460750853242321	0.16666666666666666	0.09821428571428571	0.12121212121212122	0.11290322580645161	0.050314465408805034	0.04177545691906005	0.03836930455635491	0.08928571428571429	0.025682182985553772	0.06198347107438017	0.2222222222222222	0.1368421052631579	0.04430379746835443	0.05970149253731343	0.06666666666666667	0.016877637130801686	0.08163265306122448	1.0	0.05555555555555555
zh	0.03592814371257485	0.19760479041916168	0.006944444444444444	0.018292682926829267	0.3041095890410959	0.5235294117647059	0.40431266846361186	0.39416058394160586	0.4814189189189189	0.4516728624535316	0.3274336283185841	0.009146341463414634	0.3783132530120482	0.29080118694362017	0.4936936936936937	0.5280612244897959	0.41043083900226757	0.15454545454545454	0.06707317073170732	0.01524390243902439	0.02735562310030395	0.44166666666666665	0.46255506607929514	0.38656987295825773	0.425	0.5460992907801419	0.030120481927710843	0.048109965635738834	0.2222222222222222	0.2	0.3414043583535109	0.0	0.2939068100358423	0.2519280205655527	0.05555555555555555	1.0
