arz	bs	ceb	ckb	da	de	el	en	es	fr	he	hi	hu	id	it	ja	ko	lv	mk	ml	mr	nl	pl	pt	ro	ru	sh	si	simple	sr	sv	te	vi	war	zh
arz	1.0	0.9505005344024029	0.0	0.5020797777427737	0.45401221988295015	0.2618713545414404	0.2517402668008485	0.2406664913244134	0.4060580719199712	0.2945988922849378	0.2766214975809431	0.8216064286890065	0.3220597523478505	0.3710446648792295	0.2695646835809957	0.2818627251852296	0.23014686191236455	0.5364049006538392	0.3353912245649731	0.4557735640768249	0.8937540285680617	0.38344550538389904	0.27063805710609873	0.22857946000412954	0.2980339967816706	0.26317168015236425	0.4805954866802148	1.0	0.3238240713059323	0.9505005344024029	0.26593295550386814	0.0	0.3520378433340828	1.0	0.24480545941687928
bs	0.9505005344024029	1.0	0.0	0.44294082895084363	0.4050775877549392	0.3123075324435081	0.3192047856125021	0.2366552457083571	0.14192603993466435	0.33317935491434564	0.38166651977642224	0.5800877694710677	0.3733394744518727	0.33765462708365973	0.30511729847632896	0.38375956738537864	0.3320943269620487	0.9761082718156168	0.4229417464368513	0.38837042609515215	0.9116977353281266	0.25876216691035536	0.3678843780326905	0.2978186578696085	0.35171143952604184	0.30227597738443346	0.3203192072317536	0.36415945189188537	0.20626292568351826	0.4179662939304709	0.38687952918747326	0.0	0.30902043006908797	0.34482800560447024	0.3492997127829927
ceb	0.0	0.0	1.0	0.0	1.0	1.0	1.0	1.0	1.0	1.0	1.0	1.0	1.0	0.5660160774121898	0.953225785585603	1.0	1.0	1.0	1.0	0.0	1.0	1.0	0.8216064286890065	0.8216064286890065	0.8216064286890065	1.0	1.0	0.0	0.953225785585603	1.0	0.8216064286890065	0.0	1.0	0.0	1.0
ckb	0.5020797777427737	0.44294082895084363	0.0	1.0	0.46357054327630454	0.4145469511095682	0.40810809304223017	0.4241101390389841	0.40610202790967515	0.43072457016675664	0.4395972860721356	0.6290597636579105	0.4468198212811967	0.4395972860721355	0.41349647096865605	0.5342299635663396	0.41349647096865605	0.4468198212811967	0.4205304198688907	0.4020723465946315	0.4429408289508435	0.4410791791047553	0.4168437067638305	0.4061324526920862	0.4307245701667566	0.4314757880452815	1.0	1.0	0.4680251699804935	0.44294082895084363	0.4241101390389841	0.0	0.4493075654568811	1.0	0.42731732816589946
da	0.45401221988295015	0.4050775877549392	1.0	0.46357054327630454	1.0	0.1263063191228538	0.15101762211836295	0.11292497284591523	0.0954649605938195	0.12328883452034117	0.25700182121960685	0.5947049771006855	0.1425302354956386	0.2418823168747901	0.1173168612739423	0.1787973866781056	0.16036887580241996	0.7600966155256534	0.42309456922775807	0.3883704260951522	0.9228210218665148	0.11404407192855254	0.19221924722575842	0.1810973032010334	0.17687128326306878	0.14642969269981249	0.41658205648317276	0.29254603431709586	0.15974048723613846	0.4147658607467457	0.14827289259578325	0.0	0.17171186243335254	0.2820659491143079	0.16893828744231068
de	0.2618713545414404	0.3123075324435081	1.0	0.4145469511095682	0.1263063191228538	1.0	0.12524772507238743	0.08148099747216274	0.05269827016869587	0.06226694234666884	0.14053793652190952	0.5800877694710677	0.12856845770263803	0.17508668774262443	0.09221599023122308	0.10071689304644652	0.11945933539857378	0.3529760700158794	0.375466527012748	0.3363444636662894	0.44583715923788825	0.0668152171831975	0.11877695734940742	0.08519042825178767	0.07738472162945138	0.1018017153305082	0.27791577670554235	0.3064516336444287	0.11212053613937775	0.2397905665785264	0.11368202788901853	0.0	0.14505491782963523	0.2787559981560489	0.08730397548700597
el	0.2517402668008485	0.3192047856125021	1.0	0.40810809304223017	0.15101762211836295	0.12524772507238743	1.0	0.14368871721628215	0.07166545558243928	0.08495143295441147	0.19445931137733222	0.5453406645704331	0.17241402516929644	0.17605564752224862	0.17808037247883157	0.15247955323127677	0.18523541202152996	0.3705869524903549	0.39178259447385944	0.3400077552113734	0.9182255203402425	0.09363927772150679	0.15035885557926904	0.1254325397380278	0.09098111189156069	0.1738921337905302	0.28152535832727826	1.0	0.12320634484665109	0.33761808144241495	0.14749378652156497	0.0	0.187124560794795	1.0	0.13758741231435956
en	0.2406664913244134	0.2366552457083571	1.0	0.4241101390389841	0.11292497284591523	0.08148099747216274	0.14368871721628215	1.0	0.04311846526146269	0.06086308833437335	0.17322273816641107	0.47572982620798926	0.14085005770751385	0.15350060763652312	0.09602717613458218	0.11123115145153575	0.12677886162240845	0.41808560070781225	0.31792726123023834	0.3334286748578745	0.4641660341422334	0.06175942065351259	0.10485564568915413	0.08171738131124699	0.07410054284974689	0.12500992711121467	0.28293324724840957	0.3286784823999111	0.12138606767953905	0.21599818223236744	0.09662665570408416	0.0	0.11257845438422318	0.4648340073643225	0.07667851249886595
es	0.4060580719199712	0.14192603993466435	1.0	0.40610202790967515	0.0954649605938195	0.05269827016869587	0.07166545558243928	0.04311846526146269	1.0	0.05346417303989115	0.09324387003038637	0.5800877694710677	0.0654731253078653	0.12227158951588446	0.04600265766560812	0.06256624932931289	0.06944826882244046	0.16509181781149745	0.29860814402831143	0.33808450407201995	0.5217378904254846	0.0537551890237582	0.059238650625174284	0.057898975401724374	0.07523252712393122	0.05606574005528994	0.2737346873557772	0.30129933098201966	0.15033033909775498	0.1383139082640522	0.07863996573097709	0.0	0.11472602709429733	0.2687746233760026	0.06515315707753712
fr	0.2945988922849378	0.33317935491434564	1.0	0.43072457016675664	0.12328883452034117	0.06226694234666884	0.08495143295441147	0.06086308833437335	0.05346417303989115	1.0	0.11021291192707579	0.7845396851502283	0.0813941558729932	0.15543287830753127	0.058640655049027504	0.06974987708832783	0.0826324204515018	0.332839579226042	0.37336243276685305	0.3437334541887455	0.5303138943703176	0.10588863483616158	0.07519820371037289	0.0663784106216678	0.21779900017402976	0.07014177792805959	0.3403302755025212	0.5983733220031802	0.12787377110008236	0.20827722910601348	0.10402590024320103	0.0	0.13995019957828636	0.6256812659972468	0.07618333460035324
he	0.2766214975809431	0.38166651977642224	1.0	0.4395972860721356	0.25700182121960685	0.14053793652190952	0.19445931137733222	0.17322273816641107	0.09324387003038637	0.11021291192707579	1.0	0.5800877694710677	0.18121668539939872	0.2539317416562081	0.174389530056637	0.21338170934269504	0.23205125602376792	0.4723568908886135	0.4031113735453658	0.38386810162256885	0.9090894080195788	0.11690457515816781	0.19947445707806666	0.19548587690423133	0.12385293000264351	0.18019216128041465	0.3214710788302471	1.0	0.1433353449875776	0.3448537481706346	0.19420306445020524	0.0	0.21972510583450183	1.0	0.20600045715481186
hi	0.8216064286890065	0.5800877694710677	1.0	0.6290597636579105	0.5947049771006855	0.5800877694710677	0.5453406645704331	0.47572982620798926	0.5800877694710677	0.7845396851502283	0.5800877694710677	1.0	0.5800877694710677	0.45974471085357177	0.5800877694710677	0.5660160774121898	0.5800877694710677	0.5800877694710677	0.7863954451402115	0.4934100123243025	0.6996186120897997	0.8080545640981811	0.5800877694710677	0.47572982620798926	0.7845396851502283	0.5701765594413821	1.0	1.0	1.0	0.5800877694710677	0.5947049771006855	0.0	0.4714754402761703	1.0	0.5802185649185323
hu	0.3220597523478505	0.3733394744518727	1.0	0.4468198212811967	0.1425302354956386	0.12856845770263803	0.17241402516929644	0.14085005770751385	0.0654731253078653	0.0813941558729932	0.18121668539939872	0.5800877694710677	1.0	0.20745521143096024	0.1251934483617059	0.146361193633912	0.1748268661414778	0.32157240834456896	0.34508939824766083	0.3363444636662894	0.9448497143900622	0.08303972066723311	0.14536300714131323	0.10254631265896301	0.08929643969585058	0.15066309231800015	0.41658205648317276	1.0	0.14263340263294874	0.3290422445763881	0.14922784505239153	0.0	0.20132349281171374	1.0	0.11627022728265073
id	0.3710446648792295	0.33765462708365973	0.5660160774121898	0.4395972860721355	0.2418823168747901	0.17508668774262443	0.17605564752224862	0.15350060763652312	0.12227158951588446	0.15543287830753127	0.2539317416562081	0.45974471085357177	0.20745521143096024	1.0	0.16856905360853924	0.1673133674436185	0.16121388523134977	0.399853464939595	0.3702379046979239	0.38386810162256885	0.9476111666879616	0.15948208279968468	0.1855516603900122	0.16325713424481197	0.1727869001066434	0.1607906065973822	0.32103784286322123	0.5884057150830673	0.15870954283079497	0.28251274325986153	0.23043303311491378	0.0	0.1913740461387839	0.31816432198443706	0.1592440420786271
it	0.2695646835809957	0.30511729847632896	0.953225785585603	0.41349647096865605	0.1173168612739423	0.09221599023122308	0.17808037247883157	0.09602717613458218	0.04600265766560812	0.058640655049027504	0.174389530056637	0.5800877694710677	0.1251934483617059	0.16856905360853924	1.0	0.12209883534758224	0.1554362422547571	0.36085948115778	0.36814257797063193	0.33808450407201995	0.9071591360968303	0.06537985080995824	0.10172687769790512	0.08834286425008635	0.06898971615722152	0.12894773611053725	0.2801550725712388	0.302915956558756	0.11344593759775565	0.2188181940976549	0.10998392495367011	0.0	0.12987561292844454	0.44824229569187196	0.0804776156683392
ja	0.2818627251852296	0.38375956738537864	1.0	0.5342299635663396	0.1787973866781056	0.10071689304644652	0.15247955323127677	0.11123115145153575	0.06256624932931289	0.06974987708832783	0.21338170934269504	0.5660160774121898	0.146361193633912	0.1673133674436185	0.12209883534758224	1.0	0.1803558528833854	0.3297823904550154	0.43908217642866726	0.37843525548165685	0.9270414043497534	0.07218996407387555	0.14263919631259134	0.12633709006918278	0.07816895087329523	0.12442521924980901	0.33256305022455057	1.0	0.1265999522186107	0.3245283277968505	0.1383122638509528	0.0	0.16397124101414112	1.0	0.1266565897195671
ko	0.23014686191236455	0.3320943269620487	1.0	0.41349647096865605	0.16036887580241996	0.11945933539857378	0.18523541202152996	0.12677886162240845	0.06944826882244046	0.0826324204515018	0.23205125602376792	0.5800877694710677	0.1748268661414778	0.16121388523134977	0.1554362422547571	0.1803558528833854	1.0	0.4429861968343923	0.4062639346836951	0.33808450407201995	0.9192846841054992	0.08951340196066157	0.15509518034980047	0.1275072230517117	0.09665860806218708	0.17209096083515474	0.34598112563370936	1.0	0.11930823470652774	0.2645931179262498	0.15922561789724693	0.0	0.15936412719943086	1.0	0.14646696664615427
lv	0.5364049006538392	0.9761082718156168	1.0	0.4468198212811967	0.7600966155256534	0.3529760700158794	0.3705869524903549	0.41808560070781225	0.16509181781149745	0.332839579226042	0.4723568908886135	0.5800877694710677	0.32157240834456896	0.399853464939595	0.36085948115778	0.3297823904550154	0.4429861968343923	1.0	0.4733640249882797	0.38546107909925487	0.9228210218665148	0.35908796895040285	0.5816039690218209	0.30222412200131515	0.29838987169895875	0.5125537716793758	0.32153803752077287	1.0	0.21251622796314912	0.49705631489553564	0.4743030239514681	0.0	0.28756454774541257	1.0	0.3379164961224913
mk	0.3353912245649731	0.4229417464368513	1.0	0.4205304198688907	0.42309456922775807	0.375466527012748	0.39178259447385944	0.31792726123023834	0.29860814402831143	0.37336243276685305	0.4031113735453658	0.7863954451402115	0.34508939824766083	0.3702379046979239	0.36814257797063193	0.43908217642866726	0.4062639346836951	0.4733640249882797	1.0	0.38655117837069874	0.6720200844088008	0.34487978361472627	0.3553558119028515	0.2644252849345417	0.35073324151380586	0.43038277217542403	0.5575072228182557	1.0	0.48255535629122287	0.425839458855809	0.4000543474925907	0.0	0.41779845347847966	1.0	0.3218072777443609
ml	0.4557735640768249	0.38837042609515215	0.0	0.4020723465946315	0.3883704260951522	0.3363444636662894	0.3400077552113734	0.3334286748578745	0.33808450407201995	0.3437334541887455	0.38386810162256885	0.4934100123243025	0.3363444636662894	0.38386810162256885	0.33808450407201995	0.37843525548165685	0.33808450407201995	0.38546107909925487	0.38655117837069874	1.0	0.33808450407201995	0.34477895760605043	0.3363444636662894	0.3362929848176895	0.3452014336568663	0.3435806612163189	0.5660160774121898	1.0	0.34419321910409867	0.38837042609515215	0.38731144615884633	0.0	0.3910355650208157	1.0	0.38196141468755274
mr	0.8937540285680617	0.9116977353281266	1.0	0.4429408289508435	0.9228210218665148	0.44583715923788825	0.9182255203402425	0.4641660341422334	0.5217378904254846	0.5303138943703176	0.9090894080195788	0.6996186120897997	0.9448497143900622	0.9476111666879616	0.9071591360968303	0.9270414043497534	0.9192846841054992	0.9228210218665148	0.6720200844088008	0.33808450407201995	1.0	0.3794330471183444	0.940044977515407	0.46276733370797235	0.530420910671662	0.7248397758433998	0.7306845917244896	1.0	0.5306213663671746	0.9090894080195788	0.888047481874727	0.0	0.9199237616719467	1.0	0.47792837925638754
nl	0.38344550538389904	0.25876216691035536	1.0	0.4410791791047553	0.11404407192855254	0.0668152171831975	0.09363927772150679	0.06175942065351259	0.0537551890237582	0.10588863483616158	0.11690457515816781	0.8080545640981811	0.08303972066723311	0.15948208279968468	0.06537985080995824	0.07218996407387555	0.08951340196066157	0.35908796895040285	0.34487978361472627	0.34477895760605043	0.3794330471183444	1.0	0.07547729513579017	0.06939643675561913	0.1655405584929583	0.07689002827344653	0.30247529060190226	0.2981048807684755	0.129958762879385	0.2072341175745017	0.08205906274727576	0.0	0.10787415899586532	0.2731981264071227	0.07228369056939633
pl	0.27063805710609873	0.3678843780326905	0.8216064286890065	0.4168437067638305	0.19221924722575842	0.11877695734940742	0.15035885557926904	0.10485564568915413	0.059238650625174284	0.07519820371037289	0.19947445707806666	0.5800877694710677	0.14536300714131323	0.1855516603900122	0.10172687769790512	0.14263919631259134	0.15509518034980047	0.5816039690218209	0.3553558119028515	0.3363444636662894	0.940044977515407	0.07547729513579017	1.0	0.0990061104761723	0.09047478521302538	0.12942857782660458	0.27336356427460307	0.35627890655810746	0.12299283148233939	0.28813832542708306	0.13460369760370022	0.0	0.1728048718487321	0.3229248344317435	0.1057720411766117
pt	0.22857946000412954	0.2978186578696085	0.8216064286890065	0.4061324526920862	0.1810973032010334	0.08519042825178767	0.1254325397380278	0.08171738131124699	0.057898975401724374	0.0663784106216678	0.19548587690423133	0.47572982620798926	0.10254631265896301	0.16325713424481197	0.08834286425008635	0.12633709006918278	0.1275072230517117	0.30222412200131515	0.2644252849345417	0.3362929848176895	0.46276733370797235	0.06939643675561913	0.0990061104761723	1.0	0.07829093018673326	0.10831467869781684	0.29298208486843935	0.3989664672355812	0.12644335719372157	0.2397498776123702	0.14518871231190905	0.0	0.1390904283664136	0.27578555627271706	0.11896045291957637
ro	0.2980339967816706	0.35171143952604184	0.8216064286890065	0.4307245701667566	0.17687128326306878	0.07738472162945138	0.09098111189156069	0.07410054284974689	0.07523252712393122	0.21779900017402976	0.12385293000264351	0.7845396851502283	0.08929643969585058	0.1727869001066434	0.06898971615722152	0.07816895087329523	0.09665860806218708	0.29838987169895875	0.35073324151380586	0.3452014336568663	0.530420910671662	0.1655405584929583	0.09047478521302538	0.07829093018673326	1.0	0.07499353967304416	0.37297700721986415	0.8173160371762794	0.1482368740035406	0.24601845683373047	0.125011860246519	0.0	0.16276065589486186	1.0	0.0908399764409717
ru	0.26317168015236425	0.30227597738443346	1.0	0.4314757880452815	0.14642969269981249	0.1018017153305082	0.1738921337905302	0.12500992711121467	0.05606574005528994	0.07014177792805959	0.18019216128041465	0.5701765594413821	0.15066309231800015	0.1607906065973822	0.12894773611053725	0.12442521924980901	0.17209096083515474	0.5125537716793758	0.43038277217542403	0.3435806612163189	0.7248397758433998	0.07689002827344653	0.12942857782660458	0.10831467869781684	0.07499353967304416	1.0	0.30273576713445577	1.0	0.12478123683574394	0.2927960295891405	0.12766703435915625	0.0	0.1397807122168081	1.0	0.09443036538458414
sh	0.4805954866802148	0.3203192072317536	1.0	1.0	0.41658205648317276	0.27791577670554235	0.28152535832727826	0.28293324724840957	0.2737346873557772	0.3403302755025212	0.3214710788302471	1.0	0.41658205648317276	0.32103784286322123	0.2801550725712388	0.33256305022455057	0.34598112563370936	0.32153803752077287	0.5575072228182557	0.5660160774121898	0.7306845917244896	0.30247529060190226	0.27336356427460307	0.29298208486843935	0.37297700721986415	0.30273576713445577	1.0	0.3139919731472892	0.7319171874626076	0.29908937841490124	0.28684023353964105	0.0	0.3541722756405392	0.5278475647981185	0.321426400178588
si	1.0	0.36415945189188537	0.0	1.0	0.29254603431709586	0.3064516336444287	1.0	0.3286784823999111	0.30129933098201966	0.5983733220031802	1.0	1.0	1.0	0.5884057150830673	0.302915956558756	1.0	1.0	1.0	1.0	1.0	1.0	0.2981048807684755	0.35627890655810746	0.3989664672355812	0.8173160371762794	1.0	0.3139919731472892	1.0	0.32134080878443755	0.728099120889861	0.42472318455260266	1.0	1.0	1.0	1.0
simple	0.3238240713059323	0.20626292568351826	0.953225785585603	0.4680251699804935	0.15974048723613846	0.11212053613937775	0.12320634484665109	0.12138606767953905	0.15033033909775498	0.12787377110008236	0.1433353449875776	1.0	0.14263340263294874	0.15870954283079497	0.11344593759775565	0.1265999522186107	0.11930823470652774	0.21251622796314912	0.48255535629122287	0.34419321910409867	0.5306213663671746	0.129958762879385	0.12299283148233939	0.12644335719372157	0.1482368740035406	0.12478123683574394	0.7319171874626076	0.32134080878443755	1.0	0.19263498309050364	0.13743376931522439	0.0	0.1943959573572271	0.3387784305156199	0.11891075496060526
sr	0.9505005344024029	0.4179662939304709	1.0	0.44294082895084363	0.4147658607467457	0.2397905665785264	0.33761808144241495	0.21599818223236744	0.1383139082640522	0.20827722910601348	0.3448537481706346	0.5800877694710677	0.3290422445763881	0.28251274325986153	0.2188181940976549	0.3245283277968505	0.2645931179262498	0.49705631489553564	0.425839458855809	0.38837042609515215	0.9090894080195788	0.2072341175745017	0.28813832542708306	0.2397498776123702	0.24601845683373047	0.2927960295891405	0.29908937841490124	0.728099120889861	0.19263498309050364	1.0	0.2766713821103441	0.0	0.33176892736239166	1.0	0.28419794192947595
sv	0.26593295550386814	0.38687952918747326	0.8216064286890065	0.4241101390389841	0.14827289259578325	0.11368202788901853	0.14749378652156497	0.09662665570408416	0.07863996573097709	0.10402590024320103	0.19420306445020524	0.5947049771006855	0.14922784505239153	0.23043303311491378	0.10998392495367011	0.1383122638509528	0.15922561789724693	0.4743030239514681	0.4000543474925907	0.38731144615884633	0.888047481874727	0.08205906274727576	0.13460369760370022	0.14518871231190905	0.125011860246519	0.12766703435915625	0.28684023353964105	0.42472318455260266	0.13743376931522439	0.2766713821103441	1.0	0.0	0.14097990943708583	0.2770540635829787	0.14465105838809542
te	0.0	0.0	0.0	0.0	0.0	0.0	0.0	0.0	0.0	0.0	0.0	0.0	0.0	0.0	0.0	0.0	0.0	0.0	0.0	0.0	0.0	0.0	0.0	0.0	0.0	0.0	0.0	1.0	0.0	0.0	0.0	0.0	0.0	1.0	0.0
vi	0.3520378433340828	0.30902043006908797	1.0	0.4493075654568811	0.17171186243335254	0.14505491782963523	0.187124560794795	0.11257845438422318	0.11472602709429733	0.13995019957828636	0.21972510583450183	0.4714754402761703	0.20132349281171374	0.1913740461387839	0.12987561292844454	0.16397124101414112	0.15936412719943086	0.28756454774541257	0.41779845347847966	0.3910355650208157	0.9199237616719467	0.10787415899586532	0.1728048718487321	0.1390904283664136	0.16276065589486186	0.1397807122168081	0.3541722756405392	1.0	0.1943959573572271	0.33176892736239166	0.14097990943708583	0.0	1.0	1.0	0.14545009812388418
war	1.0	0.34482800560447024	0.0	1.0	0.2820659491143079	0.2787559981560489	1.0	0.4648340073643225	0.2687746233760026	0.6256812659972468	1.0	1.0	1.0	0.31816432198443706	0.44824229569187196	1.0	1.0	1.0	1.0	1.0	1.0	0.2731981264071227	0.3229248344317435	0.27578555627271706	1.0	1.0	0.5278475647981185	1.0	0.3387784305156199	1.0	0.2770540635829787	1.0	1.0	1.0	1.0
zh	0.24480545941687928	0.3492997127829927	1.0	0.42731732816589946	0.16893828744231068	0.08730397548700597	0.13758741231435956	0.07667851249886595	0.06515315707753712	0.07618333460035324	0.20600045715481186	0.5802185649185323	0.11627022728265073	0.1592440420786271	0.0804776156683392	0.1266565897195671	0.14646696664615427	0.3379164961224913	0.3218072777443609	0.38196141468755274	0.47792837925638754	0.07228369056939633	0.1057720411766117	0.11896045291957637	0.0908399764409717	0.09443036538458414	0.321426400178588	1.0	0.11891075496060526	0.28419794192947595	0.14465105838809542	0.0	0.14545009812388418	1.0	1.0
