arz	bs	ceb	ckb	da	de	el	en	es	fr	he	hi	hu	id	it	ja	ko	lv	mk	ml	mr	nl	pl	pt	ro	ru	sh	si	simple	sr	sv	te	union	vi	war	zh
arz	1.0	0.15789473684210525	0.0	0.3333333333333333	0.08571428571428572	0.016304347826086956	0.10714285714285714	0.007371007371007371	0.023622047244094488	0.02	0.07692307692307693	0.125	0.10714285714285714	0.06	0.030612244897959183	0.023255813953488372	0.058823529411764705	0.14285714285714285	0.1111111111111111	0.15789473684210525	0.3	0.031578947368421054	0.03409090909090909	0.030303030303030304	0.07142857142857142	0.03333333333333333	0.0410958904109589	0.125	0.0967741935483871	0.03571428571428571	0.05172413793103448	0.42857142857142855	0.00631578947368421	0.061224489795918366	0.25	0.03409090909090909
bs	0.15789473684210525	1.0	0.05263157894736842	0.3333333333333333	0.42105263157894735	0.0972972972972973	0.34285714285714286	0.04411764705882353	0.14960629921259844	0.12666666666666668	0.38095238095238093	0.43333333333333335	0.38235294117647056	0.3018867924528302	0.17	0.1297709923664122	0.34615384615384615	0.5384615384615384	0.44	0.46153846153846156	0.3181818181818182	0.17525773195876287	0.18888888888888888	0.1919191919191919	0.32608695652173914	0.1978021978021978	0.19480519480519481	0.19047619047619047	0.35135135135135137	0.1839080459770115	0.24193548387096775	0.3	0.04	0.2830188679245283	0.3	0.17582417582417584
ceb	0.0	0.05263157894736842	1.0	0.1111111111111111	0.02857142857142857	0.005434782608695652	0.03571428571428571	0.002457002457002457	0.007874015748031496	0.006666666666666667	0.02564102564102564	0.041666666666666664	0.03571428571428571	0.02	0.01020408163265306	0.007751937984496124	0.0196078431372549	0.047619047619047616	0.058823529411764705	0.05263157894736842	0.1	0.010526315789473684	0.011363636363636364	0.010101010101010102	0.023809523809523808	0.011111111111111112	0.0136986301369863	0.16666666666666666	0.03225806451612903	0.011904761904761904	0.017241379310344827	0.14285714285714285	0.002105263157894737	0.02040816326530612	0.14285714285714285	0.011363636363636364
ckb	0.3333333333333333	0.3333333333333333	0.1111111111111111	1.0	0.2571428571428571	0.043243243243243246	0.32142857142857145	0.022113022113022112	0.07086614173228346	0.06	0.23076923076923078	0.375	0.23333333333333334	0.18	0.09183673469387756	0.06976744186046512	0.15384615384615385	0.30434782608695654	0.3	0.3333333333333333	0.35714285714285715	0.09473684210526316	0.10227272727272728	0.09090909090909091	0.21428571428571427	0.1	0.1232876712328767	0.25	0.25	0.10714285714285714	0.15517241379310345	0.45454545454545453	0.018947368421052633	0.1836734693877551	0.6	0.10227272727272728
da	0.08571428571428572	0.42105263157894735	0.02857142857142857	0.2571428571428571	1.0	0.1711229946524064	0.4	0.08333333333333333	0.22727272727272727	0.2251655629139073	0.574468085106383	0.40476190476190477	0.2857142857142857	0.4166666666666667	0.30392156862745096	0.20588235294117646	0.4098360655737705	0.47368421052631576	0.3333333333333333	0.38461538461538464	0.2857142857142857	0.3	0.33695652173913043	0.30097087378640774	0.4528301886792453	0.3157894736842105	0.3170731707317073	0.1388888888888889	0.43478260869565216	0.3076923076923077	0.36764705882352944	0.16666666666666666	0.07368421052631578	0.423728813559322	0.2	0.28125
de	0.016304347826086956	0.0972972972972973	0.005434782608695652	0.043243243243243246	0.1711229946524064	1.0	0.1276595744680851	0.2847826086956522	0.3463203463203463	0.45217391304347826	0.17989417989417988	0.12432432432432433	0.12169312169312169	0.23809523809523808	0.33649289099526064	0.37280701754385964	0.211340206185567	0.10810810810810811	0.09239130434782608	0.0972972972972973	0.05434782608695652	0.35436893203883496	0.3333333333333333	0.3671497584541063	0.18947368421052632	0.3497536945812808	0.25365853658536586	0.03260869565217391	0.14361702127659576	0.2822966507177033	0.2670157068062827	0.032432432432432434	0.3873684210526316	0.20103092783505155	0.032432432432432434	0.29523809523809524
el	0.10714285714285714	0.34285714285714286	0.03571428571428571	0.32142857142857145	0.4	0.1276595744680851	1.0	0.0687960687960688	0.19230769230769232	0.17880794701986755	0.3673469387755102	0.3684210526315789	0.24444444444444444	0.3	0.23529411764705882	0.18045112781954886	0.31666666666666665	0.2564102564102564	0.2857142857142857	0.3055555555555556	0.1875	0.23	0.30337078651685395	0.22115384615384615	0.4583333333333333	0.24210526315789474	0.24691358024691357	0.13333333333333333	0.37209302325581395	0.24444444444444444	0.30303030303030304	0.16666666666666666	0.05894736842105263	0.2833333333333333	0.25	0.2608695652173913
en	0.007371007371007371	0.04411764705882353	0.002457002457002457	0.022113022113022112	0.08333333333333333	0.2847826086956522	0.0687960687960688	1.0	0.2898550724637681	0.33253588516746413	0.09582309582309582	0.05896805896805897	0.0661764705882353	0.12285012285012285	0.23774509803921567	0.3105134474327628	0.12254901960784313	0.049019607843137254	0.04176904176904177	0.04668304668304668	0.02457002457002457	0.21256038647342995	0.2073170731707317	0.23114355231143552	0.10049019607843138	0.20631067961165048	0.17647058823529413	0.014742014742014743	0.07616707616707617	0.2034313725490196	0.13691931540342298	0.0171990171990172	0.8568421052631578	0.11764705882352941	0.0171990171990172	0.2073170731707317
es	0.023622047244094488	0.14960629921259844	0.007874015748031496	0.07086614173228346	0.22727272727272727	0.3463203463203463	0.19230769230769232	0.2898550724637681	1.0	0.489247311827957	0.24812030075187969	0.1796875	0.17424242424242425	0.3208955223880597	0.5100671140939598	0.4143646408839779	0.2624113475177305	0.15625	0.13385826771653545	0.140625	0.07874015748031496	0.4605263157894737	0.4144736842105263	0.4675324675324675	0.2706766917293233	0.4863013698630137	0.2903225806451613	0.047244094488188976	0.2153846153846154	0.33544303797468356	0.32142857142857145	0.05511811023622047	0.2673684210526316	0.29411764705882354	0.05511811023622047	0.3961038961038961
fr	0.02	0.12666666666666668	0.006666666666666667	0.06	0.2251655629139073	0.45217391304347826	0.17880794701986755	0.33253588516746413	0.489247311827957	1.0	0.24342105263157895	0.152317880794702	0.16339869281045752	0.3157894736842105	0.4939759036144578	0.5414364640883977	0.28846153846153844	0.14	0.11333333333333333	0.12666666666666668	0.06666666666666667	0.4411764705882353	0.4875	0.47337278106508873	0.2549019607843137	0.42857142857142855	0.3433734939759036	0.04	0.17532467532467533	0.38461538461538464	0.3248407643312102	0.04666666666666667	0.3157894736842105	0.25949367088607594	0.04666666666666667	0.40828402366863903
he	0.07692307692307693	0.38095238095238093	0.02564102564102564	0.23076923076923078	0.574468085106383	0.17989417989417988	0.3673469387755102	0.09582309582309582	0.24812030075187969	0.24342105263157895	1.0	0.5365853658536586	0.3673469387755102	0.5084745762711864	0.3173076923076923	0.2631578947368421	0.5	0.5	0.36585365853658536	0.4146341463414634	0.2564102564102564	0.34	0.3655913978494624	0.33980582524271846	0.44642857142857145	0.35789473684210527	0.3176470588235294	0.125	0.48936170212765956	0.36666666666666664	0.38571428571428573	0.1794871794871795	0.08210526315789474	0.41935483870967744	0.1794871794871795	0.35106382978723405
hi	0.125	0.43333333333333335	0.041666666666666664	0.375	0.40476190476190477	0.12432432432432433	0.3684210526315789	0.05896805896805897	0.1796875	0.152317880794702	0.5365853658536586	1.0	0.3684210526315789	0.39622641509433965	0.19607843137254902	0.17692307692307693	0.3888888888888889	0.45161290322580644	0.41379310344827586	0.5357142857142857	0.36	0.23958333333333334	0.24444444444444444	0.21782178217821782	0.375	0.25274725274725274	0.2597402597402597	0.2	0.4473684210526316	0.2558139534883721	0.3225806451612903	0.24	0.05052631578947368	0.40384615384615385	0.24	0.25842696629213485
hu	0.10714285714285714	0.38235294117647056	0.03571428571428571	0.23333333333333334	0.2857142857142857	0.12169312169312169	0.24444444444444444	0.0661764705882353	0.17424242424242425	0.16339869281045752	0.3673469387755102	0.3684210526315789	1.0	0.3	0.21153846153846154	0.15441176470588236	0.31666666666666665	0.4	0.40625	0.38235294117647056	0.1875	0.1941747572815534	0.2608695652173913	0.23300970873786409	0.2962962962962963	0.22916666666666666	0.24691358024691357	0.13333333333333333	0.40476190476190477	0.23076923076923078	0.3230769230769231	0.25	0.05894736842105263	0.26229508196721313	0.20689655172413793	0.24731182795698925
id	0.06	0.3018867924528302	0.02	0.18	0.4166666666666667	0.23809523809523808	0.3	0.12285012285012285	0.3208955223880597	0.3157894736842105	0.5084745762711864	0.39622641509433965	0.3	1.0	0.3577981651376147	0.30656934306569344	0.463768115942029	0.36538461538461536	0.2641509433962264	0.3018867924528302	0.2	0.38095238095238093	0.422680412371134	0.44660194174757284	0.4375	0.37254901960784315	0.3225806451612903	0.12	0.44642857142857145	0.35353535353535354	0.38461538461538464	0.14	0.10526315789473684	0.4142857142857143	0.14	0.3939393939393939
it	0.030612244897959183	0.17	0.01020408163265306	0.09183673469387756	0.30392156862745096	0.33649289099526064	0.23529411764705882	0.23774509803921567	0.5100671140939598	0.4939759036144578	0.3173076923076923	0.19607843137254902	0.21153846153846154	0.3577981651376147	1.0	0.445859872611465	0.3185840707964602	0.1782178217821782	0.15	0.15841584158415842	0.08	0.4846153846153846	0.488	0.5271317829457365	0.3592233009708738	0.48031496062992124	0.3790322580645161	0.04	0.22857142857142856	0.4108527131782946	0.3805309734513274	0.06060606060606061	0.2063157894736842	0.33636363636363636	0.07142857142857142	0.47619047619047616
ja	0.023255813953488372	0.1297709923664122	0.007751937984496124	0.06976744186046512	0.20588235294117646	0.37280701754385964	0.18045112781954886	0.3105134474327628	0.4143646408839779	0.5414364640883977	0.2631578947368421	0.17692307692307693	0.15441176470588236	0.30656934306569344	0.445859872611465	1.0	0.3235294117647059	0.15384615384615385	0.12307692307692308	0.13846153846153847	0.07751937984496124	0.44516129032258067	0.44666666666666666	0.4161490683229814	0.2857142857142857	0.43137254901960786	0.33774834437086093	0.046511627906976744	0.20300751879699247	0.4105960264900662	0.34532374100719426	0.05426356589147287	0.27157894736842103	0.2805755395683453	0.05426356589147287	0.4276315789473684
ko	0.058823529411764705	0.34615384615384615	0.0196078431372549	0.15384615384615385	0.4098360655737705	0.211340206185567	0.31666666666666665	0.12254901960784313	0.2624113475177305	0.28846153846153844	0.5	0.3888888888888889	0.31666666666666665	0.463768115942029	0.3185840707964602	0.3235294117647059	1.0	0.4117647058823529	0.3076923076923077	0.32075471698113206	0.19607843137254902	0.3394495412844037	0.37623762376237624	0.35135135135135137	0.4307692307692308	0.38235294117647056	0.37777777777777777	0.11764705882352941	0.4642857142857143	0.37755102040816324	0.3974358974358974	0.11538461538461539	0.10736842105263159	0.3888888888888889	0.13725490196078433	0.41836734693877553
lv	0.14285714285714285	0.5384615384615384	0.047619047619047616	0.30434782608695654	0.47368421052631576	0.10810810810810811	0.2564102564102564	0.049019607843137254	0.15625	0.14	0.5	0.45161290322580644	0.4	0.36538461538461536	0.1782178217821782	0.15384615384615385	0.4117647058823529	1.0	0.52	0.42857142857142855	0.4090909090909091	0.1958762886597938	0.2111111111111111	0.18811881188118812	0.26	0.21978021978021978	0.22077922077922077	0.22727272727272727	0.4444444444444444	0.22093023255813954	0.27419354838709675	0.2727272727272727	0.04421052631578947	0.34615384615384615	0.21739130434782608	0.23863636363636365
mk	0.1111111111111111	0.44	0.058823529411764705	0.3	0.3333333333333333	0.09239130434782608	0.2857142857142857	0.04176904176904177	0.13385826771653545	0.11333333333333333	0.36585365853658536	0.41379310344827586	0.40625	0.2641509433962264	0.15	0.12307692307692308	0.3076923076923077	0.52	1.0	0.38461538461538464	0.35	0.16666666666666666	0.1797752808988764	0.1485148514851485	0.2553191489361702	0.18888888888888888	0.21621621621621623	0.35294117647058826	0.4117647058823529	0.18823529411764706	0.22950819672131148	0.2631578947368421	0.035789473684210524	0.29411764705882354	0.2	0.19318181818181818
ml	0.15789473684210525	0.46153846153846156	0.05263157894736842	0.3333333333333333	0.38461538461538464	0.0972972972972973	0.3055555555555556	0.04668304668304668	0.140625	0.12666666666666668	0.4146341463414634	0.5357142857142857	0.38235294117647056	0.3018867924528302	0.15841584158415842	0.13846153846153847	0.32075471698113206	0.42857142857142855	0.38461538461538464	1.0	0.45	0.17525773195876287	0.2159090909090909	0.18	0.2978723404255319	0.1978021978021978	0.19480519480519481	0.25	0.42857142857142855	0.1839080459770115	0.26229508196721313	0.3	0.04	0.3076923076923077	0.3	0.20224719101123595
mr	0.3	0.3181818181818182	0.1	0.35714285714285715	0.2857142857142857	0.05434782608695652	0.1875	0.02457002457002457	0.07874015748031496	0.06666666666666667	0.2564102564102564	0.36	0.1875	0.2	0.08	0.07751937984496124	0.19607843137254902	0.4090909090909091	0.35	0.45	1.0	0.09375	0.11363636363636363	0.09	0.18181818181818182	0.1111111111111111	0.136986301369863	0.45454545454545453	0.3225806451612903	0.11904761904761904	0.13333333333333333	0.4166666666666667	0.021052631578947368	0.20408163265306123	0.3076923076923077	0.11363636363636363
nl	0.031578947368421054	0.17525773195876287	0.010526315789473684	0.09473684210526316	0.3	0.35436893203883496	0.23	0.21256038647342995	0.4605263157894737	0.4411764705882353	0.34	0.23958333333333334	0.1941747572815534	0.38095238095238093	0.4846153846153846	0.44516129032258067	0.3394495412844037	0.1958762886597938	0.16666666666666666	0.17525773195876287	0.09375	1.0	0.38636363636363635	0.44776119402985076	0.3300970873786408	0.49193548387096775	0.3333333333333333	0.052083333333333336	0.26	0.366412213740458	0.4036697247706422	0.0625	0.2	0.3211009174311927	0.07368421052631578	0.4409448818897638
pl	0.03409090909090909	0.18888888888888888	0.011363636363636364	0.10227272727272728	0.33695652173913043	0.3333333333333333	0.30337078651685395	0.2073170731707317	0.4144736842105263	0.4875	0.3655913978494624	0.24444444444444444	0.2608695652173913	0.422680412371134	0.488	0.44666666666666666	0.37623762376237624	0.2111111111111111	0.1797752808988764	0.2159090909090909	0.11363636363636363	0.38636363636363635	1.0	0.5203252032520326	0.3684210526315789	0.5213675213675214	0.37606837606837606	0.06818181818181818	0.27956989247311825	0.4214876033057851	0.37735849056603776	0.07954545454545454	0.18526315789473685	0.37	0.07954545454545454	0.543859649122807
pt	0.030303030303030304	0.1919191919191919	0.010101010101010102	0.09090909090909091	0.30097087378640774	0.3671497584541063	0.22115384615384615	0.23114355231143552	0.4675324675324675	0.47337278106508873	0.33980582524271846	0.21782178217821782	0.23300970873786409	0.44660194174757284	0.5271317829457365	0.4161490683229814	0.35135135135135137	0.18811881188118812	0.1485148514851485	0.18	0.09	0.44776119402985076	0.5203252032520326	1.0	0.330188679245283	0.4765625	0.3333333333333333	0.05	0.2621359223300971	0.35555555555555557	0.4144144144144144	0.0707070707070707	0.20842105263157895	0.37037037037037035	0.0707070707070707	0.43846153846153846
ro	0.07142857142857142	0.32608695652173914	0.023809523809523808	0.21428571428571427	0.4528301886792453	0.18947368421052632	0.4583333333333333	0.10049019607843138	0.2706766917293233	0.2549019607843137	0.44642857142857145	0.375	0.2962962962962963	0.4375	0.3592233009708738	0.2857142857142857	0.4307692307692308	0.26	0.2553191489361702	0.2978723404255319	0.18181818181818182	0.3300970873786408	0.3684210526315789	0.330188679245283	1.0	0.3894736842105263	0.3068181818181818	0.09090909090909091	0.40384615384615385	0.3125	0.35135135135135137	0.13953488372093023	0.08842105263157894	0.421875	0.16666666666666666	0.3402061855670103
ru	0.03333333333333333	0.1978021978021978	0.011111111111111112	0.1	0.3157894736842105	0.3497536945812808	0.24210526315789474	0.20631067961165048	0.4863013698630137	0.42857142857142855	0.35789473684210527	0.25274725274725274	0.22916666666666666	0.37254901960784315	0.48031496062992124	0.43137254901960786	0.38235294117647056	0.21978021978021978	0.18888888888888888	0.1978021978021978	0.1111111111111111	0.49193548387096775	0.5213675213675214	0.4765625	0.3894736842105263	1.0	0.3252032520325203	0.06666666666666667	0.31521739130434784	0.3488372093023256	0.4230769230769231	0.07777777777777778	0.18947368421052632	0.3627450980392157	0.07777777777777778	0.5084745762711864
sh	0.0410958904109589	0.19480519480519481	0.0136986301369863	0.1232876712328767	0.3170731707317073	0.25365853658536586	0.24691358024691357	0.17647058823529413	0.2903225806451613	0.3433734939759036	0.3176470588235294	0.2597402597402597	0.24691358024691357	0.3225806451612903	0.3790322580645161	0.33774834437086093	0.37777777777777777	0.22077922077922077	0.21621621621621623	0.19480519480519481	0.136986301369863	0.3333333333333333	0.37606837606837606	0.3333333333333333	0.3068181818181818	0.3252032520325203	1.0	0.0821917808219178	0.2682926829268293	0.8690476190476191	0.35051546391752575	0.08108108108108109	0.15368421052631578	0.40229885057471265	0.0958904109589041	0.3644067796610169
si	0.125	0.19047619047619047	0.16666666666666666	0.25	0.1388888888888889	0.03260869565217391	0.13333333333333333	0.014742014742014743	0.047244094488188976	0.04	0.125	0.2	0.13333333333333333	0.12	0.04	0.046511627906976744	0.11764705882352941	0.22727272727272727	0.35294117647058826	0.25	0.45454545454545453	0.052083333333333336	0.06818181818181818	0.05	0.09090909090909091	0.06666666666666667	0.0821917808219178	1.0	0.1935483870967742	0.07142857142857142	0.0847457627118644	0.3	0.01263157894736842	0.12244897959183673	0.3	0.06818181818181818
simple	0.0967741935483871	0.35135135135135137	0.03225806451612903	0.25	0.43478260869565216	0.14361702127659576	0.37209302325581395	0.07616707616707617	0.2153846153846154	0.17532467532467533	0.48936170212765956	0.4473684210526316	0.40476190476190477	0.44642857142857145	0.22857142857142856	0.20300751879699247	0.4642857142857143	0.4444444444444444	0.4117647058823529	0.42857142857142855	0.3225806451612903	0.26	0.27956989247311825	0.2621359223300971	0.40384615384615385	0.31521739130434784	0.2682926829268293	0.1935483870967742	1.0	0.25	0.3283582089552239	0.1875	0.06526315789473684	0.42857142857142855	0.22580645161290322	0.3076923076923077
sr	0.03571428571428571	0.1839080459770115	0.011904761904761904	0.10714285714285714	0.3076923076923077	0.2822966507177033	0.24444444444444444	0.2034313725490196	0.33544303797468356	0.38461538461538464	0.36666666666666664	0.2558139534883721	0.23076923076923078	0.35353535353535354	0.4108527131782946	0.4105960264900662	0.37755102040816324	0.22093023255813954	0.18823529411764706	0.1839080459770115	0.11904761904761904	0.366412213740458	0.4214876033057851	0.35555555555555557	0.3125	0.3488372093023256	0.8690476190476191	0.07142857142857142	0.25	1.0	0.33962264150943394	0.07058823529411765	0.17684210526315788	0.4	0.08333333333333333	0.4098360655737705
sv	0.05172413793103448	0.24193548387096775	0.017241379310344827	0.15517241379310345	0.36764705882352944	0.2670157068062827	0.30303030303030304	0.13691931540342298	0.32142857142857145	0.3248407643312102	0.38571428571428573	0.3225806451612903	0.3230769230769231	0.38461538461538464	0.3805309734513274	0.34532374100719426	0.3974358974358974	0.27419354838709675	0.22950819672131148	0.26229508196721313	0.13333333333333333	0.4036697247706422	0.37735849056603776	0.4144144144144144	0.35135135135135137	0.4230769230769231	0.35051546391752575	0.0847457627118644	0.3283582089552239	0.33962264150943394	1.0	0.1016949152542373	0.12210526315789473	0.35443037974683544	0.1206896551724138	0.40384615384615385
te	0.42857142857142855	0.3	0.14285714285714285	0.45454545454545453	0.16666666666666666	0.032432432432432434	0.16666666666666666	0.0171990171990172	0.05511811023622047	0.04666666666666667	0.1794871794871795	0.24	0.25	0.14	0.06060606060606061	0.05426356589147287	0.11538461538461539	0.2727272727272727	0.2631578947368421	0.3	0.4166666666666667	0.0625	0.07954545454545454	0.0707070707070707	0.13953488372093023	0.07777777777777778	0.08108108108108109	0.3	0.1875	0.07058823529411765	0.1016949152542373	1.0	0.014736842105263158	0.12	0.4	0.07954545454545454
union	0.00631578947368421	0.04	0.002105263157894737	0.018947368421052633	0.07368421052631578	0.3873684210526316	0.05894736842105263	0.8568421052631578	0.2673684210526316	0.3157894736842105	0.08210526315789474	0.05052631578947368	0.05894736842105263	0.10526315789473684	0.2063157894736842	0.27157894736842103	0.10736842105263159	0.04421052631578947	0.035789473684210524	0.04	0.021052631578947368	0.2	0.18526315789473685	0.20842105263157895	0.08842105263157894	0.18947368421052632	0.15368421052631578	0.01263157894736842	0.06526315789473684	0.17684210526315788	0.12210526315789473	0.014736842105263158	1.0	0.1031578947368421	0.014736842105263158	0.18526315789473685
vi	0.061224489795918366	0.2830188679245283	0.02040816326530612	0.1836734693877551	0.423728813559322	0.20103092783505155	0.2833333333333333	0.11764705882352941	0.29411764705882354	0.25949367088607594	0.41935483870967744	0.40384615384615385	0.26229508196721313	0.4142857142857143	0.33636363636363636	0.2805755395683453	0.3888888888888889	0.34615384615384615	0.29411764705882354	0.3076923076923077	0.20408163265306123	0.3211009174311927	0.37	0.37037037037037035	0.421875	0.3627450980392157	0.40229885057471265	0.12244897959183673	0.42857142857142855	0.4	0.35443037974683544	0.12	0.1031578947368421	1.0	0.14285714285714285	0.3838383838383838
war	0.25	0.3	0.14285714285714285	0.6	0.2	0.032432432432432434	0.25	0.0171990171990172	0.05511811023622047	0.04666666666666667	0.1794871794871795	0.24	0.20689655172413793	0.14	0.07142857142857142	0.05426356589147287	0.13725490196078433	0.21739130434782608	0.2	0.3	0.3076923076923077	0.07368421052631578	0.07954545454545454	0.0707070707070707	0.16666666666666666	0.07777777777777778	0.0958904109589041	0.3	0.22580645161290322	0.08333333333333333	0.1206896551724138	0.4	0.014736842105263158	0.14285714285714285	1.0	0.07954545454545454
zh	0.03409090909090909	0.17582417582417584	0.011363636363636364	0.10227272727272728	0.28125	0.29523809523809524	0.2608695652173913	0.2073170731707317	0.3961038961038961	0.40828402366863903	0.35106382978723405	0.25842696629213485	0.24731182795698925	0.3939393939393939	0.47619047619047616	0.4276315789473684	0.41836734693877553	0.23863636363636365	0.19318181818181818	0.20224719101123595	0.11363636363636363	0.4409448818897638	0.543859649122807	0.43846153846153846	0.3402061855670103	0.5084745762711864	0.3644067796610169	0.06818181818181818	0.3076923076923077	0.4098360655737705	0.40384615384615385	0.07954545454545454	0.18526315789473685	0.3838383838383838	0.07954545454545454	1.0
