arz	bs	ceb	ckb	da	de	el	en	es	fr	he	hi	hu	id	it	ja	ko	lv	mk	ml	mr	nl	pl	pt	ro	ru	sh	si	simple	sr	sv	te	tr	vi	war	zh
arz	1.0225000000000009	1.0225000000000009	1.1574999999999984	1.0	1.0	1.0225000000000009	1.0225000000000009	1.0391304347826091	1.0225000000000009	1.0225000000000009	1.0225000000000009	1.0	1.0225000000000009	1.0225000000000009	1.0225000000000009	1.0225000000000009	1.0225000000000009	1.0225000000000009	1.0225000000000009	1.0	1.0	1.0225000000000009	1.0225000000000009	1.0225000000000009	1.0225000000000009	1.0225000000000009	1.0225000000000009	1.1124999999999978	1.0225000000000009	1.0225000000000009	1.0225000000000009	0.0	1.0225000000000009	1.0	1.1780583756345167	1.0225000000000009
bs	1.0225000000000009	1.0675000000000008	3.5650000000000013	1.0	1.0450000000000004	1.1070689655172417	1.0450000000000004	1.201071428571429	1.0675000000000008	1.0635567010309277	1.0450000000000004	1.0225000000000009	1.0450000000000004	1.0450000000000004	1.0675000000000008	1.0675000000000008	1.0675000000000008	1.0675000000000008	1.0675000000000008	1.0225000000000009	1.0	1.0675000000000008	1.0675000000000008	1.0675000000000008	1.0450000000000004	1.0675000000000008	1.0675000000000008	1.6750000000000036	1.0450000000000004	1.0675000000000008	1.0675000000000008	0.0	1.386987861000699	1.0225000000000009	3.6318698517298285	1.0675000000000008
ceb	1.1574999999999984	3.5650000000000013	3.7795736734857077	3.5649999999999964	3.575900861310715	3.747505772167371	3.7225053782928024	3.7497037107057154	3.7459319268137277	3.7086189417168183	3.6099979817148053	3.4975000000000094	3.67750904825971	3.7658565946530835	3.5913403829188177	3.7225053782928024	3.7225053782928024	3.554152487615755	3.5649999999999964	3.5649999999999964	3.5649999999999964	3.575920073293762	3.7000004835852005	3.6799766173946336	3.6236242676720503	3.7225053782928024	3.76839931255573	1.6525000000000016	3.6339844816361193	3.6099979817148053	3.7465541318777547	3.0249991059319994	-1.0	3.7320518865162695	3.562715832536064	3.7225053782928024
ckb	1.0	1.0	3.5649999999999964	1.0900000000000025	1.0675000000000008	1.1070689655172417	1.0450000000000004	1.3565909090909105	1.0675000000000008	1.0675000000000008	1.0450000000000004	0.0	1.0450000000000004	1.0675000000000008	1.1070689655172417	1.0900000000000025	1.0675000000000008	1.0225000000000009	1.0675000000000008	0.0	1.0	1.0450000000000004	1.0675000000000008	1.0675000000000008	1.0450000000000004	1.0675000000000008	1.0450000000000004	1.6750000000000012	1.0225000000000009	1.0225000000000009	1.0450000000000004	0.0	1.0435575109993713	1.0450000000000004	3.6318698517298214	1.0900000000000025
da	1.0	1.0450000000000004	3.575900861310715	1.0675000000000008	4.2287099657490845	1.4804021938006007	1.300485038610038	2.024603417026476	1.3733116614638354	1.592356042201282	1.1867311276794028	1.0225000000000009	1.1274900504112486	2.281795129302081	1.9122642207942335	1.3958136860264518	1.1867311276794026	1.1124999999999978	1.2416144213455553	1.0	1.0	1.9886187742995167	1.2240926052964023	1.2785943229661818	1.2160075594871023	1.415954759106933	1.4931369712002192	1.6599988417675047	2.1415782883011714	1.1124999999999978	2.0346282259415016	0.0	1.191667341252468	1.0900000000000025	3.61456944763276	1.3958136860264518
de	1.0225000000000009	1.1070689655172417	3.747505772167371	1.1070689655172417	1.4804021938006007	6.734910178084448	1.4467517192295014	4.151525443832377	2.177461778724501	2.6293743064954436	1.3284158476796004	1.1953947368421036	1.494904072176137	2.794067535833632	2.6116526026348286	2.1111632660809128	1.5541097799210102	1.2251291618828923	1.7049613073215928	1.0744230769230771	1.0	2.39430841634419	2.0190925535334916	1.9092855721472726	1.3963674458071367	2.1803324236104515	2.2605583814510557	1.6576007612476757	2.1999446683191284	1.2964262093363084	3.077835891620758	0.0	1.7530616451522922	1.3606065468549435	3.613859183489475	2.0614466787147805
el	1.0225000000000009	1.0450000000000004	3.7225053782928024	1.0450000000000004	1.300485038610038	1.4467517192295014	1.3599999999999979	1.6472008681341943	1.2900636942675163	1.3598082884683163	1.1574999999999984	1.0450000000000004	1.1553389830508458	1.253111035645698	1.4974916078867924	1.3150000000000022	1.1574999999999984	1.1124999999999978	1.2250000000000003	1.0225000000000009	1.0	1.282928272765453	1.2233860759493673	1.3150000000000022	1.2250000000000003	1.3375000000000004	1.2514876476906542	1.6750000000000012	1.2066826496224228	1.0900000000000025	1.4031202547865917	0.0	1.1095030659172187	1.1349999999999978	3.6318698517298214	1.2925000000000002
en	1.0391304347826091	1.201071428571429	3.7497037107057154	1.3565909090909105	2.024603417026476	4.151525443832377	1.6472008681341943	12.24337265021293	2.5482017544444546	3.765208742261514	1.5703797497176224	1.7068306606639754	1.9215967299383585	2.9071098300609433	5.272029826206066	2.7397615540288314	2.2592637645510516	1.5460714285714279	2.4953964020055355	1.3000000000000003	1.0391304347826091	3.680882546016098	2.733844500453468	2.0887488553055635	1.6636320836341265	3.0322796876642	1.8460499874735679	1.663597069936156	2.3084243826293376	1.7057894736842119	3.5097606861093458	1.0	1.5840530980215397	1.792618368285909	3.616128455487034	2.846121724940107
es	1.0225000000000009	1.0675000000000008	3.7459319268137277	1.0675000000000008	1.3733116614638354	2.177461778724501	1.2900636942675163	2.5482017544444546	1.8936082683113098	1.9168403615348868	1.1780583756345167	1.1349999999999978	1.3904654352964856	1.5508909391898895	1.9340354538582942	1.718897694524498	1.404036523929472	1.1574999999999984	1.494198113207548	1.0450000000000004	1.0	1.9670185221576764	1.4921546374308337	1.5611191335740071	1.282717407621867	1.8090116279069803	1.4282663693621183	1.6635970699361549	1.491549341042347	1.1799999999999986	1.7622815013527735	0.0	1.5385766137811823	1.2460116731517503	3.6177525800874313	1.673830275229358
fr	1.0225000000000009	1.0635567010309277	3.7086189417168183	1.0675000000000008	1.592356042201282	2.6293743064954436	1.3598082884683163	3.765208742261514	1.9168403615348868	5.681955530020094	1.2187889153938825	1.153556701030927	1.671067572832624	3.1805882314812024	3.257023240705986	2.14776887484053	1.7090860610501566	1.1684243155137644	1.7963070919721817	1.040032467532468	1.0	3.7358969084736837	1.629106118231497	1.901916478155478	1.28528408062483	2.2763016302126	1.6035079193758959	1.6611981043090263	2.272692522656278	1.2233383893492862	2.5548473438277495	0.0	1.4737877689866288	1.3116245866553475	3.618105237966922	1.943410295214504
he	1.0225000000000009	1.0450000000000004	3.6099979817148053	1.0450000000000004	1.1867311276794028	1.3284158476796004	1.1574999999999984	1.5703797497176224	1.1780583756345167	1.2187889153938825	1.2250000000000003	1.0675000000000008	1.0900000000000025	1.22133821327947	1.3217117790113084	1.1799999999999986	1.1799999999999986	1.1124999999999978	1.2025000000000023	1.0450000000000004	1.0	1.2770114601378602	1.1780583756345169	1.2250000000000003	1.2007373271889414	1.2250000000000003	1.1124999999999978	1.6750000000000012	1.1867311276794028	1.0900000000000025	1.3259547591069343	0.0	1.1293644081794438	1.1124999999999978	3.6318698517298214	1.1799999999999986
hi	1.0	1.0225000000000009	3.4975000000000094	0.0	1.0225000000000009	1.1953947368421036	1.0450000000000004	1.7068306606639754	1.1349999999999978	1.153556701030927	1.0675000000000008	1.2025000000000023	1.0900000000000025	1.1799999999999986	1.1420332850940682	1.2025000000000023	1.1349999999999978	1.0450000000000004	1.1124999999999978	1.0450000000000004	1.0	1.0867307692307713	1.1124999999999978	1.0900000000000025	1.0675000000000008	1.2025000000000023	1.0450000000000004	1.6750000000000012	1.0900000000000025	1.0450000000000004	1.0900000000000025	1.0	1.133300390714777	1.0675000000000008	3.5643538851351337	1.1574999999999984
hu	1.0225000000000009	1.0450000000000004	3.67750904825971	1.0450000000000004	1.1274900504112486	1.494904072176137	1.1553389830508458	1.9215967299383585	1.3904654352964856	1.671067572832624	1.0900000000000025	1.0900000000000025	1.4872666829534253	1.2757446808510657	1.4236979787642334	1.381485411140587	1.2460116731517503	1.1097080291970782	1.3137933753943238	1.0225000000000009	1.0	1.4854608622527696	1.268619133574008	1.290063694267516	1.155338983050846	1.3805583756345194	1.1574999999999984	1.6677966566887852	1.1780583756345169	1.1574999999999984	1.3926301685889635	0.0	1.109503065917219	1.1349999999999978	3.6249743498823452	1.358928571428569
id	1.0225000000000009	1.0450000000000004	3.7658565946530835	1.0675000000000008	2.281795129302081	2.794067535833632	1.253111035645698	2.9071098300609433	1.5508909391898895	3.1805882314812024	1.22133821327947	1.1799999999999986	1.2757446808510657	4.505588386086933	3.363697642933604	1.6430086754619455	1.433013897177935	1.0900000000000025	1.35483903420523	1.0450000000000004	1.0225000000000009	3.0529255423026718	1.5067086474229316	1.3573195085368177	1.2702546597546116	1.7270110699620451	1.2021216359701075	1.674399529042391	2.4584196789191353	1.1953947368421036	2.4615386152310457	1.0	1.402766880714277	1.198199753390874	3.631710608050212	1.619854192454264
it	1.0225000000000009	1.0675000000000008	3.5913403829188177	1.1070689655172417	1.9122642207942335	2.6116526026348286	1.4974916078867924	5.272029826206066	1.9340354538582942	3.257023240705986	1.3217117790113084	1.1420332850940682	1.4236979787642334	3.363697642933604	6.889846166643709	2.005750605795353	1.6519798679561855	1.3037894736842097	1.8574672938259411	1.0450000000000004	1.0	3.6141682996142825	1.9051967680073598	1.8050375129500826	1.3803494131629164	2.4101043038528918	1.4999816795091268	1.6570013343270666	2.013440836307235	1.2171829163071608	2.4767134972370224	0.0	1.568261748615432	1.458999062473341	3.613205760681821	1.9344581389986533
ja	1.0225000000000009	1.0675000000000008	3.7225053782928024	1.0900000000000025	1.3958136860264518	2.1111632660809128	1.3150000000000022	2.7397615540288314	1.718897694524498	2.14776887484053	1.1799999999999986	1.2025000000000023	1.381485411140587	1.6430086754619455	2.005750605795353	2.080000000000001	1.4950000000000006	1.1349999999999978	1.5624999999999984	1.0450000000000004	1.0225000000000009	1.8921265470652169	1.5385674157303404	1.5849999999999969	1.2912121212121221	1.9225000000000039	1.502094412365358	1.6750000000000012	1.3861642824908134	1.2025000000000023	1.663565634716379	1.0	1.3105945793068439	1.2699999999999996	3.6318698517298214	1.7875
ko	1.0225000000000009	1.0675000000000008	3.7225053782928024	1.0675000000000008	1.1867311276794026	1.5541097799210102	1.1574999999999984	2.2592637645510516	1.404036523929472	1.7090860610501566	1.1799999999999986	1.1349999999999978	1.2460116731517503	1.433013897177935	1.6519798679561855	1.4950000000000006	1.5400000000000027	1.1574999999999984	1.3825000000000038	1.0450000000000004	1.0	1.5100488659671374	1.4031521739130446	1.3375000000000004	1.2233860759493673	1.4950000000000006	1.1799999999999986	1.6750000000000012	1.2680086754619462	1.1349999999999978	1.4015017436791628	0.0	1.2222969830801655	1.2250000000000003	3.6318698517298214	1.4275000000000002
lv	1.0225000000000009	1.0675000000000008	3.554152487615755	1.0225000000000009	1.1124999999999978	1.2251291618828923	1.1124999999999978	1.5460714285714279	1.1574999999999984	1.1684243155137644	1.1124999999999978	1.0450000000000004	1.1097080291970782	1.0900000000000025	1.3037894736842097	1.1349999999999978	1.1574999999999984	1.1574999999999984	1.1574999999999984	1.0225000000000009	1.0	1.159434889434888	1.1574999999999984	1.1574999999999984	1.1124999999999978	1.1574999999999984	1.1124999999999978	1.6641969025426537	1.1124999999999978	1.1124999999999978	1.159434889434888	0.0	1.1968207156656643	1.0900000000000025	3.6209595153506555	1.1349999999999978
mk	1.0225000000000009	1.0675000000000008	3.5649999999999964	1.0675000000000008	1.2416144213455553	1.7049613073215928	1.2250000000000003	2.4953964020055355	1.494198113207548	1.7963070919721817	1.2025000000000023	1.1124999999999978	1.3137933753943238	1.35483903420523	1.8574672938259411	1.5624999999999984	1.3825000000000038	1.1574999999999984	1.6975000000000036	1.0450000000000004	1.0	1.5106439839813879	1.494198113207548	1.5174999999999979	1.2686191335740082	1.6299999999999997	1.3752993880499755	1.6750000000000012	1.2025000000000023	1.1574999999999984	1.471677089309252	0.0	1.1095030659172187	1.1574999999999984	3.6318698517298214	1.4724999999999986
ml	1.0	1.0225000000000009	3.5649999999999964	0.0	1.0	1.0744230769230771	1.0225000000000009	1.3000000000000003	1.0450000000000004	1.040032467532468	1.0450000000000004	1.0450000000000004	1.0225000000000009	1.0450000000000004	1.0450000000000004	1.0450000000000004	1.0450000000000004	1.0225000000000009	1.0450000000000004	1.0450000000000004	0.0	1.0450000000000004	1.0450000000000004	1.0450000000000004	1.0450000000000004	1.0450000000000004	1.0225000000000009	1.6750000000000012	1.0450000000000004	1.0225000000000009	1.0450000000000004	0.0	1.1770030659172197	1.0225000000000009	3.6318698517298214	1.0450000000000004
mr	1.0	1.0	3.5649999999999964	1.0	1.0	1.0	1.0	1.0391304347826091	1.0	1.0	1.0	1.0	1.0	1.0225000000000009	1.0	1.0225000000000009	1.0	1.0	1.0	0.0	1.0225000000000009	1.0	1.0	1.0	1.0	1.0225000000000009	1.0	1.6750000000000012	1.0	1.0	1.0225000000000009	1.0	1.015789473684211	0.0	3.6318698517298214	1.0
nl	1.0225000000000009	1.0675000000000008	3.575920073293762	1.0450000000000004	1.9886187742995167	2.39430841634419	1.282928272765453	3.680882546016098	1.9670185221576764	3.7358969084736837	1.2770114601378602	1.0867307692307713	1.4854608622527696	3.0529255423026718	3.6141682996142825	1.8921265470652169	1.5100488659671374	1.159434889434888	1.5106439839813879	1.0450000000000004	1.0	4.880399296389287	1.724965850300101	1.7485751023920921	1.4343036694524665	1.9492909821117514	1.6301651587912986	1.6570013343270662	1.7526809134049754	1.3265852390852384	2.6179785019067388	0.0	1.5673487400414106	1.4045114601378599	3.6140349661114177	1.8037781155560861
pl	1.0225000000000009	1.0675000000000008	3.7000004835852005	1.0675000000000008	1.2240926052964023	2.0190925535334916	1.2233860759493673	2.733844500453468	1.4921546374308337	1.629106118231497	1.1780583756345169	1.1124999999999978	1.268619133574008	1.5067086474229316	1.9051967680073598	1.5385674157303404	1.4031521739130446	1.1574999999999984	1.494198113207548	1.0450000000000004	1.0	1.724965850300101	1.7212787700799355	1.4257373271889413	1.216742731755951	1.6287540716612374	1.399388293067532	1.6750000000000036	1.317299148463532	1.2025000000000023	1.6145546087061533	0.0	1.476615789929889	1.2233860759493673	3.631869851729828	1.4941981132075477
pt	1.0225000000000009	1.0675000000000008	3.6799766173946336	1.0675000000000008	1.2785943229661818	1.9092855721472726	1.3150000000000022	2.0887488553055635	1.5611191335740071	1.901916478155478	1.2250000000000003	1.0900000000000025	1.290063694267516	1.3573195085368177	1.8050375129500826	1.5849999999999969	1.3375000000000004	1.1574999999999984	1.5174999999999979	1.0450000000000004	1.0	1.7485751023920921	1.4257373271889413	1.7200000000000033	1.2912121212121221	1.6750000000000012	1.43013356609608	1.6707974344334766	1.2587536633018561	1.1349999999999978	1.5400146944362443	0.0	1.4651045319430394	1.1574999999999984	3.629081530683813	1.5400000000000027
ro	1.0225000000000009	1.0450000000000004	3.6236242676720503	1.0450000000000004	1.2160075594871023	1.3963674458071367	1.2250000000000003	1.6636320836341265	1.282717407621867	1.28528408062483	1.2007373271889414	1.0675000000000008	1.155338983050846	1.2702546597546116	1.3803494131629164	1.2912121212121221	1.2233860759493673	1.1124999999999978	1.2686191335740082	1.0450000000000004	1.0	1.4343036694524665	1.216742731755951	1.2912121212121221	1.337168819472777	1.3137933753943227	1.1953947368421036	1.6570012967490249	1.1856608668112152	1.0900000000000025	1.387695105628177	0.0	1.1289458858150963	1.1349999999999978	3.6157582934258294	1.2686191335740074
ru	1.0225000000000009	1.0675000000000008	3.7225053782928024	1.0675000000000008	1.415954759106933	2.1803324236104515	1.3375000000000004	3.0322796876642	1.8090116279069803	2.2763016302126	1.2250000000000003	1.2025000000000023	1.3805583756345194	1.7270110699620451	2.4101043038528918	1.9225000000000039	1.4950000000000006	1.1574999999999984	1.6299999999999997	1.0450000000000004	1.0225000000000009	1.9492909821117514	1.6287540716612374	1.6750000000000012	1.3137933753943227	2.350000000000001	1.4605003844182451	1.6750000000000012	1.3861642824908134	1.2025000000000023	1.6874494767117376	1.0	1.4009411236169917	1.2474999999999996	3.6318698517298214	1.810000000000004
sh	1.0225000000000009	1.0675000000000008	3.76839931255573	1.0450000000000004	1.4931369712002192	2.2605583814510557	1.2514876476906542	1.8460499874735679	1.4282663693621183	1.6035079193758959	1.1124999999999978	1.0450000000000004	1.1574999999999984	1.2021216359701075	1.4999816795091268	1.502094412365358	1.1799999999999986	1.1124999999999978	1.3752993880499755	1.0225000000000009	1.0	1.6301651587912986	1.399388293067532	1.43013356609608	1.1953947368421036	1.4605003844182451	2.8165023573067813	1.7143544903112362	1.2228048780487795	1.2025000000000023	1.295872341224761	0.0	1.2566146541164944	1.190358439201451	3.831927071554456	1.502094412365358
si	1.1124999999999978	1.6750000000000036	1.6525000000000016	1.6750000000000012	1.6599988417675047	1.6576007612476757	1.6750000000000012	1.663597069936156	1.6635970699361549	1.6611981043090263	1.6750000000000012	1.6750000000000012	1.6677966566887852	1.674399529042391	1.6570013343270666	1.6750000000000012	1.6750000000000012	1.6641969025426537	1.6750000000000012	1.6750000000000012	1.6750000000000012	1.6570013343270662	1.6750000000000036	1.6707974344334766	1.6570012967490249	1.6750000000000012	1.7143544903112362	1.6750000000000012	1.6605984545989096	1.6750000000000012	1.6599988417675042	1.6524999999999999	1.0	1.6750000000000034	1.6738302752293575	1.6750000000000012
simple	1.0225000000000009	1.0450000000000004	3.6339844816361193	1.0225000000000009	2.1415782883011714	2.1999446683191284	1.2066826496224228	2.3084243826293376	1.491549341042347	2.272692522656278	1.1867311276794028	1.0900000000000025	1.1780583756345169	2.4584196789191353	2.013440836307235	1.3861642824908134	1.2680086754619462	1.1124999999999978	1.2025000000000023	1.0450000000000004	1.0	1.7526809134049754	1.317299148463532	1.2587536633018561	1.1856608668112152	1.3861642824908134	1.2228048780487795	1.6605984545989096	3.0399478446708685	1.1349999999999978	2.4235847802357857	0.0	1.5920829700703323	1.1553389830508465	3.614996254028979	1.3614141468322978
sr	1.0225000000000009	1.0675000000000008	3.6099979817148053	1.0225000000000009	1.1124999999999978	1.2964262093363084	1.0900000000000025	1.7057894736842119	1.1799999999999986	1.2233383893492862	1.0900000000000025	1.0450000000000004	1.1574999999999984	1.1953947368421036	1.2171829163071608	1.2025000000000023	1.1349999999999978	1.1124999999999978	1.1574999999999984	1.0225000000000009	1.0	1.3265852390852384	1.2025000000000023	1.1349999999999978	1.0900000000000025	1.2025000000000023	1.2025000000000023	1.6750000000000012	1.1349999999999978	1.2025000000000023	1.2182703316024033	0.0	1.2043555605482827	1.0900000000000025	3.6318698517298214	1.2025000000000023
sv	1.0225000000000009	1.0675000000000008	3.7465541318777547	1.0450000000000004	2.0346282259415016	3.077835891620758	1.4031202547865917	3.5097606861093458	1.7622815013527735	2.5548473438277495	1.3259547591069343	1.0900000000000025	1.3926301685889635	2.4615386152310457	2.4767134972370224	1.663565634716379	1.4015017436791628	1.159434889434888	1.471677089309252	1.0450000000000004	1.0225000000000009	2.6179785019067388	1.6145546087061533	1.5400146944362443	1.387695105628177	1.6874494767117376	1.295872341224761	1.6599988417675042	2.4235847802357857	1.2182703316024033	4.014613584503697	1.0	1.391307760772653	1.306955903271692	3.6144090954814536	1.6396353160797021
te	0.0	0.0	3.0249991059319994	0.0	0.0	0.0	0.0	1.0	0.0	0.0	0.0	1.0	0.0	1.0	0.0	1.0	0.0	0.0	0.0	0.0	1.0	0.0	0.0	0.0	0.0	1.0	0.0	1.6524999999999999	0.0	0.0	1.0	1.0	1.1097080291970784	0.0	3.0466981132075412	0.0
tr	1.0225000000000009	1.386987861000699	-1.0	1.0435575109993713	1.191667341252468	1.7530616451522922	1.1095030659172187	1.5840530980215397	1.5385766137811823	1.4737877689866288	1.1293644081794438	1.133300390714777	1.109503065917219	1.402766880714277	1.568261748615432	1.3105945793068439	1.2222969830801655	1.1968207156656643	1.1095030659172187	1.1770030659172197	1.015789473684211	1.5673487400414106	1.476615789929889	1.4651045319430394	1.1289458858150963	1.4009411236169917	1.2566146541164944	1.0	1.5920829700703323	1.2043555605482827	1.391307760772653	1.1097080291970784	1.653817614438193	1.2666532681349167	1.015789473684211	1.3100237530092482
vi	1.0	1.0225000000000009	3.7320518865162695	1.0450000000000004	1.0900000000000025	1.3606065468549435	1.1349999999999978	1.792618368285909	1.2460116731517503	1.3116245866553475	1.1124999999999978	1.0675000000000008	1.1349999999999978	1.198199753390874	1.458999062473341	1.2699999999999996	1.2250000000000003	1.0900000000000025	1.1574999999999984	1.0225000000000009	0.0	1.4045114601378599	1.2233860759493673	1.1574999999999984	1.1349999999999978	1.2474999999999996	1.190358439201451	1.6750000000000034	1.1553389830508465	1.0900000000000025	1.306955903271692	0.0	1.2666532681349167	1.2699999999999996	3.6318729226834363	1.2474999999999996
war	1.1780583756345167	3.6318698517298285	3.562715832536064	3.6318698517298214	3.61456944763276	3.613859183489475	3.6318698517298214	3.616128455487034	3.6177525800874313	3.618105237966922	3.6318698517298214	3.5643538851351337	3.6249743498823452	3.631710608050212	3.613205760681821	3.6318698517298214	3.6318698517298214	3.6209595153506555	3.6318698517298214	3.6318698517298214	3.6318698517298214	3.6140349661114177	3.631869851729828	3.629081530683813	3.6157582934258294	3.6318698517298214	3.831927071554456	1.6738302752293575	3.614996254028979	3.6318698517298214	3.6144090954814536	3.0466981132075412	1.015789473684211	3.6318729226834363	3.6823695884054173	3.6318698517298214
zh	1.0225000000000009	1.0675000000000008	3.7225053782928024	1.0900000000000025	1.3958136860264518	2.0614466787147805	1.2925000000000002	2.846121724940107	1.673830275229358	1.943410295214504	1.1799999999999986	1.1574999999999984	1.358928571428569	1.619854192454264	1.9344581389986533	1.7875	1.4275000000000002	1.1349999999999978	1.4724999999999986	1.0450000000000004	1.0	1.8037781155560861	1.4941981132075477	1.5400000000000027	1.2686191335740074	1.810000000000004	1.502094412365358	1.6750000000000012	1.3614141468322978	1.2025000000000023	1.6396353160797021	0.0	1.3100237530092482	1.2474999999999996	3.6318698517298214	1.9450000000000007
