arz	bs	ceb	ckb	da	de	el	en	es	fr	he	hi	hu	id	it	ja	ko	lv	mk	ml	mr	nl	pl	pt	ro	ru	sh	si	simple	sr	sv	te	tr	union	vi	war	zh
arz	0.5	0.25	0.032520325203252036	0.08333333333333333	0.03125	0.022222222222222223	0.058823529411764705	0.015151515151515152	0.02564102564102564	0.018518518518518517	0.09090909090909091	0.045454545454545456	0.05	0.038461538461538464	0.022222222222222223	0.02040816326530612	0.04	0.125	0.03125	0.125	0.16666666666666666	0.03225806451612903	0.03333333333333333	0.030303030303030304	0.06666666666666667	0.01639344262295082	0.05555555555555555	0.08823529411764706	0.0625	0.1	0.038461538461538464	0.0	0.05555555555555555	0.012987012987012988	0.03571428571428571	0.038135593220338986	0.023255813953488372
bs	0.25	0.5	0.8899081436797368	0.0625	0.09375	0.044444444444444446	0.08333333333333333	0.030303030303030304	0.05128205128205128	0.037037037037037035	0.125	0.08333333333333333	0.07142857142857142	0.05555555555555555	0.044444444444444446	0.04081632653061224	0.08	0.25	0.0625	0.2	0.1	0.06451612903225806	0.06666666666666667	0.06060606060606061	0.09375	0.03278688524590164	0.1111111111111111	0.13135593220338984	0.08823529411764706	0.2	0.07692307692307693	0.0	0.2901098901098901	0.025974025974025976	0.06666666666666667	0.5003374831258437	0.046511627906976744
ceb	0.032520325203252036	0.8899081436797368	1.0	0.46	0.890460504662644	0.8930462327548226	0.46923076923076923	0.7299167784311702	0.8454212700847594	0.6409084901352943	0.468	0.448	0.6130005455734482	0.8975065223817911	0.902504105090312	0.48031496062992124	0.4206896551724138	0.7213130047340575	0.46	0.46	0.46	0.8981193259037783	0.9020354688829265	0.5523666738059542	0.8900437220796502	0.48031496062992124	0.5292983719925083	0.12195121951219512	0.9209110523101974	0.468	0.7991926384003429	0.364	-1.0	0.6837850038461686	0.8942750138197899	0.4602536415682296	0.5085661451288959
ckb	0.08333333333333333	0.0625	0.46	0.5	0.125	0.043478260869565216	0.07894736842105263	0.03787878787878788	0.05	0.03636363636363636	0.11538461538461539	0.0	0.06818181818181818	0.07407407407407407	0.043478260869565216	0.05102040816326531	0.07692307692307693	0.09090909090909091	0.06060606060606061	0.0	0.08333333333333333	0.045454545454545456	0.06451612903225806	0.058823529411764705	0.08823529411764706	0.03225806451612903	0.075	0.13135593220338984	0.05263157894736842	0.07692307692307693	0.05357142857142857	0.0	0.075	0.032467532467532464	0.1	0.5	0.05813953488372093
da	0.03125	0.09375	0.890460504662644	0.125	1.0	0.1855072463768116	0.1956521739130435	0.12269980774512496	0.175	0.16175548589341693	0.2222222222222222	0.043478260869565216	0.125	0.20729166666666665	0.1750625782227785	0.12745098039215685	0.125	0.17647058823529413	0.17142857142857143	0.029411764705882353	0.03125	0.24960127591706538	0.18181818181818182	0.16666666666666666	0.21428571428571427	0.11290322580645161	0.16	0.13025210084033614	0.24583333333333335	0.15789473684210525	0.375	0.0	0.2305194805194805	0.10717913371544657	0.10869565217391304	0.49613855825106395	0.14444444444444443
de	0.022222222222222223	0.044444444444444446	0.8930462327548226	0.043478260869565216	0.1855072463768116	1.0	0.1595744680851064	0.37323352764529233	0.34678522571819426	0.40909090909090906	0.10869565217391304	0.07291666666666667	0.16326530612244897	0.23863162286191072	0.37272036474164133	0.2833333333333333	0.18627450980392157	0.08888888888888889	0.21296296296296297	0.03333333333333333	0.010869565217391304	0.43833333333333335	0.2616279069767442	0.2358490566037736	0.1640786749482402	0.328125	0.18566176470588236	0.11742424242424243	0.21066252587991718	0.1111111111111111	0.3173611111111111	0.0	0.10076445293836599	0.34947036204019444	0.10416666666666667	0.44725947738054117	0.2857142857142857
el	0.058823529411764705	0.08333333333333333	0.46923076923076923	0.07894736842105263	0.1956521739130435	0.1595744680851064	0.5	0.12878787878787878	0.16666666666666666	0.14545454545454545	0.2	0.0625	0.13793103448275862	0.171875	0.18888888888888888	0.14705882352941177	0.11764705882352941	0.15789473684210525	0.14473684210526316	0.05555555555555555	0.027777777777777776	0.14864864864864866	0.1527777777777778	0.21428571428571427	0.2619047619047619	0.12903225806451613	0.17307692307692307	0.11923076923076924	0.1875	0.11363636363636363	0.21666666666666667	0.0	0.13043478260869565	0.11038961038961038	0.15217391304347827	0.45384615384615384	0.15217391304347827
en	0.015151515151515152	0.030303030303030304	0.7299167784311702	0.03787878787878788	0.12269980774512496	0.37323352764529233	0.12878787878787878	1.0	0.28964269561284484	0.3961988304093567	0.08333333333333333	0.07575757575757576	0.14328805076414336	0.2121212121212121	0.41940298507462687	0.3333333333333333	0.1791044776119403	0.06060606060606061	0.24242424242424243	0.022727272727272728	0.015151515151515152	0.31617378605330415	0.2318181818181818	0.25	0.11666666666666667	0.3819444444444444	0.15292990142387733	0.09567901234567901	0.12878787878787878	0.07575757575757576	0.21207543715096586	0.007575757575757576	0.10818652125279642	0.8894652833200318	0.09848484848484848	0.3644308123571991	0.31343283582089554
es	0.02564102564102564	0.05128205128205128	0.8454212700847594	0.05	0.175	0.34678522571819426	0.16666666666666666	0.28964269561284484	1.0	0.3017857142857143	0.10975609756097561	0.08333333333333333	0.24854651162790697	0.22995090016366612	0.2996992070002734	0.3	0.2111111111111111	0.10256410256410256	0.23958333333333334	0.038461538461538464	0.0125	0.3039291217257319	0.25	0.2826086956521739	0.175	0.29365079365079366	0.1951219512195122	0.11742424242424243	0.34798534798534797	0.1125	0.2915282392026578	0.0	0.12862903225806452	0.25883334542552416	0.15	0.44715302174787397	0.30392156862745096
fr	0.018518518518518517	0.037037037037037035	0.6409084901352943	0.03636363636363636	0.16175548589341693	0.40909090909090906	0.14545454545454545	0.3961988304093567	0.3017857142857143	1.0	0.09090909090909091	0.07142857142857142	0.18120184899845918	0.23132183908045975	0.4500941619585687	0.31746031746031744	0.19298245614035087	0.07407407407407407	0.2543859649122807	0.027777777777777776	0.00909090909090909	0.3963227783452502	0.23684210526315788	0.2631578947368421	0.12727272727272726	0.3333333333333333	0.18974358974358974	0.09935897435897435	0.16267942583732056	0.09259259259259259	0.2707199032062916	0.0	0.11596449203888967	0.42746499310745123	0.08771929824561403	0.37842479979609966	0.29508196721311475
he	0.09090909090909091	0.125	0.468	0.11538461538461539	0.2222222222222222	0.10869565217391304	0.2	0.08333333333333333	0.10975609756097561	0.09090909090909091	0.5	0.11764705882352941	0.09615384615384616	0.16071428571428573	0.09574468085106383	0.08823529411764706	0.16666666666666666	0.23076923076923078	0.15151515151515152	0.13636363636363635	0.041666666666666664	0.11764705882352941	0.140625	0.16666666666666666	0.3125	0.09016393442622951	0.13043478260869565	0.12916666666666668	0.21052631578947367	0.15625	0.18518518518518517	0.0	0.125	0.07142857142857142	0.16666666666666666	0.49166666666666664	0.1
hi	0.045454545454545456	0.08333333333333333	0.448	0.0	0.043478260869565216	0.07291666666666667	0.0625	0.07575757575757576	0.08333333333333333	0.07142857142857142	0.11764705882352941	0.5	0.1	0.16666666666666666	0.05	0.10204081632653061	0.125	0.1	0.08333333333333333	0.15	0.045454545454545456	0.06944444444444445	0.08823529411764706	0.06578947368421052	0.09523809523809523	0.08196721311475409	0.06	0.13478260869565217	0.11904761904761904	0.08823529411764706	0.08064516129032258	0.05	0.14583333333333334	0.06493506493506493	0.10526315789473684	0.4872881355932203	0.08888888888888889
hu	0.05	0.07142857142857142	0.6130005455734482	0.06818181818181818	0.125	0.16326530612244897	0.13793103448275862	0.14328805076414336	0.24854651162790697	0.18120184899845918	0.09615384615384616	0.1	1.0	0.1388888888888889	0.13725490196078433	0.17647058823529413	0.18181818181818182	0.13636363636363635	0.20270270270270271	0.047619047619047616	0.023809523809523808	0.1891891891891892	0.17567567567567569	0.1794871794871795	0.14814814814814814	0.14285714285714285	0.13333333333333333	0.1183206106870229	0.16666666666666666	0.18181818181818182	0.15714285714285714	0.0	0.0967741935483871	0.13685337009359355	0.1346153846153846	0.4506548039341054	0.18478260869565216
id	0.038461538461538464	0.05555555555555555	0.8975065223817911	0.07407407407407407	0.20729166666666665	0.23863162286191072	0.171875	0.2121212121212121	0.22995090016366612	0.23132183908045975	0.16071428571428573	0.16666666666666666	0.1388888888888889	1.0	0.22554945054945053	0.20754716981132076	0.17105263157894737	0.08620689655172414	0.2073170731707317	0.057692307692307696	0.038461538461538464	0.21955503512880561	0.21794871794871795	0.17045454545454544	0.22878787878787876	0.20161290322580644	0.14705882352941177	0.11654135338345864	0.27692307692307694	0.1206896551724138	0.2675438596491228	0.019230769230769232	0.216966966966967	0.18279764927809622	0.109375	0.44389533673848675	0.21875
it	0.022222222222222223	0.044444444444444446	0.902504105090312	0.043478260869565216	0.1750625782227785	0.37272036474164133	0.18888888888888888	0.41940298507462687	0.2996992070002734	0.4500941619585687	0.09574468085106383	0.05	0.13725490196078433	0.22554945054945053	1.0	0.2966101694915254	0.17307692307692307	0.08888888888888889	0.2403846153846154	0.03333333333333333	0.010869565217391304	0.41761546723952736	0.25735294117647056	0.2647058823529412	0.15217391304347827	0.30303030303030304	0.2188238770685579	0.128099173553719	0.16342892383595437	0.09782608695652174	0.2679710144927536	0.0	0.15106510651065105	0.38438656315751285	0.10416666666666667	0.4879183877064235	0.2857142857142857
ja	0.02040816326530612	0.04081632653061224	0.48031496062992124	0.05102040816326531	0.12745098039215685	0.2833333333333333	0.14705882352941177	0.3333333333333333	0.3	0.31746031746031744	0.08823529411764706	0.10204081632653061	0.17647058823529413	0.20754716981132076	0.2966101694915254	0.5	0.22549019607843138	0.07	0.23636363636363636	0.030612244897959183	0.02040816326530612	0.25471698113207547	0.23148148148148148	0.24545454545454545	0.14	0.3088235294117647	0.1836734693877551	0.1220472440944882	0.16326530612244897	0.10204081632653061	0.23529411764705882	0.01020408163265306	0.16304347826086957	0.3181818181818182	0.1326530612244898	0.4645669291338583	0.32142857142857145
ko	0.04	0.08	0.4206896551724138	0.07692307692307693	0.125	0.18627450980392157	0.11764705882352941	0.1791044776119403	0.2111111111111111	0.19298245614035087	0.16666666666666666	0.125	0.18181818181818182	0.17105263157894737	0.17307692307692307	0.22549019607843138	0.5	0.16	0.23076923076923078	0.06	0.019230769230769232	0.2	0.2638888888888889	0.19047619047619047	0.1896551724137931	0.18253968253968253	0.1323529411764706	0.10689655172413794	0.18333333333333332	0.125	0.17105263157894737	0.0	0.1896551724137931	0.16233766233766234	0.2037037037037037	0.4068965517241379	0.20833333333333334
lv	0.125	0.25	0.7213130047340575	0.09090909090909091	0.17647058823529413	0.08888888888888889	0.15789473684210525	0.06060606060606061	0.10256410256410256	0.07407407407407407	0.23076923076923078	0.1	0.13636363636363635	0.08620689655172414	0.08888888888888889	0.07	0.16	0.5	0.125	0.1111111111111111	0.05555555555555555	0.109375	0.13333333333333333	0.12121212121212122	0.17647058823529413	0.06557377049180328	0.15	0.13135593220338984	0.16666666666666666	0.25	0.12962962962962962	0.0	0.15851851851851853	0.05194805194805195	0.15625	0.5	0.07954545454545454
mk	0.03125	0.0625	0.46	0.06060606060606061	0.17142857142857143	0.21296296296296297	0.14473684210526316	0.24242424242424243	0.23958333333333334	0.2543859649122807	0.15151515151515152	0.08333333333333333	0.20270270270270271	0.2073170731707317	0.2403846153846154	0.23636363636363636	0.23076923076923078	0.125	0.5	0.046875	0.015151515151515152	0.23255813953488372	0.2948717948717949	0.2926829268292683	0.19117647058823528	0.2265625	0.17567567567567569	0.13135593220338984	0.13157894736842105	0.11764705882352941	0.19047619047619047	0.0	0.12	0.2077922077922078	0.10810810810810811	0.5	0.20754716981132076
ml	0.125	0.2	0.46	0.0	0.029411764705882353	0.03333333333333333	0.05555555555555555	0.022727272727272728	0.038461538461538464	0.027777777777777776	0.13636363636363635	0.15	0.047619047619047616	0.057692307692307696	0.03333333333333333	0.030612244897959183	0.06	0.1111111111111111	0.046875	0.5	0.0	0.04838709677419355	0.05	0.045454545454545456	0.1	0.02459016393442623	0.05263157894736842	0.13135593220338984	0.09375	0.09090909090909091	0.057692307692307696	0.0	0.17307692307692307	0.01948051948051948	0.07142857142857142	0.5	0.03488372093023256
mr	0.16666666666666666	0.1	0.46	0.08333333333333333	0.03125	0.010869565217391304	0.027777777777777776	0.015151515151515152	0.0125	0.00909090909090909	0.041666666666666664	0.045454545454545456	0.023809523809523808	0.038461538461538464	0.010869565217391304	0.02040816326530612	0.019230769230769232	0.05555555555555555	0.015151515151515152	0.0	0.5	0.015625	0.016129032258064516	0.014705882352941176	0.03125	0.01639344262295082	0.02631578947368421	0.13135593220338984	0.029411764705882353	0.045454545454545456	0.038461538461538464	0.25	0.05	0.012987012987012988	0.0	0.5	0.011363636363636364
nl	0.03225806451612903	0.06451612903225806	0.8981193259037783	0.045454545454545456	0.24960127591706538	0.43833333333333335	0.14864864864864866	0.31617378605330415	0.3039291217257319	0.3963227783452502	0.11764705882352941	0.06944444444444445	0.1891891891891892	0.21955503512880561	0.41761546723952736	0.25471698113207547	0.2	0.109375	0.23255813953488372	0.04838709677419355	0.015625	1.0	0.28205128205128205	0.2441860465116279	0.1476608187134503	0.24193548387096775	0.21492537313432836	0.13025210084033614	0.16972693032015068	0.140625	0.3177966101694915	0.0	0.06824319913135804	0.27951099180149463	0.1111111111111111	0.4961268824118433	0.22549019607843138
pl	0.03333333333333333	0.06666666666666667	0.9020354688829265	0.06451612903225806	0.18181818181818182	0.2616279069767442	0.1527777777777778	0.2318181818181818	0.25	0.23684210526315788	0.140625	0.08823529411764706	0.17567567567567569	0.21794871794871795	0.25735294117647056	0.23148148148148148	0.2638888888888889	0.13333333333333333	0.2948717948717949	0.05	0.016129032258064516	0.28205128205128205	1.0	0.23255813953488372	0.16176470588235295	0.23387096774193547	0.22727272727272727	0.125	0.19696969696969696	0.16666666666666666	0.27530364372469635	0.0	0.1015625	0.19899513893927304	0.171875	0.47598171801783873	0.23
pt	0.030303030303030304	0.06060606060606061	0.5523666738059542	0.058823529411764705	0.16666666666666666	0.2358490566037736	0.21428571428571427	0.25	0.2826086956521739	0.2631578947368421	0.16666666666666666	0.06578947368421052	0.1794871794871795	0.17045454545454544	0.2647058823529412	0.24545454545454545	0.19047619047619047	0.12121212121212122	0.2926829268292683	0.045454545454545456	0.014705882352941176	0.2441860465116279	0.23255813953488372	0.5	0.20588235294117646	0.24603174603174602	0.20833333333333334	0.125	0.14473684210526316	0.09722222222222222	0.2375	0.0	0.1536130536130536	0.21428571428571427	0.10526315789473684	0.4764447494852437	0.24509803921568626
ro	0.06666666666666667	0.09375	0.8900437220796502	0.08823529411764706	0.21428571428571427	0.1640786749482402	0.2619047619047619	0.11666666666666667	0.175	0.12727272727272726	0.3125	0.09523809523809523	0.14814814814814814	0.22878787878787876	0.15217391304347827	0.14	0.1896551724137931	0.17647058823529413	0.19117647058823528	0.1	0.03125	0.1476608187134503	0.16176470588235295	0.20588235294117646	1.0	0.12295081967213115	0.1346153846153846	0.12704918032786885	0.23809523809523808	0.125	0.25925925925925924	0.0	0.14714285714285713	0.10019589349198288	0.16666666666666666	0.48393001913668116	0.14444444444444443
ru	0.01639344262295082	0.03278688524590164	0.48031496062992124	0.03225806451612903	0.11290322580645161	0.328125	0.12903225806451613	0.3819444444444444	0.29365079365079366	0.3333333333333333	0.09016393442622951	0.08196721311475409	0.14285714285714285	0.20161290322580644	0.30303030303030304	0.3088235294117647	0.18253968253968253	0.06557377049180328	0.2265625	0.02459016393442623	0.01639344262295082	0.24193548387096775	0.23387096774193547	0.24603174603174602	0.12295081967213115	0.5	0.13709677419354838	0.1220472440944882	0.13114754098360656	0.08196721311475409	0.20161290322580644	0.00819672131147541	0.12337662337662338	0.3961038961038961	0.0967741935483871	0.4645669291338583	0.27611940298507465
sh	0.05555555555555555	0.1111111111111111	0.5292983719925083	0.075	0.16	0.18566176470588236	0.17307692307692307	0.15292990142387733	0.1951219512195122	0.18974358974358974	0.13043478260869565	0.06	0.13333333333333333	0.14705882352941177	0.2188238770685579	0.1836734693877551	0.1323529411764706	0.15	0.17567567567567569	0.05263157894736842	0.02631578947368421	0.21492537313432836	0.22727272727272727	0.20833333333333334	0.1346153846153846	0.13709677419354838	1.0	0.13135593220338984	0.15384615384615385	0.2777777777777778	0.23333333333333334	0.0	0.16087962962962962	0.13503954146412248	0.17391304347826086	0.5017404276479364	0.20930232558139536
si	0.08823529411764706	0.13135593220338984	0.12195121951219512	0.13135593220338984	0.13025210084033614	0.11742424242424243	0.11923076923076924	0.09567901234567901	0.11742424242424243	0.09935897435897435	0.12916666666666668	0.13478260869565217	0.1183206106870229	0.11654135338345864	0.128099173553719	0.1220472440944882	0.10689655172413794	0.13135593220338984	0.13135593220338984	0.13135593220338984	0.13135593220338984	0.13025210084033614	0.125	0.125	0.12704918032786885	0.1220472440944882	0.13135593220338984	0.5	0.128099173553719	0.12916666666666668	0.1076388888888889	0.15789473684210525	0.023809523809523808	0.09567901234567901	0.125	0.13135593220338984	0.1220472440944882
simple	0.0625	0.08823529411764706	0.9209110523101974	0.05263157894736842	0.24583333333333335	0.21066252587991718	0.1875	0.12878787878787878	0.34798534798534797	0.16267942583732056	0.21052631578947367	0.11904761904761904	0.16666666666666666	0.27692307692307694	0.16342892383595437	0.16326530612244897	0.18333333333333332	0.16666666666666666	0.13157894736842105	0.09375	0.029411764705882353	0.16972693032015068	0.19696969696969696	0.14473684210526316	0.23809523809523808	0.13114754098360656	0.15384615384615385	0.128099173553719	1.0	0.18421052631578946	0.27142857142857146	0.0	0.23108552631578946	0.1108793441195676	0.19047619047619047	0.4879207661025843	0.17045454545454544
sr	0.1	0.2	0.468	0.07692307692307693	0.15789473684210525	0.1111111111111111	0.11363636363636363	0.07575757575757576	0.1125	0.09259259259259259	0.15625	0.08823529411764706	0.18181818181818182	0.1206896551724138	0.09782608695652174	0.10204081632653061	0.125	0.25	0.11764705882352941	0.09090909090909091	0.045454545454545456	0.140625	0.16666666666666666	0.09722222222222222	0.125	0.08196721311475409	0.2777777777777778	0.12916666666666668	0.18421052631578946	0.5	0.16666666666666666	0.0	0.1369047619047619	0.06493506493506493	0.1388888888888889	0.49166666666666664	0.11627906976744186
sv	0.038461538461538464	0.07692307692307693	0.7991926384003429	0.05357142857142857	0.375	0.3173611111111111	0.21666666666666667	0.21207543715096586	0.2915282392026578	0.2707199032062916	0.18518518518518517	0.08064516129032258	0.15714285714285714	0.2675438596491228	0.2679710144927536	0.23529411764705882	0.17105263157894737	0.12962962962962962	0.19047619047619047	0.057692307692307696	0.038461538461538464	0.3177966101694915	0.27530364372469635	0.2375	0.25925925925925924	0.20161290322580644	0.23333333333333334	0.1076388888888889	0.27142857142857146	0.16666666666666666	1.0	0.019230769230769232	0.15218676122931443	0.18419429732278894	0.15	0.409956551454794	0.25
te	0.0	0.0	0.364	0.0	0.0	0.0	0.0	0.007575757575757576	0.0	0.0	0.0	0.05	0.0	0.019230769230769232	0.0	0.01020408163265306	0.0	0.0	0.0	0.0	0.25	0.0	0.0	0.0	0.0	0.00819672131147541	0.0	0.15789473684210525	0.0	0.0	0.019230769230769232	0.5	0.13043478260869565	0.006493506493506494	0.0	0.38333333333333336	0.0
tr	0.05555555555555555	0.2901098901098901	-1.0	0.075	0.2305194805194805	0.10076445293836599	0.13043478260869565	0.10818652125279642	0.12862903225806452	0.11596449203888967	0.125	0.14583333333333334	0.0967741935483871	0.216966966966967	0.15106510651065105	0.16304347826086957	0.1896551724137931	0.15851851851851853	0.12	0.17307692307692307	0.05	0.06824319913135804	0.1015625	0.1536130536130536	0.14714285714285713	0.12337662337662338	0.16087962962962962	0.023809523809523808	0.23108552631578946	0.1369047619047619	0.15218676122931443	0.13043478260869565	1.0	0.06672677826093279	0.18055555555555555	0.05	0.18292682926829268
union	0.012987012987012988	0.025974025974025976	0.6837850038461686	0.032467532467532464	0.10717913371544657	0.34947036204019444	0.11038961038961038	0.8894652833200318	0.25883334542552416	0.42746499310745123	0.07142857142857142	0.06493506493506493	0.13685337009359355	0.18279764927809622	0.38438656315751285	0.3181818181818182	0.16233766233766234	0.05194805194805195	0.2077922077922078	0.01948051948051948	0.012987012987012988	0.27951099180149463	0.19899513893927304	0.21428571428571427	0.10019589349198288	0.3961038961038961	0.13503954146412248	0.09567901234567901	0.1108793441195676	0.06493506493506493	0.18419429732278894	0.006493506493506494	0.06672677826093279	1.0	0.08441558441558442	0.36439794951649346	0.2792207792207792
vi	0.03571428571428571	0.06666666666666667	0.8942750138197899	0.1	0.10869565217391304	0.10416666666666667	0.15217391304347827	0.09848484848484848	0.15	0.08771929824561403	0.16666666666666666	0.10526315789473684	0.1346153846153846	0.109375	0.10416666666666667	0.1326530612244898	0.2037037037037037	0.15625	0.10810810810810811	0.07142857142857142	0.0	0.1111111111111111	0.171875	0.10526315789473684	0.16666666666666666	0.0967741935483871	0.17391304347826086	0.125	0.19047619047619047	0.1388888888888889	0.15	0.0	0.18055555555555555	0.08441558441558442	0.5	0.47596575069693353	0.13636363636363635
war	0.038135593220338986	0.5003374831258437	0.4602536415682296	0.5	0.49613855825106395	0.44725947738054117	0.45384615384615384	0.3644308123571991	0.44715302174787397	0.37842479979609966	0.49166666666666664	0.4872881355932203	0.4506548039341054	0.44389533673848675	0.4879183877064235	0.4645669291338583	0.4068965517241379	0.5	0.5	0.5	0.5	0.4961268824118433	0.47598171801783873	0.4764447494852437	0.48393001913668116	0.4645669291338583	0.5017404276479364	0.13135593220338984	0.4879207661025843	0.49166666666666664	0.409956551454794	0.38333333333333336	0.05	0.36439794951649346	0.47596575069693353	1.0	0.4645669291338583
zh	0.023255813953488372	0.046511627906976744	0.5085661451288959	0.05813953488372093	0.14444444444444443	0.2857142857142857	0.15217391304347827	0.31343283582089554	0.30392156862745096	0.29508196721311475	0.1	0.08888888888888889	0.18478260869565216	0.21875	0.2857142857142857	0.32142857142857145	0.20833333333333334	0.07954545454545454	0.20754716981132076	0.03488372093023256	0.011363636363636364	0.22549019607843138	0.23	0.24509803921568626	0.14444444444444443	0.27611940298507465	0.20930232558139536	0.1220472440944882	0.17045454545454544	0.11627906976744186	0.25	0.0	0.18292682926829268	0.2792207792207792	0.13636363636363635	0.4645669291338583	0.5
