arz	bs	ceb	ckb	da	de	el	en	es	fr	he	hi	hu	id	it	ja	ko	lv	mk	ml	mr	nl	pl	pt	ro	ru	sh	si	simple	sr	sv	te	tr	union	vi	war	zh
arz	2.0	2.0	8.0	1.0	1.0	2.0	2.0	2.0	2.0	2.0	2.0	1.0	2.0	2.0	2.0	2.0	2.0	2.0	2.0	1.0	1.0	2.0	2.0	2.0	2.0	2.0	2.0	6.0	2.0	2.0	2.0	0.0	2.0	2.0	1.0	9.0	2.0
bs	2.0	4.0	129.09325842696626	1.0	3.0	4.0	3.0	4.0	4.0	4.0	3.0	2.0	3.0	3.0	4.0	4.0	4.0	4.0	4.0	2.0	1.0	4.0	4.0	4.0	3.0	4.0	4.0	31.0	3.0	4.0	4.0	0.0	11.011010014020028	4.0	2.0	118.00899999999999	4.0
ceb	8.0	129.09325842696626	137.55516261748812	115.0	129.93005007861183	137.27093567518452	122.0	137.43232844892268	135.16945212705375	133.6574353802384	117.0	112.0	124.90296937167935	137.55388142096874	131.76989442813573	122.0	122.0	123.02053314159524	115.0	115.0	115.0	130.37320499350955	135.2913180226693	122.16925458309323	132.20062571934085	122.0	116.95818629930969	30.0	132.90382302463541	117.0	136.86100957308676	91.0	-1.0	137.55516261748812	134.16563533278978	115.00699999999999	122.79991737606521
ckb	1.0	1.0	115.0	5.0	4.0	4.0	3.0	5.0	4.0	4.0	3.0	0.0	3.0	4.0	4.0	5.0	4.0	2.0	4.0	0.0	1.0	3.0	4.0	4.0	3.0	4.0	3.0	31.0	2.0	2.0	3.0	0.0	3.0	5.0	3.0	118.0	5.0
da	1.0	3.0	129.93005007861183	4.0	15.007007007007008	14.003002002002003	9.0	15.006006006006004	14.0	14.004004004004006	8.0	2.0	7.0	9.002002002002003	13.005005005005007	13.0	8.0	6.0	12.0	1.0	1.0	13.006006006006006	12.0	12.0	9.0	14.0	8.0	31.0	7.002002002002003	6.0	13.004003003003003	0.0	11.003002	15.007007007007008	5.0	118.00899999999999	13.0
de	2.0	4.0	137.27093567518452	4.0	14.003002002002003	45.04108319750128	15.0	43.03807517242103	33.001999999999995	36.019021023030035	10.0	7.0	16.0	20.004002002002	34.01301802604206	34.0	19.0	8.0	23.0	3.0	1.0	28.022031054096168	25.000999999999998	25.0	14.001	42.0	15.003003003003004	31.0	15.004003003003003	10.0	23.007005005005006	0.0	18.00901201802504	45.04108319750128	10.0	118.00899999999999	32.0
el	2.0	3.0	122.0	3.0	9.0	15.0	17.0	17.0	14.0	16.0	8.0	3.0	8.0	11.0	17.0	15.0	8.0	6.0	11.0	2.0	1.0	11.0	11.0	15.0	11.0	16.0	9.0	31.0	9.0	5.0	13.0	0.0	6.0	17.0	7.0	118.0	14.0
en	2.0	4.0	137.43232844892268	5.0	15.006006006006004	43.03807517242103	17.0	66.33255064603487	38.004	48.043109311942885	11.0	10.0	19.000999999999998	26.010006005005003	44.061189674583034	46.0	24.0	8.0	32.0	3.0	2.0	31.054173652562227	30.003	33.0	15.001999999999999	55.0	18.011019035065118	31.0	16.005003003003004	10.0	26.010012018028046	1.0	19.011014020028043	66.33255064603487	13.0	118.00899999999999	42.0
es	2.0	4.0	135.16945212705375	4.0	14.0	33.001999999999995	14.0	38.004	39.004	33.003	9.0	7.0	16.000999999999998	18.000999999999998	31.001	33.0	19.0	8.0	23.0	3.0	1.0	26.000999999999998	23.0	26.0	14.0	37.0	16.0	31.0	16.002	9.0	22.000999999999998	0.0	18.005	39.004	12.0	118.005	31.0
fr	2.0	4.0	133.6574353802384	4.0	14.004004004004006	36.019021023030035	16.0	48.043109311942885	33.003	54.05514040522678	10.0	8.0	19.000999999999998	22.005004004004007	40.022044103248604	40.0	22.0	8.0	29.0	3.0	1.0	30.02204711528872	27.0	30.0	14.0	46.0	18.003002002002	31.0	15.003003003003002	10.0	23.00801001602604	0.0	19.009007007007007	54.05514040522678	10.0	118.008	36.0
he	2.0	3.0	117.0	3.0	8.0	10.0	8.0	11.0	9.0	10.0	11.0	4.0	5.0	9.0	9.0	9.0	9.0	6.0	10.0	3.0	1.0	8.0	9.0	11.0	10.0	11.0	6.0	31.0	8.0	5.0	10.0	0.0	7.0	11.0	6.0	118.0	9.0
hi	1.0	2.0	112.0	0.0	2.0	7.0	3.0	10.0	7.0	8.0	4.0	10.0	5.0	9.0	5.0	10.0	7.0	3.0	6.0	3.0	1.0	5.0	6.0	5.0	4.0	10.0	3.0	31.0	5.0	3.0	5.0	1.0	7.0	10.0	4.0	115.0	8.0
hu	2.0	3.0	124.90296937167935	3.0	7.0	16.0	8.0	19.000999999999998	16.000999999999998	19.000999999999998	5.0	5.0	20.005	10.0	14.0	18.0	12.0	6.0	15.0	2.0	1.0	14.0	13.0	14.0	8.0	18.0	8.0	31.0	9.0	8.0	11.0	0.0	6.0	20.005	7.0	118.003	17.0
id	2.0	3.0	137.55388142096874	4.0	9.002002002002003	20.004002002002	11.0	26.010006005005003	18.000999999999998	22.005004004004007	9.0	9.0	10.0	26.010006005005003	19.006004004004005	22.0	13.0	5.0	17.0	3.0	2.0	15.005003003003004	17.0	15.0	11.001	25.0	10.0	31.0	12.002002002002003	7.0	14.003002002002003	1.0	14.004003001	26.010006005005003	7.0	118.00899999999999	21.0
it	2.0	4.0	131.76989442813573	4.0	13.005005005005007	34.01301802604206	17.0	44.061189674583034	31.001	40.022044103248604	9.0	5.0	14.0	19.006004004004005	45.066210746843936	35.0	18.0	8.0	25.0	3.0	1.0	27.027065184564766	25.000999999999998	27.0	14.0	40.0	16.007008008008007	31.0	14.002002002002001	9.0	21.00801001602604	0.0	17.00901101502103	45.066210746843936	10.0	118.00899999999999	32.0
ja	2.0	4.0	122.0	5.0	13.0	34.0	15.0	46.0	33.0	40.0	9.0	10.0	18.0	22.0	35.0	49.0	23.0	7.0	26.0	3.0	2.0	27.0	25.0	27.0	14.0	42.0	18.0	31.0	16.0	10.0	24.0	1.0	15.0	49.0	13.0	118.0	36.0
ko	2.0	4.0	122.0	4.0	8.0	19.0	8.0	24.0	19.0	22.0	9.0	7.0	12.0	13.0	18.0	23.0	25.0	8.0	18.0	3.0	1.0	16.0	19.0	16.0	11.0	23.0	9.0	31.0	11.0	7.0	13.0	0.0	11.0	25.0	11.0	118.0	20.0
lv	2.0	4.0	123.02053314159524	2.0	6.0	8.0	6.0	8.0	8.0	8.0	6.0	3.0	6.0	5.0	8.0	7.0	8.0	8.0	8.0	2.0	1.0	7.0	8.0	8.0	6.0	8.0	6.0	31.0	6.0	6.0	7.0	0.0	7.001	8.0	5.0	118.0	7.0
mk	2.0	4.0	115.0	4.0	12.0	23.0	11.0	32.0	23.0	29.0	10.0	6.0	15.0	17.0	25.0	26.0	18.0	8.0	32.0	3.0	1.0	20.0	23.0	24.0	13.0	29.0	13.0	31.0	10.0	8.0	16.0	0.0	6.0	32.0	8.0	118.0	22.0
ml	1.0	2.0	115.0	0.0	1.0	3.0	2.0	3.0	3.0	3.0	3.0	3.0	2.0	3.0	3.0	3.0	3.0	2.0	3.0	3.0	0.0	3.0	3.0	3.0	3.0	3.0	2.0	31.0	3.0	2.0	3.0	0.0	9.0	3.0	2.0	118.0	3.0
mr	1.0	1.0	115.0	1.0	1.0	1.0	1.0	2.0	1.0	1.0	1.0	1.0	1.0	2.0	1.0	2.0	1.0	1.0	1.0	0.0	2.0	1.0	1.0	1.0	1.0	2.0	1.0	31.0	1.0	1.0	2.0	1.0	2.0	2.0	0.0	118.0	1.0
nl	2.0	4.0	130.37320499350955	3.0	13.006006006006006	28.022031054096168	11.0	31.054173652562227	26.000999999999998	30.02204711528872	8.0	5.0	14.0	15.005003003003004	27.027065184564766	27.0	16.0	7.0	20.0	3.0	1.0	31.056181676640513	22.0	21.0	10.001	30.0	14.002002002002001	31.0	11.002002002002003	9.0	19.00801001602604	0.0	19.011008008008005	31.056181676640513	8.0	118.00899999999999	23.0
pl	2.0	4.0	135.2913180226693	4.0	12.0	25.000999999999998	11.0	30.003	23.0	27.0	9.0	6.0	13.0	17.0	25.000999999999998	25.0	19.0	8.0	23.0	3.0	1.0	22.0	30.003	20.0	11.0	29.0	15.0	31.0	13.0	10.0	18.000999999999998	0.0	18.003	30.003	11.0	118.005	23.0
pt	2.0	4.0	122.16925458309323	4.0	12.0	25.0	15.0	33.0	26.0	30.0	11.0	5.0	14.0	15.0	27.0	27.0	16.0	8.0	24.0	3.0	1.0	21.0	20.0	33.0	14.0	31.0	15.0	31.0	11.0	7.0	19.0	0.0	19.007006006006005	33.0	8.0	118.003	25.0
ro	2.0	3.0	132.20062571934085	3.0	9.0	14.001	11.0	15.001999999999999	14.0	14.0	10.0	4.0	8.0	11.001	14.0	14.0	11.0	6.0	13.0	3.0	1.0	10.001	11.0	14.0	15.001999999999999	15.0	7.0	31.0	10.0	5.0	14.0	0.0	6.002	15.001999999999999	7.0	118.00899999999999	13.0
ru	2.0	4.0	122.0	4.0	14.0	42.0	16.0	55.0	37.0	46.0	11.0	10.0	18.0	25.0	40.0	42.0	23.0	8.0	29.0	3.0	2.0	30.0	29.0	31.0	15.0	61.0	17.0	31.0	16.0	10.0	25.0	1.0	19.0	61.0	12.0	118.0	37.0
sh	2.0	4.0	116.95818629930969	3.0	8.0	15.003003003003004	9.0	18.011019035065118	16.0	18.003002002002	6.0	3.0	8.0	10.0	16.007008008008007	18.0	9.0	6.0	13.0	2.0	1.0	14.002002002002001	15.0	15.0	7.0	17.0	18.01302605511725	31.0	8.0	10.0	14.0	0.0	7.002001	18.01302605511725	8.0	118.00699999999999	18.0
si	6.0	31.0	30.0	31.0	31.0	31.0	31.0	31.0	31.0	31.0	31.0	31.0	31.0	31.0	31.0	31.0	31.0	31.0	31.0	31.0	31.0	31.0	31.0	31.0	31.0	31.0	31.0	31.0	31.0	31.0	31.0	30.0	1.0	31.0	31.0	31.0	31.0
simple	2.0	3.0	132.90382302463541	2.0	7.002002002002003	15.004003003003003	9.0	16.005003003003004	16.002	15.003003003003002	8.0	5.0	9.0	12.002002002002003	14.002002002002001	16.0	11.0	6.0	10.0	3.0	1.0	11.002002002002003	13.0	11.0	10.0	16.0	8.0	31.0	16.005003003003004	7.0	12.002002002002003	0.0	14.006006005005005	16.005003003003004	8.0	118.00899999999999	15.0
sr	2.0	4.0	117.0	2.0	6.0	10.0	5.0	10.0	9.0	10.0	5.0	3.0	8.0	7.0	9.0	10.0	7.0	6.0	8.0	2.0	1.0	9.0	10.0	7.0	5.0	10.0	10.0	31.0	7.0	10.0	9.0	0.0	10.001	10.0	5.0	118.0	10.0
sv	2.0	4.0	136.86100957308676	3.0	13.004003003003003	23.007005005005006	13.0	26.010012018028046	22.000999999999998	23.00801001602604	10.0	5.0	11.0	14.003002002002003	21.00801001602604	24.0	13.0	7.0	16.0	3.0	2.0	19.00801001602604	18.000999999999998	19.0	14.0	25.0	14.0	31.0	12.002002002002003	9.0	26.011012018028048	1.0	13.001	26.011012018028048	9.0	118.008	23.0
te	0.0	0.0	91.0	0.0	0.0	0.0	0.0	1.0	0.0	0.0	0.0	1.0	0.0	1.0	0.0	1.0	0.0	0.0	0.0	0.0	1.0	0.0	0.0	0.0	0.0	1.0	0.0	30.0	0.0	0.0	1.0	1.0	6.0	1.0	0.0	92.0	0.0
tr	2.0	11.011010014020028	-1.0	3.0	11.003002	18.00901201802504	6.0	19.011014020028043	18.005	19.009007007007007	7.0	7.0	6.0	14.004003001	17.00901101502103	15.0	11.0	7.001	6.0	9.0	2.0	19.011008008008005	18.003	19.007006006006005	6.002	19.0	7.002001	1.0	14.006006005005005	10.001	13.001	6.0	20.016017025035048	20.016017025035048	13.0	2.0	15.0
union	2.0	4.0	137.55516261748812	5.0	15.007007007007008	45.04108319750128	17.0	66.33255064603487	39.004	54.05514040522678	11.0	10.0	20.005	26.010006005005003	45.066210746843936	49.0	25.0	8.0	32.0	3.0	2.0	31.056181676640513	30.003	33.0	15.001999999999999	61.0	18.01302605511725	31.0	16.005003003003004	10.0	26.011012018028048	1.0	20.016017025035048	77.36088778756539	13.0	118.00899999999999	43.0
vi	1.0	2.0	134.16563533278978	3.0	5.0	10.0	7.0	13.0	12.0	10.0	6.0	4.0	7.0	7.0	10.0	13.0	11.0	5.0	8.0	2.0	0.0	8.0	11.0	8.0	7.0	12.0	8.0	31.0	8.0	5.0	9.0	0.0	13.0	13.0	13.0	118.00399999999999	12.0
war	9.0	118.00899999999999	115.00699999999999	118.0	118.00899999999999	118.00899999999999	118.0	118.00899999999999	118.005	118.008	118.0	115.0	118.003	118.00899999999999	118.00899999999999	118.0	118.0	118.0	118.0	118.0	118.0	118.00899999999999	118.005	118.003	118.00899999999999	118.0	118.00699999999999	31.0	118.00899999999999	118.0	118.008	92.0	2.0	118.00899999999999	118.00399999999999	118.00899999999999	118.0
zh	2.0	4.0	122.79991737606521	5.0	13.0	32.0	14.0	42.0	31.0	36.0	9.0	8.0	17.0	21.0	32.0	36.0	20.0	7.0	22.0	3.0	1.0	23.0	23.0	25.0	13.0	37.0	18.0	31.0	15.0	10.0	23.0	0.0	15.0	43.0	12.0	118.0	43.0
