arz	bs	ceb	ckb	da	de	el	en	es	fr	he	hi	hu	id	it	ja	ko	lv	mk	ml	mr	nl	pl	pt	ro	ru	sh	si	simple	sr	sv	te	vi	war	zh
arz	1.0	0.473654820211865	0.6140484188241381	0.4473312914788262	0.7066313162779708	0.4289761394306755	0.46248705352227915	0.6181604727672302	0.5572588637950755	0.49944674159478025	0.5494834767461865	0.9124215507796027	0.5441009687319968	0.5373786496038105	0.5132498400750548	0.5237625510588372	0.4328414530836814	0.3965839632067767	0.5147467212020638	0.3450792361563836	0.5294185433068065	0.5453423448655389	0.5029610215980506	0.49775712729130467	0.4286038938049556	0.36276557106160656	0.44998537187410276	1.0	0.40028489748660157	0.3926758223959009	0.759193568146267	1.0	0.37648467730669316	0.5862873937655755	0.5878807317130521
bs	0.473654820211865	1.0	0.7855382914973318	0.43674891265510224	0.2971886107852557	0.36156058604422886	0.5167408499162796	0.44254483739977907	0.471710865073329	0.5444286023466881	0.4675000940107584	0.5253417022301354	0.6801717279116642	0.5088878656770787	0.5926806108093412	0.4928022213082197	0.40327316329468865	0.4125309896009532	0.5525570573841586	0.33765019529706847	0.6699579261675676	0.4761335025614453	0.3815270763019381	0.4014146988692177	0.4004758885420274	0.32812912755924445	0.4300551458214957	1.0	0.29964677186931155	0.3259385057684134	0.44037714527690547	1.0	0.26708853757311435	0.7015406797345953	0.6152460851576385
ceb	0.6140484188241381	0.7855382914973318	1.0	0.4422990853290401	0.6518840370465925	0.4420616002864676	0.7804034450600621	0.8356066468683773	0.6417451161141474	0.7844511797144521	0.5203802493237618	1.0	0.7804034450600621	0.7310813490373844	0.7657779585500709	0.7235395683401475	0.5293801961454142	0.40471652368357725	0.6858431704884033	0.37603574877217244	0.6704675947063354	0.5029393813627855	0.49103312771592644	0.5746663751845483	0.5344879687572736	0.40633412758559584	0.6586327912530427	1.0	0.44571826959989985	0.4029999283283098	0.5950507321526998	1.0	0.3951089100107768	1.0	0.9215443959836817
ckb	0.4473312914788262	0.43674891265510224	0.4422990853290401	1.0	0.37721879654484564	0.38589157712449423	0.48048512716539854	0.4031882179491175	0.5753320668479432	0.46195591602295116	0.515509417302878	0.5031262119890274	0.5034794208359765	0.45915135751249125	0.4555288522310778	0.4328045977408147	0.4159863531617307	0.5748692371695068	0.4183976063329633	0.3051415207626567	0.5069732713590037	0.5253921456141849	0.40138281650169355	0.5866274603739352	0.4040596103921757	0.4196004341599151	0.3892717260812345	1.0	0.44475991975161344	0.34151488811772474	0.49557841050238033	1.0	0.3597658801600939	0.3904352479859942	0.46774616861852497
da	0.7066313162779708	0.2971886107852557	0.6518840370465925	0.37721879654484564	1.0	0.24238602802259768	0.2847538841750008	0.24582476179789337	0.2937466111550125	0.2453864735075009	0.2738060160869601	0.829623470559209	0.2727210983039492	0.2932707120679786	0.24097347242713882	0.25077936852683536	0.24754515060492058	0.37371039799628664	0.31408744825304774	0.31725733383433213	0.624508919582533	0.2696754677585294	0.24224074666645679	0.29234369628255474	0.26829176927659615	0.25727634716305187	0.2712255732426525	1.0	0.2962528588183759	0.2825689230208268	0.27982620381115464	1.0	0.25752329784053785	0.6587521029192017	0.2833346655377084
de	0.4289761394306755	0.36156058604422886	0.4420616002864676	0.38589157712449423	0.24238602802259768	1.0	0.3666532992981848	0.3040660741222167	0.34154451922671675	0.2564724256072002	0.3398521023549226	0.4319212744658044	0.3256744155344492	0.36987327096798667	0.2801934664916764	0.29328006867299056	0.322271049563004	0.36438719492433	0.46520629756486703	0.39095399724978136	0.40081765206627423	0.3304586125613183	0.4396869189800866	0.34678706014773025	0.32862901112688253	0.24972318557496637	0.41886455311382953	1.0	0.32340097976466037	0.35471100602217565	0.3191908383149462	1.0	0.2578492512717417	0.4315966034172734	0.3051003416034094
el	0.46248705352227915	0.5167408499162796	0.7804034450600621	0.48048512716539854	0.2847538841750008	0.3666532992981848	1.0	0.3695539517258306	0.5128924561321963	0.5386327770557984	0.5364446412478898	0.5465322017019476	0.5209520756981845	0.5314892939930269	0.47149400781982387	0.43766484781146375	0.39266159814868296	0.45286371722071267	0.48476315584233487	0.3363356662450312	0.6645768576191913	0.4818364839157666	0.35121664828392246	0.4077902483878996	0.34330345998505746	0.3338255280452378	0.39088737897939807	1.0	0.31649931267287784	0.35291057157600153	0.4149453196920294	1.0	0.2679030992551167	0.6708451674458732	0.4223522160212241
en	0.6181604727672302	0.44254483739977907	0.8356066468683773	0.4031882179491175	0.24582476179789337	0.3040660741222167	0.3695539517258306	1.0	0.33751740495749555	0.3046838862226518	0.32358986688957353	0.45116740010909556	0.3841041331900406	0.37230209983602247	0.36072860166796766	0.33347995649357126	0.3324776703677456	0.3616679128206745	0.5353043944468894	0.37385851298970313	0.6469179446237047	0.30028475412129246	0.31142253203324993	0.3795409568218949	0.3531538400842696	0.2233171326215298	0.4632297660346411	1.0	0.29391388998270945	0.3037059662099833	0.2956740263999198	1.0	0.2310658101492108	0.8057198666542411	0.3815611960515169
es	0.5572588637950755	0.471710865073329	0.6417451161141474	0.5753320668479432	0.2937466111550125	0.34154451922671675	0.5128924561321963	0.33751740495749555	1.0	0.35162184612693304	0.47186670894739274	0.481861865085637	0.46410515155495446	0.44117527091561226	0.3603676736512635	0.4104765443823939	0.35988308748083825	0.5778517982535646	0.4815402248049295	0.32861670701817813	0.6057992553456284	0.4749608710641911	0.3475602715520528	0.4652236660307807	0.3559179108665712	0.2933198916434489	0.3772049965581644	1.0	0.3344865901355345	0.3495816803404634	0.3962698468415163	1.0	0.2741558557396468	0.5793569427194297	0.4342309705575579
fr	0.49944674159478025	0.5444286023466881	0.7844511797144521	0.46195591602295116	0.2453864735075009	0.2564724256072002	0.5386327770557984	0.3046838862226518	0.35162184612693304	1.0	0.3668447325980426	0.5433514104204958	0.4325246548536919	0.4524939301105112	0.38961493007921133	0.3450201129908239	0.46236890155110966	0.4047827843781328	0.4850063089747362	0.3268719637550558	0.654522563087826	0.3214375862067547	0.26162666943037627	0.41341372863592674	0.34384587404713635	0.21693041560139376	0.3939568033865447	1.0	0.29772705832762153	0.33115256531757664	0.2847639362056437	1.0	0.23772847500089844	0.7860611135917238	0.40320007115426426
he	0.5494834767461865	0.4675000940107584	0.5203802493237618	0.515509417302878	0.2738060160869601	0.3398521023549226	0.5364446412478898	0.32358986688957353	0.47186670894739274	0.3668447325980426	1.0	0.6853319091964137	0.413268050757727	0.4329094564341838	0.3633137685515848	0.43397331209658113	0.35715422104155287	0.44748686482533584	0.43216084182193065	0.32179189379624884	0.6129137634018518	0.5204697529882242	0.34415108242439707	0.41799747711126417	0.35207594579387597	0.30879262376659716	0.3804831971896575	1.0	0.3559812772071648	0.3505235620112532	0.3768593417433757	1.0	0.2855323605958839	0.6134169390959014	0.36371547069722976
hi	0.9124215507796027	0.5253417022301354	1.0	0.5031262119890274	0.829623470559209	0.4319212744658044	0.5465322017019476	0.45116740010909556	0.481861865085637	0.5433514104204958	0.6853319091964137	1.0	0.5465322017019476	0.6842922235308101	0.5605328075753848	0.5465322017019476	0.564912362845005	0.5031262119890274	0.7370499628693186	0.37665497047633484	1.0	0.7381456332748039	0.4867142877811022	0.4657251277335052	0.5465322017019476	0.4793503061881318	0.49267854485667184	1.0	0.5793470316419225	0.829623470559209	0.8943504275997424	1.0	0.4945093647677834	0.7863954451402115	0.5605328075753848
hu	0.5441009687319968	0.6801717279116642	0.7804034450600621	0.5034794208359765	0.2727210983039492	0.3256744155344492	0.5209520756981845	0.3841041331900406	0.46410515155495446	0.4325246548536919	0.413268050757727	0.5465322017019476	1.0	0.4706438654849315	0.42120831080992477	0.428858831854108	0.3812107124199803	0.46894388843889906	0.5101736961567782	0.3363356662450312	0.732744770575387	0.4554154919199292	0.3538017247290136	0.40138766875609316	0.36447847235621383	0.29753334636383727	0.43088069168596566	1.0	0.29172731047244416	0.3141836613082789	0.4271338743349278	1.0	0.2526440972282097	0.7577193847382926	0.544792337747132
id	0.5373786496038105	0.5088878656770787	0.7310813490373844	0.45915135751249125	0.2932707120679786	0.36987327096798667	0.5314892939930269	0.37230209983602247	0.44117527091561226	0.4524939301105112	0.4329094564341838	0.6842922235308101	0.4706438654849315	1.0	0.46820784272052546	0.4942463647830884	0.43979979670841907	0.4396030660475988	0.4905590713394541	0.3490381508905099	0.5785488066725164	0.42701689841937035	0.3708524824843996	0.3965066927076669	0.4112397692199042	0.310557847868446	0.4041305520411331	1.0	0.29114579624828596	0.3826384579399281	0.4549867767231586	1.0	0.2568906259799752	0.6361172869851887	0.40839777927326054
it	0.5132498400750548	0.5926806108093412	0.7657779585500709	0.4555288522310778	0.24097347242713882	0.2801934664916764	0.47149400781982387	0.36072860166796766	0.3603676736512635	0.38961493007921133	0.3633137685515848	0.5605328075753848	0.42120831080992477	0.46820784272052546	1.0	0.4235079276274111	0.4088369853224331	0.39602074892882766	0.4926930458133068	0.34021905668738195	0.7149655157656444	0.33227131110956026	0.3199782459236693	0.40761391822339194	0.36770215905852854	0.23333552257070056	0.38892713484132224	1.0	0.2759234462917313	0.31164513475521566	0.3311193140066259	1.0	0.2306772477214954	0.7878995450588285	0.44132725378167686
ja	0.5237625510588372	0.4928022213082197	0.7235395683401475	0.4328045977408147	0.25077936852683536	0.29328006867299056	0.43766484781146375	0.33347995649357126	0.4104765443823939	0.3450201129908239	0.43397331209658113	0.5465322017019476	0.428858831854108	0.4942463647830884	0.4235079276274111	1.0	0.3987379162650652	0.3880009498079884	0.47440331174066513	0.321612208884562	0.66212531773379	0.37167613736893085	0.32138198888308417	0.46626044706362046	0.4284132854807884	0.24404900022751796	0.3691629488534865	1.0	0.32307940194479956	0.36905480921589473	0.31918622525947876	1.0	0.2642649870037911	0.7026883044847895	0.3789873668823871
ko	0.4328414530836814	0.40327316329468865	0.5293801961454142	0.4159863531617307	0.24754515060492058	0.322271049563004	0.39266159814868296	0.3324776703677456	0.35988308748083825	0.46236890155110966	0.35715422104155287	0.564912362845005	0.3812107124199803	0.43979979670841907	0.4088369853224331	0.3987379162650652	1.0	0.3422630322494283	0.4256339615969084	0.34178577323219544	0.5516039225779986	0.35779673324846806	0.3014406535052502	0.3835552738799808	0.3550752046841227	0.26182965809710645	0.34496400224352675	1.0	0.3040329214874081	0.35527215105735	0.3385887913260714	1.0	0.24407365426095715	0.5222947191069295	0.33604313657234774
lv	0.3965839632067767	0.4125309896009532	0.40471652368357725	0.5748692371695068	0.37371039799628664	0.36438719492433	0.45286371722071267	0.3616679128206745	0.5778517982535646	0.4047827843781328	0.44748686482533584	0.5031262119890274	0.46894388843889906	0.4396030660475988	0.39602074892882766	0.3880009498079884	0.3422630322494283	1.0	0.42552738218168107	0.2980170750140735	0.4110374137343495	0.4836434884172605	0.3579397056568365	0.4777541770025567	0.32883535979316025	0.3821697848002727	0.35341340039602687	1.0	0.351140288389166	0.32123594546137696	0.5024371783317629	1.0	0.3179836520930272	0.3663871614639016	0.4270368870254132
mk	0.5147467212020638	0.5525570573841586	0.6858431704884033	0.4183976063329633	0.31408744825304774	0.46520629756486703	0.48476315584233487	0.5353043944468894	0.4815402248049295	0.4850063089747362	0.43216084182193065	0.7370499628693186	0.5101736961567782	0.4905590713394541	0.4926930458133068	0.47440331174066513	0.4256339615969084	0.42552738218168107	1.0	0.4094617463000872	0.5826238238408228	0.43682297764490335	0.48016153020935076	0.41290394210586884	0.4210391049276839	0.3383920198547437	0.5543966314185675	1.0	0.2847557939783377	0.3883345397892999	0.48623808118727907	1.0	0.27875954625025623	0.6418152561967871	0.5222980171980823
ml	0.3450792361563836	0.33765019529706847	0.37603574877217244	0.3051415207626567	0.31725733383433213	0.39095399724978136	0.3363356662450312	0.37385851298970313	0.32861670701817813	0.3268719637550558	0.32179189379624884	0.37665497047633484	0.3363356662450312	0.3490381508905099	0.34021905668738195	0.321612208884562	0.34178577323219544	0.2980170750140735	0.4094617463000872	1.0	0.3880067618895477	0.312683681073953	0.3599408341958949	0.3290699541726637	0.346079677532922	0.30260384365052617	0.3486662442292669	1.0	0.3232006142092894	0.33823630869097104	0.31428338248041443	1.0	0.29339406279145513	0.36978057844261997	0.3305468596391596
mr	0.5294185433068065	0.6699579261675676	0.6704675947063354	0.5069732713590037	0.624508919582533	0.40081765206627423	0.6645768576191913	0.6469179446237047	0.6057992553456284	0.654522563087826	0.6129137634018518	1.0	0.732744770575387	0.5785488066725164	0.7149655157656444	0.66212531773379	0.5516039225779986	0.4110374137343495	0.5826238238408228	0.3880067618895477	1.0	0.5066437049708814	0.5048558367045334	0.6296041121817783	0.47740900400751357	0.39366444417420415	0.612511292090891	1.0	0.4603846999667976	0.34425499773458973	0.5511760111979507	1.0	0.3727882105616993	0.6524007805500077	0.6471482136155052
nl	0.5453423448655389	0.4761335025614453	0.5029393813627855	0.5253921456141849	0.2696754677585294	0.3304586125613183	0.4818364839157666	0.30028475412129246	0.4749608710641911	0.3214375862067547	0.5204697529882242	0.7381456332748039	0.4554154919199292	0.42701689841937035	0.33227131110956026	0.37167613736893085	0.35779673324846806	0.4836434884172605	0.43682297764490335	0.312683681073953	0.5066437049708814	1.0	0.36250133146940894	0.42615580565912303	0.364628253313991	0.2808497660590008	0.3866145725943891	1.0	0.3656051087900869	0.34333838581598936	0.3928408421058298	1.0	0.28765018469051284	0.5963184392739531	0.35452874761266356
pl	0.5029610215980506	0.3815270763019381	0.49103312771592644	0.40138281650169355	0.24224074666645679	0.4396869189800866	0.35121664828392246	0.31142253203324993	0.3475602715520528	0.26162666943037627	0.34415108242439707	0.4867142877811022	0.3538017247290136	0.3708524824843996	0.3199782459236693	0.32138198888308417	0.3014406535052502	0.3579397056568365	0.48016153020935076	0.3599408341958949	0.5048558367045334	0.36250133146940894	1.0	0.3306476754359351	0.3288625772983222	0.25349253424466317	0.5085029763864498	1.0	0.30576655677278564	0.3039594332367186	0.36328306445468284	1.0	0.21882604847425693	0.5612543897158075	0.3369099849412633
pt	0.49775712729130467	0.4014146988692177	0.5746663751845483	0.5866274603739352	0.29234369628255474	0.34678706014773025	0.4077902483878996	0.3795409568218949	0.4652236660307807	0.41341372863592674	0.41799747711126417	0.4657251277335052	0.40138766875609316	0.3965066927076669	0.40761391822339194	0.46626044706362046	0.3835552738799808	0.4777541770025567	0.41290394210586884	0.3290699541726637	0.6296041121817783	0.42615580565912303	0.3306476754359351	1.0	0.3776888625334173	0.32744791779433385	0.33685763440127636	1.0	0.35748663947906273	0.34728925640629343	0.39893845570998976	1.0	0.2868268801312108	0.5096913752427805	0.42146107849185277
ro	0.4286038938049556	0.4004758885420274	0.5344879687572736	0.4040596103921757	0.26829176927659615	0.32862901112688253	0.34330345998505746	0.3531538400842696	0.3559179108665712	0.34384587404713635	0.35207594579387597	0.5465322017019476	0.36447847235621383	0.4112397692199042	0.36770215905852854	0.4284132854807884	0.3550752046841227	0.32883535979316025	0.4210391049276839	0.346079677532922	0.47740900400751357	0.364628253313991	0.3288625772983222	0.3776888625334173	1.0	0.2813302385575762	0.3275955198450819	1.0	0.2838386870582168	0.38554186817451663	0.35558210145871394	1.0	0.2564355718634409	0.4495189935495817	0.3704402313855788
ru	0.36276557106160656	0.32812912755924445	0.40633412758559584	0.4196004341599151	0.25727634716305187	0.24972318557496637	0.3338255280452378	0.2233171326215298	0.2933198916434489	0.21693041560139376	0.30879262376659716	0.4793503061881318	0.29753334636383727	0.310557847868446	0.23333552257070056	0.24404900022751796	0.26182965809710645	0.3821697848002727	0.3383920198547437	0.30260384365052617	0.39366444417420415	0.2808497660590008	0.25349253424466317	0.32744791779433385	0.2813302385575762	1.0	0.2856858977017398	1.0	0.32077551228623136	0.31895825238030906	0.24661386587956477	1.0	0.2944356223741551	0.3987620364437747	0.2763524307711503
sh	0.44998537187410276	0.4300551458214957	0.6586327912530427	0.3892717260812345	0.2712255732426525	0.41886455311382953	0.39088737897939807	0.4632297660346411	0.3772049965581644	0.3939568033865447	0.3804831971896575	0.49267854485667184	0.43088069168596566	0.4041305520411331	0.38892713484132224	0.3691629488534865	0.34496400224352675	0.35341340039602687	0.5543966314185675	0.3486662442292669	0.612511292090891	0.3866145725943891	0.5085029763864498	0.33685763440127636	0.3275955198450819	0.2856858977017398	1.0	1.0	0.291641241871216	0.2911150712061938	0.3785698133873914	1.0	0.24674556703778883	0.6721213741770955	0.3819377182281395
si	1.0	1.0	1.0	1.0	1.0	1.0	1.0	1.0	1.0	1.0	1.0	1.0	1.0	1.0	1.0	1.0	1.0	1.0	1.0	1.0	1.0	1.0	1.0	1.0	1.0	1.0	1.0	1.0	1.0	1.0	1.0	1.0	1.0	1.0	1.0
simple	0.40028489748660157	0.29964677186931155	0.44571826959989985	0.44475991975161344	0.2962528588183759	0.32340097976466037	0.31649931267287784	0.29391388998270945	0.3344865901355345	0.29772705832762153	0.3559812772071648	0.5793470316419225	0.29172731047244416	0.29114579624828596	0.2759234462917313	0.32307940194479956	0.3040329214874081	0.351140288389166	0.2847557939783377	0.3232006142092894	0.4603846999667976	0.3656051087900869	0.30576655677278564	0.35748663947906273	0.2838386870582168	0.32077551228623136	0.291641241871216	1.0	1.0	0.2927547840457494	0.3183522674680932	1.0	0.3623187101355648	0.36188104438752333	0.27962754477132
sr	0.3926758223959009	0.3259385057684134	0.4029999283283098	0.34151488811772474	0.2825689230208268	0.35471100602217565	0.35291057157600153	0.3037059662099833	0.3495816803404634	0.33115256531757664	0.3505235620112532	0.829623470559209	0.3141836613082789	0.3826384579399281	0.31164513475521566	0.36905480921589473	0.35527215105735	0.32123594546137696	0.3883345397892999	0.33823630869097104	0.34425499773458973	0.34333838581598936	0.3039594332367186	0.34728925640629343	0.38554186817451663	0.31895825238030906	0.2911150712061938	1.0	0.2927547840457494	1.0	0.3636855374788578	1.0	0.3171833118099395	0.3954072833933696	0.30530880974125585
sv	0.759193568146267	0.44037714527690547	0.5950507321526998	0.49557841050238033	0.27982620381115464	0.3191908383149462	0.4149453196920294	0.2956740263999198	0.3962698468415163	0.2847639362056437	0.3768593417433757	0.8943504275997424	0.4271338743349278	0.4549867767231586	0.3311193140066259	0.31918622525947876	0.3385887913260714	0.5024371783317629	0.48623808118727907	0.31428338248041443	0.5511760111979507	0.3928408421058298	0.36328306445468284	0.39893845570998976	0.35558210145871394	0.24661386587956477	0.3785698133873914	1.0	0.3183522674680932	0.3636855374788578	1.0	1.0	0.2770784122681793	0.5943919294919427	0.33727906672882185
te	1.0	1.0	1.0	1.0	1.0	1.0	1.0	1.0	1.0	1.0	1.0	1.0	1.0	1.0	1.0	1.0	1.0	1.0	1.0	1.0	1.0	1.0	1.0	1.0	1.0	1.0	1.0	1.0	1.0	1.0	1.0	1.0	1.0	1.0	1.0
vi	0.37648467730669316	0.26708853757311435	0.3951089100107768	0.3597658801600939	0.25752329784053785	0.2578492512717417	0.2679030992551167	0.2310658101492108	0.2741558557396468	0.23772847500089844	0.2855323605958839	0.4945093647677834	0.2526440972282097	0.2568906259799752	0.2306772477214954	0.2642649870037911	0.24407365426095715	0.3179836520930272	0.27875954625025623	0.29339406279145513	0.3727882105616993	0.28765018469051284	0.21882604847425693	0.2868268801312108	0.2564355718634409	0.2944356223741551	0.24674556703778883	1.0	0.3623187101355648	0.3171833118099395	0.2770784122681793	1.0	1.0	0.3172448453601535	0.24312428925109308
war	0.5862873937655755	0.7015406797345953	1.0	0.3904352479859942	0.6587521029192017	0.4315966034172734	0.6708451674458732	0.8057198666542411	0.5793569427194297	0.7860611135917238	0.6134169390959014	0.7863954451402115	0.7577193847382926	0.6361172869851887	0.7878995450588285	0.7026883044847895	0.5222947191069295	0.3663871614639016	0.6418152561967871	0.36978057844261997	0.6524007805500077	0.5963184392739531	0.5612543897158075	0.5096913752427805	0.4495189935495817	0.3987620364437747	0.6721213741770955	1.0	0.36188104438752333	0.3954072833933696	0.5943919294919427	1.0	0.3172448453601535	1.0	0.9215815760933068
zh	0.5878807317130521	0.6152460851576385	0.9215443959836817	0.46774616861852497	0.2833346655377084	0.3051003416034094	0.4223522160212241	0.3815611960515169	0.4342309705575579	0.40320007115426426	0.36371547069722976	0.5605328075753848	0.544792337747132	0.40839777927326054	0.44132725378167686	0.3789873668823871	0.33604313657234774	0.4270368870254132	0.5222980171980823	0.3305468596391596	0.6471482136155052	0.35452874761266356	0.3369099849412633	0.42146107849185277	0.3704402313855788	0.2763524307711503	0.3819377182281395	1.0	0.27962754477132	0.30530880974125585	0.33727906672882185	1.0	0.24312428925109308	0.9215815760933068	1.0
