arz	bs	ceb	ckb	da	de	el	en	es	fr	he	hi	hu	id	it	ja	ko	lv	mk	ml	mr	nl	pl	pt	ro	ru	sh	si	simple	sr	sv	te	vi	war	zh
arz	1.0	1.0	0.0	0.0	1.0	1.0	1.0	1.0	1.0	0.0	1.0	0.0	1.0	1.0	1.0	1.0	1.0	1.0	1.0	0.0	0.0	1.0	1.0	1.0	1.0	1.0	1.0	0.0	1.0	1.0	1.0	0.0	1.0	0.0	1.0
bs	1.0	1.0	0.0	1.0	1.0	1.0	1.0	0.585786437626905	0.18274399763155677	0.0	1.0	1.0	1.0	1.0	1.0	1.0	1.0	1.0	1.0	1.0	1.0	1.0	0.5	1.0	1.0	1.0	1.0	1.0	1.0	1.0	0.585786437626905	1.0	1.0	1.0	1.0
ceb	0.0	0.0	1.0	0.0	1.0	1.0	1.0	1.0	1.0	0.0	1.0	0.0	0.0	0.0	1.0	1.0	1.0	1.0	0.0	0.0	0.0	1.0	1.0	1.0	1.0	1.0	1.0	0.0	0.0	0.0	1.0	0.0	1.0	0.0	1.0
ckb	0.0	1.0	0.0	1.0	1.0	1.0	1.0	1.0	1.0	0.0	1.0	1.0	1.0	1.0	1.0	1.0	1.0	1.0	1.0	1.0	1.0	1.0	1.0	1.0	1.0	1.0	1.0	1.0	1.0	1.0	1.0	1.0	1.0	1.0	1.0
da	1.0	1.0	1.0	1.0	1.0	0.120283497187684	0.2742918851774318	0.02976504453448011	0.10288026731500834	0.0	0.24660605559646726	0.585786437626905	0.26968623182294527	0.4142135623730951	0.09831971370104386	0.11943359574687461	0.29259397148251687	0.27405284787612055	1.0	0.5	0.585786437626905	0.1088371774819113	0.13013665460878776	0.201212789060535	0.1983555576735248	0.07308964232828229	0.19502846509714117	0.585786437626905	0.5	0.44656539688768115	0.09943556933207216	1.0	0.25	1.0	0.1851659984384188
de	1.0	1.0	1.0	1.0	0.120283497187684	1.0	0.08284690405550461	0.0040033341487460735	0.026598451084172227	0.0	0.06767609617054608	1.0	0.14758895188354956	0.19054903474894944	0.016278454866047554	0.03421097417571304	0.15600156661533962	0.10709448809274318	0.4142135623730951	0.1211363452697559	1.0	0.02475619290043713	0.02773737826870364	0.03904876565848349	0.0645189172026158	0.013093260243090868	0.11055098352358078	1.0	0.23044709523523094	0.23704897545110848	0.039966912005124866	1.0	0.15894454156034005	0.5	0.05937032067606934
el	1.0	1.0	1.0	1.0	0.2742918851774318	0.08284690405550461	1.0	0.01693783954903912	0.05419978363400826	0.0	0.28113228386380795	1.0	1.0	0.15872456333928964	0.057708358208169	0.10623528039604023	0.2204812092115424	0.17511019248897486	0.5	0.18863786477264646	1.0	0.10003403429302923	0.06619563626093881	0.11268865367232477	0.11606619483971768	0.053277387970255795	0.26533119314590375	1.0	0.22772999919644132	0.38742588672279304	0.13329532455970608	1.0	0.12922058163190345	1.0	0.12318225841652766
en	1.0	0.585786437626905	1.0	1.0	0.02976504453448011	0.0040033341487460735	0.01693783954903912	1.0	0.0010626770690332224	0.44948974278317805	0.012715327817902458	0.3158780136046428	0.04858385316424173	0.057755305471607725	0.0009089552692630697	0.00913584674783403	0.03501396210680133	0.03751065464991707	0.14036753660491058	0.018085451021816256	1.0	0.0028481978949640567	0.0017953057570689076	0.0031036888285065644	0.0110358760701162	0.0018556215866300833	0.023163504003011832	1.0	0.06438870955273475	0.131461542339039	0.009839859487286415	1.0	0.03299598387783608	0.44948974278317805	0.010637329953055823
es	1.0	0.18274399763155677	1.0	1.0	0.10288026731500834	0.026598451084172227	0.05419978363400826	0.0010626770690332224	1.0	1.0	0.08281628484769588	0.585786437626905	0.13652705949581434	0.08456958648977912	0.0029554564698443153	0.017260278269951534	0.1371126788686853	0.14873592232287716	0.38742588672279304	0.04693205017387683	1.0	0.012086841250711494	0.014834028954941306	0.018352770464575986	0.04182758325415275	0.004788444279142396	0.11725425767616376	1.0	0.24843796427301962	0.15024299741204622	0.03471563444058435	1.0	0.11669473047102945	0.5	0.034287711813603836
fr	0.0	0.0	0.0	0.0	0.0	0.0	0.0	0.44948974278317805	1.0	1.0	0.0	0.0	0.0	0.0	1.0	0.0	0.0	0.0	0.0	0.0	0.0	1.0	1.0	1.0	0.0	1.0	0.0	0.0	0.0	0.0	0.0	0.0	0.0	0.0	1.0
he	1.0	1.0	1.0	1.0	0.24660605559646726	0.06767609617054608	0.28113228386380795	0.012715327817902458	0.08281628484769588	0.0	1.0	0.585786437626905	0.3198000609553221	0.3333333333333333	0.06401760284818327	0.0724056304873886	0.24496552958641032	0.18090731123429268	1.0	0.2	0.585786437626905	0.05740328483617672	0.09216471064198774	0.09755415138667016	0.10334027342433207	0.035779117647454624	0.20894541729001367	0.585786437626905	0.2204812092115424	0.23685532133127893	0.10063251313395585	1.0	0.20236567411162454	1.0	0.07372013315014155
hi	0.0	1.0	0.0	1.0	0.585786437626905	1.0	1.0	0.3158780136046428	0.585786437626905	0.0	0.585786437626905	1.0	0.585786437626905	0.585786437626905	0.4127711849064953	0.585786437626905	1.0	1.0	1.0	1.0	1.0	1.0	1.0	1.0	0.585786437626905	0.36510398455674875	0.585786437626905	1.0	1.0	0.585786437626905	1.0	1.0	1.0	1.0	1.0
hu	1.0	1.0	0.0	1.0	0.26968623182294527	0.14758895188354956	1.0	0.04858385316424173	0.13652705949581434	0.0	0.3198000609553221	0.585786437626905	1.0	1.0	0.1389659235129752	0.1912422898870097	0.5	0.2958163163244893	1.0	0.1290470474810847	0.585786437626905	0.1425096043062186	0.12834391606737794	0.24336073281110826	0.1121550495895991	0.10267070939254312	0.3593409891533642	0.585786437626905	0.4142135623730951	0.4356120478348471	0.19584518694075376	1.0	0.33773018484522777	1.0	0.24600772617495853
id	1.0	1.0	0.0	1.0	0.4142135623730951	0.19054903474894944	0.15872456333928964	0.057755305471607725	0.08456958648977912	0.0	0.3333333333333333	0.585786437626905	1.0	1.0	0.11751761742030623	0.16396078054371138	0.23582845781094	0.17912878474779198	0.585786437626905	0.15894454156034005	1.0	0.13598252171382677	0.1111111111111111	0.15527845609557672	0.19345815903118335	0.10099372510625912	0.44948974278317805	0.585786437626905	0.2898979485566356	0.3278671468871132	0.13469899562965354	1.0	0.1600826430022734	1.0	0.12032440522754255
it	1.0	1.0	1.0	1.0	0.09831971370104386	0.016278454866047554	0.057708358208169	0.0009089552692630697	0.0029554564698443153	1.0	0.06401760284818327	0.4127711849064953	0.1389659235129752	0.11751761742030623	1.0	0.016504150872295086	0.11951958528266567	0.09937659282691014	0.34833147735478825	0.031147519664875563	1.0	0.008488663490796725	0.005070313068538139	0.01208247538139349	0.03340821867959199	0.003578708262373263	0.08259680053032095	0.585786437626905	0.17399780297854384	0.12575108179305783	0.029690192112880813	1.0	0.1031294436222421	1.0	0.029879945912158427
ja	1.0	1.0	1.0	1.0	0.11943359574687461	0.03421097417571304	0.10623528039604023	0.00913584674783403	0.017260278269951534	0.0	0.0724056304873886	0.585786437626905	0.1912422898870097	0.16396078054371138	0.016504150872295086	1.0	0.11913372938242597	0.08614768098680003	0.34833147735478825	0.09423128531056271	1.0	0.030363488934167956	0.022818665368143816	0.032541507018522854	0.08206522178711702	0.01879117239568275	0.10533441888732376	0.585786437626905	0.15503977183777243	0.24774308970053002	0.06305539356496233	1.0	0.10324091465592461	0.585786437626905	0.04965705359812203
ko	1.0	1.0	1.0	1.0	0.29259397148251687	0.15600156661533962	0.2204812092115424	0.03501396210680133	0.1371126788686853	0.0	0.24496552958641032	1.0	0.5	0.23582845781094	0.11951958528266567	0.11913372938242597	1.0	0.44948974278317805	1.0	1.0	1.0	0.15936221185902977	0.19074356983054616	0.19292728076790167	0.18717845134368577	0.09701801950171964	0.3333333333333333	1.0	0.585786437626905	0.3019332452378656	0.24313314897665275	1.0	0.2571472009466021	1.0	0.1511262512550218
lv	1.0	1.0	1.0	1.0	0.27405284787612055	0.10709448809274318	0.17511019248897486	0.03751065464991707	0.14873592232287716	0.0	0.18090731123429268	1.0	0.2958163163244893	0.17912878474779198	0.09937659282691014	0.08614768098680003	0.44948974278317805	1.0	0.585786437626905	0.5	1.0	0.06703735043527548	0.10676232268609791	0.15438708879488486	0.1959131515534603	0.059075955380277705	0.270128223496848	1.0	0.3244997998398398	0.3950325357559503	0.12233299268858464	1.0	0.2674788903885893	1.0	0.10686395409994759
mk	1.0	1.0	0.0	1.0	1.0	0.4142135623730951	0.5	0.14036753660491058	0.38742588672279304	0.0	1.0	1.0	1.0	0.585786437626905	0.34833147735478825	0.34833147735478825	1.0	0.585786437626905	1.0	1.0	1.0	0.25237830515907816	0.38742588672279304	0.4142135623730951	0.3430703308172536	0.27012822349684806	1.0	1.0	1.0	1.0	0.4142135623730951	1.0	1.0	1.0	0.44948974278317805
ml	0.0	1.0	0.0	1.0	0.5	0.1211363452697559	0.18863786477264646	0.018085451021816256	0.04693205017387683	0.0	0.2	1.0	0.1290470474810847	0.15894454156034005	0.031147519664875563	0.09423128531056271	1.0	0.5	1.0	1.0	1.0	0.09162714305253535	0.07275951913094254	0.09820128858077656	0.3203772410170407	0.04374148234751797	0.4142135623730951	1.0	0.44948974278317805	0.44948974278317805	0.32419763955231984	1.0	0.2989350844248255	1.0	0.10089111850880596
mr	0.0	1.0	0.0	1.0	0.585786437626905	1.0	1.0	1.0	1.0	0.0	0.585786437626905	1.0	0.585786437626905	1.0	1.0	1.0	1.0	1.0	1.0	1.0	1.0	1.0	1.0	1.0	1.0	1.0	1.0	1.0	1.0	1.0	1.0	1.0	1.0	1.0	1.0
nl	1.0	1.0	1.0	1.0	0.1088371774819113	0.02475619290043713	0.10003403429302923	0.0028481978949640567	0.012086841250711494	1.0	0.05740328483617672	1.0	0.1425096043062186	0.13598252171382677	0.008488663490796725	0.030363488934167956	0.15936221185902977	0.06703735043527548	0.25237830515907816	0.09162714305253535	1.0	1.0	0.01285652783080058	0.03485242166178822	0.07583767869121315	0.011165224373319583	0.11405820446888813	1.0	0.1540239394692846	0.18151291824946006	0.05570586476182229	1.0	0.11924063519071178	1.0	0.05685932603841029
pl	1.0	0.5	1.0	1.0	0.13013665460878776	0.02773737826870364	0.06619563626093881	0.0017953057570689076	0.014834028954941306	1.0	0.09216471064198774	1.0	0.12834391606737794	0.1111111111111111	0.005070313068538139	0.022818665368143816	0.19074356983054616	0.10676232268609791	0.38742588672279304	0.07275951913094254	1.0	0.01285652783080058	1.0	0.02666594963287219	0.05566707573748677	0.007064120155801856	0.12769271191181897	1.0	0.2	0.2402530733520421	0.035315816648346654	1.0	0.10421117658126935	1.0	0.07172845471837876
pt	1.0	1.0	1.0	1.0	0.201212789060535	0.03904876565848349	0.11268865367232477	0.0031036888285065644	0.018352770464575986	1.0	0.09755415138667016	1.0	0.24336073281110826	0.15527845609557672	0.01208247538139349	0.032541507018522854	0.19292728076790167	0.15438708879488486	0.4142135623730951	0.09820128858077656	1.0	0.03485242166178822	0.02666594963287219	1.0	0.05662486919994093	0.020493788895242594	0.12769271191181897	1.0	0.2151763738394311	0.1454180557563811	0.07850667461413594	1.0	0.14616481581117552	1.0	0.04758167698546968
ro	1.0	1.0	1.0	1.0	0.1983555576735248	0.0645189172026158	0.11606619483971768	0.0110358760701162	0.04182758325415275	0.0	0.10334027342433207	0.585786437626905	0.1121550495895991	0.19345815903118335	0.03340821867959199	0.08206522178711702	0.18717845134368577	0.1959131515534603	0.3430703308172536	0.3203772410170407	1.0	0.07583767869121315	0.05566707573748677	0.05662486919994093	1.0	0.05331460996747633	0.1387399568775205	0.585786437626905	0.5	0.2312012851048204	0.1380262631157473	1.0	0.1827439976315568	1.0	0.09323642843438446
ru	1.0	1.0	1.0	1.0	0.07308964232828229	0.013093260243090868	0.053277387970255795	0.0018556215866300833	0.004788444279142396	1.0	0.035779117647454624	0.36510398455674875	0.10267070939254312	0.10099372510625912	0.003578708262373263	0.01879117239568275	0.09701801950171964	0.059075955380277705	0.27012822349684806	0.04374148234751797	1.0	0.011165224373319583	0.007064120155801856	0.020493788895242594	0.05331460996747633	1.0	0.07327309674882065	0.585786437626905	0.14213329270548208	0.21164021903522687	0.023669814340767203	1.0	0.09479202124521661	0.585786437626905	0.03704449852561972
sh	1.0	1.0	1.0	1.0	0.19502846509714117	0.11055098352358078	0.26533119314590375	0.023163504003011832	0.11725425767616376	0.0	0.20894541729001367	0.585786437626905	0.3593409891533642	0.44948974278317805	0.08259680053032095	0.10533441888732376	0.3333333333333333	0.270128223496848	1.0	0.4142135623730951	1.0	0.11405820446888813	0.12769271191181897	0.12769271191181897	0.1387399568775205	0.07327309674882065	1.0	0.585786437626905	0.38742588672279304	0.20412134529543563	0.1365270594958143	1.0	0.26517921582035225	1.0	0.10966200117218905
si	0.0	1.0	0.0	1.0	0.585786437626905	1.0	1.0	1.0	1.0	0.0	0.585786437626905	1.0	0.585786437626905	0.585786437626905	0.585786437626905	0.585786437626905	1.0	1.0	1.0	1.0	1.0	1.0	1.0	1.0	0.585786437626905	0.585786437626905	0.585786437626905	1.0	1.0	0.585786437626905	1.0	1.0	1.0	1.0	1.0
simple	1.0	1.0	0.0	1.0	0.5	0.23044709523523094	0.22772999919644132	0.06438870955273475	0.24843796427301962	0.0	0.2204812092115424	1.0	0.4142135623730951	0.2898979485566356	0.17399780297854384	0.15503977183777243	0.585786437626905	0.3244997998398398	1.0	0.44948974278317805	1.0	0.1540239394692846	0.2	0.2151763738394311	0.5	0.14213329270548208	0.38742588672279304	1.0	1.0	1.0	0.2342113374464735	1.0	0.3203772410170407	1.0	0.16421425553471322
sr	1.0	1.0	0.0	1.0	0.44656539688768115	0.23704897545110848	0.38742588672279304	0.131461542339039	0.15024299741204622	0.0	0.23685532133127893	0.585786437626905	0.4356120478348471	0.3278671468871132	0.12575108179305783	0.24774308970053002	0.3019332452378656	0.3950325357559503	1.0	0.44948974278317805	1.0	0.18151291824946006	0.2402530733520421	0.1454180557563811	0.2312012851048204	0.21164021903522687	0.20412134529543563	0.585786437626905	1.0	1.0	0.3090169943749474	1.0	0.3050372079655351	1.0	0.2372732414640341
sv	1.0	0.585786437626905	1.0	1.0	0.09943556933207216	0.039966912005124866	0.13329532455970608	0.009839859487286415	0.03471563444058435	0.0	0.10063251313395585	1.0	0.19584518694075376	0.13469899562965354	0.029690192112880813	0.06305539356496233	0.24313314897665275	0.12233299268858464	0.4142135623730951	0.32419763955231984	1.0	0.05570586476182229	0.035315816648346654	0.07850667461413594	0.1380262631157473	0.023669814340767203	0.1365270594958143	1.0	0.2342113374464735	0.3090169943749474	1.0	1.0	0.1356652832852364	0.585786437626905	0.06520540470734675
te	0.0	1.0	0.0	1.0	1.0	1.0	1.0	1.0	1.0	0.0	1.0	1.0	1.0	1.0	1.0	1.0	1.0	1.0	1.0	1.0	1.0	1.0	1.0	1.0	1.0	1.0	1.0	1.0	1.0	1.0	1.0	1.0	1.0	1.0	1.0
vi	1.0	1.0	1.0	1.0	0.25	0.15894454156034005	0.12922058163190345	0.03299598387783608	0.11669473047102945	0.0	0.20236567411162454	1.0	0.33773018484522777	0.1600826430022734	0.1031294436222421	0.10324091465592461	0.2571472009466021	0.2674788903885893	1.0	0.2989350844248255	1.0	0.11924063519071178	0.10421117658126935	0.14616481581117552	0.1827439976315568	0.09479202124521661	0.26517921582035225	1.0	0.3203772410170407	0.3050372079655351	0.1356652832852364	1.0	1.0	1.0	0.11537672270707831
war	0.0	1.0	0.0	1.0	1.0	0.5	1.0	0.44948974278317805	0.5	0.0	1.0	1.0	1.0	1.0	1.0	0.585786437626905	1.0	1.0	1.0	1.0	1.0	1.0	1.0	1.0	1.0	0.585786437626905	1.0	1.0	1.0	1.0	0.585786437626905	1.0	1.0	1.0	1.0
zh	1.0	1.0	1.0	1.0	0.1851659984384188	0.05937032067606934	0.12318225841652766	0.010637329953055823	0.034287711813603836	1.0	0.07372013315014155	1.0	0.24600772617495853	0.12032440522754255	0.029879945912158427	0.04965705359812203	0.1511262512550218	0.10686395409994759	0.44948974278317805	0.10089111850880596	1.0	0.05685932603841029	0.07172845471837876	0.04758167698546968	0.09323642843438446	0.03704449852561972	0.10966200117218905	1.0	0.16421425553471322	0.2372732414640341	0.06520540470734675	1.0	0.11537672270707831	1.0	1.0
