arz	bs	ceb	ckb	da	de	el	en	es	fr	he	hi	hu	id	it	ja	ko	lv	mk	ml	mr	nl	pl	pt	ro	ru	sh	si	simple	sr	sv	te	union	vi	war	zh
arz	5.001001001001001	1.0	0.0	0.0	1.0	2.0	3.0	5.0	4.0	0.0	2.0	0.0	1.0	1.0	4.0	4.0	3.0	1.0	1.0	0.0	0.0	4.0	4.0	3.0	3.0	4.0	2.0	0.0	1.0	2.0	1.0	0.0	5.001001001001001	3.0	0.0	5.0
bs	1.0	14.058396765345407	0.0	1.0	3.0	3.0	4.0	14.058396765345407	13.004004004004006	0.0	4.0	1.0	2.0	4.0	11.022082323287144	4.0	3.0	3.0	4.0	2.0	1.0	3.0	7.0	6.002002002002001	4.0	7.002002002002003	3.0	1.0	4.0	4.0	3.0	1.0	14.058396765345407	2.0	3.0	5.0
ceb	0.0	0.0	1.0	0.0	1.0	1.0	1.0	1.0	1.0	0.0	1.0	0.0	0.0	0.0	1.0	1.0	1.0	1.0	0.0	0.0	0.0	1.0	1.0	1.0	1.0	1.0	1.0	0.0	0.0	0.0	1.0	0.0	1.0	1.0	0.0	1.0
ckb	0.0	1.0	0.0	4.0	1.0	4.0	3.0	4.0	4.0	0.0	3.0	1.0	2.0	2.0	3.0	2.0	1.0	2.0	1.0	2.0	1.0	3.0	2.0	3.0	2.0	4.0	1.0	1.0	2.0	2.0	2.0	1.0	4.0	3.0	1.0	3.0
da	1.0	3.0	1.0	1.0	185.3187560259572	54.013014028056105	28.003002002002003	129.20146964468003	83.01200700700701	0.0	37.004	3.0	22.004003003003	14.001	71.009	48.026086339351394	27.000999999999998	27.0	11.0	14.002002002002001	2.0	76.05929163145373	55.005002002002	45.004002002002	28.004003003003	85.14810202333763	30.003	3.0	16.000999999999998	13.004003003003003	94.21718636829584	3.0	185.3187560259572	26.003002002002003	5.0	40.008004004004
de	2.0	3.0	1.0	4.0	54.013014028056105	966.89924880891	87.02103306613728	547.216975926326	356.12017844648324	0.0	99.02803606311824	8.0	45.001999999999995	30.0100200430942	387.11512719632253	131.1821259524488	40.001999999999995	65.00600200200199	20.0	47.02406519257774	2.0	227.5855362480371	302.2196246625747	187.08813324247896	75.25422978527052	332.7915400479324	69.007	3.0	31.006012024048093	30.030150753768844	124.05409120148427	3.0	966.89924880891	45.009010012014016	7.0	114.21741376689621
el	3.0	4.0	1.0	3.0	28.003002002002003	87.02103306613728	294.83186301346626	194.77585591868012	137.02402503505508	0.0	53.04525552312876	4.0	22.0	29.148466666666664	137.2105895672907	60.14950425797108	27.0	37.001999999999995	14.002002002002003	23.0	1.0	88.17491577391024	125.32429796938341	85.12622422422422	38.006002002002	122.253328894623	36.001999999999995	2.0	18.0	15.001000000000001	52.011006004004	3.0	294.83186301346626	32.03307517339991	5.0	61.083587651167306
en	5.0	14.058396765345407	1.0	4.0	129.20146964468003	547.216975926326	194.77585591868012	5884.547242981884	1641.8966764456454	19.000999999999998	199.19960357016694	19.002002002002	87.05725752312875	111.57723755048741	2037.2222770259602	260.36860267491454	69.00299999999999	136.02604311433097	38.003002002002	326.9568129466287	2.0	772.8712243593665	974.02410984956	604.291083510339	234.47800077309176	1125.118610312536	123.031018015017	8.0	78.02305213637707	47.06138662399159	314.51508280263954	3.0	5884.547242981884	74.08622058664365	8.0	223.75706324549643
es	4.0	13.004004004004006	1.0	4.0	83.01200700700701	356.12017844648324	137.02402503505508	1641.8966764456454	2689.964464463599	6.0009999999999994	147.03003103804605	10.001	61.001999999999995	63.01601101101101	1199.4315319097977	201.10519749232964	60.003	99.00800400400401	27.000999999999998	123.01801502103103	2.0	445.16118429058713	782.2564310291621	434.14722351830943	132.04206414535687	651.3296499560969	102.013003002002	6.0	55.006008010014014	39.009014026050096	209.03502302302803	3.0	2689.964464463599	62.009006004004	8.0	182.05507815635283
fr	0.0	0.0	0.0	0.0	0.0	0.0	0.0	19.000999999999998	6.0009999999999994	492.04309625772305	0.0	0.0	0.0	0.0	14.0	0.0	0.0	0.0	0.0	0.0	0.0	6.002002002002003	2.0	2.0	0.0	5.0	0.0	0.0	0.0	0.0	0.0	0.0	492.04309625772305	0.0	0.0	2.0
he	2.0	4.0	1.0	3.0	37.004	99.02803606311824	53.04525552312876	199.19960357016694	147.03003103804605	0.0	249.23675331410655	4.0	26.002	25.066451158106748	155.07140177335742	68.07242184675094	37.001	46.001	15.0	19.000999999999998	2.0	107.08859266118134	129.13413414114916	110.08044793302982	47.010002002002	150.11364779856143	59.006003	3.0	24.000999999999998	26.003999999999998	70.0160150260501	3.0	249.23675331410655	34.021030054098176	5.0	87.07034185242591
hi	0.0	1.0	0.0	1.0	3.0	8.0	4.0	19.002002002002	10.001	0.0	4.0	20.004003003003003	4.0	4.0	11.002002002002003	5.0	4.0	4.0	2.0	2.0	1.0	4.0	4.0	9.0	3.0	11.002002002002003	3.0	2.0	2.0	2.0	3.0	1.0	20.004003003003003	2.0	1.0	5.0
hu	1.0	2.0	0.0	2.0	22.004003003003	45.001999999999995	22.0	87.05725752312875	61.001999999999995	0.0	26.002	4.0	109.07128258338213	8.001	59.005002002002	30.007014028056112	14.0	16.0	6.0	17.002	2.0	52.04525352112675	60.011009009012014	39.0	24.003999999999998	59.04825955734407	18.000999999999998	3.0	15.0	8.001	37.044253521126755	3.0	109.07128258338213	16.000999999999998	3.0	28.006012024048097
id	1.0	4.0	0.0	2.0	14.001	30.0100200430942	29.148466666666664	111.57723755048741	63.01601101101101	0.0	25.066451158106748	4.0	8.001	114.59589689021257	71.35393450292398	39.23657564136472	13.0	19.002	7.0	21.009009009009013	1.0	43.243014831729226	53.351284619578294	50.17766243501379	17.003999999999998	72.42238892166829	17.002	5.0	18.014038110326975	12.003	25.007001999999996	2.0	114.59589689021257	20.03709925465367	4.0	37.138190750413045
it	4.0	11.022082323287144	1.0	3.0	71.009	387.11512719632253	137.2105895672907	2037.2222770259602	1199.4315319097977	14.0	155.07140177335742	11.002002002002003	59.005002002002	71.35393450292398	5302.065421340413	208.5404248887034	56.001999999999995	89.00800400400401	27.0	182.91864094690416	2.0	489.155023699933	761.6483684248905	427.65357517455357	134.0460410530701	732.1923042396921	103.016004004004	4.0	46.003002002002006	41.007002002002	193.1052154921416	3.0	5302.065421340413	61.05314642323961	7.0	167.18753626284044
ja	4.0	4.0	1.0	2.0	48.026086339351394	131.1821259524488	60.14950425797108	260.36860267491454	201.10519749232964	0.0	68.07242184675094	5.0	30.007014028056112	39.23657564136472	208.5404248887034	323.67121482852934	44.001999999999995	52.00500099999999	18.0	43.07534587284228	2.0	139.81896616508845	162.48796682090853	141.1993476509429	56.112873630004074	194.02373116575512	49.009001	3.0	34.00801402605009	24.00801402805611	92.44658845762453	3.0	323.67121482852934	49.045114322940734	6.0	105.2561297720385
ko	3.0	3.0	1.0	1.0	27.000999999999998	40.001999999999995	27.0	69.00299999999999	60.003	0.0	37.001	4.0	14.0	13.0	56.001999999999995	44.001999999999995	81.007004004004	18.0	10.0	12.001	1.0	41.003	45.001	44.0	27.002	63.00299999999999	33.0	3.0	17.000999999999998	15.001000000000001	36.001999999999995	3.0	81.007004004004	25.000999999999998	5.0	40.001999999999995
lv	1.0	3.0	1.0	2.0	27.0	65.00600200200199	37.001999999999995	136.02604311433097	99.00800400400401	0.0	46.001	4.0	16.0	19.002	89.00800400400401	52.00500099999999	18.0	141.02604311433097	13.0	13.0	2.0	70.009006006006	86.008004004004	57.007004004004	32.001000000000005	94.02404211433098	33.001999999999995	3.0	20.0	13.001	57.006004004004	2.0	141.02604311433097	19.0	4.0	49.004
mk	1.0	4.0	0.0	1.0	11.0	20.0	14.002002002002003	38.003002002002	27.000999999999998	0.0	15.0	2.0	6.0	7.0	27.0	18.0	10.0	13.0	38.003002002002	5.0	1.0	23.000999999999998	21.0	16.000999999999998	11.0	26.002002002002	13.0	1.0	10.0	12.0	17.0	1.0	38.003002002002	9.0	3.0	17.0
ml	0.0	2.0	0.0	2.0	14.002002002002001	47.02406519257774	23.0	326.9568129466287	123.01801502103103	0.0	19.000999999999998	2.0	17.002	21.009009009009013	182.91864094690416	43.07534587284228	12.001	13.0	5.0	332.3078874046612	1.0	74.09934232022584	75.13424125929538	70.06940176734639	30.13819437999302	121.58520133729728	14.0	4.0	17.004004004004003	9.005007009011013	25.002002002002	2.0	332.3078874046612	16.000999999999998	4.0	43.022045101231534
mr	0.0	1.0	0.0	1.0	2.0	2.0	1.0	2.0	2.0	0.0	2.0	1.0	2.0	1.0	2.0	2.0	1.0	2.0	1.0	1.0	2.0	2.0	2.0	2.0	2.0	2.0	1.0	1.0	2.0	1.0	2.0	1.0	2.0	2.0	1.0	2.0
nl	4.0	3.0	1.0	3.0	76.05929163145373	227.5855362480371	88.17491577391024	772.8712243593665	445.16118429058713	6.002002002002003	107.08859266118134	4.0	52.04525352112675	43.243014831729226	489.155023699933	139.81896616508845	41.003	70.009006006006	23.000999999999998	74.09934232022584	2.0	1506.5264474323324	357.76039020589144	205.24346175541817	93.63508864292272	381.26669495106813	66.01000300200201	3.0	37.01403811032698	29.02609037860379	170.36484496258464	3.0	1506.5264474323324	51.05817350548835	7.0	127.36186995967618
pl	4.0	7.0	1.0	2.0	55.005002002002	302.2196246625747	125.32429796938341	974.02410984956	782.2564310291621	2.0	129.13413414114916	4.0	60.011009009012014	53.351284619578294	761.6483684248905	162.48796682090853	45.001	86.008004004004	21.0	75.13424125929538	2.0	357.76039020589144	2163.5034675123334	273.31450387019527	107.17290074284811	539.653891505546	86.007	4.0	39.00601202404809	34.044253521126755	160.08819551745214	3.0	2163.5034675123334	52.050145422238614	6.0	126.33769823251136
pt	3.0	6.002002002002001	1.0	3.0	45.004002002002	187.08813324247896	85.12622422422422	604.291083510339	434.14722351830943	2.0	110.08044793302982	9.0	39.0	50.17766243501379	427.65357517455357	141.1993476509429	44.0	57.007004004004	16.000999999999998	70.06940176734639	2.0	205.24346175541817	273.31450387019527	1132.8847512338598	84.04905608012419	324.56891495802046	75.008004004004	3.0	36.0100150260501	31.003002002002003	100.014004003003	3.0	1132.8847512338598	52.031046076126216	5.0	131.10852730528254
ro	3.0	4.0	1.0	2.0	28.004003003003	75.25422978527052	38.006002002002	234.47800077309176	132.04206414535687	0.0	47.010002002002	3.0	24.003999999999998	17.003999999999998	134.0460410530701	56.112873630004074	27.002	32.001000000000005	11.0	30.13819437999302	2.0	93.63508864292272	107.17290074284811	84.04905608012419	285.2856749291488	129.4808012747118	33.003	3.0	18.006012024048097	19.05740383388757	48.01904914847656	3.0	285.2856749291488	27.002002002002	3.0	57.2043967388441
ru	4.0	7.002002002002003	1.0	4.0	85.14810202333763	332.7915400479324	122.253328894623	1125.118610312536	651.3296499560969	5.0	150.11364779856143	11.002002002002003	59.04825955734407	72.42238892166829	732.1923042396921	194.02373116575512	63.00299999999999	94.02404211433098	26.002002002002	121.58520133729728	2.0	381.26669495106813	539.653891505546	324.56891495802046	129.4808012747118	2408.652137799837	96.01800500200198	7.0	45.008014026050105	40.04425955734406	197.27517067971047	3.0	2408.652137799837	61.062159436252635	7.0	157.49555516788098
sh	2.0	3.0	1.0	1.0	30.003	69.007	36.001999999999995	123.031018015017	102.013003002002	0.0	59.006003	3.0	18.000999999999998	17.002	103.016004004004	49.009001	33.0	33.001999999999995	13.0	14.0	1.0	66.01000300200201	86.007	75.008004004004	33.003	96.01800500200198	128.03901901601802	3.0	19.0	22.003	48.001999999999995	3.0	128.03901901601802	25.000999999999998	5.0	53.007999999999996
si	0.0	1.0	0.0	1.0	3.0	3.0	2.0	8.0	6.0	0.0	3.0	2.0	3.0	5.0	4.0	3.0	3.0	3.0	1.0	4.0	1.0	3.0	4.0	3.0	3.0	7.0	3.0	8.0	2.0	3.0	3.0	2.0	8.0	3.0	2.0	5.0
simple	1.0	4.0	0.0	2.0	16.000999999999998	31.006012024048093	18.0	78.02305213637707	55.006008010014014	0.0	24.000999999999998	2.0	15.0	18.014038110326975	46.003002002002006	34.00801402605009	17.000999999999998	20.0	10.0	17.004004004004003	2.0	37.01403811032698	39.00601202404809	36.0100150260501	18.006012024048097	45.008014026050105	19.0	2.0	96.02505413837908	11.002002002002003	29.002002002002	2.0	96.02505413837908	16.002002002002	6.0	34.01604011232898
sr	2.0	4.0	0.0	2.0	13.004003003003003	30.030150753768844	15.001000000000001	47.06138662399159	39.009014026050096	0.0	26.003999999999998	2.0	8.001	12.003	41.007002002002	24.00801402805611	15.001000000000001	13.001	12.0	9.005007009011013	1.0	29.02609037860379	34.044253521126755	31.003002002002003	19.05740383388757	40.04425955734406	22.003	3.0	11.002002002002003	55.06741284390158	18.00701704109924	2.0	55.06741284390158	14.002002002002001	5.0	29.04425352112676
sv	1.0	3.0	1.0	2.0	94.21718636829584	124.05409120148427	52.011006004004	314.51508280263954	209.03502302302803	0.0	70.0160150260501	3.0	37.044253521126755	25.007001999999996	193.1052154921416	92.44658845762453	36.001999999999995	57.006004004004	17.0	25.002002002002	2.0	170.36484496258464	160.08819551745214	100.014004003003	48.01904914847656	197.27517067971047	48.001999999999995	3.0	29.002002002002	18.00701704109924	486.73594372797066	3.0	486.73594372797066	32.003002002002	6.0	74.03705914639912
te	0.0	1.0	0.0	1.0	3.0	3.0	3.0	3.0	3.0	0.0	3.0	1.0	3.0	2.0	3.0	3.0	3.0	2.0	1.0	2.0	1.0	3.0	3.0	3.0	3.0	3.0	3.0	2.0	2.0	2.0	3.0	3.0	3.0	3.0	2.0	3.0
union	5.001001001001001	14.058396765345407	1.0	4.0	185.3187560259572	966.89924880891	294.83186301346626	5884.547242981884	2689.964464463599	492.04309625772305	249.23675331410655	20.004003003003003	109.07128258338213	114.59589689021257	5302.065421340413	323.67121482852934	81.007004004004	141.02604311433097	38.003002002002	332.3078874046612	2.0	1506.5264474323324	2163.5034675123334	1132.8847512338598	285.2856749291488	2408.652137799837	128.03901901601802	8.0	96.02505413837908	55.06741284390158	486.73594372797066	3.0	14353.286135958653	84.090233630773	8.0	281.88195202681766
vi	3.0	2.0	1.0	3.0	26.003002002002003	45.009010012014016	32.03307517339991	74.08622058664365	62.009006004004	0.0	34.021030054098176	2.0	16.000999999999998	20.03709925465367	61.05314642323961	49.045114322940734	25.000999999999998	19.0	9.0	16.000999999999998	2.0	51.05817350548835	52.050145422238614	52.031046076126216	27.002002002002	61.062159436252635	25.000999999999998	3.0	16.002002002002	14.002002002002001	32.003002002002	3.0	84.090233630773	84.090233630773	5.0	50.049106214430864
war	0.0	3.0	0.0	1.0	5.0	7.0	5.0	8.0	8.0	0.0	5.0	1.0	3.0	4.0	7.0	6.0	5.0	4.0	3.0	4.0	1.0	7.0	6.0	5.0	3.0	7.0	5.0	2.0	6.0	5.0	6.0	2.0	8.0	5.0	8.0	5.0
zh	5.0	5.0	1.0	3.0	40.008004004004	114.21741376689621	61.083587651167306	223.75706324549643	182.05507815635283	2.0	87.07034185242591	5.0	28.006012024048097	37.138190750413045	167.18753626284044	105.2561297720385	40.001999999999995	49.004	17.0	43.022045101231534	2.0	127.36186995967618	126.33769823251136	131.10852730528254	57.2043967388441	157.49555516788098	53.007999999999996	5.0	34.01604011232898	29.04425352112676	74.03705914639912	3.0	281.88195202681766	50.049106214430864	5.0	281.88195202681766
