arz	bs	ceb	ckb	da	de	el	en	es	fr	he	hi	hu	id	it	ja	ko	lv	mk	ml	mr	nl	pl	pt	ro	ru	sh	si	simple	sr	sv	te	tr	union	vi	war	zh
arz	0.5	0.5	0.0	0.5	0.5	0.5	0.5	0.5	0.5	0.5	0.5	0.5	0.5	0.5	0.5	0.5	0.5	0.5	0.5	0.5	0.5	0.5	0.5	0.5	0.5	0.5	0.5	1.0	0.5	0.5	0.5	0.5	0.5	0.5	0.5	0.5	0.5
bs	0.5	0.05904947900337214	1.0	0.5	0.1429593675307961	0.06257437923509925	0.16666666666666666	0.05899386530196656	0.06674683148978436	0.06678246268985524	0.16666666666666666	0.2	0.16666666666666666	0.11118529643228421	0.07707732052923166	0.06666666666666667	0.1111111111111111	0.25	0.16666666666666666	0.14285714285714285	0.5	0.0626332003903001	0.06253519144537507	0.06255867982833627	0.20007999999999998	0.058823529411764705	0.20008004	1.0	0.09094219011574384	0.14287755102040817	0.125015625	0.3333333333333333	0.0910000827604961	0.05904947900337214	0.07692307692307693	0.5	0.07692307692307693
ceb	0.0	1.0	0.3333333333333333	0.0	1.0	0.5	0.0	0.3333333333333333	0.5	1.0	0.5	0.5	1.0	0.5	0.5	0.5	0.5	1.0	1.0	1.0	0.0	1.0	1.0	0.5	0.5	0.5	1.0	0.5	1.0	1.0	1.0	0.0	-1.0	0.3333333333333333	0.5	1.0	0.5
ckb	0.5	0.5	0.0	0.3333333333333333	0.5	0.3333333333333333	0.3333333333333333	0.3333333333333333	0.3333333333333333	0.3333333333333333	0.5	0.5	1.0	0.3333333333333333	0.3333333333333333	0.3333333333333333	0.5	0.5	1.0	0.5	1.0	0.3333333333333333	0.3333333333333333	0.3333333333333333	1.0	0.3333333333333333	1.0	1.0	0.3333333333333333	0.5	0.3333333333333333	1.0	0.3333333333333333	0.3333333333333333	0.3333333333333333	1.0	0.3333333333333333
da	0.5	0.1429593675307961	1.0	0.5	0.05271769877211931	0.058872048557270164	0.2	0.0556298059887435	0.05558954324695066	0.0625586837150041	0.08333333333333333	0.1111111111111111	0.14285714285714285	0.07148474495924496	0.07150010214807154	0.0625	0.07692307692307693	0.14293879591836733	0.125	0.125	0.5	0.05271213081059476	0.05555864197530863	0.05889984131957755	0.125015625	0.058823529411764705	0.1250938751095001	1.0	0.0714745306531021	0.09090909090909091	0.06668001334668001	0.16666666666666666	0.09093390082644628	0.05271769877211931	0.09090909090909091	0.5	0.07692307692307693
de	0.5	0.06257437923509925	0.5	0.3333333333333333	0.058872048557270164	0.009736436927847973	0.14285714285714285	0.013353510996752983	0.015399321713252284	0.013903784274150345	0.08333333333333333	0.1	0.0625	0.04003845610740677	0.01854570678973215	0.030303030303030304	0.0625	0.09097528109934738	0.1111111111111111	0.06666666666666667	1.0	0.010549033477276456	0.012510952051440372	0.01640260636842429	0.083375	0.015151515151515152	0.08340290998661905	1.0	0.03707002757505548	0.035720663265306124	0.028580413882453887	0.14285714285714285	0.0555833704260032	0.009736436927847973	0.043478260869565216	0.5	0.034482758620689655
el	0.5	0.16666666666666666	0.0	0.3333333333333333	0.2	0.14285714285714285	0.1111111111111111	0.1111111111111111	0.125	0.125	0.25	0.2	0.3333333333333333	0.14285714285714285	0.125	0.14285714285714285	0.16666666666666666	0.3333333333333333	0.25	0.2	1.0	0.14285714285714285	0.125	0.1111111111111111	0.3333333333333333	0.14285714285714285	0.3333333333333333	1.0	0.14285714285714285	0.16666666666666666	0.16666666666666666	0.5	0.16666666666666666	0.1111111111111111	0.16666666666666666	0.5	0.14285714285714285
en	0.5	0.05899386530196656	0.3333333333333333	0.3333333333333333	0.0556298059887435	0.013353510996752983	0.1111111111111111	0.010592657931544118	0.014102199637732142	0.013354760895567482	0.07142857142857142	0.09090909090909091	0.0625	0.033383459188513986	0.018907658339145747	0.025	0.05	0.08340286123631978	0.09090909090909091	0.06666666666666667	0.5	0.011163110531221541	0.01251157971003678	0.014098841485355755	0.07697634319526626	0.014925373134328358	0.07150523496480203	0.5	0.03230397956091357	0.03704389574759945	0.029423017307099487	0.1111111111111111	0.05266208869813861	0.010592657931544118	0.03571428571428571	0.5	0.02857142857142857
es	0.5	0.06674683148978436	0.5	0.3333333333333333	0.05558954324695066	0.015399321713252284	0.125	0.014102199637732142	0.012844251176090185	0.014940095145271589	0.06666666666666667	0.09090909090909091	0.0625	0.03573088138265306	0.020857255324068864	0.027777777777777776	0.05263157894736842	0.09094217357853722	0.1	0.07142857142857142	0.5	0.013006619582397731	0.013894484375772377	0.01539315174727586	0.07694084023668639	0.017543859649122806	0.07146941329084186	1.0	0.0370576241467764	0.03333888888888889	0.027781635802469132	0.125	0.05557098765432098	0.012844251176090185	0.038461538461538464	0.5	0.030303030303030304
fr	0.5	0.06678246268985524	1.0	0.3333333333333333	0.0625586837150041	0.013903784274150345	0.125	0.013354760895567482	0.014940095145271589	0.010787008361106774	0.07142857142857142	0.1	0.07692307692307693	0.03450657554582168	0.0182037070276926	0.02857142857142857	0.05555555555555555	0.0833959307085768	0.1111111111111111	0.08333333333333333	0.5	0.01152055837762918	0.01334009066737849	0.015636254447140896	0.07694674556213017	0.016129032258064516	0.07697640840256836	1.0	0.038497114063940054	0.03846449704142012	0.02941695588235294	0.1111111111111111	0.05265652910528257	0.010787008361106774	0.041666666666666664	0.5	0.03125
he	0.5	0.16666666666666666	0.5	0.5	0.08333333333333333	0.08333333333333333	0.25	0.07142857142857142	0.06666666666666667	0.07142857142857142	0.06666666666666667	0.1111111111111111	0.14285714285714285	0.08333333333333333	0.09090909090909091	0.07692307692307693	0.09090909090909091	0.14285714285714285	0.14285714285714285	0.14285714285714285	0.5	0.06666666666666667	0.06666666666666667	0.08333333333333333	0.125	0.07692307692307693	0.14285714285714285	1.0	0.08333333333333333	0.1	0.08333333333333333	0.16666666666666666	0.14285714285714285	0.06666666666666667	0.1	0.5	0.09090909090909091
hi	0.5	0.2	0.5	0.5	0.1111111111111111	0.1	0.2	0.09090909090909091	0.09090909090909091	0.1	0.1111111111111111	0.09090909090909091	0.14285714285714285	0.1	0.1	0.09090909090909091	0.1111111111111111	0.16666666666666666	0.14285714285714285	0.16666666666666666	1.0	0.09090909090909091	0.09090909090909091	0.09090909090909091	0.125	0.09090909090909091	0.14285714285714285	1.0	0.09090909090909091	0.1111111111111111	0.1	0.2	0.14285714285714285	0.09090909090909091	0.125	0.5	0.1
hu	0.5	0.16666666666666666	1.0	1.0	0.14285714285714285	0.0625	0.3333333333333333	0.0625	0.0625	0.07692307692307693	0.14285714285714285	0.14285714285714285	0.058823529411764705	0.1	0.09090909090909091	0.08333333333333333	0.125	0.2	0.16666666666666666	0.2	1.0	0.058823529411764705	0.058823529411764705	0.0625	0.125	0.058823529411764705	0.14285714285714285	1.0	0.1111111111111111	0.08333333333333333	0.1111111111111111	0.25	0.16666666666666666	0.058823529411764705	0.14285714285714285	0.5	0.1
id	0.5	0.11118529643228421	0.5	0.3333333333333333	0.07148474495924496	0.04003845610740677	0.14285714285714285	0.033383459188513986	0.03573088138265306	0.03450657554582168	0.08333333333333333	0.1	0.1	0.032320705123733216	0.04768494813438445	0.05	0.07692307692307693	0.11118524693827159	0.1111111111111111	0.1	0.5	0.03338234580275556	0.03450059928656361	0.03705763377093829	0.11120996304946923	0.038461538461538464	0.10006999999999999	1.0	0.052695401867413436	0.06667111111111111	0.04763039683674604	0.16666666666666666	0.07144899490306121	0.032320705123733216	0.0625	0.5	0.05
it	0.5	0.07707732052923166	0.5	0.3333333333333333	0.07150010214807154	0.01854570678973215	0.125	0.018907658339145747	0.020857255324068864	0.0182037070276926	0.09090909090909091	0.1	0.09090909090909091	0.04768494813438445	0.01592246175550637	0.04	0.07142857142857142	0.08340984045862547	0.14285714285714285	0.09090909090909091	1.0	0.017288602792794733	0.019245204521090617	0.02001685496128545	0.07697634911242604	0.02127659574468085	0.11127187709982925	1.0	0.04768499144131217	0.045462809917355365	0.034497038059462554	0.125	0.058854709394536436	0.01592246175550637	0.05263157894736842	0.5	0.034482758620689655
ja	0.5	0.06666666666666667	0.5	0.3333333333333333	0.0625	0.030303030303030304	0.14285714285714285	0.025	0.027777777777777776	0.02857142857142857	0.07692307692307693	0.09090909090909091	0.08333333333333333	0.05	0.04	0.024390243902439025	0.0625	0.125	0.09090909090909091	0.09090909090909091	0.5	0.025	0.02564102564102564	0.02857142857142857	0.09090909090909091	0.02857142857142857	0.1	1.0	0.05	0.05263157894736842	0.047619047619047616	0.14285714285714285	0.06666666666666667	0.024390243902439025	0.05	0.5	0.04
ko	0.5	0.1111111111111111	0.5	0.5	0.07692307692307693	0.0625	0.16666666666666666	0.05	0.05263157894736842	0.05555555555555555	0.09090909090909091	0.1111111111111111	0.125	0.07692307692307693	0.07142857142857142	0.0625	0.05	0.16666666666666666	0.125	0.1	0.5	0.05263157894736842	0.05	0.058823529411764705	0.125	0.05555555555555555	0.1111111111111111	1.0	0.07692307692307693	0.07142857142857142	0.09090909090909091	0.14285714285714285	0.09090909090909091	0.05	0.09090909090909091	0.5	0.07142857142857142
lv	0.5	0.25	1.0	0.5	0.14293879591836733	0.09097528109934738	0.3333333333333333	0.08340286123631978	0.09094217357853722	0.0833959307085768	0.14285714285714285	0.16666666666666666	0.2	0.11118524693827159	0.08340984045862547	0.125	0.16666666666666666	0.08341679881977832	0.25	0.25	1.0	0.08341679881977832	0.08337502777777778	0.08337506260433361	0.16666666666666666	0.08333333333333333	0.16677791686136148	1.0	0.10009012012012011	0.125	0.09093390082644627	0.25	0.14287755102040817	0.08341679881977832	0.16666666666666666	0.5	0.1111111111111111
mk	0.5	0.16666666666666666	1.0	1.0	0.125	0.1111111111111111	0.25	0.09090909090909091	0.1	0.1111111111111111	0.14285714285714285	0.14285714285714285	0.16666666666666666	0.1111111111111111	0.14285714285714285	0.09090909090909091	0.125	0.25	0.09090909090909091	0.14285714285714285	1.0	0.09090909090909091	0.1	0.1	0.14285714285714285	0.1	0.14285714285714285	1.0	0.125	0.14285714285714285	0.125	0.3333333333333333	0.16666666666666666	0.09090909090909091	0.14285714285714285	0.5	0.1111111111111111
ml	0.5	0.14285714285714285	1.0	0.5	0.125	0.06666666666666667	0.2	0.06666666666666667	0.07142857142857142	0.08333333333333333	0.14285714285714285	0.16666666666666666	0.2	0.1	0.09090909090909091	0.09090909090909091	0.1	0.25	0.14285714285714285	0.06666666666666667	1.0	0.07692307692307693	0.07142857142857142	0.07692307692307693	0.16666666666666666	0.07692307692307693	0.2	1.0	0.1111111111111111	0.1111111111111111	0.1111111111111111	0.25	0.1111111111111111	0.06666666666666667	0.125	0.5	0.08333333333333333
mr	0.5	0.5	0.0	1.0	0.5	1.0	1.0	0.5	0.5	0.5	0.5	1.0	1.0	0.5	1.0	0.5	0.5	1.0	1.0	1.0	0.5	0.5	0.5	0.5	1.0	0.5	0.5	1.0	0.5	1.0	0.5	0.5	0.5	0.5	0.5	1.0	0.5
nl	0.5	0.0626332003903001	1.0	0.3333333333333333	0.05271213081059476	0.010549033477276456	0.14285714285714285	0.011163110531221541	0.013006619582397731	0.01152055837762918	0.06666666666666667	0.09090909090909091	0.058823529411764705	0.03338234580275556	0.017288602792794733	0.025	0.05263157894736842	0.08341679881977832	0.09090909090909091	0.07692307692307693	0.5	0.007307571532908615	0.011126946493269074	0.013348142764042541	0.07146428571428572	0.0136986301369863	0.07151032162786786	0.5	0.03230398582631337	0.03334556222222222	0.02565352795201513	0.1111111111111111	0.052662072044343505	0.007307571532908615	0.034482758620689655	0.5	0.02857142857142857
pl	0.5	0.06253519144537507	1.0	0.3333333333333333	0.05555864197530863	0.012510952051440372	0.125	0.01251157971003678	0.013894484375772377	0.01334009066737849	0.06666666666666667	0.09090909090909091	0.058823529411764705	0.03450059928656361	0.019245204521090617	0.02564102564102564	0.05	0.08337502777777778	0.1	0.07142857142857142	0.5	0.011126946493269074	0.01065861687877692	0.014928715304745597	0.07693491124260354	0.014492753623188406	0.07143877551020407	0.5	0.03334778333333333	0.03227055150884496	0.027783952160493824	0.1111111111111111	0.05556481481481482	0.01065861687877692	0.037037037037037035	0.5	0.030303030303030304
pt	0.5	0.06255867982833627	0.5	0.3333333333333333	0.05889984131957755	0.01640260636842429	0.1111111111111111	0.014098841485355755	0.01539315174727586	0.015636254447140896	0.08333333333333333	0.09090909090909091	0.0625	0.03705763377093829	0.02001685496128545	0.02857142857142857	0.058823529411764705	0.08337506260433361	0.1	0.07692307692307693	0.5	0.013348142764042541	0.014928715304745597	0.013004121253076878	0.07694676331360947	0.016666666666666666	0.07147968896976094	0.5	0.038482278168763547	0.038465976331360945	0.028574694693877554	0.14285714285714285	0.052650986166221624	0.013004121253076878	0.045454545454545456	0.5	0.030303030303030304
ro	0.5	0.20007999999999998	0.5	1.0	0.125015625	0.083375	0.3333333333333333	0.07697634319526626	0.07694084023668639	0.07694674556213017	0.125	0.125	0.125	0.11120996304946923	0.07697634911242604	0.09090909090909091	0.125	0.16666666666666666	0.14285714285714285	0.16666666666666666	1.0	0.07146428571428572	0.07693491124260354	0.07694676331360947	0.07148473473473474	0.07692307692307693	0.16669444444444442	1.0	0.10000999999999999	0.09090909090909091	0.125	0.2	0.1667222222222222	0.07148473473473474	0.125	0.5	0.1
ru	0.5	0.058823529411764705	0.5	0.3333333333333333	0.058823529411764705	0.015151515151515152	0.14285714285714285	0.014925373134328358	0.017543859649122806	0.016129032258064516	0.07692307692307693	0.09090909090909091	0.058823529411764705	0.038461538461538464	0.02127659574468085	0.02857142857142857	0.05555555555555555	0.08333333333333333	0.1	0.07692307692307693	0.5	0.0136986301369863	0.014492753623188406	0.016666666666666666	0.07692307692307693	0.013157894736842105	0.07692307692307693	0.5	0.03571428571428571	0.037037037037037035	0.030303030303030304	0.125	0.05263157894736842	0.013157894736842105	0.045454545454545456	0.5	0.03333333333333333
sh	0.5	0.20008004	1.0	1.0	0.1250938751095001	0.08340290998661905	0.3333333333333333	0.07150523496480203	0.07146941329084186	0.07697640840256836	0.14285714285714285	0.14285714285714285	0.14285714285714285	0.10006999999999999	0.11127187709982925	0.1	0.1111111111111111	0.16677791686136148	0.14285714285714285	0.2	0.5	0.07151032162786786	0.07143877551020407	0.07147968896976094	0.16669444444444442	0.07692307692307693	0.07152056664858797	1.0	0.10007005005005006	0.1	0.10003001000000002	0.2	0.14289797959183673	0.07152056664858797	0.16666666666666666	0.5	0.1
si	1.0	1.0	0.5	1.0	1.0	1.0	1.0	0.5	1.0	1.0	1.0	1.0	1.0	1.0	1.0	1.0	1.0	1.0	1.0	1.0	1.0	0.5	0.5	0.5	1.0	0.5	1.0	0.5	0.5	1.0	1.0	1.0	1.0	0.5	1.0	1.0	0.5
simple	0.5	0.09094219011574384	1.0	0.3333333333333333	0.0714745306531021	0.03707002757505548	0.14285714285714285	0.03230397956091357	0.0370576241467764	0.038497114063940054	0.08333333333333333	0.09090909090909091	0.1111111111111111	0.052695401867413436	0.04768499144131217	0.05	0.07692307692307693	0.10009012012012011	0.125	0.1111111111111111	0.5	0.03230398582631337	0.03334778333333333	0.038482278168763547	0.10000999999999999	0.03571428571428571	0.10007005005005006	0.5	0.031302906803556595	0.07143367346938775	0.05001251001001001	0.125	0.07145921431125002	0.031302906803556595	0.058823529411764705	0.5	0.047619047619047616
sr	0.5	0.14287755102040817	1.0	0.5	0.09090909090909091	0.035720663265306124	0.16666666666666666	0.03704389574759945	0.03333888888888889	0.03846449704142012	0.1	0.1111111111111111	0.08333333333333333	0.06667111111111111	0.045462809917355365	0.05263157894736842	0.07142857142857142	0.125	0.14285714285714285	0.1111111111111111	1.0	0.03334556222222222	0.03227055150884496	0.038465976331360945	0.09090909090909091	0.037037037037037035	0.1	1.0	0.07143367346938775	0.0312627021484375	0.06666666666666667	0.25	0.10000999999999999	0.0312627021484375	0.1111111111111111	0.5	0.058823529411764705
sv	0.5	0.125015625	1.0	0.3333333333333333	0.06668001334668001	0.028580413882453887	0.16666666666666666	0.029423017307099487	0.027781635802469132	0.02941695588235294	0.08333333333333333	0.1	0.1111111111111111	0.04763039683674604	0.034497038059462554	0.047619047619047616	0.09090909090909091	0.09093390082644627	0.125	0.1111111111111111	0.5	0.02565352795201513	0.027783952160493824	0.028574694693877554	0.125	0.030303030303030304	0.10003001000000002	1.0	0.05001251001001001	0.06666666666666667	0.025013135009384384	0.16666666666666666	0.07692899408284024	0.025013135009384384	0.06666666666666667	0.5	0.05555555555555555
te	0.5	0.3333333333333333	0.0	1.0	0.16666666666666666	0.14285714285714285	0.5	0.1111111111111111	0.125	0.1111111111111111	0.16666666666666666	0.2	0.25	0.16666666666666666	0.125	0.14285714285714285	0.14285714285714285	0.25	0.3333333333333333	0.25	0.5	0.1111111111111111	0.1111111111111111	0.14285714285714285	0.2	0.125	0.2	1.0	0.125	0.25	0.16666666666666666	0.1111111111111111	0.16666666666666666	0.1111111111111111	0.14285714285714285	0.5	0.14285714285714285
tr	0.5	0.0910000827604961	-1.0	0.3333333333333333	0.09093390082644628	0.0555833704260032	0.16666666666666666	0.05266208869813861	0.05557098765432098	0.05265652910528257	0.14285714285714285	0.14285714285714285	0.16666666666666666	0.07144899490306121	0.058854709394536436	0.06666666666666667	0.09090909090909091	0.14287755102040817	0.16666666666666666	0.1111111111111111	0.5	0.052662072044343505	0.05556481481481482	0.052650986166221624	0.1667222222222222	0.05263157894736842	0.14289797959183673	1.0	0.07145921431125002	0.10000999999999999	0.07692899408284024	0.16666666666666666	0.050040042562587636	0.050040042562587636	0.07692307692307693	0.5	0.06666666666666667
union	0.5	0.05904947900337214	0.3333333333333333	0.3333333333333333	0.05271769877211931	0.009736436927847973	0.1111111111111111	0.010592657931544118	0.012844251176090185	0.010787008361106774	0.06666666666666667	0.09090909090909091	0.058823529411764705	0.032320705123733216	0.01592246175550637	0.024390243902439025	0.05	0.08341679881977832	0.09090909090909091	0.06666666666666667	0.5	0.007307571532908615	0.01065861687877692	0.013004121253076878	0.07148473473473474	0.013157894736842105	0.07152056664858797	0.5	0.031302906803556595	0.0312627021484375	0.025013135009384384	0.1111111111111111	0.050040042562587636	0.0066908134373670014	0.034482758620689655	0.5	0.027777777777777776
vi	0.5	0.07692307692307693	0.5	0.3333333333333333	0.09090909090909091	0.043478260869565216	0.16666666666666666	0.03571428571428571	0.038461538461538464	0.041666666666666664	0.1	0.125	0.14285714285714285	0.0625	0.05263157894736842	0.05	0.09090909090909091	0.16666666666666666	0.14285714285714285	0.125	0.5	0.034482758620689655	0.037037037037037035	0.045454545454545456	0.125	0.045454545454545456	0.16666666666666666	1.0	0.058823529411764705	0.1111111111111111	0.06666666666666667	0.14285714285714285	0.07692307692307693	0.034482758620689655	0.034482758620689655	0.5	0.05
war	0.5	0.5	1.0	1.0	0.5	0.5	0.5	0.5	0.5	0.5	0.5	0.5	0.5	0.5	0.5	0.5	0.5	0.5	0.5	0.5	1.0	0.5	0.5	0.5	0.5	0.5	0.5	1.0	0.5	0.5	0.5	0.5	0.5	0.5	0.5	0.5	0.5
zh	0.5	0.07692307692307693	0.5	0.3333333333333333	0.07692307692307693	0.034482758620689655	0.14285714285714285	0.02857142857142857	0.030303030303030304	0.03125	0.09090909090909091	0.1	0.1	0.05	0.034482758620689655	0.04	0.07142857142857142	0.1111111111111111	0.1111111111111111	0.08333333333333333	0.5	0.02857142857142857	0.030303030303030304	0.030303030303030304	0.1	0.03333333333333333	0.1	0.5	0.047619047619047616	0.058823529411764705	0.05555555555555555	0.14285714285714285	0.06666666666666667	0.027777777777777776	0.05	0.5	0.027777777777777776
