arz	bs	ceb	ckb	da	de	el	en	es	fr	he	hi	hu	id	it	ja	ko	lv	mk	ml	mr	nl	pl	pt	ro	ru	sh	si	simple	sr	sv	te	union	vi	war	zh
arz	1.0	0.0	0.0	0.0	0.023255813953488372	0.0056179775280898875	0.07142857142857142	0.001146131805157593	0.007518796992481203	0.004694835680751174	0.04081632653061224	0.0	0.041666666666666664	0.047619047619047616	0.014492753623188406	0.007874015748031496	0.05	0.16666666666666666	0.3333333333333333	0.0	0.25	0.008849557522123894	0.02	0.015384615384615385	0.02631578947368421	0.010638297872340425	0.0	0.2	0.08333333333333333	0.1111111111111111	0.0125	0.0	0.0009090909090909091	0.058823529411764705	0.25	0.016129032258064516
bs	0.0	1.0	0.0	0.0	0.022222222222222223	0.005555555555555556	0.0625	0.002292263610315186	0.011235955056179775	0.009345794392523364	0.019230769230769232	0.1111111111111111	0.038461538461538464	0.0	0.014084507042253521	0.015625	0.045454545454545456	0.0	0.0	0.0	0.0	0.017543859649122806	0.019230769230769232	0.014925373134328358	0.025	0.021052631578947368	0.07142857142857142	0.0	0.0	0.09090909090909091	0.024691358024691357	0.0	0.0018181818181818182	0.05263157894736842	0.3	0.015625
ceb	0.0	0.0	1.0	0.0	0.0	0.00558659217877095	0.0	0.001145475372279496	0.0037313432835820895	0.004672897196261682	0.0	0.0	0.0	0.0	0.0	0.0078125	0.0	0.0	0.0	0.0	0.0	0.008771929824561403	0.0196078431372549	0.015151515151515152	0.0	0.0	0.0	0.0	0.0	0.0	0.0379746835443038	0.0	0.0013636363636363637	0.0	0.14285714285714285	0.0
ckb	0.0	0.0	0.0	1.0	0.0	0.005649717514124294	0.0	0.0005730659025787965	0.0037593984962406013	0.0047169811320754715	0.02040816326530612	0.0	0.0	0.0	0.014705882352941176	0.007936507936507936	0.0	0.0	0.0	0.0	0.0	0.008928571428571428	0.0	0.0	0.0	0.010752688172043012	0.09090909090909091	0.0	0.09090909090909091	0.0	0.0	0.0	0.00045454545454545455	0.0625	0.6	0.0
da	0.023255813953488372	0.022222222222222223	0.0	0.0	1.0	0.06829268292682927	0.03773584905660377	0.02172670097198399	0.06206896551724138	0.05394190871369295	0.0963855421686747	0.02127659574468085	0.06557377049180328	0.05084745762711865	0.047619047619047616	0.07006369426751592	0.07017543859649122	0.044444444444444446	0.023255813953488372	0.02	0.022727272727272728	0.06206896551724138	0.0963855421686747	0.09278350515463918	0.039473684210526314	0.08870967741935484	0.06	0.022222222222222223	0.06	0.041666666666666664	0.1308411214953271	0.0	0.019090909090909092	0.05454545454545454	0.2	0.061855670103092786
de	0.0056179775280898875	0.005555555555555556	0.00558659217877095	0.005649717514124294	0.06829268292682927	1.0	0.02702702702702703	0.07434320849636669	0.17195767195767195	0.24281150159744408	0.12437810945273632	0.0	0.06951871657754011	0.07065217391304347	0.16113744075829384	0.12222222222222222	0.05945945945945946	0.02247191011235955	0.011299435028248588	0.010869565217391304	0.00558659217877095	0.12890625	0.17098445595854922	0.10550458715596331	0.033816425120772944	0.21076233183856502	0.0273224043715847	0.005555555555555556	0.03867403314917127	0.005434782608695652	0.19626168224299065	0.0	0.08045454545454546	0.06629834254143646	0.032432432432432434	0.09174311926605505
el	0.07142857142857142	0.0625	0.0	0.0	0.03773584905660377	0.02702702702702703	1.0	0.005720823798627002	0.02952029520295203	0.022727272727272728	0.06896551724137931	0.0	0.09090909090909091	0.06451612903225806	0.05194805194805195	0.022058823529411766	0.14285714285714285	0.058823529411764705	0.15384615384615385	0.047619047619047616	0.06666666666666667	0.02459016393442623	0.06896551724137931	0.04054054054054054	0.06382978723404255	0.06	0.0	0.0625	0.09090909090909091	0.05	0.033707865168539325	0.0	0.005909090909090909	0.11538461538461539	0.25	0.04225352112676056
en	0.001146131805157593	0.002292263610315186	0.001145475372279496	0.0005730659025787965	0.02172670097198399	0.07434320849636669	0.005720823798627002	1.0	0.10191780821917808	0.07527472527472527	0.02280501710376283	0.0034383954154727794	0.007407407407407408	0.011461318051575931	0.029528676888131742	0.027457440966501923	0.008576329331046312	0.002290950744558992	0.001146131805157593	0.005157593123209169	0.0017191977077363897	0.031093836757357024	0.024557395773843516	0.018581081081081082	0.006211180124223602	0.043725156161272004	0.005151688609044075	0.002292263610315186	0.006303724928366762	0.002860411899313501	0.03342776203966006	0.002292263610315186	0.7931818181818182	0.00859106529209622	0.0171990171990172	0.020915771622385528
es	0.007518796992481203	0.011235955056179775	0.0037313432835820895	0.0037593984962406013	0.06206896551724138	0.17195767195767195	0.02952029520295203	0.10191780821917808	1.0	0.195	0.07876712328767123	0.007407407407407408	0.035842293906810034	0.047619047619047616	0.12080536912751678	0.07692307692307693	0.040145985401459854	0.0149812734082397	0.007518796992481203	0.011029411764705883	0.0037313432835820895	0.10204081632653061	0.09375	0.1	0.020202020202020204	0.13968253968253969	0.025925925925925925	0.011235955056179775	0.025925925925925925	0.014814814814814815	0.10932475884244373	0.0	0.12090909090909091	0.044444444444444446	0.05511811023622047	0.07213114754098361
fr	0.004694835680751174	0.009345794392523364	0.004672897196261682	0.0047169811320754715	0.05394190871369295	0.24281150159744408	0.022727272727272728	0.07527472527472527	0.195	1.0	0.10126582278481013	0.013953488372093023	0.049107142857142856	0.0593607305936073	0.17647058823529413	0.1118421052631579	0.05963302752293578	0.014018691588785047	0.009433962264150943	0.018433179723502304	0.009389671361502348	0.1134020618556701	0.13973799126637554	0.11740890688259109	0.024691358024691357	0.1867704280155642	0.027649769585253458	0.004651162790697674	0.037209302325581395	0.013824884792626729	0.164	0.004651162790697674	0.09636363636363636	0.05555555555555555	0.04666666666666667	0.092
he	0.04081632653061224	0.019230769230769232	0.0	0.02040816326530612	0.0963855421686747	0.12437810945273632	0.06896551724137931	0.02280501710376283	0.07876712328767123	0.10126582278481013	1.0	0.0	0.1076923076923077	0.078125	0.11428571428571428	0.08024691358024691	0.11475409836065574	0.058823529411764705	0.02	0.03571428571428571	0.0196078431372549	0.10273972602739725	0.225	0.08653846153846154	0.075	0.18333333333333332	0.034482758620689655	0.019230769230769232	0.09090909090909091	0.017857142857142856	0.12280701754385964	0.0	0.022272727272727274	0.16071428571428573	0.1794871794871795	0.1
hi	0.0	0.1111111111111111	0.0	0.0	0.02127659574468085	0.0	0.0	0.0034383954154727794	0.007407407407407408	0.013953488372093023	0.0	1.0	0.0	0.04	0.0	0.007633587786259542	0.0	0.0	0.0	0.25	0.2857142857142857	0.017241379310344827	0.0	0.0	0.0	0.03125	0.0625	0.0	0.0625	0.07692307692307693	0.011904761904761904	0.1111111111111111	0.0027272727272727275	0.0	0.24	0.0
hu	0.041666666666666664	0.038461538461538464	0.0	0.0	0.06557377049180328	0.06951871657754011	0.09090909090909091	0.007407407407407408	0.035842293906810034	0.049107142857142856	0.1076923076923077	0.0	1.0	0.075	0.12345679012345678	0.05673758865248227	0.10526315789473684	0.07692307692307693	0.041666666666666664	0.03225806451612903	0.04	0.06299212598425197	0.16129032258064516	0.0875	0.09090909090909091	0.09433962264150944	0.0625	0.038461538461538464	0.030303030303030304	0.03333333333333333	0.0851063829787234	0.0	0.010454545454545454	0.08333333333333333	0.20689655172413793	0.07692307692307693
id	0.047619047619047616	0.0	0.0	0.0	0.05084745762711865	0.07065217391304347	0.06451612903225806	0.011461318051575931	0.047619047619047616	0.0593607305936073	0.078125	0.04	0.075	1.0	0.1	0.08148148148148149	0.08333333333333333	0.08695652173913043	0.047619047619047616	0.11538461538461539	0.09523809523809523	0.06451612903225806	0.09523809523809523	0.10526315789473684	0.017857142857142856	0.08653846153846154	0.03333333333333333	0.043478260869565216	0.19230769230769232	0.037037037037037035	0.1	0.0	0.00909090909090909	0.125	0.14	0.06578947368421052
it	0.014492753623188406	0.014084507042253521	0.0	0.014705882352941176	0.047619047619047616	0.16113744075829384	0.05194805194805195	0.029528676888131742	0.12080536912751678	0.17647058823529413	0.11428571428571428	0.0	0.12345679012345678	0.1	1.0	0.10227272727272728	0.11538461538461539	0.028169014084507043	0.014492753623188406	0.02666666666666667	0.014285714285714285	0.10429447852760736	0.15841584158415842	0.168141592920354	0.08247422680412371	0.15	0.0821917808219178	0.014084507042253521	0.05333333333333334	0.0410958904109589	0.1951219512195122	0.0	0.03090909090909091	0.12	0.07142857142857142	0.10256410256410256
ja	0.007874015748031496	0.015625	0.0078125	0.007936507936507936	0.07006369426751592	0.12222222222222222	0.022058823529411766	0.027457440966501923	0.07692307692307693	0.1118421052631579	0.08024691358024691	0.007633587786259542	0.05673758865248227	0.08148148148148149	0.10227272727272728	1.0	0.10687022900763359	0.015503875968992248	0.007874015748031496	0.015037593984962405	0.0078125	0.08181818181818182	0.11464968152866242	0.08571428571428572	0.025157232704402517	0.10050251256281408	0.03787878787878788	0.007751937984496124	0.05384615384615385	0.015151515151515152	0.1388888888888889	0.0	0.057272727272727274	0.06766917293233082	0.05426356589147287	0.1130952380952381
ko	0.05	0.045454545454545456	0.0	0.0	0.07017543859649122	0.05945945945945946	0.14285714285714285	0.008576329331046312	0.040145985401459854	0.05963302752293578	0.11475409836065574	0.0	0.10526315789473684	0.08333333333333333	0.11538461538461539	0.10687022900763359	1.0	0.043478260869565216	0.05	0.037037037037037035	0.047619047619047616	0.056451612903225805	0.13333333333333333	0.0641025641025641	0.07692307692307693	0.13131313131313133	0.034482758620689655	0.045454545454545456	0.07142857142857142	0.038461538461538464	0.11363636363636363	0.0	0.008636363636363636	0.20689655172413793	0.13725490196078433	0.15942028985507245
lv	0.16666666666666666	0.0	0.0	0.0	0.044444444444444446	0.02247191011235955	0.058823529411764705	0.002290950744558992	0.0149812734082397	0.014018691588785047	0.058823529411764705	0.0	0.07692307692307693	0.08695652173913043	0.028169014084507043	0.015503875968992248	0.043478260869565216	1.0	0.16666666666666666	0.0	0.14285714285714285	0.017391304347826087	0.058823529411764705	0.029850746268656716	0.024390243902439025	0.053763440860215055	0.0	0.125	0.14285714285714285	0.08333333333333333	0.037037037037037035	0.0	0.0022727272727272726	0.05	0.21739130434782608	0.015384615384615385
mk	0.3333333333333333	0.0	0.0	0.0	0.023255813953488372	0.011299435028248588	0.15384615384615385	0.001146131805157593	0.007518796992481203	0.009433962264150943	0.02	0.0	0.041666666666666664	0.047619047619047616	0.014492753623188406	0.007874015748031496	0.05	0.16666666666666666	1.0	0.0	0.25	0.008849557522123894	0.02	0.015384615384615385	0.02631578947368421	0.010638297872340425	0.0	0.2	0.08333333333333333	0.1111111111111111	0.0125	0.0	0.0009090909090909091	0.058823529411764705	0.2	0.016129032258064516
ml	0.0	0.0	0.0	0.0	0.02	0.010869565217391304	0.047619047619047616	0.005157593123209169	0.011029411764705883	0.018433179723502304	0.03571428571428571	0.25	0.03225806451612903	0.11538461538461539	0.02666666666666667	0.015037593984962405	0.037037037037037035	0.0	0.0	1.0	0.2	0.025423728813559324	0.03571428571428571	0.028169014084507043	0.0	0.04081632653061224	0.05263157894736842	0.0	0.1111111111111111	0.0	0.023255813953488372	0.08333333333333333	0.004090909090909091	0.08695652173913043	0.3	0.04477611940298507
mr	0.25	0.0	0.0	0.0	0.022727272727272728	0.00558659217877095	0.06666666666666667	0.0017191977077363897	0.0037313432835820895	0.009389671361502348	0.0196078431372549	0.2857142857142857	0.04	0.09523809523809523	0.014285714285714285	0.0078125	0.047619047619047616	0.14285714285714285	0.25	0.2	1.0	0.008771929824561403	0.0196078431372549	0.015151515151515152	0.02564102564102564	0.02127659574468085	0.0	0.16666666666666666	0.16666666666666666	0.1	0.012345679012345678	0.0	0.0013636363636363637	0.05555555555555555	0.3076923076923077	0.015873015873015872
nl	0.008849557522123894	0.017543859649122806	0.008771929824561403	0.008928571428571428	0.06206896551724138	0.12890625	0.02459016393442623	0.031093836757357024	0.10204081632653061	0.1134020618556701	0.10273972602739725	0.017241379310344827	0.06299212598425197	0.06451612903225806	0.10429447852760736	0.08181818181818182	0.056451612903225805	0.017391304347826087	0.008849557522123894	0.025423728813559324	0.008771929824561403	1.0	0.10273972602739725	0.07317073170731707	0.04195804195804196	0.12021857923497267	0.0423728813559322	0.008695652173913044	0.05128205128205128	0.02564102564102564	0.13690476190476192	0.008695652173913044	0.05090909090909091	0.06666666666666667	0.07368421052631578	0.07453416149068323
pl	0.02	0.019230769230769232	0.0196078431372549	0.0	0.0963855421686747	0.17098445595854922	0.06896551724137931	0.024557395773843516	0.09375	0.13973799126637554	0.225	0.0	0.16129032258064516	0.09523809523809523	0.15841584158415842	0.11464968152866242	0.13333333333333333	0.058823529411764705	0.02	0.03571428571428571	0.0196078431372549	0.10273972602739725	1.0	0.1414141414141414	0.075	0.25663716814159293	0.034482758620689655	0.019230769230769232	0.05263157894736842	0.03636363636363636	0.20754716981132076	0.0	0.022272727272727274	0.16071428571428573	0.07954545454545454	0.0891089108910891
pt	0.015384615384615385	0.014925373134328358	0.015151515151515152	0.0	0.09278350515463918	0.10550458715596331	0.04054054054054054	0.018581081081081082	0.1	0.11740890688259109	0.08653846153846154	0.0	0.0875	0.10526315789473684	0.168141592920354	0.08571428571428572	0.0641025641025641	0.029850746268656716	0.015384615384615385	0.028169014084507043	0.015151515151515152	0.07317073170731707	0.1414141414141414	1.0	0.020202020202020204	0.12142857142857143	0.041666666666666664	0.014925373134328358	0.056338028169014086	0.014084507042253521	0.12598425196850394	0.0	0.02909090909090909	0.08108108108108109	0.0707070707070707	0.09649122807017543
ro	0.02631578947368421	0.025	0.0	0.0	0.039473684210526314	0.033816425120772944	0.06382978723404255	0.006211180124223602	0.020202020202020204	0.024691358024691357	0.075	0.0	0.09090909090909091	0.017857142857142856	0.08247422680412371	0.025157232704402517	0.07692307692307693	0.024390243902439025	0.02631578947368421	0.0	0.02564102564102564	0.04195804195804196	0.075	0.020202020202020204	1.0	0.04838709677419355	0.0	0.025	0.02127659574468085	0.022727272727272728	0.04504504504504504	0.0	0.01681818181818182	0.06	0.16666666666666666	0.0425531914893617
ru	0.010638297872340425	0.021052631578947368	0.0	0.010752688172043012	0.08870967741935484	0.21076233183856502	0.06	0.043725156161272004	0.13968253968253969	0.1867704280155642	0.18333333333333332	0.03125	0.09433962264150944	0.08653846153846154	0.15	0.10050251256281408	0.13131313131313133	0.053763440860215055	0.010638297872340425	0.04081632653061224	0.02127659574468085	0.12021857923497267	0.25663716814159293	0.12142857142857143	0.04838709677419355	1.0	0.061224489795918366	0.021052631578947368	0.050505050505050504	0.030612244897959183	0.1780821917808219	0.010416666666666666	0.042272727272727274	0.10101010101010101	0.07777777777777778	0.1079136690647482
sh	0.0	0.07142857142857142	0.0	0.09090909090909091	0.06	0.0273224043715847	0.0	0.005151688609044075	0.025925925925925925	0.027649769585253458	0.034482758620689655	0.0625	0.0625	0.03333333333333333	0.0821917808219178	0.03787878787878788	0.034482758620689655	0.0	0.0	0.05263157894736842	0.0	0.0423728813559322	0.034482758620689655	0.041666666666666664	0.0	0.061224489795918366	1.0	0.0	0.1	0.1875	0.046511627906976744	0.0	0.005	0.08	0.0958904109589041	0.043478260869565216
si	0.2	0.0	0.0	0.0	0.022222222222222223	0.005555555555555556	0.0625	0.002292263610315186	0.011235955056179775	0.004651162790697674	0.019230769230769232	0.0	0.038461538461538464	0.043478260869565216	0.014084507042253521	0.007751937984496124	0.045454545454545456	0.125	0.2	0.0	0.16666666666666666	0.008695652173913044	0.019230769230769232	0.014925373134328358	0.025	0.021052631578947368	0.0	1.0	0.07142857142857142	0.09090909090909091	0.012195121951219513	0.0	0.0018181818181818182	0.05263157894736842	0.3	0.015625
simple	0.08333333333333333	0.0	0.0	0.09090909090909091	0.06	0.03867403314917127	0.09090909090909091	0.006303724928366762	0.025925925925925925	0.037209302325581395	0.09090909090909091	0.0625	0.030303030303030304	0.19230769230769232	0.05333333333333334	0.05384615384615385	0.07142857142857142	0.14285714285714285	0.08333333333333333	0.1111111111111111	0.16666666666666666	0.05128205128205128	0.05263157894736842	0.056338028169014086	0.02127659574468085	0.050505050505050504	0.1	0.07142857142857142	1.0	0.05555555555555555	0.058823529411764705	0.0	0.005	0.17391304347826086	0.22580645161290322	0.058823529411764705
sr	0.1111111111111111	0.09090909090909091	0.0	0.0	0.041666666666666664	0.005434782608695652	0.05	0.002860411899313501	0.014814814814814815	0.013824884792626729	0.017857142857142856	0.07692307692307693	0.03333333333333333	0.037037037037037035	0.0410958904109589	0.015151515151515152	0.038461538461538464	0.08333333333333333	0.1111111111111111	0.0	0.1	0.02564102564102564	0.03636363636363636	0.014084507042253521	0.022727272727272728	0.030612244897959183	0.1875	0.09090909090909091	0.05555555555555555	1.0	0.03571428571428571	0.0	0.0036363636363636364	0.043478260869565216	0.08333333333333333	0.014705882352941176
sv	0.0125	0.024691358024691357	0.0379746835443038	0.0	0.1308411214953271	0.19626168224299065	0.033707865168539325	0.03342776203966006	0.10932475884244373	0.164	0.12280701754385964	0.011904761904761904	0.0851063829787234	0.1	0.1951219512195122	0.1388888888888889	0.11363636363636363	0.037037037037037035	0.0125	0.023255813953488372	0.012345679012345678	0.13690476190476192	0.20754716981132076	0.12598425196850394	0.04504504504504504	0.1780821917808219	0.046511627906976744	0.012195121951219513	0.058823529411764705	0.03571428571428571	1.0	0.0	0.03590909090909091	0.10465116279069768	0.1206896551724138	0.1111111111111111
te	0.0	0.0	0.0	0.0	0.0	0.0	0.0	0.002292263610315186	0.0	0.004651162790697674	0.0	0.1111111111111111	0.0	0.0	0.0	0.0	0.0	0.0	0.0	0.08333333333333333	0.0	0.008695652173913044	0.0	0.0	0.0	0.010416666666666666	0.0	0.0	0.0	0.0	0.0	1.0	0.0018181818181818182	0.0	0.4	0.0
union	0.0009090909090909091	0.0018181818181818182	0.0013636363636363637	0.00045454545454545455	0.019090909090909092	0.08045454545454546	0.005909090909090909	0.7931818181818182	0.12090909090909091	0.09636363636363636	0.022272727272727274	0.0027272727272727275	0.010454545454545454	0.00909090909090909	0.03090909090909091	0.057272727272727274	0.008636363636363636	0.0022727272727272726	0.0009090909090909091	0.004090909090909091	0.0013636363636363637	0.05090909090909091	0.022272727272727274	0.02909090909090909	0.01681818181818182	0.042272727272727274	0.005	0.0018181818181818182	0.005	0.0036363636363636364	0.03590909090909091	0.0018181818181818182	1.0	0.007272727272727273	0.014736842105263158	0.02772727272727273
vi	0.058823529411764705	0.05263157894736842	0.0	0.0625	0.05454545454545454	0.06629834254143646	0.11538461538461539	0.00859106529209622	0.044444444444444446	0.05555555555555555	0.16071428571428573	0.0	0.08333333333333333	0.125	0.12	0.06766917293233082	0.20689655172413793	0.05	0.058823529411764705	0.08695652173913043	0.05555555555555555	0.06666666666666667	0.16071428571428573	0.08108108108108109	0.06	0.10101010101010101	0.08	0.05263157894736842	0.17391304347826086	0.043478260869565216	0.10465116279069768	0.0	0.007272727272727273	1.0	0.14285714285714285	0.1
war	0.25	0.3	0.14285714285714285	0.6	0.2	0.032432432432432434	0.25	0.0171990171990172	0.05511811023622047	0.04666666666666667	0.1794871794871795	0.24	0.20689655172413793	0.14	0.07142857142857142	0.05426356589147287	0.13725490196078433	0.21739130434782608	0.2	0.3	0.3076923076923077	0.07368421052631578	0.07954545454545454	0.0707070707070707	0.16666666666666666	0.07777777777777778	0.0958904109589041	0.3	0.22580645161290322	0.08333333333333333	0.1206896551724138	0.4	0.014736842105263158	0.14285714285714285	1.0	0.07954545454545454
zh	0.016129032258064516	0.015625	0.0	0.0	0.061855670103092786	0.09174311926605505	0.04225352112676056	0.020915771622385528	0.07213114754098361	0.092	0.1	0.0	0.07692307692307693	0.06578947368421052	0.10256410256410256	0.1130952380952381	0.15942028985507245	0.015384615384615385	0.016129032258064516	0.04477611940298507	0.015873015873015872	0.07453416149068323	0.0891089108910891	0.09649122807017543	0.0425531914893617	0.1079136690647482	0.043478260869565216	0.015625	0.058823529411764705	0.014705882352941176	0.1111111111111111	0.0	0.02772727272727273	0.1	0.07954545454545454	1.0
