arz	bs	ceb	ckb	da	de	el	en	es	fr	he	hi	hu	id	it	ja	ko	lv	mk	ml	mr	nl	pl	pt	ro	ru	sh	si	simple	sr	sv	te	union	vi	war	zh
arz	1.0	1.0	1.0	1.0	0.585786437626905	0.09981534654330858	1.0	0.0014017286020442609	0.24336073281110826	0.1566130288262323	1.0	1.0	1.0	0.585786437626905	0.2012628451930092	1.0	1.0	1.0	1.0	1.0	1.0	0.09937128116592889	0.5	0.5	0.06789082782797856	1.0	1.0	1.0	0.585786437626905	1.0	0.5	1.0	0.0013953944462435572	1.0	0.5	1.0
bs	1.0	1.0	1.0	1.0	0.585786437626905	0.09981534654330858	1.0	0.0014017286020442609	0.24336073281110826	0.1566130288262323	1.0	1.0	1.0	0.585786437626905	0.2012628451930092	1.0	1.0	1.0	1.0	1.0	1.0	0.09937128116592889	0.5	0.5	0.06789082782797856	1.0	1.0	1.0	0.585786437626905	1.0	0.5	1.0	0.0013953944462435572	1.0	0.21483387950063812	1.0
ceb	1.0	1.0	1.0	1.0	0.585786437626905	0.09981534654330858	1.0	0.0014017286020442609	0.24336073281110826	0.1566130288262323	1.0	1.0	1.0	0.585786437626905	0.2012628451930092	1.0	1.0	1.0	1.0	1.0	1.0	0.09937128116592889	0.5	0.5	0.06789082782797856	1.0	1.0	1.0	0.585786437626905	1.0	0.5	1.0	0.0013953944462435572	1.0	0.5	1.0
ckb	1.0	1.0	1.0	1.0	0.585786437626905	0.09981534654330858	1.0	0.0014017286020442609	0.24336073281110826	0.1566130288262323	1.0	1.0	1.0	0.585786437626905	0.2012628451930092	1.0	1.0	1.0	1.0	1.0	1.0	0.09937128116592889	0.5	0.5	0.06789082782797856	1.0	1.0	1.0	0.585786437626905	1.0	0.5	1.0	0.0013953944462435572	1.0	0.5	1.0
da	0.585786437626905	0.585786437626905	0.585786437626905	0.585786437626905	1.0	0.09954034428958278	0.585786437626905	0.0014017298008379036	0.23874775399470893	0.15548737703860027	0.585786437626905	0.585786437626905	0.585786437626905	0.5	0.1987625491245426	0.585786437626905	0.585786437626905	0.585786437626905	0.585786437626905	0.585786437626905	0.585786437626905	0.09910005566846751	0.44948974278317805	0.44948974278317805	0.06780705896206128	0.585786437626905	0.585786437626905	0.585786437626905	0.5	0.585786437626905	0.44948974278317805	0.585786437626905	0.001395395628851622	0.585786437626905	0.1298950870455638	0.585786437626905
de	0.09981534654330858	0.09981534654330858	0.09981534654330858	0.09981534654330858	0.09954034428958278	1.0	0.09981534654330858	0.0014016512608968194	0.09551783993490069	0.08790239010170864	0.09981534654330858	0.09981534654330858	0.09981534654330858	0.09954034428958278	0.09338379022444841	0.09981534654330858	0.09981534654330858	0.09981534654330858	0.09981534654330858	0.09981534654330858	0.09981534654330858	0.07316903465241778	0.09926768515423115	0.09926768515423115	0.05738352549452535	0.09981534654330858	0.09981534654330858	0.09981534654330858	0.09954034428958278	0.09981534654330858	0.09926768515423115	0.09981534654330858	0.0013955533378941915	0.09981534654330858	0.03754223912674456	0.09981534654330858
el	1.0	1.0	1.0	1.0	0.585786437626905	0.09981534654330858	1.0	0.0014017286020442609	0.24336073281110826	0.1566130288262323	1.0	1.0	1.0	0.585786437626905	0.2012628451930092	1.0	1.0	1.0	1.0	1.0	1.0	0.09937128116592889	0.5	0.5	0.06789082782797856	1.0	1.0	1.0	0.585786437626905	1.0	0.5	1.0	0.0013953944462435572	1.0	0.5	1.0
en	0.0014017286020442609	0.0014017286020442609	0.0014017286020442609	0.0014017286020442609	0.0014017298008379036	0.0014016512608968194	0.0014017286020442609	1.0	0.001401723993223997	0.001401736579825918	0.0014017286020442609	0.0014017286020442609	0.0014017286020442609	0.0014017298008379036	0.001401718446013751	0.0014017286020442609	0.0014017286020442609	0.0014017286020442609	0.0014017286020442609	0.0014017286020442609	0.0014017286020442609	0.0014016324263575134	0.001401729111325952	0.001401729111325952	0.0014014687288343094	0.0014017286020442609	0.0014017286020442609	0.0014017286020442609	0.0014017298008379036	0.0014017286020442609	0.0014017272230249158	0.0014017286020442609	0.007906036383278286	0.0014017286020442609	0.008898194014425542	0.0014017286020442609
es	0.24336073281110826	0.24336073281110826	0.24336073281110826	0.24336073281110826	0.23874775399470893	0.09551783993490069	0.24336073281110826	0.001401723993223997	1.0	0.13853768235555425	0.24336073281110826	0.24336073281110826	0.24336073281110826	0.23874775399470893	0.16951365275687444	0.24336073281110826	0.24336073281110826	0.24336073281110826	0.24336073281110826	0.24336073281110826	0.24336073281110826	0.09450251784294264	0.23441237831492112	0.23441237831492112	0.06632545194853313	0.24336073281110826	0.24336073281110826	0.24336073281110826	0.23874775399470888	0.24336073281110826	0.23441237831492112	0.24336073281110826	0.0013954128792466707	0.24336073281110826	0.09303978816661744	0.24336073281110826
fr	0.1566130288262323	0.1566130288262323	0.1566130288262323	0.1566130288262323	0.15548737703860027	0.08790239010170864	0.1566130288262323	0.001401736579825918	0.13853768235555425	1.0	0.1566130288262323	0.1566130288262323	0.1566130288262323	0.15548737703860027	0.13187406399734733	0.1566130288262323	0.1566130288262323	0.1566130288262323	0.1566130288262323	0.1566130288262323	0.1566130288262323	0.08663685980542202	0.15438708879488486	0.15696660119815342	0.06350060602195208	0.1566130288262323	0.1566130288262323	0.1566130288262323	0.15548737703860027	0.1566130288262323	0.15438708879488486	0.1566130288262323	0.001395449747445505	0.1566130288262323	0.03829587307230864	0.1566130288262323
he	1.0	1.0	1.0	1.0	0.585786437626905	0.09981534654330858	1.0	0.0014017286020442609	0.24336073281110826	0.1566130288262323	1.0	1.0	1.0	0.585786437626905	0.2012628451930092	1.0	1.0	1.0	1.0	1.0	1.0	0.09937128116592889	0.5	0.5	0.06789082782797856	1.0	1.0	1.0	0.585786437626905	1.0	0.5	1.0	0.0013953944462435572	1.0	0.38742588672279304	1.0
hi	1.0	1.0	1.0	1.0	0.585786437626905	0.09981534654330858	1.0	0.0014017286020442609	0.24336073281110826	0.1566130288262323	1.0	1.0	1.0	0.585786437626905	0.2012628451930092	1.0	1.0	1.0	1.0	1.0	1.0	0.09937128116592889	0.5	0.5	0.06789082782797856	1.0	1.0	1.0	0.585786437626905	1.0	0.5	1.0	0.0013953944462435572	1.0	0.5	1.0
hu	1.0	1.0	1.0	1.0	0.585786437626905	0.09981534654330858	1.0	0.0014017286020442609	0.24336073281110826	0.1566130288262323	1.0	1.0	1.0	0.585786437626905	0.2012628451930092	1.0	1.0	1.0	1.0	1.0	1.0	0.09937128116592889	0.5	0.5	0.06789082782797856	1.0	1.0	1.0	0.585786437626905	1.0	0.5	1.0	0.0013953944462435572	1.0	0.2474401533514073	1.0
id	0.585786437626905	0.585786437626905	0.585786437626905	0.585786437626905	0.5	0.09954034428958278	0.585786437626905	0.0014017298008379036	0.23874775399470893	0.15548737703860027	0.585786437626905	0.585786437626905	0.585786437626905	1.0	0.1987625491245426	0.585786437626905	0.585786437626905	0.585786437626905	0.585786437626905	0.585786437626905	0.585786437626905	0.09910005566846751	0.44948974278317805	0.44948974278317805	0.06780705896206128	0.585786437626905	0.585786437626905	0.585786437626905	0.5	0.585786437626905	0.44948974278317805	0.585786437626905	0.001395395628851622	0.585786437626905	0.07328224943700276	0.585786437626905
it	0.2012628451930092	0.2012628451930092	0.2012628451930092	0.2012628451930092	0.1987625491245426	0.09338379022444841	0.2012628451930092	0.001401718446013751	0.16951365275687444	0.13187406399734733	0.2012628451930092	0.2012628451930092	0.2012628451930092	0.1987625491245426	1.0	0.2012628451930092	0.2012628451930092	0.2012628451930092	0.2012628451930092	0.2012628451930092	0.2012628451930092	0.09248374762261995	0.19636040545626823	0.19636040545626823	0.0659522830797906	0.2012628451930092	0.2012628451930092	0.2012628451930092	0.1987625491245426	0.2012628451930092	0.19636040545626823	0.2012628451930092	0.0013954109705602308	0.2012628451930092	0.0388909289163069	0.2012628451930092
ja	1.0	1.0	1.0	1.0	0.585786437626905	0.09981534654330858	1.0	0.0014017286020442609	0.24336073281110826	0.1566130288262323	1.0	1.0	1.0	0.585786437626905	0.2012628451930092	1.0	1.0	1.0	1.0	1.0	1.0	0.09937128116592889	0.5	0.5	0.06789082782797856	1.0	1.0	1.0	0.585786437626905	1.0	0.5	1.0	0.0013953944462435572	1.0	0.44948974278317805	1.0
ko	1.0	1.0	1.0	1.0	0.585786437626905	0.09981534654330858	1.0	0.0014017286020442609	0.24336073281110826	0.1566130288262323	1.0	1.0	1.0	0.585786437626905	0.2012628451930092	1.0	1.0	1.0	1.0	1.0	1.0	0.09937128116592889	0.5	0.5	0.06789082782797856	1.0	1.0	1.0	0.585786437626905	1.0	0.5	1.0	0.0013953944462435572	1.0	0.5	1.0
lv	1.0	1.0	1.0	1.0	0.585786437626905	0.09981534654330858	1.0	0.0014017286020442609	0.24336073281110826	0.1566130288262323	1.0	1.0	1.0	0.585786437626905	0.2012628451930092	1.0	1.0	1.0	1.0	1.0	1.0	0.09937128116592889	0.5	0.5	0.06789082782797856	1.0	1.0	1.0	0.585786437626905	1.0	0.5	1.0	0.0013953944462435572	1.0	0.3090169943749474	1.0
mk	1.0	1.0	1.0	1.0	0.585786437626905	0.09981534654330858	1.0	0.0014017286020442609	0.24336073281110826	0.1566130288262323	1.0	1.0	1.0	0.585786437626905	0.2012628451930092	1.0	1.0	1.0	1.0	1.0	1.0	0.09937128116592889	0.5	0.5	0.06789082782797856	1.0	1.0	1.0	0.585786437626905	1.0	0.5	1.0	0.0013953944462435572	1.0	0.5	1.0
ml	1.0	1.0	1.0	1.0	0.585786437626905	0.09981534654330858	1.0	0.0014017286020442609	0.24336073281110826	0.1566130288262323	1.0	1.0	1.0	0.585786437626905	0.2012628451930092	1.0	1.0	1.0	1.0	1.0	1.0	0.09937128116592889	0.5	0.5	0.06789082782797856	1.0	1.0	1.0	0.585786437626905	1.0	0.5	1.0	0.0013953944462435572	1.0	0.5	1.0
mr	1.0	1.0	1.0	1.0	0.585786437626905	0.09981534654330858	1.0	0.0014017286020442609	0.24336073281110826	0.1566130288262323	1.0	1.0	1.0	0.585786437626905	0.2012628451930092	1.0	1.0	1.0	1.0	1.0	1.0	0.09937128116592889	0.5	0.5	0.06789082782797856	1.0	1.0	1.0	0.585786437626905	1.0	0.5	1.0	0.0013953944462435572	1.0	0.5	1.0
nl	0.09937128116592889	0.09937128116592889	0.09937128116592889	0.09937128116592889	0.09910005566846751	0.07316903465241778	0.09937128116592889	0.0014016324263575134	0.09450251784294264	0.08663685980542202	0.09937128116592889	0.09937128116592889	0.09937128116592889	0.09910005566846751	0.09248374762261995	0.09937128116592889	0.09937128116592889	0.09937128116592889	0.09937128116592889	0.09937128116592889	0.09937128116592889	1.0	0.09883111928509877	0.09883111928509877	0.05730256228133266	0.09937128116592889	0.09937128116592889	0.09937128116592889	0.09910005566846751	0.09937128116592889	0.09883111928509877	0.09937128116592889	0.0013955269417872099	0.09937128116592889	0.05647671142732227	0.09937128116592889
pl	0.5	0.5	0.5	0.5	0.44948974278317805	0.09926768515423115	0.5	0.001401729111325952	0.23441237831492112	0.15438708879488486	0.5	0.5	0.5	0.44948974278317805	0.19636040545626823	0.5	0.5	0.5	0.5	0.5	0.5	0.09883111928509877	1.0	0.4142135623730951	0.06772360688560321	0.5	0.5	0.5	0.44948974278317805	0.5	0.4142135623730951	0.5	0.0013953968114626947	0.5	0.05217754926176875	0.5
pt	0.5	0.5	0.5	0.5	0.44948974278317805	0.09926768515423115	0.5	0.001401729111325952	0.23441237831492112	0.15696660119815342	0.5	0.5	0.5	0.44948974278317805	0.19636040545626823	0.5	0.5	0.5	0.5	0.5	0.5	0.09883111928509877	0.4142135623730951	1.0	0.06772360688560321	0.5	0.5	0.5	0.44948974278317805	0.5	0.4142135623730951	0.5	0.0013953968114626947	0.5	0.1212498786741854	0.5
ro	0.06789082782797856	0.06789082782797856	0.06789082782797856	0.06789082782797856	0.06780705896206128	0.05738352549452535	0.06789082782797856	0.0014014687288343094	0.06632545194853313	0.06350060602195208	0.06789082782797856	0.06789082782797856	0.06789082782797856	0.06780705896206128	0.0659522830797906	0.06789082782797856	0.06789082782797856	0.06789082782797856	0.06789082782797856	0.06789082782797856	0.06789082782797856	0.05730256228133266	0.06772360688560321	0.06772360688560321	1.0	0.06789082782797856	0.06789082782797856	0.06789082782797856	0.06780705896206128	0.06789082782797856	0.06772360688560321	0.06789082782797856	0.0013958162636959898	0.06789082782797856	0.13033179699281577	0.06789082782797856
ru	1.0	1.0	1.0	1.0	0.585786437626905	0.09981534654330858	1.0	0.0014017286020442609	0.24336073281110826	0.1566130288262323	1.0	1.0	1.0	0.585786437626905	0.2012628451930092	1.0	1.0	1.0	1.0	1.0	1.0	0.09937128116592889	0.5	0.5	0.06789082782797856	1.0	1.0	1.0	0.585786437626905	1.0	0.5	1.0	0.0013953944462435572	1.0	0.5	1.0
sh	1.0	1.0	1.0	1.0	0.585786437626905	0.09981534654330858	1.0	0.0014017286020442609	0.24336073281110826	0.1566130288262323	1.0	1.0	1.0	0.585786437626905	0.2012628451930092	1.0	1.0	1.0	1.0	1.0	1.0	0.09937128116592889	0.5	0.5	0.06789082782797856	1.0	1.0	1.0	0.585786437626905	1.0	0.5	1.0	0.0013953944462435572	1.0	0.032767916901580464	1.0
si	1.0	1.0	1.0	1.0	0.585786437626905	0.09981534654330858	1.0	0.0014017286020442609	0.24336073281110826	0.1566130288262323	1.0	1.0	1.0	0.585786437626905	0.2012628451930092	1.0	1.0	1.0	1.0	1.0	1.0	0.09937128116592889	0.5	0.5	0.06789082782797856	1.0	1.0	1.0	0.585786437626905	1.0	0.5	1.0	0.0013953944462435572	1.0	0.5	1.0
simple	0.585786437626905	0.585786437626905	0.585786437626905	0.585786437626905	0.5	0.09954034428958278	0.585786437626905	0.0014017298008379036	0.23874775399470888	0.15548737703860027	0.585786437626905	0.585786437626905	0.585786437626905	0.5	0.1987625491245426	0.585786437626905	0.585786437626905	0.585786437626905	0.585786437626905	0.585786437626905	0.585786437626905	0.09910005566846751	0.44948974278317805	0.44948974278317805	0.06780705896206128	0.585786437626905	0.585786437626905	0.585786437626905	1.0	0.585786437626905	0.44948974278317805	0.585786437626905	0.001395395628851622	0.585786437626905	0.16189295803578962	0.585786437626905
sr	1.0	1.0	1.0	1.0	0.585786437626905	0.09981534654330858	1.0	0.0014017286020442609	0.24336073281110826	0.1566130288262323	1.0	1.0	1.0	0.585786437626905	0.2012628451930092	1.0	1.0	1.0	1.0	1.0	1.0	0.09937128116592889	0.5	0.5	0.06789082782797856	1.0	1.0	1.0	0.585786437626905	1.0	0.5	1.0	0.0013953944462435572	1.0	0.05768240433551308	1.0
sv	0.5	0.5	0.5	0.5	0.44948974278317805	0.09926768515423115	0.5	0.0014017272230249158	0.23441237831492112	0.15438708879488486	0.5	0.5	0.5	0.44948974278317805	0.19636040545626823	0.5	0.5	0.5	0.5	0.5	0.5	0.09883111928509877	0.4142135623730951	0.4142135623730951	0.06772360688560321	0.5	0.5	0.5	0.44948974278317805	0.5	1.0	0.5	0.0013953968114626947	0.5	0.12050164070906065	0.5
te	1.0	1.0	1.0	1.0	0.585786437626905	0.09981534654330858	1.0	0.0014017286020442609	0.24336073281110826	0.1566130288262323	1.0	1.0	1.0	0.585786437626905	0.2012628451930092	1.0	1.0	1.0	1.0	1.0	1.0	0.09937128116592889	0.5	0.5	0.06789082782797856	1.0	1.0	1.0	0.585786437626905	1.0	0.5	1.0	0.0013953944462435572	1.0	0.5	1.0
union	0.0013953944462435572	0.0013953944462435572	0.0013953944462435572	0.0013953944462435572	0.001395395628851622	0.0013955533378941915	0.0013953944462435572	0.007906036383278286	0.0013954128792466707	0.001395449747445505	0.0013953944462435572	0.0013953944462435572	0.0013953944462435572	0.001395395628851622	0.0013954109705602308	0.0013953944462435572	0.0013953944462435572	0.0013953944462435572	0.0013953944462435572	0.0013953944462435572	0.0013953944462435572	0.0013955269417872099	0.0013953968114626947	0.0013953968114626947	0.0013958162636959898	0.0013953944462435572	0.0013953944462435572	0.0013953944462435572	0.001395395628851622	0.0013953944462435572	0.0013953968114626947	0.0013953944462435572	1.0	0.0013953944462435572	0.005802645734643664	0.0013953944462435572
vi	1.0	1.0	1.0	1.0	0.585786437626905	0.09981534654330858	1.0	0.0014017286020442609	0.24336073281110826	0.1566130288262323	1.0	1.0	1.0	0.585786437626905	0.2012628451930092	1.0	1.0	1.0	1.0	1.0	1.0	0.09937128116592889	0.5	0.5	0.06789082782797856	1.0	1.0	1.0	0.585786437626905	1.0	0.5	1.0	0.0013953944462435572	1.0	0.09171139144645918	1.0
war	0.5	0.21483387950063812	0.5	0.5	0.1298950870455638	0.03754223912674456	0.5	0.008898194014425542	0.09303978816661744	0.03829587307230864	0.38742588672279304	0.5	0.2474401533514073	0.07328224943700276	0.0388909289163069	0.44948974278317805	0.5	0.3090169943749474	0.5	0.5	0.5	0.05647671142732227	0.05217754926176875	0.1212498786741854	0.13033179699281577	0.5	0.032767916901580464	0.5	0.16189295803578962	0.05768240433551308	0.12050164070906065	0.5	0.005802645734643664	0.09171139144645918	1.0	0.5
zh	1.0	1.0	1.0	1.0	0.585786437626905	0.09981534654330858	1.0	0.0014017286020442609	0.24336073281110826	0.1566130288262323	1.0	1.0	1.0	0.585786437626905	0.2012628451930092	1.0	1.0	1.0	1.0	1.0	1.0	0.09937128116592889	0.5	0.5	0.06789082782797856	1.0	1.0	1.0	0.585786437626905	1.0	0.5	1.0	0.0013953944462435572	1.0	0.5	1.0
