arz	bs	ceb	ckb	da	de	el	en	es	fr	he	hi	hu	id	it	ja	ko	lv	mk	ml	mr	nl	pl	pt	ro	ru	sh	si	simple	sr	sv	te	vi	war	zh
arz	0.0	0.0	0.0	0.0	0.0	0.0	0.0	0.0	0.0	0.0	0.0	0.0	0.0	0.0	0.0	0.0	0.0	0.0	0.0	0.0	0.0	0.0	0.0	0.0	0.0	0.0	0.0	0.0	0.0	0.0	0.0	0.0	0.0	0.0	0.0
bs	0.0	1.0	0.0	0.0	0.0	0.125	0.0	0.0	0.0	0.0	0.0	0.0	0.0	0.0	0.0	0.0	0.0	0.0	0.0	0.0	0.0	0.0	0.0	0.0	0.0	0.0	0.058823529411764705	0.0	0.0	0.0	0.0	0.0	0.0	0.0	0.0
ceb	0.0	0.0	0.0	0.0	0.0	0.0	0.0	0.0	0.0	0.0	0.0	0.0	0.0	0.0	0.0	0.0	0.0	0.0	0.0	0.0	0.0	0.0	0.0	0.0	0.0	0.0	0.0	0.0	0.0	0.0	0.0	0.0	0.0	0.0	0.0
ckb	0.0	0.0	0.0	0.0	0.0	0.0	0.0	0.0	0.0	0.0	0.0	0.0	0.0	0.0	0.0	0.0	0.0	0.0	0.0	0.0	0.0	0.0	0.0	0.0	0.0	0.0	0.0	0.0	0.0	0.0	0.0	0.0	0.0	0.0	0.0
da	0.0	0.0	0.0	0.0	1.0	0.037037037037037035	0.0	0.0273972602739726	0.029411764705882353	0.02564102564102564	0.0	0.0	0.0	0.15384615384615385	0.07407407407407407	0.0	0.0	0.5	0.0	0.0	0.0	0.19230769230769232	0.08695652173913043	0.012048192771084338	0.2	0.0	0.010582010582010581	0.0	0.14285714285714285	0.0	0.0	0.0	0.0	0.0	0.0
de	0.0	0.125	0.0	0.0	0.037037037037037035	1.0	0.0	0.0967741935483871	0.14782608695652175	0.11333333333333333	0.0	0.0	0.030303030303030304	0.06349206349206349	0.16279069767441862	0.0	0.0	0.09090909090909091	0.0	0.0	0.0	0.1262135922330097	0.15384615384615385	0.035114503816793895	0.0625	0.057692307692307696	0.024489795918367346	0.0	0.0	0.0	0.08888888888888889	0.0	0.0	0.0	0.0
el	0.0	0.0	0.0	0.0	0.0	0.0	0.0	0.0	0.0	0.0	0.0	0.0	0.0	0.0	0.0	0.0	0.0	0.0	0.0	0.0	0.0	0.0	0.0	0.0	0.0	0.0	0.0	0.0	0.0	0.0	0.0	0.0	0.0	0.0	0.0
en	0.0	0.0	0.0	0.0	0.0273972602739726	0.0967741935483871	0.0	1.0	0.1079646017699115	0.15894039735099338	0.0	0.0	0.04477611940298507	0.1	0.2366412213740458	0.0	0.0	0.046875	0.0	0.0	0.0	0.11574074074074074	0.07936507936507936	0.18396711202466598	0.03731343283582089	0.01098901098901099	0.15669014084507044	0.0	0.059880239520958084	0.034482758620689655	0.06537530266343826	0.0	0.004524886877828055	0.0	0.0
es	0.0	0.0	0.0	0.0	0.029411764705882353	0.14782608695652175	0.0	0.1079646017699115	1.0	0.06741573033707865	0.0	0.0	0.06896551724137931	0.18518518518518517	0.19895287958115182	0.0	0.0	0.13333333333333333	0.0	0.0	0.0	0.1574074074074074	0.13725490196078433	0.06408345752608048	0.0625	0.0	0.04156479217603912	0.0	0.0	0.007407407407407408	0.18181818181818182	0.0	0.0	0.0	0.0
fr	0.0	0.0	0.0	0.0	0.02564102564102564	0.11333333333333333	0.0	0.15894039735099338	0.06741573033707865	1.0	0.0	0.0	0.06060606060606061	0.11538461538461539	0.11836734693877551	0.0	0.0	0.06666666666666667	0.0	0.0	0.0	0.072992700729927	0.07051282051282051	0.0506155950752394	0.0	0.02197802197802198	0.0367816091954023	0.0	0.045454545454545456	0.09352517985611511	0.10526315789473684	0.0	0.0	0.0	0.0
he	0.0	0.0	0.0	0.0	0.0	0.0	0.0	0.0	0.0	0.0	0.0	0.0	0.0	0.0	0.0	0.0	0.0	0.0	0.0	0.0	0.0	0.0	0.0	0.0	0.0	0.0	0.0	0.0	0.0	0.0	0.0	0.0	0.0	0.0	0.0
hi	0.0	0.0	0.0	0.0	0.0	0.0	0.0	0.0	0.0	0.0	0.0	0.0	0.0	0.0	0.0	0.0	0.0	0.0	0.0	0.0	0.0	0.0	0.0	0.0	0.0	0.0	0.0	0.0	0.0	0.0	0.0	0.0	0.0	0.0	0.0
hu	0.0	0.0	0.0	0.0	0.0	0.030303030303030304	0.0	0.04477611940298507	0.06896551724137931	0.06060606060606061	0.0	0.0	1.0	0.0	0.027777777777777776	0.0	0.0	0.0	0.0	0.0	0.0	0.08333333333333333	0.0	0.0875	0.0	0.0	0.11711711711711711	0.0	0.2	0.0	0.041666666666666664	0.0	0.0	0.0	0.0
id	0.0	0.0	0.0	0.0	0.15384615384615385	0.06349206349206349	0.0	0.1	0.18518518518518517	0.11538461538461539	0.0	0.0	0.0	1.0	0.14432989690721648	0.0	0.0	0.125	0.0	0.0	0.0	0.16666666666666666	0.15789473684210525	0.028089887640449437	0.0	0.0	0.029508196721311476	0.0	0.08333333333333333	0.03225806451612903	0.06	0.0	0.0	0.0	0.0
it	0.0	0.0	0.0	0.0	0.07407407407407407	0.16279069767441862	0.0	0.2366412213740458	0.19895287958115182	0.11836734693877551	0.0	0.0	0.027777777777777776	0.14432989690721648	1.0	0.0	0.0	0.15	0.0	0.0	0.0	0.1619718309859155	0.1292517006802721	0.08682634730538923	0.0425531914893617	0.0	0.06947368421052631	0.0	0.034482758620689655	0.022988505747126436	0.10714285714285714	0.0	0.0	0.0	0.0
ja	0.0	0.0	0.0	0.0	0.0	0.0	0.0	0.0	0.0	0.0	0.0	0.0	0.0	0.0	0.0	0.0	0.0	0.0	0.0	0.0	0.0	0.0	0.0	0.0	0.0	0.0	0.0	0.0	0.0	0.0	0.0	0.0	0.0	0.0	0.0
ko	0.0	0.0	0.0	0.0	0.0	0.0	0.0	0.0	0.0	0.0	0.0	0.0	0.0	0.0	0.0	0.0	0.0	0.0	0.0	0.0	0.0	0.0	0.0	0.0	0.0	0.0	0.0	0.0	0.0	0.0	0.0	0.0	0.0	0.0	0.0
lv	0.0	0.0	0.0	0.0	0.5	0.09090909090909091	0.0	0.046875	0.13333333333333333	0.06666666666666667	0.0	0.0	0.0	0.125	0.15	0.0	0.0	1.0	0.0	0.0	0.0	0.14285714285714285	0.125	0.0	0.3333333333333333	0.0	0.0	0.0	1.0	0.0	0.2222222222222222	0.0	0.0	0.0	0.0
mk	0.0	0.0	0.0	0.0	0.0	0.0	0.0	0.0	0.0	0.0	0.0	0.0	0.0	0.0	0.0	0.0	0.0	0.0	0.0	0.0	0.0	0.0	0.0	0.0	0.0	0.0	0.0	0.0	0.0	0.0	0.0	0.0	0.0	0.0	0.0
ml	0.0	0.0	0.0	0.0	0.0	0.0	0.0	0.0	0.0	0.0	0.0	0.0	0.0	0.0	0.0	0.0	0.0	0.0	0.0	0.0	0.0	0.0	0.0	0.0	0.0	0.0	0.0	0.0	0.0	0.0	0.0	0.0	0.0	0.0	0.0
mr	0.0	0.0	0.0	0.0	0.0	0.0	0.0	0.0	0.0	0.0	0.0	0.0	0.0	0.0	0.0	0.0	0.0	0.0	0.0	0.0	0.0	0.0	0.0	0.0	0.0	0.0	0.0	0.0	0.0	0.0	0.0	0.0	0.0	0.0	0.0
nl	0.0	0.0	0.0	0.0	0.19230769230769232	0.1262135922330097	0.0	0.11574074074074074	0.1574074074074074	0.072992700729927	0.0	0.0	0.08333333333333333	0.16666666666666666	0.1619718309859155	0.0	0.0	0.14285714285714285	0.0	0.0	0.0	1.0	0.10126582278481013	0.043706293706293704	0.06451612903225806	0.0	0.045454545454545456	0.0	0.125	0.016666666666666666	0.08433734939759036	0.0	0.0	0.0	0.0
pl	0.0	0.0	0.0	0.0	0.08695652173913043	0.15384615384615385	0.0	0.07936507936507936	0.13725490196078433	0.07051282051282051	0.0	0.0	0.0	0.15789473684210525	0.1292517006802721	0.0	0.0	0.125	0.0	0.0	0.0	0.10126582278481013	1.0	0.03209459459459459	0.0	0.0	0.028037383177570093	0.0	0.07142857142857142	0.01680672268907563	0.125	0.0	0.0	0.0	0.0
pt	0.0	0.0	0.0	0.0	0.012048192771084338	0.035114503816793895	0.0	0.18396711202466598	0.06408345752608048	0.0506155950752394	0.0	0.0	0.0875	0.028089887640449437	0.08682634730538923	0.0	0.0	0.0	0.0	0.0	0.0	0.043706293706293704	0.03209459459459459	1.0	0.023952095808383235	0.0	0.26106870229007634	0.0	0.010309278350515464	0.0018315018315018315	0.029801324503311258	0.0	0.004672897196261682	0.0	0.0
ro	0.0	0.0	0.0	0.0	0.2	0.0625	0.0	0.03731343283582089	0.0625	0.0	0.0	0.0	0.0	0.0	0.0425531914893617	0.0	0.0	0.3333333333333333	0.0	0.0	0.0	0.06451612903225806	0.0	0.023952095808383235	1.0	0.0	0.02142857142857143	0.0	0.0	0.0	0.045454545454545456	0.0	0.0	0.0	0.0
ru	0.0	0.0	0.0	0.0	0.0	0.057692307692307696	0.0	0.01098901098901099	0.0	0.02197802197802198	0.0	0.0	0.0	0.0	0.0	0.0	0.0	0.0	0.0	0.0	0.0	0.0	0.0	0.0	0.0	1.0	0.0	0.0	0.0	0.0	0.0	0.0	0.0	0.0	0.0
sh	0.0	0.058823529411764705	0.0	0.0	0.010582010582010581	0.024489795918367346	0.0	0.15669014084507044	0.04156479217603912	0.0367816091954023	0.0	0.0	0.11711711711711711	0.029508196721311476	0.06947368421052631	0.0	0.0	0.0	0.0	0.0	0.0	0.045454545454545456	0.028037383177570093	0.26106870229007634	0.02142857142857143	0.0	1.0	0.0	0.04	0.09716599190283401	0.025	0.0	0.0	0.0	0.0
si	0.0	0.0	0.0	0.0	0.0	0.0	0.0	0.0	0.0	0.0	0.0	0.0	0.0	0.0	0.0	0.0	0.0	0.0	0.0	0.0	0.0	0.0	0.0	0.0	0.0	0.0	0.0	0.0	0.0	0.0	0.0	0.0	0.0	0.0	0.0
simple	0.0	0.0	0.0	0.0	0.14285714285714285	0.0	0.0	0.059880239520958084	0.0	0.045454545454545456	0.0	0.0	0.2	0.08333333333333333	0.034482758620689655	0.0	0.0	1.0	0.0	0.0	0.0	0.125	0.07142857142857142	0.010309278350515464	0.0	0.0	0.04	0.0	1.0	0.07317073170731707	0.11538461538461539	0.0	0.0	0.0	0.0
sr	0.0	0.0	0.0	0.0	0.0	0.0	0.0	0.034482758620689655	0.007407407407407408	0.09352517985611511	0.0	0.0	0.0	0.03225806451612903	0.022988505747126436	0.0	0.0	0.0	0.0	0.0	0.0	0.016666666666666666	0.01680672268907563	0.0018315018315018315	0.0	0.0	0.09716599190283401	0.0	0.07317073170731707	1.0	0.035398230088495575	0.0	0.0	0.0	0.0
sv	0.0	0.0	0.0	0.0	0.0	0.08888888888888889	0.0	0.06537530266343826	0.18181818181818182	0.10526315789473684	0.0	0.0	0.041666666666666664	0.06	0.10714285714285714	0.0	0.0	0.2222222222222222	0.0	0.0	0.0	0.08433734939759036	0.125	0.029801324503311258	0.045454545454545456	0.0	0.025	0.0	0.11538461538461539	0.035398230088495575	1.0	0.0	0.0	0.0	0.0
te	0.0	0.0	0.0	0.0	0.0	0.0	0.0	0.0	0.0	0.0	0.0	0.0	0.0	0.0	0.0	0.0	0.0	0.0	0.0	0.0	0.0	0.0	0.0	0.0	0.0	0.0	0.0	0.0	0.0	0.0	0.0	0.0	0.0	0.0	0.0
vi	0.0	0.0	0.0	0.0	0.0	0.0	0.0	0.004524886877828055	0.0	0.0	0.0	0.0	0.0	0.0	0.0	0.0	0.0	0.0	0.0	0.0	0.0	0.0	0.0	0.004672897196261682	0.0	0.0	0.0	0.0	0.0	0.0	0.0	0.0	1.0	0.0	0.0
war	0.0	0.0	0.0	0.0	0.0	0.0	0.0	0.0	0.0	0.0	0.0	0.0	0.0	0.0	0.0	0.0	0.0	0.0	0.0	0.0	0.0	0.0	0.0	0.0	0.0	0.0	0.0	0.0	0.0	0.0	0.0	0.0	0.0	0.0	0.0
zh	0.0	0.0	0.0	0.0	0.0	0.0	0.0	0.0	0.0	0.0	0.0	0.0	0.0	0.0	0.0	0.0	0.0	0.0	0.0	0.0	0.0	0.0	0.0	0.0	0.0	0.0	0.0	0.0	0.0	0.0	0.0	0.0	0.0	0.0	0.0
