arz	bs	ceb	ckb	da	de	el	en	es	fr	he	hi	hu	id	it	ja	ko	lv	mk	ml	mr	nl	pl	pt	ro	ru	sh	si	simple	sr	sv	te	union	vi	war	zh
arz	1.0	0.1473150309149115	1.0	1.0	0.09886321416873521	0.0612276804346519	1.0	0.07240515151054515	0.07038668456720606	0.09520698827870994	1.0	1.0	0.7238150490403494	0.0686117390694083	0.04796097911939573	1.0	1.0	0.5719424910388765	1.0	1.0	1.0	0.05382402806978405	0.091364823772302	0.08945504409630306	0.32917014944465894	1.0	0.10580638867986661	1.0	0.13907047921898733	0.5107164002376252	0.08052889938120367	1.0	0.04398421003336304	1.0	1.0	1.0
bs	0.1473150309149115	1.0	0.1473150309149115	0.1473150309149115	0.09267851057909719	0.061509768175181424	0.1473150309149115	0.06896610867378869	0.06846322250397026	0.08645130163751967	0.1473150309149115	0.1473150309149115	0.14701964300612785	0.06816260399212458	0.04766326767876418	0.1473150309149115	0.1473150309149115	0.1462215686901143	0.1473150309149115	0.1473150309149115	0.1473150309149115	0.05371499337851934	0.08351161567958698	0.08261356541119509	0.1414201491662341	0.1473150309149115	0.10137193242190946	0.1473150309149115	0.11077188458660844	0.14607766293862495	0.07748032031568128	0.1473150309149115	0.0439363267670232	0.1473150309149115	0.1473150309149115	0.1473150309149115
ceb	1.0	0.1473150309149115	1.0	1.0	0.09886321416873521	0.0612276804346519	1.0	0.07240515151054515	0.07038668456720606	0.09520698827870994	1.0	1.0	0.7238150490403494	0.0686117390694083	0.04796097911939573	1.0	1.0	0.5719424910388765	1.0	1.0	1.0	0.05382402806978405	0.091364823772302	0.08945504409630306	0.32917014944465894	1.0	0.10580638867986661	1.0	0.13907047921898733	0.5107164002376252	0.08052889938120367	1.0	0.04398421003336304	1.0	1.0	1.0
ckb	1.0	0.1473150309149115	1.0	1.0	0.09886321416873521	0.0612276804346519	1.0	0.07240515151054515	0.07038668456720606	0.09520698827870994	1.0	1.0	0.7238150490403494	0.0686117390694083	0.04796097911939573	1.0	1.0	0.5719424910388765	1.0	1.0	1.0	0.05382402806978405	0.091364823772302	0.08945504409630306	0.32917014944465894	1.0	0.10580638867986661	1.0	0.13907047921898733	0.5107164002376252	0.08052889938120367	1.0	0.04398421003336304	1.0	1.0	1.0
da	0.09886321416873521	0.09267851057909719	0.09886321416873521	0.09886321416873521	1.0	0.06175704494671655	0.09886321416873521	0.06540426609722681	0.06432183121161913	0.07891229864343695	0.09886321416873521	0.09886321416873521	0.09888294711256386	0.06538863739776363	0.04777174398149539	0.09886321416873521	0.09886321416873521	0.09875094810922688	0.09886321416873521	0.09886321416873521	0.09886321416873521	0.054049536432182944	0.07318565681514437	0.07696505798159207	0.09762413284985377	0.09886321416873521	0.08412928907928945	0.09886321416873521	0.09090143436041195	0.09911083624972214	0.08195907670899037	0.09886321416873521	0.04384487949986383	0.09886321416873521	0.09886321416873521	0.09886321416873521
de	0.0612276804346519	0.061509768175181424	0.0612276804346519	0.0612276804346519	0.06175704494671655	1.0	0.0612276804346519	0.05513255255808604	0.05558171769904197	0.0600013165747612	0.0612276804346519	0.0612276804346519	0.06124903665094993	0.05464653413013496	0.04555946611326551	0.0612276804346519	0.0612276804346519	0.06118499166927737	0.0612276804346519	0.0612276804346519	0.0612276804346519	0.053517370069010396	0.05816818540599623	0.05862815169691189	0.06106448409703852	0.0612276804346519	0.0625905448410388	0.0612276804346519	0.06360094295496517	0.061452469024699	0.06132864489804241	0.0612276804346519	0.04113400991660581	0.0612276804346519	0.0612276804346519	0.0612276804346519
el	1.0	0.1473150309149115	1.0	1.0	0.09886321416873521	0.0612276804346519	1.0	0.07240515151054515	0.07038668456720606	0.09520698827870994	1.0	1.0	0.7238150490403494	0.0686117390694083	0.04796097911939573	1.0	1.0	0.5719424910388765	1.0	1.0	1.0	0.05382402806978405	0.091364823772302	0.08945504409630306	0.32917014944465894	1.0	0.10580638867986661	1.0	0.13907047921898733	0.5107164002376252	0.08052889938120367	1.0	0.04398421003336304	1.0	1.0	1.0
en	0.07240515151054515	0.06896610867378869	0.07240515151054515	0.07240515151054515	0.06540426609722681	0.05513255255808604	0.07240515151054515	1.0	0.05951456996182168	0.07032911185541871	0.07240515151054515	0.07240515151054515	0.07243718791069399	0.05803741096743794	0.049786435076337	0.07240515151054515	0.07240515151054515	0.07244039610730177	0.07240515151054515	0.07240515151054515	0.07240515151054515	0.05175056939409598	0.06309125433562135	0.06941898807245148	0.07211298744385687	0.07240515151054515	0.069169636487902	0.07240515151054515	0.06939213330165975	0.07255243229000265	0.06192217566379484	0.07240515151054515	0.04479510591366606	0.07240515151054515	0.07240515151054515	0.07240515151054515
es	0.07038668456720606	0.06846322250397026	0.07038668456720606	0.07038668456720606	0.06432183121161913	0.05558171769904197	0.07038668456720606	0.05951456996182168	1.0	0.06650523055289062	0.07038668456720606	0.07038668456720606	0.07043849400740844	0.059944033052296515	0.04781492885341828	0.07038668456720606	0.07038668456720606	0.07035356435291981	0.07038668456720606	0.07038668456720606	0.07038668456720606	0.05231568875615387	0.06378587200649596	0.06919854348797609	0.06981788998578992	0.07038668456720606	0.0676596477473591	0.07038668456720606	0.06666130146302285	0.0704674117088302	0.06203793877066939	0.07038668456720606	0.04254215911743061	0.07038668456720606	0.07038668456720606	0.07038668456720606
fr	0.09520698827870994	0.08645130163751967	0.09520698827870994	0.09520698827870994	0.07891229864343695	0.0600013165747612	0.09520698827870994	0.07032911185541871	0.06650523055289062	1.0	0.09520698827870994	0.09520698827870994	0.0952853255362082	0.0644298897138224	0.050432307341934636	0.09520698827870994	0.09520698827870994	0.09487328006972512	0.09520698827870994	0.09520698827870994	0.09520698827870994	0.054921037234700626	0.0749642439328144	0.07875593645084333	0.09423664433727894	0.09520698827870994	0.08177410010177057	0.09520698827870994	0.08731778067706245	0.09566492547532267	0.0721535380804277	0.09520698827870994	0.044175203015351786	0.09520698827870994	0.09520698827870994	0.09520698827870994
he	1.0	0.1473150309149115	1.0	1.0	0.09886321416873521	0.0612276804346519	1.0	0.07240515151054515	0.07038668456720606	0.09520698827870994	1.0	1.0	0.7238150490403494	0.0686117390694083	0.04796097911939573	1.0	1.0	0.5719424910388765	1.0	1.0	1.0	0.05382402806978405	0.091364823772302	0.08945504409630306	0.32917014944465894	1.0	0.10580638867986661	1.0	0.13907047921898733	0.5107164002376252	0.08052889938120367	1.0	0.04398421003336304	1.0	1.0	1.0
hi	1.0	0.1473150309149115	1.0	1.0	0.09886321416873521	0.0612276804346519	1.0	0.07240515151054515	0.07038668456720606	0.09520698827870994	1.0	1.0	0.7238150490403494	0.0686117390694083	0.04796097911939573	1.0	1.0	0.5719424910388765	1.0	1.0	1.0	0.05382402806978405	0.091364823772302	0.08945504409630306	0.32917014944465894	1.0	0.10580638867986661	1.0	0.13907047921898733	0.5107164002376252	0.08052889938120367	1.0	0.04398421003336304	1.0	1.0	1.0
hu	0.7238150490403494	0.14701964300612785	0.7238150490403494	0.7238150490403494	0.09888294711256386	0.06124903665094993	0.7238150490403494	0.07243718791069399	0.07043849400740844	0.0952853255362082	0.7238150490403494	0.7238150490403494	1.0	0.06859247597310306	0.04796374090936993	0.7238150490403494	0.7238150490403494	0.5433100122069114	0.7238150490403494	0.7238150490403494	0.7238150490403494	0.05388937596982963	0.09133406684445261	0.08973733668480648	0.32531608754359537	0.7238150490403494	0.10591103240868172	0.7238150490403494	0.13882130215495694	0.4977872036892227	0.08048647923637692	0.7238150490403494	0.04400287147367281	0.7238150490403494	0.7238150490403494	0.7238150490403494
id	0.0686117390694083	0.06816260399212458	0.0686117390694083	0.0686117390694083	0.06538863739776363	0.05464653413013496	0.0686117390694083	0.05803741096743794	0.059944033052296515	0.0644298897138224	0.0686117390694083	0.0686117390694083	0.06859247597310306	1.0	0.046967575253932616	0.0686117390694083	0.0686117390694083	0.06880342253265874	0.0686117390694083	0.0686117390694083	0.0686117390694083	0.05359523032810631	0.06106152710045677	0.06736207771995263	0.06819457887433053	0.0686117390694083	0.06904649174850468	0.0686117390694083	0.06781482807069851	0.06877544662232477	0.06358277986264702	0.0686117390694083	0.04154711526552175	0.0686117390694083	0.0686117390694083	0.0686117390694083
it	0.04796097911939573	0.04766326767876418	0.04796097911939573	0.04796097911939573	0.04777174398149539	0.04555946611326551	0.04796097911939573	0.049786435076337	0.04781492885341828	0.050432307341934636	0.04796097911939573	0.04796097911939573	0.04796374090936993	0.046967575253932616	1.0	0.04796097911939573	0.04796097911939573	0.04791691064242855	0.04796097911939573	0.04796097911939573	0.04796097911939573	0.047431051391509535	0.04691755750725336	0.04866518218959425	0.04791549527470722	0.04796097911939573	0.04942044560977681	0.04796097911939573	0.04805527465127411	0.04810087209588311	0.046767356919481945	0.04796097911939573	0.040680271929455385	0.04796097911939573	0.04796097911939573	0.04796097911939573
ja	1.0	0.1473150309149115	1.0	1.0	0.09886321416873521	0.0612276804346519	1.0	0.07240515151054515	0.07038668456720606	0.09520698827870994	1.0	1.0	0.7238150490403494	0.0686117390694083	0.04796097911939573	1.0	1.0	0.5719424910388765	1.0	1.0	1.0	0.05382402806978405	0.091364823772302	0.08945504409630306	0.32917014944465894	1.0	0.10580638867986661	1.0	0.13907047921898733	0.5107164002376252	0.08052889938120367	1.0	0.04398421003336304	1.0	1.0	1.0
ko	1.0	0.1473150309149115	1.0	1.0	0.09886321416873521	0.0612276804346519	1.0	0.07240515151054515	0.07038668456720606	0.09520698827870994	1.0	1.0	0.7238150490403494	0.0686117390694083	0.04796097911939573	1.0	1.0	0.5719424910388765	1.0	1.0	1.0	0.05382402806978405	0.091364823772302	0.08945504409630306	0.32917014944465894	1.0	0.10580638867986661	1.0	0.13907047921898733	0.5107164002376252	0.08052889938120367	1.0	0.04398421003336304	1.0	1.0	1.0
lv	0.5719424910388765	0.1462215686901143	0.5719424910388765	0.5719424910388765	0.09875094810922688	0.06118499166927737	0.5719424910388765	0.07244039610730177	0.07035356435291981	0.09487328006972512	0.5719424910388765	0.5719424910388765	0.5433100122069114	0.06880342253265874	0.04791691064242855	0.5719424910388765	0.5719424910388765	1.0	0.5719424910388765	0.5719424910388765	0.5719424910388765	0.05380431925052356	0.09115343913312504	0.08940717493723217	0.3152171498367233	0.5719424910388765	0.105359580257301	0.5719424910388765	0.13815105324663354	0.4509170973075538	0.0805168851794965	0.5719424910388765	0.04401254356926337	0.5719424910388765	0.5719424910388765	0.5719424910388765
mk	1.0	0.1473150309149115	1.0	1.0	0.09886321416873521	0.0612276804346519	1.0	0.07240515151054515	0.07038668456720606	0.09520698827870994	1.0	1.0	0.7238150490403494	0.0686117390694083	0.04796097911939573	1.0	1.0	0.5719424910388765	1.0	1.0	1.0	0.05382402806978405	0.091364823772302	0.08945504409630306	0.32917014944465894	1.0	0.10580638867986661	1.0	0.13907047921898733	0.5107164002376252	0.08052889938120367	1.0	0.04398421003336304	1.0	1.0	1.0
ml	1.0	0.1473150309149115	1.0	1.0	0.09886321416873521	0.0612276804346519	1.0	0.07240515151054515	0.07038668456720606	0.09520698827870994	1.0	1.0	0.7238150490403494	0.0686117390694083	0.04796097911939573	1.0	1.0	0.5719424910388765	1.0	1.0	1.0	0.05382402806978405	0.091364823772302	0.08945504409630306	0.32917014944465894	1.0	0.10580638867986661	1.0	0.13907047921898733	0.5107164002376252	0.08052889938120367	1.0	0.04398421003336304	1.0	1.0	1.0
mr	1.0	0.1473150309149115	1.0	1.0	0.09886321416873521	0.0612276804346519	1.0	0.07240515151054515	0.07038668456720606	0.09520698827870994	1.0	1.0	0.7238150490403494	0.0686117390694083	0.04796097911939573	1.0	1.0	0.5719424910388765	1.0	1.0	1.0	0.05382402806978405	0.091364823772302	0.08945504409630306	0.32917014944465894	1.0	0.10580638867986661	1.0	0.13907047921898733	0.5107164002376252	0.08052889938120367	1.0	0.04398421003336304	1.0	1.0	1.0
nl	0.05382402806978405	0.05371499337851934	0.05382402806978405	0.05382402806978405	0.054049536432182944	0.053517370069010396	0.05382402806978405	0.05175056939409598	0.05231568875615387	0.054921037234700626	0.05382402806978405	0.05382402806978405	0.05388937596982963	0.05359523032810631	0.047431051391509535	0.05382402806978405	0.05382402806978405	0.05380431925052356	0.05382402806978405	0.05382402806978405	0.05382402806978405	1.0	0.05128700381827828	0.05408537185571576	0.053653248822078455	0.05382402806978405	0.055679881031587025	0.05382402806978405	0.055790951699271445	0.054139716877224374	0.052757700564134286	0.05382402806978405	0.04060608394880832	0.05382402806978405	0.05382402806978405	0.05382402806978405
pl	0.091364823772302	0.08351161567958698	0.091364823772302	0.091364823772302	0.07318565681514437	0.05816818540599623	0.091364823772302	0.06309125433562135	0.06378587200649596	0.0749642439328144	0.091364823772302	0.091364823772302	0.09133406684445261	0.06106152710045677	0.04691755750725336	0.091364823772302	0.091364823772302	0.09115343913312504	0.091364823772302	0.091364823772302	0.091364823772302	0.05128700381827828	1.0	0.07124283952650684	0.09021787973671827	0.091364823772302	0.07753661173702554	0.091364823772302	0.08262634224317182	0.09117732946094488	0.06672354352603216	0.091364823772302	0.04297592255766712	0.091364823772302	0.091364823772302	0.091364823772302
pt	0.08945504409630306	0.08261356541119509	0.08945504409630306	0.08945504409630306	0.07696505798159207	0.05862815169691189	0.08945504409630306	0.06941898807245148	0.06919854348797609	0.07875593645084333	0.08945504409630306	0.08945504409630306	0.08973733668480648	0.06736207771995263	0.04866518218959425	0.08945504409630306	0.08945504409630306	0.08940717493723217	0.08945504409630306	0.08945504409630306	0.08945504409630306	0.05408537185571576	0.07124283952650684	1.0	0.08840238968383175	0.08945504409630306	0.07849712814715111	0.08945504409630306	0.08358905472107149	0.09022346073249242	0.0728673938372642	0.08945504409630306	0.044113938828746084	0.08945504409630306	0.08945504409630306	0.08945504409630306
ro	0.32917014944465894	0.1414201491662341	0.32917014944465894	0.32917014944465894	0.09762413284985377	0.06106448409703852	0.32917014944465894	0.07211298744385687	0.06981788998578992	0.09423664433727894	0.32917014944465894	0.32917014944465894	0.32531608754359537	0.06819457887433053	0.04791549527470722	0.32917014944465894	0.32917014944465894	0.3152171498367233	0.32917014944465894	0.32917014944465894	0.32917014944465894	0.053653248822078455	0.09021787973671827	0.08840238968383175	1.0	0.32917014944465894	0.10409777595839145	0.32917014944465894	0.13513139104330696	0.3075963337180109	0.08030835168597138	0.32917014944465894	0.04390944409224829	0.32917014944465894	0.32917014944465894	0.32917014944465894
ru	1.0	0.1473150309149115	1.0	1.0	0.09886321416873521	0.0612276804346519	1.0	0.07240515151054515	0.07038668456720606	0.09520698827870994	1.0	1.0	0.7238150490403494	0.0686117390694083	0.04796097911939573	1.0	1.0	0.5719424910388765	1.0	1.0	1.0	0.05382402806978405	0.091364823772302	0.08945504409630306	0.32917014944465894	1.0	0.10580638867986661	1.0	0.13907047921898733	0.5107164002376252	0.08052889938120367	1.0	0.04398421003336304	1.0	1.0	1.0
sh	0.10580638867986661	0.10137193242190946	0.10580638867986661	0.10580638867986661	0.08412928907928945	0.0625905448410388	0.10580638867986661	0.069169636487902	0.0676596477473591	0.08177410010177057	0.10580638867986661	0.10580638867986661	0.10591103240868172	0.06904649174850468	0.04942044560977681	0.10580638867986661	0.10580638867986661	0.105359580257301	0.10580638867986661	0.10580638867986661	0.10580638867986661	0.055679881031587025	0.07753661173702554	0.07849712814715111	0.10409777595839145	0.10580638867986661	1.0	0.10580638867986661	0.09891346772622098	0.10719535001440242	0.07427645830584023	0.10580638867986661	0.04346929621801973	0.10580638867986661	0.10580638867986661	0.10580638867986661
si	1.0	0.1473150309149115	1.0	1.0	0.09886321416873521	0.0612276804346519	1.0	0.07240515151054515	0.07038668456720606	0.09520698827870994	1.0	1.0	0.7238150490403494	0.0686117390694083	0.04796097911939573	1.0	1.0	0.5719424910388765	1.0	1.0	1.0	0.05382402806978405	0.091364823772302	0.08945504409630306	0.32917014944465894	1.0	0.10580638867986661	1.0	0.13907047921898733	0.5107164002376252	0.08052889938120367	1.0	0.04398421003336304	1.0	1.0	1.0
simple	0.13907047921898733	0.11077188458660844	0.13907047921898733	0.13907047921898733	0.09090143436041195	0.06360094295496517	0.13907047921898733	0.06939213330165975	0.06666130146302285	0.08731778067706245	0.13907047921898733	0.13907047921898733	0.13882130215495694	0.06781482807069851	0.04805527465127411	0.13907047921898733	0.13907047921898733	0.13815105324663354	0.13907047921898733	0.13907047921898733	0.13907047921898733	0.055790951699271445	0.08262634224317182	0.08358905472107149	0.13513139104330696	0.13907047921898733	0.09891346772622098	0.13907047921898733	1.0	0.1379437509608997	0.07975344544385407	0.13907047921898733	0.043918071005289605	0.13907047921898733	0.13907047921898733	0.13907047921898733
sr	0.5107164002376252	0.14607766293862495	0.5107164002376252	0.5107164002376252	0.09911083624972214	0.061452469024699	0.5107164002376252	0.07255243229000265	0.0704674117088302	0.09566492547532267	0.5107164002376252	0.5107164002376252	0.4977872036892227	0.06877544662232477	0.04810087209588311	0.5107164002376252	0.5107164002376252	0.4509170973075538	0.5107164002376252	0.5107164002376252	0.5107164002376252	0.054139716877224374	0.09117732946094488	0.09022346073249242	0.3075963337180109	0.5107164002376252	0.10719535001440242	0.5107164002376252	0.1379437509608997	1.0	0.08084294780454249	0.5107164002376252	0.0440043998907573	0.5107164002376252	0.5107164002376252	0.5107164002376252
sv	0.08052889938120367	0.07748032031568128	0.08052889938120367	0.08052889938120367	0.08195907670899037	0.06132864489804241	0.08052889938120367	0.06192217566379484	0.06203793877066939	0.0721535380804277	0.08052889938120367	0.08052889938120367	0.08048647923637692	0.06358277986264702	0.046767356919481945	0.08052889938120367	0.08052889938120367	0.0805168851794965	0.08052889938120367	0.08052889938120367	0.08052889938120367	0.052757700564134286	0.06672354352603216	0.0728673938372642	0.08030835168597138	0.08052889938120367	0.07427645830584023	0.08052889938120367	0.07975344544385407	0.08084294780454249	1.0	0.08052889938120367	0.04228145810439956	0.08052889938120367	0.08052889938120367	0.08052889938120367
te	1.0	0.1473150309149115	1.0	1.0	0.09886321416873521	0.0612276804346519	1.0	0.07240515151054515	0.07038668456720606	0.09520698827870994	1.0	1.0	0.7238150490403494	0.0686117390694083	0.04796097911939573	1.0	1.0	0.5719424910388765	1.0	1.0	1.0	0.05382402806978405	0.091364823772302	0.08945504409630306	0.32917014944465894	1.0	0.10580638867986661	1.0	0.13907047921898733	0.5107164002376252	0.08052889938120367	1.0	0.04398421003336304	1.0	1.0	1.0
union	0.04398421003336304	0.0439363267670232	0.04398421003336304	0.04398421003336304	0.04384487949986383	0.04113400991660581	0.04398421003336304	0.04479510591366606	0.04254215911743061	0.044175203015351786	0.04398421003336304	0.04398421003336304	0.04400287147367281	0.04154711526552175	0.040680271929455385	0.04398421003336304	0.04398421003336304	0.04401254356926337	0.04398421003336304	0.04398421003336304	0.04398421003336304	0.04060608394880832	0.04297592255766712	0.044113938828746084	0.04390944409224829	0.04398421003336304	0.04346929621801973	0.04398421003336304	0.043918071005289605	0.0440043998907573	0.04228145810439956	0.04398421003336304	1.0	0.04398421003336304	0.04398421003336304	0.04398421003336304
vi	1.0	0.1473150309149115	1.0	1.0	0.09886321416873521	0.0612276804346519	1.0	0.07240515151054515	0.07038668456720606	0.09520698827870994	1.0	1.0	0.7238150490403494	0.0686117390694083	0.04796097911939573	1.0	1.0	0.5719424910388765	1.0	1.0	1.0	0.05382402806978405	0.091364823772302	0.08945504409630306	0.32917014944465894	1.0	0.10580638867986661	1.0	0.13907047921898733	0.5107164002376252	0.08052889938120367	1.0	0.04398421003336304	1.0	1.0	1.0
war	1.0	0.1473150309149115	1.0	1.0	0.09886321416873521	0.0612276804346519	1.0	0.07240515151054515	0.07038668456720606	0.09520698827870994	1.0	1.0	0.7238150490403494	0.0686117390694083	0.04796097911939573	1.0	1.0	0.5719424910388765	1.0	1.0	1.0	0.05382402806978405	0.091364823772302	0.08945504409630306	0.32917014944465894	1.0	0.10580638867986661	1.0	0.13907047921898733	0.5107164002376252	0.08052889938120367	1.0	0.04398421003336304	1.0	1.0	1.0
zh	1.0	0.1473150309149115	1.0	1.0	0.09886321416873521	0.0612276804346519	1.0	0.07240515151054515	0.07038668456720606	0.09520698827870994	1.0	1.0	0.7238150490403494	0.0686117390694083	0.04796097911939573	1.0	1.0	0.5719424910388765	1.0	1.0	1.0	0.05382402806978405	0.091364823772302	0.08945504409630306	0.32917014944465894	1.0	0.10580638867986661	1.0	0.13907047921898733	0.5107164002376252	0.08052889938120367	1.0	0.04398421003336304	1.0	1.0	1.0
