arz	bs	ceb	ckb	da	de	el	en	es	fr	he	hi	hu	id	it	ja	ko	lv	mk	ml	mr	nl	pl	pt	ro	ru	sh	si	simple	sr	sv	te	vi	war	zh
arz	0.017253874267250308	0.03225806451612903	0.5	0.058823529411764705	0.02702702702702703	0.02	0.029412629757785465	0.0196078431372549	0.0196078431372549	0.02	0.02127659574468085	0.027777777777777776	0.027777777777777776	0.025	0.02040816326530612	0.02040816326530612	0.02040816326530612	0.037037037037037035	0.03225806451612903	0.041666666666666664	0.05000249999999999	0.02040816326530612	0.02040816326530612	0.02040816326530612	0.022727272727272728	0.02040816326530612	0.02564168310322156	0.05555555555555555	0.02564102564102564	0.021739130434782608	0.020833333333333332	0.047619047619047616	0.023809523809523808	0.07142857142857142	0.021739130434782608
bs	0.03225806451612903	0.004824183983902466	0.16666666666666666	0.019230769230769232	0.007575872359963269	0.005181373996617359	0.007633762601247013	0.004926253997913077	0.0051813471502590676	0.005154665745562759	0.006060679522497705	0.008196990056436442	0.008130279595478882	0.0064935486591330745	0.005347679373159084	0.0056819795971074375	0.006211295860499209	0.010526426592797785	0.009615569526627218	0.01190518707482993	0.02173960302457467	0.005347622179644828	0.005319177229515618	0.005235766563416573	0.008264599412608428	0.005319460162969669	0.006451737773152965	0.021277501131733816	0.007352941176470588	0.0060607162534435256	0.00552507554714447	0.019230769230769232	0.00662256041401693	0.027777777777777776	0.0057147428897959185
ceb	0.5	0.16666666666666666	0.125078140625	0.2	0.16666666666666666	0.125	0.14285714285714285	0.125	0.125	0.125	0.125	0.125	0.14285714285714285	0.125	0.14285714285714285	0.125	0.125	0.2	0.14285714285714285	0.14285714285714285	0.16666666666666666	0.14285714285714285	0.125	0.125	0.125	0.125	0.16666666666666666	0.16666666666666666	0.14285714285714285	0.125	0.14285714285714285	0.25	0.14285714285714285	0.16666666666666666	0.14285714285714285
ckb	0.058823529411764705	0.019230769230769232	0.2	0.009618714312407543	0.012987012987012988	0.01	0.013333511111111113	0.009708832123668583	0.009900990099009901	0.010101010101010102	0.010752688172043012	0.014705882352941176	0.014084507042253521	0.011494252873563218	0.01	0.010526315789473684	0.010869565217391304	0.014925373134328358	0.015873015873015872	0.017543859649122806	0.029411764705882353	0.010416666666666666	0.010309278350515464	0.01	0.012987012987012988	0.01020408163265306	0.013513513513513514	0.02702702702702703	0.012345831428135955	0.012195121951219513	0.010869565217391304	0.02631578947368421	0.011494252873563218	0.034482758620689655	0.010869565217391304
da	0.02702702702702703	0.007575872359963269	0.16666666666666666	0.012987012987012988	0.002000460279883511	0.0022321727519132653	0.004444562962962963	0.002079075561568285	0.0022075152649250274	0.0021882269007752007	0.0026385433128424335	0.0048543689320388345	0.003921599384851981	0.003344492790908379	0.0022624639135152844	0.0024510404652056898	0.0027548664708694757	0.005917264801652604	0.00588242214532872	0.007246429321571099	0.014492963663095989	0.0023148255315500682	0.002352946712802768	0.0022222814814814814	0.003968285462333082	0.002369780558612789	0.004273522536343049	0.016393711367911852	0.0035088211757463837	0.003257328990228013	0.0024155289563350365	0.013333333333333334	0.0034246927190842557	0.023809523809523808	0.0025642077580539124
de	0.02	0.005181373996617359	0.125	0.01	0.0022321727519132653	0.000362689897818103	0.002512575440014141	0.00040670477142749917	0.0005543329432991969	0.000548870314764899	0.0011441726144033847	0.0028653295128939827	0.0023866519329463834	0.0015873141849332322	0.0005797397202268425	0.0008741556746356784	0.0012820660765943456	0.004405325156707873	0.0038168375968766397	0.004807692307692308	0.01098901098901099	0.0007622026741894703	0.0005787120761531206	0.0006562007038740604	0.002325613845321795	0.0007102772136089224	0.0024570084938635305	0.011904903628117915	0.0020366806177176964	0.0014285877551020404	0.0009425434899055801	0.008403361344537815	0.0015923769777678605	0.022222222222222223	0.0010953406400669883
el	0.029412629757785465	0.007633762601247013	0.14285714285714285	0.013333511111111113	0.004444562962962963	0.002512575440014141	0.0022434043969083656	0.0022884918599353817	0.002457020567585678	0.0024876426326081035	0.00303037650137741	0.004762108843537415	0.004629758230452675	0.0035212135488990274	0.0025908145185105634	0.0027028341855368882	0.0030770272378698223	0.005952416383219955	0.005681915030991736	0.007874139748279498	0.014085300535608013	0.002702717311906501	0.0025974160904031034	0.0025190376310997467	0.0040985118415748445	0.0026811448439937034	0.004587198047302416	0.015873015873015872	0.003876074154197465	0.003533593876812047	0.002809083456957778	0.012345679012345678	0.0035714923469387753	0.023255813953488372	0.0028987943709304765
en	0.0196078431372549	0.004926253997913077	0.125	0.009708832123668583	0.002079075561568285	0.00040670477142749917	0.0022884918599353817	0.0002137565312603112	0.0004393958844259346	0.0004339302228060288	0.000994101006288313	0.0025446587611444556	0.0022422680980916567	0.0014124852393150114	0.0004573707580038694	0.0007311528841181903	0.001128752250966883	0.00411532794797541	0.0035337187379040815	0.0043862149892274545	0.010526759002770083	0.0006592309809854385	0.0004784986634923647	0.0005212525047199503	0.0021787062003692783	0.0005629128275558194	0.0022076176142420702	0.011363894628099173	0.0017699992262510764	0.001243852259226256	0.0008238725291736436	0.008	0.0013532404064319074	0.022222222222222223	0.0008875571434185051
es	0.0196078431372549	0.0051813471502590676	0.125	0.009900990099009901	0.0022075152649250274	0.0005543329432991969	0.002457020567585678	0.0004393958844259346	0.00042452087476311644	0.0005714514292244893	0.0011160901128029334	0.00275485129279269	0.002352979930795848	0.0015408415459602423	0.0005865381298750437	0.000866587924151996	0.0012376559283403586	0.004219498299773896	0.003676524653979239	0.004545537190082645	0.010752803792345937	0.0007734035789117317	0.0006222841186795943	0.0006250312511718746	0.002320190998110475	0.0007194669049226225	0.002369685092428292	0.011628312601406163	0.001968546565968132	0.0013831335166022928	0.0009354799490007093	0.008333333333333333	0.0014992683568260845	0.022222222222222223	0.0010384787533333545
fr	0.02	0.005154665745562759	0.125	0.010101010101010102	0.0021882269007752007	0.000548870314764899	0.0024876426326081035	0.0004339302228060288	0.0005714514292244893	0.0003977547972895518	0.0011325425906996245	0.002816996635588177	0.0023810374206349205	0.0015772995054185032	0.0006021328751359673	0.0008796134568511456	0.001250081253124999	0.004273613850536927	0.003676632785467128	0.0046297153635116595	0.010869565217391304	0.0007716263717421121	0.0006357525628160197	0.0006584201739580402	0.0022883818839706965	0.0007430508054275621	0.002409708253737843	0.011764982698961937	0.001938033325070609	0.001443061830425466	0.0009329289443640001	0.00847479172651537	0.0015267735050404985	0.022222222222222223	0.0010777476346541493
he	0.02127659574468085	0.006060679522497705	0.125	0.010752688172043012	0.0026385433128424335	0.0011441726144033847	0.00303037650137741	0.000994101006288313	0.0011160901128029334	0.0011325425906996245	0.0009842725553255857	0.003378458272461651	0.002949878612264077	0.0021141872533288037	0.0011601466427290975	0.0013889776273148143	0.0016750839709463003	0.004807738535502959	0.004255409687641467	0.005649877110664241	0.011765121107266433	0.0012886747396110105	0.0012048381492233992	0.0011534783733698369	0.0028248826965431395	0.0012854197401550342	0.0029070189967550027	0.0125	0.002358529503381986	0.0019455782827900495	0.0013889313271604933	0.009259259259259259	0.002008088579216464	0.023809523809523808	0.0015315272543496967
hi	0.027777777777777776	0.008196990056436442	0.125	0.014705882352941176	0.0048543689320388345	0.0028653295128939827	0.004762108843537415	0.0025446587611444556	0.00275485129279269	0.002816996635588177	0.003378458272461651	0.0025293018546763825	0.005076322502512304	0.0036232409157739972	0.002949948225302599	0.003030440789715335	0.00334455990425163	0.006578990650969529	0.006451737773152965	0.0068027673654495815	0.012987350312025636	0.003039578348315333	0.0030120754100740306	0.0028012224576183494	0.004629758230452675	0.003021266700742052	0.005025302391353754	0.014492753623188406	0.0041153110128876015	0.0038610783977579342	0.0031747845905769714	0.010869565217391304	0.003584255084081653	0.024390838786436643	0.0031748148551272357
hu	0.027777777777777776	0.008130279595478882	0.14285714285714285	0.014084507042253521	0.003921599384851981	0.0023866519329463834	0.004629758230452675	0.0022422680980916567	0.002352979930795848	0.0023810374206349205	0.002949878612264077	0.005076322502512304	0.002192987451972299	0.0035211515572307083	0.0024876488205737477	0.0027933741144159046	0.0031250390624999996	0.006369426751592357	0.006097709696609161	0.00775199807703864	0.014084507042253521	0.0025510594543940025	0.002445017664887226	0.002398179309795335	0.00416671875	0.0025317673578016406	0.004566314297033006	0.01639344262295082	0.003984143108839542	0.003401406821231894	0.002793397545340345	0.011627906976744186	0.0035461495900608615	0.024390243902439025	0.0028902903538374153
id	0.025	0.0064935486591330745	0.125	0.011494252873563218	0.003344492790908379	0.0015873141849332322	0.0035212135488990274	0.0014124852393150114	0.0015408415459602423	0.0015772995054185032	0.0021141872533288037	0.0036232409157739972	0.0035211515572307083	0.0013740849896796525	0.0016103267054073606	0.0018904234904820953	0.002227245911488544	0.005347650776401956	0.004975272914036782	0.005848090010601553	0.012048773406880533	0.0017301247590426356	0.0016978130467743373	0.0015699055373870354	0.003355704697986577	0.0016921246789833968	0.0033784240321402485	0.013158067867036011	0.0030211845455956044	0.0024154589371980675	0.0018797416473514612	0.009900990099009901	0.0024038634892751473	0.023255813953488372	0.0020704662457295456
it	0.02040816326530612	0.005347679373159084	0.14285714285714285	0.01	0.0022624639135152844	0.0005797397202268425	0.0025908145185105634	0.0004573707580038694	0.0005865381298750437	0.0006021328751359673	0.0011601466427290975	0.002949948225302599	0.0024876488205737477	0.0016103267054073606	0.0004421842853847537	0.0009125503065285507	0.0013004915829755422	0.004347996219281664	0.0038024114849137623	0.004694923846679451	0.011494781344959702	0.0007943234471929188	0.0006574937528123686	0.0006515825322331269	0.002409702424154449	0.0007560230511035362	0.002451082516339869	0.012658227848101266	0.002032623603675061	0.0014556464513559148	0.000982460141812791	0.008695727788279773	0.0016078100955325108	0.022727272727272728	0.0010848304838145416
ja	0.02040816326530612	0.0056819795971074375	0.125	0.010526315789473684	0.0024510404652056898	0.0008741556746356784	0.0027028341855368882	0.0007311528841181903	0.000866587924151996	0.0008796134568511456	0.0013889776273148143	0.003030440789715335	0.0027933741144159046	0.0018904234904820953	0.0009125503065285507	0.0007192128695775912	0.0014307318323130726	0.0046297582304526755	0.004081865905872553	0.004975322393010074	0.01087015595463138	0.0010787928721130084	0.0009506119088753629	0.000924375027763161	0.002702790357925493	0.001044050583823297	0.0027474187900012074	0.011904903628117915	0.002150676388021736	0.0017730905135556559	0.0011864028711797239	0.008772160664819943	0.0018084032876730246	0.022222222222222223	0.001280663888353519
ko	0.02040816326530612	0.006211295860499209	0.125	0.010869565217391304	0.0027548664708694757	0.0012820660765943456	0.0030770272378698223	0.001128752250966883	0.0012376559283403586	0.001250081253124999	0.0016750839709463003	0.00334455990425163	0.0031250390624999996	0.002227245911488544	0.0013004915829755422	0.0014307318323130726	0.0011256085719379728	0.0050762709938674275	0.0046512709572742025	0.005494626252868011	0.011363894628099173	0.0014326791241451218	0.001373654676367588	0.0012788770465263827	0.0028902318904741224	0.0013851700896248486	0.0029762701955782307	0.0125	0.0023866861091016794	0.002040874639733444	0.0015314944173317156	0.009708737864077669	0.0020576555064438008	0.022727272727272728	0.0016209662296572788
lv	0.037037037037037035	0.010526426592797785	0.2	0.014925373134328358	0.005917264801652604	0.004405325156707873	0.005952416383219955	0.00411532794797541	0.004219498299773896	0.004273613850536927	0.004807738535502959	0.006578990650969529	0.006369426751592357	0.005347650776401956	0.004347996219281664	0.0046297582304526755	0.0050762709938674275	0.004123932213463619	0.007692366863905326	0.00884963583679223	0.015873015873015872	0.004464325573979592	0.004366869434221316	0.004291992853064157	0.00584798741493109	0.004504626247869491	0.0065360331496433	0.017544475223145582	0.00588242214532872	0.005347622179644828	0.004694923846679451	0.015625	0.005102092877967514	0.025	0.004831034563233681
mk	0.03225806451612903	0.009615569526627218	0.14285714285714285	0.015873015873015872	0.00588242214532872	0.0038168375968766397	0.005681915030991736	0.0035337187379040815	0.003676524653979239	0.003676632785467128	0.004255409687641467	0.006451737773152965	0.006097709696609161	0.004975272914036782	0.0038024114849137623	0.004081865905872553	0.0046512709572742025	0.007692366863905326	0.0034768085247499623	0.009709020642850409	0.01851920438957476	0.0039841113633116935	0.003937069874139749	0.0037039369135802467	0.005347622179644828	0.003937131874263749	0.0060607162534435256	0.018518861454046638	0.005376488611400162	0.004784711888464092	0.004000144000000001	0.016949439816144784	0.004762018140589569	0.02631578947368421	0.004219587316847371
ml	0.041666666666666664	0.01190518707482993	0.14285714285714285	0.017543859649122806	0.007246429321571099	0.004807692307692308	0.007874139748279498	0.0043862149892274545	0.004545537190082645	0.0046297153635116595	0.005649877110664241	0.0068027673654495815	0.00775199807703864	0.005848090010601553	0.004694923846679451	0.004975322393010074	0.005494626252868011	0.00884963583679223	0.009709020642850409	0.004361839433468023	0.016666666666666666	0.004975198633697185	0.004950544064307421	0.004695034054089797	0.006711454438989235	0.004926205440559102	0.007299483190367094	0.018182479338842972	0.006451779396462018	0.006289387286895297	0.005263296398891967	0.014084507042253521	0.005813987290427258	0.024390243902439025	0.0053194318979176095
mr	0.05000249999999999	0.02173960302457467	0.16666666666666666	0.029411764705882353	0.014492963663095989	0.01098901098901099	0.014085300535608013	0.010526759002770083	0.010752803792345937	0.010869565217391304	0.011765121107266433	0.012987350312025636	0.014084507042253521	0.012048773406880533	0.011494781344959702	0.01087015595463138	0.011363894628099173	0.015873015873015872	0.01851920438957476	0.016666666666666666	0.010561557612410948	0.011363894628099173	0.011363765495867768	0.011111728395061728	0.013513696128560994	0.01149451710926146	0.014925818667854755	0.029412629757785465	0.012048192771084338	0.01282051282051282	0.011494649227110581	0.020408996251561846	0.011235955056179775	0.03225806451612903	0.010990218814394638
nl	0.02040816326530612	0.005347622179644828	0.14285714285714285	0.010416666666666666	0.0023148255315500682	0.0007622026741894703	0.002702717311906501	0.0006592309809854385	0.0007734035789117317	0.0007716263717421121	0.0012886747396110105	0.003039578348315333	0.0025510594543940025	0.0017301247590426356	0.0007943234471929188	0.0010787928721130084	0.0014326791241451218	0.004464325573979592	0.0039841113633116935	0.004975198633697185	0.011363894628099173	0.0006350507720742939	0.0008474626544096523	0.0008467723143965163	0.002557577462209169	0.0009225415639765248	0.0025839993590128793	0.012345831428135955	0.002136784096719994	0.001607735135079248	0.0010764679800843754	0.008695652173913044	0.0017482731429409749	0.022222222222222223	0.0012532035037499775
pl	0.02040816326530612	0.005319177229515618	0.125	0.010309278350515464	0.002352946712802768	0.0005787120761531206	0.0025974160904031034	0.0004784986634923647	0.0006222841186795943	0.0006357525628160197	0.0012048381492233992	0.0030120754100740306	0.002445017664887226	0.0016978130467743373	0.0006574937528123686	0.0009506119088753629	0.001373654676367588	0.004366869434221316	0.003937069874139749	0.004950544064307421	0.011363765495867768	0.0008474626544096523	0.00045050571231825405	0.000723104489543255	0.002475265905303401	0.0007943247102204865	0.0025000375	0.012195121951219513	0.0021186620224073545	0.0014903373970828952	0.0010416959635416662	0.008771929824561403	0.0016778748705013286	0.022727272727272728	0.0011481781316867918
pt	0.02040816326530612	0.005235766563416573	0.125	0.01	0.0022222814814814814	0.0006562007038740604	0.0025190376310997467	0.0005212525047199503	0.0006250312511718746	0.0006584201739580402	0.0011534783733698369	0.0028012224576183494	0.002398179309795335	0.0015699055373870354	0.0006515825322331269	0.000924375027763161	0.0012788770465263827	0.004291992853064157	0.0037039369135802467	0.004695034054089797	0.011111728395061728	0.0008467723143965163	0.000723104489543255	0.0005126488781934996	0.002283167578866162	0.000788191019917899	0.002381048758503401	0.011765121107266433	0.001957065885164349	0.0014663337088604326	0.0009873071726031473	0.008474648089629418	0.0015362115757159601	0.022727272727272728	0.001093143473994453
ro	0.022727272727272728	0.008264599412608428	0.125	0.012987012987012988	0.003968285462333082	0.002325613845321795	0.0040985118415748445	0.0021787062003692783	0.002320190998110475	0.0022883818839706965	0.0028248826965431395	0.004629758230452675	0.00416671875	0.003355704697986577	0.002409702424154449	0.002702790357925493	0.0028902318904741224	0.00584798741493109	0.005347622179644828	0.006711454438989235	0.013513696128560994	0.002557577462209169	0.002475265905303401	0.002283167578866162	0.0021199060573056563	0.002433184743163964	0.00432904180956129	0.015384615384615385	0.003717513577755974	0.003125048828125	0.0026738754325259517	0.012345831428135955	0.0033003736017166076	0.023809523809523808	0.002817004562586788
ru	0.02040816326530612	0.005319460162969669	0.125	0.01020408163265306	0.002369780558612789	0.0007102772136089224	0.0026811448439937034	0.0005629128275558194	0.0007194669049226225	0.0007430508054275621	0.0012854197401550342	0.003021266700742052	0.0025317673578016406	0.0016921246789833968	0.0007560230511035362	0.001044050583823297	0.0013851700896248486	0.004504626247869491	0.003937131874263749	0.004926205440559102	0.01149451710926146	0.0009225415639765248	0.0007943247102204865	0.000788191019917899	0.002433184743163964	0.0005316349044255854	0.0025001249999999997	0.011905187074829932	0.002164647406345458	0.001512927970960425	0.0011027352285190905	0.00854708159836365	0.0016893004787966806	0.022222222222222223	0.001239443060976686
sh	0.02564168310322156	0.006451737773152965	0.16666666666666666	0.013513513513513514	0.004273522536343049	0.0024570084938635305	0.004587198047302416	0.0022076176142420702	0.002369685092428292	0.002409708253737843	0.0029070189967550027	0.005025302391353754	0.004566314297033006	0.0033784240321402485	0.002451082516339869	0.0027474187900012074	0.0029762701955782307	0.0065360331496433	0.0060607162534435256	0.007299483190367094	0.014925818667854755	0.0025839993590128793	0.0025000375	0.002381048758503401	0.00432904180956129	0.0025001249999999997	0.0021422865177771894	0.014925373134328358	0.0038168375968766397	0.0024155172816168404	0.002710115231233613	0.012048337930033388	0.003484381259940026	0.023809523809523808	0.002907204924959437
si	0.05555555555555555	0.021277501131733816	0.16666666666666666	0.02702702702702703	0.016393711367911852	0.011904903628117915	0.015873015873015872	0.011363894628099173	0.011628312601406163	0.011764982698961937	0.0125	0.014492753623188406	0.01639344262295082	0.013158067867036011	0.012658227848101266	0.011904903628117915	0.0125	0.017544475223145582	0.018518861454046638	0.018182479338842972	0.029412629757785465	0.012345831428135955	0.012195121951219513	0.011765121107266433	0.015384615384615385	0.011905187074829932	0.014925373134328358	0.01138692752239809	0.013333511111111113	0.013157894736842105	0.01250015625	0.027778549382716046	0.01282051282051282	0.03571428571428571	0.011765121107266433
simple	0.02564102564102564	0.007352941176470588	0.14285714285714285	0.012345831428135955	0.0035088211757463837	0.0020366806177176964	0.003876074154197465	0.0017699992262510764	0.001968546565968132	0.001938033325070609	0.002358529503381986	0.0041153110128876015	0.003984143108839542	0.0030211845455956044	0.002032623603675061	0.002150676388021736	0.0023866861091016794	0.00588242214532872	0.005376488611400162	0.006451779396462018	0.012048192771084338	0.002136784096719994	0.0021186620224073545	0.001957065885164349	0.003717513577755974	0.002164647406345458	0.0038168375968766397	0.013333511111111113	0.0017571697568671736	0.0029673766608845726	0.002242258038569044	0.01098901098901099	0.0028090834569498794	0.023255813953488372	0.0022677433888143314
sr	0.021739130434782608	0.0060607162534435256	0.125	0.012195121951219513	0.003257328990228013	0.0014285877551020404	0.003533593876812047	0.001243852259226256	0.0013831335166022928	0.001443061830425466	0.0019455782827900495	0.0038610783977579342	0.003401406821231894	0.0024154589371980675	0.0014556464513559148	0.0017730905135556559	0.002040874639733444	0.005347622179644828	0.004784711888464092	0.006289387286895297	0.01282051282051282	0.001607735135079248	0.0014903373970828952	0.0014663337088604326	0.003125048828125	0.001512927970960425	0.0024155172816168404	0.013157894736842105	0.0029673766608845726	0.001214729012500666	0.00178578762755102	0.01020408163265306	0.0025380968396505965	0.023255813953488372	0.0019121592262612002
sv	0.020833333333333332	0.00552507554714447	0.14285714285714285	0.010869565217391304	0.0024155289563350365	0.0009425434899055801	0.002809083456957778	0.0008238725291736436	0.0009354799490007093	0.0009329289443640001	0.0013889313271604933	0.0031747845905769714	0.002793397545340345	0.0018797416473514612	0.000982460141812791	0.0011864028711797239	0.0015314944173317156	0.004694923846679451	0.004000144000000001	0.005263296398891967	0.011494649227110581	0.0010764679800843754	0.0010416959635416662	0.0009873071726031473	0.0026738754325259517	0.0011027352285190905	0.002710115231233613	0.01250015625	0.002242258038569044	0.00178578762755102	0.0008127802917333176	0.00925934499314129	0.0019194852767268015	0.022222222222222223	0.0014067052130475283
te	0.047619047619047616	0.019230769230769232	0.25	0.02631578947368421	0.013333333333333334	0.008403361344537815	0.012345679012345678	0.008	0.008333333333333333	0.00847479172651537	0.009259259259259259	0.010869565217391304	0.011627906976744186	0.009900990099009901	0.008695727788279773	0.008772160664819943	0.009708737864077669	0.015625	0.016949439816144784	0.014084507042253521	0.020408996251561846	0.008695652173913044	0.008771929824561403	0.008474648089629418	0.012345831428135955	0.00854708159836365	0.012048337930033388	0.027778549382716046	0.01098901098901099	0.01020408163265306	0.00925934499314129	0.00800762323994497	0.009900990099009901	0.04	0.008849792466128905
vi	0.023809523809523808	0.00662256041401693	0.14285714285714285	0.011494252873563218	0.0034246927190842557	0.0015923769777678605	0.0035714923469387753	0.0013532404064319074	0.0014992683568260845	0.0015267735050404985	0.002008088579216464	0.003584255084081653	0.0035461495900608615	0.0024038634892751473	0.0016078100955325108	0.0018084032876730246	0.0020576555064438008	0.005102092877967514	0.004762018140589569	0.005813987290427258	0.011235955056179775	0.0017482731429409749	0.0016778748705013286	0.0015362115757159601	0.0033003736017166076	0.0016893004787966806	0.003484381259940026	0.01282051282051282	0.0028090834569498794	0.0025380968396505965	0.0019194852767268015	0.009900990099009901	0.0013527129125398823	0.022727272727272728	0.0018976808435561283
war	0.07142857142857142	0.027777777777777776	0.16666666666666666	0.034482758620689655	0.023809523809523808	0.022222222222222223	0.023255813953488372	0.022222222222222223	0.022222222222222223	0.022222222222222223	0.023809523809523808	0.024390838786436643	0.024390243902439025	0.023255813953488372	0.022727272727272728	0.022222222222222223	0.022727272727272728	0.025	0.02631578947368421	0.024390243902439025	0.03225806451612903	0.022222222222222223	0.022727272727272728	0.022727272727272728	0.023809523809523808	0.022222222222222223	0.023809523809523808	0.03571428571428571	0.023255813953488372	0.023255813953488372	0.022222222222222223	0.04	0.022727272727272728	0.022223703703703704	0.022222222222222223
zh	0.021739130434782608	0.0057147428897959185	0.14285714285714285	0.010869565217391304	0.0025642077580539124	0.0010953406400669883	0.0028987943709304765	0.0008875571434185051	0.0010384787533333545	0.0010777476346541493	0.0015315272543496967	0.0031748148551272357	0.0028902903538374153	0.0020704662457295456	0.0010848304838145416	0.001280663888353519	0.0016209662296572788	0.004831034563233681	0.004219587316847371	0.0053194318979176095	0.010990218814394638	0.0012532035037499775	0.0011481781316867918	0.001093143473994453	0.002817004562586788	0.001239443060976686	0.002907204924959437	0.011765121107266433	0.0022677433888143314	0.0019121592262612002	0.0014067052130475283	0.008849792466128905	0.0018976808435561283	0.022222222222222223	0.0008976089156875488
