arz	bs	ceb	ckb	da	de	el	en	es	fr	he	hi	hu	id	it	ja	ko	lv	mk	ml	mr	nl	pl	pt	ro	ru	sh	si	simple	sr	sv	te	vi	war	zh
arz	1.0	0.7863954451402115	0.0	1.0	1.0	1.0	1.0	1.0	1.0	1.0	1.0	1.0	0.5020797777427737	1.0	1.0	1.0	1.0	1.0	1.0	1.0	1.0	1.0	1.0	1.0	1.0	1.0	1.0	1.0	1.0	1.0	1.0	1.0	0.7863954451402115	1.0	1.0
bs	0.7863954451402115	1.0	1.0	0.5846701681620469	0.33878486535936053	0.3769705441173631	0.4501046155546222	0.3591837022397544	0.3865893187298826	0.35940740932852666	0.38282739184170683	0.4605436413124262	0.4064371378056888	0.2779096373661117	0.3463438607382429	0.3930306480718811	0.38137721264797303	0.41995743498678734	0.47588184871186345	0.45876167248967725	0.6380732827477678	0.452280579888298	0.3892823535717806	0.38848921879246495	0.35597742748964895	0.401232178182809	0.3591873873253868	0.6983438190355966	0.42855207596838035	0.3059213570849491	0.3205869038554906	0.6427811771228706	0.41034430487431295	0.5963643545207591	0.3982778445266489
ceb	0.0	1.0	1.0	1.0	1.0	1.0	1.0	1.0	1.0	1.0	1.0	1.0	1.0	1.0	1.0	1.0	1.0	1.0	1.0	1.0	1.0	1.0	1.0	1.0	1.0	1.0	1.0	1.0	1.0	1.0	1.0	1.0	1.0	1.0	1.0
ckb	1.0	0.5846701681620469	1.0	1.0	0.6841174893561722	1.0	1.0	0.7376607345031153	1.0	0.7376607345031153	1.0	1.0	0.42489828324440815	0.30614750350291403	1.0	1.0	1.0	1.0	1.0	1.0	1.0	0.7376607345031153	0.7376607345031153	0.7376607345031153	0.7942219112853846	1.0	0.7942219112853846	1.0	1.0	0.41055547717987523	0.6841174893561723	1.0	0.6841174893561722	0.6467936504043927	1.0
da	1.0	0.33878486535936053	1.0	0.6841174893561722	1.0	0.3274368769464903	0.47625225678021016	0.3602059702380138	0.40730033532968557	0.3020379037939674	0.37086916730221214	0.45881806618893584	0.4447238774410051	0.20090780086075674	0.35001409596400707	0.43002922492880524	0.399820686128804	0.40248579097234616	0.5889308832557032	0.521074003963799	0.5938656299832471	0.3646252837591053	0.29816274865500936	0.2943193915944719	0.37108117722182116	0.3598426080383868	0.2694319783232205	1.0	0.36648422651326634	0.31500846490656387	0.3081633705768142	0.7510341748895939	0.29567408594414274	0.5875312393961631	0.4055547649490823
de	1.0	0.3769705441173631	1.0	1.0	0.3274368769464903	1.0	0.48892044295575315	0.14848054177321773	0.1724506819566604	0.16418094965941382	0.4150417799443321	0.47645296193788844	0.3647084600477166	0.169758261217599	0.1815161993164559	0.2393675220062455	0.3535497368718227	0.5702135653793616	0.6568318202362041	0.6549329476340925	0.7347168825662656	0.19705096188298166	0.19473501973028287	0.20103853287354564	0.23720931096176148	0.2732059749965936	0.18635703631873501	1.0	0.3879984793793393	0.22320630549846748	0.21627383836555641	1.0	0.2416771430982202	0.7510341748895938	0.26148210628530666
el	1.0	0.4501046155546222	1.0	1.0	0.47625225678021016	0.48892044295575315	1.0	0.5704766118219916	1.0	0.6011455215697226	0.7210092110599263	1.0	0.4027278147937851	0.34207279706102545	0.4640373766394138	1.0	1.0	1.0	1.0	1.0	1.0	0.5201728014333724	0.4512842811125545	0.5513682580936836	0.5019713963370086	1.0	0.42697717056789913	1.0	0.5045929157689796	0.372940067916543	0.3798144924656429	1.0	0.5461801650210423	0.6391906500312812	1.0
en	1.0	0.3591837022397544	1.0	0.7376607345031153	0.3602059702380138	0.14848054177321773	0.5704766118219916	1.0	0.14328540425184122	0.12536453129681183	0.4247633005685635	0.6052104383549939	0.3620735537895155	0.17945145686339198	0.16229918083689704	0.19676211431259538	0.4155129608254288	0.5788665982977527	0.6568318202362041	0.6143589292419387	0.7347168825662656	0.19553040117745105	0.15580486856747236	0.1442253517783468	0.2209627200214742	0.31943372794140823	0.1807857392569624	0.7510341748895939	0.33414540956709254	0.16408054209617698	0.23966452025143795	0.8055567530094857	0.25466939641674224	0.678408493830227	0.2741547918343191
es	1.0	0.3865893187298826	1.0	1.0	0.40730033532968557	0.1724506819566604	1.0	0.14328540425184122	1.0	0.16135614473125387	0.5531939326380242	0.6067636116293127	0.3549494874261075	0.2136893957056509	0.1705838367826545	0.2850109271225593	0.5255643638808323	0.5550971634808212	0.7221793916855703	0.6167131210802118	1.0	0.19634355997163608	0.1976576053447416	0.18653752474961163	0.2799673788096526	0.2836999823805072	0.21980256382597269	1.0	0.27604721031125123	0.24547214480752966	0.2894630858683642	1.0	0.2369686178337893	0.6391906500312812	0.28945818078139596
fr	1.0	0.35940740932852666	1.0	0.7376607345031153	0.3020379037939674	0.16418094965941382	0.6011455215697226	0.12536453129681183	0.16135614473125387	1.0	0.35926356194364484	0.40929798041524657	0.3859247586447354	0.16925381037404483	0.16321209098660444	0.22053106063293898	0.38107541767517383	0.4912231725205549	0.7221793916855703	0.7199285383279772	1.0	0.20109117402773874	0.14902415954826453	0.1937744157957896	0.2486657605743265	0.2547175558104909	0.18583240884361316	1.0	0.3633683543997179	0.16993831374310192	0.20526556051559255	0.7455134344225701	0.24148429107153596	0.586705151825871	0.2535335212472157
he	1.0	0.38282739184170683	1.0	1.0	0.37086916730221214	0.4150417799443321	0.7210092110599263	0.4247633005685635	0.5531939326380242	0.35926356194364484	1.0	0.7171176902274348	0.5439464804191675	0.21344509794364994	0.30322525353809526	0.7091953875376781	0.7116768074483949	0.5784748068108825	0.7248485669756151	0.6568318202362041	1.0	0.37520521066222745	0.3277996143028465	0.3456150674061613	0.4809926256532765	0.7096516635440987	0.33986187430084824	1.0	0.3998935958222851	0.3052476135033527	0.34202193321849106	1.0	0.3871360748862138	0.6391906500312812	0.7101264857596848
hi	1.0	0.4605436413124262	1.0	1.0	0.45881806618893584	0.47645296193788844	1.0	0.6052104383549939	0.6067636116293127	0.40929798041524657	0.7171176902274348	1.0	0.6504728352748487	0.2303991324416662	0.5274718044308477	1.0	1.0	0.6928997443627297	1.0	1.0	1.0	0.48226673077695204	0.6487871090048527	0.7171176902274347	0.6103965619995801	1.0	0.44456669759721523	1.0	0.49462539778548725	0.36472699857802526	0.5371655301689322	1.0	0.5311336304434713	0.6467936504043927	1.0
hu	0.5020797777427737	0.4064371378056888	1.0	0.42489828324440815	0.4447238774410051	0.3647084600477166	0.4027278147937851	0.3620735537895155	0.3549494874261075	0.3859247586447354	0.5439464804191675	0.6504728352748487	1.0	0.2535293247737132	0.2797132369119187	0.3698396321780151	0.6053368935022319	0.5590937985852733	0.728099120889861	0.6542929874894599	0.7362033637659952	0.320630251054242	0.3449663624711028	0.35142688114555776	0.2721409290156598	0.36755483782639203	0.3765520429372007	1.0	0.5075067588234448	0.30240919187958853	0.33075798875532797	0.7262876433102552	0.4626970856926965	0.4195719298829873	0.3641688838363011
id	1.0	0.2779096373661117	1.0	0.30614750350291403	0.20090780086075674	0.169758261217599	0.34207279706102545	0.17945145686339198	0.2136893957056509	0.16925381037404483	0.21344509794364994	0.2303991324416662	0.2535293247737132	1.0	0.16544497786178602	0.20597675031064858	0.2241740424320887	0.24068764995766712	0.29081080378843205	0.25651295584675854	0.33252993972938716	0.17001724532779885	0.1953830494555926	0.17350334418956748	0.19373714573114828	0.1852048526039355	0.19950931411659184	0.7510341748895938	0.20134397381080937	0.2167627037672773	0.1867095152023507	0.74551343442257	0.19185504761254846	0.596423775388198	0.21074403202574338
it	1.0	0.3463438607382429	1.0	1.0	0.35001409596400707	0.1815161993164559	0.4640373766394138	0.16229918083689704	0.1705838367826545	0.16321209098660444	0.30322525353809526	0.5274718044308477	0.2797132369119187	0.16544497786178602	1.0	0.2068913070969394	0.32519881839113224	0.6243218487458521	0.661251134120194	0.480959244434028	0.7411828468492555	0.20251929338772365	0.19031649415944293	0.17811718893753148	0.24861575430189248	0.2109537340928728	0.21631694922002298	1.0	0.3318270388396911	0.2019088350695608	0.21766646332678485	1.0	0.2498862610590075	0.6391906500312812	0.2680755769268836
ja	1.0	0.3930306480718811	1.0	1.0	0.43002922492880524	0.2393675220062455	1.0	0.19676211431259538	0.2850109271225593	0.22053106063293898	0.7091953875376781	1.0	0.3698396321780151	0.20597675031064858	0.2068913070969394	1.0	1.0	0.6009239895369175	1.0	1.0	1.0	0.264572898036046	0.2086226370297523	0.31361087503408325	0.24739907271973718	1.0	0.22679377075605642	1.0	0.3703068595429649	0.2183644366304681	0.251940209742478	1.0	0.2545400607177913	0.6391906500312812	1.0
ko	1.0	0.38137721264797303	1.0	1.0	0.399820686128804	0.3535497368718227	1.0	0.4155129608254288	0.5255643638808323	0.38107541767517383	0.7116768074483949	1.0	0.6053368935022319	0.2241740424320887	0.32519881839113224	1.0	1.0	0.5982166496914155	1.0	1.0	1.0	0.3353814104331503	0.3729812593545733	0.4909454296412745	0.36793252749986727	1.0	0.3144631100264581	1.0	0.3678891705645226	0.30268662549381814	0.34423348691814976	1.0	0.36058393618768353	0.6391906500312812	1.0
lv	1.0	0.41995743498678734	1.0	1.0	0.40248579097234616	0.5702135653793616	1.0	0.5788665982977527	0.5550971634808212	0.4912231725205549	0.5784748068108825	0.6928997443627297	0.5590937985852733	0.24068764995766712	0.6243218487458521	0.6009239895369175	0.5982166496914155	1.0	0.7808298169993729	0.6701591524560107	0.7376607345031153	0.5804189824600597	0.47033427546611045	0.6143589292419388	0.537913211926113	0.6009239895369175	0.5487523775160034	0.7584325078215763	0.48894220007356076	0.3620076516171646	0.36736564796458854	1.0	0.47642389623526193	0.7584325078215765	0.5982166496914155
mk	1.0	0.47588184871186345	1.0	1.0	0.5889308832557032	0.6568318202362041	1.0	0.6568318202362041	0.7221793916855703	0.7221793916855703	0.7248485669756151	1.0	0.728099120889861	0.29081080378843205	0.661251134120194	1.0	1.0	0.7808298169993729	1.0	1.0	1.0	0.7234532828151787	0.5672595898114168	0.7248485669756152	0.6873367726656524	1.0	0.5607371342276144	1.0	0.5180616955622218	0.38665161957425587	0.569826242322618	1.0	0.6254303192325079	0.7690990303325336	1.0
ml	1.0	0.45876167248967725	1.0	1.0	0.521074003963799	0.6549329476340925	1.0	0.6143589292419387	0.6167131210802118	0.7199285383279772	0.6568318202362041	1.0	0.6542929874894599	0.25651295584675854	0.480959244434028	1.0	1.0	0.6701591524560107	1.0	1.0	1.0	0.5278363156417548	0.6143589292419388	0.6549329476340925	0.5964709866582553	1.0	0.30116506296623136	1.0	0.6286699990356633	0.38252305239489853	0.5952778259726503	1.0	0.5747129628734963	0.7510341748895938	1.0
mr	1.0	0.6380732827477678	1.0	1.0	0.5938656299832471	0.7347168825662656	1.0	0.7347168825662656	1.0	1.0	1.0	1.0	0.7362033637659952	0.33252993972938716	0.7411828468492555	1.0	1.0	0.7376607345031153	1.0	1.0	1.0	1.0	0.7347168825662656	1.0	0.7992591943912659	1.0	0.36615249061790167	1.0	0.6504036062041291	0.6044414021866646	0.7992591943912659	1.0	0.6044414021866646	1.0	1.0
nl	1.0	0.452280579888298	1.0	0.7376607345031153	0.3646252837591053	0.19705096188298166	0.5201728014333724	0.19553040117745105	0.19634355997163608	0.20109117402773874	0.37520521066222745	0.48226673077695204	0.320630251054242	0.17001724532779885	0.20251929338772365	0.264572898036046	0.3353814104331503	0.5804189824600597	0.7234532828151787	0.5278363156417548	1.0	1.0	0.20481536845313555	0.23759536450096547	0.2507298044790691	0.2637289501076132	0.22812073710413305	1.0	0.32943155199871604	0.2328228938767855	0.2626641347858467	1.0	0.22851031656361606	0.5384125444003819	0.2632584136278507
pl	1.0	0.3892823535717806	1.0	0.7376607345031153	0.29816274865500936	0.19473501973028287	0.4512842811125545	0.15580486856747236	0.1976576053447416	0.14902415954826453	0.3277996143028465	0.6487871090048527	0.3449663624711028	0.1953830494555926	0.19031649415944293	0.2086226370297523	0.3729812593545733	0.47033427546611045	0.5672595898114168	0.6143589292419388	0.7347168825662656	0.20481536845313555	1.0	0.18143267070301755	0.24646376027627573	0.21022935836091564	0.2046907710337604	1.0	0.36738114804332833	0.18031550163678473	0.24951820228534072	0.6395657813917609	0.28757600950295203	0.5875312393961631	0.25386966328651484
pt	1.0	0.38848921879246495	1.0	0.7376607345031153	0.2943193915944719	0.20103853287354564	0.5513682580936836	0.1442253517783468	0.18653752474961163	0.1937744157957896	0.3456150674061613	0.7171176902274347	0.35142688114555776	0.17350334418956748	0.17811718893753148	0.31361087503408325	0.4909454296412745	0.6143589292419388	0.7248485669756152	0.6549329476340925	1.0	0.23759536450096547	0.18143267070301755	1.0	0.26972172399922434	0.3177104319888397	0.24035749595653655	1.0	0.3881237105337423	0.2752390295714869	0.2894944382293542	1.0	0.2645758029866576	0.6391906500312812	0.4070695293398357
ro	1.0	0.35597742748964895	1.0	0.7942219112853846	0.37108117722182116	0.23720931096176148	0.5019713963370086	0.2209627200214742	0.2799673788096526	0.2486657605743265	0.4809926256532765	0.6103965619995801	0.2721409290156598	0.19373714573114828	0.24861575430189248	0.24739907271973718	0.36793252749986727	0.537913211926113	0.6873367726656524	0.5964709866582553	0.7992591943912659	0.2507298044790691	0.24646376027627573	0.26972172399922434	1.0	0.26360643242353216	0.21810223680339746	0.7690990303325336	0.37225915899150325	0.2590099627206739	0.29779459234012695	1.0	0.31229673599469077	0.586705151825871	0.28854396798182136
ru	1.0	0.401232178182809	1.0	1.0	0.3598426080383868	0.2732059749965936	1.0	0.31943372794140823	0.2836999823805072	0.2547175558104909	0.7096516635440987	1.0	0.36755483782639203	0.1852048526039355	0.2109537340928728	1.0	1.0	0.6009239895369175	1.0	1.0	1.0	0.2637289501076132	0.21022935836091564	0.3177104319888397	0.26360643242353216	1.0	0.2483939711983385	1.0	0.3609460143381696	0.29349297302856125	0.30814058864321325	1.0	0.27388076011698187	0.6391906500312812	1.0
sh	1.0	0.3591873873253868	1.0	0.7942219112853846	0.2694319783232205	0.18635703631873501	0.42697717056789913	0.1807857392569624	0.21980256382597269	0.18583240884361316	0.33986187430084824	0.44456669759721523	0.3765520429372007	0.19950931411659184	0.21631694922002298	0.22679377075605642	0.3144631100264581	0.5487523775160034	0.5607371342276144	0.30116506296623136	0.36615249061790167	0.22812073710413305	0.2046907710337604	0.24035749595653655	0.21810223680339746	0.2483939711983385	1.0	0.7510341748895937	0.24848617580251212	0.13886824827336033	0.25892638908627685	1.0	0.19538455131253485	0.6391906500312812	0.272800122857802
si	1.0	0.6983438190355966	1.0	1.0	1.0	1.0	1.0	0.7510341748895939	1.0	1.0	1.0	1.0	1.0	0.7510341748895938	1.0	1.0	1.0	0.7584325078215763	1.0	1.0	1.0	1.0	1.0	1.0	0.7690990303325336	1.0	0.7510341748895937	1.0	0.7510341748895937	0.7510341748895938	1.0	1.0	1.0	1.0	1.0
simple	1.0	0.42855207596838035	1.0	1.0	0.36648422651326634	0.3879984793793393	0.5045929157689796	0.33414540956709254	0.27604721031125123	0.3633683543997179	0.3998935958222851	0.49462539778548725	0.5075067588234448	0.20134397381080937	0.3318270388396911	0.3703068595429649	0.3678891705645226	0.48894220007356076	0.5180616955622218	0.6286699990356633	0.6504036062041291	0.32943155199871604	0.36738114804332833	0.3881237105337423	0.37225915899150325	0.3609460143381696	0.24848617580251212	0.7510341748895937	1.0	0.2899264907207243	0.39466157777717625	1.0	0.3710079677237492	0.6391906500312812	0.37134103526353873
sr	1.0	0.3059213570849491	1.0	0.41055547717987523	0.31500846490656387	0.22320630549846748	0.372940067916543	0.16408054209617698	0.24547214480752966	0.16993831374310192	0.3052476135033527	0.36472699857802526	0.30240919187958853	0.2167627037672773	0.2019088350695608	0.2183644366304681	0.30268662549381814	0.3620076516171646	0.38665161957425587	0.38252305239489853	0.6044414021866646	0.2328228938767855	0.18031550163678473	0.2752390295714869	0.2590099627206739	0.29349297302856125	0.13886824827336033	0.7510341748895938	0.2899264907207243	1.0	0.27185224331689467	1.0	0.21998355952275694	0.6391906500312812	0.15857497258237677
sv	1.0	0.3205869038554906	1.0	0.6841174893561723	0.3081633705768142	0.21627383836555641	0.3798144924656429	0.23966452025143795	0.2894630858683642	0.20526556051559255	0.34202193321849106	0.5371655301689322	0.33075798875532797	0.1867095152023507	0.21766646332678485	0.251940209742478	0.34423348691814976	0.36736564796458854	0.569826242322618	0.5952778259726503	0.7992591943912659	0.2626641347858467	0.24951820228534072	0.2894944382293542	0.29779459234012695	0.30814058864321325	0.25892638908627685	1.0	0.39466157777717625	0.27185224331689467	1.0	1.0	0.2782697938646076	0.8016049637166356	0.2603671206226063
te	1.0	0.6427811771228706	1.0	1.0	0.7510341748895939	1.0	1.0	0.8055567530094857	1.0	0.7455134344225701	1.0	1.0	0.7262876433102552	0.74551343442257	1.0	1.0	1.0	1.0	1.0	1.0	1.0	1.0	0.6395657813917609	1.0	1.0	1.0	1.0	1.0	1.0	1.0	1.0	1.0	0.7510341748895938	1.0	1.0
vi	0.7863954451402115	0.41034430487431295	1.0	0.6841174893561722	0.29567408594414274	0.2416771430982202	0.5461801650210423	0.25466939641674224	0.2369686178337893	0.24148429107153596	0.3871360748862138	0.5311336304434713	0.4626970856926965	0.19185504761254846	0.2498862610590075	0.2545400607177913	0.36058393618768353	0.47642389623526193	0.6254303192325079	0.5747129628734963	0.6044414021866646	0.22851031656361606	0.28757600950295203	0.2645758029866576	0.31229673599469077	0.27388076011698187	0.19538455131253485	1.0	0.3710079677237492	0.21998355952275694	0.2782697938646076	0.7510341748895938	1.0	0.5875312393961631	0.27411679012397155
war	1.0	0.5963643545207591	1.0	0.6467936504043927	0.5875312393961631	0.7510341748895938	0.6391906500312812	0.678408493830227	0.6391906500312812	0.586705151825871	0.6391906500312812	0.6467936504043927	0.4195719298829873	0.596423775388198	0.6391906500312812	0.6391906500312812	0.6391906500312812	0.7584325078215765	0.7690990303325336	0.7510341748895938	1.0	0.5384125444003819	0.5875312393961631	0.6391906500312812	0.586705151825871	0.6391906500312812	0.6391906500312812	1.0	0.6391906500312812	0.6391906500312812	0.8016049637166356	1.0	0.5875312393961631	1.0	0.6391906500312812
zh	1.0	0.3982778445266489	1.0	1.0	0.4055547649490823	0.26148210628530666	1.0	0.2741547918343191	0.28945818078139596	0.2535335212472157	0.7101264857596848	1.0	0.3641688838363011	0.21074403202574338	0.2680755769268836	1.0	1.0	0.5982166496914155	1.0	1.0	1.0	0.2632584136278507	0.25386966328651484	0.4070695293398357	0.28854396798182136	1.0	0.272800122857802	1.0	0.37134103526353873	0.15857497258237677	0.2603671206226063	1.0	0.27411679012397155	0.6391906500312812	1.0
