arz	bs	ceb	ckb	da	de	el	en	es	fr	he	hi	hu	id	it	ja	ko	lv	mk	ml	mr	nl	pl	pt	ro	ru	sh	si	simple	sr	sv	te	vi	war	zh
arz	1.0	0.06595744680851064	0.015625	0.05862068965517241	0.035440613026819924	0.00897021887334051	0.0364538211490474	0.005132540196784401	0.010723296888141295	0.009720062208398134	0.022749273959341725	0.04295942720763723	0.0375	0.026737967914438502	0.01051953628166595	0.017186980736714264	0.027101769911504425	0.04927007299270073	0.0490506329113924	0.045454545454545456	0.07518796992481203	0.015399120050282841	0.010922871154703521	0.012224138569890054	0.045174537987679675	0.012583461736004109	0.039959016393442626	0.0703125	0.03299492385786802	0.027413587604290822	0.01904761904761905	0.06481481481481481	0.027800049694213548	0.07865168539325842	0.01993067590987868
bs	0.06595744680851064	1.0	0.014285714285714285	0.1	0.11438474870017332	0.034627066877504616	0.124930880767312	0.02044476818598182	0.04056840466553551	0.0376557127448306	0.07791081906245681	0.12650730643941802	0.11399822094551033	0.09855303910181959	0.03999086960500511	0.06079567722500073	0.08579903518923544	0.13383579703620677	0.13303391243309642	0.11898913335906704	0.08949416342412451	0.05851491098941073	0.041837158238629615	0.04752434792872271	0.10853822684852836	0.048094813202041425	0.1496689434204971	0.09493930779296962	0.10572845126209186	0.09482758620689655	0.07101657248616523	0.09252669039145907	0.09459951728783117	0.08294930875576037	0.07466019799890454
ceb	0.015625	0.014285714285714285	1.0	0.02336448598130841	0.005964214711729622	0.0014393666786613889	0.0077951002227171495	0.0008059641345960105	0.001687051876845213	0.0015600624024961	0.003913894324853229	0.010075566750629723	0.007625272331154684	0.005479452054794521	0.0015079707022834985	0.0028208744710860366	0.004469273743016759	0.01016260162601626	0.01206896551724138	0.015151515151515152	0.030927835051546393	0.0022109917877447885	0.0017905102954341987	0.00200300450676014	0.008456659619450317	0.0020639834881320948	0.006369426751592357	0.03333333333333333	0.006108202443280977	0.0048367593712212815	0.002797761790567546	0.015503875968992248	0.004704301075268817	0.06382978723404255	0.0030621172353455816
ckb	0.05862068965517241	0.1	0.02336448598130841	1.0	0.07291666666666667	0.017966223499820338	0.07861635220125786	0.010374697824335213	0.02127211457455771	0.019268197742312185	0.04501452081316554	0.07852193995381063	0.07230142566191446	0.05823293172690763	0.021514629948364887	0.033304714169152275	0.050716648291069456	0.11964285714285715	0.09580790234500482	0.10288808664259928	0.10303030303030303	0.03018867924528302	0.021642124051762607	0.02498750624687656	0.077	0.025205761316872428	0.07414829659318638	0.12168042010502625	0.0680672268907563	0.0484234798814345	0.03645007923930269	0.09947643979057591	0.057236842105263155	0.12083333333333333	0.03987923195135513
da	0.035440613026819924	0.11438474870017332	0.005964214711729622	0.07291666666666667	1.0	0.07913964477918414	0.1564293378888346	0.04828683458655646	0.09375484230925263	0.08764444186286253	0.16606761051010702	0.14975500935303931	0.18158980485062642	0.1604077253218884	0.09297167315209344	0.1351144568172542	0.17609139910042987	0.14757152788919192	0.13749789733835382	0.11662733691957529	0.06581430164545699	0.1309483397133625	0.09208884589149799	0.10998973014357218	0.17493294640109044	0.10473987813845956	0.15911785775033038	0.05853854672010124	0.18133581955541392	0.1507524693441016	0.1550891786831841	0.06805807622504537	0.1535671905649868	0.041666666666666664	0.15588485873594715
de	0.00897021887334051	0.034627066877504616	0.0014393666786613889	0.017966223499820338	0.07913964477918414	1.0	0.0704883167766808	0.23304255438638577	0.2698578328035497	0.25917994235822855	0.14937146326904877	0.06176884636431729	0.0744274690889025	0.10943376768386708	0.25626081698565456	0.1878530013782307	0.13520187155263844	0.040630615369397445	0.04677188416919069	0.037173922813787376	0.016371847964085796	0.21530695182403192	0.2634018650980994	0.23508866470432133	0.0762520336005777	0.21331823438837122	0.07169213241965969	0.015091627739849083	0.08600098622956459	0.12057725621001136	0.179246697859512	0.021364452423698384	0.10863727289276189	0.008096437567470314	0.1522448266075593
el	0.0364538211490474	0.124930880767312	0.0077951002227171495	0.07861635220125786	0.1564293378888346	0.0704883167766808	1.0	0.04397372351846161	0.08448314486798406	0.07710741199381893	0.14497879710163383	0.16561199625877737	0.15722861943203706	0.1590594061872518	0.08118078453858645	0.12409913836553117	0.16019290635173156	0.16115552992916626	0.15852157838529385	0.11541240110654943	0.07540679618065879	0.1115502763404716	0.08386549934729057	0.09719148305602739	0.18063208529767621	0.0928081594018501	0.15683592933725546	0.06680212531042001	0.16948551333995873	0.14313996508147656	0.13298049180395954	0.08252831102455511	0.15417827972080275	0.04777777777777778	0.13911817652776712
en	0.005132540196784401	0.02044476818598182	0.0008059641345960105	0.010374697824335213	0.04828683458655646	0.23304255438638577	0.04397372351846161	1.0	0.2252450891723797	0.22136959808849338	0.1011188863449984	0.03959776618892274	0.044869455470759316	0.07105659342783506	0.21548475493636768	0.1369611869811014	0.08924829242014719	0.02448641839619847	0.028488785857723596	0.022976486344836258	0.009572577893540464	0.15097334774867296	0.20484357657683555	0.19107718337990529	0.0461400833598401	0.17417035661420222	0.045518939649394276	0.008865605480556116	0.05689319243988227	0.08069334028247149	0.12180231940604191	0.012601964796643434	0.07448111022328717	0.004533548257102559	0.11371666235609418
es	0.010723296888141295	0.04056840466553551	0.001687051876845213	0.02127211457455771	0.09375484230925263	0.2698578328035497	0.08448314486798406	0.2252450891723797	1.0	0.27519284382585574	0.17969551505894502	0.07549712508036059	0.08853802918082293	0.13239762265698649	0.28599338768291144	0.21968574131061896	0.16456594502737412	0.04991559332717522	0.057070620400410776	0.046292018579976627	0.019595448798988623	0.24330926704804628	0.26834921926819305	0.28974714966842224	0.0893678603086735	0.2386690131201247	0.08731898608251853	0.018120522545301308	0.10453071811575776	0.1462171169120251	0.2099718281435975	0.025252525252525252	0.13644605731359594	0.009489666807254323	0.18947053930177302
fr	0.009720062208398134	0.0376557127448306	0.0015600624024961	0.019268197742312185	0.08764444186286253	0.25917994235822855	0.07710741199381893	0.22136959808849338	0.27519284382585574	1.0	0.16369500679428575	0.06821882035519117	0.08089029499969703	0.11932643605329234	0.2588026828847089	0.2006969662438432	0.15068048732501385	0.04551189554079955	0.052751276487049116	0.041912692960013403	0.017949629374238062	0.22763074136321884	0.24435178802500937	0.25074385038699076	0.0841068703495164	0.21422410503640718	0.07936456888408318	0.016556291390728478	0.09858696186677235	0.1286242186201246	0.1963347934358163	0.02295826775616641	0.12370621259065466	0.008775351014040561	0.16783108614616404
he	0.022749273959341725	0.07791081906245681	0.003913894324853229	0.04501452081316554	0.16606761051010702	0.14937146326904877	0.14497879710163383	0.1011188863449984	0.17969551505894502	0.16369500679428575	1.0	0.13185517393986254	0.14886573743328294	0.185333968770829	0.1741237799911545	0.20992788411580107	0.22716917526741154	0.09877458158078803	0.10953876404607334	0.08262161455106228	0.0414189503374265	0.21262881057260047	0.171260669019644	0.2019757704843288	0.15540112919174667	0.1787452873183759	0.1501995395550841	0.038834951456310676	0.18147688167869802	0.19302050621143935	0.23242656266829137	0.0519730510105871	0.19693714974198817	0.02048780487804878	0.21699684295025023
hi	0.04295942720763723	0.12650730643941802	0.010075566750629723	0.07852193995381063	0.14975500935303931	0.06176884636431729	0.16561199625877737	0.03959776618892274	0.07549712508036059	0.06821882035519117	0.13185517393986254	1.0	0.1506607674855816	0.16229116113017042	0.071386504095165	0.11140212727106728	0.1511624457865232	0.1557377049180328	0.1466154876087868	0.15375791139240508	0.09328416796998153	0.0999203585051904	0.07229962848113797	0.08781651062212689	0.16548090338470067	0.08270422721453458	0.14995727312262555	0.08348456868738326	0.16779658081324647	0.13447456612691905	0.11852523788534504	0.10697674418604651	0.1621138772881646	0.05112219451371571	0.1290827131827713
hu	0.0375	0.11399822094551033	0.007625272331154684	0.07230142566191446	0.18158980485062642	0.0744274690889025	0.15722861943203706	0.044869455470759316	0.08853802918082293	0.08089029499969703	0.14886573743328294	0.1506607674855816	1.0	0.15731538387719934	0.08471169076897771	0.11823955253846503	0.15547122066075592	0.14489884215334878	0.1415406899180484	0.11574984547957522	0.07365145228215768	0.11914663110962957	0.08972879638374356	0.10247170433939215	0.17457711126307363	0.0988701728065937	0.15501756555861296	0.06311595573630946	0.16161428768701583	0.14859502553664206	0.13298540187213417	0.08651911468812877	0.15395028682138215	0.044372294372294376	0.13849368554840846
id	0.026737967914438502	0.09855303910181959	0.005479452054794521	0.05823293172690763	0.1604077253218884	0.10943376768386708	0.1590594061872518	0.07105659342783506	0.13239762265698649	0.11932643605329234	0.185333968770829	0.16229116113017042	0.15731538387719934	1.0	0.12800330777479632	0.16367430348592224	0.19095796004614207	0.11931985120878999	0.12382855605080381	0.1088685436841158	0.05612530796122559	0.1670851642603055	0.12415142337976984	0.15251585719883043	0.16506689931445268	0.14250045655475072	0.16423527180321235	0.05121293800539083	0.17063724367465202	0.18126869620339375	0.1841358637751228	0.06697612732095491	0.1971175737001604	0.029371584699453553	0.17423093316713767
it	0.01051953628166595	0.03999086960500511	0.0015079707022834985	0.021514629948364887	0.09297167315209344	0.25626081698565456	0.08118078453858645	0.21548475493636768	0.28599338768291144	0.2588026828847089	0.1741237799911545	0.071386504095165	0.08471169076897771	0.12800330777479632	1.0	0.2085770807492886	0.15764135540492952	0.04936054927107494	0.05616978763685895	0.045638779670932376	0.018702570053854072	0.23855642152776582	0.2512576936727839	0.27718598213063234	0.08735022265515811	0.22664616133928117	0.08583482479440842	0.01696858992538735	0.10268736355045781	0.139875152784369	0.20040648988501353	0.024695172067382302	0.12759966762222105	0.009478672985781991	0.1825221499486477
ja	0.017186980736714264	0.06079567722500073	0.0028208744710860366	0.033304714169152275	0.1351144568172542	0.1878530013782307	0.12409913836553117	0.1369611869811014	0.21968574131061896	0.2006969662438432	0.20992788411580107	0.11140212727106728	0.11823955253846503	0.16367430348592224	0.2085770807492886	1.0	0.2174366024034903	0.07484725359413087	0.0840483433612846	0.06955996009059744	0.03242532312494349	0.22411943697775688	0.2028457381252828	0.2330017727360042	0.12175176035986973	0.2008871379215245	0.11976958548914848	0.02960789292574633	0.1528856935629319	0.16814020902148474	0.23220017805981077	0.0399060782685473	0.17233597597093733	0.015867418899858956	0.22096854322909873
ko	0.027101769911504425	0.08579903518923544	0.004469273743016759	0.050716648291069456	0.17609139910042987	0.13520187155263844	0.16019290635173156	0.08924829242014719	0.16456594502737412	0.15068048732501385	0.22716917526741154	0.1511624457865232	0.15547122066075592	0.19095796004614207	0.15764135540492952	0.2174366024034903	1.0	0.10488708483727772	0.11125290688900798	0.09663697448521229	0.04885286765432796	0.1965012292040018	0.15191523419044442	0.18602689613579518	0.16953009145103318	0.1715835593227025	0.16376522741299332	0.044370632818974416	0.20027346716784883	0.19954003021811506	0.21973072672574342	0.05623591150433848	0.21156710092987213	0.024553571428571428	0.2182549143695331
lv	0.04927007299270073	0.13383579703620677	0.01016260162601626	0.11964285714285715	0.14757152788919192	0.040630615369397445	0.16115552992916626	0.02448641839619847	0.04991559332717522	0.04551189554079955	0.09877458158078803	0.1557377049180328	0.14489884215334878	0.11931985120878999	0.04936054927107494	0.07484725359413087	0.10488708483727772	1.0	0.16222036301832984	0.1573441247002398	0.11514859085426034	0.06995627732667083	0.05093416370106762	0.05806817714677106	0.15715959618700656	0.056705028187375946	0.1370352765445199	0.10473714189274715	0.13178294573643412	0.10600575532491832	0.08332711448569162	0.10526315789473684	0.1245207786565734	0.08064516129032258	0.08800145763942901
mk	0.0490506329113924	0.13303391243309642	0.01206896551724138	0.09580790234500482	0.13749789733835382	0.04677188416919069	0.15852157838529385	0.028488785857723596	0.057070620400410776	0.052751276487049116	0.10953876404607334	0.1466154876087868	0.1415406899180484	0.12382855605080381	0.05616978763685895	0.0840483433612846	0.11125290688900798	0.16222036301832984	1.0	0.12427044347952473	0.08270365997638725	0.07752659385808854	0.056035691505314726	0.06710051407493457	0.16279666557698597	0.06441180193093549	0.1399603900562851	0.08391204967858652	0.1384792040111189	0.1158953988419087	0.09737881402183551	0.08309859154929577	0.12842108716052975	0.06418918918918919	0.0998440312514269
ml	0.045454545454545456	0.11898913335906704	0.015151515151515152	0.10288808664259928	0.11662733691957529	0.037173922813787376	0.11541240110654943	0.022976486344836258	0.046292018579976627	0.041912692960013403	0.08262161455106228	0.15375791139240508	0.11574984547957522	0.1088685436841158	0.045638779670932376	0.06955996009059744	0.09663697448521229	0.1573441247002398	0.12427044347952473	1.0	0.11368148081910043	0.06250768214185046	0.044750698242399224	0.052943562437618066	0.13522021302681717	0.051705900169366464	0.12324666521412835	0.10674852999231234	0.1199209416031654	0.08875189467672417	0.07379055623234826	0.125	0.10792395306269038	0.0876068376068376	0.07951400905458683
mr	0.07518796992481203	0.08949416342412451	0.030927835051546393	0.10303030303030303	0.06581430164545699	0.016371847964085796	0.07540679618065879	0.009572577893540464	0.019595448798988623	0.017949629374238062	0.0414189503374265	0.09328416796998153	0.07365145228215768	0.05612530796122559	0.018702570053854072	0.03242532312494349	0.04885286765432796	0.11514859085426034	0.08270365997638725	0.11368148081910043	1.0	0.027755824896108384	0.01963409192324855	0.022498953192022497	0.07489878542510121	0.02239716052897887	0.06780062307282682	0.11510202424767266	0.07137239585550458	0.04645326893588789	0.03457869634340222	0.14327485380116958	0.05941255006675567	0.14220183486238533	0.039827257947263536
nl	0.015399120050282841	0.05851491098941073	0.0022109917877447885	0.03018867924528302	0.1309483397133625	0.21530695182403192	0.1115502763404716	0.15097334774867296	0.24330926704804628	0.22763074136321884	0.21262881057260047	0.0999203585051904	0.11914663110962957	0.1670851642603055	0.23855642152776582	0.22411943697775688	0.1965012292040018	0.06995627732667083	0.07752659385808854	0.06250768214185046	0.027755824896108384	1.0	0.2241483351109934	0.2466944498805138	0.11766237909500685	0.22287702804182455	0.11639098948664138	0.025487728130899938	0.1390835776615526	0.17421503767062288	0.24488649959259468	0.0361180904522613	0.163420086319467	0.014222503160556258	0.2077899670210891
pl	0.010922871154703521	0.041837158238629615	0.0017905102954341987	0.021642124051762607	0.09208884589149799	0.2634018650980994	0.08386549934729057	0.20484357657683555	0.26834921926819305	0.24435178802500937	0.171260669019644	0.07229962848113797	0.08972879638374356	0.12415142337976984	0.2512576936727839	0.2028457381252828	0.15191523419044442	0.05093416370106762	0.056035691505314726	0.044750698242399224	0.01963409192324855	0.2241483351109934	1.0	0.2432725584126064	0.08777598496317901	0.216605801474996	0.0870253420194152	0.01830357142857143	0.10125957023344856	0.1405706253694378	0.19074975139510558	0.025389755011135856	0.12540738578831268	0.009843400447427294	0.17442164990352366
pt	0.012224138569890054	0.04752434792872271	0.00200300450676014	0.02498750624687656	0.10998973014357218	0.23508866470432133	0.09719148305602739	0.19107718337990529	0.28974714966842224	0.25074385038699076	0.2019757704843288	0.08781651062212689	0.10247170433939215	0.15251585719883043	0.27718598213063234	0.2330017727360042	0.18602689613579518	0.05806817714677106	0.06710051407493457	0.052943562437618066	0.022498953192022497	0.2466944498805138	0.2432725584126064	1.0	0.1078595888712147	0.23936009760633303	0.10283502315885992	0.0212714938205266	0.12439343347951459	0.15949648506583594	0.22780901884160082	0.029451878552160717	0.15615578604739996	0.011011011011011011	0.20714839663044013
ro	0.045174537987679675	0.10853822684852836	0.008456659619450317	0.077	0.17493294640109044	0.0762520336005777	0.18063208529767621	0.0461400833598401	0.0893678603086735	0.0841068703495164	0.15540112919174667	0.16548090338470067	0.17457711126307363	0.16506689931445268	0.08735022265515811	0.12175176035986973	0.16953009145103318	0.15715959618700656	0.16279666557698597	0.13522021302681717	0.07489878542510121	0.11766237909500685	0.08777598496317901	0.1078595888712147	1.0	0.10286153819754272	0.16273395463167264	0.0655241935483871	0.17392297150948655	0.16336429642139966	0.13893186379639674	0.07833655705996131	0.1665340827271418	0.04411764705882353	0.14112990917666376
ru	0.012583461736004109	0.048094813202041425	0.0020639834881320948	0.025205761316872428	0.10473987813845956	0.21331823438837122	0.0928081594018501	0.17417035661420222	0.2386690131201247	0.21422410503640718	0.1787452873183759	0.08270422721453458	0.0988701728065937	0.14250045655475072	0.22664616133928117	0.2008871379215245	0.1715835593227025	0.056705028187375946	0.06441180193093549	0.051705900169366464	0.02239716052897887	0.22287702804182455	0.216605801474996	0.23936009760633303	0.10286153819754272	1.0	0.09979480180853499	0.021644675262967396	0.11302675797231686	0.15727926365728084	0.19974415850784008	0.030079170424210804	0.14204049178555325	0.011609907120743035	0.17862785538644776
sh	0.039959016393442626	0.1496689434204971	0.006369426751592357	0.07414829659318638	0.15911785775033038	0.07169213241965969	0.15683592933725546	0.045518939649394276	0.08731898608251853	0.07936456888408318	0.1501995395550841	0.14995727312262555	0.15501756555861296	0.16423527180321235	0.08583482479440842	0.11976958548914848	0.16376522741299332	0.1370352765445199	0.1399603900562851	0.12324666521412835	0.06780062307282682	0.11639098948664138	0.0870253420194152	0.10283502315885992	0.16273395463167264	0.09979480180853499	1.0	0.06857672717328138	0.16836000793832226	0.2352798477502503	0.13703283290613938	0.08142817617065723	0.15572366716809294	0.04449152542372881	0.1362020901512077
si	0.0703125	0.09493930779296962	0.03333333333333333	0.12168042010502625	0.05853854672010124	0.015091627739849083	0.06680212531042001	0.008865605480556116	0.018120522545301308	0.016556291390728478	0.038834951456310676	0.08348456868738326	0.06311595573630946	0.05121293800539083	0.01696858992538735	0.02960789292574633	0.044370632818974416	0.10473714189274715	0.08391204967858652	0.10674852999231234	0.11510202424767266	0.025487728130899938	0.01830357142857143	0.0212714938205266	0.0655241935483871	0.021644675262967396	0.06857672717328138	1.0	0.06426479641924158	0.045418596581222374	0.03182171162140199	0.1016949152542373	0.052175286614886705	0.13333333333333333	0.03724245022576833
simple	0.03299492385786802	0.10572845126209186	0.006108202443280977	0.0680672268907563	0.18133581955541392	0.08600098622956459	0.16948551333995873	0.05689319243988227	0.10453071811575776	0.09858696186677235	0.18147688167869802	0.16779658081324647	0.16161428768701583	0.17063724367465202	0.10268736355045781	0.1528856935629319	0.20027346716784883	0.13178294573643412	0.1384792040111189	0.1199209416031654	0.07137239585550458	0.1390835776615526	0.10125957023344856	0.12439343347951459	0.17392297150948655	0.11302675797231686	0.16836000793832226	0.06426479641924158	1.0	0.15918787393963635	0.16255206140459502	0.07508250825082509	0.18606168161090716	0.037456445993031356	0.17391118429504093
sr	0.027413587604290822	0.09482758620689655	0.0048367593712212815	0.0484234798814345	0.1507524693441016	0.12057725621001136	0.14313996508147656	0.08069334028247149	0.1462171169120251	0.1286242186201246	0.19302050621143935	0.13447456612691905	0.14859502553664206	0.18126869620339375	0.139875152784369	0.16814020902148474	0.19954003021811506	0.10600575532491832	0.1158953988419087	0.08875189467672417	0.04645326893588789	0.17421503767062288	0.1405706253694378	0.15949648506583594	0.16336429642139966	0.15727926365728084	0.2352798477502503	0.045418596581222374	0.15918787393963635	1.0	0.18498068021558495	0.05737704918032787	0.16784985196315244	0.025934861278648975	0.1813331443977026
sv	0.01904761904761905	0.07101657248616523	0.002797761790567546	0.03645007923930269	0.1550891786831841	0.179246697859512	0.13298049180395954	0.12180231940604191	0.2099718281435975	0.1963347934358163	0.23242656266829137	0.11852523788534504	0.13298540187213417	0.1841358637751228	0.20040648988501353	0.23220017805981077	0.21973072672574342	0.08332711448569162	0.09737881402183551	0.07379055623234826	0.03457869634340222	0.24488649959259468	0.19074975139510558	0.22780901884160082	0.13893186379639674	0.19974415850784008	0.13703283290613938	0.03182171162140199	0.16255206140459502	0.18498068021558495	1.0	0.04264565006988754	0.17731222296181706	0.018	0.21292497730051202
te	0.06481481481481481	0.09252669039145907	0.015503875968992248	0.09947643979057591	0.06805807622504537	0.021364452423698384	0.08252831102455511	0.012601964796643434	0.025252525252525252	0.02295826775616641	0.0519730510105871	0.10697674418604651	0.08651911468812877	0.06697612732095491	0.024695172067382302	0.0399060782685473	0.05623591150433848	0.10526315789473684	0.08309859154929577	0.125	0.14327485380116958	0.0361180904522613	0.025389755011135856	0.029451878552160717	0.07833655705996131	0.030079170424210804	0.08142817617065723	0.1016949152542373	0.07508250825082509	0.05737704918032787	0.04264565006988754	1.0	0.06584093872229466	0.08620689655172414	0.04899579435665918
vi	0.027800049694213548	0.09459951728783117	0.004704301075268817	0.057236842105263155	0.1535671905649868	0.10863727289276189	0.15417827972080275	0.07448111022328717	0.13644605731359594	0.12370621259065466	0.19693714974198817	0.1621138772881646	0.15395028682138215	0.1971175737001604	0.12759966762222105	0.17233597597093733	0.21156710092987213	0.1245207786565734	0.12842108716052975	0.10792395306269038	0.05941255006675567	0.163420086319467	0.12540738578831268	0.15615578604739996	0.1665340827271418	0.14204049178555325	0.15572366716809294	0.052175286614886705	0.18606168161090716	0.16784985196315244	0.17731222296181706	0.06584093872229466	1.0	0.02956989247311828	0.19479421538196748
war	0.07865168539325842	0.08294930875576037	0.06382978723404255	0.12083333333333333	0.041666666666666664	0.008096437567470314	0.04777777777777778	0.004533548257102559	0.009489666807254323	0.008775351014040561	0.02048780487804878	0.05112219451371571	0.044372294372294376	0.029371584699453553	0.009478672985781991	0.015867418899858956	0.024553571428571428	0.08064516129032258	0.06418918918918919	0.0876068376068376	0.14220183486238533	0.014222503160556258	0.009843400447427294	0.011011011011011011	0.04411764705882353	0.011609907120743035	0.04449152542372881	0.13333333333333333	0.037456445993031356	0.025934861278648975	0.018	0.08620689655172414	0.02956989247311828	1.0	0.019702276707530646
zh	0.01993067590987868	0.07466019799890454	0.0030621172353455816	0.03987923195135513	0.15588485873594715	0.1522448266075593	0.13911817652776712	0.11371666235609418	0.18947053930177302	0.16783108614616404	0.21699684295025023	0.1290827131827713	0.13849368554840846	0.17423093316713767	0.1825221499486477	0.22096854322909873	0.2182549143695331	0.08800145763942901	0.0998440312514269	0.07951400905458683	0.039827257947263536	0.2077899670210891	0.17442164990352366	0.20714839663044013	0.14112990917666376	0.17862785538644776	0.1362020901512077	0.03724245022576833	0.17391118429504093	0.1813331443977026	0.21292497730051202	0.04899579435665918	0.19479421538196748	0.019702276707530646	1.0
