arz	bs	ceb	ckb	da	de	el	en	es	fr	he	hi	hu	id	it	ja	ko	lv	mk	ml	mr	nl	pl	pt	ro	ru	sh	si	simple	sr	sv	te	vi	war	zh
arz	1.0	0.44948974278317805	1.0	1.0	0.19707113830081235	0.585786437626905	1.0	0.11336696073850488	0.4142135623730951	0.3090169943749474	1.0	1.0	0.17826035697019474	0.26533119314590375	0.2187841884486319	1.0	1.0	1.0	1.0	1.0	1.0	0.3660254037844386	0.3090169943749474	0.1898921977639714	0.2372732414640341	1.0	0.2742918851774318	1.0	0.4364916731037085	1.0	0.33333333333333326	1.0	0.30216947925196225	1.0	1.0
bs	0.44948974278317805	1.0	0.22966848451216434	0.585786437626905	0.06995434285332619	0.048199714106623374	0.08086808347265408	0.05013628003570384	0.05401375080500192	0.054285128562592884	0.08940818198368317	0.3660254037844386	0.06417499994296334	0.08006226316009452	0.056576426422385896	0.06272155105159494	0.09113535529969558	0.21089672205953397	0.1797153602962883	0.23166247903554	0.585786437626905	0.06366424947214719	0.06408179059382141	0.06336423410187078	0.10547719620601555	0.06151280955225054	0.05206515726337271	1.0	0.18172549352255166	0.06771720055878284	0.06139383946316257	1.0	0.11198991133053499	0.23166247903554	0.06151280955225054
ceb	1.0	0.22966848451216434	1.0	1.0	0.049291917849018624	0.13507810593582123	1.0	0.0075893462725799945	0.15438708879488486	0.04502225170035314	1.0	1.0	0.04837387454120725	0.12948177659702817	0.02958811192662046	1.0	1.0	0.3090169943749474	1.0	1.0	1.0	0.09101257901487686	0.13299282904102766	0.09375721684103414	0.07063295492776045	0.44948974278317805	0.10510060395752727	1.0	0.25728427444747215	1.0	0.05529419460775559	1.0	0.15438708879488486	1.0	1.0
ckb	1.0	0.585786437626905	1.0	1.0	0.3333333333333333	1.0	1.0	0.4142135623730951	0.38742588672279304	0.44948974278317805	1.0	1.0	1.0	1.0	0.585786437626905	1.0	1.0	1.0	1.0	1.0	1.0	0.5	0.585786437626905	0.44948974278317805	0.22584440001865322	1.0	0.5	1.0	0.5	1.0	0.5	1.0	0.585786437626905	1.0	1.0
da	0.19707113830081235	0.06995434285332619	0.049291917849018624	0.3333333333333333	1.0	0.007593582693759819	0.016194403404865807	0.012266338951481577	0.008009774406225656	0.007982469924412922	0.010205110498176587	0.07315899347536005	0.01020471367416526	0.011493969708192291	0.008108195303961603	0.008801100384533014	0.012391724650693334	0.03891836802112605	0.07728176462435941	0.05298492874549113	0.12313153540936227	0.008093874073088474	0.008464554243552953	0.008433018525369925	0.015919497094561242	0.00795643907208052	0.010291479825769669	0.4364916731037085	0.04069407078840651	0.013220748046023996	0.007990302472847453	0.5	0.013556195960271548	0.06882406008887057	0.00964010053039199
de	0.585786437626905	0.048199714106623374	0.13507810593582123	1.0	0.007593582693759819	1.0	0.0841574507023534	0.001574919021811951	0.01909745397552789	0.0019767102617196768	0.09754168800208393	0.3203772410170407	0.004532162023278028	0.006406669764869077	0.0020755242543015933	0.08035017801738152	0.13853768235555425	0.14713345700845937	0.28436465220442186	0.2958163163244893	0.585786437626905	0.005344320201516698	0.013677996144444801	0.004655459260393971	0.008998739418056376	0.03882924003101451	0.006089473553166697	1.0	0.08645942995724991	0.11787845042814334	0.0039961783951200725	1.0	0.0168384357491104	0.3726822671238253	0.0713725726591764
el	1.0	0.08086808347265408	1.0	1.0	0.016194403404865807	0.0841574507023534	1.0	0.005268319702864256	0.08883594168873771	0.01877921617032808	1.0	1.0	0.01548996716151539	0.038362602879777524	0.008296876262343253	1.0	1.0	0.193373824568466	1.0	1.0	1.0	0.06225960962984036	0.07623415190534188	0.04612524177889406	0.027436328604010487	0.5	0.03386164613034629	1.0	0.13957875683699938	1.0	0.05549890835900393	1.0	0.07886271022590116	1.0	1.0
en	0.11336696073850488	0.05013628003570384	0.0075893462725799945	0.4142135623730951	0.012266338951481577	0.001574919021811951	0.005268319702864256	1.0	0.0023319533703974665	0.005262572618807475	0.004665308190282426	0.06544642227818355	0.010979859875086479	0.006896399964877559	0.008086418258834906	0.003985021340378557	0.006963294114776862	0.07335855469651745	0.021191723435276748	0.04090681013846667	0.1435919483070091	0.003326666109571614	0.0030954446290465554	0.00392811250506305	0.010554570309488621	0.0024300929007647523	0.006556375094229105	0.39564392373896007	0.025525682580703646	0.006751077669303019	0.005101753678290716	0.3430703308172536	0.006583104519020082	0.059547529980523095	0.00424309625158967
es	0.4142135623730951	0.05401375080500192	0.15438708879488486	0.38742588672279304	0.008009774406225656	0.01909745397552789	0.08883594168873771	0.0023319533703974665	1.0	0.002827764821368455	0.08175014884417708	0.21498516621900873	0.004860740963038755	0.006826219348395335	0.0026952690982390832	0.07037374532347497	0.1125277395629435	0.14776011258975155	0.20342651452257512	0.2898979485566356	0.44948974278317805	0.00791352053906394	0.012590925413573277	0.004550493910730326	0.009931470743840657	0.03049131306056365	0.005915156480644447	1.0	0.08328827721407003	0.11484827991779242	0.004715380122267092	1.0	0.023735727901813948	0.2736842978732132	0.07707144595462194
fr	0.3090169943749474	0.054285128562592884	0.04502225170035314	0.44948974278317805	0.007982469924412922	0.0019767102617196768	0.01877921617032808	0.005262572618807475	0.002827764821368455	1.0	0.009806071699563457	0.1274942921283477	0.0047804234203736315	0.00592057170421348	0.004419849471461086	0.007626508781956663	0.0447429317579827	0.1287722517024572	0.12642005305973533	0.15776505912784203	0.36602540378443865	0.003783985568576343	0.00419474992874761	0.004106910601911112	0.009368163305336815	0.0029690427008825164	0.005738631629958848	0.585786437626905	0.06819907297173408	0.036793677518814245	0.004441347568234044	0.585786437626905	0.017153399375164625	0.2204812092115424	0.0077436684256239775
he	1.0	0.08940818198368317	1.0	1.0	0.010205110498176587	0.09754168800208393	1.0	0.004665308190282426	0.08175014884417708	0.009806071699563457	1.0	1.0	0.008294599700485517	0.02351657226849488	0.007133412362290104	1.0	1.0	0.18126989259043744	1.0	1.0	1.0	0.03866032808111936	0.06662136251614025	0.028741563883803865	0.015744230205922215	0.5	0.02272162200440127	1.0	0.11175998946451866	0.585786437626905	0.027147550150821403	1.0	0.044245974884194524	1.0	1.0
hi	1.0	0.3660254037844386	1.0	1.0	0.07315899347536005	0.3203772410170407	1.0	0.06544642227818355	0.21498516621900873	0.1274942921283477	1.0	1.0	0.14732056773523425	0.11936632442433537	0.0919845130988077	1.0	1.0	0.4142135623730951	1.0	1.0	1.0	0.1975496259559987	0.21551468935838852	0.179128784747792	0.09017458933039238	1.0	0.15776505912784203	1.0	0.24336073281110826	1.0	0.21498516621900873	1.0	0.17176743283130236	1.0	1.0
hu	0.17826035697019474	0.06417499994296334	0.04837387454120725	1.0	0.01020471367416526	0.004532162023278028	0.01548996716151539	0.010979859875086479	0.004860740963038755	0.0047804234203736315	0.008294599700485517	0.14732056773523425	1.0	0.008497640419462812	0.006209283202637734	0.006387254504134648	0.011232370225442342	0.08685127061449073	0.06296828917000921	0.06624746884271829	0.16893748062498007	0.005488243440597592	0.005518879859785464	0.005667308684181609	0.013368176067290538	0.005224610868917026	0.00837539026057113	0.585786437626905	0.060842609218976315	0.01202480575931909	0.005884979552692737	0.4364916731037085	0.012655808361128364	0.13667467040980727	0.007013906905771668
id	0.26533119314590375	0.08006226316009452	0.12948177659702817	1.0	0.011493969708192291	0.006406669764869077	0.038362602879777524	0.006896399964877559	0.006826219348395335	0.00592057170421348	0.02351657226849488	0.11936632442433537	0.008497640419462812	1.0	0.00664602035865527	0.010988296896521066	0.04046771238417289	0.11126576781984623	0.139263840218951	0.1346057977023629	0.3090169943749474	0.009024268287306654	0.011902309094678659	0.00983851773337376	0.016638137085711283	0.007109039492905191	0.013433324174530798	0.585786437626905	0.0897743957220949	0.04952550238128324	0.010969301817965292	0.44948974278317805	0.0264470121911354	0.18311860342005779	0.013661533924391983
it	0.2187841884486319	0.056576426422385896	0.02958811192662046	0.585786437626905	0.008108195303961603	0.0020755242543015933	0.008296876262343253	0.008086418258834906	0.0026952690982390832	0.004419849471461086	0.007133412362290104	0.0919845130988077	0.006209283202637734	0.00664602035865527	1.0	0.0063794034567073886	0.01778390587911603	0.10903832598517389	0.11034777731716484	0.12346752509553724	0.28436465220442186	0.0037170939716281437	0.0036688198775112614	0.004077172889845821	0.01024167766097485	0.0030017441261142317	0.006247132741734895	0.5	0.07027975684656931	0.023855748059262712	0.00451735544111554	0.585786437626905	0.016255053131956177	0.21604850763119507	0.006824644673238076
ja	1.0	0.06272155105159494	1.0	1.0	0.008801100384533014	0.08035017801738152	1.0	0.003985021340378557	0.07037374532347497	0.007626508781956663	1.0	1.0	0.006387254504134648	0.010988296896521066	0.0063794034567073886	1.0	1.0	0.203075234310397	1.0	1.0	1.0	0.041815001572768504	0.04861961441042144	0.018228136077217346	0.012962425037485263	0.5	0.009385290903402566	1.0	0.10542649822871226	0.585786437626905	0.01679117258050633	1.0	0.028814624751282318	0.585786437626905	1.0
ko	1.0	0.09113535529969558	1.0	1.0	0.012391724650693334	0.13853768235555425	1.0	0.006963294114776862	0.1125277395629435	0.0447429317579827	1.0	1.0	0.011232370225442342	0.04046771238417289	0.01778390587911603	1.0	1.0	0.2402530733520421	1.0	1.0	1.0	0.059894674623624335	0.09099185217605002	0.053953782233357166	0.019819118852483962	0.44948974278317805	0.04151313460690695	1.0	0.12219988139184167	0.585786437626905	0.042055835105368054	1.0	0.057244832205767884	1.0	1.0
lv	1.0	0.21089672205953397	0.3090169943749474	1.0	0.03891836802112605	0.14713345700845937	0.193373824568466	0.07335855469651745	0.14776011258975155	0.1287722517024572	0.18126989259043744	0.4142135623730951	0.08685127061449073	0.11126576781984623	0.10903832598517389	0.203075234310397	0.2402530733520421	1.0	0.2479451436122708	0.23497542908541053	0.5	0.16007116156927023	0.1572240954588961	0.11645144443925402	0.08370378279517725	0.16922835859105764	0.12948177659702817	1.0	0.1486518372739164	0.2158344610587697	0.16122366255884063	1.0	0.13152651661238665	0.2240092377397959	0.17774575502392898
mk	1.0	0.1797153602962883	1.0	1.0	0.07728176462435941	0.28436465220442186	1.0	0.021191723435276748	0.20342651452257512	0.12642005305973533	1.0	1.0	0.06296828917000921	0.139263840218951	0.11034777731716484	1.0	1.0	0.2479451436122708	1.0	1.0	1.0	0.1774053291584318	0.23166247903554	0.13957875683699938	0.08725385844017292	0.585786437626905	0.14053719616945776	1.0	0.24336073281110826	1.0	0.16449072740645634	1.0	0.14750843551604803	1.0	1.0
ml	1.0	0.23166247903554	1.0	1.0	0.05298492874549113	0.2958163163244893	1.0	0.04090681013846667	0.2898979485566356	0.15776505912784203	1.0	1.0	0.06624746884271829	0.1346057977023629	0.12346752509553724	1.0	1.0	0.23497542908541053	1.0	1.0	1.0	0.1896812679802183	0.25355482027512377	0.1639607805437114	0.08924554764368968	1.0	0.11591908091717261	1.0	0.1924840598000365	1.0	0.1918253663634734	1.0	0.1399755881284967	1.0	1.0
mr	1.0	0.585786437626905	1.0	1.0	0.12313153540936227	0.585786437626905	1.0	0.1435919483070091	0.44948974278317805	0.36602540378443865	1.0	1.0	0.16893748062498007	0.3090169943749474	0.28436465220442186	1.0	1.0	0.5	1.0	1.0	1.0	0.5	0.44948974278317805	0.2553967929896867	0.16265941452915686	1.0	0.44948974278317805	1.0	0.4142135623730951	1.0	0.585786437626905	1.0	0.3090169943749474	1.0	1.0
nl	0.3660254037844386	0.06366424947214719	0.09101257901487686	0.5	0.008093874073088474	0.005344320201516698	0.06225960962984036	0.003326666109571614	0.00791352053906394	0.003783985568576343	0.03866032808111936	0.1975496259559987	0.005488243440597592	0.009024268287306654	0.0037170939716281437	0.041815001572768504	0.059894674623624335	0.16007116156927023	0.1774053291584318	0.1896812679802183	0.5	1.0	0.013090404823480478	0.006535407004375428	0.011229933644948944	0.008607954995692781	0.006906067451760368	1.0	0.09488175285743217	0.06923627139440784	0.006292233639894143	1.0	0.02568129411226991	0.23874775399470893	0.04226227565172391
pl	0.3090169943749474	0.06408179059382141	0.13299282904102766	0.585786437626905	0.008464554243552953	0.013677996144444801	0.07623415190534188	0.0030954446290465554	0.012590925413573277	0.00419474992874761	0.06662136251614025	0.21551468935838852	0.005518879859785464	0.011902309094678659	0.0036688198775112614	0.04861961441042144	0.09099185217605002	0.1572240954588961	0.23166247903554	0.25355482027512377	0.44948974278317805	0.013090404823480478	1.0	0.010724996552846087	0.01120982798669824	0.016304776209155342	0.008403322595056039	1.0	0.09183252326509188	0.0868666485919116	0.007169942503643897	0.585786437626905	0.03654878629786295	0.3126480851423008	0.0501864627503598
pt	0.1898921977639714	0.06336423410187078	0.09375721684103414	0.44948974278317805	0.008433018525369925	0.004655459260393971	0.04612524177889406	0.00392811250506305	0.004550493910730326	0.004106910601911112	0.028741563883803865	0.179128784747792	0.005667308684181609	0.00983851773337376	0.004077172889845821	0.018228136077217346	0.053953782233357166	0.11645144443925402	0.13957875683699938	0.1639607805437114	0.2553967929896867	0.006535407004375428	0.010724996552846087	1.0	0.011118640469189884	0.0061466295970628426	0.00717990904037927	0.585786437626905	0.07582330813271927	0.06491457767984471	0.006161770171195426	1.0	0.024429629545577872	0.16855212267069633	0.030434819695407022
ro	0.2372732414640341	0.10547719620601555	0.07063295492776045	0.22584440001865322	0.015919497094561242	0.008998739418056376	0.027436328604010487	0.010554570309488621	0.009931470743840657	0.009368163305336815	0.015744230205922215	0.09017458933039238	0.013368176067290538	0.016638137085711283	0.01024167766097485	0.012962425037485263	0.019819118852483962	0.08370378279517725	0.08725385844017292	0.08924554764368968	0.16265941452915686	0.011229933644948944	0.01120982798669824	0.011118640469189884	1.0	0.010398824788937854	0.014450937074987378	0.5	0.07658764805981735	0.02341446299279722	0.010997544755383561	1.0	0.018943152839147732	0.10221708179316623	0.01344807030113334
ru	1.0	0.06151280955225054	0.44948974278317805	1.0	0.00795643907208052	0.03882924003101451	0.5	0.0024300929007647523	0.03049131306056365	0.0029690427008825164	0.5	1.0	0.005224610868917026	0.007109039492905191	0.0030017441261142317	0.5	0.44948974278317805	0.16922835859105764	0.585786437626905	1.0	1.0	0.008607954995692781	0.016304776209155342	0.0061466295970628426	0.010398824788937854	1.0	0.006965497875624757	1.0	0.08467365924731252	0.5	0.00508256710888341	1.0	0.02678963320989068	0.44948974278317805	0.44948974278317805
sh	0.2742918851774318	0.05206515726337271	0.10510060395752727	0.5	0.010291479825769669	0.006089473553166697	0.03386164613034629	0.006556375094229105	0.005915156480644447	0.005738631629958848	0.02272162200440127	0.15776505912784203	0.00837539026057113	0.013433324174530798	0.006247132741734895	0.009385290903402566	0.04151313460690695	0.12948177659702817	0.14053719616945776	0.11591908091717261	0.44948974278317805	0.006906067451760368	0.008403322595056039	0.00717990904037927	0.014450937074987378	0.006965497875624757	1.0	1.0	0.08872075877595281	0.02976619266031312	0.008252876864483224	0.585786437626905	0.030124353868371156	0.17025921636942778	0.0134785475568451
si	1.0	1.0	1.0	1.0	0.4364916731037085	1.0	1.0	0.39564392373896007	1.0	0.585786437626905	1.0	1.0	0.585786437626905	0.585786437626905	0.5	1.0	1.0	1.0	1.0	1.0	1.0	1.0	1.0	0.585786437626905	0.5	1.0	1.0	1.0	0.5	1.0	1.0	1.0	0.5	1.0	1.0
simple	0.4364916731037085	0.18172549352255166	0.25728427444747215	0.5	0.04069407078840651	0.08645942995724991	0.13957875683699938	0.025525682580703646	0.08328827721407003	0.06819907297173408	0.11175998946451866	0.24336073281110826	0.060842609218976315	0.0897743957220949	0.07027975684656931	0.10542649822871226	0.12219988139184167	0.1486518372739164	0.24336073281110826	0.1924840598000365	0.4142135623730951	0.09488175285743217	0.09183252326509188	0.07582330813271927	0.07658764805981735	0.08467365924731252	0.08872075877595281	0.5	1.0	0.13367660240019172	0.08370413393364952	0.585786437626905	0.0923114749455956	0.2204812092115424	0.1014196461075442
sr	1.0	0.06771720055878284	1.0	1.0	0.013220748046023996	0.11787845042814334	1.0	0.006751077669303019	0.11484827991779242	0.036793677518814245	0.585786437626905	1.0	0.01202480575931909	0.04952550238128324	0.023855748059262712	0.585786437626905	0.585786437626905	0.2158344610587697	1.0	1.0	1.0	0.06923627139440784	0.0868666485919116	0.06491457767984471	0.02341446299279722	0.5	0.02976619266031312	1.0	0.13367660240019172	1.0	0.06225042037618182	1.0	0.07598561026052977	0.585786437626905	0.585786437626905
sv	0.33333333333333326	0.06139383946316257	0.05529419460775559	0.5	0.007990302472847453	0.0039961783951200725	0.05549890835900393	0.005101753678290716	0.004715380122267092	0.004441347568234044	0.027147550150821403	0.21498516621900873	0.005884979552692737	0.010969301817965292	0.00451735544111554	0.01679117258050633	0.042055835105368054	0.16122366255884063	0.16449072740645634	0.1918253663634734	0.585786437626905	0.006292233639894143	0.007169942503643897	0.006161770171195426	0.010997544755383561	0.00508256710888341	0.008252876864483224	1.0	0.08370413393364952	0.06225042037618182	1.0	1.0	0.022217385871073095	0.2989350844248255	0.019973928964873728
te	1.0	1.0	1.0	1.0	0.5	1.0	1.0	0.3430703308172536	1.0	0.585786437626905	1.0	1.0	0.4364916731037085	0.44948974278317805	0.585786437626905	1.0	1.0	1.0	1.0	1.0	1.0	1.0	0.585786437626905	1.0	1.0	1.0	0.585786437626905	1.0	0.585786437626905	1.0	1.0	1.0	0.585786437626905	1.0	1.0
vi	0.30216947925196225	0.11198991133053499	0.15438708879488486	0.585786437626905	0.013556195960271548	0.0168384357491104	0.07886271022590116	0.006583104519020082	0.023735727901813948	0.017153399375164625	0.044245974884194524	0.17176743283130236	0.012655808361128364	0.0264470121911354	0.016255053131956177	0.028814624751282318	0.057244832205767884	0.13152651661238665	0.14750843551604803	0.1399755881284967	0.3090169943749474	0.02568129411226991	0.03654878629786295	0.024429629545577872	0.018943152839147732	0.02678963320989068	0.030124353868371156	0.5	0.0923114749455956	0.07598561026052977	0.022217385871073095	0.585786437626905	1.0	0.1876127897984334	0.03800872619064113
war	1.0	0.23166247903554	1.0	1.0	0.06882406008887057	0.3726822671238253	1.0	0.059547529980523095	0.2736842978732132	0.2204812092115424	1.0	1.0	0.13667467040980727	0.18311860342005779	0.21604850763119507	0.585786437626905	1.0	0.2240092377397959	1.0	1.0	1.0	0.23874775399470893	0.3126480851423008	0.16855212267069633	0.10221708179316623	0.44948974278317805	0.17025921636942778	1.0	0.2204812092115424	0.585786437626905	0.2989350844248255	1.0	0.1876127897984334	1.0	0.585786437626905
zh	1.0	0.06151280955225054	1.0	1.0	0.00964010053039199	0.0713725726591764	1.0	0.00424309625158967	0.07707144595462194	0.0077436684256239775	1.0	1.0	0.007013906905771668	0.013661533924391983	0.006824644673238076	1.0	1.0	0.17774575502392898	1.0	1.0	1.0	0.04226227565172391	0.0501864627503598	0.030434819695407022	0.01344807030113334	0.44948974278317805	0.0134785475568451	1.0	0.1014196461075442	0.585786437626905	0.019973928964873728	1.0	0.03800872619064113	0.585786437626905	1.0
