arz	bs	ceb	ckb	da	de	el	en	es	fr	he	hi	hu	id	it	ja	ko	lv	mk	ml	mr	nl	pl	pt	ro	ru	sh	si	simple	sr	sv	te	vi	war	zh
arz	1.0	0.3919726971375102	1.0	1.0	0.39901747744429295	0.7028911840705584	1.0	0.2921831199935045	0.5494406852419111	0.46517287081453124	1.0	1.0	0.38746392334300017	0.4948703705487874	0.4211002580760684	1.0	1.0	1.0	1.0	1.0	1.0	0.4781221697976026	0.46646033523438596	0.37499224018200006	0.4760471570779403	1.0	0.41593135410173754	1.0	0.5883146765915751	1.0	0.4828292702901753	1.0	0.49277092776267967	1.0	1.0
bs	0.3919726971375102	1.0	0.4606281038176048	0.4076738337198827	0.22436705362692522	0.23011429189685328	0.2353202210242585	0.2046862064433256	0.2281438011519007	0.21613079669963267	0.2520284951501986	0.3204706345586683	0.16421024924051222	0.23100264152249086	0.2469371401054168	0.22752149789198592	0.2541502172705666	0.3142578160925565	0.30059356068787374	0.35530501405893206	0.3890743896449626	0.24602034042282742	0.22520210905168106	0.23881975793158353	0.22014840000649466	0.22872332855525376	0.19565889006917786	1.0	0.28013234798677933	0.2329726778350959	0.22003547225802797	0.5660160774121898	0.2551787182454154	0.34547760954327894	0.22872332855525382
ceb	1.0	0.4606281038176048	1.0	1.0	0.2535979665048958	0.2381740851391595	1.0	0.11617547480897308	0.2795787460218297	0.15298550479023948	1.0	1.0	0.1559318246929175	0.25850213110035153	0.13888347938409035	1.0	1.0	0.4583943178917734	1.0	1.0	1.0	0.24069544136331664	0.253997421344288	0.21003190979416958	0.23890448539683942	0.5655189850283431	0.22311753150061375	1.0	0.4431319211705466	1.0	0.17400178012008807	1.0	0.3013525651192367	1.0	1.0
ckb	1.0	0.4076738337198827	1.0	1.0	0.5278094674010174	1.0	1.0	0.5788148614446592	0.5348568268611735	0.6750254037056733	1.0	1.0	1.0	1.0	0.7171176902274347	1.0	1.0	1.0	1.0	1.0	1.0	0.651610424238932	0.38081269864960954	0.6750254037056733	0.4413634955512298	1.0	0.3893540111452552	1.0	0.6667969795412325	1.0	0.7668655722928475	1.0	0.7221793916855704	1.0	1.0
da	0.39901747744429295	0.22436705362692522	0.2535979665048958	0.5278094674010174	1.0	0.12272456931509675	0.1437242197019887	0.09798986577078991	0.12366811665657979	0.11357202370129382	0.14268347266961404	0.30640381193057037	0.10878380968741747	0.1218106141448884	0.10666777660618817	0.1410962545827528	0.15687119638731345	0.21253144415402778	0.29013915657962375	0.2303374982283024	0.3789546086112542	0.11690210005916346	0.12457439539129068	0.11692223293064086	0.12478373992693968	0.13058033107916284	0.12253725500821626	0.6110569957520271	0.1802541571422591	0.13800292435936065	0.1094161716097216	0.6701591524560107	0.13930756313193768	0.2861012238669865	0.13887945305335386
de	0.7028911840705584	0.23011429189685328	0.2381740851391595	1.0	0.12272456931509675	1.0	0.162500272075787	0.055759276750493164	0.06871716882152247	0.05335019874042299	0.18398143453561955	0.4468947624722061	0.09043578819573189	0.08860970628825937	0.058212528737349785	0.16412249752051797	0.2425684553309116	0.24422551224035113	0.42462274507719866	0.4566679059882906	0.7075325319701226	0.07003515317259137	0.0780526020136243	0.07228725855649415	0.12409608893654062	0.10208490399578393	0.0962024988933804	1.0	0.2115097252108603	0.21502533758151862	0.07252455910148484	1.0	0.11152966456346877	0.5046230016565479	0.152644634454036
el	1.0	0.2353202210242585	1.0	1.0	0.1437242197019887	0.162500272075787	1.0	0.10288879854202243	0.17350190666730564	0.11184837323823528	1.0	1.0	0.1294558455287476	0.17233564676720378	0.10243771400572041	1.0	1.0	0.2901593829505633	1.0	1.0	1.0	0.16198175488239858	0.1718634162690738	0.15596379880612996	0.1542227292222292	0.609478000117064	0.14135403151463083	1.0	0.29580991577736937	1.0	0.16521873004951712	1.0	0.16738118468611418	1.0	1.0
en	0.2921831199935045	0.2046862064433256	0.11617547480897308	0.5788148614446592	0.09798986577078991	0.055759276750493164	0.10288879854202243	1.0	0.06206407352129568	0.052419385808538534	0.10120589437179504	0.18073513860035773	0.07669843495480172	0.07376111402446575	0.056367679803688626	0.09816543483458261	0.10188078953431175	0.19516565922239126	0.1622594295426964	0.1997581746832742	0.3732427526471301	0.06518086590522873	0.07069010572194263	0.06440590490478366	0.0926346092719281	0.09067727086791916	0.07667221074104755	0.5780965534243105	0.15237001350740947	0.11456125313037235	0.06595422899771916	0.5072591863365692	0.09080520875712404	0.21466243898428375	0.10164740820804478
es	0.5494406852419111	0.2281438011519007	0.2795787460218297	0.5348568268611735	0.12366811665657979	0.06871716882152247	0.17350190666730564	0.06206407352129568	1.0	0.05496864432864591	0.14895975201184813	0.3550046941125837	0.09115180642103238	0.09193857644539039	0.05883016287182313	0.1576761904409694	0.22504862556120475	0.2620933779379401	0.3260374866254865	0.4285904496600263	0.5910055389828529	0.07351901981423778	0.07939920827483724	0.07196997109102148	0.1254074152618446	0.09936779002552341	0.09218252782249352	1.0	0.20300710537281605	0.2141871781545173	0.07602144452389104	1.0	0.12175412136389563	0.4463738498694733	0.163817424979109
fr	0.46517287081453124	0.21613079669963267	0.15298550479023948	0.6750254037056733	0.11357202370129382	0.05335019874042299	0.11184837323823528	0.052419385808538534	0.05496864432864591	1.0	0.10721048687856854	0.25378985807331045	0.07904384886784839	0.07727947345790337	0.052135590103457044	0.10457659616299986	0.15443031917424443	0.23338672378010009	0.2668256613197639	0.3079064811224109	0.5200576327572984	0.05852277294467895	0.06646194246853977	0.059799970223677945	0.11318749629917813	0.06898296133958033	0.07901752614914694	0.7248485669756152	0.17308973279169113	0.14727596727990191	0.0620733203172989	0.7199285383279772	0.09595601092524089	0.36875998740243704	0.10163009328501842
he	1.0	0.2520284951501986	1.0	1.0	0.14268347266961404	0.18398143453561955	1.0	0.10120589437179504	0.14895975201184813	0.10721048687856854	1.0	1.0	0.11475346221126193	0.1385481547853929	0.10116996855516551	1.0	1.0	0.28007200644823316	1.0	1.0	1.0	0.12214820439637064	0.16956447054082427	0.13541547993235425	0.15189078957497507	0.6082009391506122	0.1282204182306218	1.0	0.24227910469510036	0.6909424428385662	0.1350913863277264	1.0	0.15657033720799163	1.0	1.0
hi	1.0	0.3204706345586683	1.0	1.0	0.30640381193057037	0.4468947624722061	1.0	0.18073513860035773	0.3550046941125837	0.25378985807331045	1.0	1.0	0.3203864172669181	0.261255420371131	0.28022638895601554	1.0	1.0	0.558928440995408	1.0	1.0	1.0	0.33705508780341065	0.295548356008661	0.3811816309052649	0.260401147635502	1.0	0.31080678991472815	1.0	0.44188583107461693	1.0	0.36974047119817327	1.0	0.3478174398670399	1.0	1.0
hu	0.38746392334300017	0.16421024924051222	0.1559318246929175	1.0	0.10878380968741747	0.09043578819573189	0.1294558455287476	0.07669843495480172	0.09115180642103238	0.07904384886784839	0.11475346221126193	0.3203864172669181	1.0	0.09383766293110331	0.07806288972806712	0.10571625578990243	0.12367700015368166	0.1758423548335634	0.22378188713559657	0.1716725046673645	0.3269627848324154	0.09070840682401912	0.10090073102572349	0.08722999915996538	0.11172485047387555	0.10232037609586962	0.09045722718904801	0.728099120889861	0.16302514827863535	0.134541759828087	0.08445119175549548	0.6067454105236015	0.11338640414419933	0.2720845131573561	0.1163010380193542
id	0.4948703705487874	0.23100264152249086	0.25850213110035153	1.0	0.1218106141448884	0.08860970628825937	0.17233564676720378	0.07376111402446575	0.09193857644539039	0.07727947345790337	0.1385481547853929	0.261255420371131	0.09383766293110331	1.0	0.07715598638563108	0.11062724728984233	0.1527155349423341	0.21086919989585162	0.27585144737179695	0.3001708946636483	0.4865292234933383	0.09404100083748985	0.10242338716257075	0.09162835171363282	0.12659067797148688	0.10199385467512366	0.09537203362356456	0.728099120889861	0.20110681022045174	0.15535971056803394	0.09790135080020969	0.593659722556896	0.11476263712327014	0.31892380500358325	0.12339159552759338
it	0.4211002580760684	0.2469371401054168	0.13888347938409035	0.7171176902274347	0.10666777660618817	0.058212528737349785	0.10243771400572041	0.056367679803688626	0.05883016287182313	0.052135590103457044	0.10116996855516551	0.28022638895601554	0.07806288972806712	0.07715598638563108	1.0	0.10354066373532217	0.1224885244549318	0.20828443084452047	0.2739854083791451	0.25209287931439367	0.4671354648653422	0.06189056033016542	0.06743749715550768	0.06227022668437399	0.11373240524324855	0.0774765728148054	0.07965596941082786	0.661251134120194	0.18061874199998698	0.1333381202804307	0.06289757781133236	0.7248485669756152	0.09774920159739804	0.36325230242843676	0.09423295294123418
ja	1.0	0.22752149789198592	1.0	1.0	0.1410962545827528	0.16412249752051797	1.0	0.09816543483458261	0.1576761904409694	0.10457659616299986	1.0	1.0	0.10571625578990243	0.11062724728984233	0.10354066373532217	1.0	1.0	0.3350812560341292	1.0	1.0	1.0	0.1295897653006183	0.14788896105833363	0.1185042901745488	0.13674748904663192	0.607200990179039	0.11551065535131211	1.0	0.2304062979266465	0.690825013654182	0.11559860883543835	1.0	0.15570251813667646	0.702169013559907	1.0
ko	1.0	0.2541502172705666	1.0	1.0	0.15687119638731345	0.2425684553309116	1.0	0.10188078953431175	0.22504862556120475	0.15443031917424443	1.0	1.0	0.12367700015368166	0.1527155349423341	0.1224885244549318	1.0	1.0	0.35312457010976495	1.0	1.0	1.0	0.1658504097159136	0.18893994701179131	0.16811273902271384	0.1591446158388454	0.5621489601205814	0.1307639390504667	1.0	0.2676183589506937	0.692917832839993	0.1613864460551325	1.0	0.18018385968795952	1.0	1.0
lv	1.0	0.3142578160925565	0.4583943178917734	1.0	0.21253144415402778	0.24422551224035113	0.2901593829505633	0.19516565922239126	0.2620933779379401	0.23338672378010009	0.28007200644823316	0.558928440995408	0.1758423548335634	0.21086919989585162	0.20828443084452047	0.3350812560341292	0.35312457010976495	1.0	0.39479068344774315	0.43364185497473673	0.6463474082678702	0.26833526437720717	0.2226636337654818	0.23679488959746103	0.24441454423407646	0.2782448459271966	0.22564853742342897	1.0	0.2901371136875247	0.326123144523458	0.2807953875199352	1.0	0.25356583455936754	0.32074613678412645	0.289235635701056
mk	1.0	0.30059356068787374	1.0	1.0	0.29013915657962375	0.42462274507719866	1.0	0.1622594295426964	0.3260374866254865	0.2668256613197639	1.0	1.0	0.22378188713559657	0.27585144737179695	0.2739854083791451	1.0	1.0	0.39479068344774315	1.0	1.0	1.0	0.3194161814092941	0.29479895111896937	0.25066125117274257	0.19953898792827784	0.6954089837405419	0.30171414984020256	1.0	0.3868710697718898	1.0	0.3233400757014156	1.0	0.297694563940978	1.0	1.0
ml	1.0	0.35530501405893206	1.0	1.0	0.2303374982283024	0.4566679059882906	1.0	0.1997581746832742	0.4285904496600263	0.3079064811224109	1.0	1.0	0.1716725046673645	0.3001708946636483	0.25209287931439367	1.0	1.0	0.43364185497473673	1.0	1.0	1.0	0.3523446999397673	0.31466621653973864	0.3258809327748198	0.22746450128271625	1.0	0.27251381076553427	1.0	0.3771443805956318	1.0	0.3500995836325692	1.0	0.29601329534535314	1.0	1.0
mr	1.0	0.3890743896449626	1.0	1.0	0.3789546086112542	0.7075325319701226	1.0	0.3732427526471301	0.5910055389828529	0.5200576327572984	1.0	1.0	0.3269627848324154	0.4865292234933383	0.4671354648653422	1.0	1.0	0.6463474082678702	1.0	1.0	1.0	0.6364353709769035	0.5924658130616859	0.3841878416556144	0.3372542681999039	1.0	0.5967739643846038	1.0	0.571924162052103	1.0	0.7091953875376781	1.0	0.48996896330665674	1.0	1.0
nl	0.4781221697976026	0.24602034042282742	0.24069544136331664	0.651610424238932	0.11690210005916346	0.07003515317259137	0.16198175488239858	0.06518086590522873	0.07351901981423778	0.05852277294467895	0.12214820439637064	0.33705508780341065	0.09070840682401912	0.09404100083748985	0.06189056033016542	0.1295897653006183	0.1658504097159136	0.26833526437720717	0.3194161814092941	0.3523446999397673	0.6364353709769035	1.0	0.07889525407920724	0.07501896221850757	0.12641973303977924	0.08530236192256892	0.08836877402514866	1.0	0.20410412660237437	0.14596429506467212	0.07401254789038471	1.0	0.11209867036867283	0.4092955669951534	0.13838099068686444
pl	0.46646033523438596	0.22520210905168106	0.253997421344288	0.38081269864960954	0.12457439539129068	0.0780526020136243	0.1718634162690738	0.07069010572194263	0.07939920827483724	0.06646194246853977	0.16956447054082427	0.295548356008661	0.10090073102572349	0.10242338716257075	0.06743749715550768	0.14788896105833363	0.18893994701179131	0.2226636337654818	0.29479895111896937	0.31466621653973864	0.5924658130616859	0.07889525407920724	1.0	0.08416189759324401	0.13018849078277983	0.09933727022267422	0.09917598973015596	0.3915708835493017	0.20304136226177927	0.19948634457782757	0.07824971104567408	0.7221793916855703	0.12890276390005836	0.4542119780054652	0.14662350670286084
pt	0.37499224018200006	0.23881975793158353	0.21003190979416958	0.6750254037056733	0.11692223293064086	0.07228725855649415	0.15596379880612996	0.06440590490478366	0.07196997109102148	0.059799970223677945	0.13541547993235425	0.3811816309052649	0.08722999915996538	0.09162835171363282	0.06227022668437399	0.1185042901745488	0.16811273902271384	0.23679488959746103	0.25066125117274257	0.3258809327748198	0.3841878416556144	0.07501896221850757	0.08416189759324401	1.0	0.11667405490325569	0.09415115152554743	0.08835422387641312	0.7248485669756152	0.1872603885706895	0.14532704811975006	0.07487795658070437	1.0	0.11021077116191305	0.32742113439078957	0.12381139703253925
ro	0.4760471570779403	0.22014840000649466	0.23890448539683942	0.4413634955512298	0.12478373992693968	0.12409608893654062	0.1542227292222292	0.0926346092719281	0.1254074152618446	0.11318749629917813	0.15189078957497507	0.260401147635502	0.11172485047387555	0.12659067797148688	0.11373240524324855	0.13674748904663192	0.1591446158388454	0.24441454423407646	0.19953898792827784	0.22746450128271625	0.3372542681999039	0.12641973303977924	0.13018849078277983	0.11667405490325569	1.0	0.13338901885649562	0.11555781509263358	0.7834965055871609	0.20497692000530196	0.178186569589351	0.12055930967393884	1.0	0.12138877850223814	0.1703484124899124	0.14728366131802678
ru	1.0	0.22872332855525376	0.5655189850283431	1.0	0.13058033107916284	0.10208490399578393	0.609478000117064	0.09067727086791916	0.09936779002552341	0.06898296133958033	0.6082009391506122	1.0	0.10232037609586962	0.10199385467512366	0.0774765728148054	0.607200990179039	0.5621489601205814	0.2782448459271966	0.6954089837405419	1.0	1.0	0.08530236192256892	0.09933727022267422	0.09415115152554743	0.13338901885649562	1.0	0.10723916536747309	1.0	0.21291166353868732	0.6099487838580656	0.08851619624361062	1.0	0.13636051753294803	0.575465223817231	0.5591285032883134
sh	0.41593135410173754	0.19565889006917786	0.22311753150061375	0.3893540111452552	0.12253725500821626	0.0962024988933804	0.14135403151463083	0.07667221074104755	0.09218252782249352	0.07901752614914694	0.1282204182306218	0.31080678991472815	0.09045722718904801	0.09537203362356456	0.07965596941082786	0.11551065535131211	0.1307639390504667	0.22564853742342897	0.30171414984020256	0.27251381076553427	0.5967739643846038	0.08836877402514866	0.09917598973015596	0.08835422387641312	0.11555781509263358	0.10723916536747309	1.0	1.0	0.2086588913442754	0.13344997469795075	0.08972221560536599	0.7300208629885034	0.12175948196860012	0.3120045494783369	0.12158647442997297
si	1.0	1.0	1.0	1.0	0.6110569957520271	1.0	1.0	0.5780965534243105	1.0	0.7248485669756152	1.0	1.0	0.728099120889861	0.728099120889861	0.661251134120194	1.0	1.0	1.0	1.0	1.0	1.0	1.0	0.3915708835493017	0.7248485669756152	0.7834965055871609	1.0	1.0	1.0	0.6786291688147437	1.0	1.0	1.0	0.6667969795412325	1.0	1.0
simple	0.5883146765915751	0.28013234798677933	0.4431319211705466	0.6667969795412325	0.1802541571422591	0.2115097252108603	0.29580991577736937	0.15237001350740947	0.20300710537281605	0.17308973279169113	0.24227910469510036	0.44188583107461693	0.16302514827863535	0.20110681022045174	0.18061874199998698	0.2304062979266465	0.2676183589506937	0.2901371136875247	0.3868710697718898	0.3771443805956318	0.571924162052103	0.20410412660237437	0.20304136226177927	0.1872603885706895	0.20497692000530196	0.21291166353868732	0.2086588913442754	0.6786291688147437	1.0	0.2669412744840827	0.18504893699215821	0.7322034805959263	0.21379612024021902	0.42628535275960955	0.23493870601999783
sr	1.0	0.2329726778350959	1.0	1.0	0.13800292435936065	0.21502533758151862	1.0	0.11456125313037235	0.2141871781545173	0.14727596727990191	0.6909424428385662	1.0	0.134541759828087	0.15535971056803394	0.1333381202804307	0.690825013654182	0.692917832839993	0.326123144523458	1.0	1.0	1.0	0.14596429506467212	0.19948634457782757	0.14532704811975006	0.178186569589351	0.6099487838580656	0.13344997469795075	1.0	0.2669412744840827	1.0	0.17635904593662738	1.0	0.2116067956943046	0.7026445955663441	0.6905961862774881
sv	0.4828292702901753	0.22003547225802797	0.17400178012008807	0.7668655722928475	0.1094161716097216	0.07252455910148484	0.16521873004951712	0.06595422899771916	0.07602144452389104	0.0620733203172989	0.1350913863277264	0.36974047119817327	0.08445119175549548	0.09790135080020969	0.06289757781133236	0.11559860883543835	0.1613864460551325	0.2807953875199352	0.3233400757014156	0.3500995836325692	0.7091953875376781	0.07401254789038471	0.07824971104567408	0.07487795658070437	0.12055930967393884	0.08851619624361062	0.08972221560536599	1.0	0.18504893699215821	0.17635904593662738	1.0	1.0	0.1033446122589434	0.44438419084336545	0.11183277723377998
te	1.0	0.5660160774121898	1.0	1.0	0.6701591524560107	1.0	1.0	0.5072591863365692	1.0	0.7199285383279772	1.0	1.0	0.6067454105236015	0.593659722556896	0.7248485669756152	1.0	1.0	1.0	1.0	1.0	1.0	1.0	0.7221793916855703	1.0	1.0	1.0	0.7300208629885034	1.0	0.7322034805959263	1.0	1.0	1.0	0.7263875964832448	1.0	1.0
vi	0.49277092776267967	0.2551787182454154	0.3013525651192367	0.7221793916855704	0.13930756313193768	0.11152966456346877	0.16738118468611418	0.09080520875712404	0.12175412136389563	0.09595601092524089	0.15657033720799163	0.3478174398670399	0.11338640414419933	0.11476263712327014	0.09774920159739804	0.15570251813667646	0.18018385968795952	0.25356583455936754	0.297694563940978	0.29601329534535314	0.48996896330665674	0.11209867036867283	0.12890276390005836	0.11021077116191305	0.12138877850223814	0.13636051753294803	0.12175948196860012	0.6667969795412325	0.21379612024021902	0.2116067956943046	0.1033446122589434	0.7263875964832448	1.0	0.3555750154978846	0.14494706070785354
war	1.0	0.34547760954327894	1.0	1.0	0.2861012238669865	0.5046230016565479	1.0	0.21466243898428375	0.4463738498694733	0.36875998740243704	1.0	1.0	0.2720845131573561	0.31892380500358325	0.36325230242843676	0.702169013559907	1.0	0.32074613678412645	1.0	1.0	1.0	0.4092955669951534	0.4542119780054652	0.32742113439078957	0.1703484124899124	0.575465223817231	0.3120045494783369	1.0	0.42628535275960955	0.7026445955663441	0.44438419084336545	1.0	0.3555750154978846	1.0	0.7019395434758627
zh	1.0	0.22872332855525382	1.0	1.0	0.13887945305335386	0.152644634454036	1.0	0.10164740820804478	0.163817424979109	0.10163009328501842	1.0	1.0	0.1163010380193542	0.12339159552759338	0.09423295294123418	1.0	1.0	0.289235635701056	1.0	1.0	1.0	0.13838099068686444	0.14662350670286084	0.12381139703253925	0.14728366131802678	0.5591285032883134	0.12158647442997297	1.0	0.23493870601999783	0.6905961862774881	0.11183277723377998	1.0	0.14494706070785354	0.7019395434758627	1.0
