arz	bs	ceb	ckb	da	de	el	en	es	fr	he	hi	hu	id	it	ja	ko	lv	mk	ml	mr	nl	pl	pt	ro	ru	sh	si	simple	sr	sv	te	vi	war	zh
arz	1.0	0.4980197975965289	0.6571702826516209	0.5687178384596139	0.3172679676886926	0.3552125590768607	0.3427331896321581	0.35302957374130056	0.5931483490421888	0.5180380722565237	0.5054375652234174	0.749506019670501	0.6202612027540406	0.49423183170744145	0.32140310132727135	0.519402008946748	0.4455084042108299	0.5243444940791571	0.3387726427302467	0.3997832352347887	0.69692052389251	0.3738627405996097	0.5444667561999813	0.2821674850286679	0.4081192153424406	0.5960827272626168	0.4628272186956687	1.0	0.4228618629537032	0.4982108637915101	0.5071479172814383	1.0	0.7151308253409524	0.5937841364956394	0.32269520266883966
bs	0.4980197975965289	1.0	0.4981652170207635	0.4993042199560262	0.2924133098346821	0.3582198177775057	0.43044806791549495	0.3376489790624873	0.41010521770626174	0.6047407105049868	0.470713048845768	0.7682113212213755	0.5839835243693208	0.37158768636039397	0.2829421979310037	0.589620568421828	0.45377038955107246	0.5800084885987965	0.2948443959871908	0.37997973682238123	0.5235664928336231	0.3864646641279535	0.53426075971146	0.37360484045376036	0.4125682088679041	0.6286220909734845	0.5914004842181434	1.0	0.26691857898240073	0.5136348200679636	0.6071957556240147	1.0	0.44847328070556397	0.6468553723115765	0.4951350671486984
ceb	0.6571702826516209	0.4981652170207635	1.0	0.758189117345358	0.36868143299942446	0.7502477598910112	0.7265334708466399	0.3474294994467547	0.72653347084664	0.8252244849082946	0.72653347084664	1.0	0.5963562526961871	0.7527044918685463	0.4015863989185124	0.7339023149005872	0.49460582227344696	0.6569998762970467	0.6704299465665488	0.4576444201675777	0.7265334708466399	0.6704675947063355	0.388878943088341	0.7105872722972744	0.4848393096340185	1.0	0.37684515113674705	1.0	0.6571702826516209	0.6606673429064904	0.7584325078215763	1.0	0.7265334708466399	1.0	0.8156775330358156
ckb	0.5687178384596139	0.4993042199560262	0.758189117345358	1.0	0.29465593140542107	0.48348482164394535	0.35911588472100003	0.33478484597514985	0.3180228728460159	0.4826799192185268	0.4393739224347371	0.7690990303325336	0.4538598290073323	0.3677737382377783	0.31063386053228925	0.458742614328999	0.44782586018846615	0.47198755735884335	0.3620207152166254	0.43382699075529874	0.6796190927226037	0.38081559583187957	0.46616011740997887	0.43887110061400264	0.380745175234512	0.4752431124090673	0.41741229219963477	1.0	0.2921470540476565	0.5417518862374006	0.47476026522735437	1.0	0.4825642360073406	0.7054857284623358	0.38321594858609564
da	0.3172679676886926	0.2924133098346821	0.36868143299942446	0.29465593140542107	1.0	0.18835757194067218	0.2511383258083112	0.2243136477549916	0.24619209328037342	0.1882130854098309	0.2730667279280235	0.6743202287441529	0.29625216522676945	0.2525481614801345	0.23125509153460957	0.2550810581574986	0.26776507825460716	0.23381275889492517	0.2309097139781442	0.37372040196015305	0.34691163655844026	0.23351446741924242	0.2754131690351858	0.23554473890390773	0.2718613886479332	0.2149278140129067	0.2830374836173467	1.0	0.23147675640165685	0.2747055812419314	0.2613143412719478	1.0	0.2778737763439761	0.3294491926611592	0.2658596892020942
de	0.3552125590768607	0.3582198177775057	0.7502477598910112	0.48348482164394535	0.18835757194067218	1.0	0.27598711294254163	0.19124155718970928	0.190088554372578	0.1828102971459936	0.21731327676933798	0.46470625186740117	0.23681484137227918	0.27927277093215475	0.2125981041976254	0.19990859682204867	0.23338169759914795	0.3027240445644726	0.284887244803742	0.40614084690869917	0.8293775337081539	0.1935715409076191	0.2160786447138829	0.23815547520136826	0.268013103913147	0.15152514844675716	0.3011575819225884	1.0	0.23467884595230973	0.28176321106783586	0.17893885264161585	1.0	0.21091259815160096	0.6872255729502672	0.239321039152822
el	0.3427331896321581	0.43044806791549495	0.7265334708466399	0.35911588472100003	0.2511383258083112	0.27598711294254163	1.0	0.39864725191080863	0.352507334189669	0.25596738161761523	0.3489063720454588	0.42192256471612655	0.3819476227813582	0.3184403506860669	0.24580174137384952	0.389842126551185	0.3946999443523447	0.43837439427151775	0.3211117529463471	0.31240754933758547	0.6456683635167548	0.2898497315417025	0.36889279084534965	0.30709056741323154	0.41479595152403265	0.3939942895601996	0.4476799888578197	1.0	0.27854747343961167	0.37764223646254574	0.3987713728517305	1.0	0.3731664853733062	0.3532246605228822	0.4339987206076109
en	0.35302957374130056	0.3376489790624873	0.3474294994467547	0.33478484597514985	0.2243136477549916	0.19124155718970928	0.39864725191080863	1.0	0.297364077623867	0.25904378753870666	0.3164352629893277	0.6723191802055581	0.3387064026409165	0.28916879409635976	0.2773976010194211	0.3174318211131379	0.3350215723339602	0.40904782618947255	0.2542814242786957	0.35104557040104956	0.3154897730420576	0.19076761790984184	0.2753882844827147	0.32434299320336313	0.3064980498159722	0.1774751022400823	0.3647257361128387	1.0	0.25971924431885973	0.34138769596983815	0.2994260607898102	1.0	0.3074598857319699	0.40312535271534966	0.35628133598584233
es	0.5931483490421888	0.41010521770626174	0.72653347084664	0.3180228728460159	0.24619209328037342	0.190088554372578	0.352507334189669	0.297364077623867	1.0	0.2259281214808916	0.34873149933656955	1.0	0.36240402120687776	0.3204399226496553	0.2951078632160197	0.2993730283112788	0.3258952171496743	0.37807841970771994	0.2716742763767912	0.4025099931945596	0.8023310451564424	0.2022004439146272	0.28855120895561837	0.3436388117427399	0.4094959821750679	0.2100840239802663	0.4149600356957964	1.0	0.3332012040712512	0.4131522205682031	0.28036405985164603	1.0	0.3447993806722417	0.6239725949460845	0.41049115532074604
fr	0.5180380722565237	0.6047407105049868	0.8252244849082946	0.4826799192185268	0.1882130854098309	0.1828102971459936	0.25596738161761523	0.25904378753870666	0.2259281214808916	1.0	0.26308591720570007	0.7690990303325336	0.23319814601684927	0.2289254589451215	0.2628949037912689	0.24322600809372524	0.2335865169812299	0.279774351415484	0.274489351497975	0.4469752913036473	0.7057049548533183	0.1640553722297231	0.24671799296891875	0.2739056038907894	0.26622677459594357	0.17564304446210416	0.2525172125229982	1.0	0.254359598209906	0.2550219719512365	0.22672653304502854	1.0	0.2526910547615342	0.8374125296219865	0.2329466303790145
he	0.5054375652234174	0.470713048845768	0.72653347084664	0.4393739224347371	0.2730667279280235	0.21731327676933798	0.3489063720454588	0.3164352629893277	0.34873149933656955	0.26308591720570007	1.0	0.6940653703630968	0.3769457305043264	0.2982948721922959	0.2605906711743575	0.3763770664026796	0.3482599235407295	0.46970268674708876	0.2966085845583234	0.498326704541979	0.5945273383028996	0.232152204858182	0.35763726924486	0.38985733112203347	0.4282503804828352	0.3184244502366206	0.37353426969666303	1.0	0.2725554695054599	0.3481172367938672	0.3427217074843655	1.0	0.33270943976525835	0.6097744265121999	0.3824736384648751
hi	0.749506019670501	0.7682113212213755	1.0	0.7690990303325336	0.6743202287441529	0.46470625186740117	0.42192256471612655	0.6723191802055581	1.0	0.7690990303325336	0.6940653703630968	1.0	0.6940653703630968	0.795221877436317	0.6937337497319491	0.6743202287441529	0.37875798857261517	0.7690990303325336	0.46683955854847536	0.6656718017886321	1.0	0.6698766910334878	0.6574918396081487	0.7918261207939975	0.7178788244113108	0.7690990303325336	0.5441148751707646	1.0	0.7863954451402115	0.644757521068202	0.7690990303325336	1.0	0.7690990303325336	1.0	0.40160677883855883
hu	0.6202612027540406	0.5839835243693208	0.5963562526961871	0.4538598290073323	0.29625216522676945	0.23681484137227918	0.3819476227813582	0.3387064026409165	0.36240402120687776	0.23319814601684927	0.3769457305043264	0.6940653703630968	1.0	0.2949703678035065	0.25731493277930767	0.4695072453459161	0.4207722377651904	0.41544096289467236	0.26683304799246743	0.390084995940031	0.5586880521603157	0.23093244372782465	0.4175877856439769	0.3180557903239074	0.37682405591267343	0.4023369229144709	0.4058383860870615	1.0	0.27610858158512136	0.43447326879157	0.48425306167368254	1.0	0.41809968691213545	0.5691839635043601	0.46442357164120956
id	0.49423183170744145	0.37158768636039397	0.7527044918685463	0.3677737382377783	0.2525481614801345	0.27927277093215475	0.3184403506860669	0.28916879409635976	0.3204399226496553	0.2289254589451215	0.2982948721922959	0.795221877436317	0.2949703678035065	1.0	0.2569826091259071	0.33849165868410724	0.3439205118915331	0.33226302133405816	0.27299721106672753	0.278697350766979	0.7927953270309434	0.2772076690395245	0.2535067553426288	0.30606295116237064	0.3527737785983068	0.3192593175396051	0.35870329984777544	1.0	0.26451875054786883	0.3525401115911291	0.37643241617225875	1.0	0.2349227733381227	0.5453611397553413	0.30255295749868283
it	0.32140310132727135	0.2829421979310037	0.4015863989185124	0.31063386053228925	0.23125509153460957	0.2125981041976254	0.24580174137384952	0.2773976010194211	0.2951078632160197	0.2628949037912689	0.2605906711743575	0.6937337497319491	0.25731493277930767	0.2569826091259071	1.0	0.2661829655923077	0.2296605750001128	0.276725819132254	0.2735913149585352	0.37319649961328905	0.35379315591277033	0.18850374255583555	0.22084155319648271	0.2533255460120603	0.2508166119902502	0.2706331304265605	0.2562388623784945	1.0	0.20599826164224538	0.2754825955603857	0.23471062927834685	1.0	0.22271903044025287	0.34926691271904114	0.3005964498072927
ja	0.519402008946748	0.589620568421828	0.7339023149005872	0.458742614328999	0.2550810581574986	0.19990859682204867	0.389842126551185	0.3174318211131379	0.2993730283112788	0.24322600809372524	0.3763770664026796	0.6743202287441529	0.4695072453459161	0.33849165868410724	0.2661829655923077	1.0	0.3580708133105997	0.3976075629900733	0.2826725981665087	0.46150328430712	0.6698665337059716	0.1991590417808781	0.3574062483247822	0.38047613272429864	0.4487620930533617	0.2096535018869573	0.5224299856096584	1.0	0.2918685181650156	0.42574638951247157	0.32121041354279184	1.0	0.37530868838926307	0.6968572823285607	0.4078674446986666
ko	0.4455084042108299	0.45377038955107246	0.49460582227344696	0.44782586018846615	0.26776507825460716	0.23338169759914795	0.3946999443523447	0.3350215723339602	0.3258952171496743	0.2335865169812299	0.3482599235407295	0.37875798857261517	0.4207722377651904	0.3439205118915331	0.2296605750001128	0.3580708133105997	1.0	0.381522410512268	0.2822945616476018	0.403969866880619	0.5215956544169691	0.27094091654906005	0.3396793247396909	0.33569985554434445	0.36841550561116443	0.36328914204005824	0.42889122142662883	1.0	0.2502358155248623	0.39412410892919053	0.3755503485151979	1.0	0.38633674910441895	0.5093091936183164	0.4184480000779859
lv	0.5243444940791571	0.5800084885987965	0.6569998762970467	0.47198755735884335	0.23381275889492517	0.3027240445644726	0.43837439427151775	0.40904782618947255	0.37807841970771994	0.279774351415484	0.46970268674708876	0.7690990303325336	0.41544096289467236	0.33226302133405816	0.276725819132254	0.3976075629900733	0.381522410512268	1.0	0.29866986202135865	0.4502873331530014	0.5704461990323533	0.31521138499652324	0.5061094257725741	0.3759430964895427	0.4365622606996723	0.4320161322564212	0.48732150118944023	1.0	0.23714266031914824	0.40335479829933124	0.5145589993185438	1.0	0.39750182737245676	0.5690976327749694	0.49035238047513896
mk	0.3387726427302467	0.2948443959871908	0.6704299465665488	0.3620207152166254	0.2309097139781442	0.284887244803742	0.3211117529463471	0.2542814242786957	0.2716742763767912	0.274489351497975	0.2966085845583234	0.46683955854847536	0.26683304799246743	0.27299721106672753	0.2735913149585352	0.2826725981665087	0.2822945616476018	0.29866986202135865	1.0	0.3886426039573927	0.7687971099925351	0.2659821309635242	0.26806098633084186	0.28690520266494707	0.29932901050805705	0.28398766902863165	0.28224365395313267	1.0	0.23993735581375764	0.2684988554328148	0.28472773461072487	1.0	0.21741333659979395	0.35945698671271914	0.2942406293467547
ml	0.3997832352347887	0.37997973682238123	0.4576444201675777	0.43382699075529874	0.37372040196015305	0.40614084690869917	0.31240754933758547	0.35104557040104956	0.4025099931945596	0.4469752913036473	0.498326704541979	0.6656718017886321	0.390084995940031	0.278697350766979	0.37319649961328905	0.46150328430712	0.403969866880619	0.4502873331530014	0.3886426039573927	1.0	0.43169139933129475	0.4281523229282483	0.40936232651274823	0.37726132149224934	0.33797337075168293	0.4089541291368391	0.4054192226713523	1.0	0.42670297818365327	0.3809495752287546	0.4161509640380497	1.0	0.37620383346471675	0.45749236745643546	0.4519501605143849
mr	0.69692052389251	0.5235664928336231	0.7265334708466399	0.6796190927226037	0.34691163655844026	0.8293775337081539	0.6456683635167548	0.3154897730420576	0.8023310451564424	0.7057049548533183	0.5945273383028996	1.0	0.5586880521603157	0.7927953270309434	0.35379315591277033	0.6698665337059716	0.5215956544169691	0.5704461990323533	0.7687971099925351	0.43169139933129475	1.0	0.6589235179806082	0.3550376049928025	0.3295946994081511	0.4734759656935565	0.7106922308883378	0.410252262275468	1.0	0.7020847609373113	0.7540442064557797	0.6263324602325806	1.0	0.661867994241987	0.7106922308883378	0.3829225656192923
nl	0.3738627405996097	0.3864646641279535	0.6704675947063355	0.38081559583187957	0.23351446741924242	0.1935715409076191	0.2898497315417025	0.19076761790984184	0.2022004439146272	0.1640553722297231	0.232152204858182	0.6698766910334878	0.23093244372782465	0.2772076690395245	0.18850374255583555	0.1991590417808781	0.27094091654906005	0.31521138499652324	0.2659821309635242	0.4281523229282483	0.6589235179806082	1.0	0.24271617121540795	0.24807929123964878	0.31099149743493676	0.19937804188606464	0.4120909136123903	1.0	0.26614803759312367	0.34999214373831455	0.22171036164884997	1.0	0.27712969344476357	0.5100054433975796	0.27608538033248853
pl	0.5444667561999813	0.53426075971146	0.388878943088341	0.46616011740997887	0.2754131690351858	0.2160786447138829	0.36889279084534965	0.2753882844827147	0.28855120895561837	0.24671799296891875	0.35763726924486	0.6574918396081487	0.4175877856439769	0.2535067553426288	0.22084155319648271	0.3574062483247822	0.3396793247396909	0.5061094257725741	0.26806098633084186	0.40936232651274823	0.3550376049928025	0.24271617121540795	1.0	0.3161761619222205	0.3402478453728221	0.3229471758523055	0.5033639431420953	1.0	0.2588650090308493	0.3987979069172047	0.3569404770230029	1.0	0.3164653529795922	0.5750952611403896	0.38903541378465983
pt	0.2821674850286679	0.37360484045376036	0.7105872722972744	0.43887110061400264	0.23554473890390773	0.23815547520136826	0.30709056741323154	0.32434299320336313	0.3436388117427399	0.2739056038907894	0.38985733112203347	0.7918261207939975	0.3180557903239074	0.30606295116237064	0.2533255460120603	0.38047613272429864	0.33569985554434445	0.3759430964895427	0.28690520266494707	0.37726132149224934	0.3295946994081511	0.24807929123964878	0.3161761619222205	1.0	0.3570544327784998	0.36076876605992825	0.34027880821649803	1.0	0.245648142315868	0.3298372119459503	0.3673389975127853	1.0	0.3309267089985759	0.30637803336504876	0.35067915867245225
ro	0.4081192153424406	0.4125682088679041	0.4848393096340185	0.380745175234512	0.2718613886479332	0.268013103913147	0.41479595152403265	0.3064980498159722	0.4094959821750679	0.26622677459594357	0.4282503804828352	0.7178788244113108	0.37682405591267343	0.3527737785983068	0.2508166119902502	0.4487620930533617	0.36841550561116443	0.4365622606996723	0.29932901050805705	0.33797337075168293	0.4734759656935565	0.31099149743493676	0.3402478453728221	0.3570544327784998	1.0	0.4121504446105443	0.4057829803212902	1.0	0.3165296338569926	0.3969199758797012	0.43045362172074514	1.0	0.38617330738787503	0.44751295005993047	0.37883662021512776
ru	0.5960827272626168	0.6286220909734845	1.0	0.4752431124090673	0.2149278140129067	0.15152514844675716	0.3939942895601996	0.1774751022400823	0.2100840239802663	0.17564304446210416	0.3184244502366206	0.7690990303325336	0.4023369229144709	0.3192593175396051	0.2706331304265605	0.2096535018869573	0.36328914204005824	0.4320161322564212	0.28398766902863165	0.4089541291368391	0.7106922308883378	0.19937804188606464	0.3229471758523055	0.36076876605992825	0.4121504446105443	1.0	0.44988618000399255	1.0	0.2780992342040205	0.4224041916131268	0.3326769000291017	1.0	0.35447510841185625	0.7411828468492555	0.414210945175153
sh	0.4628272186956687	0.5914004842181434	0.37684515113674705	0.41741229219963477	0.2830374836173467	0.3011575819225884	0.4476799888578197	0.3647257361128387	0.4149600356957964	0.2525172125229982	0.37353426969666303	0.5441148751707646	0.4058383860870615	0.35870329984777544	0.2562388623784945	0.5224299856096584	0.42889122142662883	0.48732150118944023	0.28224365395313267	0.4054192226713523	0.410252262275468	0.4120909136123903	0.5033639431420953	0.34027880821649803	0.4057829803212902	0.44988618000399255	1.0	1.0	0.2628710138636976	0.4862875096975851	0.4953897433416859	1.0	0.4434259028382162	0.4931265961238088	0.4485434493488726
si	1.0	1.0	1.0	1.0	1.0	1.0	1.0	1.0	1.0	1.0	1.0	1.0	1.0	1.0	1.0	1.0	1.0	1.0	1.0	1.0	1.0	1.0	1.0	1.0	1.0	1.0	1.0	1.0	1.0	1.0	1.0	1.0	1.0	1.0	1.0
simple	0.4228618629537032	0.26691857898240073	0.6571702826516209	0.2921470540476565	0.23147675640165685	0.23467884595230973	0.27854747343961167	0.25971924431885973	0.3332012040712512	0.254359598209906	0.2725554695054599	0.7863954451402115	0.27610858158512136	0.26451875054786883	0.20599826164224538	0.2918685181650156	0.2502358155248623	0.23714266031914824	0.23993735581375764	0.42670297818365327	0.7020847609373113	0.26614803759312367	0.2588650090308493	0.245648142315868	0.3165296338569926	0.2780992342040205	0.2628710138636976	1.0	1.0	0.31064169616809756	0.28221248309206787	1.0	0.2301197516541016	0.30151739047548387	0.27357312643456555
sr	0.4982108637915101	0.5136348200679636	0.6606673429064904	0.5417518862374006	0.2747055812419314	0.28176321106783586	0.37764223646254574	0.34138769596983815	0.4131522205682031	0.2550219719512365	0.3481172367938672	0.644757521068202	0.43447326879157	0.3525401115911291	0.2754825955603857	0.42574638951247157	0.39412410892919053	0.40335479829933124	0.2684988554328148	0.3809495752287546	0.7540442064557797	0.34999214373831455	0.3987979069172047	0.3298372119459503	0.3969199758797012	0.4224041916131268	0.4862875096975851	1.0	0.31064169616809756	1.0	0.44001194170149144	1.0	0.2825644990818703	0.6272285495143545	0.38150462372493127
sv	0.5071479172814383	0.6071957556240147	0.7584325078215763	0.47476026522735437	0.2613143412719478	0.17893885264161585	0.3987713728517305	0.2994260607898102	0.28036405985164603	0.22672653304502854	0.3427217074843655	0.7690990303325336	0.48425306167368254	0.37643241617225875	0.23471062927834685	0.32121041354279184	0.3755503485151979	0.5145589993185438	0.28472773461072487	0.4161509640380497	0.6263324602325806	0.22171036164884997	0.3569404770230029	0.3673389975127853	0.43045362172074514	0.3326769000291017	0.4953897433416859	1.0	0.28221248309206787	0.44001194170149144	1.0	1.0	0.3568878288755607	0.7411828468492556	0.40520864957938857
te	1.0	1.0	1.0	1.0	1.0	1.0	1.0	1.0	1.0	1.0	1.0	1.0	1.0	1.0	1.0	1.0	1.0	1.0	1.0	1.0	1.0	1.0	1.0	1.0	1.0	1.0	1.0	1.0	1.0	1.0	1.0	1.0	1.0	1.0	1.0
vi	0.7151308253409524	0.44847328070556397	0.7265334708466399	0.4825642360073406	0.2778737763439761	0.21091259815160096	0.3731664853733062	0.3074598857319699	0.3447993806722417	0.2526910547615342	0.33270943976525835	0.7690990303325336	0.41809968691213545	0.2349227733381227	0.22271903044025287	0.37530868838926307	0.38633674910441895	0.39750182737245676	0.21741333659979395	0.37620383346471675	0.661867994241987	0.27712969344476357	0.3164653529795922	0.3309267089985759	0.38617330738787503	0.35447510841185625	0.4434259028382162	1.0	0.2301197516541016	0.2825644990818703	0.3568878288755607	1.0	1.0	0.5755916892712173	0.26298520934847797
war	0.5937841364956394	0.6468553723115765	1.0	0.7054857284623358	0.3294491926611592	0.6872255729502672	0.3532246605228822	0.40312535271534966	0.6239725949460845	0.8374125296219865	0.6097744265121999	1.0	0.5691839635043601	0.5453611397553413	0.34926691271904114	0.6968572823285607	0.5093091936183164	0.5690976327749694	0.35945698671271914	0.45749236745643546	0.7106922308883378	0.5100054433975796	0.5750952611403896	0.30637803336504876	0.44751295005993047	0.7411828468492555	0.4931265961238088	1.0	0.30151739047548387	0.6272285495143545	0.7411828468492556	1.0	0.5755916892712173	1.0	0.3657502823869376
zh	0.32269520266883966	0.4951350671486984	0.8156775330358156	0.38321594858609564	0.2658596892020942	0.239321039152822	0.4339987206076109	0.35628133598584233	0.41049115532074604	0.2329466303790145	0.3824736384648751	0.40160677883855883	0.46442357164120956	0.30255295749868283	0.3005964498072927	0.4078674446986666	0.4184480000779859	0.49035238047513896	0.2942406293467547	0.4519501605143849	0.3829225656192923	0.27608538033248853	0.38903541378465983	0.35067915867245225	0.37883662021512776	0.414210945175153	0.4485434493488726	1.0	0.27357312643456555	0.38150462372493127	0.40520864957938857	1.0	0.26298520934847797	0.3657502823869376	1.0
