arz	bs	ceb	ckb	da	de	el	en	es	fr	he	hi	hu	id	it	ja	ko	lv	mk	ml	mr	nl	pl	pt	ro	ru	sh	si	simple	sr	sv	te	vi	war	zh
arz	1.0	0.8016071312619631	0.8216064286890065	0.7221793916855703	0.0	1.0	1.0	1.0	1.0	0.5020797777427737	1.0	0.0	1.0	0.5660160774121898	1.0	1.0	1.0	1.0	1.0	0.37618163997417126	0.30392877569157994	1.0	0.5020797777427737	1.0	0.0	1.0	0.7361412429601097	0.41087394569346275	1.0	1.0	1.0	0.5426631676792687	1.0	0.6037841836404227	1.0
bs	0.8016071312619631	1.0	0.38465720940922915	0.28966925788419534	0.4582960478122589	0.2657947785394938	0.32503494731655264	0.21866944056385965	0.33773467755825387	0.1857753038909129	0.34629089559251336	0.0	0.3700395703267259	0.5608626864612628	0.22377016263449107	0.29603057826748164	0.32093597347205244	0.3683370114505675	0.3251665247769999	0.15082680093301226	0.176466271024373	0.3261921234118753	0.22994539259483343	0.3504935613185378	0.41451916354404916	0.33573257373308624	0.25810088118835234	0.17942301141910916	1.0	0.29735426825565603	0.3873915229593339	0.22717466597273842	0.3854908172590219	0.26515140632468553	0.3138524477419713
ceb	0.8216064286890065	0.38465720940922915	1.0	0.6704675947063355	0.629168488317523	0.6469690292595243	0.6520325218185723	0.6469690292595243	0.6265633723821188	0.6206174651696967	0.5687069385933142	0.6814274041655293	0.5996750015041121	0.6469690292595243	0.6751971429482105	0.37744345093378784	0.6216716055342459	0.6415215838021578	0.3743106604859134	0.6751971429482105	0.608985530491209	0.6751971429482105	0.6469690292595243	0.6226543860243501	0.6469690292595243	0.6469690292595243	0.629168488317523	0.5817406727309843	0.6157660774574596	0.6469690292595243	0.639156178057147	0.6983438190355966	0.5996750015041121	0.629168488317523	0.49604655172864015
ckb	0.7221793916855703	0.28966925788419534	0.6704675947063355	1.0	0.2629340415660966	0.2574135062297038	0.21700671873290395	0.16515542112779702	0.2299409175200562	0.19648431011778575	0.21094110001724722	0.2269050666904897	0.23064716303920674	0.22115666327788816	0.18581083484564825	0.1738214399653163	0.20153940184773939	0.26272834852568794	0.19346303549547791	0.26664390688177314	0.2389697985697152	0.2534325922660001	0.247811122665651	0.17400718065595536	0.23339599628846683	0.1543237878257963	0.17935401698458592	0.19644896709279933	0.1863621962111228	0.2583578999316844	0.17516433844649207	0.34501699929967017	0.23061899342033468	0.5638653148189141	0.16176020600763102
da	0.0	0.4582960478122589	0.629168488317523	0.2629340415660966	1.0	1.0	1.0	0.7411828468492556	1.0	0.42542612319071343	1.0	0.0	1.0	0.0	0.7690990303325336	1.0	1.0	1.0	1.0	0.12857245756401464	0.18497091646102554	1.0	0.6908587525207898	1.0	1.0	1.0	0.45627762828753365	0.15018075811716022	1.0	1.0	1.0	0.2162232025322486	0.0	0.4433615603291773	1.0
de	1.0	0.2657947785394938	0.6469690292595243	0.2574135062297038	1.0	1.0	0.29479485987341547	0.13186527912885496	0.1511088502020972	0.16264574712808694	0.20971858875650093	0.7863954451402115	0.49406988796293205	0.5736760406332369	0.2262067557684424	0.5863089236503654	0.3266228770225383	0.49406988796293194	0.2815745102079668	0.1017206878512533	0.16385443147349882	0.24483679678741974	0.11938590367972911	0.34290849975086335	0.5722098069717034	0.15423862990087056	0.2918062560057209	0.15195833496982003	0.3477564795905147	0.21840806922328454	0.3808824090387725	0.1721505637592052	0.48543008557359996	0.40572467829121944	0.3149024033823956
el	1.0	0.32503494731655264	0.6520325218185723	0.21700671873290395	1.0	0.29479485987341547	1.0	0.2713706972836484	0.5568670945588428	0.21103666841628665	1.0	0.0	1.0	0.4702762018265766	0.2492824932393893	1.0	1.0	1.0	1.0	0.1164897805140467	0.15796376018340932	0.48661792869217774	0.27365216220487604	1.0	0.8527592016360277	1.0	0.3003107319257319	0.16865263345792494	1.0	1.0	0.6667969795412325	0.17889975407983752	1.0	0.36368154283968407	1.0
en	1.0	0.21866944056385965	0.6469690292595243	0.16515542112779702	0.7411828468492556	0.13186527912885496	0.2713706972836484	1.0	0.15735798008672044	0.15730464221082008	0.18421614808868797	1.0	0.42764188951060395	0.7286826595007063	0.16883268887334296	0.5362019922833289	0.2619588252255859	0.5201636212903548	0.23625443855559622	0.08837688732297327	0.14660653285403297	0.19216674840684458	0.1062751150158385	0.21341200067522925	0.43672718253580645	0.16032174364709986	0.22355189975862894	0.13274260836605933	0.31022964782908563	0.1872439135782724	0.22772347192750206	0.12752422218675286	0.5851960606144827	0.3839013784694669	0.20964938659486826
es	1.0	0.33773467755825387	0.6265633723821188	0.2299409175200562	1.0	0.1511088502020972	0.5568670945588428	0.15735798008672044	1.0	0.2221211865635018	0.47754374090945784	1.0	1.0	0.6953382645487272	0.3072371230726167	1.0	1.0	1.0	0.5920577441077458	0.10145710693963213	0.17181647234186803	0.19373210028542626	0.1447523063580105	0.6987033643220858	0.4076738337198827	0.45854924193220103	0.34352976348216224	0.15204084126637754	1.0	0.622744089652251	0.651610424238932	0.17992523752831335	1.0	0.4422950839596616	0.7054274448755344
fr	0.5020797777427737	0.1857753038909129	0.6206174651696967	0.19648431011778575	0.42542612319071343	0.16264574712808694	0.21103666841628665	0.15730464221082008	0.2221211865635018	1.0	0.21363866168659587	0.5020797777427737	0.24187967926625334	0.43342314832484113	0.19775323792517235	0.4094073179399868	0.18358194760105032	0.36495980986443	0.2305393520112536	0.0880254829229339	0.1470339675672709	0.18940655826338676	0.17029952032097287	0.21775555780867442	0.47087644694702563	0.23098131441466507	0.1753577367878252	0.13927071249544148	0.32397177474117234	0.2673678299172424	0.3165325442057895	0.139065446056809	0.5553735266033117	0.40994857007536234	0.20266816118228068
he	1.0	0.34629089559251336	0.5687069385933142	0.21094110001724722	1.0	0.20971858875650093	1.0	0.18421614808868797	0.47754374090945784	0.21363866168659587	1.0	1.0	1.0	0.534637561929599	0.32536073791238	1.0	1.0	1.0	1.0	0.1039241097537692	0.13574218772520244	0.38320503786350013	0.21090298443566435	1.0	1.0	1.0	0.34059112028162003	0.1426990950001547	1.0	1.0	0.6701591524560107	0.16319723895259053	1.0	0.3595891423775438	1.0
hi	0.0	0.0	0.6814274041655293	0.2269050666904897	0.0	0.7863954451402115	0.0	1.0	1.0	0.5020797777427737	1.0	1.0	0.0	0.0	0.0	0.0	0.0	0.0	0.0	0.11465075176666992	0.16522571798529131	0.0	1.0	1.0	0.0	1.0	0.0	0.13490312307124486	0.0	1.0	0.0	0.1633053667738969	0.0	0.3692826985191618	1.0
hu	1.0	0.3700395703267259	0.5996750015041121	0.23064716303920674	1.0	0.49406988796293205	1.0	0.42764188951060395	1.0	0.24187967926625334	1.0	0.0	1.0	0.5660160774121898	0.2712982448077873	1.0	1.0	1.0	1.0	0.12143278544168831	0.18044497462736567	0.6667969795412325	0.4093768387723472	1.0	0.6461761095307312	1.0	0.3218391660309079	0.17764775560277207	1.0	1.0	0.6638546162332061	0.15494545935924595	1.0	0.39921583441367425	1.0
id	0.5660160774121898	0.5608626864612628	0.6469690292595243	0.22115666327788816	0.0	0.5736760406332369	0.4702762018265766	0.7286826595007063	0.6953382645487272	0.43342314832484113	0.534637561929599	0.0	0.5660160774121898	1.0	0.47624217526223556	0.5660160774121898	0.5660160774121898	0.0	0.8125806012482828	0.11055225760135409	0.1645892636772983	0.5011967578280718	0.6390755057519721	0.8021019904216288	0.0	0.8355325552229961	0.5084267432279024	0.14572808208530177	1.0	0.4702762018265766	0.8125806012482828	0.1730921082643894	1.0	0.3340528434136965	0.517346181619858
it	1.0	0.22377016263449107	0.6751971429482105	0.18581083484564825	0.7690990303325336	0.2262067557684424	0.2492824932393893	0.16883268887334296	0.3072371230726167	0.19775323792517235	0.32536073791238	0.0	0.2712982448077873	0.47624217526223556	1.0	0.26332506413944684	0.3308647539424194	0.4599510979935663	0.28273141159286447	0.08325498943297185	0.15722812162294597	0.2550671427371003	0.19716347103336504	0.315119002051463	0.37670774758317244	0.3031073592346194	0.240355580098764	0.14721059071262846	0.6978955566455195	0.303964819504555	0.33106216798876187	0.13430098134871776	0.4807041972440729	0.33537482231549004	0.33329797454578863
ja	1.0	0.29603057826748164	0.37744345093378784	0.1738214399653163	1.0	0.5863089236503654	1.0	0.5362019922833289	1.0	0.4094073179399868	1.0	0.0	1.0	0.5660160774121898	0.26332506413944684	1.0	1.0	1.0	1.0	0.08918716771159527	0.12979723887747618	0.6380558066189798	0.26887684162001263	1.0	1.0	1.0	0.4069385618053406	0.1289950254874202	1.0	1.0	1.0	0.11962168756753122	1.0	0.2670712337212612	1.0
ko	1.0	0.32093597347205244	0.6216716055342459	0.20153940184773939	1.0	0.3266228770225383	1.0	0.2619588252255859	1.0	0.18358194760105032	1.0	0.0	1.0	0.5660160774121898	0.3308647539424194	1.0	1.0	1.0	1.0	0.09415875689776862	0.14632861316584242	0.6290808149140177	0.24871320516335366	1.0	0.4695960115558277	1.0	0.3930850534409759	0.143719104609106	1.0	1.0	1.0	0.1528029976224436	1.0	0.3466996706243498	1.0
lv	1.0	0.3683370114505675	0.6415215838021578	0.26272834852568794	1.0	0.49406988796293194	1.0	0.5201636212903548	1.0	0.36495980986443	1.0	0.0	1.0	0.0	0.4599510979935663	1.0	1.0	1.0	1.0	0.1279137145128555	0.16515569601068913	1.0	0.5051337894224615	1.0	0.5660160774121898	1.0	0.4362306272226616	0.15233568326396452	0.0	1.0	1.0	0.20581254916314481	1.0	0.3873472307800741	1.0
mk	1.0	0.3251665247769999	0.3743106604859134	0.19346303549547791	1.0	0.2815745102079668	1.0	0.23625443855559622	0.5920577441077458	0.2305393520112536	1.0	0.0	1.0	0.8125806012482828	0.28273141159286447	1.0	1.0	1.0	1.0	0.12348360810164115	0.16693745998862197	0.6254303192325079	0.27525726253579264	1.0	0.7690990303325336	1.0	0.36059421090010063	0.17704751727465104	1.0	1.0	0.6638546162332061	0.2207026059193935	1.0	0.17066346232379856	1.0
ml	0.37618163997417126	0.15082680093301226	0.6751971429482105	0.26664390688177314	0.12857245756401464	0.1017206878512533	0.1164897805140467	0.08837688732297327	0.10145710693963213	0.0880254829229339	0.1039241097537692	0.11465075176666992	0.12143278544168831	0.11055225760135409	0.08325498943297185	0.08918716771159527	0.09415875689776862	0.1279137145128555	0.12348360810164115	1.0	0.18164007040051125	0.10820940994510822	0.10324024476059103	0.08513070730372851	0.11757806054010343	0.09434212851851402	0.10605623565332736	0.17126237518938792	0.10156872090124767	0.1045220775182403	0.09145706687736437	0.16404337162156835	0.10033222058599078	0.3219494227315987	0.09727116470772863
mr	0.30392877569157994	0.176466271024373	0.608985530491209	0.2389697985697152	0.18497091646102554	0.16385443147349882	0.15796376018340932	0.14660653285403297	0.17181647234186803	0.1470339675672709	0.13574218772520244	0.16522571798529131	0.18044497462736567	0.1645892636772983	0.15722812162294597	0.12979723887747618	0.14632861316584242	0.16515569601068913	0.16693745998862197	0.18164007040051125	1.0	0.16434129347080306	0.1690931326199208	0.12177282638862943	0.16589525927754414	0.15210289338675015	0.16843954050135673	0.17321588727993376	0.15938894589440492	0.17090780374302494	0.14075752164393512	0.18734641000344526	0.14567626305883716	0.31573816873040406	0.13569660902383077
nl	1.0	0.3261921234118753	0.6751971429482105	0.2534325922660001	1.0	0.24483679678741974	0.48661792869217774	0.19216674840684458	0.19373210028542626	0.18940655826338676	0.38320503786350013	0.0	0.6667969795412325	0.5011967578280718	0.2550671427371003	0.6380558066189798	0.6290808149140177	1.0	0.6254303192325079	0.10820940994510822	0.16434129347080306	1.0	0.22182557059398478	0.3153460601262722	1.0	0.35127123187665005	0.37610546428502084	0.15984452458770024	0.7584325078215765	0.4600932330263536	0.5076738473142721	0.1759181604929368	1.0	0.5178840372182449	0.6505522366750779
pl	0.5020797777427737	0.22994539259483343	0.6469690292595243	0.247811122665651	0.6908587525207898	0.11938590367972911	0.27365216220487604	0.1062751150158385	0.1447523063580105	0.17029952032097287	0.21090298443566435	1.0	0.4093768387723472	0.6390755057519721	0.19716347103336504	0.26887684162001263	0.24871320516335366	0.5051337894224615	0.27525726253579264	0.10324024476059103	0.1690931326199208	0.22182557059398478	1.0	0.24193625940657756	0.5737269548767961	0.11997442497184906	0.2502759360097845	0.16350768685618372	0.6908587525207898	0.14530283425179805	0.4396234988010916	0.17888279056037212	0.5515213928849247	0.42227262423142886	0.270574994984984
pt	1.0	0.3504935613185378	0.6226543860243501	0.17400718065595536	1.0	0.34290849975086335	1.0	0.21341200067522925	0.6987033643220858	0.21775555780867442	1.0	1.0	1.0	0.8021019904216288	0.315119002051463	1.0	1.0	1.0	1.0	0.08513070730372851	0.12177282638862943	0.3153460601262722	0.24193625940657756	1.0	1.0	1.0	0.3191045705905026	0.13905198507640795	1.0	1.0	0.6638546162332061	0.13835799572379642	1.0	0.356295185870994	1.0
ro	0.0	0.41451916354404916	0.6469690292595243	0.23339599628846683	1.0	0.5722098069717034	0.8527592016360277	0.43672718253580645	0.4076738337198827	0.47087644694702563	1.0	0.0	0.6461761095307312	0.0	0.37670774758317244	1.0	0.4695960115558277	0.5660160774121898	0.7690990303325336	0.11757806054010343	0.16589525927754414	1.0	0.5737269548767961	1.0	1.0	0.5634092752192323	0.45627762828753365	0.14350419811109894	0.0	0.4493075654568811	1.0	0.20058134999755628	1.0	0.3326255100349853	0.6984742482535099
ru	1.0	0.33573257373308624	0.6469690292595243	0.1543237878257963	1.0	0.15423862990087056	1.0	0.16032174364709986	0.45854924193220103	0.23098131441466507	1.0	1.0	1.0	0.8355325552229961	0.3031073592346194	1.0	1.0	1.0	1.0	0.09434212851851402	0.15210289338675015	0.35127123187665005	0.11997442497184906	1.0	0.5634092752192323	1.0	0.36352238963805433	0.14462346699112277	1.0	1.0	0.28760979272523335	0.13259792374221635	1.0	0.24264706146946213	1.0
sh	0.7361412429601097	0.25810088118835234	0.629168488317523	0.17935401698458592	0.45627762828753365	0.2918062560057209	0.3003107319257319	0.22355189975862894	0.34352976348216224	0.1753577367878252	0.34059112028162003	0.0	0.3218391660309079	0.5084267432279024	0.240355580098764	0.4069385618053406	0.3930850534409759	0.4362306272226616	0.36059421090010063	0.10605623565332736	0.16843954050135673	0.37610546428502084	0.2502759360097845	0.3191045705905026	0.45627762828753365	0.36352238963805433	1.0	0.15085689282087617	1.0	0.33785725466844874	0.37419575776520175	0.17728300427178864	0.4271834247043807	0.3262442140811483	0.37341176591494313
si	0.41087394569346275	0.17942301141910916	0.5817406727309843	0.19644896709279933	0.15018075811716022	0.15195833496982003	0.16865263345792494	0.13274260836605933	0.15204084126637754	0.13927071249544148	0.1426990950001547	0.13490312307124486	0.17764775560277207	0.14572808208530177	0.14721059071262846	0.1289950254874202	0.143719104609106	0.15233568326396452	0.17704751727465104	0.17126237518938792	0.17321588727993376	0.15984452458770024	0.16350768685618372	0.13905198507640795	0.14350419811109894	0.14462346699112277	0.15085689282087617	1.0	0.14771186928511404	0.13685681661043578	0.13311206802758774	0.2314301637161405	0.14103197293290992	0.41177592337647867	0.1263283701073288
simple	1.0	1.0	0.6157660774574596	0.1863621962111228	1.0	0.3477564795905147	1.0	0.31022964782908563	1.0	0.32397177474117234	1.0	0.0	1.0	1.0	0.6978955566455195	1.0	1.0	0.0	1.0	0.10156872090124767	0.15938894589440492	0.7584325078215765	0.6908587525207898	1.0	0.0	1.0	1.0	0.14771186928511404	1.0	1.0	1.0	0.1545069051192412	1.0	0.30264699289112273	1.0
sr	1.0	0.29735426825565603	0.6469690292595243	0.2583578999316844	1.0	0.21840806922328454	1.0	0.1872439135782724	0.622744089652251	0.2673678299172424	1.0	1.0	1.0	0.4702762018265766	0.303964819504555	1.0	1.0	1.0	1.0	0.1045220775182403	0.17090780374302494	0.4600932330263536	0.14530283425179805	1.0	0.4493075654568811	1.0	0.33785725466844874	0.13685681661043578	1.0	1.0	1.0	0.1839438917661455	1.0	0.4981182010469762	1.0
sv	1.0	0.3873915229593339	0.639156178057147	0.17516433844649207	1.0	0.3808824090387725	0.6667969795412325	0.22772347192750206	0.651610424238932	0.3165325442057895	0.6701591524560107	0.0	0.6638546162332061	0.8125806012482828	0.33106216798876187	1.0	1.0	1.0	0.6638546162332061	0.09145706687736437	0.14075752164393512	0.5076738473142721	0.4396234988010916	0.6638546162332061	1.0	0.28760979272523335	0.37419575776520175	0.13311206802758774	1.0	1.0	1.0	0.13807251001713167	1.0	0.23643229308853186	1.0
te	0.5426631676792687	0.22717466597273842	0.6983438190355966	0.34501699929967017	0.2162232025322486	0.1721505637592052	0.17889975407983752	0.12752422218675286	0.17992523752831335	0.139065446056809	0.16319723895259053	0.1633053667738969	0.15494545935924595	0.1730921082643894	0.13430098134871776	0.11962168756753122	0.1528029976224436	0.20581254916314481	0.2207026059193935	0.16404337162156835	0.18734641000344526	0.1759181604929368	0.17888279056037212	0.13835799572379642	0.20058134999755628	0.13259792374221635	0.17728300427178864	0.2314301637161405	0.1545069051192412	0.1839438917661455	0.13807251001713167	1.0	0.1796120653021107	0.44906260986332597	0.13498230531742017
vi	1.0	0.3854908172590219	0.5996750015041121	0.23061899342033468	0.0	0.48543008557359996	1.0	0.5851960606144827	1.0	0.5553735266033117	1.0	0.0	1.0	1.0	0.4807041972440729	1.0	1.0	1.0	1.0	0.10033222058599078	0.14567626305883716	1.0	0.5515213928849247	1.0	1.0	1.0	0.4271834247043807	0.14103197293290992	1.0	1.0	1.0	0.1796120653021107	1.0	0.30841482666784636	1.0
war	0.6037841836404227	0.26515140632468553	0.629168488317523	0.5638653148189141	0.4433615603291773	0.40572467829121944	0.36368154283968407	0.3839013784694669	0.4422950839596616	0.40994857007536234	0.3595891423775438	0.3692826985191618	0.39921583441367425	0.3340528434136965	0.33537482231549004	0.2670712337212612	0.3466996706243498	0.3873472307800741	0.17066346232379856	0.3219494227315987	0.31573816873040406	0.5178840372182449	0.42227262423142886	0.356295185870994	0.3326255100349853	0.24264706146946213	0.3262442140811483	0.41177592337647867	0.30264699289112273	0.4981182010469762	0.23643229308853186	0.44906260986332597	0.30841482666784636	1.0	0.25429734351557304
zh	1.0	0.3138524477419713	0.49604655172864015	0.16176020600763102	1.0	0.3149024033823956	1.0	0.20964938659486826	0.7054274448755344	0.20266816118228068	1.0	1.0	1.0	0.517346181619858	0.33329797454578863	1.0	1.0	1.0	1.0	0.09727116470772863	0.13569660902383077	0.6505522366750779	0.270574994984984	1.0	0.6984742482535099	1.0	0.37341176591494313	0.1263283701073288	1.0	1.0	1.0	0.13498230531742017	1.0	0.25429734351557304	1.0
