arz	bs	ceb	ckb	da	de	el	en	es	fr	he	hi	hu	id	it	ja	ko	lv	mk	ml	mr	nl	pl	pt	ro	ru	sh	si	simple	sr	sv	te	vi	war	zh
arz	1.0	0.4812343533868223	1.0	1.0	0.3395482570820271	0.5980051856143435	1.0	0.3247218695494628	0.48737537741823134	0.3991233349537527	1.0	1.0	0.36060710450654276	0.39765168444289634	0.3597311581364378	1.0	1.0	0.7248485669756151	1.0	1.0	1.0	0.5303272228281571	0.4552773974545368	0.4274422158038842	0.3364162179452401	1.0	0.4854566154621855	1.0	0.653200231972572	1.0	0.3107440219054833	1.0	0.4579031270936572	1.0	1.0
bs	0.4812343533868223	1.0	0.44648919021701533	0.6161562425375515	0.23508190921758534	0.26574458003783974	0.3396899319245874	0.23805621314418843	0.27672944217443773	0.23173392312378446	0.3331248048834853	0.423660431407919	0.2956097974899763	0.30661499467043213	0.24951797455409125	0.2853544215724471	0.36294898172409285	0.39288318557394486	0.37445447779555147	0.44225098508844585	0.6463864166156963	0.2858695218728606	0.2908208529146334	0.27083639015526856	0.2816303933666332	0.2894676166390126	0.2531306353060088	0.6704675947063355	0.3559640742598799	0.3319780466735506	0.2876505153863538	1.0	0.3179572902324828	0.32737154586692935	0.2928857482103321
ceb	1.0	0.44648919021701533	1.0	1.0	0.22085191766270368	0.25009765737848266	1.0	0.10780212825006967	0.26176571869164017	0.1641392338472704	1.0	1.0	0.195126880402416	0.22556024384717507	0.1424788291921005	1.0	1.0	0.5716192834664118	1.0	1.0	1.0	0.20668192470404098	0.23512613530173648	0.2252951470687345	0.20173732427230823	0.6912453074616123	0.2565476454608557	1.0	0.3985083253730322	0.6982344021713169	0.1427738598748167	1.0	0.26404143839715294	0.7079259635809066	1.0
ckb	1.0	0.6161562425375515	1.0	1.0	0.46065300578259244	0.6475250169846578	1.0	0.6010102452353769	0.7162976956558117	0.5604180666859991	1.0	1.0	0.6073702174526664	0.5874657748838404	0.6487871090048528	1.0	1.0	1.0	1.0	1.0	1.0	0.37923023290625774	0.7199285383279772	0.7171176902274347	0.5421448374928308	1.0	0.7248485669756151	1.0	1.0	1.0	0.6501445840862391	1.0	0.7221793916855703	0.728099120889861	1.0
da	0.3395482570820271	0.23508190921758534	0.22085191766270368	0.46065300578259244	1.0	0.1309822023737429	0.16334248099227294	0.09620185782117077	0.12299870639437954	0.10821794937277007	0.13813535085502535	0.27133166055135627	0.11295897742203115	0.12278509403170398	0.09455631846585835	0.1334969961028691	0.15079681276787407	0.20885606075902072	0.24308251111739757	0.23043621657264435	0.24080335110339693	0.1204511183400891	0.11914176201670577	0.11810821609094496	0.1398445672561385	0.13464663974387514	0.10505933831102986	0.6740515375688697	0.15906964193900164	0.15673200363269837	0.11768856549060694	0.3150372195822674	0.13218236467212974	0.26010512448488887	0.13870230485959884
de	0.5980051856143435	0.26574458003783974	0.25009765737848266	0.6475250169846578	0.1309822023737429	1.0	0.16821029822042638	0.05450154433896855	0.06944718821263163	0.05349587862328064	0.20957909910050726	0.4195764248804788	0.09040605816922086	0.08941145490870117	0.05817324597024692	0.18960092831567218	0.2598315090344464	0.337330171984507	0.4018028375815304	0.47470181050472027	0.6347195024507913	0.06905824175712794	0.07880341618809855	0.07061904876954717	0.13246061510770107	0.11296113404402357	0.08646062341409896	1.0	0.19641386989456724	0.2529130451642119	0.07150108899523036	0.7199285383279772	0.11426906187326942	0.5167263050996693	0.1616465525384002
el	1.0	0.3396899319245874	1.0	1.0	0.16334248099227294	0.16821029822042638	1.0	0.10854266048101455	0.17236918748589147	0.12981342814533753	1.0	1.0	0.13443528945731892	0.1582869435781581	0.1151254205445337	1.0	1.0	0.46144796779547337	1.0	1.0	1.0	0.1607938224393369	0.16274066300433665	0.1304940167384895	0.1873570900839802	0.6877137413724042	0.15508700911821027	1.0	0.26709467840228834	1.0	0.13999020422314706	1.0	0.18691075915468988	0.70394248652839	1.0
en	0.3247218695494628	0.23805621314418843	0.10780212825006967	0.6010102452353769	0.09620185782117077	0.05450154433896855	0.10854266048101455	1.0	0.06286328944185057	0.053184662017611566	0.0992056458535348	0.21792816943985613	0.07487234214523886	0.07388946854552327	0.05776521993081333	0.09594852873911432	0.10955321879202261	0.17740759555165755	0.17732744671855605	0.1691186106221017	0.3301112626348322	0.060887389345381474	0.06935712572260369	0.06127121983421949	0.09568038766720845	0.09085686267109397	0.06950612014166939	0.5780965534243105	0.14363629421937826	0.11138270150962998	0.06442021105057988	0.5478152061254714	0.08486801728162749	0.2532020004991389	0.10085711267733742
es	0.48737537741823134	0.27672944217443773	0.26176571869164017	0.7162976956558117	0.12299870639437954	0.06944718821263163	0.17236918748589147	0.06286328944185057	1.0	0.059409245710241324	0.1751904434015826	0.47470181050471955	0.09052703517636651	0.08643509369699888	0.061551001982321094	0.1644244811376047	0.22100911889446012	0.32415740929282433	0.36523382903582297	0.40521764414101036	0.6075043853227896	0.07559685820922242	0.07699182278376139	0.06942845539839143	0.12906172962965803	0.10727995293418863	0.0833772081023056	1.0	0.1836962894270051	0.20823192697440715	0.07172921350303059	1.0	0.11903144855579507	0.4639644128714489	0.16162653836027396
fr	0.3991233349537527	0.23173392312378446	0.1641392338472704	0.5604180666859991	0.10821794937277007	0.05349587862328064	0.12981342814533753	0.053184662017611566	0.059409245710241324	1.0	0.10710833180696716	0.2641420687170059	0.07627017356949917	0.07750224276429948	0.05259669267794689	0.09616396786119628	0.14359775925204943	0.28550822772911366	0.22903648276587307	0.17393356008485328	0.40494748894995997	0.05909640263875629	0.06449262025541573	0.05964004122683296	0.11134454887329807	0.07159666170325951	0.07476945886960153	0.7248485669756151	0.17122546669001845	0.1464568226657237	0.0638093942853215	1.0	0.09534333955723957	0.3577033600038007	0.11002155528569939
he	1.0	0.3331248048834853	1.0	1.0	0.13813535085502535	0.20957909910050726	1.0	0.0992056458535348	0.1751904434015826	0.10710833180696716	1.0	1.0	0.11298365795779376	0.13042680025855055	0.09979376454498907	1.0	1.0	0.40166628575229146	1.0	1.0	1.0	0.13626829593776624	0.13927098320500797	0.12363713058954563	0.1574901266795089	1.0	0.12144488784691186	1.0	0.22262650813878715	0.6909424428385662	0.12971857634821066	1.0	0.15804108152275873	0.7026445955663438	1.0
hi	1.0	0.423660431407919	1.0	1.0	0.27133166055135627	0.4195764248804788	1.0	0.21792816943985613	0.47470181050471955	0.2641420687170059	1.0	1.0	0.23112239850594535	0.28125724886883235	0.2935653814353305	1.0	1.0	0.6347195024507911	1.0	1.0	1.0	0.3662992631088032	0.3576414318456767	0.42840105546327406	0.2813711800774082	1.0	0.3285194683008699	1.0	0.37431381511794115	0.7014961547481128	0.31152144810581434	1.0	0.3193112236511238	0.7111374370280844	1.0
hu	0.36060710450654276	0.2956097974899763	0.195126880402416	0.6073702174526664	0.11295897742203115	0.09040605816922086	0.13443528945731892	0.07487234214523886	0.09052703517636651	0.07627017356949917	0.11298365795779376	0.23112239850594535	1.0	0.09394858643683514	0.07487037344445571	0.10480572797222722	0.12977835106600125	0.18509649712340218	0.16940919793267248	0.2274002686559608	0.2794135407649837	0.08508730412835434	0.0873500968098416	0.08496433593230716	0.10877847843264525	0.10184793803581753	0.08772843061847795	0.6667969795412325	0.16984409065470382	0.1335032983154505	0.08737075910004032	0.39442266058986675	0.11210822348846794	0.23135658959483202	0.10327215152717586
id	0.39765168444289634	0.30661499467043213	0.22556024384717507	0.5874657748838404	0.12278509403170398	0.08941145490870117	0.1582869435781581	0.07388946854552327	0.08643509369699888	0.07750224276429948	0.13042680025855055	0.28125724886883235	0.09394858643683514	1.0	0.07256559929394685	0.1113625796615515	0.1483234983732618	0.21187677964072021	0.21434248500967107	0.2617838671305713	0.4604061252639228	0.09835905526322403	0.09555082523499202	0.08827511005448681	0.12928131095466686	0.10379420335016373	0.10363944707592604	0.728099120889861	0.22174860976843427	0.16467384608548302	0.09651888725793166	0.728099120889861	0.11977170862478578	0.3490391525865089	0.12350918073928674
it	0.3597311581364378	0.24951797455409125	0.1424788291921005	0.6487871090048528	0.09455631846585835	0.05817324597024692	0.1151254205445337	0.05776521993081333	0.061551001982321094	0.05259669267794689	0.09979376454498907	0.2935653814353305	0.07487037344445571	0.07256559929394685	1.0	0.09526161545087179	0.12841465510410924	0.2901270486865175	0.20580763460265095	0.2445166861077967	0.4213883442862365	0.05825717106712803	0.06663056184296644	0.06036879319921234	0.11044813837851815	0.07860245572863503	0.07099914036524341	0.7248485669756152	0.15404848721304737	0.12429819445742037	0.06269708142688357	0.7248485669756152	0.09662666799450309	0.2841525818157656	0.10713285695362962
ja	1.0	0.2853544215724471	1.0	1.0	0.1334969961028691	0.18960092831567218	1.0	0.09594852873911432	0.1644244811376047	0.09616396786119628	1.0	1.0	0.10480572797222722	0.1113625796615515	0.09526161545087179	1.0	1.0	0.4010925492697129	1.0	1.0	1.0	0.1252533201862897	0.1423460481270031	0.11019671968005355	0.16262777525712033	1.0	0.10562890033497432	1.0	0.21377620425710536	0.690825013654182	0.11998951046082915	1.0	0.15260605070006256	0.7021690135599071	1.0
ko	1.0	0.36294898172409285	1.0	1.0	0.15079681276787407	0.2598315090344464	1.0	0.10955321879202261	0.22100911889446012	0.14359775925204943	1.0	1.0	0.12977835106600125	0.1483234983732618	0.12841465510410924	1.0	1.0	0.45927478372670705	1.0	1.0	1.0	0.1691768535207991	0.20055854270518586	0.15494256332402276	0.16372416562721032	1.0	0.1524885078981426	1.0	0.1848872009896735	0.6929178328399925	0.14821077205292044	1.0	0.19149602231746232	0.7042230825271826	1.0
lv	0.7248485669756151	0.39288318557394486	0.5716192834664118	1.0	0.20885606075902072	0.337330171984507	0.46144796779547337	0.17740759555165755	0.32415740929282433	0.28550822772911366	0.40166628575229146	0.6347195024507911	0.18509649712340218	0.21187677964072021	0.2901270486865175	0.4010925492697129	0.45927478372670705	1.0	0.5547149013650926	0.6237861156110532	0.6463474082678702	0.28415205370946717	0.3196074950415613	0.2699114586501709	0.2620662421893222	0.3729495041210388	0.20795388085112804	1.0	0.2930511175891856	0.44885980343699317	0.2632033977358147	1.0	0.3029057369482928	0.5244998928451272	0.4387875412244908
mk	1.0	0.37445447779555147	1.0	1.0	0.24308251111739757	0.4018028375815304	1.0	0.17732744671855605	0.36523382903582297	0.22903648276587307	1.0	1.0	0.16940919793267248	0.21434248500967107	0.20580763460265095	1.0	1.0	0.5547149013650926	1.0	1.0	1.0	0.35018338701176766	0.33539303120201464	0.2745118662221611	0.24447960707478603	1.0	0.27873297828982985	1.0	0.3645706727703759	1.0	0.27700714818891603	1.0	0.3518878414474189	0.7091953875376782	1.0
ml	1.0	0.44225098508844585	1.0	1.0	0.23043621657264435	0.47470181050472027	1.0	0.1691186106221017	0.40521764414101036	0.17393356008485328	1.0	1.0	0.2274002686559608	0.2617838671305713	0.2445166861077967	1.0	1.0	0.6237861156110532	1.0	1.0	1.0	0.3243460043009526	0.36972851365472154	0.26630934692065744	0.23137324425927533	1.0	0.24397311785496562	1.0	0.4115894208513439	1.0	0.2757652363384159	1.0	0.3207231575330615	1.0	1.0
mr	1.0	0.6463864166156963	1.0	1.0	0.24080335110339693	0.6347195024507913	1.0	0.3301112626348322	0.6075043853227896	0.40494748894995997	1.0	1.0	0.2794135407649837	0.4604061252639228	0.4213883442862365	1.0	1.0	0.6463474082678702	1.0	1.0	1.0	0.3494830338040515	1.0	0.5224905350744393	0.4283207140621223	1.0	0.6139986085577288	1.0	0.4383346170951952	1.0	0.3553885380144271	1.0	0.4832676242118441	1.0	1.0
nl	0.5303272228281571	0.2858695218728606	0.20668192470404098	0.37923023290625774	0.1204511183400891	0.06905824175712794	0.1607938224393369	0.060887389345381474	0.07559685820922242	0.05909640263875629	0.13626829593776624	0.3662992631088032	0.08508730412835434	0.09835905526322403	0.05825717106712803	0.1252533201862897	0.1691768535207991	0.28415205370946717	0.35018338701176766	0.3243460043009526	0.3494830338040515	1.0	0.08118740119227945	0.07068652612091275	0.12487630209015763	0.09614893300627396	0.07794121252100128	0.728099120889861	0.1917120334930919	0.17363207536399536	0.07418922304054948	0.7234532828151786	0.10996774158257781	0.3990690594589677	0.12562315500842905
pl	0.4552773974545368	0.2908208529146334	0.23512613530173648	0.7199285383279772	0.11914176201670577	0.07880341618809855	0.16274066300433665	0.06935712572260369	0.07699182278376139	0.06449262025541573	0.13927098320500797	0.3576414318456767	0.0873500968098416	0.09555082523499202	0.06663056184296644	0.1423460481270031	0.20055854270518586	0.3196074950415613	0.33539303120201464	0.36972851365472154	1.0	0.08118740119227945	1.0	0.07670613614020011	0.12907239178920726	0.0989272082989806	0.08628794540296995	1.0	0.19749690807186135	0.1764809321712354	0.07929764238329613	1.0	0.11886340521616384	0.44399739258034177	0.13022400262289943
pt	0.4274422158038842	0.27083639015526856	0.2252951470687345	0.7171176902274347	0.11810821609094496	0.07061904876954717	0.1304940167384895	0.06127121983421949	0.06942845539839143	0.05964004122683296	0.12363713058954563	0.42840105546327406	0.08496433593230716	0.08827511005448681	0.06036879319921234	0.11019671968005355	0.15494256332402276	0.2699114586501709	0.2745118662221611	0.26630934692065744	0.5224905350744393	0.07068652612091275	0.07670613614020011	1.0	0.12090732477839965	0.08112113021919007	0.07967687490376545	0.7248485669756152	0.1710714340122198	0.16573523949024785	0.06972424194072373	0.7234532828151788	0.10232537873485699	0.36631133296997065	0.11122916337076466
ro	0.3364162179452401	0.2816303933666332	0.20173732427230823	0.5421448374928308	0.1398445672561385	0.13246061510770107	0.1873570900839802	0.09568038766720845	0.12906172962965803	0.11134454887329807	0.1574901266795089	0.2813711800774082	0.10877847843264525	0.12928131095466686	0.11044813837851815	0.16262777525712033	0.16372416562721032	0.2620662421893222	0.24447960707478603	0.23137324425927533	0.4283207140621223	0.12487630209015763	0.12907239178920726	0.12090732477839965	1.0	0.14458445969754832	0.11515081570496391	0.6380558066189798	0.20927749099016257	0.16103396379578083	0.12450117707779003	0.7376607345031152	0.14433121445811167	0.3051103253885801	0.14844555007149257
ru	1.0	0.2894676166390126	0.6912453074616123	1.0	0.13464663974387514	0.11296113404402357	0.6877137413724042	0.09085686267109397	0.10727995293418863	0.07159666170325951	1.0	1.0	0.10184793803581753	0.10379420335016373	0.07860245572863503	1.0	1.0	0.3729495041210388	1.0	1.0	1.0	0.09614893300627396	0.0989272082989806	0.08112113021919007	0.14458445969754832	1.0	0.095653687382377	1.0	0.2014445678193748	0.5259101746070559	0.0898042811063481	1.0	0.1316309521837361	0.7014961547481127	0.6863733250853319
sh	0.4854566154621855	0.2531306353060088	0.2565476454608557	0.7248485669756151	0.10505933831102986	0.08646062341409896	0.15508700911821027	0.06950612014166939	0.0833772081023056	0.07476945886960153	0.12144488784691186	0.3285194683008699	0.08772843061847795	0.10363944707592604	0.07099914036524341	0.10562890033497432	0.1524885078981426	0.20795388085112804	0.27873297828982985	0.24397311785496562	0.6139986085577288	0.07794121252100128	0.08628794540296995	0.07967687490376545	0.11515081570496391	0.095653687382377	1.0	0.5286864891398425	0.15469350695129142	0.13414456972522434	0.08238811127722064	1.0	0.12928435902214563	0.38118866138876867	0.1200645157497338
si	1.0	0.6704675947063355	1.0	1.0	0.6740515375688697	1.0	1.0	0.5780965534243105	1.0	0.7248485669756151	1.0	1.0	0.6667969795412325	0.728099120889861	0.7248485669756152	1.0	1.0	1.0	1.0	1.0	1.0	0.728099120889861	1.0	0.7248485669756152	0.6380558066189798	1.0	0.5286864891398425	1.0	1.0	1.0	1.0	1.0	1.0	1.0	1.0
simple	0.653200231972572	0.3559640742598799	0.3985083253730322	1.0	0.15906964193900164	0.19641386989456724	0.26709467840228834	0.14363629421937826	0.1836962894270051	0.17122546669001845	0.22262650813878715	0.37431381511794115	0.16984409065470382	0.22174860976843427	0.15404848721304737	0.21377620425710536	0.1848872009896735	0.2930511175891856	0.3645706727703759	0.4115894208513439	0.4383346170951952	0.1917120334930919	0.19749690807186135	0.1710714340122198	0.20927749099016257	0.2014445678193748	0.15469350695129142	1.0	1.0	0.23965807456543142	0.1710190834817609	0.7322034805959264	0.21676304664126336	0.429301378710374	0.18745936827225565
sr	1.0	0.3319780466735506	0.6982344021713169	1.0	0.15673200363269837	0.2529130451642119	1.0	0.11138270150962998	0.20823192697440715	0.1464568226657237	0.6909424428385662	0.7014961547481128	0.1335032983154505	0.16467384608548302	0.12429819445742037	0.690825013654182	0.6929178328399925	0.44885980343699317	1.0	1.0	1.0	0.17363207536399536	0.1764809321712354	0.16573523949024785	0.16103396379578083	0.5259101746070559	0.13414456972522434	1.0	0.23965807456543142	1.0	0.1727601630372223	1.0	0.18544774433721048	0.7026445955663437	0.6129098098439165
sv	0.3107440219054833	0.2876505153863538	0.1427738598748167	0.6501445840862391	0.11768856549060694	0.07150108899523036	0.13999020422314706	0.06442021105057988	0.07172921350303059	0.0638093942853215	0.12971857634821066	0.31152144810581434	0.08737075910004032	0.09651888725793166	0.06269708142688357	0.11998951046082915	0.14821077205292044	0.2632033977358147	0.27700714818891603	0.2757652363384159	0.3553885380144271	0.07418922304054948	0.07929764238329613	0.06972424194072373	0.12450117707779003	0.0898042811063481	0.08238811127722064	1.0	0.1710190834817609	0.1727601630372223	1.0	0.39246903804608574	0.10981744604213681	0.3053120272612368	0.11583077429096923
te	1.0	1.0	1.0	1.0	0.3150372195822674	0.7199285383279772	1.0	0.5478152061254714	1.0	1.0	1.0	1.0	0.39442266058986675	0.728099120889861	0.7248485669756152	1.0	1.0	1.0	1.0	1.0	1.0	0.7234532828151786	1.0	0.7234532828151788	0.7376607345031152	1.0	1.0	1.0	0.7322034805959264	1.0	0.39246903804608574	1.0	0.6638546162332061	1.0	1.0
vi	0.4579031270936572	0.3179572902324828	0.26404143839715294	0.7221793916855703	0.13218236467212974	0.11426906187326942	0.18691075915468988	0.08486801728162749	0.11903144855579507	0.09534333955723957	0.15804108152275873	0.3193112236511238	0.11210822348846794	0.11977170862478578	0.09662666799450309	0.15260605070006256	0.19149602231746232	0.3029057369482928	0.3518878414474189	0.3207231575330615	0.4832676242118441	0.10996774158257781	0.11886340521616384	0.10232537873485699	0.14433121445811167	0.1316309521837361	0.12928435902214563	1.0	0.21676304664126336	0.18544774433721048	0.10981744604213681	0.6638546162332061	1.0	0.3462578075338164	0.14813718083882615
war	1.0	0.32737154586692935	0.7079259635809066	0.728099120889861	0.26010512448488887	0.5167263050996693	0.70394248652839	0.2532020004991389	0.4639644128714489	0.3577033600038007	0.7026445955663438	0.7111374370280844	0.23135658959483202	0.3490391525865089	0.2841525818157656	0.7021690135599071	0.7042230825271826	0.5244998928451272	0.7091953875376782	1.0	1.0	0.3990690594589677	0.44399739258034177	0.36631133296997065	0.3051103253885801	0.7014961547481127	0.38118866138876867	1.0	0.429301378710374	0.7026445955663437	0.3053120272612368	1.0	0.3462578075338164	1.0	0.7019395434758627
zh	1.0	0.2928857482103321	1.0	1.0	0.13870230485959884	0.1616465525384002	1.0	0.10085711267733742	0.16162653836027396	0.11002155528569939	1.0	1.0	0.10327215152717586	0.12350918073928674	0.10713285695362962	1.0	1.0	0.4387875412244908	1.0	1.0	1.0	0.12562315500842905	0.13022400262289943	0.11122916337076466	0.14844555007149257	0.6863733250853319	0.1200645157497338	1.0	0.18745936827225565	0.6129098098439165	0.11583077429096923	1.0	0.14813718083882615	0.7019395434758627	1.0
