arz	bs	ceb	ckb	da	de	el	en	es	fr	he	hi	hu	id	it	ja	ko	lv	mk	ml	mr	nl	pl	pt	ro	ru	sh	si	simple	sr	sv	te	vi	war	zh
arz	1.0	0.0	0.0	0.0	0.0	0.0	0.0	0.0	0.0	0.003367003367003367	0.009615384615384616	0.0	0.007874015748031496	0.0049261083743842365	0.0	0.0	0.0	0.0	0.0	0.0	0.008771929824561403	0.0	0.0	0.006535947712418301	0.014285714285714285	0.0	0.0	0.0	0.0	0.00980392156862745	0.0	0.0	0.02	0.0	0.0037735849056603774
bs	0.0	1.0	0.0	0.0	0.00980392156862745	0.0	0.0	0.0	0.0	0.0	0.0	0.0	0.0	0.0	0.0	0.0	0.0	0.0	0.0	0.0	0.0	0.0	0.0	0.0	0.0	0.0	0.0	0.0	0.0	0.0	0.0	0.0	0.0	0.0	0.0
ceb	0.0	0.0	1.0	0.0	0.023668639053254437	0.016	0.0	0.0	0.0	0.0	0.033962264150943396	0.009708737864077669	0.06666666666666667	0.007518796992481203	0.0045662100456621	0.0	0.009708737864077669	0.025974025974025976	0.010869565217391304	0.008403361344537815	0.017045454545454544	0.015151515151515152	0.03664921465968586	0.009259259259259259	0.022727272727272728	0.0	0.011111111111111112	0.0	0.01744186046511628	0.018292682926829267	0.011673151750972763	0.0	0.008771929824561403	0.0	0.013605442176870748
ckb	0.0	0.0	0.0	1.0	0.0	0.0	0.0	0.0	0.0	0.0	0.0049261083743842365	0.0	0.008264462809917356	0.0	0.0	0.0	0.0	0.0	0.0	0.0	0.0	0.0	0.007874015748031496	0.0	0.0	0.0	0.0	0.0	0.0	0.0	0.0	0.0	0.0	0.0	0.003816793893129771
da	0.0	0.00980392156862745	0.023668639053254437	0.0	1.0	0.0	0.0	0.002380952380952381	0.012578616352201259	0.007731958762886598	0.01	0.015267175572519083	0.03755868544600939	0.013651877133105802	0.008097165991902834	0.010869565217391304	0.00851063829787234	0.009345794392523364	0.016666666666666666	0.006756756756756757	0.009708737864077669	0.006172839506172839	0.008888888888888889	0.00816326530612245	0.025	0.010282776349614395	0.008403361344537815	0.0	0.03551912568306011	0.005128205128205128	0.01048951048951049	0.0	0.006993006993006993	0.0	0.02459016393442623
de	0.0	0.0	0.016	0.0	0.0	1.0	0.0	0.005125284738041002	0.01680672268907563	0.015053763440860216	0.007874015748031496	0.004694835680751174	0.023728813559322035	0.005319148936170213	0.006097560975609756	0.015209125475285171	0.006329113924050633	0.0	0.009950248756218905	0.0	0.01048951048951049	0.0	0.009836065573770493	0.009230769230769232	0.012396694214876033	0.006369426751592357	0.0	0.0	0.01545253863134658	0.007272727272727273	0.01928374655647383	0.0	0.008968609865470852	0.0	0.02023121387283237
el	0.0	0.0	0.0	0.0	0.0	0.0	1.0	0.0	0.0	0.0033783783783783786	0.004807692307692308	0.02631578947368421	0.0	0.0	0.0	0.0	0.0	0.0	0.0	0.0	0.0	0.0	0.0	0.0	0.014492753623188406	0.0	0.0	0.0	0.0035211267605633804	0.0	0.0	0.0	0.0	0.0	0.0
en	0.0	0.0	0.0	0.0	0.002380952380952381	0.005125284738041002	0.0	1.0	0.001829268292682927	0.009159482758620689	0.00676818950930626	0.003105590062111801	0.008288928359976317	0.007361268403171008	0.005226480836236934	0.0005998800239952009	0.0040887850467289715	0.0006293266205160479	0.0006238303181534623	0.0012277470841006752	0.0035629453681710215	0.002437538086532602	0.005885815185403178	0.007575757575757576	0.00243605359317905	0.010237068965517241	0.0006246096189881324	0.0006313131313131314	0.009766684753119913	0.005392450569203115	0.0033994334277620396	0.0006273525721455458	0.0018484288354898336	0.0	0.012007684918347743
es	0.0	0.0	0.0	0.0	0.012578616352201259	0.01680672268907563	0.0	0.001829268292682927	1.0	0.0028653295128939827	0.0038314176245210726	0.0	0.00558659217877095	0.007874015748031496	0.0	0.0	0.0	0.0	0.0	0.0	0.006024096385542169	0.0	0.0	0.004878048780487805	0.0	0.005714285714285714	0.025974025974025976	0.0	0.002967359050445104	0.0	0.0	0.0	0.0	0.0	0.006896551724137931
fr	0.003367003367003367	0.0	0.0	0.0	0.007731958762886598	0.015053763440860216	0.0033783783783783786	0.009159482758620689	0.0028653295128939827	1.0	0.018633540372670808	0.0	0.004901960784313725	0.016736401673640166	0.009216589861751152	0.005361930294906166	0.0047169811320754715	0.0	0.0	0.015015015015015015	0.010178117048346057	0.0	0.009708737864077669	0.004608294930875576	0.005698005698005698	0.010416666666666666	0.0	0.0	0.030852994555353903	0.010498687664041995	0.004201680672268907	0.0033222591362126247	0.0030120481927710845	0.0	0.016229712858926344
he	0.009615384615384616	0.0	0.033962264150943396	0.0049261083743842365	0.01	0.007874015748031496	0.004807692307692308	0.00676818950930626	0.0038314176245210726	0.018633540372670808	1.0	0.004291845493562232	0.022222222222222223	0.015306122448979591	0.008645533141210375	0.01056338028169014	0.011976047904191617	0.004807692307692308	0.013636363636363636	0.008064516129032258	0.003246753246753247	0.007633587786259542	0.009230769230769232	0.014577259475218658	0.023166023166023165	0.012295081967213115	0.013761467889908258	0.0	0.03896103896103896	0.020618556701030927	0.010362694300518135	0.0	0.00823045267489712	0.0	0.023977433004231313
hi	0.0	0.0	0.009708737864077669	0.0	0.015267175572519083	0.004694835680751174	0.02631578947368421	0.003105590062111801	0.0	0.0	0.004291845493562232	1.0	0.020134228187919462	0.004405286343612335	0.0	0.0	0.005988023952095809	0.0	0.019230769230769232	0.05263157894736842	0.014598540145985401	0.010752688172043012	0.0	0.0	0.010638297872340425	0.0	0.0	0.0	0.003236245954692557	0.007936507936507936	0.0045662100456621	0.0	0.0	0.0	0.0018018018018018018
hu	0.007874015748031496	0.0	0.06666666666666667	0.008264462809917356	0.03755868544600939	0.023728813559322035	0.0	0.008288928359976317	0.00558659217877095	0.004901960784313725	0.022222222222222223	0.020134228187919462	1.0	0.009584664536741214	0.0	0.009852216748768473	0.03225806451612903	0.0	0.014388489208633094	0.012048192771084338	0.004424778761061947	0.0055248618784530384	0.025	0.0037735849056603774	0.028089887640449437	0.004878048780487805	0.007246376811594203	0.0	0.05013192612137203	0.018957345971563982	0.003257328990228013	0.0	0.006172839506172839	0.0	0.017377567140600316
id	0.0049261083743842365	0.0	0.007518796992481203	0.0	0.013651877133105802	0.005319148936170213	0.0	0.007361268403171008	0.007874015748031496	0.016736401673640166	0.015306122448979591	0.004405286343612335	0.009584664536741214	1.0	0.0029154518950437317	0.007168458781362007	0.012195121951219513	0.0	0.0	0.012448132780082987	0.013377926421404682	0.0	0.009404388714733543	0.008849557522123894	0.007782101167315175	0.016666666666666666	0.009389671361502348	0.0	0.01935483870967742	0.0	0.0	0.0	0.0	0.0	0.022727272727272728
it	0.0	0.0	0.0045662100456621	0.0	0.008097165991902834	0.006097560975609756	0.0	0.005226480836236934	0.0	0.009216589861751152	0.008645533141210375	0.0	0.0	0.0029154518950437317	1.0	0.0	0.0	0.0	0.0	0.005128205128205128	0.0	0.014492753623188406	0.014814814814814815	0.00684931506849315	0.0	0.002277904328018223	0.006024096385542169	0.0	0.0070921985815602835	0.0	0.005988023952095809	0.0	0.005263157894736842	0.0	0.0074962518740629685
ja	0.0	0.0	0.0	0.0	0.010869565217391304	0.015209125475285171	0.0	0.0005998800239952009	0.0	0.005361930294906166	0.01056338028169014	0.0	0.009852216748768473	0.007168458781362007	0.0	1.0	0.0091324200913242	0.0	0.0	0.0	0.005235602094240838	0.00684931506849315	0.014423076923076924	0.008733624454148471	0.006802721088435374	0.0026595744680851063	0.0	0.0	0.013966480446927373	0.0	0.003676470588235294	0.0	0.0	0.0	0.011627906976744186
ko	0.0	0.0	0.009708737864077669	0.0	0.00851063829787234	0.006329113924050633	0.0	0.0040887850467289715	0.0	0.0047169811320754715	0.011976047904191617	0.005988023952095809	0.03225806451612903	0.012195121951219513	0.0	0.0091324200913242	1.0	0.007042253521126761	0.00641025641025641	0.0	0.0	0.0	0.0234375	0.010752688172043012	0.005050505050505051	0.007058823529411765	0.013071895424836602	0.0	0.012224938875305624	0.008733624454148471	0.006211180124223602	0.0	0.017045454545454544	0.0	0.012269938650306749
lv	0.0	0.0	0.025974025974025976	0.0	0.009345794392523364	0.0	0.0	0.0006293266205160479	0.0	0.0	0.004807692307692308	0.0	0.0	0.0	0.0	0.0	0.007042253521126761	1.0	0.037037037037037035	0.0	0.0	0.0	0.0	0.006578947368421052	0.0	0.0	0.0	0.0	0.0035211267605633804	0.0	0.0	0.0	0.0	0.0	0.0018867924528301887
mk	0.0	0.0	0.010869565217391304	0.0	0.016666666666666666	0.009950248756218905	0.0	0.0006238303181534623	0.0	0.0	0.013636363636363636	0.019230769230769232	0.014388489208633094	0.0	0.0	0.0	0.00641025641025641	0.037037037037037035	1.0	0.014705882352941176	0.0	0.0	0.00684931506849315	0.018292682926829267	0.012048192771084338	0.003205128205128205	0.02564102564102564	0.0	0.003355704697986577	0.0	0.004807692307692308	0.0	0.015873015873015872	0.0	0.005535055350553505
ml	0.0	0.0	0.008403361344537815	0.0	0.006756756756756757	0.0	0.0	0.0012277470841006752	0.0	0.015015015015015015	0.008064516129032258	0.05263157894736842	0.012048192771084338	0.012448132780082987	0.005128205128205128	0.0	0.0	0.0	0.014705882352941176	1.0	0.05442176870748299	0.0	0.0	0.0	0.01834862385321101	0.0	0.0	0.0	0.01557632398753894	0.0	0.0	0.034482758620689655	0.0	0.0	0.0035087719298245615
mr	0.008771929824561403	0.0	0.017045454545454544	0.0	0.009708737864077669	0.01048951048951049	0.0	0.0035629453681710215	0.006024096385542169	0.010178117048346057	0.003246753246753247	0.014598540145985401	0.004424778761061947	0.013377926421404682	0.0	0.005235602094240838	0.0	0.0	0.0	0.05442176870748299	1.0	0.011976047904191617	0.008658008658008658	0.003968253968253968	0.017964071856287425	0.023076923076923078	0.008	0.0	0.005221932114882507	0.0	0.010273972602739725	0.02586206896551724	0.0	0.0	0.0096
nl	0.0	0.0	0.015151515151515152	0.0	0.006172839506172839	0.0	0.0	0.002437538086532602	0.0	0.0	0.007633587786259542	0.010752688172043012	0.0055248618784530384	0.0	0.014492753623188406	0.00684931506849315	0.0	0.0	0.0	0.0	0.011976047904191617	1.0	0.0053475935828877	0.0	0.008064516129032258	0.005681818181818182	0.0	0.0	0.011904761904761904	0.0	0.008064516129032258	0.0	0.019417475728155338	0.0	0.008605851979345954
pl	0.0	0.0	0.03664921465968586	0.007874015748031496	0.008888888888888889	0.009836065573770493	0.0	0.005885815185403178	0.0	0.009708737864077669	0.009230769230769232	0.0	0.025	0.009404388714733543	0.014814814814814815	0.014423076923076924	0.0234375	0.0	0.00684931506849315	0.0	0.008658008658008658	0.0053475935828877	1.0	0.0	0.005319148936170213	0.007228915662650603	0.0	0.0	0.01	0.018433179723502304	0.012903225806451613	0.0	0.018072289156626505	0.0	0.025236593059936908
pt	0.006535947712418301	0.0	0.009259259259259259	0.0	0.00816326530612245	0.009230769230769232	0.0	0.007575757575757576	0.004878048780487805	0.004608294930875576	0.014577259475218658	0.0	0.0037735849056603774	0.008849557522123894	0.00684931506849315	0.008733624454148471	0.010752688172043012	0.006578947368421052	0.018292682926829267	0.0	0.003968253968253968	0.0	0.0	1.0	0.00966183574879227	0.013888888888888888	0.012269938650306749	0.0	0.014354066985645933	0.0	0.003003003003003003	0.0	0.005319148936170213	0.0	0.012084592145015106
ro	0.014285714285714285	0.0	0.022727272727272728	0.0	0.025	0.012396694214876033	0.014492753623188406	0.00243605359317905	0.0	0.005698005698005698	0.023166023166023165	0.010638297872340425	0.028089887640449437	0.007782101167315175	0.0	0.006802721088435374	0.005050505050505051	0.0	0.012048192771084338	0.01834862385321101	0.017964071856287425	0.008064516129032258	0.005319148936170213	0.00966183574879227	1.0	0.011396011396011397	0.0	0.0	0.011869436201780416	0.032679738562091505	0.008032128514056224	0.0	0.019230769230769232	0.0	0.00686106346483705
ru	0.0	0.0	0.0	0.0	0.010282776349614395	0.006369426751592357	0.0	0.010237068965517241	0.005714285714285714	0.010416666666666666	0.012295081967213115	0.0	0.004878048780487805	0.016666666666666666	0.002277904328018223	0.0026595744680851063	0.007058823529411765	0.0	0.003205128205128205	0.0	0.023076923076923078	0.005681818181818182	0.007228915662650603	0.013888888888888888	0.011396011396011397	1.0	0.0032258064516129032	0.0	0.01967799642218247	0.015748031496062992	0.006289308176100629	0.0	0.006006006006006006	0.0	0.011152416356877323
sh	0.0	0.0	0.011111111111111112	0.0	0.008403361344537815	0.0	0.0	0.0006246096189881324	0.025974025974025976	0.0	0.013761467889908258	0.0	0.007246376811594203	0.009389671361502348	0.006024096385542169	0.0	0.013071895424836602	0.0	0.02564102564102564	0.0	0.008	0.0	0.0	0.012269938650306749	0.0	0.0032258064516129032	1.0	0.0	0.0	0.017857142857142856	0.0048543689320388345	0.0	0.0	0.0	0.0036968576709796672
si	0.0	0.0	0.0	0.0	0.0	0.0	0.0	0.0006313131313131314	0.0	0.0	0.0	0.0	0.0	0.0	0.0	0.0	0.0	0.0	0.0	0.0	0.0	0.0	0.0	0.0	0.0	0.0	0.0	1.0	0.0	0.0	0.0	0.0	0.0	0.0	0.0
simple	0.0	0.0	0.01744186046511628	0.0	0.03551912568306011	0.01545253863134658	0.0035211267605633804	0.009766684753119913	0.002967359050445104	0.030852994555353903	0.03896103896103896	0.003236245954692557	0.05013192612137203	0.01935483870967742	0.0070921985815602835	0.013966480446927373	0.012224938875305624	0.0035211267605633804	0.003355704697986577	0.01557632398753894	0.005221932114882507	0.011904761904761904	0.01	0.014354066985645933	0.011869436201780416	0.01967799642218247	0.0	0.0	1.0	0.021917808219178082	0.010845986984815618	0.0034602076124567475	0.012618296529968454	0.0035971223021582736	0.04291287386215865
sr	0.00980392156862745	0.0	0.018292682926829267	0.0	0.005128205128205128	0.007272727272727273	0.0	0.005392450569203115	0.0	0.010498687664041995	0.020618556701030927	0.007936507936507936	0.018957345971563982	0.0	0.0	0.0	0.008733624454148471	0.0	0.0	0.0	0.0	0.0	0.018433179723502304	0.0	0.032679738562091505	0.015748031496062992	0.017857142857142856	0.0	0.021917808219178082	1.0	0.0	0.0	0.014705882352941176	0.0	0.009787928221859706
sv	0.0	0.0	0.011673151750972763	0.0	0.01048951048951049	0.01928374655647383	0.0	0.0033994334277620396	0.0	0.004201680672268907	0.010362694300518135	0.0045662100456621	0.003257328990228013	0.0	0.005988023952095809	0.003676470588235294	0.006211180124223602	0.0	0.004807692307692308	0.0	0.010273972602739725	0.008064516129032258	0.012903225806451613	0.003003003003003003	0.008032128514056224	0.006289308176100629	0.0048543689320388345	0.0	0.010845986984815618	0.0	1.0	0.0	0.004347826086956522	0.0	0.009929078014184398
te	0.0	0.0	0.0	0.0	0.0	0.0	0.0	0.0006273525721455458	0.0	0.0033222591362126247	0.0	0.0	0.0	0.0	0.0	0.0	0.0	0.0	0.0	0.034482758620689655	0.02586206896551724	0.0	0.0	0.0	0.0	0.0	0.0	0.0	0.0034602076124567475	0.0	0.0	1.0	0.018518518518518517	0.0	0.0
vi	0.02	0.0	0.008771929824561403	0.0	0.006993006993006993	0.008968609865470852	0.0	0.0018484288354898336	0.0	0.0030120481927710845	0.00823045267489712	0.0	0.006172839506172839	0.0	0.005263157894736842	0.0	0.017045454545454544	0.0	0.015873015873015872	0.0	0.0	0.019417475728155338	0.018072289156626505	0.005319148936170213	0.019230769230769232	0.006006006006006006	0.0	0.0	0.012618296529968454	0.014705882352941176	0.004347826086956522	0.018518518518518517	1.0	0.0	0.0035398230088495575
war	0.0	0.0	0.0	0.0	0.0	0.0	0.0	0.0	0.0	0.0	0.0	0.0	0.0	0.0	0.0	0.0	0.0	0.0	0.0	0.0	0.0	0.0	0.0	0.0	0.0	0.0	0.0	0.0	0.0035971223021582736	0.0	0.0	0.0	0.0	1.0	0.0019083969465648854
zh	0.0037735849056603774	0.0	0.013605442176870748	0.003816793893129771	0.02459016393442623	0.02023121387283237	0.0	0.012007684918347743	0.006896551724137931	0.016229712858926344	0.023977433004231313	0.0018018018018018018	0.017377567140600316	0.022727272727272728	0.0074962518740629685	0.011627906976744186	0.012269938650306749	0.0018867924528301887	0.005535055350553505	0.0035087719298245615	0.0096	0.008605851979345954	0.025236593059936908	0.012084592145015106	0.00686106346483705	0.011152416356877323	0.0036968576709796672	0.0	0.04291287386215865	0.009787928221859706	0.009929078014184398	0.0	0.0035398230088495575	0.0019083969465648854	1.0
