arz	bs	ceb	ckb	da	de	el	en	es	fr	he	hi	hu	id	it	ja	ko	lv	mk	ml	mr	nl	pl	pt	ro	ru	sh	si	simple	sr	sv	te	vi	war	zh
arz	1.0	0.06595744680851064	0.015625	0.05862068965517241	0.035440613026819924	0.00897021887334051	0.036016949152542374	0.005130784708249497	0.010723296888141295	0.009720062208398134	0.022749273959341725	0.043257934670323794	0.0375	0.026737967914438502	0.01051953628166595	0.017168885774351786	0.027101769911504425	0.04927007299270073	0.0490506329113924	0.045454545454545456	0.07518796992481203	0.015399120050282841	0.010922871154703521	0.012213359920239282	0.04555275281370085	0.01259222613152375	0.039959016393442626	0.0703125	0.03299492385786802	0.027413587604290822	0.01904761904761905	0.06481481481481481	0.02766798418972332	0.07865168539325842	0.01993067590987868
bs	0.06595744680851064	1.0	0.014985014985014984	0.1	0.11438474870017332	0.03456048602668206	0.12611691831204028	0.020446519658969056	0.040537362263046973	0.03767547871561927	0.07753907189982862	0.1267207991029179	0.11362867219832419	0.09855303910181959	0.04004155298488325	0.06081335193862691	0.08552494997444204	0.13383579703620677	0.13279421957009757	0.11898913335906704	0.08998101834135917	0.058390377993956466	0.041803771488278366	0.047460577842297354	0.10828684437109852	0.04808614769101044	0.1493250658832962	0.09493930779296962	0.10614407873229986	0.09505080049261083	0.07109027892833363	0.09252669039145907	0.09459951728783117	0.08294930875576037	0.07473009384000744
ceb	0.015625	0.014985014985014984	1.0	0.02336448598130841	0.005964214711729622	0.0014393666786613889	0.0077951002227171495	0.0008059641345960105	0.001687051876845213	0.0015600624024961	0.003913894324853229	0.010075566750629723	0.007625272331154684	0.005479452054794521	0.0015079707022834985	0.0028208744710860366	0.004469273743016759	0.01016260162601626	0.01206896551724138	0.015151515151515152	0.030927835051546393	0.0022109917877447885	0.0017905102954341987	0.00200300450676014	0.008456659619450317	0.0020639834881320948	0.006369426751592357	0.03333333333333333	0.006108202443280977	0.0048367593712212815	0.002797761790567546	0.015503875968992248	0.004704301075268817	0.06382978723404255	0.0030621172353455816
ckb	0.05862068965517241	0.1	0.02336448598130841	1.0	0.07291666666666667	0.017966223499820338	0.07861635220125786	0.010374697824335213	0.02127211457455771	0.019268197742312185	0.04501452081316554	0.07852193995381063	0.07230142566191446	0.05823293172690763	0.021531714619997498	0.03328661527680449	0.05079209721214988	0.12055526590198123	0.09545454545454546	0.10353408147464063	0.10303030303030303	0.03018867924528302	0.021642124051762607	0.02499828629085914	0.077	0.02521452663426457	0.07414829659318638	0.11935483870967742	0.0680672268907563	0.048292108362779744	0.036475472840115285	0.09947643979057591	0.057236842105263155	0.12083333333333333	0.03987923195135513
da	0.035440613026819924	0.11438474870017332	0.005964214711729622	0.07291666666666667	1.0	0.07916144742141573	0.15583303607680563	0.04827284255502954	0.0937245594688432	0.08768366216297337	0.16592727939474997	0.14957252808574706	0.18175062806730546	0.16055666783008024	0.09296328332744301	0.13514930973589778	0.17641649626765793	0.14726383581411506	0.13749789733835382	0.11662733691957529	0.06546489563567362	0.13106693552545456	0.09215386962103904	0.1099581119245622	0.1747240037242871	0.10469684739920952	0.15941906248772633	0.05815155027867547	0.18083756345177665	0.1505475513800685	0.1551373807302357	0.06805807622504537	0.15377320615231266	0.041666666666666664	0.15583316491233934
de	0.00897021887334051	0.03456048602668206	0.0014393666786613889	0.017966223499820338	0.07916144742141573	1.0	0.07044675401942524	0.23305561735431685	0.26988472752817577	0.2592148687730883	0.14955115131758648	0.06176884636431729	0.07436449415337093	0.1095376789010454	0.2562108963077044	0.1878428628962178	0.1349904327965457	0.0406530037631643	0.04675032872907808	0.03715175871085572	0.016349263384836506	0.21535845396340222	0.26333250546091985	0.2349268574713153	0.07623038764212155	0.21330552065432734	0.07173375746020327	0.015091627739849083	0.08598075232748965	0.12057725621001136	0.17913801017098296	0.02141003127511133	0.1086177072512882	0.008096437567470314	0.15222468888340035
el	0.036016949152542374	0.12611691831204028	0.0077951002227171495	0.07861635220125786	0.15583303607680563	0.07044675401942524	1.0	0.043971981224640994	0.08459652354113961	0.0771265999582797	0.1450998624344016	0.16574092864680576	0.1571106672812004	0.15939385418177993	0.08113137335849764	0.12404878762232147	0.16002291557044512	0.16151863741936914	0.15769078815627824	0.11574752163722424	0.07560188000740369	0.11175939383710884	0.08401690437828006	0.0971399887014282	0.18091601454057848	0.09281660277963817	0.15638608750842342	0.06659619450317125	0.16987431565224576	0.1428904227001989	0.13298049180395954	0.08252831102455511	0.15417827972080275	0.04777777777777778	0.1389853657133176
en	0.005130784708249497	0.020446519658969056	0.0008059641345960105	0.010374697824335213	0.04827284255502954	0.23305561735431685	0.043971981224640994	1.0	0.22529344699205556	0.22138308056360598	0.10116361136973417	0.039613480509437034	0.044864224104922606	0.07105485110972834	0.21551837907844093	0.1368954330199714	0.08922768873367146	0.024491676314622454	0.02849752280907777	0.022976486344836258	0.009576085520875976	0.15097848540327397	0.20484190314425058	0.19110595968301594	0.04613658723530373	0.17420557688876978	0.045520682076799	0.00886736011894269	0.056882762337306055	0.08069680683536862	0.12173488877616835	0.012598454682249455	0.0744689754794288	0.004533548257102559	0.11369743610523358
es	0.010723296888141295	0.040537362263046973	0.001687051876845213	0.02127211457455771	0.0937245594688432	0.26988472752817577	0.08459652354113961	0.22529344699205556	1.0	0.2752312079420901	0.17978899043575758	0.07558519459535136	0.08856677637512221	0.13248266148865542	0.28611544294727514	0.21951086340853657	0.16465696580359152	0.04985275557425326	0.05701101498993288	0.04623005303353446	0.019595448798988623	0.2433753492312526	0.2684335931655392	0.28971466849246036	0.08942781953467478	0.23857213948032557	0.087404189147081	0.018120522545301308	0.10453071811575776	0.14629540908695618	0.2099718281435975	0.025252525252525252	0.1366028790287199	0.009489666807254323	0.18956310600416554
fr	0.009720062208398134	0.03767547871561927	0.0015600624024961	0.019268197742312185	0.08768366216297337	0.2592148687730883	0.0771265999582797	0.22138308056360598	0.2752312079420901	1.0	0.16361441799053458	0.0681994040112366	0.08083244472154075	0.11924967241217156	0.25878414815445044	0.20064516499883206	0.15084890905454257	0.04554166276080835	0.052800055070074285	0.04193244721699413	0.017949629374238062	0.22770949113816147	0.24435959588190312	0.25074385038699076	0.0841068703495164	0.21426167380218158	0.0793453669185025	0.01657626462659242	0.09864382096550552	0.12855895056152505	0.19622660139089165	0.022948269155970438	0.12374353715708938	0.008775351014040561	0.1679277939234518
he	0.022749273959341725	0.07753907189982862	0.003913894324853229	0.04501452081316554	0.16592727939474997	0.14955115131758648	0.1450998624344016	0.10116361136973417	0.17978899043575758	0.16361441799053458	1.0	0.13205125235784193	0.14861623645467895	0.1852733700928481	0.17416258297679227	0.2099577116633782	0.22661251632265839	0.09846820906768215	0.10953876404607334	0.08269567762036734	0.041339998825463936	0.21240375435914427	0.17140866365154162	0.20191836745859712	0.15540112919174667	0.17860226908336374	0.1503820434337905	0.038834951456310676	0.1818136573774406	0.1929693448966161	0.2326217376935553	0.0519730510105871	0.19698843701472216	0.02048780487804878	0.21696728173584526
hi	0.043257934670323794	0.1267207991029179	0.010075566750629723	0.07852193995381063	0.14957252808574706	0.06176884636431729	0.16574092864680576	0.039613480509437034	0.07558519459535136	0.0681994040112366	0.13205125235784193	1.0	0.1502468610805802	0.1625493588580837	0.07141146125060935	0.11145351823317924	0.15110152226593823	0.1557377049180328	0.14644920914587503	0.1539692380751372	0.09328416796998153	0.09980863915537283	0.07229962848113797	0.08782693945421569	0.16616889690646872	0.08272981967834055	0.14956603729385307	0.0829326923076923	0.1676862056017528	0.13447456612691905	0.11864282955388634	0.10697674418604651	0.16239299894660075	0.05112219451371571	0.12909965428381387
hu	0.0375	0.11362867219832419	0.007625272331154684	0.07230142566191446	0.18175062806730546	0.07436449415337093	0.1571106672812004	0.044864224104922606	0.08856677637512221	0.08083244472154075	0.14861623645467895	0.1502468610805802	1.0	0.15731538387719934	0.08476130624520975	0.11818880315663842	0.15512152974430812	0.14469955976020982	0.14139232235617374	0.11593266068969395	0.07408323121134594	0.11925399633656125	0.08969805364135447	0.1025545063461478	0.17427148847422935	0.09895497748675637	0.15513652812366516	0.06311595573630946	0.16130797782886028	0.14868175577422882	0.13293915698425657	0.08651911468812877	0.1544740286924149	0.044372294372294376	0.13834305805733021
id	0.026737967914438502	0.09855303910181959	0.005479452054794521	0.05823293172690763	0.16055666783008024	0.1095376789010454	0.15939385418177993	0.07105485110972834	0.13248266148865542	0.11924967241217156	0.1852733700928481	0.1625493588580837	0.15731538387719934	1.0	0.12800330777479632	0.1636910836922397	0.19129782633488376	0.11913823120581131	0.12327500033770548	0.10853274796142362	0.05592991913746631	0.1669804741980474	0.12415142337976984	0.1526291307928287	0.16520906579608238	0.14250045655475072	0.16457288121914807	0.051625990463052954	0.170929129145131	0.18126869620339375	0.1841358637751228	0.06697612732095491	0.19703397566764594	0.029371584699453553	0.17429732537074072
it	0.01051953628166595	0.04004155298488325	0.0015079707022834985	0.021531714619997498	0.09296328332744301	0.2562108963077044	0.08113137335849764	0.21551837907844093	0.28611544294727514	0.25878414815445044	0.17416258297679227	0.07141146125060935	0.08476130624520975	0.12800330777479632	1.0	0.20853623986765762	0.15753364327689198	0.0493690247090798	0.056119667349732325	0.0456641098064042	0.01871107200928908	0.23856402955736494	0.25122327029906244	0.2772962655611475	0.0873418555748575	0.22660265837929863	0.08577714136466097	0.016985633249502436	0.10268736355045781	0.13985907846016332	0.20035511778028844	0.02468664168215507	0.12764790765569933	0.009478672985781991	0.1826034891250635
ja	0.017168885774351786	0.06081335193862691	0.0028208744710860366	0.03328661527680449	0.13514930973589778	0.1878428628962178	0.12404878762232147	0.1368954330199714	0.21951086340853657	0.20064516499883206	0.2099577116633782	0.11145351823317924	0.11818880315663842	0.1636910836922397	0.20853623986765762	1.0	0.2173632156640356	0.07475827612390258	0.08408289879498468	0.06959527581104397	0.03244324362930873	0.22421991627367643	0.20278589807963596	0.23332122477700382	0.12190774494841373	0.20073875302408375	0.11973599463434481	0.029553870020314548	0.15290211876650198	0.16809231173789208	0.2321151083652693	0.03999632120182022	0.17247984234658417	0.015867418899858956	0.22102290041978565
ko	0.027101769911504425	0.08552494997444204	0.004469273743016759	0.05079209721214988	0.17641649626765793	0.1349904327965457	0.16002291557044512	0.08922768873367146	0.16465696580359152	0.15084890905454257	0.22661251632265839	0.15110152226593823	0.15512152974430812	0.19129782633488376	0.15753364327689198	0.2173632156640356	1.0	0.10488708483727772	0.11112734187598201	0.09684178056394387	0.04892526846218224	0.1966091894143139	0.15193922995714218	0.18587538983975666	0.16965726932364053	0.17154416385594173	0.16416376948403288	0.044370632818974416	0.20037896345437956	0.19929825100532073	0.21969249323619566	0.05623591150433848	0.2114216677156967	0.024553571428571428	0.21810953644798392
lv	0.04927007299270073	0.13383579703620677	0.01016260162601626	0.12055526590198123	0.14726383581411506	0.0406530037631643	0.16151863741936914	0.024491676314622454	0.04985275557425326	0.04554166276080835	0.09846820906768215	0.1557377049180328	0.14469955976020982	0.11913823120581131	0.0493690247090798	0.07475827612390258	0.10488708483727772	1.0	0.16169154228855723	0.15774444444444444	0.11575318401405359	0.070020093535988	0.05096798404738796	0.05808952004164356	0.15688073394495414	0.05672241676984859	0.1370352765445199	0.10546177654304034	0.13236911220771197	0.10623940014650317	0.08327751131291843	0.10526315789473684	0.1241680865172181	0.08064516129032258	0.0880366391726771
mk	0.0490506329113924	0.13279421957009757	0.01206896551724138	0.09545454545454546	0.13749789733835382	0.04675032872907808	0.15769078815627824	0.02849752280907777	0.05701101498993288	0.052800055070074285	0.10953876404607334	0.14644920914587503	0.14139232235617374	0.12327500033770548	0.056119667349732325	0.08408289879498468	0.11112734187598201	0.16169154228855723	1.0	0.1254552738927739	0.08211299313893654	0.07758406512093828	0.05600374058219393	0.06717389855936086	0.16279666557698597	0.06454030800121821	0.14010021062780645	0.08359133126934984	0.1384792040111189	0.1158953988419087	0.0971408434990739	0.08309859154929577	0.1285189343094223	0.06418918918918919	0.09957057393488439
ml	0.045454545454545456	0.11898913335906704	0.015151515151515152	0.10353408147464063	0.11662733691957529	0.03715175871085572	0.11574752163722424	0.022976486344836258	0.04623005303353446	0.04193244721699413	0.08269567762036734	0.1539692380751372	0.11593266068969395	0.10853274796142362	0.0456641098064042	0.06959527581104397	0.09684178056394387	0.15774444444444444	0.1254552738927739	1.0	0.11368148081910043	0.06250768214185046	0.04468406267321933	0.052911699744841986	0.13546859778809237	0.0517665293253758	0.12239545885722226	0.10565325018347978	0.12005834196715186	0.0888628824352912	0.07374149815040813	0.12558343057176197	0.10736579275905118	0.0876068376068376	0.07961872839511995
mr	0.07518796992481203	0.08998101834135917	0.030927835051546393	0.10303030303030303	0.06546489563567362	0.016349263384836506	0.07560188000740369	0.009576085520875976	0.019595448798988623	0.017949629374238062	0.041339998825463936	0.09328416796998153	0.07408323121134594	0.05592991913746631	0.01871107200928908	0.03244324362930873	0.04892526846218224	0.11575318401405359	0.08211299313893654	0.11368148081910043	1.0	0.027755824896108384	0.019702646115337397	0.022531102708560433	0.07489878542510121	0.022370990739463623	0.06780062307282682	0.11409395973154363	0.07137239585550458	0.046330869929739074	0.034628771456071225	0.1444242790885259	0.059658855485474886	0.14220183486238533	0.03980954817594392
nl	0.015399120050282841	0.058390377993956466	0.0022109917877447885	0.03018867924528302	0.13106693552545456	0.21535845396340222	0.11175939383710884	0.15097848540327397	0.2433753492312526	0.22770949113816147	0.21240375435914427	0.09980863915537283	0.11925399633656125	0.1669804741980474	0.23856402955736494	0.22421991627367643	0.1966091894143139	0.070020093535988	0.07758406512093828	0.06250768214185046	0.027755824896108384	1.0	0.22403244417256338	0.24663845887833358	0.11754610002995378	0.22290816660451362	0.11649596533294582	0.025554377024528303	0.1390835776615526	0.17435038005611517	0.24451491864810787	0.0361180904522613	0.16355579602161863	0.014222503160556258	0.2076193963710084
pl	0.010922871154703521	0.041803771488278366	0.0017905102954341987	0.021642124051762607	0.09215386962103904	0.26333250546091985	0.08401690437828006	0.20484190314425058	0.2684335931655392	0.24435959588190312	0.17140866365154162	0.07229962848113797	0.08969805364135447	0.12415142337976984	0.25122327029906244	0.20278589807963596	0.15193922995714218	0.05096798404738796	0.05600374058219393	0.04468406267321933	0.019702646115337397	0.22403244417256338	1.0	0.2434296193651573	0.08784030605193666	0.21652147029366947	0.0870253420194152	0.01830357142857143	0.10128870096923956	0.14062609770572834	0.19049876238983213	0.025389755011135856	0.1253518333297965	0.009843400447427294	0.1743147971880346
pt	0.012213359920239282	0.047460577842297354	0.00200300450676014	0.02499828629085914	0.1099581119245622	0.2349268574713153	0.0971399887014282	0.19110595968301594	0.28971466849246036	0.25074385038699076	0.20191836745859712	0.08782693945421569	0.1025545063461478	0.1526291307928287	0.2772962655611475	0.23332122477700382	0.18587538983975666	0.05808952004164356	0.06717389855936086	0.052911699744841986	0.022531102708560433	0.24663845887833358	0.2434296193651573	1.0	0.1078700906456812	0.23936009760633303	0.10282471791911021	0.021282241423781274	0.12443408552726686	0.15961637470708387	0.22795362132338945	0.029451878552160717	0.15618577343763412	0.011011011011011011	0.20706716469551326
ro	0.04555275281370085	0.10828684437109852	0.008456659619450317	0.077	0.1747240037242871	0.07623038764212155	0.18091601454057848	0.04613658723530373	0.08942781953467478	0.0841068703495164	0.15540112919174667	0.16616889690646872	0.17427148847422935	0.16520906579608238	0.0873418555748575	0.12190774494841373	0.16965726932364053	0.15688073394495414	0.16279666557698597	0.13546859778809237	0.07489878542510121	0.11754610002995378	0.08784030605193666	0.1078700906456812	1.0	0.10287012012012012	0.16287742658385151	0.0655241935483871	0.1734442737048091	0.16346332592442916	0.1387406409545232	0.07869395520149097	0.16623509948432172	0.04411764705882353	0.14118131951785007
ru	0.01259222613152375	0.04808614769101044	0.0020639834881320948	0.02521452663426457	0.10469684739920952	0.21330552065432734	0.09281660277963817	0.17420557688876978	0.23857213948032557	0.21426167380218158	0.17860226908336374	0.08272981967834055	0.09895497748675637	0.14250045655475072	0.22660265837929863	0.20073875302408375	0.17154416385594173	0.05672241676984859	0.06454030800121821	0.0517665293253758	0.022370990739463623	0.22290816660451362	0.21652147029366947	0.23936009760633303	0.10287012012012012	1.0	0.09983704723307095	0.021627188465499485	0.11301840459262909	0.15740278954992357	0.19980962985834802	0.030061664953751285	0.14194161408167058	0.011609907120743035	0.1785687337406485
sh	0.039959016393442626	0.1493250658832962	0.006369426751592357	0.07414829659318638	0.15941906248772633	0.07173375746020327	0.15638608750842342	0.045520682076799	0.087404189147081	0.0793453669185025	0.1503820434337905	0.14956603729385307	0.15513652812366516	0.16457288121914807	0.08577714136466097	0.11973599463434481	0.16416376948403288	0.1370352765445199	0.14010021062780645	0.12239545885722226	0.06780062307282682	0.11649596533294582	0.0870253420194152	0.10282471791911021	0.16287742658385151	0.09983704723307095	1.0	0.06857672717328138	0.1685558559002315	0.23519605364743823	0.13705573610411803	0.0812133072407045	0.15530314588782332	0.04449152542372881	0.13606916453186102
si	0.0703125	0.09493930779296962	0.03333333333333333	0.11935483870967742	0.05815155027867547	0.015091627739849083	0.06659619450317125	0.00886736011894269	0.018120522545301308	0.01657626462659242	0.038834951456310676	0.0829326923076923	0.06311595573630946	0.051625990463052954	0.016985633249502436	0.029553870020314548	0.044370632818974416	0.10546177654304034	0.08359133126934984	0.10565325018347978	0.11409395973154363	0.025554377024528303	0.01830357142857143	0.021282241423781274	0.0655241935483871	0.021627188465499485	0.06857672717328138	1.0	0.0641025641025641	0.04529201430274136	0.03184692340021693	0.1016949152542373	0.0519202496842396	0.13333333333333333	0.037224654099152106
simple	0.03299492385786802	0.10614407873229986	0.006108202443280977	0.0680672268907563	0.18083756345177665	0.08598075232748965	0.16987431565224576	0.056882762337306055	0.10453071811575776	0.09864382096550552	0.1818136573774406	0.1676862056017528	0.16130797782886028	0.170929129145131	0.10268736355045781	0.15290211876650198	0.20037896345437956	0.13236911220771197	0.1384792040111189	0.12005834196715186	0.07137239585550458	0.1390835776615526	0.10128870096923956	0.12443408552726686	0.1734442737048091	0.11301840459262909	0.1685558559002315	0.0641025641025641	1.0	0.1592629601943245	0.16248544512509067	0.07508250825082509	0.185986346420303	0.037456445993031356	0.17402504590602755
sr	0.027413587604290822	0.09505080049261083	0.0048367593712212815	0.048292108362779744	0.1505475513800685	0.12057725621001136	0.1428904227001989	0.08069680683536862	0.14629540908695618	0.12855895056152505	0.1929693448966161	0.13447456612691905	0.14868175577422882	0.18126869620339375	0.13985907846016332	0.16809231173789208	0.19929825100532073	0.10623940014650317	0.1158953988419087	0.0888628824352912	0.046330869929739074	0.17435038005611517	0.14062609770572834	0.15961637470708387	0.16346332592442916	0.15740278954992357	0.23519605364743823	0.04529201430274136	0.1592629601943245	1.0	0.18500205959956745	0.05750561693553487	0.16771666073590358	0.025934861278648975	0.1814596064646292
sv	0.01904761904761905	0.07109027892833363	0.002797761790567546	0.036475472840115285	0.1551373807302357	0.17913801017098296	0.13298049180395954	0.12173488877616835	0.2099718281435975	0.19622660139089165	0.2326217376935553	0.11864282955388634	0.13293915698425657	0.1841358637751228	0.20035511778028844	0.2321151083652693	0.21969249323619566	0.08327751131291843	0.0971408434990739	0.07374149815040813	0.034628771456071225	0.24451491864810787	0.19049876238983213	0.22795362132338945	0.1387406409545232	0.19980962985834802	0.13705573610411803	0.03184692340021693	0.16248544512509067	0.18500205959956745	1.0	0.042620363062352014	0.17741922970168322	0.018	0.2128510086990659
te	0.06481481481481481	0.09252669039145907	0.015503875968992248	0.09947643979057591	0.06805807622504537	0.02141003127511133	0.08252831102455511	0.012598454682249455	0.025252525252525252	0.022948269155970438	0.0519730510105871	0.10697674418604651	0.08651911468812877	0.06697612732095491	0.02468664168215507	0.03999632120182022	0.05623591150433848	0.10526315789473684	0.08309859154929577	0.12558343057176197	0.1444242790885259	0.0361180904522613	0.025389755011135856	0.029451878552160717	0.07869395520149097	0.030061664953751285	0.0812133072407045	0.1016949152542373	0.07508250825082509	0.05750561693553487	0.042620363062352014	1.0	0.06584093872229466	0.08620689655172414	0.0489779658667776
vi	0.02766798418972332	0.09459951728783117	0.004704301075268817	0.057236842105263155	0.15377320615231266	0.1086177072512882	0.15417827972080275	0.0744689754794288	0.1366028790287199	0.12374353715708938	0.19698843701472216	0.16239299894660075	0.1544740286924149	0.19703397566764594	0.12764790765569933	0.17247984234658417	0.2114216677156967	0.1241680865172181	0.1285189343094223	0.10736579275905118	0.059658855485474886	0.16355579602161863	0.1253518333297965	0.15618577343763412	0.16623509948432172	0.14194161408167058	0.15530314588782332	0.0519202496842396	0.185986346420303	0.16771666073590358	0.17741922970168322	0.06584093872229466	1.0	0.02956989247311828	0.1946992307709499
war	0.07865168539325842	0.08294930875576037	0.06382978723404255	0.12083333333333333	0.041666666666666664	0.008096437567470314	0.04777777777777778	0.004533548257102559	0.009489666807254323	0.008775351014040561	0.02048780487804878	0.05112219451371571	0.044372294372294376	0.029371584699453553	0.009478672985781991	0.015867418899858956	0.024553571428571428	0.08064516129032258	0.06418918918918919	0.0876068376068376	0.14220183486238533	0.014222503160556258	0.009843400447427294	0.011011011011011011	0.04411764705882353	0.011609907120743035	0.04449152542372881	0.13333333333333333	0.037456445993031356	0.025934861278648975	0.018	0.08620689655172414	0.02956989247311828	1.0	0.019702276707530646
zh	0.01993067590987868	0.07473009384000744	0.0030621172353455816	0.03987923195135513	0.15583316491233934	0.15222468888340035	0.1389853657133176	0.11369743610523358	0.18956310600416554	0.1679277939234518	0.21696728173584526	0.12909965428381387	0.13834305805733021	0.17429732537074072	0.1826034891250635	0.22102290041978565	0.21810953644798392	0.0880366391726771	0.09957057393488439	0.07961872839511995	0.03980954817594392	0.2076193963710084	0.1743147971880346	0.20706716469551326	0.14118131951785007	0.1785687337406485	0.13606916453186102	0.037224654099152106	0.17402504590602755	0.1814596064646292	0.2128510086990659	0.0489779658667776	0.1946992307709499	0.019702276707530646	1.0
