arz	bs	ceb	ckb	da	de	el	en	es	fr	he	hi	hu	id	it	ja	ko	lv	mk	ml	mr	nl	pl	pt	ro	ru	sh	si	simple	sr	sv	te	vi	war	zh
arz	1.0	0.0004342162396873643	0.0	0.0	0.0	0.00016001280102408193	0.00022904260192395785	0.0	0.0	6.133213394938055e-05	0.0003455425017277125	0.0	0.0	0.00037965072133637056	0.0	0.0	0.00010214504596527068	0.0005184033177812338	0.0	0.0	0.012195121951219513	0.0	0.0	0.0	0.00013638843426077467	0.00012431626056688214	0.0	0.0	0.0	0.0	0.0	0.0	0.0	0.0	0.0
bs	0.0004342162396873643	1.0	0.0	0.0004385964912280702	0.04044992429158555	0.008887673480549668	0.027777777777777776	0.0024813895781637717	0.0017851829812555787	0.007481345854743764	0.0531588632181558	0.0	0.019880715705765408	0.07683839718185821	0.00836843902994421	0.015028625954198474	0.017139479905437353	0.15475862068965518	0.005965061780997018	0.0	0.005156854318865492	0.006550346610269064	0.011942459060888446	0.0055147058823529415	0.017915053875928445	0.013279559315364942	0.0017444395987788923	0.0	0.0016927634363097758	0.10286103542234333	0.025237529691211402	0.0	0.007172413793103448	0.0	0.012032858961008908
ceb	0.0	0.0	0.0	0.0	0.0	0.0	0.0	0.0	0.0	0.0	0.0	0.0	0.0	0.0	0.0	0.0	0.0	0.0	0.0	0.0	0.0	0.0	0.0	0.0	0.0	0.0	0.0	0.0	0.0	0.0	0.0	0.0	0.0	0.0	0.0
ckb	0.0	0.0004385964912280702	0.0	1.0	0.0	0.0	0.0	0.0	0.0	0.0	0.0	0.0	0.00013392259274139549	0.0	0.0	0.0	0.0	0.0005246589716684155	0.0	0.0	0.01694915254237288	0.0	0.0	0.0	2.7291831554815644e-05	0.0	0.0	0.0	0.0	0.0	0.0	0.0	0.0	0.0	0.0
da	0.0	0.04044992429158555	0.0	0.0	1.0	0.006910896403650027	0.017016868896123114	0.00371136963814146	0.001661589587371919	0.006557312871907297	0.027783063748810656	0.0003952569169960474	0.013277924184066491	0.02778888444622151	0.007515844971675361	0.009914687572054416	0.010186478271584655	0.047461629279811096	0.002688172043010753	0.00039478878799842083	0.001934984520123839	0.007148692810457516	0.008288510713340975	0.0038575401453305822	0.008833831255794787	0.008506977633339706	0.0	0.0	0.0015308075009567547	0.03026023804720597	0.02199371608111968	0.0	0.00593089221248066	0.0	0.0102178306759488
de	0.00016001280102408193	0.008887673480549668	0.0	0.0	0.006910896403650027	1.0	0.011303511303511303	0.011906976744186046	0.0022906968151924926	0.02893836764804507	0.010734277247283503	0.0	0.01838235294117647	0.00821917808219178	0.01716534859142097	0.016519045807748736	0.012425469937645078	0.006367198432689617	0.00023894862604540023	0.0	0.00023936806829968882	0.01829840833619604	0.01828745594818554	0.010179697954502007	0.02617779170583934	0.018736643307986682	0.0	0.0	0.0005574579915584932	0.00790037493304767	0.008015559615724642	0.0	0.0021710811984368217	0.0	0.013590155163188872
el	0.00022904260192395785	0.027777777777777776	0.0	0.0	0.017016868896123114	0.011303511303511303	1.0	0.00510289723704972	0.002770083102493075	0.014482811189877277	0.03396875447900244	0.0	0.02003800310934531	0.02415316642120766	0.012181390111577439	0.02055984555984556	0.019214099971106617	0.03033800494641385	0.0011314777098891152	0.0002300966405890474	0.0011371389583807142	0.009839893262174782	0.01704283740211884	0.008766485647788983	0.023142022617769677	0.01736196823829507	0.00022941041523285156	0.0	0.0009037505648441031	0.021854695806261076	0.01631728045325779	0.0	0.00421792618629174	0.0	0.015023474178403756
en	0.0	0.0024813895781637717	0.0	0.0	0.00371136963814146	0.011906976744186046	0.00510289723704972	1.0	0.001426158753987615	0.023833413511098894	0.004445855827246745	0.0	0.009433962264150943	0.003700672526064833	0.013712506794485348	0.007630204210859586	0.005745001564233099	0.002807657247037375	0.00015580571027928172	0.0	7.79635910030016e-05	0.016451607209051915	0.010012002693287274	0.006375040394841211	0.01571629075953912	0.00861086108610861	3.904419803217242e-05	0.0	0.00015576930565832002	0.003776677236612392	0.005556479787057062	0.0	0.0019320081738807356	0.0	0.007193566626876924
es	0.0	0.0017851829812555787	0.0	0.0	0.001661589587371919	0.0022906968151924926	0.002770083102493075	0.001426158753987615	1.0	0.0024067388688327317	0.001771703366236396	0.0	0.0025785278949835913	0.0016251354279523294	0.0028531536453590724	0.002054231717337716	0.0015686998246747254	0.0013382402141184342	0.0	0.0	0.0	0.001392757660167131	0.0016038492381716118	0.0013355249640435586	0.0019918731575173294	0.002973240832507433	0.0	0.0	0.0	0.0019141372709871479	0.0007006480994920302	0.0	0.000407000407000407	0.0	0.002654632333421821
fr	6.133213394938055e-05	0.007481345854743764	0.0	0.0	0.006557312871907297	0.02893836764804507	0.014482811189877277	0.023833413511098894	0.0024067388688327317	1.0	0.012399765304126736	0.0	0.02668731214136078	0.009347992239402669	0.03220526645164396	0.021685541119122197	0.018685746040566824	0.007636767564565399	0.00030637880675667394	2.0451570680628273e-05	0.00016345210853220007	0.03419174999360663	0.02320887991927346	0.015993786078697902	0.06328704797185584	0.022786902922042915	4.0893105422425777e-05	0.0	0.00036763204117478863	0.00767453698265398	0.00914507674322133	0.0	0.0026930519260308402	0.0	0.015276835329286408
he	0.0003455425017277125	0.0531588632181558	0.0	0.0	0.027783063748810656	0.010734277247283503	0.03396875447900244	0.004445855827246745	0.001771703366236396	0.012399765304126736	1.0	0.0	0.020331622581918674	0.042800076089024156	0.00898517171049005	0.02063474262644387	0.02084006462035541	0.07517443169029935	0.004423273222184417	0.0	0.001367053998632946	0.0075440067057837385	0.015522593997930321	0.008659902029391183	0.019980381021219476	0.018039069071875875	0.00034638032559750607	0.0	0.003051881993896236	0.04930662557781202	0.015716027638531364	0.0	0.005451528798293435	0.0	0.01721132897603486
hi	0.0	0.0	0.0	0.0	0.0003952569169960474	0.0	0.0	0.0	0.0	0.0	0.0	1.0	0.0	0.0	0.0	0.0	0.0	0.0	0.0	0.0	0.01694915254237288	0.0	0.0	0.0	0.0	0.0	0.0	0.0	0.0	0.0	0.0	0.0	0.0	0.0	0.0
hu	0.0	0.019880715705765408	0.0	0.00013392259274139549	0.013277924184066491	0.01838235294117647	0.02003800310934531	0.009433962264150943	0.0025785278949835913	0.02668731214136078	0.020331622581918674	0.0	1.0	0.020453624949372216	0.017823014356193607	0.021706698493211996	0.015556865055981143	0.022248882102737486	0.0013266118333775537	0.0	0.0007978723404255319	0.01677705332061954	0.01828585644980719	0.014851173620288214	0.038152846753124484	0.02069329115592461	0.0	0.0	0.0003972983710766786	0.01701093560145808	0.012474882786336235	0.0	0.00408997955010225	0.0	0.012130456889663688
id	0.00037965072133637056	0.07683839718185821	0.0	0.0	0.02778888444622151	0.00821917808219178	0.02415316642120766	0.003700672526064833	0.0016251354279523294	0.009347992239402669	0.042800076089024156	0.0	0.020453624949372216	1.0	0.0074256043771983695	0.018665744901486345	0.0208659793814433	0.09875942593043055	0.003354453969437197	0.0	0.003005259203606311	0.006545835394059291	0.013019000703729768	0.007148601554820838	0.016259320629660314	0.013923326339881748	0.0	0.0	0.001856665428889714	0.059856996935648624	0.016004492489119754	0.0	0.009890945980218108	0.0	0.016801075268817203
it	0.0	0.00836843902994421	0.0	0.0	0.007515844971675361	0.01716534859142097	0.012181390111577439	0.013712506794485348	0.0028531536453590724	0.03220526645164396	0.00898517171049005	0.0	0.017823014356193607	0.0074256043771983695	1.0	0.015421393081466204	0.01208883890919314	0.007378573088542877	0.00019341112758687384	0.0	0.0001936858415649816	0.018230229112537844	0.019349974870162507	0.011333585190782017	0.027364018387357705	0.017085862966175196	0.0	0.0	0.00038674745391259507	0.00727069351230425	0.00890252489689166	0.0	0.0027449576321756774	0.0	0.012763596004439512
ja	0.0	0.015028625954198474	0.0	0.0	0.009914687572054416	0.016519045807748736	0.02055984555984556	0.007630204210859586	0.002054231717337716	0.021685541119122197	0.02063474262644387	0.0	0.021706698493211996	0.018665744901486345	0.015421393081466204	1.0	0.018139002036659878	0.01687289088863892	0.0004755865567533291	0.0	0.00015903307888040714	0.01220997987074902	0.016658829851548332	0.011136764905609126	0.024274280253255287	0.020991546066771744	0.0	0.0	0.0009507209633972429	0.011368856224161691	0.014389833675948422	0.0	0.005157365776249669	0.0	0.020659163987138265
ko	0.00010214504596527068	0.017139479905437353	0.0	0.0	0.010186478271584655	0.012425469937645078	0.019214099971106617	0.005745001564233099	0.0015686998246747254	0.018685746040566824	0.02084006462035541	0.0	0.015556865055981143	0.0208659793814433	0.01208883890919314	0.018139002036659878	1.0	0.015396659707724426	0.0003047232097511427	0.0	0.0005091131249363609	0.009941223423554168	0.013735816276670828	0.008979904725401083	0.020449448084788248	0.015644627155418523	0.0	0.0	0.0006092607636068237	0.013880903490759754	0.01038961038961039	0.0	0.0033330330600846773	0.0	0.013864601548838371
lv	0.0005184033177812338	0.15475862068965518	0.0	0.0005246589716684155	0.047461629279811096	0.006367198432689617	0.03033800494641385	0.002807657247037375	0.0013382402141184342	0.007636767564565399	0.07517443169029935	0.0	0.022248882102737486	0.09875942593043055	0.007378573088542877	0.01687289088863892	0.015396659707724426	1.0	0.011710794297352342	0.0010482180293501049	0.009763617677286743	0.006324228028503563	0.01112981668537224	0.00686106346483705	0.01841479524438573	0.012855831037649219	0.0015625	0.0	0.0025150905432595573	0.14772145417306706	0.023182957393483708	0.0	0.007687576875768758	0.0	0.01269956458635704
mk	0.0	0.005965061780997018	0.0	0.0	0.002688172043010753	0.00023894862604540023	0.0011314777098891152	0.00015580571027928172	0.0	0.00030637880675667394	0.004423273222184417	0.0	0.0013266118333775537	0.003354453969437197	0.00019341112758687384	0.0004755865567533291	0.0003047232097511427	0.011710794297352342	1.0	0.011904761904761904	0.029411764705882353	0.000124750499001996	0.00044533511467379205	0.0004578230513906375	0.0010631627729465966	0.0002469135802469136	0.0	0.0	0.005988023952095809	0.006436955698599016	0.0008505209440782479	0.0	0.0027624309392265192	0.0	0.0007641754546843956
ml	0.0	0.0	0.0	0.0	0.00039478878799842083	0.0	0.0002300966405890474	0.0	0.0	2.0451570680628273e-05	0.0	0.0	0.0	0.0	0.0	0.0	0.0	0.0010482180293501049	0.011904761904761904	1.0	0.05	0.0	0.0	0.0	5.4580683895969216e-05	0.0	0.0	0.0	0.0	0.0007754943776657619	0.0	0.0	0.0	0.0	0.0
mr	0.012195121951219513	0.005156854318865492	0.0	0.01694915254237288	0.001934984520123839	0.00023936806829968882	0.0011371389583807142	7.79635910030016e-05	0.0	0.00016345210853220007	0.001367053998632946	0.01694915254237288	0.0007978723404255319	0.003005259203606311	0.0001936858415649816	0.00015903307888040714	0.0005091131249363609	0.009763617677286743	0.029411764705882353	0.05	1.0	0.00015605006085952374	0.00011156978690170702	0.00011470520761642578	0.0004907038874652418	0.00012377769525931428	0.0	0.0	0.0	0.004956157072054899	0.0002134927412467976	0.0	0.0006997900629811056	0.0	0.0001532567049808429
nl	0.0	0.006550346610269064	0.0	0.0	0.007148692810457516	0.01829840833619604	0.009839893262174782	0.016451607209051915	0.001392757660167131	0.03419174999360663	0.0075440067057837385	0.0	0.01677705332061954	0.006545835394059291	0.018230229112537844	0.01220997987074902	0.009941223423554168	0.006324228028503563	0.000124750499001996	0.0	0.00015605006085952374	1.0	0.01595031055900621	0.013919030157898676	0.03054329218848545	0.016153611703748856	3.1247070587132453e-05	0.0	0.00015591381084536468	0.006259279746135259	0.010236741901661055	0.0	0.003067115708443589	0.0	0.01173437171121869
pl	0.0	0.011942459060888446	0.0	0.0	0.008288510713340975	0.01828745594818554	0.01704283740211884	0.010012002693287274	0.0016038492381716118	0.02320887991927346	0.015522593997930321	0.0	0.01828585644980719	0.013019000703729768	0.019349974870162507	0.016658829851548332	0.013735816276670828	0.01112981668537224	0.00044533511467379205	0.0	0.00011156978690170702	0.01595031055900621	1.0	0.01017943409247757	0.02514123657971145	0.020930092285421316	0.0001120950566080036	0.0	0.0005563591854901524	0.013594632768361582	0.009776119402985074	0.0	0.0023410066328521262	0.0	0.013649851632047478
pt	0.0	0.0055147058823529415	0.0	0.0	0.0038575401453305822	0.010179697954502007	0.008766485647788983	0.006375040394841211	0.0013355249640435586	0.015993786078697902	0.008659902029391183	0.0	0.014851173620288214	0.007148601554820838	0.011333585190782017	0.011136764905609126	0.008979904725401083	0.00686106346483705	0.0004578230513906375	0.0	0.00011470520761642578	0.013919030157898676	0.01017943409247757	1.0	0.0187325717369794	0.011153543068436685	0.0001152604887044721	0.0	0.0005719514985129262	0.005908155044311163	0.005905511811023622	0.0	0.002198021780397642	0.0	0.007123834886817577
ro	0.00013638843426077467	0.017915053875928445	0.0	2.7291831554815644e-05	0.008833831255794787	0.02617779170583934	0.023142022617769677	0.01571629075953912	0.0019918731575173294	0.06328704797185584	0.019980381021219476	0.0	0.038152846753124484	0.016259320629660314	0.027364018387357705	0.024274280253255287	0.020449448084788248	0.01841479524438573	0.0010631627729465966	5.4580683895969216e-05	0.0004907038874652418	0.03054329218848545	0.02514123657971145	0.0187325717369794	1.0	0.028036092440843385	5.456132693147097e-05	0.0	0.0004630764620958296	0.013175570941407462	0.01199176026288685	0.0	0.003166895386889053	0.0	0.02069422739972534
ru	0.00012431626056688214	0.013279559315364942	0.0	0.0	0.008506977633339706	0.018736643307986682	0.01736196823829507	0.00861086108610861	0.002973240832507433	0.022786902922042915	0.018039069071875875	0.0	0.02069329115592461	0.013923326339881748	0.017085862966175196	0.020991546066771744	0.015644627155418523	0.012855831037649219	0.0002469135802469136	0.0	0.00012377769525931428	0.016153611703748856	0.020930092285421316	0.011153543068436685	0.028036092440843385	1.0	0.0	0.0	0.0002467308166790032	0.01154910756896058	0.011112887751838824	0.0	0.004491978609625668	0.0	0.017058617058617057
sh	0.0	0.0017444395987788923	0.0	0.0	0.0	0.0	0.00022941041523285156	3.904419803217242e-05	0.0	4.0893105422425777e-05	0.00034638032559750607	0.0	0.0	0.0	0.0	0.0	0.0	0.0015625	0.0	0.0	0.0	3.1247070587132453e-05	0.0001120950566080036	0.0001152604887044721	5.456132693147097e-05	0.0	1.0	0.0	0.0	0.0015444015444015444	0.00021542438604049978	0.0	0.0	0.0	0.0
si	0.0	0.0	0.0	0.0	0.0	0.0	0.0	0.0	0.0	0.0	0.0	0.0	0.0	0.0	0.0	0.0	0.0	0.0	0.0	0.0	0.0	0.0	0.0	0.0	0.0	0.0	0.0	0.0	0.0	0.0	0.0	0.0	0.0	0.0	0.0
simple	0.0	0.0016927634363097758	0.0	0.0	0.0015308075009567547	0.0005574579915584932	0.0009037505648441031	0.00015576930565832002	0.0	0.00036763204117478863	0.003051881993896236	0.0	0.0003972983710766786	0.001856665428889714	0.00038674745391259507	0.0009507209633972429	0.0006092607636068237	0.0025150905432595573	0.005988023952095809	0.0	0.0	0.00015591381084536468	0.0005563591854901524	0.0005719514985129262	0.0004630764620958296	0.0002467308166790032	0.0	0.0	1.0	0.0003755163349605708	0.0004245383145828911	0.0	0.0	0.0	0.0007634753397465262
sr	0.0	0.10286103542234333	0.0	0.0	0.03026023804720597	0.00790037493304767	0.021854695806261076	0.003776677236612392	0.0019141372709871479	0.00767453698265398	0.04930662557781202	0.0	0.01701093560145808	0.059856996935648624	0.00727069351230425	0.011368856224161691	0.013880903490759754	0.14772145417306706	0.006436955698599016	0.0007754943776657619	0.004956157072054899	0.006259279746135259	0.013594632768361582	0.005908155044311163	0.013175570941407462	0.01154910756896058	0.0015444015444015444	0.0	0.0003755163349605708	1.0	0.0169419737399407	0.0	0.0053475935828877	0.0	0.012199216564073866
sv	0.0	0.025237529691211402	0.0	0.0	0.02199371608111968	0.008015559615724642	0.01631728045325779	0.005556479787057062	0.0007006480994920302	0.00914507674322133	0.015716027638531364	0.0	0.012474882786336235	0.016004492489119754	0.00890252489689166	0.014389833675948422	0.01038961038961039	0.023182957393483708	0.0008505209440782479	0.0	0.0002134927412467976	0.010236741901661055	0.009776119402985074	0.005905511811023622	0.01199176026288685	0.011112887751838824	0.00021542438604049978	0.0	0.0004245383145828911	0.0169419737399407	1.0	0.0	0.004522613065326633	0.0	0.010843812648077274
te	0.0	0.0	0.0	0.0	0.0	0.0	0.0	0.0	0.0	0.0	0.0	0.0	0.0	0.0	0.0	0.0	0.0	0.0	0.0	0.0	0.0	0.0	0.0	0.0	0.0	0.0	0.0	0.0	0.0	0.0	0.0	0.0	0.0	0.0	0.0
vi	0.0	0.007172413793103448	0.0	0.0	0.00593089221248066	0.0021710811984368217	0.00421792618629174	0.0019320081738807356	0.000407000407000407	0.0026930519260308402	0.005451528798293435	0.0	0.00408997955010225	0.009890945980218108	0.0027449576321756774	0.005157365776249669	0.0033330330600846773	0.007687576875768758	0.0027624309392265192	0.0	0.0006997900629811056	0.003067115708443589	0.0023410066328521262	0.002198021780397642	0.003166895386889053	0.004491978609625668	0.0	0.0	0.0	0.0053475935828877	0.004522613065326633	0.0	1.0	0.0	0.00345666367942645
war	0.0	0.0	0.0	0.0	0.0	0.0	0.0	0.0	0.0	0.0	0.0	0.0	0.0	0.0	0.0	0.0	0.0	0.0	0.0	0.0	0.0	0.0	0.0	0.0	0.0	0.0	0.0	0.0	0.0	0.0	0.0	0.0	0.0	0.0	0.0
zh	0.0	0.012032858961008908	0.0	0.0	0.0102178306759488	0.013590155163188872	0.015023474178403756	0.007193566626876924	0.002654632333421821	0.015276835329286408	0.01721132897603486	0.0	0.012130456889663688	0.016801075268817203	0.012763596004439512	0.020659163987138265	0.013864601548838371	0.01269956458635704	0.0007641754546843956	0.0	0.0001532567049808429	0.01173437171121869	0.013649851632047478	0.007123834886817577	0.02069422739972534	0.017058617058617057	0.0	0.0	0.0007634753397465262	0.012199216564073866	0.010843812648077274	0.0	0.00345666367942645	0.0	1.0
