arz	bs	ceb	ckb	da	de	el	en	es	fr	he	hi	hu	id	it	ja	ko	lv	mk	ml	mr	nl	pl	pt	ro	ru	sh	si	simple	sr	sv	te	vi	war	zh
arz	1.0	0.0	0.0	0.0	1.0	1.0	1.0	1.0	1.0	1.0	1.0	1.0	1.0	1.0	1.0	1.0	1.0	1.0	0.0	1.0	0.0	1.0	1.0	1.0	1.0	1.0	1.0	0.0	1.0	1.0	1.0	0.0	1.0	0.0	1.0
bs	0.0	1.0	1.0	1.0	1.0	0.5	1.0	0.5	1.0	0.585786437626905	1.0	1.0	1.0	0.585786437626905	0.5	0.585786437626905	1.0	1.0	1.0	1.0	1.0	0.5	0.585786437626905	0.5	1.0	0.5	0.5	1.0	1.0	1.0	0.585786437626905	0.0	1.0	1.0	0.585786437626905
ceb	0.0	1.0	1.0	0.0	0.0	1.0	1.0	1.0	1.0	1.0	1.0	0.0	0.0	1.0	1.0	1.0	1.0	0.0	0.0	0.0	0.0	1.0	1.0	1.0	1.0	1.0	0.0	0.0	0.0	1.0	1.0	0.0	1.0	0.0	1.0
ckb	0.0	1.0	0.0	1.0	1.0	1.0	1.0	1.0	1.0	1.0	1.0	1.0	1.0	1.0	1.0	1.0	1.0	1.0	1.0	1.0	1.0	1.0	1.0	1.0	1.0	1.0	1.0	1.0	1.0	1.0	1.0	0.0	1.0	1.0	1.0
da	1.0	1.0	0.0	1.0	1.0	0.3333333333333333	1.0	0.4142135623730951	0.5	0.585786437626905	1.0	1.0	1.0	0.5	0.4364916731037085	0.585786437626905	0.585786437626905	1.0	1.0	1.0	1.0	0.5	0.5	0.5	1.0	1.0	0.585786437626905	1.0	1.0	1.0	0.4142135623730951	0.0	0.585786437626905	1.0	0.585786437626905
de	1.0	0.5	1.0	1.0	0.3333333333333333	1.0	1.0	0.1346057977023629	0.1882941641019443	0.23441237831492112	0.5	1.0	0.44948974278317805	0.29893508442482547	0.1983555576735248	0.3333333333333333	0.3660254037844386	1.0	1.0	1.0	1.0	0.28172904669025317	0.27429188517743175	0.2402530733520421	1.0	0.24025307335204216	0.44948974278317805	1.0	1.0	0.585786437626905	0.21089672205953397	1.0	0.3660254037844386	0.585786437626905	0.32449979983983984
el	1.0	1.0	1.0	1.0	1.0	1.0	1.0	1.0	1.0	1.0	1.0	1.0	1.0	0.585786437626905	1.0	1.0	1.0	1.0	1.0	1.0	1.0	1.0	0.585786437626905	1.0	1.0	1.0	1.0	1.0	1.0	1.0	0.585786437626905	0.0	1.0	0.585786437626905	1.0
en	1.0	0.5	1.0	1.0	0.4142135623730951	0.1346057977023629	1.0	1.0	0.1697658291072176	0.15548737703860027	0.38742588672279304	1.0	0.44948974278317805	0.2240092377397959	0.15191308535297487	0.3660254037844386	0.38742588672279304	1.0	1.0	1.0	1.0	0.28172904669025317	0.28172904669025317	0.15208563638424077	0.585786437626905	0.2572842744474721	0.4142135623730951	1.0	0.5	0.585786437626905	0.24660605559646726	1.0	0.5	0.585786437626905	0.32449979983983984
es	1.0	1.0	1.0	1.0	0.5	0.1882941641019443	1.0	0.1697658291072176	1.0	0.2402530733520421	1.0	1.0	0.585786437626905	0.3126480851423008	0.22901628833426058	0.5	0.585786437626905	1.0	1.0	1.0	1.0	0.3660254037844386	0.38742588672279304	0.27429188517743175	0.585786437626905	0.3430703308172536	0.38742588672279304	1.0	0.44948974278317805	0.585786437626905	0.3660254037844386	1.0	1.0	0.585786437626905	1.0
fr	1.0	0.585786437626905	1.0	1.0	0.585786437626905	0.23441237831492112	1.0	0.15548737703860027	0.2402530733520421	1.0	1.0	1.0	0.5	0.38742588672279304	0.28172904669025317	0.44948974278317805	0.44948974278317805	1.0	1.0	1.0	1.0	0.3333333333333333	0.3333333333333333	0.27429188517743175	0.5	0.3660254037844386	0.44948974278317805	1.0	0.5	1.0	0.4142135623730951	1.0	1.0	0.585786437626905	0.29429805508554946
he	1.0	1.0	1.0	1.0	1.0	0.5	1.0	0.38742588672279304	1.0	1.0	1.0	1.0	1.0	0.5	0.585786437626905	1.0	1.0	1.0	1.0	1.0	1.0	1.0	0.585786437626905	0.585786437626905	1.0	1.0	0.585786437626905	1.0	1.0	1.0	0.585786437626905	0.0	1.0	1.0	1.0
hi	1.0	1.0	0.0	1.0	1.0	1.0	1.0	1.0	1.0	1.0	1.0	1.0	1.0	1.0	1.0	1.0	1.0	1.0	1.0	1.0	1.0	1.0	1.0	0.5	1.0	1.0	1.0	1.0	1.0	1.0	1.0	0.0	1.0	1.0	1.0
hu	1.0	1.0	0.0	1.0	1.0	0.44948974278317805	1.0	0.44948974278317805	0.585786437626905	0.5	1.0	1.0	1.0	0.585786437626905	1.0	1.0	1.0	1.0	1.0	1.0	1.0	1.0	1.0	0.44948974278317805	0.585786437626905	1.0	0.5	1.0	1.0	1.0	0.585786437626905	0.0	1.0	0.585786437626905	1.0
id	1.0	0.585786437626905	1.0	1.0	0.5	0.29893508442482547	0.585786437626905	0.2240092377397959	0.3126480851423008	0.38742588672279304	0.5	1.0	0.585786437626905	1.0	0.44948974278317805	0.4142135623730951	0.44948974278317805	1.0	1.0	1.0	1.0	0.38742588672279304	0.34833147735478825	0.34833147735478825	0.585786437626905	0.38742588672279304	0.585786437626905	1.0	0.5	0.5	0.3660254037844386	0.0	0.585786437626905	0.585786437626905	0.36602540378443865
it	1.0	0.5	1.0	1.0	0.4364916731037085	0.1983555576735248	1.0	0.15191308535297487	0.22901628833426058	0.28172904669025317	0.585786437626905	1.0	1.0	0.44948974278317805	1.0	0.585786437626905	0.44948974278317805	1.0	1.0	1.0	1.0	0.30216947925196225	0.32449979983983984	0.24336073281110826	0.585786437626905	0.2958163163244893	0.585786437626905	1.0	0.585786437626905	0.585786437626905	0.28989794855663564	1.0	1.0	0.585786437626905	0.3333333333333333
ja	1.0	0.585786437626905	1.0	1.0	0.585786437626905	0.3333333333333333	1.0	0.3660254037844386	0.5	0.44948974278317805	1.0	1.0	1.0	0.4142135623730951	0.585786437626905	1.0	1.0	1.0	1.0	1.0	1.0	0.5	0.585786437626905	0.34833147735478825	1.0	1.0	0.585786437626905	1.0	1.0	1.0	0.44948974278317805	1.0	1.0	0.585786437626905	1.0
ko	1.0	1.0	1.0	1.0	0.585786437626905	0.3660254037844386	1.0	0.38742588672279304	0.585786437626905	0.44948974278317805	1.0	1.0	1.0	0.44948974278317805	0.44948974278317805	1.0	1.0	1.0	1.0	1.0	1.0	1.0	0.585786437626905	0.44948974278317805	1.0	1.0	0.5	1.0	1.0	1.0	0.5	1.0	1.0	0.585786437626905	1.0
lv	1.0	1.0	0.0	1.0	1.0	1.0	1.0	1.0	1.0	1.0	1.0	1.0	1.0	1.0	1.0	1.0	1.0	1.0	1.0	1.0	1.0	1.0	1.0	0.585786437626905	1.0	1.0	1.0	1.0	1.0	1.0	1.0	0.0	1.0	0.585786437626905	1.0
mk	0.0	1.0	0.0	1.0	1.0	1.0	1.0	1.0	1.0	1.0	1.0	1.0	1.0	1.0	1.0	1.0	1.0	1.0	1.0	1.0	1.0	1.0	1.0	1.0	1.0	1.0	1.0	1.0	1.0	1.0	1.0	0.0	1.0	1.0	1.0
ml	1.0	1.0	0.0	1.0	1.0	1.0	1.0	1.0	1.0	1.0	1.0	1.0	1.0	1.0	1.0	1.0	1.0	1.0	1.0	1.0	1.0	1.0	1.0	0.585786437626905	1.0	1.0	1.0	1.0	1.0	1.0	1.0	0.0	1.0	1.0	1.0
mr	0.0	1.0	0.0	1.0	1.0	1.0	1.0	1.0	1.0	1.0	1.0	1.0	1.0	1.0	1.0	1.0	1.0	1.0	1.0	1.0	1.0	1.0	1.0	1.0	1.0	1.0	1.0	1.0	1.0	1.0	1.0	0.0	1.0	1.0	1.0
nl	1.0	0.5	1.0	1.0	0.5	0.28172904669025317	1.0	0.28172904669025317	0.3660254037844386	0.3333333333333333	1.0	1.0	1.0	0.38742588672279304	0.30216947925196225	0.5	1.0	1.0	1.0	1.0	1.0	1.0	0.44948974278317805	0.38742588672279304	0.585786437626905	1.0	0.44948974278317805	1.0	1.0	1.0	0.4142135623730951	0.0	1.0	0.585786437626905	0.585786437626905
pl	1.0	0.585786437626905	1.0	1.0	0.5	0.27429188517743175	0.585786437626905	0.28172904669025317	0.38742588672279304	0.3333333333333333	0.585786437626905	1.0	1.0	0.34833147735478825	0.32449979983983984	0.585786437626905	0.585786437626905	1.0	1.0	1.0	1.0	0.44948974278317805	1.0	0.3660254037844386	0.585786437626905	0.44948974278317805	0.44948974278317805	1.0	0.585786437626905	0.585786437626905	0.35388936786452296	1.0	0.585786437626905	0.585786437626905	0.5
pt	1.0	0.5	1.0	1.0	0.5	0.2402530733520421	1.0	0.15208563638424077	0.27429188517743175	0.27429188517743175	0.585786437626905	0.5	0.44948974278317805	0.34833147735478825	0.24336073281110826	0.34833147735478825	0.44948974278317805	0.585786437626905	1.0	0.585786437626905	1.0	0.38742588672279304	0.3660254037844386	1.0	0.5	0.34833147735478825	0.44948974278317805	1.0	0.44948974278317805	0.44948974278317805	0.4142135623730951	1.0	0.5	0.585786437626905	0.44948974278317805
ro	1.0	1.0	1.0	1.0	1.0	1.0	1.0	0.585786437626905	0.585786437626905	0.5	1.0	1.0	0.585786437626905	0.585786437626905	0.585786437626905	1.0	1.0	1.0	1.0	1.0	1.0	0.585786437626905	0.585786437626905	0.5	1.0	0.585786437626905	0.585786437626905	1.0	1.0	1.0	0.5	1.0	1.0	0.585786437626905	0.585786437626905
ru	1.0	0.5	1.0	1.0	1.0	0.24025307335204216	1.0	0.2572842744474721	0.3430703308172536	0.3660254037844386	1.0	1.0	1.0	0.38742588672279304	0.2958163163244893	1.0	1.0	1.0	1.0	1.0	1.0	1.0	0.44948974278317805	0.34833147735478825	0.585786437626905	1.0	0.44948974278317805	1.0	0.585786437626905	1.0	0.44948974278317805	1.0	1.0	0.585786437626905	1.0
sh	1.0	0.5	0.0	1.0	0.585786437626905	0.44948974278317805	1.0	0.4142135623730951	0.38742588672279304	0.44948974278317805	0.585786437626905	1.0	0.5	0.585786437626905	0.585786437626905	0.585786437626905	0.5	1.0	1.0	1.0	1.0	0.44948974278317805	0.44948974278317805	0.44948974278317805	0.585786437626905	0.44948974278317805	1.0	1.0	0.585786437626905	0.44948974278317805	0.4142135623730951	0.0	1.0	0.585786437626905	0.5
si	0.0	1.0	0.0	1.0	1.0	1.0	1.0	1.0	1.0	1.0	1.0	1.0	1.0	1.0	1.0	1.0	1.0	1.0	1.0	1.0	1.0	1.0	1.0	1.0	1.0	1.0	1.0	1.0	1.0	1.0	1.0	0.0	1.0	1.0	1.0
simple	1.0	1.0	0.0	1.0	1.0	1.0	1.0	0.5	0.44948974278317805	0.5	1.0	1.0	1.0	0.5	0.585786437626905	1.0	1.0	1.0	1.0	1.0	1.0	1.0	0.585786437626905	0.44948974278317805	1.0	0.585786437626905	0.585786437626905	1.0	1.0	1.0	1.0	0.0	1.0	1.0	1.0
sr	1.0	1.0	1.0	1.0	1.0	0.585786437626905	1.0	0.585786437626905	0.585786437626905	1.0	1.0	1.0	1.0	0.5	0.585786437626905	1.0	1.0	1.0	1.0	1.0	1.0	1.0	0.585786437626905	0.44948974278317805	1.0	1.0	0.44948974278317805	1.0	1.0	1.0	1.0	1.0	1.0	0.585786437626905	1.0
sv	1.0	0.585786437626905	1.0	1.0	0.4142135623730951	0.21089672205953397	0.585786437626905	0.24660605559646726	0.3660254037844386	0.4142135623730951	0.585786437626905	1.0	0.585786437626905	0.3660254037844386	0.28989794855663564	0.44948974278317805	0.5	1.0	1.0	1.0	1.0	0.4142135623730951	0.35388936786452296	0.4142135623730951	0.5	0.44948974278317805	0.4142135623730951	1.0	1.0	1.0	1.0	1.0	1.0	0.585786437626905	0.44948974278317805
te	0.0	0.0	0.0	0.0	0.0	1.0	0.0	1.0	1.0	1.0	0.0	0.0	0.0	0.0	1.0	1.0	1.0	0.0	0.0	0.0	0.0	0.0	1.0	1.0	1.0	1.0	0.0	0.0	0.0	1.0	1.0	1.0	0.0	0.0	1.0
vi	1.0	1.0	1.0	1.0	0.585786437626905	0.3660254037844386	1.0	0.5	1.0	1.0	1.0	1.0	1.0	0.585786437626905	1.0	1.0	1.0	1.0	1.0	1.0	1.0	1.0	0.585786437626905	0.5	1.0	1.0	1.0	1.0	1.0	1.0	1.0	0.0	1.0	0.585786437626905	1.0
war	0.0	1.0	0.0	1.0	1.0	0.585786437626905	0.585786437626905	0.585786437626905	0.585786437626905	0.585786437626905	1.0	1.0	0.585786437626905	0.585786437626905	0.585786437626905	0.585786437626905	0.585786437626905	0.585786437626905	1.0	1.0	1.0	0.585786437626905	0.585786437626905	0.585786437626905	0.585786437626905	0.585786437626905	0.585786437626905	1.0	1.0	0.585786437626905	0.585786437626905	0.0	0.585786437626905	1.0	0.585786437626905
zh	1.0	0.585786437626905	1.0	1.0	0.585786437626905	0.32449979983983984	1.0	0.32449979983983984	1.0	0.29429805508554946	1.0	1.0	1.0	0.36602540378443865	0.3333333333333333	1.0	1.0	1.0	1.0	1.0	1.0	0.585786437626905	0.5	0.44948974278317805	0.585786437626905	1.0	0.5	1.0	1.0	1.0	0.44948974278317805	1.0	1.0	0.585786437626905	1.0
