arz	bs	ceb	ckb	da	de	el	en	es	fr	he	hi	hu	id	it	ja	ko	lv	mk	ml	mr	nl	pl	pt	ro	ru	sh	si	simple	sr	sv	te	vi	war	zh
arz	1.0	1.0	0.0	0.0	1.0	1.0	1.0	0.585786437626905	1.0	0.0	1.0	0.0	1.0	1.0	1.0	1.0	1.0	1.0	1.0	0.0	0.0	0.5	1.0	1.0	1.0	1.0	1.0	0.0	1.0	1.0	1.0	0.0	1.0	0.0	0.5
bs	1.0	1.0	0.0	1.0	0.4364916731037085	0.4364916731037085	0.3797958971132712	0.08570663370989069	0.09183252326509188	0.0	0.3430703308172536	1.0	1.0	0.3597752501562547	0.1075896245034084	0.3947846661343255	0.4364916731037085	0.5	0.3797958971132712	0.585786437626905	1.0	0.4364916731037085	0.16952084719853724	0.2158344610587697	0.44948974278317805	0.1827439976315568	0.4364916731037085	1.0	0.3797958971132712	0.3797958971132712	0.4364916731037085	1.0	0.585786437626905	0.4364916731037085	0.3380788308512194
ceb	0.0	0.0	1.0	0.0	1.0	1.0	1.0	1.0	1.0	0.0	1.0	0.0	0.0	0.0	1.0	1.0	1.0	1.0	0.0	0.0	0.0	1.0	1.0	1.0	1.0	1.0	1.0	0.0	0.0	0.0	1.0	0.0	1.0	0.0	1.0
ckb	0.0	1.0	0.0	1.0	1.0	1.0	1.0	1.0	1.0	0.0	1.0	1.0	1.0	1.0	1.0	1.0	1.0	1.0	1.0	1.0	1.0	1.0	1.0	1.0	1.0	0.585786437626905	1.0	1.0	1.0	1.0	1.0	1.0	1.0	1.0	1.0
da	1.0	0.4364916731037085	1.0	1.0	1.0	0.14005538346603544	0.2766967754673749	0.018741327366856953	0.07673884810793714	0.0	0.1818710009821839	1.0	0.5	0.23166247903554	0.09923150582712746	0.10113069765789216	0.2553967929896867	0.25824569976124334	1.0	0.5	1.0	0.08983582311874687	0.1254959785193567	0.15894454156034005	0.058083241018101285	0.06962234958409147	0.2766967754673749	1.0	0.5	0.3244997998398398	0.05940421743679161	1.0	0.33333333333333326	1.0	0.16166561057837198
de	1.0	0.4364916731037085	1.0	1.0	0.14005538346603544	1.0	0.08158773644587233	0.002534491843109129	0.04071200606241242	0.0	0.10125421860443008	1.0	0.29893508442482547	0.074276108405356	0.017296262496392455	0.010714340450094213	0.44948974278317805	0.33333333333333326	0.5	0.07397065412007388	1.0	0.01502964451469863	0.021072489965107365	0.048770698199223514	0.01816963701845553	0.0054032699500904035	0.2592192604530755	1.0	0.4142135623730951	0.17706699104120874	0.06283181975717159	1.0	0.15438708879488486	1.0	0.03581643895037552
el	1.0	0.3797958971132712	1.0	1.0	0.2766967754673749	0.08158773644587233	1.0	0.008284247213246245	0.025965035352039385	0.0	0.16287401895225279	1.0	0.4142135623730951	0.10562355377661413	0.018289603624676447	0.06976744186046512	0.3597752501562547	0.2955966556179922	0.585786437626905	0.25	1.0	0.060503416771207116	0.02357974403146041	0.07669518424231635	0.033020085039928156	0.021130551083141245	0.2766967754673749	1.0	0.585786437626905	0.40453726661826384	0.13565184163711103	1.0	0.2612038749637415	1.0	0.07751559278515131
en	0.585786437626905	0.08570663370989069	1.0	1.0	0.018741327366856953	0.002534491843109129	0.008284247213246245	1.0	0.0008260843866379285	0.4364916731037085	0.027497790742732196	0.3660254037844386	0.08096853112897744	0.011483265223595827	0.00425470376049832	0.006041683776828968	0.1463924816619788	0.06636142122784058	0.3203772410170407	0.00571225520446412	1.0	0.0055623393562343314	0.0036166778609815135	0.0036858126078381163	0.006445363524461147	0.00671694036406473	0.0764347998178936	1.0	0.1560469703786189	0.061061397994643066	0.005426452653545591	1.0	0.0720686450639807	1.0	0.00649601863269304
es	1.0	0.09183252326509188	1.0	1.0	0.07673884810793714	0.04071200606241242	0.025965035352039385	0.0008260843866379285	1.0	1.0	0.07255648096673559	0.44948974278317805	0.2118949818756026	0.021029864366936424	0.0011547104601357593	0.006935037333634076	0.3333333333333333	0.23582845781094	0.585786437626905	0.011515642961504528	1.0	0.0032624994858319076	0.0018267322717920203	0.004256055655808987	0.009787924376806478	0.0020706626897047235	0.2025519956555797	1.0	0.3164309725825327	0.12161530084703875	0.009817936132970708	1.0	0.09378971397524612	1.0	0.00881365182071274
fr	0.0	0.0	0.0	0.0	0.0	0.0	0.0	0.4364916731037085	1.0	1.0	0.0	0.0	0.0	0.0	1.0	0.0	0.0	0.0	0.0	0.0	0.0	0.585786437626905	1.0	1.0	0.0	1.0	0.0	0.0	0.0	0.0	0.0	0.0	0.0	0.0	1.0
he	1.0	0.3430703308172536	1.0	1.0	0.1818710009821839	0.10125421860443008	0.16287401895225279	0.027497790742732196	0.07255648096673559	0.0	1.0	1.0	0.3726822671238253	0.14942992956379245	0.0688568052605766	0.048613312235831235	0.3164309725825327	0.2674788903885893	0.5	0.25728427444747215	1.0	0.0942282037332937	0.06880128588730688	0.07475912314731023	0.02726734394296028	0.0447449488354601	0.1987625491245426	1.0	0.252650308587072	0.26968623182294527	0.11489109029485114	1.0	0.2043134457775982	1.0	0.06225087704695868
hi	0.0	1.0	0.0	1.0	1.0	1.0	1.0	0.3660254037844386	0.44948974278317805	0.0	1.0	1.0	1.0	0.585786437626905	0.5	0.585786437626905	1.0	1.0	1.0	1.0	1.0	1.0	1.0	0.585786437626905	1.0	0.5	1.0	1.0	1.0	1.0	1.0	1.0	1.0	1.0	1.0
hu	1.0	1.0	0.0	1.0	0.5	0.29893508442482547	0.4142135623730951	0.08096853112897744	0.2118949818756026	0.0	0.3726822671238253	1.0	1.0	0.585786437626905	0.16076774302686764	0.23292539101028378	1.0	0.585786437626905	1.0	0.2674788903885893	1.0	0.14794976728674608	0.2016895928872254	0.3333333333333333	0.10574765127772164	0.13642893145662982	0.5	1.0	0.585786437626905	0.585786437626905	0.22646721143623746	1.0	0.585786437626905	1.0	0.2553967929896867
id	1.0	0.3597752501562547	0.0	1.0	0.23166247903554	0.074276108405356	0.10562355377661413	0.011483265223595827	0.021029864366936424	0.0	0.14942992956379245	0.585786437626905	0.585786437626905	1.0	0.018879383388631404	0.03596256135503564	0.25355482027512377	0.19292728076790167	0.585786437626905	0.15707061676257178	1.0	0.0321022964533824	0.026631639980197252	0.02713129696369804	0.10430623646879118	0.018188165403462166	0.16352330136718948	0.585786437626905	0.1757340838011157	0.28436465220442186	0.11378012788321701	1.0	0.12926331934743923	1.0	0.04453679963287886
it	1.0	0.1075896245034084	1.0	1.0	0.09923150582712746	0.017296262496392455	0.018289603624676447	0.00425470376049832	0.0011547104601357593	1.0	0.0688568052605766	0.5	0.16076774302686764	0.018879383388631404	1.0	0.006458427581450167	0.2046971036096507	0.1662057509419643	0.44948974278317805	0.00758497810548251	1.0	0.0030195614017666976	0.0025722413663077804	0.004547992966073716	0.010381006791682502	0.002700336549289116	0.12582697286446295	1.0	0.2612038749637414	0.08668527717558155	0.012188732211988783	1.0	0.1121550495895991	1.0	0.010723707601134336
ja	1.0	0.3947846661343255	1.0	1.0	0.10113069765789216	0.010714340450094213	0.06976744186046512	0.006041683776828968	0.006935037333634076	0.0	0.048613312235831235	0.585786437626905	0.23292539101028378	0.03596256135503564	0.006458427581450167	1.0	0.09174737048053264	0.12251295888246509	0.2989350844248255	0.10373109070979226	1.0	0.01066410128472127	0.008845917476728003	0.009737910958876161	0.024530477298647775	0.007250310130491143	0.08640894189705947	1.0	0.1525372022321488	0.21712927295533244	0.024295180083917376	1.0	0.08900327049332277	0.585786437626905	0.017124155276865907
ko	1.0	0.4364916731037085	1.0	1.0	0.2553967929896867	0.44948974278317805	0.3597752501562547	0.1463924816619788	0.3333333333333333	0.0	0.3164309725825327	1.0	1.0	0.25355482027512377	0.2046971036096507	0.09174737048053264	1.0	0.585786437626905	1.0	0.36602540378443865	1.0	0.28172904669025317	0.3333333333333333	0.33333333333333326	0.0587454822235645	0.22646721143623746	0.585786437626905	1.0	0.585786437626905	0.353889367864523	0.24828371682826425	1.0	0.3164309725825328	1.0	0.15143323323844607
lv	1.0	0.5	1.0	1.0	0.25824569976124334	0.33333333333333326	0.2955966556179922	0.06636142122784058	0.23582845781094	0.0	0.2674788903885893	1.0	0.585786437626905	0.19292728076790167	0.1662057509419643	0.12251295888246509	0.585786437626905	1.0	1.0	0.44948974278317805	1.0	0.1991722655343916	0.1607677430268676	0.20168959288722538	0.046994888498728016	0.10701871962315947	0.5	1.0	1.0	0.44948974278317805	0.14285714285714285	1.0	0.5	1.0	0.1560469703786189
mk	1.0	0.3797958971132712	0.0	1.0	1.0	0.5	0.585786437626905	0.3203772410170407	0.585786437626905	0.0	0.5	1.0	1.0	0.585786437626905	0.44948974278317805	0.2989350844248255	1.0	1.0	1.0	1.0	1.0	0.585786437626905	0.4142135623730951	1.0	0.28436465220442186	0.44948974278317805	1.0	1.0	1.0	0.3430703308172536	0.39564392373896	1.0	1.0	1.0	0.3726822671238253
ml	0.0	0.585786437626905	0.0	1.0	0.5	0.07397065412007388	0.25	0.00571225520446412	0.011515642961504528	0.0	0.25728427444747215	1.0	0.2674788903885893	0.15707061676257178	0.00758497810548251	0.10373109070979226	0.36602540378443865	0.44948974278317805	1.0	1.0	1.0	0.03176830204890581	0.025378019050297174	0.026557796424014977	0.06768722179780082	0.01128397888222715	0.36602540378443865	1.0	0.3430703308172536	0.585786437626905	0.3203772410170407	1.0	0.22901628833426058	1.0	0.11764705882352941
mr	0.0	1.0	0.0	1.0	1.0	1.0	1.0	1.0	1.0	0.0	1.0	1.0	1.0	1.0	1.0	1.0	1.0	1.0	1.0	1.0	1.0	1.0	1.0	1.0	1.0	1.0	1.0	1.0	1.0	1.0	1.0	1.0	1.0	1.0	1.0
nl	0.5	0.4364916731037085	1.0	1.0	0.08983582311874687	0.01502964451469863	0.060503416771207116	0.0055623393562343314	0.0032624994858319076	0.585786437626905	0.0942282037332937	1.0	0.14794976728674608	0.0321022964533824	0.0030195614017666976	0.01066410128472127	0.28172904669025317	0.1991722655343916	0.585786437626905	0.03176830204890581	1.0	1.0	0.004785856396674836	0.024222111322357798	0.014476818435811464	0.004674478932342084	0.18400240527946554	1.0	0.3660254037844386	0.18828407714119788	0.022942729311024524	1.0	0.12455606108103782	1.0	0.027966217121686187
pl	1.0	0.16952084719853724	1.0	1.0	0.1254959785193567	0.021072489965107365	0.02357974403146041	0.0036166778609815135	0.0018267322717920203	1.0	0.06880128588730688	1.0	0.2016895928872254	0.026631639980197252	0.0025722413663077804	0.008845917476728003	0.3333333333333333	0.1607677430268676	0.4142135623730951	0.025378019050297174	1.0	0.004785856396674836	1.0	0.020421122920238222	0.012250706210985741	0.003130626825730063	0.17358241318593384	1.0	0.32037724101704074	0.15799872400692302	0.023980990160639	1.0	0.11082201284812082	1.0	0.027604212347784974
pt	1.0	0.2158344610587697	1.0	1.0	0.15894454156034005	0.048770698199223514	0.07669518424231635	0.0036858126078381163	0.004256055655808987	1.0	0.07475912314731023	0.585786437626905	0.3333333333333333	0.02713129696369804	0.004547992966073716	0.009737910958876161	0.33333333333333326	0.20168959288722538	1.0	0.026557796424014977	1.0	0.024222111322357798	0.020421122920238222	1.0	0.016114510312813583	0.008547486533688045	0.15571044664402758	1.0	0.2791745113185196	0.15815511491062575	0.08314982671470955	1.0	0.14694709814923537	1.0	0.015944080289093387
ro	1.0	0.44948974278317805	1.0	1.0	0.058083241018101285	0.01816963701845553	0.033020085039928156	0.006445363524461147	0.009787924376806478	0.0	0.02726734394296028	1.0	0.10574765127772164	0.10430623646879118	0.010381006791682502	0.024530477298647775	0.0587454822235645	0.046994888498728016	0.28436465220442186	0.06768722179780082	1.0	0.014476818435811464	0.012250706210985741	0.016114510312813583	1.0	0.010893118463249842	0.045277668874120824	1.0	0.16778977572266515	0.07728049885106278	0.027583687572931344	1.0	0.06755306140019278	1.0	0.02334651300284725
ru	1.0	0.1827439976315568	1.0	0.585786437626905	0.06962234958409147	0.0054032699500904035	0.021130551083141245	0.00671694036406473	0.0020706626897047235	1.0	0.0447449488354601	0.5	0.13642893145662982	0.018188165403462166	0.002700336549289116	0.007250310130491143	0.22646721143623746	0.10701871962315947	0.44948974278317805	0.01128397888222715	1.0	0.004674478932342084	0.003130626825730063	0.008547486533688045	0.010893118463249842	1.0	0.1314236388291709	1.0	0.26427884169111276	0.11501208033719643	0.015966016953855054	1.0	0.09523809523809523	1.0	0.011801474461457769
sh	1.0	0.4364916731037085	1.0	1.0	0.2766967754673749	0.2592192604530755	0.2766967754673749	0.0764347998178936	0.2025519956555797	0.0	0.1987625491245426	1.0	0.5	0.16352330136718948	0.12582697286446295	0.08640894189705947	0.585786437626905	0.5	1.0	0.36602540378443865	1.0	0.18400240527946554	0.17358241318593384	0.15571044664402758	0.045277668874120824	0.1314236388291709	1.0	1.0	0.585786437626905	0.39564392373896007	0.23441237831492112	1.0	0.3483314773547883	1.0	0.14314148321596143
si	0.0	1.0	0.0	1.0	1.0	1.0	1.0	1.0	1.0	0.0	1.0	1.0	1.0	0.585786437626905	1.0	1.0	1.0	1.0	1.0	1.0	1.0	1.0	1.0	1.0	1.0	1.0	1.0	1.0	1.0	1.0	1.0	1.0	1.0	1.0	0.585786437626905
simple	1.0	0.3797958971132712	0.0	1.0	0.5	0.4142135623730951	0.585786437626905	0.1560469703786189	0.3164309725825327	0.0	0.252650308587072	1.0	0.585786437626905	0.1757340838011157	0.2612038749637414	0.1525372022321488	0.585786437626905	1.0	1.0	0.3430703308172536	1.0	0.3660254037844386	0.32037724101704074	0.2791745113185196	0.16778977572266515	0.26427884169111276	0.585786437626905	1.0	1.0	0.585786437626905	0.28989794855663564	1.0	0.39564392373896007	1.0	0.2674788903885893
sr	1.0	0.3797958971132712	0.0	1.0	0.3244997998398398	0.17706699104120874	0.40453726661826384	0.061061397994643066	0.12161530084703875	0.0	0.26968623182294527	1.0	0.585786437626905	0.28436465220442186	0.08668527717558155	0.21712927295533244	0.353889367864523	0.44948974278317805	0.3430703308172536	0.585786437626905	1.0	0.18828407714119788	0.15799872400692302	0.15815511491062575	0.07728049885106278	0.11501208033719643	0.39564392373896007	1.0	0.585786437626905	1.0	0.38742588672279304	1.0	0.3483314773547883	1.0	0.1362169523360302
sv	1.0	0.4364916731037085	1.0	1.0	0.05940421743679161	0.06283181975717159	0.13565184163711103	0.005426452653545591	0.009817936132970708	0.0	0.11489109029485114	1.0	0.22646721143623746	0.11378012788321701	0.012188732211988783	0.024295180083917376	0.24828371682826425	0.14285714285714285	0.39564392373896	0.3203772410170407	1.0	0.022942729311024524	0.023980990160639	0.08314982671470955	0.027583687572931344	0.015966016953855054	0.23441237831492112	1.0	0.28989794855663564	0.38742588672279304	1.0	1.0	0.25728427444747215	1.0	0.0793447007450567
te	0.0	1.0	0.0	1.0	1.0	1.0	1.0	1.0	1.0	0.0	1.0	1.0	1.0	1.0	1.0	1.0	1.0	1.0	1.0	1.0	1.0	1.0	1.0	1.0	1.0	1.0	1.0	1.0	1.0	1.0	1.0	1.0	1.0	1.0	1.0
vi	1.0	0.585786437626905	1.0	1.0	0.33333333333333326	0.15438708879488486	0.2612038749637415	0.0720686450639807	0.09378971397524612	0.0	0.2043134457775982	1.0	0.585786437626905	0.12926331934743923	0.1121550495895991	0.08900327049332277	0.3164309725825328	0.5	1.0	0.22901628833426058	1.0	0.12455606108103782	0.11082201284812082	0.14694709814923537	0.06755306140019278	0.09523809523809523	0.3483314773547883	1.0	0.39564392373896007	0.3483314773547883	0.25728427444747215	1.0	1.0	1.0	0.11651106980622213
war	0.0	0.4364916731037085	0.0	1.0	1.0	1.0	1.0	1.0	1.0	0.0	1.0	1.0	1.0	1.0	1.0	0.585786437626905	1.0	1.0	1.0	1.0	1.0	1.0	1.0	1.0	1.0	1.0	1.0	1.0	1.0	1.0	1.0	1.0	1.0	1.0	0.585786437626905
zh	0.5	0.3380788308512194	1.0	1.0	0.16166561057837198	0.03581643895037552	0.07751559278515131	0.00649601863269304	0.00881365182071274	1.0	0.06225087704695868	1.0	0.2553967929896867	0.04453679963287886	0.010723707601134336	0.017124155276865907	0.15143323323844607	0.1560469703786189	0.3726822671238253	0.11764705882352941	1.0	0.027966217121686187	0.027604212347784974	0.015944080289093387	0.02334651300284725	0.011801474461457769	0.14314148321596143	0.585786437626905	0.2674788903885893	0.1362169523360302	0.0793447007450567	1.0	0.11651106980622213	0.585786437626905	1.0
