arz	bs	ceb	ckb	da	de	el	en	es	fr	he	hi	hu	id	it	ja	ko	lv	mk	ml	mr	nl	pl	pt	ro	ru	sh	si	simple	sr	sv	te	vi	war	zh
arz	1.0	1.0	0.0	0.0	0.0	1.0	0.0	0.44948974278317805	1.0	1.0	1.0	1.0	1.0	1.0	1.0	1.0	1.0	0.0	1.0	0.0	0.0	1.0	1.0	1.0	1.0	1.0	1.0	0.0	0.0	1.0	1.0	0.0	1.0	0.0	1.0
bs	1.0	1.0	1.0	1.0	0.5	0.3430703308172536	1.0	0.24179033438163736	0.32449979983983984	0.3483314773547883	0.5	0.4142135623730951	1.0	0.44948974278317805	0.44948974278317805	0.36602540378443865	0.585786437626905	1.0	1.0	0.585786437626905	0.0	0.3333333333333333	1.0	0.3430703308172536	0.585786437626905	0.36602540378443865	0.3483314773547883	1.0	0.585786437626905	0.5	0.44948974278317805	1.0	1.0	1.0	0.4142135623730951
ceb	0.0	1.0	1.0	0.0	1.0	1.0	0.0	1.0	1.0	1.0	1.0	1.0	1.0	1.0	1.0	1.0	1.0	1.0	1.0	1.0	0.0	1.0	1.0	1.0	1.0	1.0	1.0	1.0	1.0	1.0	1.0	0.0	1.0	1.0	1.0
ckb	0.0	1.0	0.0	1.0	0.585786437626905	1.0	1.0	0.5	1.0	0.585786437626905	1.0	1.0	1.0	1.0	0.5	1.0	1.0	1.0	0.0	1.0	1.0	1.0	1.0	1.0	1.0	1.0	1.0	1.0	0.585786437626905	1.0	0.5	1.0	1.0	1.0	1.0
da	0.0	0.5	1.0	0.585786437626905	1.0	0.0844742085089479	0.27718637277259645	0.026813515950071302	0.07573302127986245	0.050545945028855205	0.17843295907368986	0.2674788903885893	0.21331887166009167	0.19204411937679794	0.08835510717065881	0.21551468935838852	0.29429805508554946	1.0	0.39564392373896007	0.44948974278317805	1.0	0.14467901330023508	0.18781636508971358	0.06633729218134504	0.1918253663634734	0.09067390975485937	0.34833147735478825	0.585786437626905	0.3164309725825327	0.22772999919644132	0.1434246001803661	1.0	0.19160741797296413	1.0	0.1291977634994913
de	1.0	0.3430703308172536	1.0	1.0	0.0844742085089479	1.0	0.4142135623730951	0.0036838608081426333	0.06556643758031429	0.009265938043896218	0.15384615384615385	0.2612038749637414	0.25	0.06749573076839026	0.02895217228096134	0.16666666666666666	0.21290885543182675	1.0	0.32449979983983984	0.585786437626905	1.0	0.02161177582871911	0.1279511474180266	0.09507146459188208	0.128583259372088	0.062131337277277356	0.20942771453851886	0.585786437626905	0.3090169943749474	0.2466060555964672	0.08291571441229154	1.0	0.2466060555964672	0.5	0.12256538371419255
el	0.0	1.0	0.0	1.0	0.27718637277259645	0.4142135623730951	1.0	0.1607677430268676	1.0	0.2372732414640341	1.0	1.0	1.0	0.252650308587072	0.2791745113185196	1.0	1.0	1.0	1.0	1.0	1.0	0.3660254037844386	1.0	0.585786437626905	0.4142135623730951	1.0	0.5	1.0	0.44948974278317805	0.585786437626905	0.5	1.0	1.0	1.0	1.0
en	0.44948974278317805	0.24179033438163736	1.0	0.5	0.026813515950071302	0.0036838608081426333	0.1607677430268676	1.0	0.0020476642083616494	0.004577593186490478	0.01614202750332603	0.09174737048053264	0.08171475684970188	0.007603882261445548	0.004365641411207524	0.012243700287644828	0.035396531979181585	0.38742588672279304	0.19404996501286384	0.21551468935838852	0.5	0.006859726462385808	0.028278374425821328	0.004185187464164651	0.04459688330691526	0.002472185046268946	0.07653862618229677	0.25355482027512377	0.1140024190419222	0.06397621041364185	0.020179362910856508	1.0	0.06619563626093881	0.5	0.00553164358285349
es	1.0	0.32449979983983984	1.0	1.0	0.07573302127986245	0.06556643758031429	1.0	0.0020476642083616494	1.0	0.004400820253284316	0.38742588672279304	0.585786437626905	0.5	0.030332310804018135	0.011871787337776078	0.3333333333333333	0.4142135623730951	1.0	1.0	1.0	1.0	0.02006294767811756	0.15548737703860027	0.18660549686337075	0.11189119247086728	0.19519410160110381	0.12994151655209632	1.0	0.2612038749637414	0.38742588672279304	0.06748428427554536	1.0	0.585786437626905	0.5	0.23727324146403408
fr	1.0	0.3483314773547883	1.0	0.585786437626905	0.050545945028855205	0.009265938043896218	0.2372732414640341	0.004577593186490478	0.004400820253284316	1.0	0.06294757594171677	0.1680743603534397	0.16952084719853724	0.01837165931591622	0.00714954263570613	0.03663863764183418	0.07271195676408641	0.5	0.3333333333333333	0.2958163163244893	1.0	0.01360647847940458	0.05578178811812074	0.020141573459288506	0.07432879913054743	0.006654099833747484	0.12444584824196174	1.0	0.2674788903885893	0.15225881209433406	0.0676858768841723	1.0	0.15438708879488486	0.5	0.0429686446021646
he	1.0	0.5	1.0	1.0	0.17843295907368986	0.15384615384615385	1.0	0.01614202750332603	0.38742588672279304	0.06294757594171677	1.0	1.0	1.0	0.11958768661132302	0.12500000000000003	1.0	1.0	1.0	1.0	1.0	1.0	0.12809248424016279	0.28436465220442186	0.585786437626905	0.38742588672279304	1.0	0.30216947925196225	1.0	0.4142135623730951	0.585786437626905	0.2402530733520421	1.0	1.0	0.5	1.0
hi	1.0	0.4142135623730951	1.0	1.0	0.2674788903885893	0.2612038749637414	1.0	0.09174737048053264	0.585786437626905	0.1680743603534397	1.0	1.0	1.0	0.1987625491245426	0.18001097668719743	1.0	1.0	1.0	1.0	1.0	1.0	0.1896812679802183	0.44948974278317805	1.0	0.2791745113185196	1.0	0.44948974278317805	1.0	0.4142135623730951	1.0	0.2958163163244893	1.0	1.0	0.5	1.0
hu	1.0	1.0	1.0	1.0	0.21331887166009167	0.25	1.0	0.08171475684970188	0.5	0.16952084719853724	1.0	1.0	1.0	0.1886378647726465	0.20386840968093525	1.0	1.0	1.0	1.0	1.0	1.0	0.18181818181818182	1.0	1.0	0.24660605559646726	1.0	0.36602540378443865	1.0	1.0	1.0	0.1921904042583698	1.0	1.0	1.0	1.0
id	1.0	0.44948974278317805	1.0	1.0	0.19204411937679794	0.06749573076839026	0.252650308587072	0.007603882261445548	0.030332310804018135	0.01837165931591622	0.11958768661132302	0.1987625491245426	0.1886378647726465	1.0	0.0490718890479217	0.12544895006666704	0.08809809385053458	1.0	0.4142135623730951	0.38742588672279304	1.0	0.06714167359109699	0.13367660240019172	0.053523662108136076	0.13139467386089682	0.03519529050020453	0.1798334192119471	0.5	0.2958163163244893	0.2025519956555797	0.11161622010315254	1.0	0.1512290518085545	0.5	0.05747562852343663
it	1.0	0.44948974278317805	1.0	0.5	0.08835510717065881	0.02895217228096134	0.2791745113185196	0.004365641411207524	0.011871787337776078	0.00714954263570613	0.12500000000000003	0.18001097668719743	0.20386840968093525	0.0490718890479217	1.0	0.09785171972967724	0.11606619483971768	0.5	0.4142135623730951	0.3660254037844386	1.0	0.023499214044665075	0.09393747402010745	0.02526785988920113	0.09511798108519817	0.026357416774799684	0.1699844609001858	0.5	0.26968623182294527	0.12659389107862953	0.06833295294078984	0.585786437626905	0.1886378647726465	0.5	0.0666072243492848
ja	1.0	0.36602540378443865	1.0	1.0	0.21551468935838852	0.16666666666666666	1.0	0.012243700287644828	0.3333333333333333	0.03663863764183418	1.0	1.0	1.0	0.12544895006666704	0.09785171972967724	1.0	1.0	1.0	1.0	1.0	1.0	0.10084429617915293	0.3430703308172536	0.585786437626905	0.16174980273168016	1.0	0.4142135623730951	1.0	0.4142135623730951	0.585786437626905	0.15799872400692302	1.0	1.0	0.585786437626905	1.0
ko	1.0	0.585786437626905	1.0	1.0	0.29429805508554946	0.21290885543182675	1.0	0.035396531979181585	0.4142135623730951	0.07271195676408641	1.0	1.0	1.0	0.08809809385053458	0.11606619483971768	1.0	1.0	1.0	1.0	1.0	1.0	0.13299282904102766	0.4142135623730951	0.585786437626905	0.23582845781094	1.0	0.3430703308172536	1.0	0.44948974278317805	0.585786437626905	0.17379378377786506	1.0	1.0	0.5	1.0
lv	0.0	1.0	1.0	1.0	1.0	1.0	1.0	0.38742588672279304	1.0	0.5	1.0	1.0	1.0	1.0	0.5	1.0	1.0	1.0	1.0	1.0	1.0	0.5	1.0	1.0	0.585786437626905	1.0	1.0	1.0	1.0	1.0	1.0	1.0	1.0	1.0	1.0
mk	1.0	1.0	1.0	0.0	0.39564392373896007	0.32449979983983984	1.0	0.19404996501286384	1.0	0.3333333333333333	1.0	1.0	1.0	0.4142135623730951	0.4142135623730951	1.0	1.0	1.0	1.0	1.0	1.0	0.44948974278317805	1.0	1.0	0.44948974278317805	1.0	0.36602540378443865	1.0	0.5	0.5	0.2661832955178855	1.0	1.0	1.0	1.0
ml	0.0	0.585786437626905	1.0	1.0	0.44948974278317805	0.585786437626905	1.0	0.21551468935838852	1.0	0.2958163163244893	1.0	1.0	1.0	0.38742588672279304	0.3660254037844386	1.0	1.0	1.0	1.0	1.0	1.0	0.3430703308172536	0.585786437626905	1.0	0.5	1.0	0.585786437626905	1.0	0.5	1.0	0.38742588672279304	1.0	1.0	1.0	1.0
mr	0.0	0.0	0.0	1.0	1.0	1.0	1.0	0.5	1.0	1.0	1.0	1.0	1.0	1.0	1.0	1.0	1.0	1.0	1.0	1.0	1.0	0.585786437626905	1.0	1.0	0.585786437626905	1.0	1.0	1.0	1.0	0.585786437626905	1.0	1.0	1.0	1.0	1.0
nl	1.0	0.3333333333333333	1.0	1.0	0.14467901330023508	0.02161177582871911	0.3660254037844386	0.006859726462385808	0.02006294767811756	0.01360647847940458	0.12809248424016279	0.1896812679802183	0.18181818181818182	0.06714167359109699	0.023499214044665075	0.10084429617915293	0.13299282904102766	0.5	0.44948974278317805	0.3430703308172536	0.585786437626905	1.0	0.12199255287753213	0.03843893423587274	0.09519264143024846	0.020360381259417037	0.12305557373012246	0.39564392373896007	0.2449655295864104	0.17331935664757372	0.08094516297177426	1.0	0.16343625225507505	0.5	0.05688247011383772
pl	1.0	1.0	1.0	1.0	0.18781636508971358	0.1279511474180266	1.0	0.028278374425821328	0.15548737703860027	0.05578178811812074	0.28436465220442186	0.44948974278317805	1.0	0.13367660240019172	0.09393747402010745	0.3430703308172536	0.4142135623730951	1.0	1.0	0.585786437626905	1.0	0.12199255287753213	1.0	0.2402530733520421	0.1985180292573379	0.17151308576402147	0.4142135623730951	1.0	0.3660254037844386	0.44948974278317805	0.15776505912784203	1.0	1.0	0.5	0.17253779651421453
pt	1.0	0.3430703308172536	1.0	1.0	0.06633729218134504	0.09507146459188208	0.585786437626905	0.004185187464164651	0.18660549686337075	0.020141573459288506	0.585786437626905	1.0	1.0	0.053523662108136076	0.02526785988920113	0.585786437626905	0.585786437626905	1.0	1.0	1.0	1.0	0.03843893423587274	0.2402530733520421	1.0	0.1353162302316386	0.4142135623730951	0.14459058185587106	1.0	0.3333333333333333	0.585786437626905	0.1061993429398816	1.0	0.585786437626905	0.585786437626905	0.5
ro	1.0	0.585786437626905	1.0	1.0	0.1918253663634734	0.128583259372088	0.4142135623730951	0.04459688330691526	0.11189119247086728	0.07432879913054743	0.38742588672279304	0.2791745113185196	0.24660605559646726	0.13139467386089682	0.09511798108519817	0.16174980273168016	0.23582845781094	0.585786437626905	0.44948974278317805	0.5	0.585786437626905	0.09519264143024846	0.1985180292573379	0.1353162302316386	1.0	0.1295233596502336	0.2612038749637414	1.0	0.3660254037844386	0.26533119314590375	0.16574888863755477	1.0	0.3430703308172536	0.585786437626905	0.12819304429541925
ru	1.0	0.36602540378443865	1.0	1.0	0.09067390975485937	0.062131337277277356	1.0	0.002472185046268946	0.19519410160110381	0.006654099833747484	1.0	1.0	1.0	0.03519529050020453	0.026357416774799684	1.0	1.0	1.0	1.0	1.0	1.0	0.020360381259417037	0.17151308576402147	0.4142135623730951	0.1295233596502336	1.0	0.1566130288262323	1.0	0.3203772410170407	0.3090169943749474	0.07763156680438343	1.0	1.0	0.5	1.0
sh	1.0	0.3483314773547883	1.0	1.0	0.34833147735478825	0.20942771453851886	0.5	0.07653862618229677	0.12994151655209632	0.12444584824196174	0.30216947925196225	0.44948974278317805	0.36602540378443865	0.1798334192119471	0.1699844609001858	0.4142135623730951	0.3430703308172536	1.0	0.36602540378443865	0.585786437626905	1.0	0.12305557373012246	0.4142135623730951	0.14459058185587106	0.2612038749637414	0.1566130288262323	1.0	1.0	1.0	0.1809073112342927	0.25	1.0	0.585786437626905	1.0	0.2474401533514073
si	0.0	1.0	1.0	1.0	0.585786437626905	0.585786437626905	1.0	0.25355482027512377	1.0	1.0	1.0	1.0	1.0	0.5	0.5	1.0	1.0	1.0	1.0	1.0	1.0	0.39564392373896007	1.0	1.0	1.0	1.0	1.0	1.0	1.0	1.0	0.585786437626905	1.0	1.0	0.585786437626905	1.0
simple	0.0	0.585786437626905	1.0	0.585786437626905	0.3164309725825327	0.3090169943749474	0.44948974278317805	0.1140024190419222	0.2612038749637414	0.2674788903885893	0.4142135623730951	0.4142135623730951	1.0	0.2958163163244893	0.26968623182294527	0.4142135623730951	0.44948974278317805	1.0	0.5	0.5	1.0	0.2449655295864104	0.3660254037844386	0.3333333333333333	0.3660254037844386	0.3203772410170407	1.0	1.0	1.0	0.5	0.2898979485566356	1.0	0.5	0.585786437626905	0.33333333333333326
sr	1.0	0.5	1.0	1.0	0.22772999919644132	0.2466060555964672	0.585786437626905	0.06397621041364185	0.38742588672279304	0.15225881209433406	0.585786437626905	1.0	1.0	0.2025519956555797	0.12659389107862953	0.585786437626905	0.585786437626905	1.0	0.5	1.0	0.585786437626905	0.17331935664757372	0.44948974278317805	0.585786437626905	0.26533119314590375	0.3090169943749474	0.1809073112342927	1.0	0.5	1.0	0.1987625491245426	1.0	0.5	0.5	0.585786437626905
sv	1.0	0.44948974278317805	1.0	0.5	0.1434246001803661	0.08291571441229154	0.5	0.020179362910856508	0.06748428427554536	0.0676858768841723	0.2402530733520421	0.2958163163244893	0.1921904042583698	0.11161622010315254	0.06833295294078984	0.15799872400692302	0.17379378377786506	1.0	0.2661832955178855	0.38742588672279304	1.0	0.08094516297177426	0.15776505912784203	0.1061993429398816	0.16574888863755477	0.07763156680438343	0.25	0.585786437626905	0.2898979485566356	0.1987625491245426	1.0	1.0	0.27429188517743175	1.0	0.09904223485419114
te	0.0	1.0	0.0	1.0	1.0	1.0	1.0	1.0	1.0	1.0	1.0	1.0	1.0	1.0	0.585786437626905	1.0	1.0	1.0	1.0	1.0	1.0	1.0	1.0	1.0	1.0	1.0	1.0	1.0	1.0	1.0	1.0	1.0	1.0	1.0	1.0
vi	1.0	1.0	1.0	1.0	0.19160741797296413	0.2466060555964672	1.0	0.06619563626093881	0.585786437626905	0.15438708879488486	1.0	1.0	1.0	0.1512290518085545	0.1886378647726465	1.0	1.0	1.0	1.0	1.0	1.0	0.16343625225507505	1.0	0.585786437626905	0.3430703308172536	1.0	0.585786437626905	1.0	0.5	0.5	0.27429188517743175	1.0	1.0	0.5	1.0
war	0.0	1.0	1.0	1.0	1.0	0.5	1.0	0.5	0.5	0.5	0.5	0.5	1.0	0.5	0.5	0.585786437626905	0.5	1.0	1.0	1.0	1.0	0.5	0.5	0.585786437626905	0.585786437626905	0.5	1.0	0.585786437626905	0.585786437626905	0.5	1.0	1.0	0.5	1.0	0.5
zh	1.0	0.4142135623730951	1.0	1.0	0.1291977634994913	0.12256538371419255	1.0	0.00553164358285349	0.23727324146403408	0.0429686446021646	1.0	1.0	1.0	0.05747562852343663	0.0666072243492848	1.0	1.0	1.0	1.0	1.0	1.0	0.05688247011383772	0.17253779651421453	0.5	0.12819304429541925	1.0	0.2474401533514073	1.0	0.33333333333333326	0.585786437626905	0.09904223485419114	1.0	1.0	0.5	1.0
