arz	bs	ceb	ckb	da	de	el	en	es	fr	he	hi	hu	id	it	ja	ko	lv	mk	ml	mr	nl	pl	pt	ro	ru	sh	si	simple	sr	sv	te	vi	war	zh
arz	0.12506254690626561	0.12503124999999998	0.2	0.16666666666666666	0.12503124999999998	0.125	0.125015625	0.125015625	0.125	0.125015625	0.125015625	0.3333333333333333	0.125015625	0.125	0.125015625	0.125	0.125	0.125	0.125031265625	0.16669444444444442	0.16666666666666666	0.125015625	0.125015625	0.125015625	0.125015625	0.125	0.125031265625	1.0	0.125	0.125	0.125015625	1.0	0.125	0.14285714285714285	0.125
bs	0.12503124999999998	0.09144954848102638	0.2	0.11117285185185186	0.09095869421487603	0.09092561983471073	0.09104978538882709	0.09099181826454555	0.0909504132231405	0.0909587107768926	0.09095869421487603	0.25006249999999997	0.09110781893539145	0.09100840514904171	0.0910166199091488	0.09095870248760331	0.09105809130646396	0.09095043803305787	0.10008006005004004	0.14302063293918427	0.16672222222222222	0.09091735537190083	0.09099181826454554	0.09097526451242975	0.0910747114146476	0.09093388429752067	0.09109119057929886	1.0	0.10010007006006007	0.09101668609934727	0.09095871076861159	1.0	0.09096697520661155	0.125	0.09106637228986876
ceb	0.2	0.2	0.2	0.2	0.2	0.2	0.2	0.2	0.2	0.2	0.2	0.5	0.2	0.2	0.2	0.2	0.2	0.2	0.2	0.2	0.2	0.2	0.2	0.2	0.2	0.2	0.2	1.0	0.2	0.2	0.2	1.0	0.2	0.2	0.2
ckb	0.16666666666666666	0.11117285185185186	0.2	0.11122237054340761	0.1111111111111111	0.1111111111111111	0.11113580246913579	0.11113580246913579	0.1111111111111111	0.11113581481481481	0.11112345679012345	0.25	0.11114816049382716	0.11112345679012345	0.11114816049382717	0.1111111111111111	0.11116053088890122	0.11113581481481481	0.125	0.14289797959183673	0.2	0.1111111111111111	0.11112345679012345	0.11112345679012345	0.11114817283950618	0.1111111111111111	0.11113581481481481	1.0	0.125	0.1111111111111111	0.1111111111111111	1.0	0.11112345679012345	0.14285714285714285	0.11117288893832103
da	0.12503124999999998	0.09095869421487603	0.2	0.1111111111111111	0.047700798356270224	0.04762358276643991	0.07144898469387755	0.04762585260770975	0.05263434903047091	0.047625850340136056	0.06668	0.25	0.0625312695508008	0.0769467573964497	0.05556790432098765	0.052645429362880886	0.06251562890625001	0.07144387755102041	0.09092561983471073	0.14287755102040817	0.16669444444444445	0.055561728395061724	0.05556481790123456	0.06669778222222222	0.07145919387755101	0.04762358276643991	0.08336805555555554	1.0	0.08334722222222221	0.07695268640236687	0.05000999999999999	1.0	0.06251562499999999	0.125	0.06253518362112503
de	0.125	0.09092561983471073	0.2	0.1111111111111111	0.04762358276643991	0.02861148252009809	0.06667555555555556	0.031251953125	0.041673611111111106	0.031251953125	0.05263989196675901	0.25	0.058837370242214526	0.07143367346938775	0.03846745562130177	0.037037037037037035	0.058830449826989616	0.07143367346938775	0.09091735537190083	0.14285714285714285	0.16666666666666666	0.041666666666666664	0.05000249999999999	0.058837370242214526	0.06668000444444445	0.03448394768133174	0.08335417361111111	1.0	0.07693491124260354	0.07693491124260354	0.038461538461538464	1.0	0.058823529411764705	0.125	0.0500075
el	0.125015625	0.09104978538882709	0.2	0.11113580246913579	0.07144898469387755	0.06667555555555556	0.06688511320195338	0.06669333777777778	0.0666844488888889	0.06668888888888888	0.07144897959183673	0.25	0.07702378712444403	0.07694674556213017	0.06669778222222222	0.06668890223111112	0.06672004003559115	0.07695267456213019	0.10001999999999998	0.14291836734693877	0.16666666666666666	0.06667111111111111	0.06669780001778222	0.07145919387755101	0.07696452071005916	0.06667555555555557	0.08339586111805554	1.0	0.08336806249999999	0.08337502084027777	0.06668889778222221	1.0	0.07145408673469388	0.125	0.06671556000000001
en	0.125015625	0.09099181826454555	0.2	0.11113580246913579	0.04762585260770975	0.031251953125	0.06669333777777778	0.027899437340764912	0.041678821180555554	0.029425611593427336	0.052645432132963986	0.25006249999999997	0.05884430104498962	0.07143877551020407	0.03848522190681361	0.03705075994787517	0.05884775778892733	0.07144387755102041	0.09093390082644627	0.14289795918367348	0.16669444444444442	0.0400016	0.047621315192743756	0.05884084084084085	0.06670224000000001	0.03448394768133174	0.08337502084723612	1.0	0.07694084024853257	0.07693491124260354	0.040007999999999995	1.0	0.05555864197530863	0.125	0.050027515007499995
es	0.125	0.0909504132231405	0.2	0.1111111111111111	0.05263434903047091	0.041673611111111106	0.0666844488888889	0.041678821180555554	0.03455901938608279	0.0416770868072934	0.058830449826989616	0.25	0.05885815226991004	0.0714438775510204	0.04763719728118141	0.04545867768595041	0.058844297577854664	0.07692307692307693	0.09091735537190083	0.14287755102040817	0.16666666666666666	0.047619047619047616	0.05263989196953185	0.0588477612491384	0.06669334666666667	0.0400048	0.08335416666666667	1.0	0.07692899408284024	0.07694082840236686	0.04545867768595041	1.0	0.05883737370242214	0.125	0.05557099074074074
fr	0.125015625	0.0909587107768926	0.2	0.11113581481481481	0.047625850340136056	0.031251953125	0.06668888888888888	0.029425611593427336	0.0416770868072934	0.02786682437721451	0.05263434903047091	0.25	0.058854685128027676	0.07144898469387755	0.03848522486835504	0.037050758574759944	0.05885814879931488	0.07143877551020407	0.09092561983471073	0.14287755102040817	0.16666666666666666	0.040007999999999995	0.047623585036283445	0.05884430104498962	0.06670669334668	0.035719389030612246	0.08336112500695139	1.0	0.07692900000592308	0.07693491124260354	0.0400048	1.0	0.055561728395061724	0.125	0.050030017504999996
he	0.125015625	0.09095869421487603	0.2	0.11112345679012345	0.06668	0.05263989196675901	0.07144897959183673	0.052645432132963986	0.058830449826989616	0.05263434903047091	0.05272593944123718	0.25	0.06669334666666667	0.07144387755102041	0.05557099074074074	0.0526398891966759	0.0625351796953125	0.08336112500694444	0.09093388429752067	0.1429184081632653	0.16666666666666666	0.0526398891966759	0.05882698961937716	0.058854698989654015	0.07145918367346939	0.05556481790123456	0.08337502084027777	1.0	0.07693491124260354	0.07695858579881656	0.0526398891966759	1.0	0.06250390624999999	0.125	0.058837370242214526
hi	0.3333333333333333	0.25006249999999997	0.5	0.25	0.25	0.25	0.25	0.25006249999999997	0.25	0.25	0.25	0.25006249999999997	0.25	0.25006249999999997	0.25	0.25	0.25006249999999997	0.25	0.3333333333333333	0.25006249999999997	0.5	0.25	0.25	0.25	0.25	0.25	0.25	1.0	0.3333333333333333	0.25	0.25	1.0	0.25	0.3333333333333333	0.25006249999999997
hu	0.125015625	0.09110781893539145	0.2	0.11114816049382716	0.0625312695508008	0.058837370242214526	0.07702378712444403	0.05884430104498962	0.05885815226991004	0.058854685128027676	0.06669334666666667	0.25	0.05912604886322428	0.07697638465684029	0.06253517969531641	0.06252344140624999	0.0667512090135158	0.08335416666666667	0.09097527274380164	0.14302057159200018	0.16669444444444442	0.0625078125	0.0625234375	0.06675120007116003	0.07151028580111746	0.058830449826989616	0.08343762513906272	1.0	0.08336807640974309	0.07696453850300004	0.06251562890625	1.0	0.06254300392579298	0.125	0.07153585222986263
id	0.125	0.09100840514904171	0.2	0.11112345679012345	0.0769467573964497	0.07143367346938775	0.07694674556213017	0.07143877551020407	0.0714438775510204	0.07144898469387755	0.07144387755102041	0.25006249999999997	0.07697638465684029	0.0715717558383812	0.07144897959183673	0.07144898469387755	0.07146941327040816	0.08335416666666667	0.09093388429752067	0.14293881632653063	0.16666666666666666	0.07142857142857142	0.07143877551020407	0.07146430102040817	0.07145919388265307	0.07144387755102041	0.08338894449310422	1.0	0.07692899408284024	0.0769467573964497	0.07143367346938775	1.0	0.07145408163265306	0.125	0.07147452042348472
it	0.125015625	0.0910166199091488	0.2	0.11114816049382717	0.05556790432098765	0.03846745562130177	0.06669778222222222	0.03848522190681361	0.04763719728118141	0.03848522486835504	0.05557099074074074	0.25	0.06253517969531641	0.07144897959183673	0.0386428814122576	0.041673611111111106	0.05888936691367847	0.07692899408284024	0.09094219011574384	0.14295928581642867	0.16666666666666666	0.04349149716446125	0.05557407716049382	0.0625390898593789	0.07149495412247452	0.04348393194706995	0.0834237084654377	1.0	0.07695268048521894	0.07696452665681656	0.04762358276643991	1.0	0.06251171875	0.125	0.05005006005252251
ja	0.125	0.09095870248760331	0.2	0.1111111111111111	0.052645429362880886	0.037037037037037035	0.06668890223111112	0.03705075994787517	0.04545867768595041	0.037050758574759944	0.0526398891966759	0.25	0.06252344140624999	0.07144898469387755	0.041673611111111106	0.03581148793415751	0.05884429757785468	0.07693491124260354	0.09092561983471073	0.14285714285714285	0.16666666666666666	0.04167534722222222	0.052637119113573404	0.05884429065743945	0.07147453064287757	0.041671876736111106	0.08335416666666667	1.0	0.07692899408284024	0.07694083431952663	0.043482041587901706	1.0	0.06250390624999999	0.125	0.0500200125025
ko	0.125	0.09105809130646396	0.2	0.11116053088890122	0.06251562890625001	0.058830449826989616	0.06672004003559115	0.05884775778892733	0.058844297577854664	0.05885814879931488	0.0625351796953125	0.25006249999999997	0.0667512090135158	0.07146941327040816	0.05888936691367847	0.05884429757785468	0.0558190916837481	0.0769467573964497	0.09095870247933883	0.14302057159202064	0.16669444444444442	0.058830449826989616	0.058858155723183384	0.06255081251172265	0.07149492859185716	0.058833910034602074	0.08339588198613891	1.0	0.07695859171597633	0.07694083431952663	0.05883737370242214	1.0	0.06251953906249999	0.125	0.06257821100788288
lv	0.125	0.09095043803305787	0.2	0.11113581481481481	0.07144387755102041	0.07143367346938775	0.07695267456213019	0.07144387755102041	0.07692307692307693	0.07143877551020407	0.08336112500694444	0.25	0.08335416666666667	0.08335416666666667	0.07692899408284024	0.07693491124260354	0.0769467573964497	0.0715051633214694	0.10001999999999998	0.14291836734693877	0.16666666666666666	0.07692899408284024	0.07693491715976332	0.08335416666666667	0.08335416666666667	0.07142857142857142	0.08334722222222221	1.0	0.09092562809917355	0.08334722222222221	0.07692899408284024	1.0	0.08334722222222221	0.125	0.07695266863905326
mk	0.125031265625	0.10008006005004004	0.2	0.125	0.09092561983471073	0.09091735537190083	0.10001999999999998	0.09093390082644627	0.09091735537190083	0.09092561983471073	0.09093388429752067	0.3333333333333333	0.09097527274380164	0.09093388429752067	0.09094219011574384	0.09092561983471073	0.09095870247933883	0.10001999999999998	0.09109967069767873	0.16672222222222222	0.16666666666666666	0.09091735537190083	0.09094216529752894	0.09095868595041322	0.09098354554552904	0.09091735537190083	0.10006003001001	1.0	0.09093388429752067	0.09092562809917355	0.09092561983471074	1.0	0.09091735537190083	0.125	0.09093388429752067
ml	0.16669444444444442	0.14302063293918427	0.2	0.14289797959183673	0.14287755102040817	0.14285714285714285	0.14291836734693877	0.14289795918367348	0.14287755102040817	0.14287755102040817	0.1429184081632653	0.25006249999999997	0.14302057159200018	0.14293881632653063	0.14295928581642867	0.14285714285714285	0.14302057159202064	0.14291836734693877	0.16672222222222222	0.14318451229111576	0.20003999999999997	0.14285714285714285	0.14289795918367348	0.14300012257155115	0.14287755102040817	0.14287755102040817	0.1430615718167147	1.0	0.16669444444444442	0.14285714285714285	0.14287755102040817	1.0	0.14289795918367346	0.16666666666666666	0.1429592245102245
mr	0.16666666666666666	0.16672222222222222	0.2	0.2	0.16669444444444445	0.16666666666666666	0.16666666666666666	0.16669444444444442	0.16666666666666666	0.16666666666666666	0.16666666666666666	0.5	0.16669444444444442	0.16666666666666666	0.16666666666666666	0.16666666666666666	0.16669444444444442	0.16666666666666666	0.16666666666666666	0.20003999999999997	0.16672222222222222	0.16666666666666666	0.16666666666666666	0.16666666666666666	0.16669444444444445	0.16666666666666666	0.16666666666666666	1.0	0.16666666666666666	0.16666666666666666	0.16666666666666666	1.0	0.16666666666666666	0.16666666666666666	0.16666666666666666
nl	0.125015625	0.09091735537190083	0.2	0.1111111111111111	0.055561728395061724	0.041666666666666664	0.06667111111111111	0.0400016	0.047619047619047616	0.040007999999999995	0.0526398891966759	0.25	0.0625078125	0.07142857142857142	0.04349149716446125	0.04167534722222222	0.058830449826989616	0.07692899408284024	0.09091735537190083	0.14285714285714285	0.16666666666666666	0.04005286085604963	0.05263157894736842	0.058840833910034605	0.07143367346938775	0.0434820415879017	0.08334722916666666	1.0	0.07692307692307693	0.07692307692307693	0.04545867768595041	1.0	0.0625	0.125	0.0500075
pl	0.125015625	0.09099181826454554	0.2	0.11112345679012345	0.05556481790123456	0.05000249999999999	0.06669780001778222	0.047621315192743756	0.05263989196953185	0.047623585036283445	0.05882698961937716	0.25	0.0625234375	0.07143877551020407	0.05557407716049382	0.052637119113573404	0.058858155723183384	0.07693491715976332	0.09094216529752894	0.14289795918367348	0.16666666666666666	0.05263157894736842	0.04770083932259978	0.05885122838408997	0.06671114224446224	0.050004999999999994	0.08336111805555554	1.0	0.07694082840236686	0.07694083431952663	0.05	1.0	0.05555864197530863	0.125	0.06252736329688281
pt	0.125015625	0.09097526451242975	0.2	0.11112345679012345	0.06669778222222222	0.058837370242214526	0.07145919387755101	0.05884084084084085	0.0588477612491384	0.05884430104498962	0.058854698989654015	0.25	0.06675120007116003	0.07146430102040817	0.0625390898593789	0.05884429065743945	0.06255081251172265	0.08335416666666667	0.09095868595041322	0.14300012257155115	0.16666666666666666	0.058840833910034605	0.05885122838408997	0.05574441223353688	0.07145408673469388	0.05884429411764705	0.0834376320973821	1.0	0.07694083431952663	0.07694674556213017	0.058833910034602074	1.0	0.06253126172265625	0.125	0.06255080078125
ro	0.125015625	0.0910747114146476	0.2	0.11114817283950618	0.07145919387755101	0.06668000444444445	0.07696452071005916	0.06670224000000001	0.06669334666666667	0.06670669334668	0.07145918367346939	0.25	0.07151028580111746	0.07145919388265307	0.07149495412247452	0.07147453064287757	0.07149492859185716	0.08335416666666667	0.09098354554552904	0.14287755102040817	0.16669444444444445	0.07143367346938775	0.06671114224446224	0.07145408673469388	0.06692996879539545	0.06667111111111111	0.08340284034729868	1.0	0.07694082840236686	0.07697639652672794	0.06667555555555557	1.0	0.06669333777777778	0.125	0.0715358931177506
ru	0.125	0.09093388429752067	0.2	0.1111111111111111	0.04762358276643991	0.03448394768133174	0.06667555555555557	0.03448394768133174	0.0400048	0.035719389030612246	0.05556481790123456	0.25	0.058830449826989616	0.07144387755102041	0.04348393194706995	0.041671876736111106	0.058833910034602074	0.07142857142857142	0.09091735537190083	0.14287755102040817	0.16666666666666666	0.0434820415879017	0.050004999999999994	0.05884429411764705	0.06667111111111111	0.03230598862025918	0.08336111805555554	1.0	0.07692899408284024	0.07692899408284024	0.04166840277777777	1.0	0.05882698961937716	0.125	0.052650969529085864
sh	0.125031265625	0.09109119057929886	0.2	0.11113581481481481	0.08336805555555554	0.08335417361111111	0.08339586111805554	0.08337502084723612	0.08335416666666667	0.08336112500695139	0.08337502084027777	0.25	0.08343762513906272	0.08338894449310422	0.0834237084654377	0.08335416666666667	0.08339588198613891	0.08334722222222221	0.10006003001001	0.1430615718167147	0.16666666666666666	0.08334722916666666	0.08336111805555554	0.0834376320973821	0.08340284034729868	0.08336111805555554	0.08371002145759708	1.0	0.09098350416532236	0.08337500694444444	0.08334722222222221	1.0	0.08336113195834029	0.125	0.08345156974359819
si	1.0	1.0	1.0	1.0	1.0	1.0	1.0	1.0	1.0	1.0	1.0	1.0	1.0	1.0	1.0	1.0	1.0	1.0	1.0	1.0	1.0	1.0	1.0	1.0	1.0	1.0	1.0	1.0	1.0	1.0	1.0	1.0	1.0	1.0	1.0
simple	0.125	0.10010007006006007	0.2	0.125	0.08334722222222221	0.07693491124260354	0.08336806249999999	0.07694084024853257	0.07692899408284024	0.07692900000592308	0.07693491124260354	0.3333333333333333	0.08336807640974309	0.07692899408284024	0.07695268048521894	0.07692899408284024	0.07695859171597633	0.09092562809917355	0.09093388429752067	0.16669444444444442	0.16666666666666666	0.07692307692307693	0.07694082840236686	0.07694083431952663	0.07694082840236686	0.07692899408284024	0.09098350416532236	1.0	0.07704156824887637	0.0833750347639306	0.07693491124260354	1.0	0.07693491124260354	0.125	0.07694082840236686
sr	0.125	0.09101668609934727	0.2	0.1111111111111111	0.07695268640236687	0.07693491124260354	0.08337502084027777	0.07693491124260354	0.07694082840236686	0.07693491124260354	0.07695858579881656	0.25	0.07696453850300004	0.0769467573964497	0.07696452665681656	0.07694083431952663	0.07694083431952663	0.08334722222222221	0.09092562809917355	0.14285714285714285	0.16666666666666666	0.07692307692307693	0.07694083431952663	0.07694674556213017	0.07697639652672794	0.07692899408284024	0.08337500694444444	1.0	0.0833750347639306	0.07706541488313343	0.07694082840236686	1.0	0.07694082840236686	0.125	0.07697639650302374
sv	0.125015625	0.09095871076861159	0.2	0.1111111111111111	0.05000999999999999	0.038461538461538464	0.06668889778222221	0.040007999999999995	0.04545867768595041	0.0400048	0.0526398891966759	0.25	0.06251562890625	0.07143367346938775	0.04762358276643991	0.043482041587901706	0.05883737370242214	0.07692899408284024	0.09092561983471074	0.14287755102040817	0.16666666666666666	0.04545867768595041	0.05	0.058833910034602074	0.06667555555555557	0.04166840277777777	0.08334722222222221	1.0	0.07693491124260354	0.07694082840236686	0.03707272704116187	1.0	0.058823529411764705	0.125	0.0526398891966759
te	1.0	1.0	1.0	1.0	1.0	1.0	1.0	1.0	1.0	1.0	1.0	1.0	1.0	1.0	1.0	1.0	1.0	1.0	1.0	1.0	1.0	1.0	1.0	1.0	1.0	1.0	1.0	1.0	1.0	1.0	1.0	1.0	1.0	1.0	1.0
vi	0.125	0.09096697520661155	0.2	0.11112345679012345	0.06251562499999999	0.058823529411764705	0.07145408673469388	0.05555864197530863	0.05883737370242214	0.055561728395061724	0.06250390624999999	0.25	0.06254300392579298	0.07145408163265306	0.06251171875	0.06250390624999999	0.06251953906249999	0.08334722222222221	0.09091735537190083	0.14289795918367346	0.16666666666666666	0.0625	0.05555864197530863	0.06253126172265625	0.06669333777777778	0.05882698961937716	0.08336113195834029	1.0	0.07693491124260354	0.07694082840236686	0.058823529411764705	1.0	0.055645197722497305	0.125	0.06671113333777777
war	0.14285714285714285	0.125	0.2	0.14285714285714285	0.125	0.125	0.125	0.125	0.125	0.125	0.125	0.3333333333333333	0.125	0.125	0.125	0.125	0.125	0.125	0.125	0.16666666666666666	0.16666666666666666	0.125	0.125	0.125	0.125	0.125	0.125	1.0	0.125	0.125	0.125	1.0	0.125	0.125	0.125
zh	0.125	0.09106637228986876	0.2	0.11117288893832103	0.06253518362112503	0.0500075	0.06671556000000001	0.050027515007499995	0.05557099074074074	0.050030017504999996	0.058837370242214526	0.25006249999999997	0.07153585222986263	0.07147452042348472	0.05005006005252251	0.0500200125025	0.06257821100788288	0.07695266863905326	0.09093388429752067	0.1429592245102245	0.16666666666666666	0.0500075	0.06252736329688281	0.06255080078125	0.0715358931177506	0.052650969529085864	0.08345156974359819	1.0	0.07694082840236686	0.07697639650302374	0.0526398891966759	1.0	0.06671113333777777	0.125	0.04791333947659135
