arz	bs	ceb	ckb	da	de	el	en	es	fr	he	hi	hu	id	it	ja	ko	lv	mk	ml	mr	nl	pl	pt	ro	ru	sh	si	simple	sr	sv	te	vi	war	zh
arz	1.0	0.5113636363636364	0.6666666666666666	0.5333333333333333	0.5108713988943033	0.5059588299024919	0.5146948011432982	0.5048309178743962	0.5044483985765125	0.506462099995542	0.5147058823529412	0.525	0.5077519379844961	0.5165289256198348	0.504863813229572	0.507908611599297	0.5098570166777158	0.5182481751824817	0.5333333333333333	0.5348837209302326	0.5384615384615384	0.5040951316036327	0.5064377682403434	0.5084581908674649	0.5088635598455564	0.5074066319213607	0.5333333333333333	0.7017543859649122	0.5242718446601942	0.5098039215686274	0.5094503808979007	0.5	0.5115606936416185	0.7289719626168224	0.5089033143387501
bs	0.5113636363636364	1.0	0.5	0.5166732974592932	0.5873798263726991	0.5386298435125708	0.5761902198071328	0.5212561510063793	0.5284756401322689	0.5330232958450141	0.6049636008657091	0.5102040816326531	0.5618964048358761	0.6301569330009883	0.5345528174818652	0.5543410656175904	0.5534396221770883	0.664283329376621	0.5487982195845698	0.513448731909974	0.5240482741473197	0.5308181281616571	0.5469149892516082	0.5317405127117817	0.550698612751356	0.5502402856666214	0.528092560958331	0.528	0.5519197885900824	0.6422672845462861	0.5677101781263139	0.5	0.5430758204757204	0.546218487394958	0.548238157363217
ceb	0.6666666666666666	0.5	1.0	0.6666666666666666	0.501577287066246	0.5010162601626017	0.671875	0.5006802721088436	0.500965250965251	0.5009487666034156	0.6706231454005934	0.6724890829694323	0.5029940119760479	0.501358695652174	0.5009784735812133	0.6695652173913044	0.6696935300794551	0.5029940119760479	0.6707692307692308	0.6666666666666666	0.6832298136645962	0.5015673981191223	0.5013020833333334	0.5011961722488038	0.5029761904761905	0.6680919294494923	0.5020661157024793	0.6666666666666666	0.5053763440860215	0.5007923930269413	0.5018587360594796	0.6666666666666666	0.6711864406779662	0.6666666666666666	0.6697459584295612
ckb	0.5333333333333333	0.5166732974592932	0.6666666666666666	1.0	0.5082508250825083	0.5033185840707964	0.5076530612244897	0.5018270401948843	0.5027173913043478	0.5032946543383131	0.5099601593625498	0.5625	0.5050846632272935	0.5113122171945702	0.5029761904761905	0.5045537340619308	0.5050505050505051	0.5222668869991459	0.5384615384615384	0.6111111111111112	0.5985037406483791	0.5027856804121124	0.504424778761062	0.5034168564920273	0.5049738465098308	0.5045592705167173	0.5421686746987951	0.72	0.5133689839572192	0.5140689685068384	0.5066056800258998	0.5	0.5076923076923077	0.787878787878788	0.5045317220543807
da	0.5108713988943033	0.5873798263726991	0.501577287066246	0.5082508250825083	1.0	0.5560840079107716	0.586621916702793	0.5417694450803151	0.5482724859117806	0.5556614390159184	0.5944501355608992	0.5050167224080268	0.5800830300552459	0.5953717454391868	0.5578885640995677	0.5673966294806206	0.5692947626160515	0.5843310446428981	0.5255362276285691	0.5066225165562913	0.5132921256107752	0.5551003570636968	0.563431871352977	0.5472892642879803	0.5542568771688648	0.5648283110425345	0.5111435675024807	0.5194029850746269	0.5644676288854129	0.5814418423384214	0.5995128352281865	0.5	0.5578295266907478	0.5242424242424242	0.5692516749276002
de	0.5059588299024919	0.5386298435125708	0.5010162601626017	0.5033185840707964	0.5560840079107716	1.0	0.5780683859476541	0.6076855427250755	0.6145269423379701	0.6269013895428108	0.5584182346577857	0.5016648168701443	0.6006220987011646	0.5485916852431297	0.6224392708249946	0.6059667004988446	0.5804620427133422	0.5281182625344472	0.5109291231823666	0.5027888029775626	0.5050115206918261	0.6152174484726053	0.6101179679588352	0.5959603933975233	0.5980212832194448	0.6152771639467827	0.5071399709588141	0.5064805583250249	0.5413511980400069	0.5405679504335241	0.5710337882896506	0.5	0.5450649889402015	0.5075075075075075	0.6093025606623813
el	0.5146948011432982	0.5761902198071328	0.671875	0.5076530612244897	0.586621916702793	0.5780683859476541	1.0	0.5529339441651296	0.566334349037246	0.577850910392962	0.6078561395634122	0.5038560411311054	0.5921341955297911	0.5883627035240845	0.5771779170826201	0.5987336440824936	0.588856781960248	0.5676535263848809	0.5249502595334744	0.5064528599647303	0.5116321677977349	0.5661418931424228	0.5906810480525422	0.5689310258116282	0.5899424174916758	0.5961424978521124	0.5111710343210468	0.6964618249534451	0.5641039485791549	0.5714559713579406	0.5834576424654071	0.5	0.552244944803731	0.6992481203007519	0.5893347550450974
en	0.5048309178743962	0.5212561510063793	0.5006802721088436	0.5018270401948843	0.5417694450803151	0.6076855427250755	0.5529339441651296	1.0	0.6180637851956589	0.611450983280448	0.53533634648225	0.50091519219036	0.5668765308516431	0.5314992465013427	0.6188647187119833	0.5721843768048168	0.5575709442707617	0.5159841236860513	0.5063890273502731	0.5015234613040829	0.5027815026611466	0.608693112015513	0.585500869836163	0.5839527476635513	0.5670505070076431	0.5835634865957556	0.5039469230539841	0.5057239057239057	0.5258318135164568	0.5256648051756423	0.5605450687092033	0.5	0.5448395332911539	0.5053908355795148	0.5848450503218063
es	0.5044483985765125	0.5284756401322689	0.500965250965251	0.5027173913043478	0.5482724859117806	0.6145269423379701	0.566334349037246	0.6180637851956589	1.0	0.6167998378977789	0.549939069781407	0.5013623978201636	0.5851053212902068	0.5395022383927162	0.6284746175384491	0.5907854275409197	0.5708490544319508	0.5229346561688079	0.5093666369313113	0.5022665457842249	0.5036036036036037	0.6013080250588119	0.6007109552857914	0.602305358712463	0.5816367580152403	0.6063260589422423	0.5053859964093357	0.506641366223909	0.5338345864661654	0.532366702964119	0.559252192383032	0.5	0.5377030216179439	0.5076190476190476	0.5978552554633861
fr	0.506462099995542	0.5330232958450141	0.5009487666034156	0.5032946543383131	0.5556614390159184	0.6269013895428108	0.577850910392962	0.611450983280448	0.6167998378977789	1.0	0.5604460189480589	0.5016501650165016	0.6049999373945535	0.5469629453419368	0.6325737212687008	0.6062105321518707	0.5829331243418575	0.5282080287277439	0.5102838225836903	0.5027545754445394	0.5044040708002927	0.6085628919460222	0.609669166006096	0.604740639495704	0.6119697994177067	0.6141534593308177	0.5048700762973499	0.5074766355140187	0.5377359079956415	0.5357575892408054	0.5664555693780544	0.5	0.5427281731007141	0.5074906367041199	0.5972190024614819
he	0.5147058823529412	0.6049636008657091	0.6706231454005934	0.5099601593625498	0.5944501355608992	0.5584182346577857	0.6078561395634122	0.53533634648225	0.549939069781407	0.5604460189480589	1.0	0.5060728744939271	0.5777233804556244	0.6071990674682828	0.5544903862461936	0.5848115795110346	0.5808977372269871	0.6104132606754322	0.5348795071570936	0.508089777254555	0.5166250794787264	0.5488089599832419	0.5741032085609312	0.5559021695509487	0.5741794208001104	0.5812961350771684	0.515243422502545	0.6915351506456241	0.576760920910315	0.6012402745412639	0.5793813595060896	0.5	0.5471794598723495	0.6956521739130435	0.5751194624170702
hi	0.525	0.5102040816326531	0.6724890829694323	0.5625	0.5050167224080268	0.5016648168701443	0.5038560411311054	0.50091519219036	0.5013623978201636	0.5016501650165016	0.5060728744939271	1.0	0.5030549898167006	0.5070108383007408	0.5014925373134328	0.5018315018315018	0.5025380710659899	0.5137614678899083	0.5319148936170213	0.5714285714285714	0.5416666666666666	0.5013927576601671	0.5022222222222222	0.5017142857142858	0.502495840266223	0.5022900763358779	0.5151515151515151	0.7131782945736435	0.5081967213114754	0.5085714285714286	0.5032967032967033	0.5	0.5046728971962617	0.7193675889328064	0.5022761760242792
hu	0.5077519379844961	0.5618964048358761	0.5029940119760479	0.5050846632272935	0.5800830300552459	0.6006220987011646	0.5921341955297911	0.5668765308516431	0.5851053212902068	0.6049999373945535	0.5777233804556244	0.5030549898167006	1.0	0.5749507231951166	0.5989122303350335	0.6026847581470615	0.5752422814454037	0.5541073452467823	0.5197458956556855	0.5050709939148074	0.5092246833335553	0.5861732202147067	0.601329188937391	0.5917068899215812	0.6103118110048416	0.599282828672299	0.506910559927836	0.5154929577464789	0.5505679519469926	0.559302780010813	0.5794098586867134	0.5	0.5591630029809769	0.5170454545454546	0.5834652128659373
id	0.5165289256198348	0.6301569330009883	0.501358695652174	0.5113122171945702	0.5953717454391868	0.5485916852431297	0.5883627035240845	0.5314992465013427	0.5395022383927162	0.5469629453419368	0.6071990674682828	0.5070108383007408	0.5749507231951166	1.0	0.5449392570975335	0.5767332294422498	0.5759901019684313	0.6285653156698641	0.5342214769746709	0.5091900387351613	0.5186041067986792	0.5408413119223293	0.5585574084521969	0.5453054650002833	0.5608850322228055	0.5665763407903666	0.5173994327916706	0.5092838196286472	0.5650610184591603	0.6082754238343531	0.570535267219307	0.5	0.5626929055385737	0.5106666666666667	0.567664459937977
it	0.504863813229572	0.5345528174818652	0.5009784735812133	0.5029761904761905	0.5578885640995677	0.6224392708249946	0.5771779170826201	0.6188647187119833	0.6284746175384491	0.6325737212687008	0.5544903862461936	0.5014925373134328	0.5989122303350335	0.5449392570975335	1.0	0.6019877886421889	0.5771399681095165	0.5261654559212228	0.5103614002827618	0.5024826216484608	0.5039611667074199	0.6086023468265643	0.614893191735696	0.6020928536865361	0.5918514890792068	0.6122400743837081	0.5064079451964995	0.5057581573896353	0.5378734240102025	0.5361253100304944	0.5682590597614728	0.5	0.54614592925627	0.5067437379576109	0.6032785207446253
ja	0.507908611599297	0.5543410656175904	0.6695652173913044	0.5045537340619308	0.5673966294806206	0.6059667004988446	0.5987336440824936	0.5721843768048168	0.5907854275409197	0.6062105321518707	0.5848115795110346	0.5018315018315018	0.6026847581470615	0.5767332294422498	0.6019877886421889	1.0	0.5998521724229428	0.5457269129582567	0.514160723903491	0.5036496350364964	0.506469402921126	0.5841123067826828	0.601579149811065	0.5897648812798476	0.5978779069987926	0.6181109773267324	0.5080627072821193	0.6850477200424179	0.55487245245557	0.5528970789172422	0.5810047443665359	0.5	0.5604178919194188	0.688034188034188	0.6107785445800703
ko	0.5098570166777158	0.5534396221770883	0.6696935300794551	0.5050505050505051	0.5692947626160515	0.5804620427133422	0.588856781960248	0.5575709442707617	0.5708490544319508	0.5829331243418575	0.5808977372269871	0.5025380710659899	0.5752422814454037	0.5759901019684313	0.5771399681095165	0.5998521724229428	1.0	0.5446942373122043	0.5157135148822662	0.5042158516020236	0.5075911720614689	0.5635820832103152	0.5811492857314358	0.5728478245409176	0.5747984655773866	0.5893555018362718	0.5074135090609555	0.6873614190687362	0.5551634003805223	0.5510703927248257	0.5709508911257262	0.5	0.5459011758779323	0.6905027932960894	0.590220856993688
lv	0.5182481751824817	0.664283329376621	0.5029940119760479	0.5222668869991459	0.5843310446428981	0.5281182625344472	0.5676535263848809	0.5159841236860513	0.5229346561688079	0.5282080287277439	0.6104132606754322	0.5137614678899083	0.5541073452467823	0.6285653156698641	0.5261654559212228	0.5457269129582567	0.5446942373122043	1.0	0.5551685343029147	0.5179975872291478	0.5382859379076441	0.5242271898018077	0.5384334306414771	0.5290768991153574	0.5433166759738485	0.5408045631700704	0.5324822390200155	0.5294117647058824	0.5578218643450756	0.6523655877955937	0.5545555073417225	0.5	0.5377253925793828	0.5384615384615384	0.5398033324145156
mk	0.5333333333333333	0.5487982195845698	0.6707692307692308	0.5384615384615384	0.5255362276285691	0.5109291231823666	0.5249502595334744	0.5063890273502731	0.5093666369313113	0.5102838225836903	0.5348795071570936	0.5319148936170213	0.5197458956556855	0.5342214769746709	0.5103614002827618	0.514160723903491	0.5157135148822662	0.5551685343029147	1.0	0.54	0.5583250249252243	0.5096201470340986	0.515314690736347	0.5124243819808509	0.5171775697121223	0.5140977303086341	0.5373134328358209	0.6888888888888889	0.5308056872037915	0.5440465766820937	0.519000072025545	0.5	0.516036050187516	0.7089337175792507	0.5165499744857941
ml	0.5348837209302326	0.513448731909974	0.6666666666666666	0.6111111111111112	0.5066225165562913	0.5027888029775626	0.5064528599647303	0.5015234613040829	0.5022665457842249	0.5027545754445394	0.508089777254555	0.5714285714285714	0.5050709939148074	0.5091900387351613	0.5024826216484608	0.5036496350364964	0.5042158516020236	0.5179975872291478	0.54	1.0	0.6176470588235294	0.5023169601482854	0.5036927621861153	0.5028506271379704	0.5041528728972303	0.5038051750380518	0.5277777777777778	0.7042253521126761	0.5135135135135135	0.5112359550561798	0.5043668122270742	0.5	0.5061728395061729	0.7184466019417476	0.5038213719061828
mr	0.5384615384615384	0.5240482741473197	0.6832298136645962	0.5985037406483791	0.5132921256107752	0.5050115206918261	0.5116321677977349	0.5027815026611466	0.5036036036036037	0.5044040708002927	0.5166250794787264	0.5416666666666666	0.5092246833335553	0.5186041067986792	0.5039611667074199	0.506469402921126	0.5075911720614689	0.5382859379076441	0.5583250249252243	0.6176470588235294	1.0	0.504202990265138	0.506674481905533	0.5051547905068664	0.5075786333310014	0.506119186176575	0.5371024734982331	0.7	0.5235602094240838	0.5232927474854421	0.5076368665041668	0.5	0.5105740181268882	0.7150259067357513	0.5069040719385774
nl	0.5040951316036327	0.5308181281616571	0.5015673981191223	0.5027856804121124	0.5551003570636968	0.6152174484726053	0.5661418931424228	0.608693112015513	0.6013080250588119	0.6085628919460222	0.5488089599832419	0.5013927576601671	0.5861732202147067	0.5408413119223293	0.6086023468265643	0.5841123067826828	0.5635820832103152	0.5242271898018077	0.5096201470340986	0.5023169601482854	0.504202990265138	1.0	0.5969534912859966	0.609495096904397	0.5824534385529322	0.5975234145739805	0.5045946655741252	0.510670731707317	0.5318683467026415	0.5324136736047296	0.5786067169177516	0.5	0.5520812363220171	0.5122699386503067	0.594965722946536
pl	0.5064377682403434	0.5469149892516082	0.5013020833333334	0.504424778761062	0.563431871352977	0.6101179679588352	0.5906810480525422	0.585500869836163	0.6007109552857914	0.609669166006096	0.5741032085609312	0.5022222222222222	0.601329188937391	0.5585574084521969	0.614893191735696	0.601579149811065	0.5811492857314358	0.5384334306414771	0.515314690736347	0.5036927621861153	0.506674481905533	0.5969534912859966	1.0	0.5917897076130684	0.594339509810687	0.6173807282869828	0.5087499384977417	0.5082592121982211	0.5478914730367491	0.5528923845053332	0.5746309236445236	0.5	0.5456173155210171	0.510230179028133	0.5990092850767872
pt	0.5084581908674649	0.5317405127117817	0.5011961722488038	0.5034168564920273	0.5472892642879803	0.5959603933975233	0.5689310258116282	0.5839527476635513	0.602305358712463	0.604740639495704	0.5559021695509487	0.5017142857142858	0.5917068899215812	0.5453054650002833	0.6020928536865361	0.5897648812798476	0.5728478245409176	0.5290768991153574	0.5124243819808509	0.5028506271379704	0.5051547905068664	0.609495096904397	0.5917897076130684	1.0	0.5907368062555208	0.5889291482519965	0.5050505050505051	0.5081967213114754	0.5378984590426812	0.5340961343431089	0.5595877009111233	0.5	0.5376944537637066	0.5094117647058823	0.5837237484681519
ro	0.5088635598455564	0.550698612751356	0.5029761904761905	0.5049738465098308	0.5542568771688648	0.5980212832194448	0.5899424174916758	0.5670505070076431	0.5816367580152403	0.6119697994177067	0.5741794208001104	0.502495840266223	0.6103118110048416	0.5608850322228055	0.5918514890792068	0.5978779069987926	0.5747984655773866	0.5433166759738485	0.5171775697121223	0.5041528728972303	0.5075786333310014	0.5824534385529322	0.594339509810687	0.5907368062555208	1.0	0.6059339731839797	0.50648648729775	0.5168539325842697	0.5442010476462621	0.5468420224781037	0.5650106455334659	0.5	0.5448942649172958	0.5213675213675213	0.5943289093269368
ru	0.5074066319213607	0.5502402856666214	0.6680919294494923	0.5045592705167173	0.5648283110425345	0.6152771639467827	0.5961424978521124	0.5835634865957556	0.6063260589422423	0.6141534593308177	0.5812961350771684	0.5022900763358779	0.599282828672299	0.5665763407903666	0.6122400743837081	0.6181109773267324	0.5893555018362718	0.5408045631700704	0.5140977303086341	0.5038051750380518	0.506119186176575	0.5975234145739805	0.6173807282869828	0.5889291482519965	0.6059339731839797	1.0	0.5074626865671642	0.6786850477200425	0.5504887099259167	0.5476850071408663	0.5772377547874149	0.5	0.5537270684929575	0.6779840848806366	0.6135686705400846
sh	0.5333333333333333	0.528092560958331	0.5020661157024793	0.5421686746987951	0.5111435675024807	0.5071399709588141	0.5111710343210468	0.5039469230539841	0.5053859964093357	0.5048700762973499	0.515243422502545	0.5151515151515151	0.506910559927836	0.5173994327916706	0.5064079451964995	0.5080627072821193	0.5074135090609555	0.5324822390200155	0.5373134328358209	0.5277777777777778	0.5371024734982331	0.5045946655741252	0.5087499384977417	0.5050505050505051	0.50648648729775	0.5074626865671642	1.0	0.5139442231075697	0.5123152709359606	0.5324608146609411	0.5085302675725702	0.5	0.5058479532163742	0.5150300601202404	0.5074183976261127
si	0.7017543859649122	0.528	0.6666666666666666	0.72	0.5194029850746269	0.5064805583250249	0.6964618249534451	0.5057239057239057	0.506641366223909	0.5074766355140187	0.6915351506456241	0.7131782945736435	0.5154929577464789	0.5092838196286472	0.5057581573896353	0.6850477200424179	0.6873614190687362	0.5294117647058824	0.6888888888888889	0.7042253521126761	0.7	0.510670731707317	0.5082592121982211	0.5081967213114754	0.5168539325842697	0.6786850477200425	0.5139442231075697	1.0	0.529126213592233	0.5100154083204931	0.512589928057554	0.6947368421052631	0.6972176759410802	0.7586206896551725	0.6877113866967305
simple	0.5242718446601942	0.5519197885900824	0.5053763440860215	0.5133689839572192	0.5644676288854129	0.5413511980400069	0.5641039485791549	0.5258318135164568	0.5338345864661654	0.5377359079956415	0.576760920910315	0.5081967213114754	0.5505679519469926	0.5650610184591603	0.5378734240102025	0.55487245245557	0.5551634003805223	0.5578218643450756	0.5308056872037915	0.5135135135135135	0.5235602094240838	0.5318683467026415	0.5478914730367491	0.5378984590426812	0.5442010476462621	0.5504887099259167	0.5123152709359606	0.529126213592233	1.0	0.5539194374610136	0.5549081516996649	0.5	0.5403303224193282	0.5320197044334976	0.5501846820721024
sr	0.5098039215686274	0.6422672845462861	0.5007923930269413	0.5140689685068384	0.5814418423384214	0.5405679504335241	0.5714559713579406	0.5256648051756423	0.532366702964119	0.5357575892408054	0.6012402745412639	0.5085714285714286	0.559302780010813	0.6082754238343531	0.5361253100304944	0.5528970789172422	0.5510703927248257	0.6523655877955937	0.5440465766820937	0.5112359550561798	0.5232927474854421	0.5324136736047296	0.5528923845053332	0.5340961343431089	0.5468420224781037	0.5476850071408663	0.5324608146609411	0.5100154083204931	0.5539194374610136	1.0	0.5588607212477815	0.5	0.5374917828094429	0.5108359133126935	0.5488308115543329
sv	0.5094503808979007	0.5677101781263139	0.5018587360594796	0.5066056800258998	0.5995128352281865	0.5710337882896506	0.5834576424654071	0.5605450687092033	0.559252192383032	0.5664555693780544	0.5793813595060896	0.5032967032967033	0.5794098586867134	0.570535267219307	0.5682590597614728	0.5810047443665359	0.5709508911257262	0.5545555073417225	0.519000072025545	0.5043668122270742	0.5076368665041668	0.5786067169177516	0.5746309236445236	0.5595877009111233	0.5650106455334659	0.5772377547874149	0.5085302675725702	0.512589928057554	0.5549081516996649	0.5588607212477815	1.0	0.5	0.5753350822966307	0.5144927536231884	0.5757007472232645
te	0.5	0.5	0.6666666666666666	0.5	0.5	0.5	0.5	0.5	0.5	0.5	0.5	0.5	0.5	0.5	0.5	0.5	0.5	0.5	0.5	0.5	0.5	0.5	0.5	0.5	0.5	0.5	0.5	0.6947368421052631	0.5	0.5	0.5	1.0	0.5	0.6956521739130435	0.5
vi	0.5115606936416185	0.5430758204757204	0.6711864406779662	0.5076923076923077	0.5578295266907478	0.5450649889402015	0.552244944803731	0.5448395332911539	0.5377030216179439	0.5427281731007141	0.5471794598723495	0.5046728971962617	0.5591630029809769	0.5626929055385737	0.54614592925627	0.5604178919194188	0.5459011758779323	0.5377253925793828	0.516036050187516	0.5061728395061729	0.5105740181268882	0.5520812363220171	0.5456173155210171	0.5376944537637066	0.5448942649172958	0.5537270684929575	0.5058479532163742	0.6972176759410802	0.5403303224193282	0.5374917828094429	0.5753350822966307	0.5	1.0	0.7019867549668874	0.5575574840117491
war	0.7289719626168224	0.546218487394958	0.6666666666666666	0.787878787878788	0.5242424242424242	0.5075075075075075	0.6992481203007519	0.5053908355795148	0.5076190476190476	0.5074906367041199	0.6956521739130435	0.7193675889328064	0.5170454545454546	0.5106666666666667	0.5067437379576109	0.688034188034188	0.6905027932960894	0.5384615384615384	0.7089337175792507	0.7184466019417476	0.7150259067357513	0.5122699386503067	0.510230179028133	0.5094117647058823	0.5213675213675213	0.6779840848806366	0.5150300601202404	0.7586206896551725	0.5320197044334976	0.5108359133126935	0.5144927536231884	0.6956521739130435	0.7019867549668874	1.0	0.6909090909090909
zh	0.5089033143387501	0.548238157363217	0.6697459584295612	0.5045317220543807	0.5692516749276002	0.6093025606623813	0.5893347550450974	0.5848450503218063	0.5978552554633861	0.5972190024614819	0.5751194624170702	0.5022761760242792	0.5834652128659373	0.567664459937977	0.6032785207446253	0.6107785445800703	0.590220856993688	0.5398033324145156	0.5165499744857941	0.5038213719061828	0.5069040719385774	0.594965722946536	0.5990092850767872	0.5837237484681519	0.5943289093269368	0.6135686705400846	0.5074183976261127	0.6877113866967305	0.5501846820721024	0.5488308115543329	0.5757007472232645	0.5	0.5575574840117491	0.6909090909090909	1.0
