arz	bs	ceb	ckb	da	de	el	en	es	fr	he	hi	hu	id	it	ja	ko	lv	mk	ml	mr	nl	pl	pt	ro	ru	sh	si	simple	sr	sv	te	vi	war	zh
arz	1.0	1.0	1.0	0.39564392373896007	0.0	1.0	1.0	0.585786437626905	1.0	1.0	1.0	0.0	1.0	1.0	1.0	1.0	1.0	1.0	1.0	0.1827439976315568	0.1985180292573379	1.0	1.0	1.0	0.0	1.0	0.585786437626905	0.38742588672279304	1.0	1.0	1.0	0.28172904669025317	1.0	0.5	1.0
bs	1.0	1.0	0.5	0.1089725641757413	1.0	0.03332660918032921	0.0508782654356704	0.03470311565790115	0.03185536656261034	0.04897771660384398	0.0960237967689742	0.0	0.09132524868434898	1.0	0.0977814477810742	0.16343625225507505	0.04309078096214349	0.06271817622626655	0.03144076329272018	0.026959683899064744	0.03607828447311572	0.10628859136517627	0.03497873809876847	0.05674313627017765	0.5	0.03282795816068336	0.16532187185152297	0.08377272682478738	1.0	0.042295467870726265	0.10070203872693176	0.07398775265695784	0.08004177277311736	0.17331935664757372	0.043114691045483176
ceb	1.0	0.5	1.0	0.585786437626905	0.38742588672279304	0.38742588672279304	0.38742588672279304	0.3660254037844386	0.38742588672279304	0.38742588672279304	0.38742588672279304	0.33300151973035974	0.3660254037844386	0.38742588672279304	0.38742588672279304	0.38742588672279304	0.38742588672279304	0.5	0.38742588672279304	0.4142135623730951	0.4142135623730951	0.4142135623730951	0.3660254037844386	0.3660254037844386	0.38742588672279304	0.3660254037844386	0.4142135623730951	0.4142135623730951	0.38742588672279304	0.38742588672279304	0.38742588672279304	0.5	0.38742588672279304	0.4142135623730951	0.3660254037844386
ckb	0.39564392373896007	0.1089725641757413	0.585786437626905	1.0	0.15604697037861892	0.1060878539025194	0.06825526536211925	0.02638902889211954	0.12769271191181897	0.07869821198197338	0.10599892499835699	0.12408067293206396	0.0850013063835081	0.12157497422147778	0.04634085266868749	0.05720066657672963	0.08831313539994408	0.13787399685945914	0.06788150446935774	0.13507810593582123	0.10020901096432007	0.1184396622494735	0.12230396133076557	0.03912224420419913	0.13594160997026095	0.022254829596043513	0.0934234463542729	0.10991887363511849	0.10389023789017887	0.11350416126511091	0.05437317638574849	0.1380262631157473	0.09597078903139546	0.5	0.017024727411287053
da	0.0	1.0	0.38742588672279304	0.15604697037861892	1.0	1.0	1.0	0.585786437626905	1.0	1.0	1.0	0.0	1.0	0.0	1.0	1.0	1.0	1.0	1.0	0.012549587033026756	0.02085746774587087	1.0	0.44948974278317805	1.0	1.0	1.0	0.585786437626905	0.0323484223465987	1.0	1.0	1.0	0.0825359656948209	0.0	0.23441237831492112	1.0
de	1.0	0.03332660918032921	0.38742588672279304	0.1060878539025194	1.0	1.0	0.0848340152129639	0.021275959878111303	0.012144503627579153	0.02471949602546688	0.01813948196790136	1.0	0.23166247903554	0.22696955407408306	0.026191310813476483	0.3430703308172536	0.19292728076790167	0.32449979983983984	0.11133225553256486	0.00645278642525103	0.014665111826690823	0.1030472720262628	0.01606284955820314	0.10134716812217842	0.39564392373896	0.01540576076209632	0.0328175125650672	0.017249965818005107	0.39564392373896007	0.030320582175172306	0.21393876913398135	0.044377906598434526	0.4142135623730951	0.3244997998398398	0.08100706531490542
el	1.0	0.0508782654356704	0.38742588672279304	0.06825526536211925	1.0	0.0848340152129639	1.0	0.032392840647385186	0.585786437626905	0.07440556295690881	1.0	0.0	1.0	0.585786437626905	0.052875122682417765	1.0	1.0	1.0	1.0	0.01347049338234556	0.020785927268053433	0.3164309725825328	0.09711852443828727	1.0	1.0	1.0	0.04909627517072252	0.028604473303609924	1.0	1.0	0.585786437626905	0.03102791930335994	1.0	0.14700913454621642	1.0
en	0.585786437626905	0.03470311565790115	0.3660254037844386	0.02638902889211954	0.585786437626905	0.021275959878111303	0.032392840647385186	1.0	0.0066200570743455535	0.03919262781560169	0.01663942700296381	1.0	0.12832270161985748	0.1449894239323116	0.04063027219093129	0.29429805508554946	0.10369418222795229	0.25	0.054004356367353505	0.0100458324728352	0.014954629873805865	0.03766896464533496	0.020783716362162148	0.02768880300865255	0.3660254037844386	0.00618338143708854	0.0357061915209769	0.018009675528533522	0.5	0.014960940675017558	0.11887620876370167	0.015528649877554545	0.2402530733520421	0.13473904999503236	0.062212685979931306
es	1.0	0.03185536656261034	0.38742588672279304	0.12769271191181897	1.0	0.012144503627579153	0.585786437626905	0.0066200570743455535	1.0	0.013031522919244526	0.38742588672279304	1.0	1.0	0.19292728076790167	0.01858345188089243	1.0	1.0	1.0	1.0	0.005986059450589009	0.014683888225058974	0.020407738329493635	0.012357273602629285	0.5	0.4364916731037085	0.3660254037844386	0.03233639576846284	0.017177954368039653	1.0	0.585786437626905	0.44948974278317805	0.05279392906667241	1.0	0.3126480851423008	1.0
fr	1.0	0.04897771660384398	0.38742588672279304	0.07869821198197338	1.0	0.02471949602546688	0.07440556295690881	0.03919262781560169	0.013031522919244526	1.0	0.023283764771358333	1.0	0.1886378647726465	0.3266316347104093	0.07291430986902352	0.32449979983983984	0.08437916237349338	0.16352330136718948	0.03645935979426949	0.00734956984340371	0.015091162871899504	0.059498978820788015	0.019705663366075123	0.045932154676248	0.5	0.015322586970369914	0.05010493585438545	0.017643182992843707	0.44948974278317805	0.03304459176283295	0.1987625491245426	0.04507273960563544	0.2449655295864104	0.2372732414640341	0.05547403950042581
he	1.0	0.0960237967689742	0.38742588672279304	0.10599892499835699	1.0	0.01813948196790136	1.0	0.01663942700296381	0.38742588672279304	0.023283764771358333	1.0	1.0	1.0	0.3266316347104093	0.03911408629556264	1.0	1.0	1.0	1.0	0.00794203120395066	0.015661533857007488	0.21239994067041815	0.03523495073676303	1.0	1.0	1.0	0.07243097223843986	0.01926910670496955	1.0	1.0	1.0	0.05361886982370655	1.0	0.3244997998398398	1.0
hi	0.0	0.0	0.33300151973035974	0.12408067293206396	0.0	1.0	0.0	1.0	1.0	1.0	1.0	1.0	0.0	0.0	0.0	0.0	0.0	0.0	0.0	0.01188739162741276	0.017513315100558244	0.0	1.0	1.0	0.0	1.0	0.0	0.02551577607524231	0.0	1.0	0.0	0.04932781738794148	0.0	0.18432139995249783	1.0
hu	1.0	0.09132524868434898	0.3660254037844386	0.0850013063835081	1.0	0.23166247903554	1.0	0.12832270161985748	1.0	0.1886378647726465	1.0	0.0	1.0	1.0	0.13254305909220607	1.0	1.0	1.0	1.0	0.01855994556266183	0.019686217523855055	0.36602540378443865	0.2791745113185196	1.0	1.0	1.0	0.09519833902524814	0.03525653821897417	1.0	1.0	0.585786437626905	0.057428610983554174	1.0	0.22901628833426058	1.0
id	1.0	1.0	0.38742588672279304	0.12157497422147778	0.0	0.22696955407408306	0.585786437626905	0.1449894239323116	0.19292728076790167	0.3266316347104093	0.3266316347104093	0.0	1.0	1.0	0.27755172536235034	1.0	1.0	0.0	0.4364916731037085	0.00819061326014581	0.016525634527632407	0.3266316347104093	0.19292728076790167	0.1886378647726465	0.0	0.3266316347104093	0.585786437626905	0.020984342180590185	1.0	0.585786437626905	0.4364916731037085	0.052410410956198195	0.585786437626905	0.26968623182294527	0.585786437626905
it	1.0	0.0977814477810742	0.38742588672279304	0.04634085266868749	1.0	0.026191310813476483	0.052875122682417765	0.04063027219093129	0.01858345188089243	0.07291430986902352	0.03911408629556264	0.0	0.13254305909220607	0.27755172536235034	1.0	0.20100820154529447	0.042760952572904035	0.11519216806670013	0.03403667455978112	0.00971398963747862	0.016753531341029308	0.049600926606670044	0.022903355147585645	0.04117008238791175	0.5	0.0208564586369596	0.10154949276033497	0.019130537252224408	0.3266316347104093	0.03749733693511535	0.10427679672543122	0.02655824240147089	0.14525802670542484	0.12072367112255612	0.03725759084353167
ja	1.0	0.16343625225507505	0.38742588672279304	0.05720066657672963	1.0	0.3430703308172536	1.0	0.29429805508554946	1.0	0.32449979983983984	1.0	0.0	1.0	1.0	0.20100820154529447	1.0	1.0	1.0	1.0	0.01221907867672849	0.015504599664769803	0.39564392373896007	0.4364916731037085	1.0	1.0	1.0	0.1827439976315568	0.018082453731085114	1.0	1.0	1.0	0.0181420440561217	1.0	0.1852891992413258	1.0
ko	1.0	0.04309078096214349	0.38742588672279304	0.08831313539994408	1.0	0.19292728076790167	1.0	0.10369418222795229	1.0	0.08437916237349338	1.0	0.0	1.0	1.0	0.042760952572904035	1.0	1.0	1.0	1.0	0.00979780842667517	0.01550742011754258	0.3164309725825328	0.14942992956379245	1.0	0.585786437626905	1.0	0.04484415079998807	0.019281479082369542	1.0	1.0	1.0	0.055410890434696235	1.0	0.2270957142781439	1.0
lv	1.0	0.06271817622626655	0.5	0.13787399685945914	1.0	0.32449979983983984	1.0	0.25	1.0	0.16352330136718948	1.0	0.0	1.0	0.0	0.11519216806670013	1.0	1.0	1.0	1.0	0.0176580440320791	0.024343809867988387	1.0	0.2742918851774318	1.0	1.0	1.0	0.0704363152832691	0.058684256860242444	0.0	1.0	1.0	0.07897209559038125	1.0	0.20168959288722538	1.0
mk	1.0	0.03144076329272018	0.38742588672279304	0.06788150446935774	1.0	0.11133225553256486	1.0	0.054004356367353505	1.0	0.03645935979426949	1.0	0.0	1.0	0.4364916731037085	0.03403667455978112	1.0	1.0	1.0	1.0	0.015615781637611181	0.02787779847095465	0.3333333333333333	0.08525887209015237	1.0	0.585786437626905	1.0	0.03323479873289823	0.05739339334392897	1.0	1.0	0.585786437626905	0.05982036537404231	1.0	0.14763410387308015	1.0
ml	0.1827439976315568	0.026959683899064744	0.4142135623730951	0.13507810593582123	0.012549587033026756	0.00645278642525103	0.01347049338234556	0.0100458324728352	0.005986059450589009	0.00734956984340371	0.00794203120395066	0.01188739162741276	0.01855994556266183	0.00819061326014581	0.00971398963747862	0.01221907867672849	0.00979780842667517	0.0176580440320791	0.015615781637611181	1.0	0.023930426661771517	0.006880895625972217	0.00669092066481762	0.010652876622127976	0.010986444009341675	0.013697861607738601	0.012380101466271224	0.04531230712349693	0.010422878198012606	0.009606581750685236	0.010941378545077011	0.054268651246302375	0.008935623980985907	0.16257382529589406	0.013043159520998973
mr	0.1985180292573379	0.03607828447311572	0.4142135623730951	0.10020901096432007	0.02085746774587087	0.014665111826690823	0.020785927268053433	0.014954629873805865	0.014683888225058974	0.015091162871899504	0.015661533857007488	0.017513315100558244	0.019686217523855055	0.016525634527632407	0.016753531341029308	0.015504599664769803	0.01550742011754258	0.024343809867988387	0.02787779847095465	0.023930426661771517	1.0	0.015741058090255885	0.01568578067707872	0.01599914855836225	0.019600191995366886	0.01586677404091563	0.02140036375922112	0.0668840834224528	0.016594526811576374	0.01809839009042371	0.015717472341812512	0.03022382761608446	0.015280715502515196	0.0722270279186898	0.022694800935080292
nl	1.0	0.10628859136517627	0.4142135623730951	0.1184396622494735	1.0	0.1030472720262628	0.3164309725825328	0.03766896464533496	0.020407738329493635	0.059498978820788015	0.21239994067041815	0.0	0.36602540378443865	0.3266316347104093	0.049600926606670044	0.39564392373896007	0.3164309725825328	1.0	0.3333333333333333	0.006880895625972217	0.015741058090255885	1.0	0.07297217845100891	0.14118784806383944	0.5	0.09252268769108596	0.12163884526454888	0.018540445763002837	0.585786437626905	0.2240092377397959	0.2928060946961875	0.05074823854267324	1.0	0.3244997998398398	0.36602540378443865
pl	1.0	0.03497873809876847	0.3660254037844386	0.12230396133076557	0.44948974278317805	0.01606284955820314	0.09711852443828727	0.020783716362162148	0.012357273602629285	0.019705663366075123	0.03523495073676303	1.0	0.2791745113185196	0.19292728076790167	0.022903355147585645	0.4364916731037085	0.14942992956379245	0.2742918851774318	0.08525887209015237	0.00669092066481762	0.01568578067707872	0.07297217845100891	1.0	0.07942669325356855	0.3797958971132712	0.0030355061253861918	0.036634914844766095	0.018055770557766783	0.44948974278317805	0.012749298572904456	0.25355482027512377	0.0456740053756175	0.38742588672279304	0.2766967754673749	0.09174737048053264
pt	1.0	0.05674313627017765	0.3660254037844386	0.03912224420419913	1.0	0.10134716812217842	1.0	0.02768880300865255	0.5	0.045932154676248	1.0	1.0	1.0	0.1886378647726465	0.04117008238791175	1.0	1.0	1.0	1.0	0.010652876622127976	0.01599914855836225	0.14118784806383944	0.07942669325356855	1.0	1.0	1.0	0.05499376525321505	0.017780513429349963	1.0	1.0	0.585786437626905	0.015230778412847968	1.0	0.1295233596502336	1.0
ro	0.0	0.5	0.38742588672279304	0.13594160997026095	1.0	0.39564392373896	1.0	0.3660254037844386	0.4364916731037085	0.5	1.0	0.0	1.0	0.0	0.5	1.0	0.585786437626905	1.0	0.585786437626905	0.010986444009341675	0.019600191995366886	0.5	0.3797958971132712	1.0	1.0	0.26427884169111276	0.585786437626905	0.028626614106621113	0.0	0.585786437626905	1.0	0.07341322230002911	1.0	0.26968623182294527	0.585786437626905
ru	1.0	0.03282795816068336	0.3660254037844386	0.022254829596043513	1.0	0.01540576076209632	1.0	0.00618338143708854	0.3660254037844386	0.015322586970369914	1.0	1.0	1.0	0.3266316347104093	0.0208564586369596	1.0	1.0	1.0	1.0	0.013697861607738601	0.01586677404091563	0.09252268769108596	0.0030355061253861918	1.0	0.26427884169111276	1.0	0.03241824073151126	0.018317124513157795	1.0	1.0	0.18933139574356017	0.016605631452700262	1.0	0.14878062644089537	1.0
sh	0.585786437626905	0.16532187185152297	0.4142135623730951	0.0934234463542729	0.585786437626905	0.0328175125650672	0.04909627517072252	0.0357061915209769	0.03233639576846284	0.05010493585438545	0.07243097223843986	0.0	0.09519833902524814	0.585786437626905	0.10154949276033497	0.1827439976315568	0.04484415079998807	0.0704363152832691	0.03323479873289823	0.012380101466271224	0.02140036375922112	0.12163884526454888	0.036634914844766095	0.05499376525321505	0.585786437626905	0.03241824073151126	1.0	0.028072407337278053	1.0	0.04373838806934056	0.09125547875239155	0.06356838553470415	0.08804458632970008	0.18243370584713978	0.04104486125149469
si	0.38742588672279304	0.08377272682478738	0.4142135623730951	0.10991887363511849	0.0323484223465987	0.017249965818005107	0.028604473303609924	0.018009675528533522	0.017177954368039653	0.017643182992843707	0.01926910670496955	0.02551577607524231	0.03525653821897417	0.020984342180590185	0.019130537252224408	0.018082453731085114	0.019281479082369542	0.058684256860242444	0.05739339334392897	0.04531230712349693	0.0668840834224528	0.018540445763002837	0.018055770557766783	0.017780513429349963	0.028626614106621113	0.018317124513157795	0.028072407337278053	1.0	0.021113931566178912	0.021611475641155578	0.01911829620186827	0.12717882808480252	0.019787171551785422	0.25921926045307553	0.020100360707815044
simple	1.0	1.0	0.38742588672279304	0.10389023789017887	1.0	0.39564392373896007	1.0	0.5	1.0	0.44948974278317805	1.0	0.0	1.0	1.0	0.3266316347104093	1.0	1.0	0.0	1.0	0.010422878198012606	0.016594526811576374	0.585786437626905	0.44948974278317805	1.0	0.0	1.0	1.0	0.021113931566178912	1.0	1.0	1.0	0.04932966642509647	1.0	0.1634611083195149	1.0
sr	1.0	0.042295467870726265	0.38742588672279304	0.11350416126511091	1.0	0.030320582175172306	1.0	0.014960940675017558	0.585786437626905	0.03304459176283295	1.0	1.0	1.0	0.585786437626905	0.03749733693511535	1.0	1.0	1.0	1.0	0.009606581750685236	0.01809839009042371	0.2240092377397959	0.012749298572904456	1.0	0.585786437626905	1.0	0.04373838806934056	0.021611475641155578	1.0	1.0	0.39564392373896007	0.060103283618493965	1.0	0.2216368750839041	1.0
sv	1.0	0.10070203872693176	0.38742588672279304	0.05437317638574849	1.0	0.21393876913398135	0.585786437626905	0.11887620876370167	0.44948974278317805	0.1987625491245426	1.0	0.0	0.585786437626905	0.4364916731037085	0.10427679672543122	1.0	1.0	1.0	0.585786437626905	0.010941378545077011	0.015717472341812512	0.2928060946961875	0.25355482027512377	0.585786437626905	1.0	0.18933139574356017	0.09125547875239155	0.01911829620186827	1.0	0.39564392373896007	1.0	0.018520561663996734	1.0	0.12313787219841246	1.0
te	0.28172904669025317	0.07398775265695784	0.5	0.1380262631157473	0.0825359656948209	0.044377906598434526	0.03102791930335994	0.015528649877554545	0.05279392906667241	0.04507273960563544	0.05361886982370655	0.04932781738794148	0.057428610983554174	0.052410410956198195	0.02655824240147089	0.0181420440561217	0.055410890434696235	0.07897209559038125	0.05982036537404231	0.054268651246302375	0.03022382761608446	0.05074823854267324	0.0456740053756175	0.015230778412847968	0.07341322230002911	0.016605631452700262	0.06356838553470415	0.12717882808480252	0.04932966642509647	0.060103283618493965	0.018520561663996734	1.0	0.05698796991962087	0.2674788903885893	0.012561551101539588
vi	1.0	0.08004177277311736	0.38742588672279304	0.09597078903139546	0.0	0.4142135623730951	1.0	0.2402530733520421	1.0	0.2449655295864104	1.0	0.0	1.0	0.585786437626905	0.14525802670542484	1.0	1.0	1.0	1.0	0.008935623980985907	0.015280715502515196	1.0	0.38742588672279304	1.0	1.0	1.0	0.08804458632970008	0.019787171551785422	1.0	1.0	1.0	0.05698796991962087	1.0	0.1951941016011038	1.0
war	0.5	0.17331935664757372	0.4142135623730951	0.5	0.23441237831492112	0.3244997998398398	0.14700913454621642	0.13473904999503236	0.3126480851423008	0.2372732414640341	0.3244997998398398	0.18432139995249783	0.22901628833426058	0.26968623182294527	0.12072367112255612	0.1852891992413258	0.2270957142781439	0.20168959288722538	0.14763410387308015	0.16257382529589406	0.0722270279186898	0.3244997998398398	0.2766967754673749	0.1295233596502336	0.26968623182294527	0.14878062644089537	0.18243370584713978	0.25921926045307553	0.1634611083195149	0.2216368750839041	0.12313787219841246	0.2674788903885893	0.1951941016011038	1.0	0.07634754475362815
zh	1.0	0.043114691045483176	0.3660254037844386	0.017024727411287053	1.0	0.08100706531490542	1.0	0.062212685979931306	1.0	0.05547403950042581	1.0	1.0	1.0	0.585786437626905	0.03725759084353167	1.0	1.0	1.0	1.0	0.013043159520998973	0.022694800935080292	0.36602540378443865	0.09174737048053264	1.0	0.585786437626905	1.0	0.04104486125149469	0.020100360707815044	1.0	1.0	1.0	0.012561551101539588	1.0	0.07634754475362815	1.0
