arz	bs	ceb	ckb	da	de	el	en	es	fr	he	hi	hu	id	it	ja	ko	lv	mk	ml	mr	nl	pl	pt	ro	ru	sh	si	simple	sr	sv	te	vi	war	zh
arz	1.0	0.5515643400941522	0.0	0.3874914468411028	0.5160049534176151	0.3498191687665296	0.254539086989834	0.2984190571018388	0.40520591345781315	0.3001419552163399	0.5045428578421824	0.5660160774121898	0.5064148263711608	0.5285684574073132	0.28674531349617727	0.5163563016613226	0.40214058585261847	0.6152918421983237	0.7530311969699254	0.5020797777427737	0.7118933901611773	0.3661783917576554	0.3611369318198087	0.27374964182819045	0.4909620041591472	0.292132517545921	0.7690990303325336	1.0	0.5500421878959633	0.8423706024812381	0.3653349003736396	0.0	0.3682980302165066	1.0	0.3927720343950853
bs	0.5515643400941522	1.0	0.0	0.4249221697461878	0.30639780373594616	0.24382873187745685	0.32393845174099506	0.19050211176369503	0.2909007659150796	0.3881978271068673	0.3665124445487295	0.5731942723362033	0.33231489175728707	0.38150815997615456	0.24463101556437658	0.25342840284841606	0.2995347516334235	0.5151511504317614	0.43941002974643795	0.5002574348815223	0.455319999214236	0.2916543621715486	0.255489746833417	0.23566955636080522	0.43716946921360966	0.2649428436806227	0.46881664594698336	0.7455134344225701	0.43843637315410344	0.447346645757083	0.276258447464151	0.0	0.22268112202145984	0.7322034805959263	0.20306352323552704
ceb	0.0	0.0	1.0	0.0	1.0	1.0	1.0	1.0	1.0	1.0	1.0	1.0	1.0	1.0	0.5660160774121898	1.0	1.0	1.0	1.0	0.0	1.0	1.0	1.0	1.0	1.0	1.0	1.0	0.0	1.0	1.0	1.0	0.0	1.0	0.0	1.0
ckb	0.3874914468411028	0.4249221697461878	0.0	1.0	0.4363019064915583	0.4205796012014385	0.30511855293224033	0.4205796012014384	0.4195719298829873	0.4761581921031435	0.35539112163790504	1.0	0.730867931710593	0.33086120244182554	0.33196815663941925	0.35575059169709	0.43322387622499564	0.4023460203049221	0.41194410301829065	0.479802836990266	0.38238549806941957	0.34484657815627284	0.3458611134971956	0.43526109167898114	0.48248305498984717	0.7769834720425395	0.6290597636579104	1.0	0.44930756545688116	0.4469076075142452	0.4043203083222449	0.0	0.430850719582761	1.0	0.4205796012014385
da	0.5160049534176151	0.30639780373594616	1.0	0.4363019064915583	1.0	0.1982994192236597	0.24499592522803226	0.1655356482529412	0.2125300269354985	0.2708074792836325	0.2877138890057298	0.7137054075038748	0.24934527876881926	0.2862540328461267	0.1956019802038668	0.2336497256694379	0.2412346379670589	0.3079410089241388	0.2787651898196746	0.7257188794717967	0.49268206731003705	0.23019135147106307	0.22593656774877036	0.17937842226885484	0.3001118374381319	0.212778380593882	0.5413508785509976	0.5647664640579516	0.24520271888455245	0.2915291933676533	0.22139763530412537	0.0	0.19975799567641955	0.45670022811954913	0.20803934692464224
de	0.3498191687665296	0.24382873187745685	1.0	0.4205796012014385	0.1982994192236597	1.0	0.18718436162772256	0.12217560815020653	0.08191349458707217	0.17189234535815104	0.21561845987508094	0.7863954451402115	0.18103360902835883	0.21458294436210096	0.14069289190404957	0.16738544329485408	0.17902575577767757	0.24957383310026804	0.3645303979180359	0.4678390381984663	0.5925768672411708	0.15593503463172717	0.15817605808311686	0.143609848955669	0.19975977896136052	0.15806521798894144	0.3338604595379599	1.0	0.1548645560373871	0.2199766607844633	0.1863992257012302	0.0	0.17625004933588687	1.0	0.15107887154918417
el	0.254539086989834	0.32393845174099506	1.0	0.30511855293224033	0.24499592522803226	0.18718436162772256	1.0	0.16458324120048523	0.1582212276605932	0.24168321674174784	0.26881830179271193	0.46990208738340944	0.23701833602191147	0.2803046331981569	0.188458637829144	0.2087940699989747	0.22931955313654173	0.33136571161885253	0.291399653180887	0.3268106240437996	0.3129956191537353	0.22035303872511244	0.21155135377155596	0.18265063999379944	0.26560676830459845	0.20328375831660436	0.47201143968546244	1.0	0.2274775757256914	0.31477823940788424	0.22470910078090792	0.0	0.1937428281985148	1.0	0.18468477498846275
en	0.2984190571018388	0.19050211176369503	1.0	0.4205796012014384	0.1655356482529412	0.12217560815020653	0.16458324120048523	1.0	0.06292214929092	0.1411281684793608	0.18306325073365487	0.7863954451402115	0.15470100896356206	0.17773027189545962	0.11677902403102584	0.14680206749019492	0.1550013694233276	0.23286134631905875	0.32648264486863826	0.469866472661965	0.5956154727841734	0.12848351385674012	0.13623187941170894	0.12357730985183296	0.16735125535734505	0.1370688938030538	0.3230056506244679	0.5716981509095984	0.15053501745897732	0.2040341200942767	0.15133872987460759	0.0	0.1519319240679887	0.5619202435781421	0.12977017403758387
es	0.40520591345781315	0.2909007659150796	1.0	0.4195719298829873	0.2125300269354985	0.08191349458707217	0.1582212276605932	0.06292214929092	1.0	0.08530726523262079	0.22367862667396965	0.6827447964042135	0.12285862351322635	0.2554523851617262	0.07526886993289633	0.11779028608254541	0.13099718975160463	0.4088938622139451	0.4093126460035565	0.4421780972080913	0.7038596016554911	0.08259692096272399	0.10032401202859889	0.0869283170632784	0.12613056014704593	0.0970623506194329	0.33716597503382	0.7263875964832449	0.166988176820143	0.27076869568056167	0.15314660246676923	0.0	0.1785463947271204	0.7234532828151788	0.09353182388016988
fr	0.3001419552163399	0.3881978271068673	1.0	0.4761581921031435	0.2708074792836325	0.17189234535815104	0.24168321674174784	0.1411281684793608	0.08530726523262079	1.0	0.2999356289148976	0.6851283529839968	0.23068671017488065	0.3154669368778797	0.1664414558915602	0.2084408923108963	0.2322240917561943	0.39564189697563673	0.37169724362622464	0.4786916238308159	0.3891202016423678	0.2009958922675029	0.19626411164486354	0.16641681268105116	0.28721176325384895	0.19180341749400287	0.2732360989862095	0.7234532828151788	0.19183919367404262	0.3571311265865214	0.2331712119595651	0.0	0.21215368022549858	0.38665161957425587	0.18174373985092976
he	0.5045428578421824	0.3665124445487295	1.0	0.35539112163790504	0.2877138890057298	0.21561845987508094	0.26881830179271193	0.18306325073365487	0.22367862667396965	0.2999356289148976	1.0	0.5621607075923646	0.2787230258568732	0.3272320850394034	0.20985602661092562	0.24368906075775035	0.26335582963089	0.40430784830424726	0.30362431219269703	0.6375316984894317	0.39819619438615983	0.2528332532946295	0.23282097798211288	0.18506106136865383	0.3475793004319171	0.23618568678879523	0.32092028260114214	1.0	0.2600628616057979	0.3607322231173584	0.25520027869120676	0.0	0.2119319362367731	1.0	0.1767295062626656
hi	0.5660160774121898	0.5731942723362033	1.0	1.0	0.7137054075038748	0.7863954451402115	0.46990208738340944	0.7863954451402115	0.6827447964042135	0.6851283529839968	0.5621607075923646	1.0	0.7863954451402115	0.7462006017378899	0.4699149719637838	0.49111508534207776	0.7863954451402115	0.7434211121261228	0.6319964416996362	1.0	0.5455381281950756	0.7863954451402115	0.6851283529839968	0.7863954451402115	0.4442758099160389	0.7863954451402115	1.0	1.0	0.7863954451402115	0.4112973589094092	0.7863954451402115	0.0	0.5621607075923646	1.0	0.7863954451402115
hu	0.5064148263711608	0.33231489175728707	1.0	0.730867931710593	0.24934527876881926	0.18103360902835883	0.23701833602191147	0.15470100896356206	0.12285862351322635	0.23068671017488065	0.2787230258568732	0.7863954451402115	1.0	0.2874166466112385	0.1776280689465304	0.21510133360536351	0.2305079962163155	0.34238056383461735	0.3583453285703928	0.3772333923714381	0.4833916798650915	0.20742731021418656	0.20010774390890085	0.17163511985252397	0.2637052813959516	0.19975078078237027	0.5687870815699477	1.0	0.24315189222152853	0.32238981116468063	0.22891130873010923	0.0	0.2062740286656743	1.0	0.1875732289845344
id	0.5285684574073132	0.38150815997615456	1.0	0.33086120244182554	0.2862540328461267	0.21458294436210096	0.2803046331981569	0.17773027189545962	0.2554523851617262	0.3154669368778797	0.3272320850394034	0.7462006017378899	0.2874166466112385	1.0	0.19678356629384539	0.24575299374736262	0.2554589233574386	0.43949519944043847	0.3659818434895216	0.5194164347560031	0.4651850151639362	0.27596205464816703	0.23060989728518236	0.18778805476199886	0.36594137810757404	0.22986836044422718	0.31651573115250375	1.0	0.2868155852232511	0.3779158111445959	0.26744220838478344	0.0	0.22854443440129607	0.7234532828151788	0.21688878455286761
it	0.28674531349617727	0.24463101556437658	0.5660160774121898	0.33196815663941925	0.1956019802038668	0.14069289190404957	0.188458637829144	0.11677902403102584	0.07526886993289633	0.1664414558915602	0.20985602661092562	0.4699149719637838	0.1776280689465304	0.19678356629384539	1.0	0.1647490034872358	0.1819873500974821	0.23179666684880132	0.27684115172991497	0.3457951089666101	0.4257319832334433	0.1545308726524222	0.15675787591247148	0.13869872552731566	0.19951239683296687	0.15356931620999414	0.33228722279155126	0.6701591524560107	0.15466351405787176	0.22571355387371161	0.18140488195804136	0.0	0.17036931315737622	0.6440965773036468	0.14988344603411155
ja	0.5163563016613226	0.25342840284841606	1.0	0.35575059169709	0.2336497256694379	0.16738544329485408	0.2087940699989747	0.14680206749019492	0.11779028608254541	0.2084408923108963	0.24368906075775035	0.49111508534207776	0.21510133360536351	0.24575299374736262	0.1647490034872358	1.0	0.19821167193145137	0.26586585057611356	0.39273229380839264	0.38109709477034664	0.3918896461246024	0.19206338266993503	0.18510522431102042	0.16522323623873286	0.2399494416718896	0.18009188872154286	0.45817832555943844	1.0	0.1770521971093037	0.26937524593584655	0.21133727401016966	0.0	0.18824625989718322	1.0	0.1718072215452085
ko	0.40214058585261847	0.2995347516334235	1.0	0.43322387622499564	0.2412346379670589	0.17902575577767757	0.22931955313654173	0.1550013694233276	0.13099718975160463	0.2322240917561943	0.26335582963089	0.7863954451402115	0.2305079962163155	0.2554589233574386	0.1819873500974821	0.19821167193145137	1.0	0.2944999878929438	0.3107861694880874	0.49572855969925317	0.5019153379983863	0.2107663422492956	0.19656742624381418	0.1725353639799754	0.26802774286701364	0.188447829077014	0.3140111263198769	1.0	0.20285857362390608	0.3031573845581938	0.21899038345086755	0.0	0.19016447270433431	1.0	0.18130065474127735
lv	0.6152918421983237	0.5151511504317614	1.0	0.4023460203049221	0.3079410089241388	0.24957383310026804	0.33136571161885253	0.23286134631905875	0.4088938622139451	0.39564189697563673	0.40430784830424726	0.7434211121261228	0.34238056383461735	0.43949519944043847	0.23179666684880132	0.26586585057611356	0.2944999878929438	1.0	0.4438649652746976	0.5240046660668555	0.6128631824136098	0.31960875460415356	0.28361212179272166	0.27016117349006674	0.5270835863146714	0.2542403203897085	0.5892764540655182	1.0	0.43905194912214696	0.4801526001129582	0.2945011841209392	0.0	0.3111389970023206	1.0	0.2442165310880821
mk	0.7530311969699254	0.43941002974643795	1.0	0.41194410301829065	0.2787651898196746	0.3645303979180359	0.291399653180887	0.32648264486863826	0.4093126460035565	0.37169724362622464	0.30362431219269703	0.6319964416996362	0.3583453285703928	0.3659818434895216	0.27684115172991497	0.39273229380839264	0.3107861694880874	0.4438649652746976	1.0	0.49622264347842104	0.7249389044801919	0.31734305989398554	0.22460909315484717	0.28991035256911374	0.4116460628537862	0.24758554774081565	0.6438199602524841	1.0	0.4530085691270562	0.461212324940934	0.30486978716141294	0.0	0.34890332633421706	1.0	0.32467313251185825
ml	0.5020797777427737	0.5002574348815223	0.0	0.479802836990266	0.7257188794717967	0.4678390381984663	0.3268106240437996	0.469866472661965	0.4421780972080913	0.4786916238308159	0.6375316984894317	1.0	0.3772333923714381	0.5194164347560031	0.3457951089666101	0.38109709477034664	0.49572855969925317	0.5240046660668555	0.49622264347842104	1.0	0.4710891611300977	0.4858868246899112	0.4119416956111989	0.5070235701388669	0.4400030549775305	0.3806964497445378	0.8216064286890065	1.0	0.469866472661965	0.38867686454950046	0.6571850488062713	0.0	0.6517806630020063	1.0	0.45772974812175654
mr	0.7118933901611773	0.455319999214236	1.0	0.38238549806941957	0.49268206731003705	0.5925768672411708	0.3129956191537353	0.5956154727841734	0.7038596016554911	0.3891202016423678	0.39819619438615983	0.5455381281950756	0.4833916798650915	0.4651850151639362	0.4257319832334433	0.3918896461246024	0.5019153379983863	0.6128631824136098	0.7249389044801919	0.4710891611300977	1.0	0.28389171353604364	0.39918943142327856	0.4367150036187328	0.5225462992945735	0.39528831028231654	0.6846804385161395	1.0	0.7288786163865372	0.6034978449101153	0.3540117068817367	0.0	0.40080792707856233	1.0	0.5861942082827883
nl	0.3661783917576554	0.2916543621715486	1.0	0.34484657815627284	0.23019135147106307	0.15593503463172717	0.22035303872511244	0.12848351385674012	0.08259692096272399	0.2009958922675029	0.2528332532946295	0.7863954451402115	0.20742731021418656	0.27596205464816703	0.1545308726524222	0.19206338266993503	0.2107663422492956	0.31960875460415356	0.31734305989398554	0.4858868246899112	0.28389171353604364	1.0	0.17760982328711747	0.14763198963485438	0.24494620920413543	0.17510745083774354	0.30877705473451506	0.7263875964832449	0.18877263524915347	0.2951244268644085	0.19810191958104686	0.0	0.18774724821638997	0.6221982196391784	0.16483423360770957
pl	0.3611369318198087	0.255489746833417	1.0	0.3458611134971956	0.22593656774877036	0.15817605808311686	0.21155135377155596	0.13623187941170894	0.10032401202859889	0.19626411164486354	0.23282097798211288	0.6851283529839968	0.20010774390890085	0.23060989728518236	0.15675787591247148	0.18510522431102042	0.19656742624381418	0.28361212179272166	0.22460909315484717	0.4119416956111989	0.39918943142327856	0.17760982328711747	1.0	0.15750761224629944	0.22560957005069524	0.1708012656657605	0.2905771763939459	1.0	0.1901853136193531	0.2488115806391707	0.20534612263950386	0.0	0.18548141766175277	1.0	0.16842493778230216
pt	0.27374964182819045	0.23566955636080522	1.0	0.43526109167898114	0.17937842226885484	0.143609848955669	0.18265063999379944	0.12357730985183296	0.0869283170632784	0.16641681268105116	0.18506106136865383	0.7863954451402115	0.17163511985252397	0.18778805476199886	0.13869872552731566	0.16522323623873286	0.1725353639799754	0.27016117349006674	0.28991035256911374	0.5070235701388669	0.4367150036187328	0.14763198963485438	0.15750761224629944	1.0	0.18779248382521466	0.15710220384716944	0.37357300192621423	1.0	0.14979653687425779	0.22608747742155685	0.17352259157048017	0.0	0.1692525024360968	0.6589257440209709	0.15153786226719088
ro	0.4909620041591472	0.43716946921360966	1.0	0.48248305498984717	0.3001118374381319	0.19975977896136052	0.26560676830459845	0.16735125535734505	0.12613056014704593	0.28721176325384895	0.3475793004319171	0.4442758099160389	0.2637052813959516	0.36594137810757404	0.19951239683296687	0.2399494416718896	0.26802774286701364	0.5270835863146714	0.4116460628537862	0.4400030549775305	0.5225462992945735	0.24494620920413543	0.22560957005069524	0.18779248382521466	1.0	0.22074659827818569	0.6702499987569374	1.0	0.25613529693244574	0.4226265947336076	0.2687415497802987	0.0	0.22033220783090632	1.0	0.20532597164113447
ru	0.292132517545921	0.2649428436806227	1.0	0.7769834720425395	0.212778380593882	0.15806521798894144	0.20328375831660436	0.1370688938030538	0.0970623506194329	0.19180341749400287	0.23618568678879523	0.7863954451402115	0.19975078078237027	0.22986836044422718	0.15356931620999414	0.18009188872154286	0.188447829077014	0.2542403203897085	0.24758554774081565	0.3806964497445378	0.39528831028231654	0.17510745083774354	0.1708012656657605	0.15710220384716944	0.22074659827818569	1.0	0.3137160163279129	1.0	0.1834411375218741	0.2497004874502665	0.1968110449828826	0.0	0.17622543724089376	1.0	0.16021377671471002
sh	0.7690990303325336	0.46881664594698336	1.0	0.6290597636579104	0.5413508785509976	0.3338604595379599	0.47201143968546244	0.3230056506244679	0.33716597503382	0.2732360989862095	0.32092028260114214	1.0	0.5687870815699477	0.31651573115250375	0.33228722279155126	0.45817832555943844	0.3140111263198769	0.5892764540655182	0.6438199602524841	0.8216064286890065	0.6846804385161395	0.30877705473451506	0.2905771763939459	0.37357300192621423	0.6702499987569374	0.3137160163279129	1.0	1.0	0.6571702826516209	0.3661477094142776	0.45449406947437565	0.0	0.7690990303325336	0.5969819612641136	0.27198511353423965
si	1.0	0.7455134344225701	0.0	1.0	0.5647664640579516	1.0	1.0	0.5716981509095984	0.7263875964832449	0.7234532828151788	1.0	1.0	1.0	1.0	0.6701591524560107	1.0	1.0	1.0	1.0	1.0	1.0	0.7263875964832449	1.0	1.0	1.0	1.0	1.0	1.0	1.0	1.0	1.0	1.0	1.0	1.0	1.0
simple	0.5500421878959633	0.43843637315410344	1.0	0.44930756545688116	0.24520271888455245	0.1548645560373871	0.2274775757256914	0.15053501745897732	0.166988176820143	0.19183919367404262	0.2600628616057979	0.7863954451402115	0.24315189222152853	0.2868155852232511	0.15466351405787176	0.1770521971093037	0.20285857362390608	0.43905194912214696	0.4530085691270562	0.469866472661965	0.7288786163865372	0.18877263524915347	0.1901853136193531	0.14979653687425779	0.25613529693244574	0.1834411375218741	0.6571702826516209	1.0	1.0	0.3735414743984346	0.22547498164564314	0.0	0.23163798331518612	1.0	0.1742551397748866
sr	0.8423706024812381	0.447346645757083	1.0	0.4469076075142452	0.2915291933676533	0.2199766607844633	0.31477823940788424	0.2040341200942767	0.27076869568056167	0.3571311265865214	0.3607322231173584	0.4112973589094092	0.32238981116468063	0.3779158111445959	0.22571355387371161	0.26937524593584655	0.3031573845581938	0.4801526001129582	0.461212324940934	0.38867686454950046	0.6034978449101153	0.2951244268644085	0.2488115806391707	0.22608747742155685	0.4226265947336076	0.2497004874502665	0.3661477094142776	1.0	0.3735414743984346	1.0	0.2642089607354353	0.0	0.26665996976888295	1.0	0.21146807394935904
sv	0.3653349003736396	0.276258447464151	1.0	0.4043203083222449	0.22139763530412537	0.1863992257012302	0.22470910078090792	0.15133872987460759	0.15314660246676923	0.2331712119595651	0.25520027869120676	0.7863954451402115	0.22891130873010923	0.26744220838478344	0.18140488195804136	0.21133727401016966	0.21899038345086755	0.2945011841209392	0.30486978716141294	0.6571850488062713	0.3540117068817367	0.19810191958104686	0.20534612263950386	0.17352259157048017	0.2687415497802987	0.1968110449828826	0.45449406947437565	1.0	0.22547498164564314	0.2642089607354353	1.0	0.0	0.19373889503348857	1.0	0.19214947293436088
te	0.0	0.0	0.0	0.0	0.0	0.0	0.0	0.0	0.0	0.0	0.0	0.0	0.0	0.0	0.0	0.0	0.0	0.0	0.0	0.0	0.0	0.0	0.0	0.0	0.0	0.0	0.0	1.0	0.0	0.0	0.0	0.0	0.0	1.0	0.0
vi	0.3682980302165066	0.22268112202145984	1.0	0.430850719582761	0.19975799567641955	0.17625004933588687	0.1937428281985148	0.1519319240679887	0.1785463947271204	0.21215368022549858	0.2119319362367731	0.5621607075923646	0.2062740286656743	0.22854443440129607	0.17036931315737622	0.18824625989718322	0.19016447270433431	0.3111389970023206	0.34890332633421706	0.6517806630020063	0.40080792707856233	0.18774724821638997	0.18548141766175277	0.1692525024360968	0.22033220783090632	0.17622543724089376	0.7690990303325336	1.0	0.23163798331518612	0.26665996976888295	0.19373889503348857	0.0	1.0	1.0	0.17332505421980982
war	1.0	0.7322034805959263	0.0	1.0	0.45670022811954913	1.0	1.0	0.5619202435781421	0.7234532828151788	0.38665161957425587	1.0	1.0	1.0	0.7234532828151788	0.6440965773036468	1.0	1.0	1.0	1.0	1.0	1.0	0.6221982196391784	1.0	0.6589257440209709	1.0	1.0	0.5969819612641136	1.0	1.0	1.0	1.0	1.0	1.0	1.0	1.0
zh	0.3927720343950853	0.20306352323552704	1.0	0.4205796012014385	0.20803934692464224	0.15107887154918417	0.18468477498846275	0.12977017403758387	0.09353182388016988	0.18174373985092976	0.1767295062626656	0.7863954451402115	0.1875732289845344	0.21688878455286761	0.14988344603411155	0.1718072215452085	0.18130065474127735	0.2442165310880821	0.32467313251185825	0.45772974812175654	0.5861942082827883	0.16483423360770957	0.16842493778230216	0.15153786226719088	0.20532597164113447	0.16021377671471002	0.27198511353423965	1.0	0.1742551397748866	0.21146807394935904	0.19214947293436088	0.0	0.17332505421980982	1.0	1.0
