arz	bs	ceb	ckb	da	de	el	en	es	fr	he	hi	hu	id	it	ja	ko	lv	mk	ml	mr	nl	pl	pt	ro	ru	sh	si	simple	sr	sv	te	tr	vi	war	zh
arz	1.0	1.0	0.1417374030335042	1.0	1.0	1.0	1.0	1.0	1.0	1.0	1.0	1.0	1.0	1.0	1.0	1.0	1.0	1.0	0.0	1.0	1.0	1.0	1.0	1.0	1.0	1.0	1.0	0.0	1.0	1.0	1.0	1.0	1.0	1.0	1.0	1.0
bs	1.0	1.0	0.09969351907420099	1.0	1.0	0.44948974278317805	1.0	0.44948974278317805	0.44948974278317805	0.5	1.0	1.0	1.0	0.585786437626905	0.44948974278317805	1.0	1.0	1.0	1.0	1.0	1.0	0.585786437626905	0.585786437626905	0.44948974278317805	1.0	0.44948974278317805	0.3726822671238253	0.0	1.0	0.5	0.585786437626905	1.0	0.10938960520122866	1.0	1.0	0.5
ceb	0.1417374030335042	0.09969351907420099	1.0	0.010782766727138933	0.09073304099478502	0.07788432522363299	0.010164595680134897	0.0588869101831572	0.06346973580565618	0.06038931785730533	0.010598968006532735	0.011067672756451796	0.041434910071037306	0.07726208996655826	0.10435522049220669	0.010164595680134897	0.010164595680134897	0.05280509198215491	0.010782766727138933	0.010782766727138932	0.010782766727138932	0.10184045861447946	0.08656293390172864	0.06281579254395468	0.09052238201265041	0.010164595680134897	0.06065246211938643	0.04055598173968736	0.10026505030111847	0.010598968006532735	0.0674816205448568	0.013601932871293935	-1.0	0.06743455522716883	0.010786502501516861	0.054717231553881765
ckb	1.0	1.0	0.010782766727138933	1.0	1.0	1.0	1.0	0.585786437626905	1.0	1.0	1.0	1.0	1.0	1.0	1.0	1.0	1.0	1.0	1.0	1.0	1.0	1.0	1.0	1.0	1.0	1.0	1.0	0.0	1.0	1.0	1.0	1.0	1.0	1.0	1.0	1.0
da	1.0	1.0	0.09073304099478502	1.0	1.0	0.5	1.0	0.4142135623730951	0.5	0.5	0.585786437626905	1.0	0.585786437626905	0.585786437626905	0.4142135623730951	0.585786437626905	1.0	1.0	0.585786437626905	1.0	1.0	0.5	0.3797958971132712	0.4142135623730951	0.585786437626905	0.5	0.23166247903554	1.0	0.5	0.3797958971132712	0.4142135623730951	1.0	0.3483314773547883	0.585786437626905	1.0	0.5
de	1.0	0.44948974278317805	0.07788432522363299	1.0	0.5	1.0	1.0	0.062482087618876345	0.14129721966721073	0.21712927295533244	0.5	1.0	0.585786437626905	0.585786437626905	0.2	0.44948974278317805	0.5	1.0	1.0	1.0	1.0	0.21270481139089367	0.1481084044336353	0.12368284214567765	1.0	0.25355482027512377	0.10307795283243641	1.0	0.5	0.1948102957023263	0.2612038749637414	1.0	0.1974921707926566	0.585786437626905	1.0	0.5
el	1.0	1.0	0.010164595680134897	1.0	1.0	1.0	1.0	1.0	1.0	1.0	1.0	1.0	1.0	0.585786437626905	1.0	1.0	1.0	1.0	1.0	1.0	1.0	1.0	1.0	0.585786437626905	1.0	1.0	0.585786437626905	1.0	1.0	0.4364916731037085	0.585786437626905	1.0	1.0	1.0	1.0	1.0
en	1.0	0.44948974278317805	0.0588869101831572	0.585786437626905	0.4142135623730951	0.062482087618876345	1.0	1.0	0.0352513211779736	0.03953522236419965	0.4142135623730951	0.585786437626905	0.585786437626905	0.44948974278317805	0.07167403634551209	0.19404996501286384	0.585786437626905	1.0	0.3797958971132712	1.0	1.0	0.1508906849579797	0.024485392409438624	0.04403898181503706	0.5	0.12328390160984028	0.0777400145932765	1.0	0.35388936786452296	0.14548268842493628	0.1641809277498497	1.0	0.14547209281889545	0.4142135623730951	1.0	0.2216368750839041
es	1.0	0.44948974278317805	0.06346973580565618	1.0	0.5	0.14129721966721073	1.0	0.0352513211779736	1.0	0.20846672670545388	0.585786437626905	1.0	1.0	0.585786437626905	0.19367338768973055	0.585786437626905	0.585786437626905	1.0	1.0	1.0	1.0	0.2612038749637414	0.16118204467726513	0.09684184932490408	0.585786437626905	0.28989794855663564	0.08063375388365411	1.0	0.5	0.20658711810431302	0.2791745113185196	1.0	0.18126989259043744	1.0	1.0	0.44948974278317805
fr	1.0	0.5	0.06038931785730533	1.0	0.5	0.21712927295533244	1.0	0.03953522236419965	0.20846672670545388	1.0	1.0	0.585786437626905	0.585786437626905	0.585786437626905	0.1827439976315568	0.4364916731037085	1.0	1.0	1.0	1.0	1.0	0.17684258135111194	0.21290885543182675	0.11493395065645597	0.585786437626905	0.3090169943749474	0.09150541934930634	1.0	0.5	0.2474401533514073	0.2791745113185196	1.0	0.13738317576432763	0.585786437626905	1.0	1.0
he	1.0	1.0	0.010598968006532735	1.0	0.585786437626905	0.5	1.0	0.4142135623730951	0.585786437626905	1.0	1.0	1.0	1.0	0.585786437626905	1.0	1.0	1.0	1.0	1.0	1.0	1.0	0.585786437626905	1.0	0.5	1.0	1.0	0.2449655295864104	1.0	0.5	0.3797958971132712	0.5	1.0	0.585786437626905	1.0	1.0	1.0
hi	1.0	1.0	0.011067672756451796	1.0	1.0	1.0	1.0	0.585786437626905	1.0	0.585786437626905	1.0	1.0	1.0	0.585786437626905	1.0	1.0	1.0	1.0	1.0	1.0	1.0	1.0	1.0	0.585786437626905	1.0	1.0	0.585786437626905	1.0	1.0	0.4364916731037085	0.585786437626905	1.0	0.585786437626905	1.0	1.0	1.0
hu	1.0	1.0	0.041434910071037306	1.0	0.585786437626905	0.585786437626905	1.0	0.585786437626905	1.0	0.585786437626905	1.0	1.0	1.0	0.585786437626905	0.585786437626905	1.0	1.0	1.0	1.0	1.0	1.0	0.585786437626905	0.585786437626905	0.585786437626905	1.0	0.585786437626905	0.585786437626905	1.0	0.585786437626905	1.0	0.585786437626905	1.0	0.5	1.0	1.0	1.0
id	1.0	0.585786437626905	0.07726208996655826	1.0	0.585786437626905	0.585786437626905	0.585786437626905	0.44948974278317805	0.585786437626905	0.585786437626905	0.585786437626905	0.585786437626905	0.585786437626905	1.0	0.5	0.585786437626905	0.585786437626905	0.585786437626905	1.0	1.0	1.0	0.585786437626905	0.585786437626905	0.44948974278317805	0.585786437626905	0.585786437626905	0.3090169943749474	1.0	0.585786437626905	0.4364916731037085	0.5	1.0	0.1616674014409542	0.585786437626905	1.0	0.585786437626905
it	1.0	0.44948974278317805	0.10435522049220669	1.0	0.4142135623730951	0.2	1.0	0.07167403634551209	0.19367338768973055	0.1827439976315568	1.0	1.0	0.585786437626905	0.5	1.0	0.3333333333333333	0.585786437626905	1.0	1.0	1.0	1.0	0.19329916803145003	0.1560469703786189	0.1189398136928052	0.5	0.28436465220442186	0.09365469665822627	1.0	0.5	0.21822796141133347	0.25355482027512377	1.0	0.13277195833156283	0.585786437626905	1.0	0.585786437626905
ja	1.0	1.0	0.010164595680134897	1.0	0.585786437626905	0.44948974278317805	1.0	0.19404996501286384	0.585786437626905	0.4364916731037085	1.0	1.0	1.0	0.585786437626905	0.3333333333333333	1.0	1.0	1.0	1.0	1.0	1.0	0.5	0.5	0.18594358782685683	1.0	1.0	0.2612038749637414	1.0	0.585786437626905	0.36602540378443865	0.39564392373896007	1.0	0.3021694792519622	1.0	1.0	1.0
ko	1.0	1.0	0.010164595680134897	1.0	1.0	0.5	1.0	0.585786437626905	0.585786437626905	1.0	1.0	1.0	1.0	0.585786437626905	0.585786437626905	1.0	1.0	1.0	1.0	1.0	1.0	0.44948974278317805	1.0	0.3660254037844386	1.0	1.0	0.39564392373896007	1.0	1.0	0.3483314773547883	0.44948974278317805	1.0	0.39564392373896	1.0	1.0	1.0
lv	1.0	1.0	0.05280509198215491	1.0	1.0	1.0	1.0	1.0	1.0	1.0	1.0	1.0	1.0	0.585786437626905	1.0	1.0	1.0	1.0	1.0	1.0	1.0	1.0	1.0	0.585786437626905	1.0	1.0	0.585786437626905	1.0	1.0	1.0	0.585786437626905	1.0	0.4142135623730951	1.0	1.0	1.0
mk	0.0	1.0	0.010782766727138933	1.0	0.585786437626905	1.0	1.0	0.3797958971132712	1.0	1.0	1.0	1.0	1.0	1.0	1.0	1.0	1.0	1.0	1.0	0.0	1.0	1.0	1.0	1.0	1.0	1.0	1.0	0.0	1.0	0.585786437626905	1.0	0.0	0.4364916731037085	1.0	0.0	1.0
ml	1.0	1.0	0.010782766727138932	1.0	1.0	1.0	1.0	1.0	1.0	1.0	1.0	1.0	1.0	1.0	1.0	1.0	1.0	1.0	0.0	1.0	1.0	1.0	1.0	1.0	1.0	1.0	0.585786437626905	1.0	1.0	1.0	1.0	1.0	0.31451985913875646	1.0	1.0	1.0
mr	1.0	1.0	0.010782766727138932	1.0	1.0	1.0	1.0	1.0	1.0	1.0	1.0	1.0	1.0	1.0	1.0	1.0	1.0	1.0	1.0	1.0	1.0	1.0	1.0	1.0	1.0	1.0	1.0	1.0	1.0	1.0	0.585786437626905	1.0	1.0	1.0	1.0	1.0
nl	1.0	0.585786437626905	0.10184045861447946	1.0	0.5	0.21270481139089367	1.0	0.1508906849579797	0.2612038749637414	0.17684258135111194	0.585786437626905	1.0	0.585786437626905	0.585786437626905	0.19329916803145003	0.5	0.44948974278317805	1.0	1.0	1.0	1.0	1.0	0.25728427444747215	0.17889587346257152	0.39564392373896007	0.3090169943749474	0.15990865468516838	1.0	0.5	0.25824569976124334	0.2791745113185196	1.0	0.06619430823953201	0.5	1.0	0.3090169943749474
pl	1.0	0.585786437626905	0.08656293390172864	1.0	0.3797958971132712	0.1481084044336353	1.0	0.024485392409438624	0.16118204467726513	0.21290885543182675	1.0	1.0	0.585786437626905	0.585786437626905	0.1560469703786189	0.5	1.0	1.0	1.0	1.0	1.0	0.25728427444747215	1.0	0.08475273011315909	1.0	0.4142135623730951	0.09279826048897659	1.0	0.5	0.21712927295533244	0.3430703308172536	1.0	0.17487414378538724	0.585786437626905	1.0	0.5
pt	1.0	0.44948974278317805	0.06281579254395468	1.0	0.4142135623730951	0.12368284214567765	0.585786437626905	0.04403898181503706	0.09684184932490408	0.11493395065645597	0.5	0.585786437626905	0.585786437626905	0.44948974278317805	0.1189398136928052	0.18594358782685683	0.3660254037844386	0.585786437626905	1.0	1.0	1.0	0.17889587346257152	0.08475273011315909	1.0	0.585786437626905	0.1779738764024757	0.11651106980622213	1.0	0.3660254037844386	0.19636040545626823	0.1827439976315568	1.0	0.17808829082195718	0.44948974278317805	1.0	0.24336073281110826
ro	1.0	1.0	0.09052238201265041	1.0	0.585786437626905	1.0	1.0	0.5	0.585786437626905	0.585786437626905	1.0	1.0	1.0	0.585786437626905	0.5	1.0	1.0	1.0	1.0	1.0	1.0	0.39564392373896007	1.0	0.585786437626905	1.0	1.0	0.23166247903554	1.0	0.585786437626905	1.0	0.5	1.0	0.4485068563421602	1.0	1.0	1.0
ru	1.0	0.44948974278317805	0.010164595680134897	1.0	0.5	0.25355482027512377	1.0	0.12328390160984028	0.28989794855663564	0.3090169943749474	1.0	1.0	0.585786437626905	0.585786437626905	0.28436465220442186	1.0	1.0	1.0	1.0	1.0	1.0	0.3090169943749474	0.4142135623730951	0.1779738764024757	1.0	1.0	0.12646137496925483	1.0	0.5	0.2612038749637414	0.36602540378443865	1.0	0.19160741797296413	1.0	1.0	1.0
sh	1.0	0.3726822671238253	0.06065246211938643	1.0	0.23166247903554	0.10307795283243641	0.585786437626905	0.0777400145932765	0.08063375388365411	0.09150541934930634	0.2449655295864104	0.585786437626905	0.585786437626905	0.3090169943749474	0.09365469665822627	0.2612038749637414	0.39564392373896007	0.585786437626905	1.0	0.585786437626905	1.0	0.15990865468516838	0.09279826048897659	0.11651106980622213	0.23166247903554	0.12646137496925483	1.0	1.0	0.2449655295864104	0.07733889893000978	0.1591838311709183	1.0	0.3483314773547883	0.14669978037172737	1.0	0.17131047540085398
si	0.0	0.0	0.04055598173968736	0.0	1.0	1.0	1.0	1.0	1.0	1.0	1.0	1.0	1.0	1.0	1.0	1.0	1.0	1.0	0.0	1.0	1.0	1.0	1.0	1.0	1.0	1.0	1.0	1.0	1.0	1.0	1.0	0.0	1.0	1.0	0.0	1.0
simple	1.0	1.0	0.10026505030111847	1.0	0.5	0.5	1.0	0.35388936786452296	0.5	0.5	0.5	1.0	0.585786437626905	0.585786437626905	0.5	0.585786437626905	1.0	1.0	1.0	1.0	1.0	0.5	0.5	0.3660254037844386	0.585786437626905	0.5	0.2449655295864104	1.0	1.0	0.5	0.44948974278317805	1.0	0.18794245125485656	0.585786437626905	1.0	0.5
sr	1.0	0.5	0.010598968006532735	1.0	0.3797958971132712	0.1948102957023263	0.4364916731037085	0.14548268842493628	0.20658711810431302	0.2474401533514073	0.3797958971132712	0.4364916731037085	1.0	0.4364916731037085	0.21822796141133347	0.36602540378443865	0.3483314773547883	1.0	0.585786437626905	1.0	1.0	0.25824569976124334	0.21712927295533244	0.19636040545626823	1.0	0.2612038749637414	0.07733889893000978	1.0	0.5	1.0	0.3203772410170407	1.0	0.5	0.5	1.0	0.38742588672279304
sv	1.0	0.585786437626905	0.0674816205448568	1.0	0.4142135623730951	0.2612038749637414	0.585786437626905	0.1641809277498497	0.2791745113185196	0.2791745113185196	0.5	0.585786437626905	0.585786437626905	0.5	0.25355482027512377	0.39564392373896007	0.44948974278317805	0.585786437626905	1.0	1.0	0.585786437626905	0.2791745113185196	0.3430703308172536	0.1827439976315568	0.5	0.36602540378443865	0.1591838311709183	1.0	0.44948974278317805	0.3203772410170407	1.0	1.0	0.3380788308512194	0.3430703308172536	1.0	0.44948974278317805
te	1.0	1.0	0.013601932871293935	1.0	1.0	1.0	1.0	1.0	1.0	1.0	1.0	1.0	1.0	1.0	1.0	1.0	1.0	1.0	0.0	1.0	1.0	1.0	1.0	1.0	1.0	1.0	1.0	0.0	1.0	1.0	1.0	1.0	0.585786437626905	1.0	1.0	1.0
tr	1.0	0.10938960520122866	-1.0	1.0	0.3483314773547883	0.1974921707926566	1.0	0.14547209281889545	0.18126989259043744	0.13738317576432763	0.585786437626905	0.585786437626905	0.5	0.1616674014409542	0.13277195833156283	0.3021694792519622	0.39564392373896	0.4142135623730951	0.4364916731037085	0.31451985913875646	1.0	0.06619430823953201	0.17487414378538724	0.17808829082195718	0.4485068563421602	0.19160741797296413	0.3483314773547883	1.0	0.18794245125485656	0.5	0.3380788308512194	0.585786437626905	1.0	0.28172904669025317	1.0	0.2211722256431405
vi	1.0	1.0	0.06743455522716883	1.0	0.585786437626905	0.585786437626905	1.0	0.4142135623730951	1.0	0.585786437626905	1.0	1.0	1.0	0.585786437626905	0.585786437626905	1.0	1.0	1.0	1.0	1.0	1.0	0.5	0.585786437626905	0.44948974278317805	1.0	1.0	0.14669978037172737	1.0	0.585786437626905	0.5	0.3430703308172536	1.0	0.28172904669025317	1.0	1.0	1.0
war	1.0	1.0	0.010786502501516861	1.0	1.0	1.0	1.0	1.0	1.0	1.0	1.0	1.0	1.0	1.0	1.0	1.0	1.0	1.0	0.0	1.0	1.0	1.0	1.0	1.0	1.0	1.0	1.0	0.0	1.0	1.0	1.0	1.0	1.0	1.0	1.0	1.0
zh	1.0	0.5	0.054717231553881765	1.0	0.5	0.5	1.0	0.2216368750839041	0.44948974278317805	1.0	1.0	1.0	1.0	0.585786437626905	0.585786437626905	1.0	1.0	1.0	1.0	1.0	1.0	0.3090169943749474	0.5	0.24336073281110826	1.0	1.0	0.17131047540085398	1.0	0.5	0.38742588672279304	0.44948974278317805	1.0	0.2211722256431405	1.0	1.0	1.0
