arz	bs	ceb	ckb	da	de	el	en	es	fr	he	hi	hu	id	it	ja	ko	lv	mk	ml	mr	nl	pl	pt	ro	ru	sh	si	simple	sr	sv	te	tr	vi	war	zh
arz	1.0	1.0	0.0	1.0	1.0	1.0	1.0	1.0	1.0	1.0	1.0	1.0	1.0	1.0	1.0	1.0	1.0	1.0	1.0	1.0	1.0	1.0	1.0	0.5660160774121898	1.0	1.0	0.8216064286890065	1.0	1.0	1.0	1.0	1.0	1.0	1.0	1.0	1.0
bs	1.0	1.0	1.0	1.0	0.7584325078215765	0.10946112339684969	0.32114610117665543	0.22051375530717274	0.1640276390885389	0.16072578033547075	0.2504559809666545	1.0	0.29263516372399706	0.27977679831759883	0.20972208348234742	0.2224588043222562	0.2708814833657529	1.0	0.17241223746789497	1.0	0.7863954451402115	0.11558863742776655	0.051404891054852554	0.05808249573782351	0.30702320358257773	0.05378152424151795	0.1122248460657958	1.0	0.7690990303325336	0.087045329910798	0.16397914998209065	1.0	0.638271192525079	0.19788847602049658	0.699025232482903	0.06951888481035787
ceb	0.0	1.0	1.0	0.0	1.0	1.0	0.0	1.0	1.0	1.0	1.0	1.0	1.0	0.8216064286890065	1.0	1.0	1.0	1.0	1.0	1.0	0.0	1.0	1.0	1.0	1.0	1.0	1.0	1.0	1.0	1.0	1.0	0.0	-1.0	1.0	1.0	1.0
ckb	1.0	1.0	0.0	1.0	0.0	1.0	1.0	1.0	0.0	1.0	0.0	0.0	0.0	0.0	0.0	1.0	0.0	0.0	1.0	0.0	1.0	1.0	1.0	1.0	0.0	1.0	1.0	1.0	0.0	1.0	1.0	1.0	0.7411828468492556	0.0	0.7690990303325336	1.0
da	1.0	0.7584325078215765	1.0	0.0	1.0	0.7690990303325336	0.8216064286890065	0.4805954866802148	1.0	0.6974253625788668	1.0	1.0	0.4673729979266347	1.0	0.7690990303325336	1.0	0.4318525141527191	1.0	1.0	1.0	0.5020797777427737	0.7690990303325336	1.0	1.0	0.4634220168657222	1.0	1.0	1.0	1.0	1.0	1.0	1.0	0.4195719298829873	1.0	0.4470243838006413	1.0
de	1.0	0.10946112339684969	1.0	1.0	0.7690990303325336	1.0	0.1781880414799515	0.12586044925069273	0.1209711633101299	0.11842628482219768	0.46331993540310606	1.0	0.22505868740975332	0.2682296521139091	0.17086762673680145	0.18888667496508801	0.2143450307095812	1.0	0.11793759070812057	1.0	1.0	0.10543997978058212	0.08463077270285231	0.08722271867725627	0.163194845300667	0.0746558960686588	0.10679557706721154	1.0	1.0	0.08902807020064037	0.14798920835641516	1.0	0.42591495269824875	0.13780220067005905	0.7690990303325336	0.0858103711011489
el	1.0	0.32114610117665543	0.0	1.0	0.8216064286890065	0.1781880414799515	1.0	0.3721418045783435	0.3524079307108403	0.3603159861314825	0.40811600290671957	1.0	0.432161399766936	0.42449606080094454	0.4333152747351747	0.3370307685395974	0.4004003249880903	1.0	0.5134074579340053	1.0	1.0	0.25756900220790296	0.3414921908259681	0.42598191366985527	0.4903832297073332	0.37613241909476963	0.21542631285998146	1.0	1.0	0.18327282875814474	0.3307480555255758	1.0	0.6908587525207898	0.25347072021043904	0.7690990303325336	0.2749702346355016
en	1.0	0.22051375530717274	1.0	1.0	0.4805954866802148	0.12586044925069273	0.3721418045783435	1.0	0.19023148578506596	0.2567376562547585	0.33773749999766606	1.0	0.35093500372543696	0.35176363855136045	0.20605541483037731	0.21356286851057887	0.33371653619904473	1.0	0.3270666831632735	1.0	1.0	0.1939780509216211	0.13278080820691365	0.1551759060831862	0.36881081098700563	0.1434280432761862	0.16778891982463548	1.0	0.7690990303325336	0.12023345962250787	0.18570459567211214	1.0	0.5043414998877903	0.2136814163091214	0.7690990303325336	0.11405372688805289
es	1.0	0.1640276390885389	1.0	0.0	1.0	0.1209711633101299	0.3524079307108403	0.19023148578506596	1.0	0.17439874431259816	1.0	1.0	0.3048104408710093	0.37320828332033074	0.23431340286255498	0.23415451140775412	0.294114812590166	1.0	0.18580120101707479	1.0	1.0	0.14942936638919324	0.14885603388336857	0.15898099845029268	0.2373980359509918	0.15565708672652143	0.1490282677591832	1.0	1.0	0.1158871790463585	0.21722661278602515	1.0	0.6041397823070284	0.19517494815230532	0.7690990303325336	0.12757328842195612
fr	1.0	0.16072578033547075	1.0	1.0	0.6974253625788668	0.11842628482219768	0.3603159861314825	0.2567376562547585	0.17439874431259816	1.0	0.5211378528541004	1.0	0.35373985781266865	0.3525468917468633	0.22945245902974926	0.22036509058003068	0.3114466327626068	1.0	0.23941186038283846	1.0	1.0	0.1425704116986329	0.06377754947699361	0.07981172068541353	0.35139234300566896	0.06351531500322015	0.12764866213095394	1.0	0.6983438190355966	0.10058570678249705	0.1819641346216683	1.0	0.5999428809637917	0.21338383297570443	0.7690990303325336	0.07090776831109054
he	1.0	0.2504559809666545	1.0	0.0	1.0	0.46331993540310606	0.40811600290671957	0.33773749999766606	1.0	0.5211378528541004	1.0	1.0	0.5083230426337547	1.0	0.43059874833223455	0.6483618101972172	0.48716499085520304	1.0	0.728099120889861	1.0	1.0	0.5338092225652357	0.651610424238932	0.6532002319725719	0.6611973740117969	0.5950659482376811	0.6841174893561722	1.0	1.0	0.6468909830471344	1.0	1.0	0.6044414021866646	0.5757942532974009	0.7690990303325336	0.645551999395154
hi	1.0	1.0	1.0	0.0	1.0	1.0	1.0	1.0	1.0	1.0	1.0	1.0	1.0	1.0	1.0	1.0	1.0	1.0	1.0	1.0	1.0	1.0	1.0	1.0	1.0	1.0	0.0	1.0	1.0	1.0	1.0	1.0	0.7411828468492555	1.0	0.7690990303325336	1.0
hu	1.0	0.29263516372399706	1.0	0.0	0.4673729979266347	0.22505868740975332	0.432161399766936	0.35093500372543696	0.3048104408710093	0.35373985781266865	0.5083230426337547	1.0	1.0	0.3690867932126799	0.3336359582666866	0.3380107994613044	0.36299569343395144	1.0	0.4851033088816808	1.0	1.0	0.2454887727695716	0.3637373024025511	0.4007637732081596	0.45544308621748336	0.36762769520271915	0.2178583507516344	1.0	0.5455381281950756	0.19907660933186114	0.20999671658584326	1.0	0.7411828468492556	0.24714016093271451	0.7690990303325336	0.2585238510612753
id	1.0	0.27977679831759883	0.8216064286890065	0.0	1.0	0.2682296521139091	0.42449606080094454	0.35176363855136045	0.37320828332033074	0.3525468917468633	1.0	1.0	0.3690867932126799	1.0	0.2961692260819734	0.3566250474031134	0.3570226637595871	1.0	0.43198709923980594	1.0	1.0	0.2539233999454812	0.3682472903536465	0.42736010338480357	0.4150639690717812	0.39923952263184215	0.23328487967406183	1.0	0.7863954451402115	0.24499062371775157	0.2874749700644008	1.0	0.5713528532857757	0.24925354126548316	0.7690990303325336	0.3132757832303667
it	1.0	0.20972208348234742	1.0	0.0	0.7690990303325336	0.17086762673680145	0.4333152747351747	0.20605541483037731	0.23431340286255498	0.22945245902974926	0.43059874833223455	1.0	0.3336359582666866	0.2961692260819734	1.0	0.22882082334747073	0.2945582846913468	1.0	0.23136270134228057	1.0	1.0	0.18768816703722543	0.1923782759914044	0.19609855053359115	0.35963185202635695	0.18468452510676797	0.20497851336414344	0.7863954451402115	1.0	0.1792138993388562	0.22071546748732335	1.0	0.5590704832341679	0.23392914891406472	0.674320228744153	0.206050904650729
ja	1.0	0.2224588043222562	1.0	1.0	1.0	0.18888667496508801	0.3370307685395974	0.21356286851057887	0.23415451140775412	0.22036509058003068	0.6483618101972172	1.0	0.3380107994613044	0.3566250474031134	0.22882082334747073	1.0	0.29747812598463547	1.0	0.24995552740877883	1.0	1.0	0.20122897680435148	0.20622787200314702	0.22238792723221995	0.32456131636573354	0.2109445960892221	0.2155444283477327	1.0	1.0	0.14181052132737104	0.2167035051402915	1.0	0.5649879395951223	0.2048992339155973	0.7690990303325336	0.20665585825194663
ko	1.0	0.2708814833657529	1.0	0.0	0.4318525141527191	0.2143450307095812	0.4004003249880903	0.33371653619904473	0.294114812590166	0.3114466327626068	0.48716499085520304	1.0	0.36299569343395144	0.3570226637595871	0.2945582846913468	0.29747812598463547	1.0	1.0	0.40299222246359834	1.0	1.0	0.24925354649866524	0.3093281233228257	0.32843657699070156	0.3955040520406558	0.33737526618442154	0.20854943811066	1.0	0.5042139125013491	0.16940233380330397	0.28395522214489827	1.0	0.5863089236503652	0.22744886807667614	0.7690990303325336	0.26758205462918055
lv	1.0	1.0	1.0	0.0	1.0	1.0	1.0	1.0	1.0	1.0	1.0	1.0	1.0	1.0	1.0	1.0	1.0	1.0	1.0	1.0	1.0	1.0	1.0	1.0	1.0	1.0	0.0	1.0	1.0	1.0	1.0	1.0	0.7455134344225701	1.0	0.7690990303325336	1.0
mk	1.0	0.17241223746789497	1.0	1.0	1.0	0.11793759070812057	0.5134074579340053	0.3270666831632735	0.18580120101707479	0.23941186038283846	0.728099120889861	1.0	0.4851033088816808	0.43198709923980594	0.23136270134228057	0.24995552740877883	0.40299222246359834	1.0	1.0	1.0	1.0	0.14422118389231264	0.05259778508951643	0.060265194861409	0.6047566069205934	0.05558599282777942	0.13295437563260848	1.0	1.0	0.09694379596508881	0.1711274015706404	1.0	0.7411828468492555	0.23554050810891913	0.7690990303325336	0.07335175075044771
ml	1.0	1.0	1.0	0.0	1.0	1.0	1.0	1.0	1.0	1.0	1.0	1.0	1.0	1.0	1.0	1.0	1.0	1.0	1.0	1.0	1.0	1.0	1.0	1.0	1.0	1.0	0.0	1.0	1.0	1.0	1.0	1.0	0.7584325078215763	1.0	0.7690990303325336	1.0
mr	1.0	0.7863954451402115	0.0	1.0	0.5020797777427737	1.0	1.0	1.0	1.0	1.0	1.0	1.0	1.0	1.0	1.0	1.0	1.0	1.0	1.0	1.0	1.0	1.0	1.0	0.5020797777427737	1.0	1.0	0.7863954451402115	1.0	1.0	1.0	1.0	1.0	1.0	1.0	0.7863954451402115	1.0
nl	1.0	0.11558863742776655	1.0	1.0	0.7690990303325336	0.10543997978058212	0.25756900220790296	0.1939780509216211	0.14942936638919324	0.1425704116986329	0.5338092225652357	1.0	0.2454887727695716	0.2539233999454812	0.18768816703722543	0.20122897680435148	0.24925354649866524	1.0	0.14422118389231264	1.0	1.0	1.0	0.0508064434171838	0.05702492981488538	0.2480018586059273	0.05271491222420279	0.10508299306760437	1.0	0.8428085291297184	0.08339375466146173	0.1568378051252222	1.0	0.5097533303577073	0.18505154019309736	0.7690990303325336	0.0684969709730682
pl	1.0	0.051404891054852554	1.0	1.0	1.0	0.08463077270285231	0.3414921908259681	0.13278080820691365	0.14885603388336857	0.06377754947699361	0.651610424238932	1.0	0.3637373024025511	0.3682472903536465	0.1923782759914044	0.20622787200314702	0.3093281233228257	1.0	0.05259778508951643	1.0	1.0	0.0508064434171838	1.0	0.0420593725671365	0.25676486197918136	0.042007039305866134	0.05685476367482937	1.0	1.0	0.04802740164104491	0.17212084966004126	1.0	0.6093096912777514	0.18495915437173124	0.7690990303325336	0.056676513481493454
pt	0.5660160774121898	0.05808249573782351	1.0	1.0	1.0	0.08722271867725627	0.42598191366985527	0.1551759060831862	0.15898099845029268	0.07981172068541353	0.6532002319725719	1.0	0.4007637732081596	0.42736010338480357	0.19609855053359115	0.22238792723221995	0.32843657699070156	1.0	0.060265194861409	1.0	0.5020797777427737	0.05702492981488538	0.0420593725671365	1.0	0.3246346108670274	0.043661811116019876	0.06599895865468552	0.5020797777427737	1.0	0.05409128299148338	0.16668073742384426	0.5660160774121898	0.35843082376499436	0.2024022551438027	0.5263825220994709	0.06109615096864789
ro	1.0	0.30702320358257773	1.0	0.0	0.4634220168657222	0.163194845300667	0.4903832297073332	0.36881081098700563	0.2373980359509918	0.35139234300566896	0.6611973740117969	1.0	0.45544308621748336	0.4150639690717812	0.35963185202635695	0.32456131636573354	0.3955040520406558	1.0	0.6047566069205934	1.0	1.0	0.2480018586059273	0.25676486197918136	0.3246346108670274	1.0	0.33716456785857585	0.1922219102879567	1.0	0.4804934095339216	0.12832690732621388	0.20404392112124692	1.0	0.6518155124769264	0.2424462798180834	0.7690990303325336	0.18976351035072614
ru	1.0	0.05378152424151795	1.0	1.0	1.0	0.0746558960686588	0.37613241909476963	0.1434280432761862	0.15565708672652143	0.06351531500322015	0.5950659482376811	1.0	0.36762769520271915	0.39923952263184215	0.18468452510676797	0.2109445960892221	0.33737526618442154	1.0	0.05558599282777942	1.0	1.0	0.05271491222420279	0.042007039305866134	0.043661811116019876	0.33716456785857585	1.0	0.05696020764859354	1.0	1.0	0.05027651373618987	0.16815244759560674	1.0	0.5649879395951223	0.19296932168692404	0.7690990303325336	0.05636586250572227
sh	0.8216064286890065	0.1122248460657958	1.0	1.0	1.0	0.10679557706721154	0.21542631285998146	0.16778891982463548	0.1490282677591832	0.12764866213095394	0.6841174893561722	0.0	0.2178583507516344	0.23328487967406183	0.20497851336414344	0.2155444283477327	0.20854943811066	0.0	0.13295437563260848	0.0	0.7863954451402115	0.10508299306760437	0.05685476367482937	0.06599895865468552	0.1922219102879567	0.05696020764859354	1.0	1.0	1.0	0.08409670913324928	0.15254559129168588	0.8216064286890065	0.5505427845812926	0.16538817273042525	0.674320228744153	0.06725310755042294
si	1.0	1.0	1.0	1.0	1.0	1.0	1.0	1.0	1.0	1.0	1.0	1.0	1.0	1.0	0.7863954451402115	1.0	1.0	1.0	1.0	1.0	1.0	1.0	1.0	0.5020797777427737	1.0	1.0	1.0	1.0	1.0	1.0	1.0	1.0	0.7863954451402115	1.0	1.0	1.0
simple	1.0	0.7690990303325336	1.0	0.0	1.0	1.0	1.0	0.7690990303325336	1.0	0.6983438190355966	1.0	1.0	0.5455381281950756	0.7863954451402115	1.0	1.0	0.5042139125013491	1.0	1.0	1.0	1.0	0.8428085291297184	1.0	1.0	0.4804934095339216	1.0	1.0	1.0	1.0	1.0	1.0	1.0	0.6677789912939516	1.0	0.7690990303325336	1.0
sr	1.0	0.087045329910798	1.0	1.0	1.0	0.08902807020064037	0.18327282875814474	0.12023345962250787	0.1158871790463585	0.10058570678249705	0.6468909830471344	1.0	0.19907660933186114	0.24499062371775157	0.1792138993388562	0.14181052132737104	0.16940233380330397	1.0	0.09694379596508881	1.0	1.0	0.08339375466146173	0.04802740164104491	0.05409128299148338	0.12832690732621388	0.05027651373618987	0.08409670913324928	1.0	1.0	1.0	0.13952708592051383	1.0	0.6127099857971968	0.12337561134232737	0.7690990303325336	0.06356884138891629
sv	1.0	0.16397914998209065	1.0	1.0	1.0	0.14798920835641516	0.3307480555255758	0.18570459567211214	0.21722661278602515	0.1819641346216683	1.0	1.0	0.20999671658584326	0.2874749700644008	0.22071546748732335	0.2167035051402915	0.28395522214489827	1.0	0.1711274015706404	1.0	1.0	0.1568378051252222	0.17212084966004126	0.16668073742384426	0.20404392112124692	0.16815244759560674	0.15254559129168588	1.0	1.0	0.13952708592051383	1.0	1.0	0.3925589416939401	0.16953230694813481	0.7690990303325336	0.15908302298416682
te	1.0	1.0	0.0	1.0	1.0	1.0	1.0	1.0	1.0	1.0	1.0	1.0	1.0	1.0	1.0	1.0	1.0	1.0	1.0	1.0	1.0	1.0	1.0	0.5660160774121898	1.0	1.0	0.8216064286890065	1.0	1.0	1.0	1.0	1.0	1.0	1.0	1.0	1.0
tr	1.0	0.638271192525079	-1.0	0.7411828468492556	0.4195719298829873	0.42591495269824875	0.6908587525207898	0.5043414998877903	0.6041397823070284	0.5999428809637917	0.6044414021866646	0.7411828468492555	0.7411828468492556	0.5713528532857757	0.5590704832341679	0.5649879395951223	0.5863089236503652	0.7455134344225701	0.7411828468492555	0.7584325078215763	1.0	0.5097533303577073	0.6093096912777514	0.35843082376499436	0.6518155124769264	0.5649879395951223	0.5505427845812926	0.7863954451402115	0.6677789912939516	0.6127099857971968	0.3925589416939401	1.0	1.0	0.7376607345031153	0.674320228744153	0.5952778259726502
vi	1.0	0.19788847602049658	1.0	0.0	1.0	0.13780220067005905	0.25347072021043904	0.2136814163091214	0.19517494815230532	0.21338383297570443	0.5757942532974009	1.0	0.24714016093271451	0.24925354126548316	0.23392914891406472	0.2048992339155973	0.22744886807667614	1.0	0.23554050810891913	1.0	1.0	0.18505154019309736	0.18495915437173124	0.2024022551438027	0.2424462798180834	0.19296932168692404	0.16538817273042525	1.0	1.0	0.12337561134232737	0.16953230694813481	1.0	0.7376607345031153	1.0	0.7690990303325336	0.15863362579035956
war	1.0	0.699025232482903	1.0	0.7690990303325336	0.4470243838006413	0.7690990303325336	0.7690990303325336	0.7690990303325336	0.7690990303325336	0.7690990303325336	0.7690990303325336	0.7690990303325336	0.7690990303325336	0.7690990303325336	0.674320228744153	0.7690990303325336	0.7690990303325336	0.7690990303325336	0.7690990303325336	0.7690990303325336	0.7863954451402115	0.7690990303325336	0.7690990303325336	0.5263825220994709	0.7690990303325336	0.7690990303325336	0.674320228744153	1.0	0.7690990303325336	0.7690990303325336	0.7690990303325336	1.0	0.674320228744153	0.7690990303325336	1.0	0.7690990303325336
zh	1.0	0.06951888481035787	1.0	1.0	1.0	0.0858103711011489	0.2749702346355016	0.11405372688805289	0.12757328842195612	0.07090776831109054	0.645551999395154	1.0	0.2585238510612753	0.3132757832303667	0.206050904650729	0.20665585825194663	0.26758205462918055	1.0	0.07335175075044771	1.0	1.0	0.0684969709730682	0.056676513481493454	0.06109615096864789	0.18976351035072614	0.05636586250572227	0.06725310755042294	1.0	1.0	0.06356884138891629	0.15908302298416682	1.0	0.5952778259726502	0.15863362579035956	0.7690990303325336	1.0
