arz	bs	ceb	ckb	da	de	el	en	es	fr	he	hi	hu	id	it	ja	ko	lv	mk	ml	mr	nl	pl	pt	ro	ru	sh	si	simple	sr	sv	te	tr	vi	war	zh
arz	1.0	0.06593832841694751	0.30901699437494745	1.0	0.15511784463218828	0.0	0.0	0.0	0.0	0.0	1.0	1.0	0.044713599489520556	0.2012628451930092	0.0	0.0	0.0	0.25	1.0	1.0	1.0	0.0	0.0	0.0	0.1652960191502465	0.0	0.44948974278317805	1.0	0.20255199565557971	1.0	0.0	1.0	1.0	1.0	0.585786437626905	0.0
bs	0.06593832841694751	1.0	0.085938925545552	0.09482320716802653	0.04155030932730489	0.0	0.0	0.0	0.0	0.0	0.055196036878848255	0.06130614418575451	0.05942824146774034	0.04521784643235712	0.0	0.0	0.0	0.04165225117907208	0.059421425132237395	0.12313153540936227	0.060410451626690266	0.0	0.0	0.0	0.03977912326774841	0.0	0.04878607231122002	0.17863087857349053	0.04105647324963634	0.05304034955580528	0.0	0.2216368750839041	0.1525171367265041	0.04654464120781485	0.0942496673726769	0.0
ceb	0.30901699437494745	0.085938925545552	1.0	0.3090169943749474	0.18249562835429847	0.0	0.0	0.0	0.0	0.0	0.3164309725825328	0.25824569976124334	0.06243916109778072	0.16440202257687123	0.0	0.0	0.0	0.18087375304902228	0.24257131419419417	0.3333333333333333	0.3164309725825328	0.0	0.0	0.0	0.1951941016011038	0.0	0.2193450929151803	1.0	0.1757340838011157	0.30552726787943424	0.0	0.585786437626905	-1.0	0.1907435698305462	0.35388936786452296	0.0
ckb	1.0	0.09482320716802653	0.3090169943749474	1.0	0.1508906849579797	0.0	0.0	0.0	0.0	0.0	1.0	1.0	0.04268458464542989	0.17411239489546831	0.0	0.0	0.0	0.4142135623730951	1.0	1.0	1.0	0.0	0.0	0.0	0.20942771453851886	0.0	0.30216947925196225	1.0	0.18464218557642828	1.0	0.0	1.0	1.0	1.0	0.585786437626905	0.0
da	0.15511784463218828	0.04155030932730489	0.18249562835429847	0.1508906849579797	1.0	0.0	0.0	0.0	0.0	0.0	0.02875119876323802	0.03113025042499353	0.028412045476861148	0.016866029876218738	0.0	0.0	0.0	0.018917738787246143	0.018984241296662183	0.04295589727144334	0.05471705606570146	0.0	0.0	0.0	0.024554677771682343	0.0	0.02709183231815456	0.2989350844248255	0.02332953306222409	0.024470481082457023	0.0	0.3164309725825328	0.19117391480835716	0.019396827852414575	0.2070518364164892	0.0
de	0.0	0.0	0.0	0.0	0.0	1.0	1.0	1.0	1.0	1.0	0.0	0.0	0.0	0.0	1.0	1.0	1.0	0.0	0.0	0.0	0.0	0.0	0.0	1.0	0.0	1.0	0.0	0.0	0.0	0.0	1.0	0.0	0.16202097927744857	0.0	0.0	1.0
el	0.0	0.0	0.0	0.0	0.0	1.0	1.0	1.0	1.0	0.0	0.0	0.0	0.0	0.0	0.0	1.0	1.0	0.0	0.0	0.0	0.0	0.0	0.0	0.0	0.0	1.0	0.0	0.0	0.0	0.0	0.0	0.0	1.0	0.0	0.0	1.0
en	0.0	0.0	0.0	0.0	0.0	1.0	1.0	1.0	0.585786437626905	1.0	0.0	0.0	0.0	0.0	1.0	1.0	1.0	0.0	0.0	0.0	0.0	0.0	0.0	1.0	0.0	1.0	0.0	0.0	0.0	0.0	1.0	0.0	0.13591633302135278	0.0	0.0	1.0
es	0.0	0.0	0.0	0.0	0.0	1.0	1.0	0.585786437626905	1.0	1.0	0.0	0.0	0.0	0.0	1.0	1.0	1.0	0.0	0.0	0.0	0.0	0.0	0.0	1.0	0.0	1.0	0.0	0.0	0.0	0.0	1.0	0.0	0.2025282670705353	0.0	0.0	1.0
fr	0.0	0.0	0.0	0.0	0.0	1.0	0.0	1.0	1.0	1.0	0.0	0.0	0.0	0.0	1.0	0.0	0.0	0.0	0.0	0.0	0.0	0.0	0.0	1.0	0.0	0.0	0.0	0.0	0.0	0.0	1.0	0.0	0.14600023216548658	0.0	0.0	1.0
he	1.0	0.055196036878848255	0.3164309725825328	1.0	0.02875119876323802	0.0	0.0	0.0	0.0	0.0	1.0	1.0	0.016886354602341874	0.033424708149467235	0.0	0.0	0.0	0.04243548563953189	1.0	1.0	1.0	0.0	0.0	0.0	0.022221754597738338	0.0	0.06132388001140823	1.0	0.053485901755189566	0.5	0.0	1.0	0.585786437626905	0.4142135623730951	0.5	0.0
hi	1.0	0.06130614418575451	0.25824569976124334	1.0	0.03113025042499353	0.0	0.0	0.0	0.0	0.0	1.0	1.0	0.022625009920895268	0.03179749257888777	0.0	0.0	0.0	0.07753313026517666	1.0	1.0	1.0	0.0	0.0	0.0	0.035939918977425954	0.0	0.06260681335060271	1.0	0.029421792766996604	0.5	0.0	1.0	0.585786437626905	0.34833147735478825	0.5	0.0
hu	0.044713599489520556	0.05942824146774034	0.06243916109778072	0.04268458464542989	0.028412045476861148	0.0	0.0	0.0	0.0	0.0	0.016886354602341874	0.022625009920895268	1.0	0.014820739701868325	0.0	0.0	0.0	0.016042985351768877	0.01523987522407899	0.02432570326926216	0.026417992483650232	0.0	0.0	0.0	0.02709259602597361	0.0	0.021232977452638708	0.1365270594958143	0.019859296675747797	0.018969148338830046	0.0	0.1346729513762342	1.0	0.015510594510426877	0.07476498981140897	0.0
id	0.2012628451930092	0.04521784643235712	0.16440202257687123	0.17411239489546831	0.016866029876218738	0.0	0.0	0.0	0.0	0.0	0.033424708149467235	0.03179749257888777	0.014820739701868325	1.0	0.0	0.0	0.0	0.021533972031988962	0.01312489926063712	0.04159359911072393	0.04858140575272414	0.0	0.0	0.0	0.01717942541226614	0.0	0.023373307997816135	0.38742588672279304	0.015573485371581128	0.05044455812639811	0.0	0.26427884169111276	0.20342651452257512	0.014593464051430785	0.27195617308673	0.0
it	0.0	0.0	0.0	0.0	0.0	1.0	0.0	1.0	1.0	1.0	0.0	0.0	0.0	0.0	1.0	0.0	0.0	0.0	0.0	0.0	0.0	0.0	0.0	1.0	0.0	0.0	0.0	0.0	0.0	0.0	1.0	0.0	0.1839792270881144	0.0	0.0	1.0
ja	0.0	0.0	0.0	0.0	0.0	1.0	1.0	1.0	1.0	0.0	0.0	0.0	0.0	0.0	0.0	1.0	1.0	0.0	0.0	0.0	0.0	0.0	0.0	0.0	0.0	1.0	0.0	0.0	0.0	0.0	0.0	0.0	0.32449979983983984	0.0	0.0	1.0
ko	0.0	0.0	0.0	0.0	0.0	1.0	1.0	1.0	1.0	0.0	0.0	0.0	0.0	0.0	0.0	1.0	1.0	0.0	0.0	0.0	0.0	0.0	0.0	0.0	0.0	1.0	0.0	0.0	0.0	0.0	0.0	0.0	0.44948974278317805	0.0	0.0	1.0
lv	0.25	0.04165225117907208	0.18087375304902228	0.4142135623730951	0.018917738787246143	0.0	0.0	0.0	0.0	0.0	0.04243548563953189	0.07753313026517666	0.016042985351768877	0.021533972031988962	0.0	0.0	0.0	1.0	0.04218407890530412	0.11806459413856278	0.10564551980377636	0.0	0.0	0.0	0.02018852265625466	0.0	0.034743152197537916	0.4142135623730951	0.021177611649392688	0.05483190870521077	0.0	0.585786437626905	0.4364916731037085	0.038330429627275696	0.2742918851774318	0.0
mk	1.0	0.059421425132237395	0.24257131419419417	1.0	0.018984241296662183	0.0	0.0	0.0	0.0	0.0	1.0	1.0	0.01523987522407899	0.01312489926063712	0.0	0.0	0.0	0.04218407890530412	1.0	1.0	1.0	0.0	0.0	0.0	0.018286796989197582	0.0	0.04366301751892018	1.0	0.023775893273317892	0.36602540378443865	0.0	1.0	0.39564392373896007	0.28436465220442186	0.5	0.0
ml	1.0	0.12313153540936227	0.3333333333333333	1.0	0.04295589727144334	0.0	0.0	0.0	0.0	0.0	1.0	1.0	0.02432570326926216	0.04159359911072393	0.0	0.0	0.0	0.11806459413856278	1.0	1.0	1.0	0.0	0.0	0.0	0.036801907392697085	0.0	0.0816141487357365	1.0	0.05904101759094557	0.4364916731037085	0.0	1.0	0.3333333333333333	0.3430703308172536	0.5	0.0
mr	1.0	0.060410451626690266	0.3164309725825328	1.0	0.05471705606570146	0.0	0.0	0.0	0.0	0.0	1.0	1.0	0.026417992483650232	0.04858140575272414	0.0	0.0	0.0	0.10564551980377636	1.0	1.0	1.0	0.0	0.0	0.0	0.04337945908911632	0.0	0.08594483330154896	1.0	0.06381744470921474	0.585786437626905	0.0	1.0	1.0	0.44948974278317805	0.5	0.0
nl	0.0	0.0	0.0	0.0	0.0	0.0	0.0	0.0	0.0	0.0	0.0	0.0	0.0	0.0	0.0	0.0	0.0	0.0	0.0	0.0	0.0	1.0	0.0	0.0	0.0	0.0	0.0	0.0	0.0	0.0	0.0	0.0	0.06805103864491856	0.0	0.0	0.0
pl	0.0	0.0	0.0	0.0	0.0	0.0	0.0	0.0	0.0	0.0	0.0	0.0	0.0	0.0	0.0	0.0	0.0	0.0	0.0	0.0	0.0	0.0	0.0	0.0	0.0	0.0	0.0	0.0	0.0	0.0	0.0	0.0	0.18687239958484342	0.0	0.0	0.0
pt	0.0	0.0	0.0	0.0	0.0	1.0	0.0	1.0	1.0	1.0	0.0	0.0	0.0	0.0	1.0	0.0	0.0	0.0	0.0	0.0	0.0	0.0	0.0	1.0	0.0	0.0	0.0	0.0	0.0	0.0	1.0	0.0	0.18163482541075254	0.0	0.0	1.0
ro	0.1652960191502465	0.03977912326774841	0.1951941016011038	0.20942771453851886	0.024554677771682343	0.0	0.0	0.0	0.0	0.0	0.022221754597738338	0.035939918977425954	0.02709259602597361	0.01717942541226614	0.0	0.0	0.0	0.02018852265625466	0.018286796989197582	0.036801907392697085	0.04337945908911632	0.0	0.0	0.0	1.0	0.0	0.026332815937788308	0.3090169943749474	0.02373455122248846	0.022848603842309412	0.0	0.36602540378443865	0.353889367864523	0.019177306821028854	0.21089672205953397	0.0
ru	0.0	0.0	0.0	0.0	0.0	1.0	1.0	1.0	1.0	0.0	0.0	0.0	0.0	0.0	0.0	1.0	1.0	0.0	0.0	0.0	0.0	0.0	0.0	0.0	0.0	1.0	0.0	0.0	0.0	0.0	0.0	0.0	0.19160741797296413	0.0	0.0	1.0
sh	0.44948974278317805	0.04878607231122002	0.2193450929151803	0.30216947925196225	0.02709183231815456	0.0	0.0	0.0	0.0	0.0	0.06132388001140823	0.06260681335060271	0.021232977452638708	0.023373307997816135	0.0	0.0	0.0	0.034743152197537916	0.04366301751892018	0.0816141487357365	0.08594483330154896	0.0	0.0	0.0	0.026332815937788308	0.0	1.0	0.585786437626905	0.03366892137645213	0.031017219312413243	0.0	0.353889367864523	0.4142135623730951	0.03265836163044916	0.3164309725825328	0.0
si	1.0	0.17863087857349053	1.0	1.0	0.2989350844248255	0.0	0.0	0.0	0.0	0.0	1.0	1.0	0.1365270594958143	0.38742588672279304	0.0	0.0	0.0	0.4142135623730951	1.0	1.0	1.0	0.0	0.0	0.0	0.3090169943749474	0.0	0.585786437626905	1.0	0.3164309725825328	1.0	0.0	1.0	1.0	1.0	0.585786437626905	0.0
simple	0.20255199565557971	0.04105647324963634	0.1757340838011157	0.18464218557642828	0.02332953306222409	0.0	0.0	0.0	0.0	0.0	0.053485901755189566	0.029421792766996604	0.019859296675747797	0.015573485371581128	0.0	0.0	0.0	0.021177611649392688	0.023775893273317892	0.05904101759094557	0.06381744470921474	0.0	0.0	0.0	0.02373455122248846	0.0	0.03366892137645213	0.3164309725825328	1.0	0.05160662357193124	0.0	0.26533119314590375	0.21767634479507444	0.01836642743299564	0.21414671539086383	0.0
sr	1.0	0.05304034955580528	0.30552726787943424	1.0	0.024470481082457023	0.0	0.0	0.0	0.0	0.0	0.5	0.5	0.018969148338830046	0.05044455812639811	0.0	0.0	0.0	0.05483190870521077	0.36602540378443865	0.4364916731037085	0.585786437626905	0.0	0.0	0.0	0.022848603842309412	0.0	0.031017219312413243	1.0	0.05160662357193124	1.0	0.0	1.0	0.38742588672279304	0.3164309725825328	0.36602540378443865	0.0
sv	0.0	0.0	0.0	0.0	0.0	1.0	0.0	1.0	1.0	1.0	0.0	0.0	0.0	0.0	1.0	0.0	0.0	0.0	0.0	0.0	0.0	0.0	0.0	1.0	0.0	0.0	0.0	0.0	0.0	0.0	1.0	0.0	0.34833147735478825	0.0	0.0	1.0
te	1.0	0.2216368750839041	0.585786437626905	1.0	0.3164309725825328	0.0	0.0	0.0	0.0	0.0	1.0	1.0	0.1346729513762342	0.26427884169111276	0.0	0.0	0.0	0.585786437626905	1.0	1.0	1.0	0.0	0.0	0.0	0.36602540378443865	0.0	0.353889367864523	1.0	0.26533119314590375	1.0	0.0	1.0	0.585786437626905	1.0	0.585786437626905	0.0
tr	1.0	0.1525171367265041	-1.0	1.0	0.19117391480835716	0.16202097927744857	1.0	0.13591633302135278	0.2025282670705353	0.14600023216548658	0.585786437626905	0.585786437626905	1.0	0.20342651452257512	0.1839792270881144	0.32449979983983984	0.44948974278317805	0.4364916731037085	0.39564392373896007	0.3333333333333333	1.0	0.06805103864491856	0.18687239958484342	0.18163482541075254	0.353889367864523	0.19160741797296413	0.4142135623730951	1.0	0.21767634479507444	0.38742588672279304	0.34833147735478825	0.585786437626905	1.0	0.2857142857142857	1.0	0.27429188517743175
vi	1.0	0.04654464120781485	0.1907435698305462	1.0	0.019396827852414575	0.0	0.0	0.0	0.0	0.0	0.4142135623730951	0.34833147735478825	0.015510594510426877	0.014593464051430785	0.0	0.0	0.0	0.038330429627275696	0.28436465220442186	0.3430703308172536	0.44948974278317805	0.0	0.0	0.0	0.019177306821028854	0.0	0.03265836163044916	1.0	0.01836642743299564	0.3164309725825328	0.0	1.0	0.2857142857142857	1.0	0.32881309020609956	0.0
war	0.585786437626905	0.0942496673726769	0.35388936786452296	0.585786437626905	0.2070518364164892	0.0	0.0	0.0	0.0	0.0	0.5	0.5	0.07476498981140897	0.27195617308673	0.0	0.0	0.0	0.2742918851774318	0.5	0.5	0.5	0.0	0.0	0.0	0.21089672205953397	0.0	0.3164309725825328	0.585786437626905	0.21414671539086383	0.36602540378443865	0.0	0.585786437626905	1.0	0.32881309020609956	1.0	0.0
zh	0.0	0.0	0.0	0.0	0.0	1.0	1.0	1.0	1.0	1.0	0.0	0.0	0.0	0.0	1.0	1.0	1.0	0.0	0.0	0.0	0.0	0.0	0.0	1.0	0.0	1.0	0.0	0.0	0.0	0.0	1.0	0.0	0.27429188517743175	0.0	0.0	1.0
