arz	bs	ceb	ckb	da	de	el	en	es	fr	he	hi	hu	id	it	ja	ko	lv	mk	ml	mr	nl	pl	pt	ro	ru	sh	si	simple	sr	sv	te	tr	vi	war	zh
arz	0.0	0.0	0.0	0.0	0.0	0.0	0.0	0.0	0.0	0.0	0.0	0.0	0.0	0.0	0.0	0.0	0.0	0.0	0.0	0.0	0.0	0.0	0.0	0.0	0.0	0.0	0.0	0.0	0.0	0.0	0.0	0.0	0.0	0.0	0.0	0.0
bs	0.0	1.0	0.0	0.0	0.0	0.003503046127067015	0.0030471156156484133	0.01492755174527797	0.00018989745537409798	0.053603373783429456	0.0	0.0	0.002581765048394362	0.0008111111111111111	0.00010052496369931866	0.0	0.0015645831267422515	0.0	0.0	0.0	0.0	0.04292539840938643	0.0025172027172598766	0.0013593713736281953	0.010361622700433285	0.0028046970490658283	0.022618022173441884	0.0	0.0	0.01485512283280043	0.0001340782122905028	0.0	0.0	0.0012390614109811817	0.0	0.0019156455395184463
ceb	0.0	0.0	0.0	0.0	0.0	0.0	0.0	0.0	0.0	0.0	0.0	0.0	0.0	0.0	0.0	0.0	0.0	0.0	0.0	0.0	0.0	0.0	0.0	0.0	0.0	0.0	0.0	0.0	0.0	0.0	0.0	0.0	-1.0	0.0	0.0	0.0
ckb	0.0	0.0	0.0	0.0	0.0	0.0	0.0	0.0	0.0	0.0	0.0	0.0	0.0	0.0	0.0	0.0	0.0	0.0	0.0	0.0	0.0	0.0	0.0	0.0	0.0	0.0	0.0	0.0	0.0	0.0	0.0	0.0	0.0	0.0	0.0	0.0
da	0.0	0.0	0.0	0.0	0.0	0.0	0.0	0.0	0.0	0.0	0.0	0.0	0.0	0.0	0.0	0.0	0.0	0.0	0.0	0.0	0.0	0.0	0.0	0.0	0.0	0.0	0.0	0.0	0.0	0.0	0.0	0.0	0.0	0.0	0.0	0.0
de	0.0	0.003503046127067015	0.0	0.0	0.0	1.0	0.006924408540103866	0.01079876585533082	0.0	0.003724541317490918	0.0	0.0	0.0067085046526725815	0.0023128071697022263	0.0	0.0006978367062107466	0.005148607535689211	0.0	0.0	0.0	0.0	0.003792469797083317	0.0015250544662309367	0.0007505629221916438	0.010193865477382361	0.0009473285335354301	0.0022315789473684212	0.0	0.0	0.002506910072636112	0.0010334137099552187	0.0	0.0	0.004381443298969072	0.0	0.001137915339098771
el	0.0	0.0030471156156484133	0.0	0.0	0.0	0.006924408540103866	1.0	0.02653921510419759	0.0023752969121140144	0.005573753169907016	0.0	0.0	0.07132056451612903	0.04002713704206241	0.0011862396204033216	0.0020308692120227455	0.048747643415028276	0.0	0.0	0.0	0.0	0.0032886963371406065	0.0016710432084029601	0.0005560189046427579	0.07755842062852539	0.001846911553457829	0.003516295025728988	0.0	0.0	0.0031027198310007924	0.003605769230769231	0.0	0.0	0.02072992700729927	0.0	0.0035140562248995983
en	0.0	0.01492755174527797	0.0	0.0	0.0	0.01079876585533082	0.02653921510419759	1.0	0.0013361838588989846	0.02476604703351109	6.72314105149926e-05	0.0	0.02440370347660801	0.009232769830949285	0.0016038492381716118	0.0007376609442060086	0.02053554709443855	0.0	0.0	0.0	0.0	0.014496695841400387	0.0021665864227250844	0.0018095594658679645	0.0880639097744361	0.002486267707429893	0.01148063524301148	0.0	0.0	0.007689504373177843	0.0010705921712947475	0.0	0.0	0.015792154865002548	0.0	0.004701715820968432
es	0.0	0.00018989745537409798	0.0	0.0	0.0	0.0	0.0023752969121140144	0.0013361838588989846	1.0	0.00024385617904462567	0.0	0.0	0.004121586810922205	0.003942181340341655	0.0	0.0	0.004416403785488959	0.0	0.0	0.0	0.0	4.111588512221697e-05	0.0	0.0007716049382716049	0.004426366790285919	0.0	4.739561116640599e-05	0.0	0.0	0.0001551470017841905	0.0	0.0	0.0	0.004205214465937763	0.0	0.0005899705014749262
fr	0.0	0.053603373783429456	0.0	0.0	0.0	0.003724541317490918	0.005573753169907016	0.02476604703351109	0.00024385617904462567	1.0	1.3565207954637945e-05	0.0	0.004654193428278879	0.001764666262544622	0.00025740723178843835	0.0001355803516954323	0.004220198189054195	0.0	0.0	0.0	0.0	0.04109110728824241	0.002429859386825648	0.0015645476184108476	0.020434068395639406	0.0031074710978853397	0.029134654046358982	0.0	0.0	0.013759801221270261	0.00020327957717847947	0.0	0.0	0.002640786069518358	0.0	0.003973333333333333
he	0.0	0.0	0.0	0.0	0.0	0.0	0.0	6.72314105149926e-05	0.0	1.3565207954637945e-05	1.0	0.0	0.0	0.0	0.0	0.0	0.0	0.0	0.0	0.0	0.0	0.0	0.0	0.0	0.0001207437816952427	0.0	0.0	0.0	0.0	0.0	0.0	0.0	0.0	0.0	0.0	0.0
hi	0.0	0.0	0.0	0.0	0.0	0.0	0.0	0.0	0.0	0.0	0.0	0.0	0.0	0.0	0.0	0.0	0.0	0.0	0.0	0.0	0.0	0.0	0.0	0.0	0.0	0.0	0.0	0.0	0.0	0.0	0.0	0.0	0.0	0.0	0.0	0.0
hu	0.0	0.002581765048394362	0.0	0.0	0.0	0.0067085046526725815	0.07132056451612903	0.02440370347660801	0.004121586810922205	0.004654193428278879	0.0	0.0	1.0	0.07025862068965517	0.00257201646090535	0.0026609898882384245	0.11032863849765258	0.0	0.0	0.0	0.0	0.0021888804871254028	0.0008310249307479224	0.0006635700066357001	0.11767955801104972	0.0009313154831199069	0.00228400755479422	0.0	0.0	0.0021947873799725653	0.0020855057351407717	0.0	0.0	0.0392436674991081	0.0	0.002936857562408223
id	0.0	0.0008111111111111111	0.0	0.0	0.0	0.0023128071697022263	0.04002713704206241	0.009232769830949285	0.003942181340341655	0.001764666262544622	0.0	0.0	0.07025862068965517	1.0	0.0026246719160104987	0.0057553956834532375	0.07049345417925479	0.0	0.0	0.0	0.0	0.0007325560100115988	0.00041203131437989287	0.000546448087431694	0.04152087707021227	0.0006426735218508997	0.0008327165062916358	0.0	0.0	0.0007453230975627934	0.005457025920873124	0.0	0.0	0.018267530936947555	0.14285714285714285	0.003148897885739991
it	0.0	0.00010052496369931866	0.0	0.0	0.0	0.0	0.0011862396204033216	0.0016038492381716118	0.0	0.00025740723178843835	0.0	0.0	0.00257201646090535	0.0026246719160104987	1.0	0.0	0.0037831021437578815	0.0	0.0	0.0	0.0	0.00012335779929686054	0.0	0.0015444015444015444	0.001789762558167283	0.0007757951900698216	4.739561116640599e-05	0.0	0.0	7.756748371082842e-05	0.0	0.0	0.0	0.0016778523489932886	0.0	0.0005899705014749262
ja	0.0	0.0	0.0	0.0	0.0	0.0006978367062107466	0.0020308692120227455	0.0007376609442060086	0.0	0.0001355803516954323	0.0	0.0	0.0026609898882384245	0.0057553956834532375	0.0	1.0	0.0039447731755424065	0.0	0.0	0.0	0.0	4.117090040759191e-05	0.0	0.0	0.0018037518037518038	0.0	4.754207473614148e-05	0.0	0.0	0.0	0.0	0.0	0.0	0.0008865248226950354	0.0	0.0
ko	0.0	0.0015645831267422515	0.0	0.0	0.0	0.005148607535689211	0.048747643415028276	0.02053554709443855	0.004416403785488959	0.004220198189054195	0.0	0.0	0.11032863849765258	0.07049345417925479	0.0037831021437578815	0.0039447731755424065	1.0	0.0	0.0	0.0	0.0	0.0016023394155466981	0.0018461538461538461	0.0003762227238525207	0.08217810801818787	0.0005076142131979696	0.002454590083456063	0.0	0.0	0.0011236744153381559	0.003205128205128205	0.0	0.0	0.031060911657926585	0.0	0.0029517874713020664
lv	0.0	0.0	0.0	0.0	0.0	0.0	0.0	0.0	0.0	0.0	0.0	0.0	0.0	0.0	0.0	0.0	0.0	0.0	0.0	0.0	0.0	0.0	0.0	0.0	0.0	0.0	0.0	0.0	0.0	0.0	0.0	0.0	0.0	0.0	0.0	0.0
mk	0.0	0.0	0.0	0.0	0.0	0.0	0.0	0.0	0.0	0.0	0.0	0.0	0.0	0.0	0.0	0.0	0.0	0.0	0.0	0.0	0.0	0.0	0.0	0.0	0.0	0.0	0.0	0.0	0.0	0.0	0.0	0.0	0.0	0.0	0.0	0.0
ml	0.0	0.0	0.0	0.0	0.0	0.0	0.0	0.0	0.0	0.0	0.0	0.0	0.0	0.0	0.0	0.0	0.0	0.0	0.0	0.0	0.0	0.0	0.0	0.0	0.0	0.0	0.0	0.0	0.0	0.0	0.0	0.0	0.0	0.0	0.0	0.0
mr	0.0	0.0	0.0	0.0	0.0	0.0	0.0	0.0	0.0	0.0	0.0	0.0	0.0	0.0	0.0	0.0	0.0	0.0	0.0	0.0	0.0	0.0	0.0	0.0	0.0	0.0	0.0	0.0	0.0	0.0	0.0	0.0	0.0	0.0	0.0	0.0
nl	0.0	0.04292539840938643	0.0	0.0	0.0	0.003792469797083317	0.0032886963371406065	0.014496695841400387	4.111588512221697e-05	0.04109110728824241	0.0	0.0	0.0021888804871254028	0.0007325560100115988	0.00012335779929686054	4.117090040759191e-05	0.0016023394155466981	0.0	0.0	0.0	0.0	1.0	0.002071506822029678	0.0014907933438091784	0.009004688832054561	0.0034632716110116297	0.02031380722431786	0.0	0.0	0.013606679341985617	0.00016457519029006376	0.0	0.0	0.0016758874126721317	0.0	0.0020596704527275638
pl	0.0	0.0025172027172598766	0.0	0.0	0.0	0.0015250544662309367	0.0016710432084029601	0.0021665864227250844	0.0	0.002429859386825648	0.0	0.0	0.0008310249307479224	0.00041203131437989287	0.0	0.0	0.0018461538461538461	0.0	0.0	0.0	0.0	0.002071506822029678	1.0	0.0006759040216289286	0.002091841816914035	0.001415762151958471	0.0018484288354898336	0.0	0.0	0.001996145374449339	0.0	0.0	0.0	0.0007002801120448179	0.0	0.0008936550491510277
pt	0.0	0.0013593713736281953	0.0	0.0	0.0	0.0007505629221916438	0.0005560189046427579	0.0018095594658679645	0.0007716049382716049	0.0015645476184108476	0.0	0.0	0.0006635700066357001	0.000546448087431694	0.0015444015444015444	0.0	0.0003762227238525207	0.0	0.0	0.0	0.0	0.0014907933438091784	0.0006759040216289286	1.0	0.002224105062486761	0.0013728720483250961	0.0011290759642308735	0.0	0.0	0.0010756543564001434	0.0	0.0	0.0	0.0004424778761061947	0.0	0.0010869565217391304
ro	0.0	0.010361622700433285	0.0	0.0	0.0	0.010193865477382361	0.07755842062852539	0.0880639097744361	0.004426366790285919	0.020434068395639406	0.0001207437816952427	0.0	0.11767955801104972	0.04152087707021227	0.001789762558167283	0.0018037518037518038	0.08217810801818787	0.0	0.0	0.0	0.0	0.009004688832054561	0.002091841816914035	0.002224105062486761	1.0	0.001958041958041958	0.010217466344494304	0.0	0.0	0.007414848832759281	0.0027558111670261203	0.0	0.0	0.04862200313690343	0.0	0.005198246865762919
ru	0.0	0.0028046970490658283	0.0	0.0	0.0	0.0009473285335354301	0.001846911553457829	0.002486267707429893	0.0	0.0031074710978853397	0.0	0.0	0.0009313154831199069	0.0006426735218508997	0.0007757951900698216	0.0	0.0005076142131979696	0.0	0.0	0.0	0.0	0.0034632716110116297	0.001415762151958471	0.0013728720483250961	0.001958041958041958	1.0	0.002650932101932615	0.0	0.0	0.0023014203051025775	0.0	0.0	0.0	0.0008472182999152782	0.0	0.0009896091044037606
sh	0.0	0.022618022173441884	0.0	0.0	0.0	0.0022315789473684212	0.003516295025728988	0.01148063524301148	4.739561116640599e-05	0.029134654046358982	0.0	0.0	0.00228400755479422	0.0008327165062916358	4.739561116640599e-05	4.754207473614148e-05	0.002454590083456063	0.0	0.0	0.0	0.0	0.02031380722431786	0.0018484288354898336	0.0011290759642308735	0.010217466344494304	0.002650932101932615	1.0	0.0	0.0	0.01050520770980486	9.491718475630013e-05	0.0	0.0	0.0016797566622781131	0.0	0.002309673980634272
si	0.0	0.0	0.0	0.0	0.0	0.0	0.0	0.0	0.0	0.0	0.0	0.0	0.0	0.0	0.0	0.0	0.0	0.0	0.0	0.0	0.0	0.0	0.0	0.0	0.0	0.0	0.0	0.0	0.0	0.0	0.0	0.0	0.0	0.0	0.0	0.0
simple	0.0	0.0	0.0	0.0	0.0	0.0	0.0	0.0	0.0	0.0	0.0	0.0	0.0	0.0	0.0	0.0	0.0	0.0	0.0	0.0	0.0	0.0	0.0	0.0	0.0	0.0	0.0	0.0	0.0	0.0	0.0	0.0	0.0	0.0	0.0	0.0
sr	0.0	0.01485512283280043	0.0	0.0	0.0	0.002506910072636112	0.0031027198310007924	0.007689504373177843	0.0001551470017841905	0.013759801221270261	0.0	0.0	0.0021947873799725653	0.0007453230975627934	7.756748371082842e-05	0.0	0.0011236744153381559	0.0	0.0	0.0	0.0	0.013606679341985617	0.001996145374449339	0.0010756543564001434	0.007414848832759281	0.0023014203051025775	0.01050520770980486	0.0	0.0	1.0	0.0001554726368159204	0.0	0.0	0.0016625704785311552	0.0	0.0013249651324965133
sv	0.0	0.0001340782122905028	0.0	0.0	0.0	0.0010334137099552187	0.003605769230769231	0.0010705921712947475	0.0	0.00020327957717847947	0.0	0.0	0.0020855057351407717	0.005457025920873124	0.0	0.0	0.003205128205128205	0.0	0.0	0.0	0.0	0.00016457519029006376	0.0	0.0	0.0027558111670261203	0.0	9.491718475630013e-05	0.0	0.0	0.0001554726368159204	1.0	0.0	0.0	0.0017167381974248926	0.09090909090909091	0.0005995203836930455
te	0.0	0.0	0.0	0.0	0.0	0.0	0.0	0.0	0.0	0.0	0.0	0.0	0.0	0.0	0.0	0.0	0.0	0.0	0.0	0.0	0.0	0.0	0.0	0.0	0.0	0.0	0.0	0.0	0.0	0.0	0.0	0.0	0.0	0.0	0.0	0.0
tr	0.0	0.0	-1.0	0.0	0.0	0.0	0.0	0.0	0.0	0.0	0.0	0.0	0.0	0.0	0.0	0.0	0.0	0.0	0.0	0.0	0.0	0.0	0.0	0.0	0.0	0.0	0.0	0.0	0.0	0.0	0.0	0.0	1.0	0.0	0.0	0.0
vi	0.0	0.0012390614109811817	0.0	0.0	0.0	0.004381443298969072	0.02072992700729927	0.015792154865002548	0.004205214465937763	0.002640786069518358	0.0	0.0	0.0392436674991081	0.018267530936947555	0.0016778523489932886	0.0008865248226950354	0.031060911657926585	0.0	0.0	0.0	0.0	0.0016758874126721317	0.0007002801120448179	0.0004424778761061947	0.04862200313690343	0.0008472182999152782	0.0016797566622781131	0.0	0.0	0.0016625704785311552	0.0017167381974248926	0.0	0.0	1.0	0.0	0.0018832391713747645
war	0.0	0.0	0.0	0.0	0.0	0.0	0.0	0.0	0.0	0.0	0.0	0.0	0.0	0.14285714285714285	0.0	0.0	0.0	0.0	0.0	0.0	0.0	0.0	0.0	0.0	0.0	0.0	0.0	0.0	0.0	0.0	0.09090909090909091	0.0	0.0	0.0	1.0	0.0
zh	0.0	0.0019156455395184463	0.0	0.0	0.0	0.001137915339098771	0.0035140562248995983	0.004701715820968432	0.0005899705014749262	0.003973333333333333	0.0	0.0	0.002936857562408223	0.003148897885739991	0.0005899705014749262	0.0	0.0029517874713020664	0.0	0.0	0.0	0.0	0.0020596704527275638	0.0008936550491510277	0.0010869565217391304	0.005198246865762919	0.0009896091044037606	0.002309673980634272	0.0	0.0	0.0013249651324965133	0.0005995203836930455	0.0	0.0	0.0018832391713747645	0.0	1.0
