arz	bs	ceb	ckb	da	de	el	en	es	fr	he	hi	hu	id	it	ja	ko	lv	mk	ml	mr	nl	pl	pt	ro	ru	sh	si	simple	sr	sv	te	tr	vi	war	zh
arz	0.5	0.5	0.0	0.5	0.5	0.5	0.5	0.5	0.5	0.5	0.5	0.5	0.5	0.5	0.5	0.5	0.5	0.5	0.5	0.5	0.5	0.5	0.5	0.5	0.5	0.5	0.5	1.0	0.5	0.5	0.5	0.5	0.5	0.5	0.5	0.5
bs	0.5	0.001287705053744597	1.0	1.0	0.2	0.002669058092445925	0.012703254701776872	0.004210773008489528	0.006451945889698231	0.0017165601833325221	0.07692899408284024	1.0	0.013928545258376952	0.020029243667709792	0.013890046489197531	0.01538508875739645	0.013181481716354772	1.0	0.0011918951132300357	1.0	0.3333333333333333	0.0011859175038431726	0.0012288197544340787	0.00123323266248607	0.009002930796473721	0.0012184557141761653	0.0013898209195897634	0.3333333333333333	0.25	0.0011634034567434793	0.014926932724437514	0.5	0.14285714285714285	0.00770048273196285	0.25	0.0020927550726440756
ceb	0.0	1.0	0.3333333333333333	0.0	1.0	0.5	0.0	0.3333333333333333	0.5	1.0	0.5	0.5	1.0	0.5	0.5	0.5	0.5	1.0	1.0	1.0	0.0	1.0	1.0	0.5	0.5	0.5	1.0	0.5	1.0	1.0	1.0	0.0	-1.0	0.5	1.0	0.5
ckb	0.5	1.0	0.0	1.0	0.0	1.0	1.0	1.0	0.0	1.0	0.0	0.0	0.0	0.0	0.0	1.0	0.0	0.0	1.0	0.0	0.3333333333333333	1.0	1.0	1.0	0.0	1.0	1.0	0.3333333333333333	0.0	1.0	1.0	0.5	0.125	0.0	0.25	1.0
da	0.5	0.2	1.0	0.0	0.2	0.25	0.5	0.25	0.25	0.25	0.3333333333333333	1.0	0.3333333333333333	0.5	0.25	0.25	0.25	1.0	0.3333333333333333	1.0	0.3333333333333333	0.25	0.25	0.25	0.3333333333333333	0.25	0.3333333333333333	0.3333333333333333	0.5	0.25	0.3333333333333333	0.5	0.16666666666666666	0.25	0.25	0.25
de	0.5	0.002669058092445925	0.5	1.0	0.25	0.0025894527229249047	0.013342049781869335	0.00474371979798565	0.006802721088435374	0.003864838900124809	0.05555555555555555	1.0	0.014712590183391439	0.020838543837239584	0.013158067867036011	0.013513513513513514	0.013161704986322713	1.0	0.002702702702702703	1.0	0.3333333333333333	0.002696718841290109	0.002638550274643034	0.0026247339161344987	0.009188388971176149	0.0028249146158511283	0.003534255752999788	0.3333333333333333	0.25	0.0026741471589264774	0.01449338374291115	0.5	0.07142857142857142	0.008065686979708636	0.25	0.00429206653281512
el	0.5	0.012703254701776872	0.0	1.0	0.5	0.013342049781869335	0.013057698949358888	0.013603589579170374	0.015152892561983471	0.01359286500091649	0.2	1.0	0.021874187111217067	0.028677143618342643	0.035719387755102035	0.025643655489809333	0.02230249276705246	1.0	0.012658227848101266	1.0	0.3333333333333333	0.01284752625848909	0.012659029001762537	0.012821334648257724	0.018101528987272686	0.014707396193771627	0.01410258563822265	0.3333333333333333	1.0	0.012663679380709983	0.028577145307756735	0.5	0.125	0.017886206383715412	0.25	0.013891397570216435
en	0.5	0.004210773008489528	0.3333333333333333	1.0	0.25	0.00474371979798565	0.013603589579170374	0.004147211724258697	0.006623481557826411	0.004698765045494497	0.05	1.0	0.013780180432799037	0.019660264477644376	0.01266063130908508	0.013159972645429362	0.012553659671321825	1.0	0.00425531914893617	1.0	0.3333333333333333	0.004199457359297149	0.003968726442428822	0.004016515927162464	0.008916249838908557	0.0043867344760118495	0.004725896967836832	0.3333333333333333	0.25	0.004205479789389861	0.015876795918367347	0.5	0.05555555555555555	0.0076483603526081995	0.25	0.004927613215632532
es	0.5	0.006451945889698231	0.5	0.0	0.25	0.006802721088435374	0.015152892561983471	0.006623481557826411	0.006139300238021981	0.006494349974700624	0.07692307692307693	1.0	0.01408649097401309	0.020002	0.016666944444444443	0.015873015873015872	0.012988024962050936	1.0	0.006493506493506494	1.0	0.3333333333333333	0.0064107084977399744	0.006172839506172839	0.006289308176100629	0.009176332042757343	0.007246376811594203	0.007092450077963885	0.3333333333333333	0.25	0.0065360331496433	0.019230769230769232	0.5	0.07143367346938775	0.008620838287752676	0.25	0.006756756756756757
fr	0.5	0.0017165601833325221	1.0	1.0	0.25	0.003864838900124809	0.01359286500091649	0.004698765045494497	0.006494349974700624	0.0018857888187516054	0.07142857142857142	1.0	0.013958690867305954	0.02005213395093854	0.013701820604240944	0.01428734693877551	0.01254830220908742	1.0	0.0017301038062283738	1.0	0.3333333333333333	0.0017000757122693222	0.0016783394864139	0.0016838759083908756	0.00898391340776483	0.001742892052929536	0.0017320605269020763	0.3333333333333333	0.25	0.0017011604036028265	0.014929606593896189	0.5	0.06666666666666667	0.008145644910742622	0.25	0.0020847491454691015
he	0.5	0.07692899408284024	0.5	0.0	0.3333333333333333	0.05555555555555555	0.2	0.05	0.07692307692307693	0.07142857142857142	0.050004999999999994	1.0	0.25	0.5	0.0625	0.08333333333333333	0.1111111111111111	1.0	0.07692307692307693	1.0	0.3333333333333333	0.07692899408284024	0.05	0.05263157894736842	0.14285714285714285	0.05	0.1111111111111111	0.3333333333333333	0.5	0.07692307692307693	0.16666666666666666	0.5	0.1	0.14285714285714285	0.25	0.07142857142857142
hi	0.5	1.0	0.5	0.0	1.0	1.0	1.0	1.0	1.0	1.0	1.0	1.0	1.0	1.0	1.0	1.0	1.0	1.0	1.0	1.0	0.3333333333333333	1.0	1.0	1.0	1.0	1.0	0.0	0.3333333333333333	1.0	1.0	1.0	0.5	0.125	1.0	0.25	1.0
hu	0.5	0.013928545258376952	1.0	0.0	0.3333333333333333	0.014712590183391439	0.021874187111217067	0.013780180432799037	0.01408649097401309	0.013958690867305954	0.25	1.0	0.013856940698712999	0.022809689569358114	0.02941608996539792	0.023257977285018928	0.015227178276430747	1.0	0.014084507042253521	1.0	0.3333333333333333	0.013720243059934809	0.01369900544192156	0.014084903788930767	0.014298194641092334	0.015874275636180397	0.01493629628470016	0.3333333333333333	0.5	0.014088673477881373	0.027784725309413574	0.5	0.125	0.014729056709847652	0.25	0.013514792001460921
id	0.5	0.020029243667709792	0.5	0.0	0.5	0.020838543837239584	0.028677143618342643	0.019660264477644376	0.020002	0.02005213395093854	0.5	1.0	0.022809689569358114	0.019860575289242694	0.043487716448017015	0.026317174515235454	0.022279155425601816	1.0	0.02	1.0	0.3333333333333333	0.020016414414416015	0.019608996539792388	0.02	0.021899085981628045	0.022727789256198346	0.020841150176217016	0.3333333333333333	0.3333333333333333	0.020003600399999998	0.030304866850321393	0.5	0.11112345679012345	0.02175615407231239	0.25	0.020001599999999998
it	0.5	0.013890046489197531	0.5	0.0	0.25	0.013158067867036011	0.035719387755102035	0.01266063130908508	0.016666944444444443	0.013701820604240944	0.0625	1.0	0.02941608996539792	0.043487716448017015	0.011378506742933937	0.02173960302457467	0.02778009336419753	1.0	0.014084507042253521	1.0	0.3333333333333333	0.013514426588750912	0.011904761904761904	0.012345679012345678	0.02439917073289768	0.012500156406406407	0.016667222222222222	0.3333333333333333	0.25	0.014084705415592145	0.028573877551020407	0.5	0.06666666666666667	0.023810090702947845	0.25	0.014285714285714285
ja	0.5	0.01538508875739645	0.5	1.0	0.25	0.013513513513513514	0.025643655489809333	0.013159972645429362	0.015873015873015872	0.01428734693877551	0.08333333333333333	1.0	0.023257977285018928	0.026317174515235454	0.02173960302457467	0.013166555577391796	0.02127840651878678	1.0	0.015625	1.0	0.3333333333333333	0.015625	0.013157894736842105	0.013333333333333334	0.02083854253472222	0.013513696128560994	0.017857780612244897	0.3333333333333333	0.5	0.01562548828125	0.022222222222222223	0.5	0.06666666666666667	0.02127659574468085	0.25	0.014492753623188406
ko	0.5	0.013181481716354772	0.5	0.0	0.25	0.013161704986322713	0.02230249276705246	0.012553659671321825	0.012988024962050936	0.01254830220908742	0.1111111111111111	1.0	0.015227178276430747	0.022279155425601816	0.02778009336419753	0.02127840651878678	0.0125749733460726	1.0	0.013333333333333334	1.0	0.3333333333333333	0.013174016130755946	0.012658868931261015	0.0125003125	0.014032747088499106	0.015151744719926538	0.013707643652657345	0.3333333333333333	0.5	0.013335822577777776	0.027781636574074075	0.5	0.07692307692307693	0.013903758118650867	0.25	0.0125009375
lv	0.5	1.0	1.0	0.0	1.0	1.0	1.0	1.0	1.0	1.0	1.0	1.0	1.0	1.0	1.0	1.0	1.0	1.0	1.0	1.0	0.3333333333333333	1.0	1.0	1.0	1.0	1.0	0.0	0.3333333333333333	1.0	1.0	1.0	0.5	0.14285714285714285	1.0	0.25	1.0
mk	0.5	0.0011918951132300357	1.0	1.0	0.3333333333333333	0.002702702702702703	0.012658227848101266	0.00425531914893617	0.006493506493506494	0.0017301038062283738	0.07692307692307693	1.0	0.014084507042253521	0.02	0.014084507042253521	0.015625	0.013333333333333334	1.0	0.0011904761904761906	1.0	0.3333333333333333	0.001199040767386091	0.0012515644555694619	0.0012531328320802004	0.008928571428571428	0.0012406947890818859	0.001430615164520744	0.3333333333333333	0.25	0.0011947431302270011	0.015151515151515152	0.5	0.125	0.0078125	0.25	0.002145922746781116
ml	0.5	1.0	1.0	0.0	1.0	1.0	1.0	1.0	1.0	1.0	1.0	1.0	1.0	1.0	1.0	1.0	1.0	1.0	1.0	1.0	0.3333333333333333	1.0	1.0	1.0	1.0	1.0	0.0	0.3333333333333333	1.0	1.0	1.0	0.5	0.2	1.0	0.25	1.0
mr	0.5	0.3333333333333333	0.0	0.3333333333333333	0.3333333333333333	0.3333333333333333	0.3333333333333333	0.3333333333333333	0.3333333333333333	0.3333333333333333	0.3333333333333333	0.3333333333333333	0.3333333333333333	0.3333333333333333	0.3333333333333333	0.3333333333333333	0.3333333333333333	0.3333333333333333	0.3333333333333333	0.3333333333333333	0.3333333333333333	0.3333333333333333	0.3333333333333333	0.3333333333333333	0.3333333333333333	0.3333333333333333	0.3333333333333333	1.0	0.3333333333333333	0.3333333333333333	0.3333333333333333	0.5	0.3333333333333333	0.3333333333333333	0.3333333333333333	0.3333333333333333
nl	0.5	0.0011859175038431726	1.0	1.0	0.25	0.002696718841290109	0.01284752625848909	0.004199457359297149	0.0064107084977399744	0.0017000757122693222	0.07692899408284024	1.0	0.013720243059934809	0.020016414414416015	0.013514426588750912	0.015625	0.013174016130755946	1.0	0.001199040767386091	1.0	0.3333333333333333	0.0012446005301389573	0.0012301530132290616	0.0012331763939421112	0.008972792508987299	0.0012153001495683797	0.0014150436669176317	0.3333333333333333	0.25	0.0011845520320515328	0.01470782871972318	0.5	0.07142857142857142	0.007756627908359714	0.25	0.0020881142559699443
pl	0.5	0.0012288197544340787	1.0	1.0	0.25	0.002638550274643034	0.012659029001762537	0.003968726442428822	0.006172839506172839	0.0016783394864139	0.05	1.0	0.01369900544192156	0.019608996539792388	0.011904761904761904	0.013157894736842105	0.012658868931261015	1.0	0.0012515644555694619	1.0	0.3333333333333333	0.0012301530132290616	0.0012088668815113952	0.0012239932043823943	0.008773161049630733	0.0012484503608940756	0.0014793993601414505	0.3333333333333333	0.25	0.0012346075308641972	0.014492753623188406	0.5	0.09090909090909091	0.007633587786259542	0.25	0.002066132777815723
pt	0.5	0.00123323266248607	0.5	1.0	0.25	0.0026247339161344987	0.012821334648257724	0.004016515927162464	0.006289308176100629	0.0016838759083908756	0.05263157894736842	1.0	0.014084903788930767	0.02	0.012345679012345678	0.013333333333333334	0.0125003125	1.0	0.0012531328320802004	1.0	0.3333333333333333	0.0012331763939421112	0.0012239932043823943	0.001216814486856198	0.00885049737645861	0.0012594553610517163	0.00148154951989026	0.3333333333333333	0.25	0.0012391911557637703	0.014492753623188406	0.5	0.0625	0.0076924260355029596	0.25	0.0020746974053477037
ro	0.5	0.009002930796473721	0.5	0.0	0.3333333333333333	0.009188388971176149	0.018101528987272686	0.008916249838908557	0.009176332042757343	0.00898391340776483	0.14285714285714285	1.0	0.014298194641092334	0.021899085981628045	0.02439917073289768	0.02083854253472222	0.014032747088499106	1.0	0.008928571428571428	1.0	0.3333333333333333	0.008972792508987299	0.008773161049630733	0.00885049737645861	0.009459047736275506	0.010991426518536409	0.009286256044066831	0.3333333333333333	0.3333333333333333	0.008938465650440939	0.024401550863772752	0.5	0.1	0.009475355956945803	0.25	0.008775855802169974
ru	0.5	0.0012184557141761653	0.5	1.0	0.25	0.0028249146158511283	0.014707396193771627	0.0043867344760118495	0.007246376811594203	0.001742892052929536	0.05	1.0	0.015874275636180397	0.022727789256198346	0.012500156406406407	0.013513696128560994	0.015151744719926538	1.0	0.0012406947890818859	1.0	0.3333333333333333	0.0012153001495683797	0.0012484503608940756	0.0012594553610517163	0.010991426518536409	0.0011997098023358264	0.0014707266522491344	0.3333333333333333	0.25	0.0012240516353078472	0.014492753623188406	0.5	0.06666666666666667	0.009345881736396193	0.25	0.0021645490151983656
sh	0.5	0.0013898209195897634	1.0	1.0	0.3333333333333333	0.003534255752999788	0.01410258563822265	0.004725896967836832	0.007092450077963885	0.0017320605269020763	0.1111111111111111	0.0	0.01493629628470016	0.020841150176217016	0.016667222222222222	0.017857780612244897	0.013707643652657345	0.0	0.001430615164520744	0.0	0.3333333333333333	0.0014150436669176317	0.0014793993601414505	0.00148154951989026	0.009286256044066831	0.0014707266522491344	0.0014244723933118525	0.3333333333333333	0.5	0.00138954313866907	0.016667777777777778	0.5	0.125	0.008335625486319444	0.25	0.0021369804404996703
si	1.0	0.3333333333333333	0.5	0.3333333333333333	0.3333333333333333	0.3333333333333333	0.3333333333333333	0.3333333333333333	0.3333333333333333	0.3333333333333333	0.3333333333333333	0.3333333333333333	0.3333333333333333	0.3333333333333333	0.3333333333333333	0.3333333333333333	0.3333333333333333	0.3333333333333333	0.3333333333333333	0.3333333333333333	1.0	0.3333333333333333	0.3333333333333333	0.3333333333333333	0.3333333333333333	0.3333333333333333	0.3333333333333333	0.3333333333333333	0.3333333333333333	0.3333333333333333	0.3333333333333333	1.0	0.3333333333333333	0.3333333333333333	0.5	0.3333333333333333
simple	0.5	0.25	1.0	0.0	0.5	0.25	1.0	0.25	0.25	0.25	0.5	1.0	0.5	0.3333333333333333	0.25	0.5	0.5	1.0	0.25	1.0	0.3333333333333333	0.25	0.25	0.25	0.3333333333333333	0.25	0.5	0.3333333333333333	0.25	0.25	0.3333333333333333	0.5	0.1111111111111111	0.3333333333333333	0.25	0.25
sr	0.5	0.0011634034567434793	1.0	1.0	0.25	0.0026741471589264774	0.012663679380709983	0.004205479789389861	0.0065360331496433	0.0017011604036028265	0.07692307692307693	1.0	0.014088673477881373	0.020003600399999998	0.014084705415592145	0.01562548828125	0.013335822577777776	1.0	0.0011947431302270011	1.0	0.3333333333333333	0.0011845520320515328	0.0012346075308641972	0.0012391911557637703	0.008938465650440939	0.0012240516353078472	0.00138954313866907	0.3333333333333333	0.25	0.0011775484809610547	0.015152204086317723	0.5	0.1	0.007752899705726999	0.25	0.002105365096952908
sv	0.5	0.014926932724437514	1.0	1.0	0.3333333333333333	0.01449338374291115	0.028577145307756735	0.015876795918367347	0.019230769230769232	0.014929606593896189	0.16666666666666666	1.0	0.027784725309413574	0.030304866850321393	0.028573877551020407	0.022222222222222223	0.027781636574074075	1.0	0.015151515151515152	1.0	0.3333333333333333	0.01470782871972318	0.014492753623188406	0.014492753623188406	0.024401550863772752	0.014492753623188406	0.016667777777777778	0.3333333333333333	0.3333333333333333	0.015152204086317723	0.01430369594717677	0.5	0.07692307692307693	0.024391433670434264	0.25	0.015873015873015872
te	0.5	0.5	0.0	0.5	0.5	0.5	0.5	0.5	0.5	0.5	0.5	0.5	0.5	0.5	0.5	0.5	0.5	0.5	0.5	0.5	0.5	0.5	0.5	0.5	0.5	0.5	0.5	1.0	0.5	0.5	0.5	0.5	0.5	0.5	0.5	0.5
tr	0.5	0.14285714285714285	-1.0	0.125	0.16666666666666666	0.07142857142857142	0.125	0.05555555555555555	0.07143367346938775	0.06666666666666667	0.1	0.125	0.125	0.11112345679012345	0.06666666666666667	0.06666666666666667	0.07692307692307693	0.14285714285714285	0.125	0.2	0.3333333333333333	0.07142857142857142	0.09090909090909091	0.0625	0.1	0.06666666666666667	0.125	0.3333333333333333	0.1111111111111111	0.1	0.07692307692307693	0.5	0.05557408642283951	0.1111111111111111	0.25	0.0625
vi	0.5	0.00770048273196285	0.5	0.0	0.25	0.008065686979708636	0.017886206383715412	0.0076483603526081995	0.008620838287752676	0.008145644910742622	0.14285714285714285	1.0	0.014729056709847652	0.02175615407231239	0.023810090702947845	0.02127659574468085	0.013903758118650867	1.0	0.0078125	1.0	0.3333333333333333	0.007756627908359714	0.007633587786259542	0.0076924260355029596	0.009475355956945803	0.009345881736396193	0.008335625486319444	0.3333333333333333	0.3333333333333333	0.007752899705726999	0.024391433670434264	0.5	0.1111111111111111	0.007696995451249309	0.25	0.00813034569370084
war	0.5	0.25	1.0	0.25	0.25	0.25	0.25	0.25	0.25	0.25	0.25	0.25	0.25	0.25	0.25	0.25	0.25	0.25	0.25	0.25	0.3333333333333333	0.25	0.25	0.25	0.25	0.25	0.25	0.5	0.25	0.25	0.25	0.5	0.25	0.25	0.25006256256256254	0.25
zh	0.5	0.0020927550726440756	0.5	1.0	0.25	0.00429206653281512	0.013891397570216435	0.004927613215632532	0.006756756756756757	0.0020847491454691015	0.07142857142857142	1.0	0.013514792001460921	0.020001599999999998	0.014285714285714285	0.014492753623188406	0.0125009375	1.0	0.002145922746781116	1.0	0.3333333333333333	0.0020881142559699443	0.002066132777815723	0.0020746974053477037	0.008775855802169974	0.0021645490151983656	0.0021369804404996703	0.3333333333333333	0.25	0.002105365096952908	0.015873015873015872	0.5	0.0625	0.00813034569370084	0.25	0.0020558405438136996
