arz	bs	ceb	ckb	da	de	el	en	es	fr	he	hi	hu	id	it	ja	ko	lv	mk	ml	mr	nl	pl	pt	ro	ru	sh	si	simple	sr	sv	te	vi	war	zh
arz	1.0	0.531312750837562	0.5076923076923077	0.5276872964169381	0.517113783533765	0.5044452347083926	0.5173824130879345	0.5025531837940072	0.5053047638859997	0.5048132460531383	0.5111216280170374	0.5205949656750571	0.5180722891566265	0.5130208333333334	0.5052050138092202	0.5084395452979676	0.5131933225632741	0.5234782608695653	0.5233785822021116	0.5220879059662414	0.534965034965035	0.5075827917053544	0.5054024255788313	0.5060385169046019	0.5216110019646365	0.5062135429875729	0.5192118226600985	0.5328467153284672	0.515970515970516	0.5133410672853828	0.5093589659337293	0.5304347826086956	0.5134615384615385	0.5364583333333334	0.5097706032285472
bs	0.531312750837562	1.0	0.5074015748031496	0.5454545454545455	0.5513219284603421	0.5167281586387321	0.5556700228476715	0.5100154047406505	0.5194862894102726	0.5181467581856639	0.5359477124183006	0.5565941136315489	0.5515406685941056	0.5451175242512545	0.5192213339774142	0.5286678275081945	0.5396034181901053	0.5593707757689494	0.5587253951083766	0.5534524768109425	0.5416415974292005	0.5275913790120411	0.5200350847041304	0.5226705249718533	0.5490535109341039	0.5229376462554925	0.5650742688313307	0.5434505325582785	0.5480019813390212	0.5435047372000696	0.5332151939394792	0.5423452768729642	0.5433831385218881	0.5382978723404256	0.5347632783157668
ceb	0.5076923076923077	0.5074015748031496	1.0	0.5114155251141552	0.5029644268774703	0.5007186489399927	0.5038674033149171	0.5004026575397624	0.5008421052631579	0.5007788161993769	0.5019493177387914	0.5049875311720698	0.5037837837837837	0.502724795640327	0.500752850075285	0.5014155802485062	0.5022246941045606	0.5050301810865191	0.5059625212947189	0.5074626865671642	0.515	0.5011030570438072	0.5008936550491511	0.500999500249875	0.5041928721174004	0.5010298661174047	0.5031645569620253	0.5161290322580645	0.5030355594102341	0.5024067388688327	0.5013949780789159	0.5076335877862596	0.5023411371237458	0.53	0.5015263846489315
ckb	0.5276872964169381	0.5454545454545455	0.5114155251141552	1.0	0.5339805825242718	0.5088245675961878	0.5364431486880467	0.5051340843385504	0.5104145184574139	0.509451976322322	0.5215377489578509	0.5364025695931478	0.533713200379867	0.5275142314990512	0.510530749789385	0.5161071549677857	0.524134312696747	0.5534290271132376	0.5435684647302904	0.546644844517185	0.5467032967032968	0.5146520146520147	0.5105918322777899	0.5121891760117016	0.5357474466109563	0.5122976263626686	0.5345149253731344	0.5533141210374639	0.5318646734854445	0.5230337078651686	0.5175840978593271	0.5452380952380952	0.5270690728064716	0.5539033457249071	0.5191763051087097
da	0.517113783533765	0.5513219284603421	0.5029644268774703	0.5339805825242718	1.0	0.5366868830607208	0.5672444710101614	0.5230324450846157	0.5428799025007081	0.5403071292547733	0.5713736848715668	0.5648959316358857	0.57698901589892	0.5691169671752195	0.542519748508786	0.5595842807148425	0.5748507102034797	0.5642591871379138	0.5610396190378599	0.5521148036253777	0.5309180486955224	0.5579205827346612	0.5421400126866868	0.5495513228738493	0.5747057030152974	0.5474395253608619	0.5685814771395077	0.5273052820053715	0.576654483927813	0.5656742199649294	0.5672504867402908	0.5318606627017842	0.5666826759227911	0.52	0.5674783578773545
de	0.5044452347083926	0.5167281586387321	0.5007186489399927	0.5088245675961878	0.5366868830607208	1.0	0.5329071595046356	0.5946132624694891	0.6064836289004858	0.6030997094825113	0.5651359025395227	0.529092666130984	0.5346834908876213	0.5493864476417456	0.6021548586014196	0.5792833788091024	0.5595219983702819	0.5195117758294654	0.5223487008386645	0.5179358390428688	0.5080431324023333	0.5886835453296341	0.6043844799782403	0.5952814381189818	0.5354588149686544	0.588109538607018	0.5334919721886258	0.5074336283185841	0.5396561758267954	0.5538667623089212	0.5762421908670673	0.5104706556934279	0.5489872962417897	0.5040157058718544	0.5662625244568387
el	0.5173824130879345	0.5556700228476715	0.5038674033149171	0.5364431486880467	0.5672444710101614	0.5329071595046356	1.0	0.5210664462644129	0.5389520569098678	0.5358019527526455	0.5636022253129346	0.5713660066015221	0.5678967334986952	0.5687487706754917	0.5375803687269354	0.555295311932864	0.5695963684646367	0.5695448665247188	0.5682411477796708	0.5524840543379728	0.535421881568663	0.5501671213367442	0.5387326428866124	0.5443505137099456	0.5765336938638058	0.5425002779030798	0.5678842045690385	0.5313352310407803	0.5726450573534257	0.5627327307292175	0.5589802519552215	0.5380281690140845	0.5670856863422178	0.5227995758218451	0.5612011709395621
en	0.5025531837940072	0.5100154047406505	0.5004026575397624	0.5051340843385504	0.5230324450846157	0.5946132624694891	0.5210664462644129	1.0	0.5920423797959473	0.5908818743926408	0.5459594048648818	0.5190447218777563	0.5214685733315193	0.5331770354431975	0.5889225187480793	0.5603078448971636	0.5409681619948845	0.5119545082787031	0.5138541963125923	0.5112309198755993	0.5047436203265966	0.5656357582168673	0.5850679090103305	0.5804559232790841	0.5220530959003862	0.5744326852250455	0.5217757559045761	0.5043965270352886	0.5269238032552775	0.5373461463422659	0.5543321522720641	0.50622008567596	0.5346666325261773	0.5022574297820979	0.5511494558083452
es	0.5053047638859997	0.5194862894102726	0.5008421052631579	0.5104145184574139	0.5428799025007081	0.6064836289004858	0.5389520569098678	0.5920423797959473	1.0	0.6081265619448166	0.5762315551282795	0.5351532544408176	0.5406412691040688	0.5585252582471084	0.6114807968371644	0.5902729008365466	0.5707873118918373	0.523777208465636	0.5269910012446318	0.5221132594895317	0.5096094234345939	0.5979507187459135	0.6059540599726279	0.6126420403542954	0.5410105044933385	0.5965860708586834	0.5402287339792594	0.5088990066225165	0.5472948954536777	0.5638721004269426	0.586940291168394	0.51233218084448	0.5600695014802466	0.5047002297890119	0.5798968861858963
fr	0.5048132460531383	0.5181467581856639	0.5007788161993769	0.509451976322322	0.5403071292547733	0.6030997094825113	0.5358019527526455	0.5908818743926408	0.6081265619448166	1.0	0.5704404646069141	0.5319337398234458	0.5373956208369908	0.5533237269931196	0.6031161404389351	0.5837513018050366	0.5656073149985774	0.5217580140779325	0.5250867534696102	0.5201256173462777	0.5088176126456057	0.5928085730931986	0.5983708761829687	0.600684850343696	0.5388184841477688	0.5885552016317956	0.5367689334079461	0.5081484796038678	0.5449577710647237	0.5570504284290114	0.582244234399305	0.5112167300380228	0.5550680097553196	0.504349507055867	0.5720355355363119
he	0.5111216280170374	0.5359477124183006	0.5019493177387914	0.5215377489578509	0.5713736848715668	0.5651359025395227	0.5636022253129346	0.5459594048648818	0.5762315551282795	0.5704404646069141	1.0	0.5584662211184743	0.5647494789204547	0.5781079255155187	0.5742696808211895	0.5870301656015942	0.5928273811472127	0.5448344019844064	0.5494288329451033	0.5381174586801031	0.51986190759846	0.5877780486522597	0.573231907197692	0.5841585435165308	0.5674998149314165	0.5759092300635285	0.565511604967129	0.5187349791205537	0.5769987357413956	0.5809917268385751	0.5946927066308871	0.524747496310417	0.5824017332923555	0.510038240917782	0.589242120188556
hi	0.5205949656750571	0.5565941136315489	0.5049875311720698	0.5364025695931478	0.5648959316358857	0.529092666130984	0.5713660066015221	0.5190447218777563	0.5351532544408176	0.5319337398234458	0.5584662211184743	1.0	0.5655420454628167	0.569934958178829	0.5333057457880868	0.5501656615165559	0.5657377906634456	0.5675258634646965	0.5637866231547994	0.5669369376578216	0.5427494369754599	0.5454289139092704	0.53370721303269	0.540412150375084	0.5713136801697687	0.5382313349004476	0.5651546405407898	0.5386104451698375	0.5720418145125088	0.559333026318426	0.5529849777046625	0.5484908897139301	0.5699566095498028	0.5243179122182681	0.5572027266298318
hu	0.5180722891566265	0.5515406685941056	0.5037837837837837	0.533713200379867	0.57698901589892	0.5346834908876213	0.5678967334986952	0.5214685733315193	0.5406412691040688	0.5373956208369908	0.5647494789204547	0.5655420454628167	1.0	0.5682578139123684	0.5390516636777766	0.5529776944600223	0.5672450017766766	0.563304531715874	0.5622145081927801	0.5517241379310345	0.5344227014600741	0.5533422980734187	0.5411595111205485	0.5465475864263136	0.5741835731071934	0.5450579218832586	0.5673545131612518	0.5297115519346638	0.5694414600804076	0.5647527182410829	0.5586646680564946	0.5398148148148149	0.5667888380902163	0.5212435233160622	0.5609213691035496
id	0.5130208333333334	0.5451175242512545	0.502724795640327	0.5275142314990512	0.5691169671752195	0.5493864476417456	0.5687487706754917	0.5331770354431975	0.5585252582471084	0.5533237269931196	0.5781079255155187	0.569934958178829	0.5682578139123684	1.0	0.5567576678103777	0.5703785492614679	0.5804548708277548	0.5534884728946095	0.5547087642896026	0.548885077186964	0.5264837268666241	0.571530993278566	0.5553655001865704	0.5662717366697295	0.5707755444073281	0.5623774794984746	0.5705553381006201	0.5243589743589743	0.5730026087509809	0.5768879317419163	0.5778096357417215	0.531385954008701	0.582439961362273	0.5142667551426675	0.5742318444699696
it	0.5052050138092202	0.5192213339774142	0.500752850075285	0.510530749789385	0.542519748508786	0.6021548586014196	0.5375803687269354	0.5889225187480793	0.6114807968371644	0.6031161404389351	0.5742696808211895	0.5333057457880868	0.5390516636777766	0.5567576678103777	1.0	0.5865680631194311	0.5681439337187515	0.5235210713024958	0.5265897860472021	0.5218246864014631	0.5091890430426239	0.5964720309719365	0.6005988891660317	0.6090817920361988	0.5401617989612849	0.5928637783603443	0.5395686931701235	0.508343014806864	0.5465825553786553	0.5614145169135581	0.5837351214093698	0.512046357737274	0.5566835402191629	0.5046948356807511	0.577536219195079
ja	0.5084395452979676	0.5286678275081945	0.5014155802485062	0.5161071549677857	0.5595842807148425	0.5792833788091024	0.555295311932864	0.5603078448971636	0.5902729008365466	0.5837513018050366	0.5870301656015942	0.5501656615165559	0.5529776944600223	0.5703785492614679	0.5865680631194311	1.0	0.5895681238026502	0.5348019392929048	0.5387859562716723	0.5325518044942334	0.5157163721441271	0.5917569547713214	0.584508248991652	0.5949275927986257	0.5543587360812778	0.5840235329886946	0.5535266150764603	0.5143442622950819	0.5663343524286707	0.5720896086665749	0.5946796099521062	0.5191887316410269	0.5735820284537855	0.5078097882679625	0.5910403153208599
ko	0.5131933225632741	0.5396034181901053	0.5022246941045606	0.524134312696747	0.5748507102034797	0.5595219983702819	0.5695963684646367	0.5409681619948845	0.5707873118918373	0.5656073149985774	0.5928273811472127	0.5657377906634456	0.5672450017766766	0.5804548708277548	0.5681439337187515	0.5895681238026502	1.0	0.5474207213911132	0.5500821144380377	0.5440846171110163	0.5235333639803388	0.5822941366438961	0.5659916287784607	0.5785352010066827	0.572593081309946	0.5733587420329955	0.5707888517108501	0.5212490258209043	0.5837664066843542	0.5832336606137033	0.5903687430118933	0.5266701581967824	0.5875305736478266	0.5119825708061002	0.5900348582283195
lv	0.5234782608695653	0.5593707757689494	0.5050301810865191	0.5534290271132376	0.5642591871379138	0.5195117758294654	0.5695448665247188	0.5119545082787031	0.523777208465636	0.5217580140779325	0.5448344019844064	0.5675258634646965	0.563304531715874	0.5534884728946095	0.5235210713024958	0.5348019392929048	0.5474207213911132	1.0	0.5704513759472347	0.5683426586178105	0.5513866231647634	0.5327273998576458	0.5242328042328043	0.5274548748561975	0.5679830980783703	0.5268453703498043	0.5607658570262104	0.5479726614477202	0.5584016783901254	0.5478750640040962	0.538463557833767	0.5480939632743864	0.5556148438943334	0.5373134328358209	0.5404645126457202
mk	0.5233785822021116	0.5587253951083766	0.5059625212947189	0.5435684647302904	0.5610396190378599	0.5223487008386645	0.5682411477796708	0.5138541963125923	0.5269910012446318	0.5250867534696102	0.5494288329451033	0.5637866231547994	0.5622145081927801	0.5547087642896026	0.5265897860472021	0.5387859562716723	0.5500821144380377	0.5704513759472347	1.0	0.5555167731806913	0.5383269475739897	0.5359825916147903	0.526573355742861	0.5315227814118306	0.570421376264555	0.5303055172190301	0.5616805270146196	0.5385714285714286	0.5609873976233745	0.5520106681754372	0.5443698507203274	0.5383615084525357	0.5566947677007148	0.5301587301587302	0.545284848134053
ml	0.5220879059662414	0.5534524768109425	0.5074626865671642	0.546644844517185	0.5521148036253777	0.5179358390428688	0.5524840543379728	0.5112309198755993	0.5221132594895317	0.5201256173462777	0.5381174586801031	0.5669369376578216	0.5517241379310345	0.548885077186964	0.5218246864014631	0.5325518044942334	0.5440846171110163	0.5683426586178105	0.5555167731806913	1.0	0.5511349493749147	0.5294297362749624	0.521389247590363	0.5251412842623248	0.5595779541906283	0.5246108518158493	0.5545305070195882	0.547984916642134	0.5538218257316484	0.5407297850622159	0.534380029212588	0.5555555555555556	0.54867935737491	0.5402750491159136	0.5368465757913473
mr	0.534965034965035	0.5416415974292005	0.515	0.5467032967032968	0.5309180486955224	0.5080431324023333	0.535421881568663	0.5047436203265966	0.5096094234345939	0.5088176126456057	0.51986190759846	0.5427494369754599	0.5344227014600741	0.5264837268666241	0.5091890430426239	0.5157163721441271	0.5235333639803388	0.5513866231647634	0.5383269475739897	0.5511349493749147	1.0	0.5135066491285186	0.5096458118770258	0.5110140784955779	0.5348399246704332	0.5109460571182413	0.5315739868049011	0.5518168194586854	0.5331734612310152	0.5222171912850374	0.5167649652947335	0.5626598465473146	0.52810897927192	0.5622489959839357	0.5191126596071918
nl	0.5075827917053544	0.5275913790120411	0.5011030570438072	0.5146520146520147	0.5579205827346612	0.5886835453296341	0.5501671213367442	0.5656357582168673	0.5979507187459135	0.5928085730931986	0.5877780486522597	0.5454289139092704	0.5533422980734187	0.571530993278566	0.5964720309719365	0.5917569547713214	0.5822941366438961	0.5327273998576458	0.5359825916147903	0.5294297362749624	0.5135066491285186	1.0	0.5915579245735456	0.5990761053886798	0.5526743765048827	0.591353796553343	0.552278062414853	0.5124971281982525	0.5610606057827328	0.5742668003112011	0.5984442143078913	0.5174295240982116	0.5702205370821508	0.5070115300716734	0.5861766056302579
pl	0.5054024255788313	0.5200350847041304	0.5008936550491511	0.5105918322777899	0.5421400126866868	0.6043844799782403	0.5387326428866124	0.5850679090103305	0.6059540599726279	0.5983708761829687	0.573231907197692	0.53370721303269	0.5411595111205485	0.5553655001865704	0.6005988891660317	0.584508248991652	0.5659916287784607	0.5242328042328043	0.526573355742861	0.521389247590363	0.5096458118770258	0.5915579245735456	1.0	0.5980724771886323	0.5404132324703321	0.5891611772623484	0.540022826643604	0.5089872862779483	0.546018529420322	0.5617056763395424	0.5801909808611538	0.512380538662033	0.555720593455941	0.5048737261852015	0.5743411000461749
pt	0.5060385169046019	0.5226705249718533	0.500999500249875	0.5121891760117016	0.5495513228738493	0.5952814381189818	0.5443505137099456	0.5804559232790841	0.6126420403542954	0.600684850343696	0.5841585435165308	0.540412150375084	0.5465475864263136	0.5662717366697295	0.6090817920361988	0.5949275927986257	0.5785352010066827	0.5274548748561975	0.5315227814118306	0.5251412842623248	0.5110140784955779	0.5990761053886798	0.5980724771886323	1.0	0.5487525085564945	0.5969377823809107	0.546659463161745	0.5104095159909694	0.5553571024749574	0.5688993169842969	0.5933527966932749	0.5143109488364551	0.5676367316285801	0.5054455445544555	0.5862584121320098
ro	0.5216110019646365	0.5490535109341039	0.5041928721174004	0.5357474466109563	0.5747057030152974	0.5354588149686544	0.5765336938638058	0.5220530959003862	0.5410105044933385	0.5388184841477688	0.5674998149314165	0.5713136801697687	0.5741835731071934	0.5707755444073281	0.5401617989612849	0.5543587360812778	0.572593081309946	0.5679830980783703	0.570421376264555	0.5595779541906283	0.5348399246704332	0.5526743765048827	0.5404132324703321	0.5487525085564945	1.0	0.5466290821030548	0.5698729582577132	0.5311332950999738	0.573939235383897	0.5704973740581616	0.5609325050343268	0.536322869955157	0.5715498784351493	0.5211267605633803	0.561793149810931
ru	0.5062135429875729	0.5229376462554925	0.5010298661174047	0.5122976263626686	0.5474395253608619	0.588109538607018	0.5425002779030798	0.5744326852250455	0.5965860708586834	0.5885552016317956	0.5759092300635285	0.5382313349004476	0.5450579218832586	0.5623774794984746	0.5928637783603443	0.5840235329886946	0.5733587420329955	0.5268453703498043	0.5303055172190301	0.5246108518158493	0.5109460571182413	0.591353796553343	0.5891611772623484	0.5969377823809107	0.5466290821030548	1.0	0.5454258970789472	0.5105937947645318	0.5508472080384273	0.5681013487735371	0.5836808437992707	0.5145921676228485	0.5622365603349488	0.5057428184472567	0.5762214325872814
sh	0.5192118226600985	0.5650742688313307	0.5031645569620253	0.5345149253731344	0.5685814771395077	0.5334919721886258	0.5678842045690385	0.5217757559045761	0.5402287339792594	0.5367689334079461	0.565511604967129	0.5651546405407898	0.5673545131612518	0.5705553381006201	0.5395686931701235	0.5535266150764603	0.5707888517108501	0.5607658570262104	0.5616805270146196	0.5545305070195882	0.5315739868049011	0.552278062414853	0.540022826643604	0.546659463161745	0.5698729582577132	0.5454258970789472	1.0	0.5321146738986998	0.572682869819591	0.5955746875224779	0.5604044336109752	0.5375565610859728	0.5674745404093886	0.5212981744421906	0.5599509278053465
si	0.5328467153284672	0.5434505325582785	0.5161290322580645	0.5533141210374639	0.5273052820053715	0.5074336283185841	0.5313352310407803	0.5043965270352886	0.5088990066225165	0.5081484796038678	0.5187349791205537	0.5386104451698375	0.5297115519346638	0.5243589743589743	0.508343014806864	0.5143442622950819	0.5212490258209043	0.5479726614477202	0.5385714285714286	0.547984916642134	0.5518168194586854	0.5124971281982525	0.5089872862779483	0.5104095159909694	0.5311332950999738	0.5105937947645318	0.5321146738986998	1.0	0.5302116515859212	0.5216647662485747	0.5154217136183378	0.5461538461538461	0.5246212121212122	0.5588235294117647	0.5179138214656973
simple	0.515970515970516	0.5480019813390212	0.5030355594102341	0.5318646734854445	0.576654483927813	0.5396561758267954	0.5726450573534257	0.5269238032552775	0.5472948954536777	0.5449577710647237	0.5769987357413956	0.5720418145125088	0.5694414600804076	0.5730026087509809	0.5465825553786553	0.5663343524286707	0.5837664066843542	0.5584016783901254	0.5609873976233745	0.5538218257316484	0.5331734612310152	0.5610606057827328	0.546018529420322	0.5553571024749574	0.573939235383897	0.5508472080384273	0.572682869819591	0.5302116515859212	1.0	0.5689042179369481	0.5701054491863244	0.5350141187294083	0.5786284892715265	0.5180520570948783	0.5741618326990896
sr	0.5133410672853828	0.5435047372000696	0.5024067388688327	0.5230337078651686	0.5656742199649294	0.5538667623089212	0.5627327307292175	0.5373461463422659	0.5638721004269426	0.5570504284290114	0.5809917268385751	0.559333026318426	0.5647527182410829	0.5768879317419163	0.5614145169135581	0.5720896086665749	0.5832336606137033	0.5478750640040962	0.5520106681754372	0.5407297850622159	0.5222171912850374	0.5742668003112011	0.5617056763395424	0.5688993169842969	0.5704973740581616	0.5681013487735371	0.5955746875224779	0.5216647662485747	0.5689042179369481	1.0	0.5781928983705389	0.5271317829457365	0.5720017861785996	0.5126396237507349	0.576930716718887
sv	0.5093589659337293	0.5332151939394792	0.5013949780789159	0.5175840978593271	0.5672504867402908	0.5762421908670673	0.5589802519552215	0.5543321522720641	0.586940291168394	0.582244234399305	0.5946927066308871	0.5529849777046625	0.5586646680564946	0.5778096357417215	0.5837351214093698	0.5946796099521062	0.5903687430118933	0.538463557833767	0.5443698507203274	0.534380029212588	0.5167649652947335	0.5984442143078913	0.5801909808611538	0.5933527966932749	0.5609325050343268	0.5836808437992707	0.5604044336109752	0.5154217136183378	0.5701054491863244	0.5781928983705389	1.0	0.5204664580072671	0.5754915825400285	0.5088408644400786	0.5883859048906493
te	0.5304347826086956	0.5423452768729642	0.5076335877862596	0.5452380952380952	0.5318606627017842	0.5104706556934279	0.5380281690140845	0.50622008567596	0.51233218084448	0.5112167300380228	0.524747496310417	0.5484908897139301	0.5398148148148149	0.531385954008701	0.512046357737274	0.5191887316410269	0.5266701581967824	0.5480939632743864	0.5383615084525357	0.5555555555555556	0.5626598465473146	0.5174295240982116	0.512380538662033	0.5143109488364551	0.536322869955157	0.5145921676228485	0.5375565610859728	0.5461538461538461	0.5350141187294083	0.5271317829457365	0.5204664580072671	1.0	0.5309598003537249	0.5396825396825397	0.5233667597898198
vi	0.5134615384615385	0.5433831385218881	0.5023411371237458	0.5270690728064716	0.5666826759227911	0.5489872962417897	0.5670856863422178	0.5346666325261773	0.5600695014802466	0.5550680097553196	0.5824017332923555	0.5699566095498028	0.5667888380902163	0.582439961362273	0.5566835402191629	0.5735820284537855	0.5875305736478266	0.5556148438943334	0.5566947677007148	0.54867935737491	0.52810897927192	0.5702205370821508	0.555720593455941	0.5676367316285801	0.5715498784351493	0.5622365603349488	0.5674745404093886	0.5246212121212122	0.5786284892715265	0.5720017861785996	0.5754915825400285	0.5309598003537249	1.0	0.5143603133159269	0.5817857469011406
war	0.5364583333333334	0.5382978723404256	0.53	0.5539033457249071	0.52	0.5040157058718544	0.5227995758218451	0.5022574297820979	0.5047002297890119	0.504349507055867	0.510038240917782	0.5243179122182681	0.5212435233160622	0.5142667551426675	0.5046948356807511	0.5078097882679625	0.5119825708061002	0.5373134328358209	0.5301587301587302	0.5402750491159136	0.5622489959839357	0.5070115300716734	0.5048737261852015	0.5054455445544555	0.5211267605633803	0.5057428184472567	0.5212981744421906	0.5588235294117647	0.5180520570948783	0.5126396237507349	0.5088408644400786	0.5396825396825397	0.5143603133159269	1.0	0.5096607986260198
zh	0.5097706032285472	0.5347632783157668	0.5015263846489315	0.5191763051087097	0.5674783578773545	0.5662625244568387	0.5612011709395621	0.5511494558083452	0.5798968861858963	0.5720355355363119	0.589242120188556	0.5572027266298318	0.5609213691035496	0.5742318444699696	0.577536219195079	0.5910403153208599	0.5900348582283195	0.5404645126457202	0.545284848134053	0.5368465757913473	0.5191126596071918	0.5861766056302579	0.5743411000461749	0.5862584121320098	0.561793149810931	0.5762214325872814	0.5599509278053465	0.5179138214656973	0.5741618326990896	0.576930716718887	0.5883859048906493	0.5233667597898198	0.5817857469011406	0.5096607986260198	1.0
