arz	bs	ceb	ckb	da	de	el	en	es	fr	he	hi	hu	id	it	ja	ko	lv	mk	ml	mr	nl	pl	pt	ro	ru	sh	si	simple	sr	sv	te	vi	war	zh
arz	0.01725387069322622	0.03225806451612903	0.5	0.058823529411764705	0.02702702702702703	0.02	0.029411764705882353	0.0196078431372549	0.0196078431372549	0.02	0.02127659574468085	0.027777777777777776	0.027777777777777776	0.025	0.02040816326530612	0.02040816326530612	0.020408996251561846	0.037037037037037035	0.03225806451612903	0.041666666666666664	0.05	0.02040816326530612	0.02040816326530612	0.02040816326530612	0.022727272727272728	0.020408579758433985	0.02564102564102564	0.05555555555555555	0.02564102564102564	0.021739130434782608	0.020833333333333332	0.047619047619047616	0.023809523809523808	0.07142857142857142	0.02173960302457467
bs	0.03225806451612903	0.0048241813283458525	0.16666666666666666	0.019230769230769232	0.007575757575757576	0.005181373996617359	0.007633762601247013	0.00492632682181077	0.005181373996617359	0.005154692315867787	0.006060679522497705	0.00819712449617045	0.008130213497256924	0.0064935486591330745	0.005347736566673339	0.0056820441632231405	0.00621137301801628	0.010526426592797785	0.009615846893491122	0.01190518707482993	0.02173960302457467	0.005347679373159084	0.005319205522861023	0.00523587620953373	0.008264462809917356	0.005319375282933454	0.006451737773152965	0.02127659574468085	0.007352941176470588	0.006060642791551883	0.005524892402551815	0.019230769230769232	0.006622604271742468	0.027777777777777776	0.005714710269420407
ceb	0.5	0.16666666666666666	0.125078156265625	0.2	0.16666666666666666	0.125	0.14285714285714285	0.125	0.125	0.125	0.125	0.125	0.14285714285714285	0.125	0.14285714285714285	0.125	0.125	0.2	0.14285714285714285	0.14285714285714285	0.16666666666666666	0.14285714285714285	0.125	0.125015625	0.125	0.125	0.16666666666666666	0.16666666666666666	0.14285714285714285	0.125	0.14285714285714285	0.25	0.14285714285714285	0.16666666666666666	0.14285714285714285
ckb	0.058823529411764705	0.019230769230769232	0.2	0.009618713942307693	0.012987012987012988	0.01	0.013333333333333334	0.009708737864077669	0.009900990099009901	0.010101010101010102	0.010752688172043012	0.014705882352941176	0.014084507042253521	0.011494252873563218	0.01	0.010526426592797785	0.010869565217391304	0.014925373134328358	0.01587326782564878	0.017543859649122806	0.029411764705882353	0.010416666666666666	0.010309278350515464	0.010000199999999999	0.012987012987012988	0.01020408163265306	0.013513696128560994	0.02702702702702703	0.012345679012345678	0.012195121951219513	0.010869565217391304	0.02631578947368421	0.011494252873563218	0.034482758620689655	0.010869565217391304
da	0.02702702702702703	0.007575757575757576	0.16666666666666666	0.012987012987012988	0.0020004602276627115	0.002232157804528061	0.0044444641975308645	0.0020790496237481685	0.0022075298841668736	0.002188222112626826	0.0026385433128424335	0.0048544160618342914	0.00392161476355248	0.003344515162022797	0.0022624946254171698	0.0024510104286812762	0.002754858881831083	0.0059171947760932745	0.00588242214532872	0.0072464818315479945	0.014492753623188406	0.0023148201731824415	0.002352957785467128	0.002222266666666666	0.003968269715293525	0.0023697356359920034	0.004273504273504274	0.016393980112872884	0.003508833487226839	0.0032573608208044647	0.002415534784942472	0.013333333333333334	0.003424680990805029	0.023809523809523808	0.0025641485864562785
de	0.02	0.005181373996617359	0.125	0.01	0.002232157804528061	0.0003626898657516615	0.002512594378929825	0.0004067006372586882	0.0005543295638910329	0.0005488688085974444	0.0011441778508553741	0.002865345933120418	0.0023866576289722657	0.0015873217460317458	0.0005797427444654479	0.0008741640796921603	0.0012820858004602231	0.004405344563255642	0.003816852164792262	0.004807692307692308	0.010989131747373506	0.00076220557889649	0.0005787120771578145	0.0006561976882564871	0.0023255976203353165	0.000710269646258393	0.002457038678168899	0.011904761904761904	0.0020366723217507808	0.001428585714285714	0.0009425426024743248	0.008403361344537815	0.0015923668302973751	0.022222222222222223	0.001095358636177688
el	0.029411764705882353	0.007633762601247013	0.14285714285714285	0.013333333333333334	0.0044444641975308645	0.002512594378929825	0.0022434049857565403	0.0022884866182469404	0.0024570326413078255	0.0024876735724363255	0.003030339770440781	0.0047619954648526076	0.00462971536351166	0.0035211515572307083	0.002590801095331418	0.002702848809357195	0.0030770650887573963	0.0059524518140589575	0.005682011912448347	0.007874139748279498	0.014084705415592145	0.0027027611395178956	0.0025974295834036093	0.002519063010361083	0.004098427841977963	0.0026811376492320077	0.00458724013130208	0.015873771730914588	0.003876059131061835	0.003533631335139657	0.0028091387056637424	0.012345679012345678	0.0035714668367346943	0.023255813953488372	0.002898769166141567
en	0.0196078431372549	0.00492632682181077	0.125	0.009708737864077669	0.0020790496237481685	0.0004067006372586882	0.0022884866182469404	0.00021375643807901827	0.0004393987806595759	0.0004339287106721693	0.000994102983490705	0.0025446587546698253	0.002242258043596292	0.0014124632947907685	0.00045737975346694145	0.0007311528932101993	0.0011287598994134996	0.004115277142711985	0.003533656319844173	0.004386099588334872	0.010526759002770083	0.0006592375008097628	0.00047850278450676517	0.0005212473463559761	0.002178696702597766	0.0005629251839052707	0.0022075883611342583	0.011363765495867768	0.0017700086208786905	0.0012438460712606116	0.0008238711680632878	0.008000064	0.0013532568862962616	0.022222222222222223	0.0008875626814504741
es	0.0196078431372549	0.005181373996617359	0.125	0.009900990099009901	0.0022075298841668736	0.0005543295638910329	0.0024570326413078255	0.0004393987806595759	0.00042452081687187934	0.0005714501227755099	0.0011160851303411987	0.0027548361147159044	0.0023529522491349476	0.0015408439201236464	0.0005865377851931099	0.0008665954317587226	0.0012376543981594938	0.004219444889529812	0.00367648410467128	0.004545454545454545	0.010752688172043012	0.0007734005882110167	0.0006222876041308075	0.0006250281289062496	0.002320217914416912	0.0007194684571202313	0.0023696963230834885	0.011627906976744186	0.001968546562093124	0.0013831335166022928	0.0009354895730603332	0.008333333333333333	0.0014992728523294573	0.022222222222222223	0.0010384798338094105
fr	0.02	0.005154692315867787	0.125	0.010101010101010102	0.002188222112626826	0.0005488688085974444	0.0024876735724363255	0.0004339287106721693	0.0005714501227755099	0.0003977547555376582	0.0011325425906996247	0.0028169966276532436	0.0023810090702947842	0.0015773293594323755	0.0006021245363680213	0.0008796034071090815	0.0012500671890624993	0.004273650376214479	0.0036766868512110723	0.00462971536351166	0.010869801512287334	0.0007716281590554028	0.0006357440744541244	0.0006584193032646378	0.002288381883970696	0.0007430541177585218	0.002409708230512411	0.011764705882352941	0.0019380370770987316	0.001443047256735568	0.000932915886402873	0.00847457627118644	0.0015267618437154007	0.022222222222222223	0.0010777534464214383
he	0.02127659574468085	0.006060679522497705	0.125	0.010752688172043012	0.0026385433128424335	0.0011441778508553741	0.003030339770440781	0.000994102983490705	0.0011160851303411987	0.0011325425906996247	0.000984272370571818	0.003378469685902118	0.0029499308220429688	0.002114173844249069	0.0011601708727881515	0.0013889699112654315	0.0016750811567609117	0.004807738535502959	0.004255409687641467	0.005649845191356251	0.011765121107266433	0.0012886747396110105	0.0012048352445928289	0.001153469059677605	0.002824866736889144	0.0012854412193284467	0.0029070443482963762	0.01250015625	0.002358512815948736	0.001945544217172099	0.0013889699093364194	0.009259259259259259	0.0020080724544765402	0.023809523809523808	0.0015315014481401654
hi	0.027777777777777776	0.00819712449617045	0.125	0.014705882352941176	0.0048544160618342914	0.002865345933120418	0.0047619954648526076	0.0025446587546698253	0.0027548361147159044	0.0028169966276532436	0.003378469685902118	0.002529301269764262	0.005076270968074416	0.0036232277882797736	0.0029499656285622293	0.0030303856749311297	0.0033445710898088385	0.006579033933518006	0.006451862643080125	0.0068027673654495815	0.012987518974531959	0.0030395413937417434	0.0030120663376397155	0.0028012224497642197	0.004629672496570645	0.0030213214738821297	0.005025251887578596	0.01449338395295106	0.004115311012887602	0.0038610783977579342	0.003174734189972285	0.010869565217391304	0.0035842936241826284	0.024390243902439025	0.003174865205341395
hu	0.027777777777777776	0.008130213497256924	0.14285714285714285	0.014084507042253521	0.00392161476355248	0.0023866576289722657	0.00462971536351166	0.002242258043596292	0.0023529522491349476	0.0023810090702947842	0.0029499308220429688	0.005076270968074416	0.0021929875853019623	0.003521139158897044	0.0024876983242989033	0.0027934209294341625	0.0031250390625	0.006369548500953385	0.006097746876859013	0.00775199807703864	0.014085102162269391	0.0025510529466888795	0.0024450116869220054	0.0023981965621747204	0.004166701388888889	0.0025318250280403774	0.004566293446758825	0.016394248857833915	0.0039841113791844575	0.003401406821231894	0.002793420945039168	0.011627906976744186	0.003546199901916402	0.024390243902439025	0.002890432389989642
id	0.025	0.0064935486591330745	0.125	0.011494252873563218	0.003344515162022797	0.0015873217460317458	0.0035211515572307083	0.0014124632947907685	0.0015408439201236464	0.0015773293594323755	0.002114173844249069	0.0036232277882797736	0.003521139158897044	0.001374084908371604	0.0016103604155159846	0.0018904520888647475	0.0022272062142548897	0.0053475935828877	0.004975223385559763	0.00584798741493109	0.012048192771084338	0.0017301217657834551	0.0016978159292749644	0.0015699006084742794	0.003355704697986577	0.0016921017747887797	0.003378458272461651	0.013158067867036011	0.0030211662909246906	0.002415482274965577	0.0018797487174232574	0.009901186158219782	0.002403851932322485	0.023255813953488372	0.0020704876826597054
it	0.02040816326530612	0.005347736566673339	0.14285714285714285	0.01	0.0022624946254171698	0.0005797427444654479	0.002590801095331418	0.00045737975346694145	0.0005865377851931099	0.0006021245363680213	0.0011601708727881515	0.0029499656285622293	0.0024876983242989033	0.0016103604155159846	0.00044218433012619844	0.0009125586280935306	0.0013004780599329335	0.004347863894139887	0.003802339198195724	0.004695078159095418	0.011494252873563218	0.0007943152463501859	0.0006574898616390041	0.0006515914413971491	0.002409679198722601	0.0007560190501408586	0.0024510705017301033	0.012658708540298026	0.0020325864234252097	0.0014556570452720408	0.00098244759651036	0.008695727788279773	0.001607776491144632	0.022727272727272728	0.0010848128373278402
ja	0.02040816326530612	0.0056820441632231405	0.125	0.010526426592797785	0.0024510104286812762	0.0008741640796921603	0.002702848809357195	0.0007311528932101993	0.0008665954317587226	0.0008796034071090815	0.0013889699112654315	0.0030303856749311297	0.0027934209294341625	0.0018904520888647475	0.0009125586280935306	0.0007192129335010792	0.0014307236538607159	0.0046298440072016465	0.004081932544773011	0.004975371921487092	0.010869919659735348	0.0010787952030014108	0.0009506128115557542	0.0009243775843008248	0.002702797662527392	0.0010440222355638257	0.0027473886004105784	0.011905328798185939	0.0021506532547115272	0.0017731125226346759	0.0011864070968973434	0.008772006771314251	0.0018084294445225608	0.022222222222222223	0.0012807327845731136
ko	0.020408996251561846	0.00621137301801628	0.125	0.010869565217391304	0.002754858881831083	0.0012820858004602231	0.0030770650887573963	0.0011287598994134996	0.0012376543981594938	0.0012500671890624993	0.0016750811567609117	0.0033445710898088385	0.0031250390625	0.0022272062142548897	0.0013004780599329335	0.0014307236538607159	0.0011256089717639696	0.005076219433636528	0.004651335878853435	0.005494626252868011	0.011363894628099173	0.0014327037565373022	0.0013736527895181739	0.0012788672267973124	0.0028902068228139934	0.0013851911971228727	0.0029762790532879817	0.0125	0.002386714594927119	0.0020408704706372342	0.0015315061431630187	0.009708832123668583	0.002057676675303561	0.022727272727272728	0.0016209294384681452
lv	0.037037037037037035	0.010526426592797785	0.2	0.014925373134328358	0.0059171947760932745	0.004405344563255642	0.0059524518140589575	0.004115277142711985	0.004219444889529812	0.004273650376214479	0.004807738535502959	0.006579033933518006	0.006369548500953385	0.0053475935828877	0.004347863894139887	0.0046298440072016465	0.005076219433636528	0.0041239322129367605	0.007692544378698225	0.00884963583679223	0.01587326782564878	0.004464285714285714	0.004366869434221316	0.004291900753375454	0.005847953216374269	0.004504727700673647	0.006535990431030801	0.017544167436134194	0.00588242214532872	0.005347650776401956	0.004694967951707135	0.015625	0.005102118908788005	0.025	0.004831127914303718
mk	0.03225806451612903	0.009615846893491122	0.14285714285714285	0.01587326782564878	0.00588242214532872	0.003816852164792262	0.005682011912448347	0.003533656319844173	0.00367648410467128	0.0036766868512110723	0.004255409687641467	0.006451862643080125	0.006097746876859013	0.004975223385559763	0.003802339198195724	0.004081932544773011	0.004651335878853435	0.007692544378698225	0.0034768101680343233	0.009708926383259497	0.018519890260631	0.0039841113633116935	0.003937069874139749	0.003703909465020576	0.005347679373159084	0.003937240374480748	0.006060753021157062	0.01851920438957476	0.005376546421551625	0.004784780568210435	0.0040001920000000005	0.016949439816144784	0.004761995464852608	0.02631578947368421	0.004219836618063345
ml	0.041666666666666664	0.01190518707482993	0.14285714285714285	0.017543859649122806	0.0072464818315479945	0.004807692307692308	0.007874139748279498	0.004386099588334872	0.004545454545454545	0.00462971536351166	0.005649845191356251	0.0068027673654495815	0.00775199807703864	0.00584798741493109	0.004695078159095418	0.004975371921487092	0.005494626252868011	0.00884963583679223	0.009708926383259497	0.0043618402153542376	0.016667222222222222	0.004975198633697186	0.004950544064307421	0.004694967951685072	0.006711589568037475	0.004926229707102817	0.007299429911023496	0.01818181818181818	0.0064516129032258064	0.006289387286895297	0.005263296398891967	0.014084507042253521	0.005814223904813413	0.024390243902439025	0.00531946016296967
mr	0.05	0.02173960302457467	0.16666666666666666	0.029411764705882353	0.014492753623188406	0.010989131747373506	0.014084705415592145	0.010526759002770083	0.010752688172043012	0.010869801512287334	0.011765121107266433	0.012987518974531959	0.014085102162269391	0.012048192771084338	0.011494252873563218	0.010869919659735348	0.011363894628099173	0.01587326782564878	0.018519890260631	0.016667222222222222	0.010561557173467491	0.011363765495867768	0.011363765495867768	0.011111234567901236	0.013513696128560994	0.011494781344959702	0.014925595901091559	0.029415224913494808	0.012048337930033388	0.01282084155161078	0.011494913462808825	0.02040816326530612	0.011236207675924882	0.03225806451612903	0.010990098055911241
nl	0.02040816326530612	0.005347679373159084	0.14285714285714285	0.010416666666666666	0.0023148201731824415	0.00076220557889649	0.0027027611395178956	0.0006592375008097628	0.0007734005882110167	0.0007716281590554028	0.0012886747396110105	0.0030395413937417434	0.0025510529466888795	0.0017301217657834551	0.0007943152463501859	0.0010787952030014108	0.0014327037565373022	0.004464285714285714	0.0039841113633116935	0.004975198633697186	0.011363765495867768	0.0006350509005578773	0.0008474648089629415	0.0008467773338944803	0.0025575512980684323	0.0009225611409158365	0.0025840127195948495	0.012345831428135955	0.0021367612681715245	0.001607722211308816	0.0010764726148583897	0.008695879017013231	0.0017482945376302017	0.022222222222222223	0.0012531862237046244
pl	0.02040816326530612	0.005319205522861023	0.125	0.010309278350515464	0.002352957785467128	0.0005787120771578145	0.0025974295834036093	0.00047850278450676517	0.0006222876041308075	0.0006357440744541244	0.0012048352445928289	0.0030120663376397155	0.0024450116869220054	0.0016978159292749644	0.0006574898616390041	0.0009506128115557542	0.0013736527895181739	0.004366869434221316	0.003937069874139749	0.004950544064307421	0.011363765495867768	0.0008474648089629415	0.0004505057168431621	0.0007231039677647538	0.0024752659053034016	0.000794331649297417	0.0025000375	0.012195121951219513	0.002118662022407354	0.0014903240708864808	0.0010416992220052077	0.008772006771314251	0.0016778692401243187	0.022727272727272728	0.001148189995005542
pt	0.02040816326530612	0.00523587620953373	0.125015625	0.010000199999999999	0.002222266666666666	0.0006561976882564871	0.002519063010361083	0.0005212473463559761	0.0006250281289062496	0.0006584193032646378	0.001153469059677605	0.0028012224497642197	0.0023981965621747204	0.0015699006084742794	0.0006515914413971491	0.0009243775843008248	0.0012788672267973124	0.004291900753375454	0.003703909465020576	0.004694967951685072	0.011111234567901236	0.0008467773338944803	0.0007231039677647538	0.0005126489018657319	0.0022831727862221386	0.0007882009518505493	0.002381026077097505	0.01176484429065744	0.001957027588742383	0.0014663509150248098	0.0009873110744926018	0.008474648089629418	0.0015361596645595448	0.022727272727272728	0.0010931542369291448
ro	0.022727272727272728	0.008264462809917356	0.125	0.012987012987012988	0.003968269715293525	0.0023255976203353165	0.004098427841977963	0.002178696702597766	0.002320217914416912	0.002288381883970696	0.002824866736889144	0.004629672496570645	0.004166701388888889	0.003355704697986577	0.002409679198722601	0.002702797662527392	0.0028902068228139934	0.005847953216374269	0.005347679373159084	0.006711589568037475	0.013513696128560994	0.0025575512980684323	0.0024752659053034016	0.0022831727862221386	0.0021199061701663927	0.0024331314638203656	0.00432902306928281	0.015384615384615385	0.003717513577755974	0.0031250390624999996	0.002673839693728731	0.012345679012345678	0.0033003736017166076	0.023809523809523808	0.0028170283673874235
ru	0.020408579758433985	0.005319375282933454	0.125	0.01020408163265306	0.0023697356359920034	0.000710269646258393	0.0026811376492320077	0.0005629251839052707	0.0007194684571202313	0.0007430541177585218	0.0012854412193284467	0.0030213214738821297	0.0025318250280403774	0.0016921017747887797	0.0007560190501408586	0.0010440222355638257	0.0013851911971228727	0.004504727700673647	0.003937240374480748	0.004926229707102817	0.011494781344959702	0.0009225611409158365	0.000794331649297417	0.0007882009518505493	0.0024331314638203656	0.0005316343830423995	0.0025001375124999994	0.011905328798185939	0.0021646474063454577	0.0015129577269117295	0.0011026987439381806	0.008547154649718752	0.0016892805138359458	0.022222222222222223	0.0012394768560443205
sh	0.02564102564102564	0.006451737773152965	0.16666666666666666	0.013513696128560994	0.004273504273504274	0.002457038678168899	0.00458724013130208	0.0022075883611342583	0.0023696963230834885	0.002409708230512411	0.0029070443482963762	0.005025251887578596	0.004566293446758825	0.003378458272461651	0.0024510705017301033	0.0027473886004105784	0.0029762790532879817	0.006535990431030801	0.006060753021157062	0.007299429911023496	0.014925595901091559	0.0025840127195948495	0.0025000375	0.002381026077097505	0.00432902306928281	0.0025001375124999994	0.0021422866817830655	0.014926041657384717	0.0038169541402016203	0.0024154997782912086	0.002710159311403412	0.012048337930033388	0.003484369119450279	0.023809523809523808	0.0029072133839237427
si	0.05555555555555555	0.02127659574468085	0.16666666666666666	0.02702702702702703	0.016393980112872884	0.011904761904761904	0.015873771730914588	0.011363765495867768	0.011627906976744186	0.011764705882352941	0.01250015625	0.01449338395295106	0.016394248857833915	0.013158067867036011	0.012658708540298026	0.011905328798185939	0.0125	0.017544167436134194	0.01851920438957476	0.01818181818181818	0.029415224913494808	0.012345831428135955	0.012195121951219513	0.01176484429065744	0.015384615384615385	0.011905328798185939	0.014926041657384717	0.011386926750979241	0.013333511111111113	0.013158067867036011	0.0125	0.027777777777777776	0.012821005917159761	0.035715561224489795	0.011765121245674741
simple	0.02564102564102564	0.007352941176470588	0.14285714285714285	0.012345679012345678	0.003508833487226839	0.0020366723217507808	0.003876059131061835	0.0017700086208786905	0.001968546562093124	0.0019380370770987316	0.002358512815948736	0.004115311012887602	0.0039841113791844575	0.0030211662909246906	0.0020325864234252097	0.0021506532547115272	0.002386714594927119	0.00588242214532872	0.005376546421551625	0.0064516129032258064	0.012048337930033388	0.0021367612681715245	0.002118662022407354	0.001957027588742383	0.003717513577755974	0.0021646474063454577	0.0038169541402016203	0.013333511111111113	0.0017571699265490073	0.002967385466104307	0.002242263075871222	0.01098901098901099	0.0028090361065522033	0.023255813953488372	0.0022677330998915057
sr	0.021739130434782608	0.006060642791551883	0.125	0.012195121951219513	0.0032573608208044647	0.001428585714285714	0.003533631335139657	0.0012438460712606116	0.0013831335166022928	0.001443047256735568	0.001945544217172099	0.0038610783977579342	0.003401406821231894	0.002415482274965577	0.0014556570452720408	0.0017731125226346759	0.0020408704706372342	0.005347650776401956	0.004784780568210435	0.006289387286895297	0.01282084155161078	0.001607722211308816	0.0014903240708864808	0.0014663509150248098	0.0031250390624999996	0.0015129577269117295	0.0024154997782912086	0.013158067867036011	0.002967385466104307	0.0012147288787032458	0.0017857780676020412	0.01020408163265306	0.0025381161586229997	0.023255813953488372	0.0019121665381001646
sv	0.020833333333333332	0.005524892402551815	0.14285714285714285	0.010869565217391304	0.002415534784942472	0.0009425426024743248	0.0028091387056637424	0.0008238711680632878	0.0009354895730603332	0.000932915886402873	0.0013889699093364194	0.003174734189972285	0.002793420945039168	0.0018797487174232574	0.00098244759651036	0.0011864070968973434	0.0015315061431630187	0.004694967951707135	0.0040001920000000005	0.005263296398891967	0.011494913462808825	0.0010764726148583897	0.0010416992220052077	0.0009873110744926018	0.002673839693728731	0.0011026987439381806	0.002710159311403412	0.0125	0.002242263075871222	0.0017857780676020412	0.0008127801707501686	0.009259259259259259	0.001919444741214481	0.022222222222222223	0.0014066953064303955
te	0.047619047619047616	0.019230769230769232	0.25	0.02631578947368421	0.013333333333333334	0.008403361344537815	0.012345679012345678	0.008000064	0.008333333333333333	0.00847457627118644	0.009259259259259259	0.010869565217391304	0.011627906976744186	0.009901186158219782	0.008695727788279773	0.008772006771314251	0.009708832123668583	0.015625	0.016949439816144784	0.014084507042253521	0.02040816326530612	0.008695879017013231	0.008772006771314251	0.008474648089629418	0.012345679012345678	0.008547154649718752	0.012048337930033388	0.027777777777777776	0.01098901098901099	0.01020408163265306	0.009259259259259259	0.008007623431174726	0.009900990099009901	0.04	0.008849870780797244
vi	0.023809523809523808	0.006622604271742468	0.14285714285714285	0.011494252873563218	0.003424680990805029	0.0015923668302973751	0.0035714668367346943	0.0013532568862962616	0.0014992728523294573	0.0015267618437154007	0.0020080724544765402	0.0035842936241826284	0.003546199901916402	0.002403851932322485	0.001607776491144632	0.0018084294445225608	0.002057676675303561	0.005102118908788005	0.004761995464852608	0.005814223904813413	0.011236207675924882	0.0017482945376302017	0.0016778692401243187	0.0015361596645595448	0.0033003736017166076	0.0016892805138359458	0.003484369119450279	0.012821005917159761	0.0028090361065522033	0.0025381161586229997	0.001919444741214481	0.009900990099009901	0.0013527131614008217	0.022727272727272728	0.001897716860684336
war	0.07142857142857142	0.027777777777777776	0.16666666666666666	0.034482758620689655	0.023809523809523808	0.022222222222222223	0.023255813953488372	0.022222222222222223	0.022222222222222223	0.022222222222222223	0.023809523809523808	0.024390243902439025	0.024390243902439025	0.023255813953488372	0.022727272727272728	0.022222222222222223	0.022727272727272728	0.025	0.02631578947368421	0.024390243902439025	0.03225806451612903	0.022222222222222223	0.022727272727272728	0.022727272727272728	0.023809523809523808	0.022222222222222223	0.023809523809523808	0.035715561224489795	0.023255813953488372	0.023255813953488372	0.022222222222222223	0.04	0.022727272727272728	0.022223703703703704	0.022222222222222223
zh	0.02173960302457467	0.005714710269420407	0.14285714285714285	0.010869565217391304	0.0025641485864562785	0.001095358636177688	0.002898769166141567	0.0008875626814504741	0.0010384798338094105	0.0010777534464214383	0.0015315014481401654	0.003174865205341395	0.002890432389989642	0.0020704876826597054	0.0010848128373278402	0.0012807327845731136	0.0016209294384681452	0.004831127914303718	0.004219836618063345	0.00531946016296967	0.010990098055911241	0.0012531862237046244	0.001148189995005542	0.0010931542369291448	0.0028170283673874235	0.0012394768560443205	0.0029072133839237427	0.011765121245674741	0.0022677330998915057	0.0019121665381001646	0.0014066953064303955	0.008849870780797244	0.001897716860684336	0.022222222222222223	0.0008976087933675286
