arz	bs	ceb	ckb	da	de	el	en	es	fr	he	hi	hu	id	it	ja	ko	lv	mk	ml	mr	nl	pl	pt	ro	ru	sh	si	simple	sr	sv	te	vi	war	zh
arz	1.0	0.5	1.0	0.3660254037844386	0.0	0.585786437626905	1.0	1.0	1.0	1.0	1.0	0.0	1.0	0.585786437626905	0.585786437626905	1.0	1.0	1.0	1.0	0.24336073281110826	0.1921904042583698	1.0	1.0	1.0	0.0	1.0	1.0	0.25	1.0	1.0	1.0	0.24828371682826425	1.0	0.38742588672279304	1.0
bs	0.5	1.0	1.0	0.06130363358694197	1.0	0.03357735750127745	0.051849451472885236	0.0342571274287872	0.0307023281266028	0.05368686811273071	0.09242310692266108	0.0	0.0939527256629669	0.5	0.14402260047681434	0.15699405621062287	0.042215284883847896	0.07281447649198353	0.03282795816068336	0.02521712256973405	0.04666007001892564	0.11976770813813814	0.03423039218959927	0.052775075593995906	0.4364916731037085	0.031498223499885014	0.1322436567067803	0.07923331978385627	1.0	0.04165588761270247	0.10307958360115048	0.08910302839472743	0.09321803182026019	0.13321952658018657	0.04063588539322592
ceb	1.0	1.0	1.0	1.0	0.585786437626905	0.3164309725825328	0.5	0.2958163163244893	0.3164309725825328	0.30552726787943424	0.3164309725825328	0.3164309725825328	0.585786437626905	0.3164309725825328	0.3164309725825328	0.2958163163244893	0.3010461113285242	1.0	0.585786437626905	0.31985271084782646	0.3483314773547883	0.30552726787943424	0.30552726787943424	0.30552726787943424	0.3164309725825328	0.30552726787943424	0.585786437626905	0.5	0.585786437626905	0.3164309725825328	0.3164309725825328	0.585786437626905	0.585786437626905	0.585786437626905	0.5
ckb	0.3660254037844386	0.06130363358694197	1.0	1.0	0.1424339656566283	0.12077134402462537	0.11004358732400835	0.01870114113733245	0.125	0.06803115210012327	0.10568949462496419	0.0817914994128358	0.0833043291468424	0.12729683913915313	0.0440429697408965	0.03742996228097092	0.0664997620490073	0.1026016932750722	0.06997795343118085	0.07414663847921549	0.08416526697608279	0.11628796611075475	0.12565642000104116	0.03276968541009761	0.1083715968279468	0.02063059503738329	0.10336263685452844	0.10303921120832626	0.08176254723363117	0.12819304429541928	0.044380356347148216	0.27429188517743175	0.08817257718398681	0.3660254037844386	0.01677788359647996
da	0.0	1.0	0.585786437626905	0.1424339656566283	1.0	0.585786437626905	1.0	0.585786437626905	1.0	1.0	1.0	0.0	1.0	0.0	1.0	1.0	1.0	1.0	1.0	0.011359627042626502	0.020282935946827604	1.0	0.585786437626905	1.0	1.0	1.0	0.5	0.03675411529344141	1.0	1.0	0.4364916731037085	0.09926768515423115	0.0	0.2632403810669918	1.0
de	0.585786437626905	0.03357735750127745	0.3164309725825328	0.12077134402462537	0.585786437626905	1.0	0.11636218529287666	0.02007319626429356	0.012002178411340457	0.019632422586658264	0.020772587406987494	0.585786437626905	0.24257131419419417	0.27429188517743175	0.022691671076417258	0.3430703308172536	0.11978243827074593	0.21089672205953397	0.07125479524743612	0.006772998605566057	0.014299610542567181	0.09770062786565334	0.01712123044381874	0.10103494938199692	0.585786437626905	0.018949021360470268	0.0347465915390652	0.019735990341004116	0.585786437626905	0.03064885971140008	0.1918253663634734	0.05225601431020994	0.2857142857142857	0.3090169943749474	0.09013879248718097
el	1.0	0.051849451472885236	0.5	0.11004358732400835	1.0	0.11636218529287666	1.0	0.03531826199210129	1.0	0.07818714581559127	1.0	0.0	1.0	0.4142135623730951	0.057210121860307404	1.0	1.0	1.0	1.0	0.01286734874234951	0.019612955171101027	0.252650308587072	0.12195810535380444	1.0	1.0	1.0	0.04907739590442114	0.04195433516586284	1.0	1.0	0.5	0.06446651819914404	1.0	0.18237185101005124	1.0
en	1.0	0.0342571274287872	0.2958163163244893	0.01870114113733245	0.585786437626905	0.02007319626429356	0.03531826199210129	1.0	0.006992917847895394	0.04190855742490849	0.01460815311677044	1.0	0.18740992571549211	0.14779166813443093	0.02957631171427832	0.24257131419419417	0.1261319836228832	0.1958577993369354	0.053389419925969656	0.011093004817981452	0.01432236583851637	0.03303737848570023	0.025928541355414555	0.029754765295794395	0.28172904669025317	0.006154796888700539	0.03645054017655305	0.01712511876819822	1.0	0.014923179705292408	0.08052148041623533	0.018862296902563146	0.3430703308172536	0.15022110482233483	0.06353861552754618
es	1.0	0.0307023281266028	0.3164309725825328	0.125	1.0	0.012002178411340457	1.0	0.006992917847895394	1.0	0.012995893812209166	0.38742588672279304	1.0	1.0	0.21089672205953397	0.01871237091864479	1.0	0.585786437626905	0.585786437626905	0.585786437626905	0.006420247751616129	0.01435314967207288	0.03305392475262148	0.011919779468554983	0.36602540378443865	0.44948974278317805	0.3660254037844386	0.032257856989047325	0.017440705222517797	1.0	0.585786437626905	0.36602540378443865	0.05239960999612474	1.0	0.2632403810669918	0.585786437626905
fr	1.0	0.05368686811273071	0.30552726787943424	0.06803115210012327	1.0	0.019632422586658264	0.07818714581559127	0.04190855742490849	0.012995893812209166	1.0	0.023021997412152728	1.0	0.2193450929151803	0.3380788308512194	0.06450878831516478	0.23800671553691075	0.07408017147853689	0.15072240113145766	0.039013984679939245	0.007886647418550635	0.014378717491554036	0.046288896328530914	0.01906411086906306	0.034727427576551444	0.3597752501562547	0.015627491829978277	0.051712001203872204	0.020089670607554032	0.30383243470068705	0.026952632033532303	0.17536473138367945	0.046959286235258454	0.1856154626682773	0.19636040545626823	0.07486283912568968
he	1.0	0.09242310692266108	0.3164309725825328	0.10568949462496419	1.0	0.020772587406987494	1.0	0.01460815311677044	0.38742588672279304	0.023021997412152728	1.0	1.0	1.0	0.3660254037844386	0.037042900592811276	1.0	1.0	1.0	1.0	0.008275800802645183	0.01577690320263029	0.27429188517743175	0.05147266647180896	1.0	0.585786437626905	1.0	0.0726958100221661	0.02040668071199508	1.0	1.0	1.0	0.0578750769754497	1.0	0.2025519956555797	1.0
hi	0.0	0.0	0.3164309725825328	0.0817914994128358	0.0	0.585786437626905	0.0	1.0	1.0	1.0	1.0	1.0	0.0	0.0	0.0	0.0	0.0	0.0	0.0	0.011239815632552982	0.018086637485031507	0.0	1.0	1.0	0.0	1.0	0.0	0.03375536989931076	0.0	1.0	0.0	0.05214598932119527	0.0	0.20991366558572697	1.0
hu	1.0	0.0939527256629669	0.585786437626905	0.0833043291468424	1.0	0.24257131419419417	1.0	0.18740992571549211	1.0	0.2193450929151803	1.0	0.0	1.0	0.585786437626905	0.10210398216832244	1.0	1.0	1.0	1.0	0.012950912442935935	0.019521908134294604	0.585786437626905	0.3430703308172536	1.0	1.0	1.0	0.12973190755680383	0.04109287767949548	1.0	1.0	0.5	0.051374892472085966	1.0	0.20360289812039084	1.0
id	0.585786437626905	0.5	0.3164309725825328	0.12729683913915313	0.0	0.27429188517743175	0.4142135623730951	0.14779166813443093	0.21089672205953397	0.3380788308512194	0.3660254037844386	0.0	0.585786437626905	1.0	0.3413283892770492	0.585786437626905	0.585786437626905	0.0	0.39564392373896	0.008658809430408258	0.016175801571772046	0.27429188517743175	0.2149094792785515	0.21498516621900873	0.0	0.353889367864523	0.585786437626905	0.023791364396259635	1.0	0.4142135623730951	0.39564392373896	0.07727065106513095	1.0	0.2449655295864104	0.35388936786452296
it	0.585786437626905	0.14402260047681434	0.3164309725825328	0.0440429697408965	1.0	0.022691671076417258	0.057210121860307404	0.02957631171427832	0.01871237091864479	0.06450878831516478	0.037042900592811276	0.0	0.10210398216832244	0.3413283892770492	1.0	0.179128784747792	0.04134119568335563	0.08188507157089844	0.032568200360014996	0.010260115466494564	0.01541476971476762	0.04913661294391448	0.024450473095167125	0.045293781117429655	0.44948974278317805	0.02071204942397686	0.12980773701632645	0.02012975397349845	0.2958163163244893	0.040100381830719664	0.08510643741110228	0.02354973726626227	0.11814465250770893	0.13018238080089778	0.03735099575984884
ja	1.0	0.15699405621062287	0.2958163163244893	0.03742996228097092	1.0	0.3430703308172536	1.0	0.24257131419419417	1.0	0.23800671553691075	1.0	0.0	1.0	0.585786437626905	0.179128784747792	1.0	1.0	1.0	1.0	0.011908425818030213	0.017165222026352976	0.5	0.3430703308172536	1.0	1.0	1.0	0.11573600688397494	0.020203355494752998	1.0	1.0	0.585786437626905	0.016452097348288376	1.0	0.12729683913915313	1.0
ko	1.0	0.042215284883847896	0.3010461113285242	0.0664997620490073	1.0	0.11978243827074593	1.0	0.1261319836228832	0.585786437626905	0.07408017147853689	1.0	0.0	1.0	0.585786437626905	0.04134119568335563	1.0	1.0	1.0	1.0	0.009572201768343837	0.015064447304448884	0.5	0.1196432285986657	1.0	1.0	1.0	0.044311072454062475	0.022030680735283352	1.0	1.0	0.585786437626905	0.0522789272631309	1.0	0.12789210656028413	1.0
lv	1.0	0.07281447649198353	1.0	0.1026016932750722	1.0	0.21089672205953397	1.0	0.1958577993369354	0.585786437626905	0.15072240113145766	1.0	0.0	1.0	0.0	0.08188507157089844	1.0	1.0	1.0	1.0	0.015188774769349609	0.02301445254216875	1.0	0.23371479611805132	1.0	1.0	1.0	0.06968141000179796	0.05676365125805337	0.0	1.0	1.0	0.10659245208837696	1.0	0.18311860342005779	1.0
mk	1.0	0.03282795816068336	0.585786437626905	0.06997795343118085	1.0	0.07125479524743612	1.0	0.053389419925969656	0.585786437626905	0.039013984679939245	1.0	0.0	1.0	0.39564392373896	0.032568200360014996	1.0	1.0	1.0	1.0	0.015986883637299432	0.02790949420305187	0.36602540378443865	0.08896124740439973	1.0	1.0	1.0	0.0331905879967658	0.048929421902898416	1.0	1.0	0.5	0.06566499803367819	1.0	0.2061257833323215	1.0
ml	0.24336073281110826	0.02521712256973405	0.31985271084782646	0.07414663847921549	0.011359627042626502	0.006772998605566057	0.01286734874234951	0.011093004817981452	0.006420247751616129	0.007886647418550635	0.008275800802645183	0.011239815632552982	0.012950912442935935	0.008658809430408258	0.010260115466494564	0.011908425818030213	0.009572201768343837	0.015188774769349609	0.015986883637299432	1.0	0.024992008826928407	0.007228755726437587	0.007125555822974328	0.010303159417106111	0.010141136904745503	0.012219253362803474	0.012108732439472256	0.057621914085679	0.010236775325785551	0.009625220818058946	0.01110162309582293	0.056742378822474036	0.008662010247977447	0.1714618437295591	0.01445917445174317
mr	0.1921904042583698	0.04666007001892564	0.3483314773547883	0.08416526697608279	0.020282935946827604	0.014299610542567181	0.019612955171101027	0.01432236583851637	0.01435314967207288	0.014378717491554036	0.01577690320263029	0.018086637485031507	0.019521908134294604	0.016175801571772046	0.01541476971476762	0.017165222026352976	0.015064447304448884	0.02301445254216875	0.02790949420305187	0.024992008826928407	1.0	0.014732963636402417	0.01493193834041658	0.014831649507992444	0.018759443705058373	0.01772356408903258	0.020960137299523455	0.07058392802705846	0.01707792705196481	0.01786807987316018	0.01589308188514578	0.03492637033048596	0.014985089781948227	0.11811127418327012	0.01880146103385383
nl	1.0	0.11976770813813814	0.30552726787943424	0.11628796611075475	1.0	0.09770062786565334	0.252650308587072	0.03303737848570023	0.03305392475262148	0.046288896328530914	0.27429188517743175	0.0	0.585786437626905	0.27429188517743175	0.04913661294391448	0.5	0.5	1.0	0.36602540378443865	0.007228755726437587	0.014732963636402417	1.0	0.07965841223439865	0.22584440001865322	1.0	0.12662708839967252	0.10341030383290607	0.018441333586389646	1.0	0.2958163163244893	0.3333333333333333	0.05909577555679468	1.0	0.3203772410170407	0.44948974278317805
pl	1.0	0.03423039218959927	0.30552726787943424	0.12565642000104116	0.585786437626905	0.01712123044381874	0.12195810535380444	0.025928541355414555	0.011919779468554983	0.01906411086906306	0.05147266647180896	1.0	0.3430703308172536	0.2149094792785515	0.024450473095167125	0.3430703308172536	0.1196432285986657	0.23371479611805132	0.08896124740439973	0.007125555822974328	0.01493193834041658	0.07965841223439865	1.0	0.1123447145025566	0.28989794855663564	0.0031884556675908717	0.0355790909695538	0.01884150922363983	0.585786437626905	0.012283935241462523	0.2012628451930092	0.06375853304875208	0.4142135623730951	0.3660254037844386	0.10580283535699017
pt	1.0	0.052775075593995906	0.30552726787943424	0.03276968541009761	1.0	0.10103494938199692	1.0	0.029754765295794395	0.36602540378443865	0.034727427576551444	1.0	1.0	1.0	0.21498516621900873	0.045293781117429655	1.0	1.0	1.0	1.0	0.010303159417106111	0.014831649507992444	0.22584440001865322	0.1123447145025566	1.0	1.0	1.0	0.05426399688830182	0.017592858456545686	1.0	1.0	0.5	0.030023442951658395	1.0	0.14565497501965124	1.0
ro	0.0	0.4364916731037085	0.3164309725825328	0.1083715968279468	1.0	0.585786437626905	1.0	0.28172904669025317	0.44948974278317805	0.3597752501562547	0.585786437626905	0.0	1.0	0.0	0.44948974278317805	1.0	1.0	1.0	1.0	0.010141136904745503	0.018759443705058373	1.0	0.28989794855663564	1.0	1.0	0.21712927295533244	1.0	0.038351342318760986	0.0	1.0	1.0	0.0862705471990047	1.0	0.3090169943749474	1.0
ru	1.0	0.031498223499885014	0.30552726787943424	0.02063059503738329	1.0	0.018949021360470268	1.0	0.006154796888700539	0.3660254037844386	0.015627491829978277	1.0	1.0	1.0	0.353889367864523	0.02071204942397686	1.0	1.0	1.0	1.0	0.012219253362803474	0.01772356408903258	0.12662708839967252	0.0031884556675908717	1.0	0.21712927295533244	1.0	0.03238893829790165	0.019268434746846544	1.0	1.0	0.07940855619903711	0.0141802464609194	1.0	0.12729683913915313	1.0
sh	1.0	0.1322436567067803	0.585786437626905	0.10336263685452844	0.5	0.0347465915390652	0.04907739590442114	0.03645054017655305	0.032257856989047325	0.051712001203872204	0.0726958100221661	0.0	0.12973190755680383	0.585786437626905	0.12980773701632645	0.11573600688397494	0.044311072454062475	0.06968141000179796	0.0331905879967658	0.012108732439472256	0.020960137299523455	0.10341030383290607	0.0355790909695538	0.05426399688830182	1.0	0.03238893829790165	1.0	0.026746958711028047	1.0	0.04254026336988149	0.08505240691647968	0.07204669109793865	0.10280290431561903	0.1870063141819459	0.04271847464403874
si	0.25	0.07923331978385627	0.5	0.10303921120832626	0.03675411529344141	0.019735990341004116	0.04195433516586284	0.01712511876819822	0.017440705222517797	0.020089670607554032	0.02040668071199508	0.03375536989931076	0.04109287767949548	0.023791364396259635	0.02012975397349845	0.020203355494752998	0.022030680735283352	0.05676365125805337	0.048929421902898416	0.057621914085679	0.07058392802705846	0.018441333586389646	0.01884150922363983	0.017592858456545686	0.038351342318760986	0.019268434746846544	0.026746958711028047	1.0	0.0238915221704801	0.020513230146407328	0.022987178507615044	0.147122117707001	0.02187633001457902	0.1983555576735248	0.02010174402017526
simple	1.0	1.0	0.585786437626905	0.08176254723363117	1.0	0.585786437626905	1.0	1.0	1.0	0.30383243470068705	1.0	0.0	1.0	1.0	0.2958163163244893	1.0	1.0	0.0	1.0	0.010236775325785551	0.01707792705196481	1.0	0.585786437626905	1.0	0.0	1.0	1.0	0.0238915221704801	1.0	1.0	1.0	0.07544192419783032	1.0	0.22772999919644132	1.0
sr	1.0	0.04165588761270247	0.3164309725825328	0.12819304429541928	1.0	0.03064885971140008	1.0	0.014923179705292408	0.585786437626905	0.026952632033532303	1.0	1.0	1.0	0.4142135623730951	0.040100381830719664	1.0	1.0	1.0	1.0	0.009625220818058946	0.01786807987316018	0.2958163163244893	0.012283935241462523	1.0	1.0	1.0	0.04254026336988149	0.020513230146407328	1.0	1.0	0.5	0.06664853365416165	1.0	0.3019332452378656	1.0
sv	1.0	0.10307958360115048	0.3164309725825328	0.044380356347148216	0.4364916731037085	0.1918253663634734	0.5	0.08052148041623533	0.36602540378443865	0.17536473138367945	1.0	0.0	0.5	0.39564392373896	0.08510643741110228	0.585786437626905	0.585786437626905	1.0	0.5	0.01110162309582293	0.01589308188514578	0.3333333333333333	0.2012628451930092	0.5	1.0	0.07940855619903711	0.08505240691647968	0.022987178507615044	1.0	0.5	1.0	0.02760996903811652	1.0	0.1907435698305462	0.585786437626905
te	0.24828371682826425	0.08910302839472743	0.585786437626905	0.27429188517743175	0.09926768515423115	0.05225601431020994	0.06446651819914404	0.018862296902563146	0.05239960999612474	0.046959286235258454	0.0578750769754497	0.05214598932119527	0.051374892472085966	0.07727065106513095	0.02354973726626227	0.016452097348288376	0.0522789272631309	0.10659245208837696	0.06566499803367819	0.056742378822474036	0.03492637033048596	0.05909577555679468	0.06375853304875208	0.030023442951658395	0.0862705471990047	0.0141802464609194	0.07204669109793865	0.147122117707001	0.07544192419783032	0.06664853365416165	0.02760996903811652	1.0	0.06001810974935593	0.34833147735478825	0.012521159790028479
vi	1.0	0.09321803182026019	0.585786437626905	0.08817257718398681	0.0	0.2857142857142857	1.0	0.3430703308172536	1.0	0.1856154626682773	1.0	0.0	1.0	1.0	0.11814465250770893	1.0	1.0	1.0	1.0	0.008662010247977447	0.014985089781948227	1.0	0.4142135623730951	1.0	1.0	1.0	0.10280290431561903	0.02187633001457902	1.0	1.0	1.0	0.06001810974935593	1.0	0.25	1.0
war	0.38742588672279304	0.13321952658018657	0.585786437626905	0.3660254037844386	0.2632403810669918	0.3090169943749474	0.18237185101005124	0.15022110482233483	0.2632403810669918	0.19636040545626823	0.2025519956555797	0.20991366558572697	0.20360289812039084	0.2449655295864104	0.13018238080089778	0.12729683913915313	0.12789210656028413	0.18311860342005779	0.2061257833323215	0.1714618437295591	0.11811127418327012	0.3203772410170407	0.3660254037844386	0.14565497501965124	0.3090169943749474	0.12729683913915313	0.1870063141819459	0.1983555576735248	0.22772999919644132	0.3019332452378656	0.1907435698305462	0.34833147735478825	0.25	1.0	0.08255415749247612
zh	1.0	0.04063588539322592	0.5	0.01677788359647996	1.0	0.09013879248718097	1.0	0.06353861552754618	0.585786437626905	0.07486283912568968	1.0	1.0	1.0	0.35388936786452296	0.03735099575984884	1.0	1.0	1.0	1.0	0.01445917445174317	0.01880146103385383	0.44948974278317805	0.10580283535699017	1.0	1.0	1.0	0.04271847464403874	0.02010174402017526	1.0	1.0	0.585786437626905	0.012521159790028479	1.0	0.08255415749247612	1.0
