arz	bs	ceb	ckb	da	de	el	en	es	fr	he	hi	hu	id	it	ja	ko	lv	mk	ml	mr	nl	pl	pt	ro	ru	sh	si	simple	sr	sv	te	vi	war	zh
arz	1.0	0.2667942864350341	1.0	1.0	0.39055542326365617	0.6507987977955167	1.0	0.33218315313656893	0.4930341140073748	0.309470407907715	1.0	1.0	0.31919730714706884	0.5116042025994393	0.428265445156208	1.0	1.0	1.0	1.0	1.0	1.0	0.4827285876198649	0.31943875408640743	0.28056497882849335	0.2813834149939263	1.0	0.36868306820301344	1.0	0.5233869356440984	1.0	0.34929597268659024	1.0	0.3592776755336391	1.0	1.0
bs	0.2667942864350341	1.0	0.28229884543745193	0.6241295092803865	0.20720860592811413	0.22003868920428782	0.22912043369821938	0.18219093061919397	0.2126337139271881	0.21193961350101498	0.23924762422244106	0.3316093662910584	0.19947973284949624	0.21915515099056163	0.21579407358995792	0.21592333596272167	0.24297577430740255	0.24267647993308025	0.29457516413877793	0.35233581548720827	0.29506741831317845	0.2115253902945203	0.20337627841845166	0.20266772563859967	0.2015834765488679	0.2129588857337693	0.20709408990770592	1.0	0.24160743582142002	0.2315084982245821	0.206792211948629	0.8216064286890065	0.22520873823111362	0.2776255389201232	0.2129588857337693
ceb	1.0	0.28229884543745193	1.0	1.0	0.1988559652741537	0.2609982085821595	0.6980834559209271	0.11122401377476426	0.2742021773017256	0.17836881756790487	0.6962087343736185	0.7101264857596847	0.21083422090730028	0.26175650522314065	0.1210608319120839	0.6953009332395164	0.6991983135554175	0.5903211505754852	1.0	1.0	1.0	0.23252015758412137	0.2520238611418242	0.21407176073546325	0.24330045706173037	0.6124147336651972	0.16731150965516736	1.0	0.4107135660454336	0.6982344021713169	0.16437409108467194	1.0	0.2731129252546629	1.0	0.6948828394802082
ckb	1.0	0.6241295092803865	1.0	1.0	0.5531258904955103	0.7162976956558117	1.0	0.6067636116293127	1.0	0.6487871090048528	1.0	1.0	0.559152953751058	0.568991328973943	0.5808852645006567	1.0	1.0	1.0	1.0	1.0	1.0	1.0	1.0	0.6006513113390888	0.5421448374928308	1.0	0.5969819612641136	1.0	0.6332460537063271	1.0	0.7179915061657697	1.0	0.5922033024827087	1.0	1.0
da	0.39055542326365617	0.20720860592811413	0.1988559652741537	0.5531258904955103	1.0	0.12770653574664456	0.16276514517969343	0.10131862844765946	0.1258407560323459	0.1107833067134139	0.15215503315976503	0.22555253666028302	0.10968282583661403	0.13397281226412674	0.10820942303818691	0.14253940418616354	0.15967082666854165	0.19175438884513832	0.21590199503109017	0.22985155039400895	0.3316766034308697	0.12254370132949902	0.11992504541566246	0.12028163234571791	0.12787843236769678	0.135699989579488	0.11549194730853109	0.6110569957520273	0.16681836773836525	0.14012608758088552	0.11722772149808412	0.6701591524560107	0.11817317455981018	0.19542355534464106	0.14577110582436123
de	0.6507987977955167	0.22003868920428782	0.2609982085821595	0.7162976956558117	0.12770653574664456	1.0	0.1973457220821473	0.054020363741646225	0.06601430967426736	0.05218032663754363	0.21404064847791424	0.37512088133799387	0.08734091360084491	0.10117760453461329	0.058150259913365	0.1762133067304116	0.24734734431184263	0.24175455968942247	0.39330391632555795	0.3668298861590799	0.5903211505754851	0.06932795230240427	0.07746860588390411	0.0685138515382248	0.12038430856239052	0.09711177122853519	0.09129695371463206	1.0	0.1899568976635491	0.23355625442951422	0.06949524648471175	0.7199285383279772	0.10838955186927086	0.47595392564226696	0.1630835064926394
el	1.0	0.22912043369821938	0.6980834559209271	1.0	0.16276514517969343	0.1973457220821473	1.0	0.1056632599236148	0.1835593841809153	0.11217187092847164	1.0	1.0	0.11926612441781649	0.16519047761498926	0.10201542866023453	1.0	1.0	0.24929453880025657	1.0	1.0	1.0	0.16792868699085997	0.1417713892312553	0.14344899485237808	0.16702853161601536	1.0	0.153287000591334	1.0	0.27257282617980694	0.6926859289439794	0.13623939262509363	1.0	0.18242744090078175	0.7039424865283899	1.0
en	0.33218315313656893	0.18219093061919397	0.11122401377476426	0.6067636116293127	0.10131862844765946	0.054020363741646225	0.1056632599236148	1.0	0.06432324495142529	0.05312918822187932	0.1053492584202666	0.22036834181340625	0.07386030592463166	0.07752683429549753	0.05789052224856082	0.0990611116224436	0.12073203318650727	0.19810767836600976	0.17035276199103083	0.18695484049213568	0.4386892682140443	0.06375422448888862	0.06757371900677467	0.060862633543081565	0.1008061976227202	0.0902909781127976	0.07294061341286495	0.661251134120194	0.14973360726061982	0.11196880795918851	0.06061804034585615	0.526606355789965	0.0857885506987557	0.2689589002447307	0.10191535130980096
es	0.4930341140073748	0.2126337139271881	0.2742021773017256	1.0	0.1258407560323459	0.06601430967426736	0.1835593841809153	0.06432324495142529	1.0	0.057865716820377375	0.17548347970383116	0.3662347962983663	0.08689009852109533	0.0891815407992223	0.06111092200791015	0.14207806249081048	0.21274975511762662	0.233498792606353	0.29118311751511694	0.3819601157824977	0.4816811129582325	0.08129563824048618	0.07869908943608549	0.06852466262077868	0.12256852490181923	0.10678626915760324	0.09229532474669044	0.7248485669756152	0.18701091011198284	0.2150284608338243	0.07589590388159659	1.0	0.11616096313668885	0.4962248555383813	0.1608483048694461
fr	0.309470407907715	0.21193961350101498	0.17836881756790487	0.6487871090048528	0.1107833067134139	0.05218032663754363	0.11217187092847164	0.05312918822187932	0.057865716820377375	1.0	0.10583113544840987	0.26266368284907116	0.07501418919589278	0.08475641870721609	0.05176543376216846	0.0919365242676164	0.1341986072586018	0.20179316130354502	0.2451986665971499	0.22101937148815698	0.505558704803267	0.06081687659539324	0.06365834958416491	0.06171210074595034	0.11135268173056982	0.07379584481053995	0.07396114671717163	0.7248485669756151	0.1779916584458626	0.14301262066866802	0.0631929677218502	0.6143589292419388	0.08802915706795549	0.3876908457019338	0.09877743947286355
he	1.0	0.23924762422244106	0.6962087343736185	1.0	0.15215503315976503	0.21404064847791424	1.0	0.1053492584202666	0.17548347970383116	0.10583113544840987	1.0	1.0	0.10757705860702715	0.12132150072715502	0.09425886201423206	1.0	1.0	0.2444347514498676	1.0	1.0	1.0	0.1321739456909078	0.15788342449598947	0.13456531848072184	0.15781313686774978	0.5594540566167698	0.12893825313275176	1.0	0.21136646592172748	0.6133263652383122	0.12557301608075233	1.0	0.13309401478365987	0.7026445955663442	1.0
hi	1.0	0.3316093662910584	0.7101264857596847	1.0	0.22555253666028302	0.37512088133799387	1.0	0.22036834181340625	0.3662347962983663	0.26266368284907116	1.0	1.0	0.26071317013696094	0.3079988092010956	0.300584173050257	1.0	1.0	0.2796089714889152	1.0	1.0	1.0	0.4029848646423866	0.3440568831308525	0.3270312180006016	0.3123688150689491	0.6977891583206235	0.2490774272402052	1.0	0.4083207431663808	1.0	0.3627060212654299	1.0	0.21354299005776695	0.7111374370280846	1.0
hu	0.31919730714706884	0.19947973284949624	0.21083422090730028	0.559152953751058	0.10968282583661403	0.08734091360084491	0.11926612441781649	0.07386030592463166	0.08689009852109533	0.07501418919589278	0.10757705860702715	0.26071317013696094	1.0	0.09157837293220075	0.07508333245831145	0.1053686323700929	0.13410528044050213	0.19436707458046765	0.23080450406422992	0.19254128900782475	0.326997562934231	0.08810008395326066	0.0812569029158249	0.0860131912216241	0.1051593088076952	0.09671311518549089	0.0862481673739231	0.728099120889861	0.14301688122750875	0.13768531567058762	0.08598717919454894	0.6310780967851766	0.10097004074734092	0.28729987432242426	0.11015685906833145
id	0.5116042025994393	0.21915515099056163	0.26175650522314065	0.568991328973943	0.13397281226412674	0.10117760453461329	0.16519047761498926	0.07752683429549753	0.0891815407992223	0.08475641870721609	0.12132150072715502	0.3079988092010956	0.09157837293220075	1.0	0.08097811773221167	0.12637447201575747	0.17689316260664995	0.2083470318707796	0.21846568848705786	0.3425120284626784	0.4908097796582715	0.08912326421392604	0.10237060491025549	0.09668620914005996	0.13459695214197473	0.11349498182895391	0.10358499487831994	0.728099120889861	0.1767973828593248	0.15747595042325416	0.08888040134126016	0.728099120889861	0.115562093528056	0.383965532579511	0.11930046889058235
it	0.428265445156208	0.21579407358995792	0.1210608319120839	0.5808852645006567	0.10820942303818691	0.058150259913365	0.10201542866023453	0.05789052224856082	0.06111092200791015	0.05176543376216846	0.09425886201423206	0.300584173050257	0.07508333245831145	0.08097811773221167	1.0	0.08732372834205546	0.13147060750731923	0.18027978561030603	0.21766769292206073	0.23411692016595528	0.4506891030807528	0.06227294625596903	0.06650066178749989	0.061976686624578295	0.09986885515798917	0.0724857384971367	0.07460974623523639	0.7248485669756152	0.15319003673993825	0.12184537389461891	0.06127922135218971	0.6612511341201939	0.09529492721763358	0.35602622795650135	0.10013034196114404
ja	1.0	0.21592333596272167	0.6953009332395164	1.0	0.14253940418616354	0.1762133067304116	1.0	0.0990611116224436	0.14207806249081048	0.0919365242676164	1.0	1.0	0.1053686323700929	0.12637447201575747	0.08732372834205546	1.0	1.0	0.2445824844466414	1.0	1.0	1.0	0.1254935848265129	0.12401374211485935	0.1228560938804146	0.14662793444088035	0.5230794276273599	0.10963269191984326	1.0	0.209543752045213	0.6131849866518175	0.11683166234317001	1.0	0.13115226548712464	0.7021690135599069	1.0
ko	1.0	0.24297577430740255	0.6991983135554175	1.0	0.15967082666854165	0.24734734431184263	1.0	0.12073203318650727	0.21274975511762662	0.1341986072586018	1.0	1.0	0.13410528044050213	0.17689316260664995	0.13147060750731923	1.0	1.0	0.26190498411811697	1.0	1.0	1.0	0.1811707882954274	0.1414179422014657	0.17561515418075882	0.16300258979677382	0.6887099893921135	0.1341758393441692	1.0	0.21587835499414834	0.6929178328399934	0.16528559213103708	1.0	0.1426016164284228	0.7042230825271827	1.0
lv	1.0	0.24267647993308025	0.5903211505754852	1.0	0.19175438884513832	0.24175455968942247	0.24929453880025657	0.19810767836600976	0.233498792606353	0.20179316130354502	0.2444347514498676	0.2796089714889152	0.19436707458046765	0.2083470318707796	0.18027978561030603	0.2445824844466414	0.26190498411811697	1.0	0.3514871925573353	0.36316639908535403	0.3723059191034787	0.2225344827005	0.21385273192147955	0.21840769508390204	0.22787453157962012	0.2424077412169767	0.20400189646378494	1.0	0.23176050981870439	0.24686342638025197	0.22390928240316824	0.42489828324440826	0.20239527554233025	0.24299908017298763	0.2445824844466414
mk	1.0	0.29457516413877793	1.0	1.0	0.21590199503109017	0.39330391632555795	1.0	0.17035276199103083	0.29118311751511694	0.2451986665971499	1.0	1.0	0.23080450406422992	0.21846568848705786	0.21766769292206073	1.0	1.0	0.3514871925573353	1.0	1.0	1.0	0.37742845093001215	0.29495013903067147	0.2755866753532063	0.26472518418047114	0.6954089837405415	0.24574555431544345	1.0	0.37429045358047414	1.0	0.2744588977260066	1.0	0.33928304311696517	0.7091953875376779	1.0
ml	1.0	0.35233581548720827	1.0	1.0	0.22985155039400895	0.3668298861590799	1.0	0.18695484049213568	0.3819601157824977	0.22101937148815698	1.0	1.0	0.19254128900782475	0.3425120284626784	0.23411692016595528	1.0	1.0	0.36316639908535403	1.0	1.0	1.0	0.3131168071556316	0.2937070446467253	0.20363747296756124	0.28074016614977926	0.6973656372342559	0.21500761069498234	1.0	0.41203379673068397	1.0	0.2628186550717831	1.0	0.3176128185825922	0.7116768074483946	1.0
mr	1.0	0.29506741831317845	1.0	1.0	0.3316766034308697	0.5903211505754851	1.0	0.4386892682140443	0.4816811129582325	0.505558704803267	1.0	1.0	0.326997562934231	0.4908097796582715	0.4506891030807528	1.0	1.0	0.3723059191034787	1.0	1.0	1.0	0.5066728444021928	0.6364353709769035	0.5369618306538331	0.41594113865099525	1.0	0.3504190194664368	1.0	0.6011455215697223	1.0	0.5932464233149597	1.0	0.4938025240260871	0.7199285383279772	1.0
nl	0.4827285876198649	0.2115253902945203	0.23252015758412137	1.0	0.12254370132949902	0.06932795230240427	0.16792868699085997	0.06375422448888862	0.08129563824048618	0.06081687659539324	0.1321739456909078	0.4029848646423866	0.08810008395326066	0.08912326421392604	0.06227294625596903	0.1254935848265129	0.1811707882954274	0.2225344827005	0.37742845093001215	0.3131168071556316	0.5066728444021928	1.0	0.0786510630131136	0.07318035812252166	0.12687371593841135	0.09143646123450326	0.09189364791575605	0.728099120889861	0.17977236235142444	0.17427598677614875	0.06965300429894625	0.7234532828151788	0.10733480539348593	0.45619454456144304	0.13685096555945814
pl	0.31943875408640743	0.20337627841845166	0.2520238611418242	1.0	0.11992504541566246	0.07746860588390411	0.1417713892312553	0.06757371900677467	0.07869908943608549	0.06365834958416491	0.15788342449598947	0.3440568831308525	0.0812569029158249	0.10237060491025549	0.06650066178749989	0.12401374211485935	0.1414179422014657	0.21385273192147955	0.29495013903067147	0.2937070446467253	0.6364353709769035	0.0786510630131136	1.0	0.07463911721008114	0.12184210684171724	0.10211661794182164	0.09427472058540162	0.7263875964832448	0.18481363050319632	0.18638474541363098	0.0781563131131771	0.7221793916855703	0.11041645359471632	0.37122482314744687	0.12648964915578764
pt	0.28056497882849335	0.20266772563859967	0.21407176073546325	0.6006513113390888	0.12028163234571791	0.0685138515382248	0.14344899485237808	0.060862633543081565	0.06852466262077868	0.06171210074595034	0.13456531848072184	0.3270312180006016	0.0860131912216241	0.09668620914005996	0.061976686624578295	0.1228560938804146	0.17561515418075882	0.21840769508390204	0.2755866753532063	0.20363747296756124	0.5369618306538331	0.07318035812252166	0.07463911721008114	1.0	0.11375949966482829	0.08755611947846353	0.09212175877426886	1.0	0.17755486219603564	0.17319776614846502	0.06916753571846346	0.7234532828151787	0.1033718256613757	0.4315865548372142	0.11744897817721626
ro	0.2813834149939263	0.2015834765488679	0.24330045706173037	0.5421448374928308	0.12787843236769678	0.12038430856239052	0.16702853161601536	0.1008061976227202	0.12256852490181923	0.11135268173056982	0.15781313686774978	0.3123688150689491	0.1051593088076952	0.13459695214197473	0.09986885515798917	0.14662793444088035	0.16300258979677382	0.22787453157962012	0.26472518418047114	0.28074016614977926	0.41594113865099525	0.12687371593841135	0.12184210684171724	0.11375949966482829	1.0	0.14155481735782427	0.12656475730548197	0.7300208629885034	0.19871731795697967	0.1719510750933062	0.11889340664282319	0.7376607345031153	0.12758978380901628	0.2927060012416938	0.15535959013609257
ru	1.0	0.2129588857337693	0.6124147336651972	1.0	0.135699989579488	0.09711177122853519	1.0	0.0902909781127976	0.10678626915760324	0.07379584481053995	0.5594540566167698	0.6977891583206235	0.09671311518549089	0.11349498182895391	0.0724857384971367	0.5230794276273599	0.6887099893921135	0.2424077412169767	0.6954089837405415	0.6973656372342559	1.0	0.09143646123450326	0.10211661794182164	0.08755611947846353	0.14155481735782427	1.0	0.10381602897340324	1.0	0.19505678082497716	0.5611027183051442	0.0872239066675341	1.0	0.12076979759364691	0.7014961547481123	0.6079024802260226
sh	0.36868306820301344	0.20709408990770592	0.16731150965516736	0.5969819612641136	0.11549194730853109	0.09129695371463206	0.153287000591334	0.07294061341286495	0.09229532474669044	0.07396114671717163	0.12893825313275176	0.2490774272402052	0.0862481673739231	0.10358499487831994	0.07460974623523639	0.10963269191984326	0.1341758393441692	0.20400189646378494	0.24574555431544345	0.21500761069498234	0.3504190194664368	0.09189364791575605	0.09427472058540162	0.09212175877426886	0.12656475730548197	0.10381602897340324	1.0	1.0	0.18874769169487138	0.13187440103031253	0.09005892702404564	1.0	0.11204976153599071	0.3053615000797108	0.1176255033363798
si	1.0	1.0	1.0	1.0	0.6110569957520273	1.0	1.0	0.661251134120194	0.7248485669756152	0.7248485669756151	1.0	1.0	0.728099120889861	0.728099120889861	0.7248485669756152	1.0	1.0	1.0	1.0	1.0	1.0	0.728099120889861	0.7263875964832448	1.0	0.7300208629885034	1.0	1.0	1.0	1.0	1.0	0.394280886381459	1.0	1.0	1.0	1.0
simple	0.5233869356440984	0.24160743582142002	0.4107135660454336	0.6332460537063271	0.16681836773836525	0.1899568976635491	0.27257282617980694	0.14973360726061982	0.18701091011198284	0.1779916584458626	0.21136646592172748	0.4083207431663808	0.14301688122750875	0.1767973828593248	0.15319003673993825	0.209543752045213	0.21587835499414834	0.23176050981870439	0.37429045358047414	0.41203379673068397	0.6011455215697223	0.17977236235142444	0.18481363050319632	0.17755486219603564	0.19871731795697967	0.19505678082497716	0.18874769169487138	1.0	1.0	0.23599575890328234	0.16208624461612978	1.0	0.1716770420370351	0.42584898743658284	0.20632226195605935
sr	1.0	0.2315084982245821	0.6982344021713169	1.0	0.14012608758088552	0.23355625442951422	0.6926859289439794	0.11196880795918851	0.2150284608338243	0.14301262066866802	0.6133263652383122	1.0	0.13768531567058762	0.15747595042325416	0.12184537389461891	0.6131849866518175	0.6929178328399934	0.24686342638025197	1.0	1.0	1.0	0.17427598677614875	0.18638474541363098	0.17319776614846502	0.1719510750933062	0.5611027183051442	0.13187440103031253	1.0	0.23599575890328234	1.0	0.13753492400593928	1.0	0.2048335972750814	0.7026445955663438	0.6905961862774881
sv	0.34929597268659024	0.206792211948629	0.16437409108467194	0.7179915061657697	0.11722772149808412	0.06949524648471175	0.13623939262509363	0.06061804034585615	0.07589590388159659	0.0631929677218502	0.12557301608075233	0.3627060212654299	0.08598717919454894	0.08888040134126016	0.06127922135218971	0.11683166234317001	0.16528559213103708	0.22390928240316824	0.2744588977260066	0.2628186550717831	0.5932464233149597	0.06965300429894625	0.0781563131131771	0.06916753571846346	0.11889340664282319	0.0872239066675341	0.09005892702404564	0.394280886381459	0.16208624461612978	0.13753492400593928	1.0	0.7263875964832448	0.10060922404172053	0.37440279913110636	0.11922793209152309
te	1.0	0.8216064286890065	1.0	1.0	0.6701591524560107	0.7199285383279772	1.0	0.526606355789965	1.0	0.6143589292419388	1.0	1.0	0.6310780967851766	0.728099120889861	0.6612511341201939	1.0	1.0	0.42489828324440826	1.0	1.0	1.0	0.7234532828151788	0.7221793916855703	0.7234532828151787	0.7376607345031153	1.0	1.0	1.0	1.0	1.0	0.7263875964832448	1.0	0.7263875964832448	1.0	1.0
vi	0.3592776755336391	0.22520873823111362	0.2731129252546629	0.5922033024827087	0.11817317455981018	0.10838955186927086	0.18242744090078175	0.0857885506987557	0.11616096313668885	0.08802915706795549	0.13309401478365987	0.21354299005776695	0.10097004074734092	0.115562093528056	0.09529492721763358	0.13115226548712464	0.1426016164284228	0.20239527554233025	0.33928304311696517	0.3176128185825922	0.4938025240260871	0.10733480539348593	0.11041645359471632	0.1033718256613757	0.12758978380901628	0.12076979759364691	0.11204976153599071	1.0	0.1716770420370351	0.2048335972750814	0.10060922404172053	0.7263875964832448	1.0	0.29035623803597177	0.12888511884994658
war	1.0	0.2776255389201232	1.0	1.0	0.19542355534464106	0.47595392564226696	0.7039424865283899	0.2689589002447307	0.4962248555383813	0.3876908457019338	0.7026445955663442	0.7111374370280846	0.28729987432242426	0.383965532579511	0.35602622795650135	0.7021690135599069	0.7042230825271827	0.24299908017298763	0.7091953875376779	0.7116768074483946	0.7199285383279772	0.45619454456144304	0.37122482314744687	0.4315865548372142	0.2927060012416938	0.7014961547481123	0.3053615000797108	1.0	0.42584898743658284	0.7026445955663438	0.37440279913110636	1.0	0.29035623803597177	1.0	0.701939543475863
zh	1.0	0.2129588857337693	0.6948828394802082	1.0	0.14577110582436123	0.1630835064926394	1.0	0.10191535130980096	0.1608483048694461	0.09877743947286355	1.0	1.0	0.11015685906833145	0.11930046889058235	0.10013034196114404	1.0	1.0	0.2445824844466414	1.0	1.0	1.0	0.13685096555945814	0.12648964915578764	0.11744897817721626	0.15535959013609257	0.6079024802260226	0.1176255033363798	1.0	0.20632226195605935	0.6905961862774881	0.11922793209152309	1.0	0.12888511884994658	0.701939543475863	1.0
