arz	bs	ceb	ckb	da	de	el	en	es	fr	he	hi	hu	id	it	ja	ko	lv	mk	ml	mr	nl	pl	pt	ro	ru	sh	si	simple	sr	sv	te	vi	war	zh
arz	1.0	0.0	0.0	0.0	1.0	1.0	0.0	1.0	1.0	1.0	1.0	0.0	1.0	1.0	1.0	1.0	1.0	0.0	1.0	0.0	0.0	1.0	1.0	0.585786437626905	1.0	1.0	0.0	0.0	1.0	0.0	1.0	0.0	1.0	0.0	1.0
bs	0.0	1.0	0.0	1.0	1.0	1.0	1.0	1.0	1.0	1.0	1.0	1.0	1.0	1.0	0.585786437626905	1.0	1.0	1.0	1.0	1.0	0.0	0.585786437626905	1.0	1.0	0.0	1.0	1.0	0.0	1.0	1.0	1.0	0.0	1.0	0.0	1.0
ceb	0.0	0.0	1.0	0.0	1.0	1.0	0.0	1.0	1.0	1.0	1.0	0.0	0.0	1.0	1.0	1.0	1.0	1.0	1.0	1.0	0.0	1.0	1.0	1.0	1.0	1.0	0.0	0.0	1.0	1.0	1.0	0.0	1.0	0.0	1.0
ckb	0.0	1.0	0.0	1.0	1.0	1.0	1.0	0.585786437626905	1.0	1.0	1.0	1.0	1.0	1.0	1.0	1.0	1.0	1.0	1.0	1.0	0.0	1.0	1.0	1.0	0.0	1.0	0.0	0.0	1.0	1.0	1.0	0.0	1.0	0.0	1.0
da	1.0	1.0	1.0	1.0	1.0	0.183369720635175	1.0	0.051345964410205065	0.36602540378443865	0.25	0.5	1.0	0.585786437626905	0.32037724101704074	0.0793077326414705	0.36602540378443865	0.44948974278317805	0.585786437626905	0.36602540378443865	1.0	0.0	0.1540618032698778	0.2402530733520421	0.19636040545626823	1.0	0.2474401533514073	1.0	0.0	1.0	1.0	0.1415980457832764	0.0	1.0	1.0	0.39564392373896007
de	1.0	1.0	1.0	1.0	0.183369720635175	1.0	0.3333333333333333	0.006386772393425427	0.06784890366995519	0.010065083009080787	0.5	1.0	0.1067783470114379	0.044181227742870935	0.01100225832825499	0.12729683913915313	0.32449979983983984	1.0	0.4142135623730951	1.0	0.0	0.011527877567064197	0.017070124587853397	0.016004416831164776	0.44948974278317805	0.02733021485251583	0.26533119314590375	0.0	0.3333333333333333	0.44948974278317805	0.02087618833603956	0.0	0.5	1.0	0.16666666666666666
el	0.0	1.0	0.0	1.0	1.0	0.3333333333333333	1.0	0.020562141307708014	0.4142135623730951	0.1886378647726465	1.0	1.0	0.28989794855663564	0.3430703308172536	0.034531395638353356	1.0	1.0	1.0	1.0	1.0	0.0	0.32449979983983984	0.21089672205953397	0.11282329985847067	1.0	1.0	1.0	0.0	1.0	1.0	0.22966848451216434	0.0	1.0	1.0	1.0
en	1.0	1.0	1.0	0.585786437626905	0.051345964410205065	0.006386772393425427	0.020562141307708014	1.0	0.005516893622705857	0.021210270053292218	0.047302758460350654	0.1918253663634734	0.03260251058218615	0.02848576891692511	0.03568820734067986	0.007825905264013586	0.01710822166710227	0.3430703308172536	0.023905159949856623	0.3430703308172536	1.0	0.012582078617691148	0.01803588038891041	0.035333101871522735	0.1466513501489195	0.004077902995706123	0.11331178439570641	1.0	0.04869203689386285	0.16778977572266515	0.03012101662310219	0.0	0.05104762072050255	1.0	0.006588954811959556
es	1.0	1.0	1.0	1.0	0.36602540378443865	0.06784890366995519	0.4142135623730951	0.005516893622705857	1.0	0.008817870874320009	0.44948974278317805	1.0	0.15823349565231337	0.08607051714360313	0.012189122207479596	0.21712927295533246	0.38742588672279304	0.585786437626905	0.5	1.0	0.0	0.04796469053375699	0.02167936437503226	0.013271707769776103	0.44948974278317805	0.15815511491062575	0.38742588672279304	0.0	0.38742588672279304	0.585786437626905	0.03936793050266753	0.0	0.5	1.0	0.25
fr	1.0	1.0	1.0	1.0	0.25	0.010065083009080787	0.1886378647726465	0.021210270053292218	0.008817870874320009	1.0	0.18368518446174903	0.585786437626905	0.07744106857872	0.04193325952879077	0.016357122243117812	0.013168234029072336	0.12043886815418244	0.5	0.17507960357339145	0.585786437626905	0.0	0.013065195888229148	0.01604213935401656	0.01583738202915051	0.21519646388309702	0.007242598526824313	0.29893508442482547	1.0	0.18464218557642828	0.36602540378443865	0.03223750357417999	1.0	0.32449979983983984	1.0	0.049160752553001834
he	1.0	1.0	1.0	1.0	0.5	0.5	1.0	0.047302758460350654	0.44948974278317805	0.18368518446174903	1.0	1.0	1.0	0.4142135623730951	0.06508144586145456	1.0	1.0	1.0	1.0	1.0	0.0	0.44948974278317805	0.3090169943749474	0.13122197716763584	1.0	1.0	0.585786437626905	0.0	0.585786437626905	1.0	0.2474401533514073	0.0	1.0	1.0	1.0
hi	0.0	1.0	0.0	1.0	1.0	1.0	1.0	0.1918253663634734	1.0	0.585786437626905	1.0	1.0	1.0	0.585786437626905	0.3333333333333333	1.0	1.0	1.0	1.0	1.0	1.0	1.0	1.0	0.4364916731037085	1.0	1.0	0.585786437626905	0.0	1.0	1.0	0.44948974278317805	1.0	1.0	1.0	1.0
hu	1.0	1.0	0.0	1.0	0.585786437626905	0.1067783470114379	0.28989794855663564	0.03260251058218615	0.15823349565231337	0.07744106857872	1.0	1.0	1.0	0.44948974278317805	0.04090960032352756	0.17379378377786506	0.29429805508554946	1.0	0.29429805508554946	1.0	0.0	0.20168959288722538	0.20342651452257512	0.21551468935838852	1.0	0.091418533062788	0.585786437626905	0.0	0.44948974278317805	0.585786437626905	0.19219040425836986	0.0	0.5	1.0	0.1842574582922436
id	1.0	1.0	1.0	1.0	0.32037724101704074	0.044181227742870935	0.3430703308172536	0.02848576891692511	0.08607051714360313	0.04193325952879077	0.4142135623730951	0.585786437626905	0.44948974278317805	1.0	0.0473134059644218	0.08750187292164367	0.16736577623297264	0.5	0.5	0.585786437626905	0.0	0.057934512440468475	0.07334747364870953	0.06439684666519538	0.585786437626905	0.029622737102486314	1.0	1.0	0.2158344610587697	0.585786437626905	0.1586912413940414	0.0	0.4142135623730951	1.0	0.07571997037657908
it	1.0	0.585786437626905	1.0	1.0	0.0793077326414705	0.01100225832825499	0.034531395638353356	0.03568820734067986	0.012189122207479596	0.016357122243117812	0.06508144586145456	0.3333333333333333	0.04090960032352756	0.0473134059644218	1.0	0.017892518122864253	0.03731383757861631	0.5	0.06530204884512392	1.0	0.0	0.014417869861226073	0.02040901135948751	0.029470551866993423	0.16736577623297264	0.009794988302513612	0.1508906849579797	1.0	0.06866991602270872	0.09608507269843874	0.026289141921127412	0.0	0.09825821013033008	1.0	0.021874672406575275
ja	1.0	1.0	1.0	1.0	0.36602540378443865	0.12729683913915313	1.0	0.007825905264013586	0.21712927295533246	0.013168234029072336	1.0	1.0	0.17379378377786506	0.08750187292164367	0.017892518122864253	1.0	1.0	1.0	0.585786437626905	1.0	0.0	0.08223382577041298	0.039775736247041484	0.026558075364907115	1.0	0.585786437626905	0.4142135623730951	0.0	0.3266316347104093	1.0	0.03785508535546925	1.0	1.0	1.0	0.585786437626905
ko	1.0	1.0	1.0	1.0	0.44948974278317805	0.32449979983983984	1.0	0.01710822166710227	0.38742588672279304	0.12043886815418244	1.0	1.0	0.29429805508554946	0.16736577623297264	0.03731383757861631	1.0	1.0	1.0	1.0	1.0	0.0	0.3090169943749474	0.14146178098635465	0.07628143122490798	0.585786437626905	1.0	0.44948974278317805	0.0	0.44948974278317805	1.0	0.22966848451216434	0.0	1.0	1.0	1.0
lv	0.0	1.0	1.0	1.0	0.585786437626905	1.0	1.0	0.3430703308172536	0.585786437626905	0.5	1.0	1.0	1.0	0.5	0.5	1.0	1.0	1.0	1.0	1.0	0.0	1.0	0.585786437626905	0.5	1.0	1.0	1.0	0.0	0.585786437626905	1.0	0.585786437626905	0.0	1.0	1.0	1.0
mk	1.0	1.0	1.0	1.0	0.36602540378443865	0.4142135623730951	1.0	0.023905159949856623	0.5	0.17507960357339145	1.0	1.0	0.29429805508554946	0.5	0.06530204884512392	0.585786437626905	1.0	1.0	1.0	1.0	0.0	0.20799159651347807	0.26968623182294527	0.2187841884486319	1.0	1.0	0.585786437626905	0.0	1.0	1.0	0.16556726505498612	0.0	1.0	1.0	1.0
ml	0.0	1.0	1.0	1.0	1.0	1.0	1.0	0.3430703308172536	1.0	0.585786437626905	1.0	1.0	1.0	0.585786437626905	1.0	1.0	1.0	1.0	1.0	1.0	0.0	1.0	1.0	1.0	1.0	1.0	1.0	0.0	1.0	1.0	1.0	0.0	1.0	1.0	1.0
mr	0.0	0.0	0.0	0.0	0.0	0.0	0.0	1.0	0.0	0.0	0.0	1.0	0.0	0.0	0.0	0.0	0.0	0.0	0.0	0.0	1.0	0.0	0.0	0.0	0.0	0.0	0.0	0.0	0.0	0.0	0.0	0.0	0.0	0.0	0.0
nl	1.0	0.585786437626905	1.0	1.0	0.1540618032698778	0.011527877567064197	0.32449979983983984	0.012582078617691148	0.04796469053375699	0.013065195888229148	0.44948974278317805	1.0	0.20168959288722538	0.057934512440468475	0.014417869861226073	0.08223382577041298	0.3090169943749474	1.0	0.20799159651347807	1.0	0.0	1.0	0.02383456733208116	0.03696658265783089	0.3660254037844386	0.022796359318603777	0.27429188517743175	0.0	0.3660254037844386	0.3660254037844386	0.0375752136657647	0.0	0.3090169943749474	1.0	0.06482699933119579
pl	1.0	1.0	1.0	1.0	0.2402530733520421	0.017070124587853397	0.21089672205953397	0.01803588038891041	0.02167936437503226	0.01604213935401656	0.3090169943749474	1.0	0.20342651452257512	0.07334747364870953	0.02040901135948751	0.039775736247041484	0.14146178098635465	0.585786437626905	0.26968623182294527	1.0	0.0	0.02383456733208116	1.0	0.02765276697321802	0.3483314773547883	0.013665477872291103	0.22966848451216434	0.0	0.2674788903885893	0.3430703308172536	0.07208042300367376	1.0	0.4142135623730951	1.0	0.07566783599014405
pt	0.585786437626905	1.0	1.0	1.0	0.19636040545626823	0.016004416831164776	0.11282329985847067	0.035333101871522735	0.013271707769776103	0.01583738202915051	0.13122197716763584	0.4364916731037085	0.21551468935838852	0.06439684666519538	0.029470551866993423	0.026558075364907115	0.07628143122490798	0.5	0.2187841884486319	1.0	0.0	0.03696658265783089	0.02765276697321802	1.0	0.34833147735478825	0.01239393801369622	0.27429188517743175	0.0	0.34833147735478825	0.36602540378443865	0.04181368865540651	0.0	0.2479451436122708	1.0	0.04950750355025785
ro	1.0	0.0	1.0	0.0	1.0	0.44948974278317805	1.0	0.1466513501489195	0.44948974278317805	0.21519646388309702	1.0	1.0	1.0	0.585786437626905	0.16736577623297264	1.0	0.585786437626905	1.0	1.0	1.0	0.0	0.3660254037844386	0.3483314773547883	0.34833147735478825	1.0	0.38742588672279304	0.585786437626905	0.0	1.0	1.0	0.44948974278317805	0.0	1.0	1.0	0.5
ru	1.0	1.0	1.0	1.0	0.2474401533514073	0.02733021485251583	1.0	0.004077902995706123	0.15815511491062575	0.007242598526824313	1.0	1.0	0.091418533062788	0.029622737102486314	0.009794988302513612	0.585786437626905	1.0	1.0	1.0	1.0	0.0	0.022796359318603777	0.013665477872291103	0.01239393801369622	0.38742588672279304	1.0	0.3333333333333333	1.0	0.27429188517743175	1.0	0.021331344310906396	1.0	1.0	1.0	1.0
sh	0.0	1.0	0.0	0.0	1.0	0.26533119314590375	1.0	0.11331178439570641	0.38742588672279304	0.29893508442482547	0.585786437626905	0.585786437626905	0.585786437626905	1.0	0.1508906849579797	0.4142135623730951	0.44948974278317805	1.0	0.585786437626905	1.0	0.0	0.27429188517743175	0.22966848451216434	0.27429188517743175	0.585786437626905	0.3333333333333333	1.0	0.0	0.585786437626905	0.5	0.23778363506226372	0.0	1.0	1.0	0.4142135623730951
si	0.0	0.0	0.0	0.0	0.0	0.0	0.0	1.0	0.0	1.0	0.0	0.0	0.0	1.0	1.0	0.0	0.0	0.0	0.0	0.0	0.0	0.0	0.0	0.0	0.0	1.0	0.0	1.0	0.0	0.0	1.0	0.0	0.0	0.0	0.0
simple	1.0	1.0	1.0	1.0	1.0	0.3333333333333333	1.0	0.04869203689386285	0.38742588672279304	0.18464218557642828	0.585786437626905	1.0	0.44948974278317805	0.2158344610587697	0.06866991602270872	0.3266316347104093	0.44948974278317805	0.585786437626905	1.0	1.0	0.0	0.3660254037844386	0.2674788903885893	0.34833147735478825	1.0	0.27429188517743175	0.585786437626905	0.0	1.0	1.0	0.28708594921778513	0.0	0.585786437626905	0.0	0.4142135623730951
sr	0.0	1.0	1.0	1.0	1.0	0.44948974278317805	1.0	0.16778977572266515	0.585786437626905	0.36602540378443865	1.0	1.0	0.585786437626905	0.585786437626905	0.09608507269843874	1.0	1.0	1.0	1.0	1.0	0.0	0.3660254037844386	0.3430703308172536	0.36602540378443865	1.0	1.0	0.5	0.0	1.0	1.0	0.26533119314590375	0.0	1.0	1.0	1.0
sv	1.0	1.0	1.0	1.0	0.1415980457832764	0.02087618833603956	0.22966848451216434	0.03012101662310219	0.03936793050266753	0.03223750357417999	0.2474401533514073	0.44948974278317805	0.19219040425836986	0.1586912413940414	0.026289141921127412	0.03785508535546925	0.22966848451216434	0.585786437626905	0.16556726505498612	1.0	0.0	0.0375752136657647	0.07208042300367376	0.04181368865540651	0.44948974278317805	0.021331344310906396	0.23778363506226372	1.0	0.28708594921778513	0.26533119314590375	1.0	0.0	0.30216947925196225	1.0	0.06935046899358087
te	0.0	0.0	0.0	0.0	0.0	0.0	0.0	0.0	0.0	1.0	0.0	1.0	0.0	0.0	0.0	1.0	0.0	0.0	0.0	0.0	0.0	0.0	1.0	0.0	0.0	1.0	0.0	0.0	0.0	0.0	0.0	1.0	0.0	0.0	0.0
vi	1.0	1.0	1.0	1.0	1.0	0.5	1.0	0.05104762072050255	0.5	0.32449979983983984	1.0	1.0	0.5	0.4142135623730951	0.09825821013033008	1.0	1.0	1.0	1.0	1.0	0.0	0.3090169943749474	0.4142135623730951	0.2479451436122708	1.0	1.0	1.0	0.0	0.585786437626905	1.0	0.30216947925196225	0.0	1.0	1.0	1.0
war	0.0	0.0	0.0	0.0	1.0	1.0	1.0	1.0	1.0	1.0	1.0	1.0	1.0	1.0	1.0	1.0	1.0	1.0	1.0	1.0	0.0	1.0	1.0	1.0	1.0	1.0	1.0	0.0	0.0	1.0	1.0	0.0	1.0	1.0	1.0
zh	1.0	1.0	1.0	1.0	0.39564392373896007	0.16666666666666666	1.0	0.006588954811959556	0.25	0.049160752553001834	1.0	1.0	0.1842574582922436	0.07571997037657908	0.021874672406575275	0.585786437626905	1.0	1.0	1.0	1.0	0.0	0.06482699933119579	0.07566783599014405	0.04950750355025785	0.5	1.0	0.4142135623730951	0.0	0.4142135623730951	1.0	0.06935046899358087	0.0	1.0	1.0	1.0
