arz	bs	ceb	ckb	da	de	el	en	es	fr	he	hi	hu	id	it	ja	ko	lv	mk	ml	mr	nl	pl	pt	ro	ru	sh	si	simple	sr	sv	te	tr	union	vi	war	zh
arz	1.0	0.11841037713768549	1.0	1.0	1.0	0.057307197028694495	1.0	0.04283062664085622	0.07305823493763652	0.13507482885977154	1.0	1.0	1.0	0.10260703694113389	0.06562273916026018	1.0	1.0	1.0	1.0	1.0	1.0	0.04491430180699642	0.05016517095601838	1.0	0.22923445162785408	1.0	0.11376316775618638	1.0	1.0	1.0	0.17988074221140027	1.0	1.0	0.026456692077852298	1.0	1.0	1.0
bs	0.11841037713768549	1.0	1.0	1.0	0.11841037713768549	0.05944232082013397	0.11841037713768549	0.044989045502554274	0.06547697052555446	0.09969066574348347	0.11841037713768549	0.11841037713768549	0.11841037713768549	0.08051375728195703	0.07005807159120842	0.11841037713768549	0.11841037713768549	0.11841037713768549	0.11841037713768549	1.0	1.0	0.04341120316165062	0.04799138612154889	0.11841037713768549	0.10906245774624057	0.11841037713768549	0.2355221386715186	1.0	0.11841037713768549	0.11841037713768549	0.11275800578275717	1.0	0.11841037713768549	0.027136235406416638	0.11841037713768549	1.0	0.11841037713768549
ceb	1.0	1.0	1.0	1.0	1.0	0.3076785796478977	1.0	0.3397259657953065	1.0	0.7300208629885034	1.0	1.0	1.0	1.0	0.7300208629885034	1.0	1.0	1.0	1.0	1.0	1.0	0.7300208629885034	0.3500151006573172	0.34749137155230875	1.0	1.0	0.7300208629885034	1.0	0.7011716713392849	1.0	1.0	1.0	1.0	0.27683206058880455	0.7834965055871609	1.0	1.0
ckb	1.0	1.0	1.0	1.0	0.5216505066397794	0.30395533796950686	0.3658594156186158	0.16692835097043485	0.19078289053352254	0.2634642201559904	1.0	1.0	0.35402555733765545	0.26450564086095096	0.18835764375672195	0.5492186846418722	1.0	1.0	0.6250918064662292	1.0	1.0	0.21715317352565852	0.4652588908188869	0.2853995828307376	0.5917435224033633	0.5159397670284274	0.3658594156186158	1.0	0.36174034357873464	0.36585941561861585	0.3536900122788342	1.0	0.24054818574425826	0.19323907966338288	0.3580003805003381	1.0	0.3520295234247073
da	1.0	0.11841037713768549	1.0	0.5216505066397794	1.0	0.057307197028694495	1.0	0.04283062664085622	0.07305823493763652	0.13507482885977154	1.0	1.0	1.0	0.10260703694113389	0.06562273916026018	1.0	1.0	1.0	1.0	0.5216505066397794	0.5216505066397794	0.04491430180699642	0.05016517095601838	1.0	0.22923445162785408	1.0	0.11376316775618638	0.5216505066397794	1.0	1.0	0.17988074221140027	0.5216505066397794	1.0	0.026456692077852298	1.0	0.5216505066397794	1.0
de	0.057307197028694495	0.05944232082013397	0.3076785796478977	0.30395533796950686	0.057307197028694495	1.0	0.057307197028694495	0.05140169083049528	0.04761806280321061	0.061264711301974584	0.057307197028694495	0.057307197028694495	0.057307197028694495	0.05100854263603944	0.05512528875783482	0.057307197028694495	0.057307197028694495	0.057307197028694495	0.057307197028694495	0.30395533796950686	0.30395533796950686	0.03763040352189704	0.04010785182930492	0.057307197028694495	0.05800218854398668	0.057307197028694495	0.05980530622113699	0.30395533796950686	0.057307197028694495	0.057307197028694495	0.05609643102287089	0.30395533796950686	0.057307197028694495	0.029476208186599687	0.057307197028694495	0.30395533796950686	0.057307197028694495
el	1.0	0.11841037713768549	1.0	0.3658594156186158	1.0	0.057307197028694495	1.0	0.04283062664085622	0.07305823493763652	0.13507482885977154	1.0	1.0	1.0	0.10260703694113389	0.06562273916026018	1.0	1.0	1.0	1.0	0.3658594156186158	0.3658594156186158	0.04491430180699642	0.05016517095601838	1.0	0.22923445162785408	1.0	0.11376316775618638	0.3658594156186158	1.0	1.0	0.17988074221140027	0.3658594156186158	1.0	0.026456692077852298	1.0	0.3658594156186158	1.0
en	0.04283062664085622	0.044989045502554274	0.3397259657953065	0.16692835097043485	0.04283062664085622	0.05140169083049528	0.04283062664085622	1.0	0.039441037579377114	0.04497806025162093	0.04283062664085622	0.04283062664085622	0.04283062664085622	0.04005729063782581	0.042501935501005686	0.04283062664085622	0.04283062664085622	0.04283062664085622	0.04283062664085622	0.16692835097043485	0.16692835097043485	0.03288202588355989	0.035764527264104236	0.04283062664085622	0.04294467009256714	0.04283062664085622	0.04598582124848731	0.16692835097043485	0.04283062664085622	0.04283062664085622	0.04288576805993267	0.16692835097043485	0.04283062664085622	1.0	0.04283062664085622	0.16692835097043485	0.04283062664085622
es	0.07305823493763652	0.06547697052555446	1.0	0.19078289053352254	0.07305823493763652	0.04761806280321061	0.07305823493763652	0.039441037579377114	1.0	0.0658923224025768	0.07305823493763652	0.07305823493763652	0.07305823493763652	0.06109389681381904	0.050389824088222776	0.07305823493763652	0.07305823493763652	0.07305823493763652	0.07305823493763652	0.19078289053352254	0.19078289053352254	0.03924631351635218	0.04239029380526378	0.07305823493763652	0.07079511355106402	0.07305823493763652	0.064474907700062	0.19078289053352254	0.07305823493763652	0.07305823493763652	0.06920814689991892	0.19078289053352254	0.07305823493763652	1.0	0.07305823493763652	0.19078289053352254	0.07305823493763652
fr	0.13507482885977154	0.09969066574348347	0.7300208629885034	0.2634642201559904	0.13507482885977154	0.061264711301974584	0.13507482885977154	0.04497806025162093	0.0658923224025768	1.0	0.13507482885977154	0.13507482885977154	0.13507482885977154	0.08439345484789618	0.06392252652338597	0.13507482885977154	0.13507482885977154	0.13507482885977154	0.13507482885977154	0.2634642201559904	0.2634642201559904	0.04372356829604096	0.04755523543527119	0.13507482885977154	0.12931620568994262	0.13507482885977154	0.09779915700377169	0.2634642201559904	0.13507482885977154	0.13507482885977154	0.11490850495564575	0.2634642201559904	0.13507482885977154	0.027203555161232486	0.13507482885977154	0.2634642201559904	0.13507482885977154
he	1.0	0.11841037713768549	1.0	1.0	1.0	0.057307197028694495	1.0	0.04283062664085622	0.07305823493763652	0.13507482885977154	1.0	1.0	1.0	0.10260703694113389	0.06562273916026018	1.0	1.0	1.0	1.0	1.0	1.0	0.04491430180699642	0.05016517095601838	1.0	0.22923445162785408	1.0	0.11376316775618638	1.0	1.0	1.0	0.17988074221140027	1.0	1.0	0.026456692077852298	1.0	1.0	1.0
hi	1.0	0.11841037713768549	1.0	1.0	1.0	0.057307197028694495	1.0	0.04283062664085622	0.07305823493763652	0.13507482885977154	1.0	1.0	1.0	0.10260703694113389	0.06562273916026018	1.0	1.0	1.0	1.0	1.0	1.0	0.04491430180699642	0.05016517095601838	1.0	0.22923445162785408	1.0	0.11376316775618638	1.0	1.0	1.0	0.17988074221140027	1.0	1.0	0.026456692077852298	1.0	1.0	1.0
hu	1.0	0.11841037713768549	1.0	0.35402555733765545	1.0	0.057307197028694495	1.0	0.04283062664085622	0.07305823493763652	0.13507482885977154	1.0	1.0	1.0	0.10260703694113389	0.06562273916026018	1.0	1.0	1.0	1.0	0.35402555733765545	0.35402555733765545	0.04491430180699642	0.05016517095601838	1.0	0.22923445162785408	1.0	0.11376316775618638	0.35402555733765545	1.0	1.0	0.17988074221140027	0.35402555733765545	1.0	0.026456692077852298	1.0	0.35402555733765545	1.0
id	0.10260703694113389	0.08051375728195703	1.0	0.26450564086095096	0.10260703694113389	0.05100854263603944	0.10260703694113389	0.04005729063782581	0.06109389681381904	0.08439345484789618	0.10260703694113389	0.10260703694113389	0.10260703694113389	1.0	0.05649886384378127	0.10260703694113389	0.10260703694113389	0.10260703694113389	0.10260703694113389	0.26450564086095096	0.26450564086095096	0.04171890113192559	0.045631012915378445	0.10260703694113389	0.09644069775290932	0.10260703694113389	0.07903063296940777	0.26450564086095096	0.10260703694113389	0.10260703694113389	0.09218837233844833	0.26450564086095096	0.10260703694113389	0.026930880450244644	0.10260703694113389	0.26450564086095096	0.10260703694113389
it	0.06562273916026018	0.07005807159120842	0.7300208629885034	0.18835764375672195	0.06562273916026018	0.05512528875783482	0.06562273916026018	0.042501935501005686	0.050389824088222776	0.06392252652338597	0.06562273916026018	0.06562273916026018	0.06562273916026018	0.05649886384378127	1.0	0.06562273916026018	0.06562273916026018	0.06562273916026018	0.06562273916026018	0.18835764375672195	0.18835764375672195	0.038619825700420295	0.04038028732270977	0.06562273916026018	0.06435359271874294	0.06562273916026018	0.06906164666026259	0.18835764375672195	0.06562273916026018	0.06562273916026018	0.06354423422578385	0.18835764375672195	0.06562273916026018	0.028286088281700993	0.06562273916026018	0.18835764375672195	0.06562273916026018
ja	1.0	0.11841037713768549	1.0	0.5492186846418722	1.0	0.057307197028694495	1.0	0.04283062664085622	0.07305823493763652	0.13507482885977154	1.0	1.0	1.0	0.10260703694113389	0.06562273916026018	1.0	1.0	1.0	1.0	0.5492186846418722	0.5492186846418722	0.04491430180699642	0.05016517095601838	1.0	0.22923445162785408	1.0	0.11376316775618638	0.5492186846418722	1.0	1.0	0.17988074221140027	0.5492186846418722	1.0	0.026456692077852298	1.0	0.5492186846418722	1.0
ko	1.0	0.11841037713768549	1.0	1.0	1.0	0.057307197028694495	1.0	0.04283062664085622	0.07305823493763652	0.13507482885977154	1.0	1.0	1.0	0.10260703694113389	0.06562273916026018	1.0	1.0	1.0	1.0	1.0	1.0	0.04491430180699642	0.05016517095601838	1.0	0.22923445162785408	1.0	0.11376316775618638	1.0	1.0	1.0	0.17988074221140027	1.0	1.0	0.026456692077852298	1.0	1.0	1.0
lv	1.0	0.11841037713768549	1.0	1.0	1.0	0.057307197028694495	1.0	0.04283062664085622	0.07305823493763652	0.13507482885977154	1.0	1.0	1.0	0.10260703694113389	0.06562273916026018	1.0	1.0	1.0	1.0	1.0	1.0	0.04491430180699642	0.05016517095601838	1.0	0.22923445162785408	1.0	0.11376316775618638	1.0	1.0	1.0	0.17988074221140027	1.0	1.0	0.026456692077852298	1.0	1.0	1.0
mk	1.0	0.11841037713768549	1.0	0.6250918064662292	1.0	0.057307197028694495	1.0	0.04283062664085622	0.07305823493763652	0.13507482885977154	1.0	1.0	1.0	0.10260703694113389	0.06562273916026018	1.0	1.0	1.0	1.0	0.6250918064662292	0.6250918064662292	0.04491430180699642	0.05016517095601838	1.0	0.22923445162785408	1.0	0.11376316775618638	0.6250918064662292	1.0	1.0	0.17988074221140027	0.6250918064662292	1.0	0.026456692077852298	1.0	0.6250918064662292	1.0
ml	1.0	1.0	1.0	1.0	0.5216505066397794	0.30395533796950686	0.3658594156186158	0.16692835097043485	0.19078289053352254	0.2634642201559904	1.0	1.0	0.35402555733765545	0.26450564086095096	0.18835764375672195	0.5492186846418722	1.0	1.0	0.6250918064662292	1.0	1.0	0.21715317352565852	0.4652588908188869	0.2853995828307376	0.5917435224033633	0.5159397670284274	0.3658594156186158	1.0	0.36174034357873464	0.36585941561861585	0.3536900122788342	1.0	0.24054818574425826	0.19323907966338288	0.3580003805003381	1.0	0.3520295234247073
mr	1.0	1.0	1.0	1.0	0.5216505066397794	0.30395533796950686	0.3658594156186158	0.16692835097043485	0.19078289053352254	0.2634642201559904	1.0	1.0	0.35402555733765545	0.26450564086095096	0.18835764375672195	0.5492186846418722	1.0	1.0	0.6250918064662292	1.0	1.0	0.21715317352565852	0.4652588908188869	0.2853995828307376	0.5917435224033633	0.5159397670284274	0.3658594156186158	1.0	0.36174034357873464	0.36585941561861585	0.3536900122788342	1.0	0.24054818574425826	0.19323907966338288	0.3580003805003381	1.0	0.3520295234247073
nl	0.04491430180699642	0.04341120316165062	0.7300208629885034	0.21715317352565852	0.04491430180699642	0.03763040352189704	0.04491430180699642	0.03288202588355989	0.03924631351635218	0.04372356829604096	0.04491430180699642	0.04491430180699642	0.04491430180699642	0.04171890113192559	0.038619825700420295	0.04491430180699642	0.04491430180699642	0.04491430180699642	0.04491430180699642	0.21715317352565852	0.21715317352565852	1.0	0.033899905694703254	0.04491430180699642	0.0443893921920517	0.04491430180699642	0.043357488533882924	0.21715317352565852	0.04491430180699642	0.04491430180699642	0.0441413736042502	0.21715317352565852	0.04491430180699642	0.03024784560488764	0.04491430180699642	0.21715317352565852	0.04491430180699642
pl	0.05016517095601838	0.04799138612154889	0.3500151006573172	0.4652588908188869	0.05016517095601838	0.04010785182930492	0.05016517095601838	0.035764527264104236	0.04239029380526378	0.04755523543527119	0.05016517095601838	0.05016517095601838	0.05016517095601838	0.045631012915378445	0.04038028732270977	0.05016517095601838	0.05016517095601838	0.05016517095601838	0.05016517095601838	0.4652588908188869	0.4652588908188869	0.033899905694703254	1.0	0.05016517095601838	0.04939676859597107	0.05016517095601838	0.04827338494289513	0.4652588908188869	0.05016517095601838	0.05016517095601838	0.04930557593531577	0.4652588908188869	0.05016517095601838	0.030065103273606276	0.05016517095601838	0.4652588908188869	0.05016517095601838
pt	1.0	0.11841037713768549	0.34749137155230875	0.2853995828307376	1.0	0.057307197028694495	1.0	0.04283062664085622	0.07305823493763652	0.13507482885977154	1.0	1.0	1.0	0.10260703694113389	0.06562273916026018	1.0	1.0	1.0	1.0	0.2853995828307376	0.2853995828307376	0.04491430180699642	0.05016517095601838	1.0	0.22923445162785408	1.0	0.11376316775618638	0.2853995828307376	1.0	1.0	0.17988074221140027	0.2853995828307376	1.0	0.026456692077852298	1.0	0.2853995828307376	1.0
ro	0.22923445162785408	0.10906245774624057	1.0	0.5917435224033633	0.22923445162785408	0.05800218854398668	0.22923445162785408	0.04294467009256714	0.07079511355106402	0.12931620568994262	0.22923445162785408	0.22923445162785408	0.22923445162785408	0.09644069775290932	0.06435359271874294	0.22923445162785408	0.22923445162785408	0.22923445162785408	0.22923445162785408	0.5917435224033633	0.5917435224033633	0.0443893921920517	0.04939676859597107	0.22923445162785408	1.0	0.22923445162785408	0.1054333036129933	0.5917435224033633	0.22923445162785408	0.22923445162785408	0.15000485038375422	0.5917435224033633	0.22923445162785408	0.026499262744220008	0.22923445162785408	0.5917435224033633	0.22923445162785408
ru	1.0	0.11841037713768549	1.0	0.5159397670284274	1.0	0.057307197028694495	1.0	0.04283062664085622	0.07305823493763652	0.13507482885977154	1.0	1.0	1.0	0.10260703694113389	0.06562273916026018	1.0	1.0	1.0	1.0	0.5159397670284274	0.5159397670284274	0.04491430180699642	0.05016517095601838	1.0	0.22923445162785408	1.0	0.11376316775618638	0.5159397670284274	1.0	1.0	0.17988074221140027	0.5159397670284274	1.0	0.026456692077852298	1.0	0.5159397670284274	1.0
sh	0.11376316775618638	0.2355221386715186	0.7300208629885034	0.3658594156186158	0.11376316775618638	0.05980530622113699	0.11376316775618638	0.04598582124848731	0.064474907700062	0.09779915700377169	0.11376316775618638	0.11376316775618638	0.11376316775618638	0.07903063296940777	0.06906164666026259	0.11376316775618638	0.11376316775618638	0.11376316775618638	0.11376316775618638	0.3658594156186158	0.3658594156186158	0.043357488533882924	0.04827338494289513	0.11376316775618638	0.1054333036129933	0.11376316775618638	1.0	0.3658594156186158	0.11376316775618638	0.11376316775618638	0.11228111538379909	0.3658594156186158	0.11376316775618638	0.027231818588336985	0.11376316775618638	0.3658594156186158	0.11376316775618638
si	1.0	1.0	1.0	1.0	0.5216505066397794	0.30395533796950686	0.3658594156186158	0.16692835097043485	0.19078289053352254	0.2634642201559904	1.0	1.0	0.35402555733765545	0.26450564086095096	0.18835764375672195	0.5492186846418722	1.0	1.0	0.6250918064662292	1.0	1.0	0.21715317352565852	0.4652588908188869	0.2853995828307376	0.5917435224033633	0.5159397670284274	0.3658594156186158	1.0	0.36174034357873464	0.36585941561861585	0.3536900122788342	1.0	0.24054818574425826	0.19323907966338288	0.3580003805003381	1.0	0.3520295234247073
simple	1.0	0.11841037713768549	0.7011716713392849	0.36174034357873464	1.0	0.057307197028694495	1.0	0.04283062664085622	0.07305823493763652	0.13507482885977154	1.0	1.0	1.0	0.10260703694113389	0.06562273916026018	1.0	1.0	1.0	1.0	0.36174034357873464	0.36174034357873464	0.04491430180699642	0.05016517095601838	1.0	0.22923445162785408	1.0	0.11376316775618638	0.36174034357873464	1.0	1.0	0.17988074221140027	0.36174034357873464	1.0	0.026456692077852298	1.0	0.36174034357873464	1.0
sr	1.0	0.11841037713768549	1.0	0.36585941561861585	1.0	0.057307197028694495	1.0	0.04283062664085622	0.07305823493763652	0.13507482885977154	1.0	1.0	1.0	0.10260703694113389	0.06562273916026018	1.0	1.0	1.0	1.0	0.36585941561861585	0.36585941561861585	0.04491430180699642	0.05016517095601838	1.0	0.22923445162785408	1.0	0.11376316775618638	0.36585941561861585	1.0	1.0	0.17988074221140027	0.36585941561861585	1.0	0.026456692077852298	1.0	0.36585941561861585	1.0
sv	0.17988074221140027	0.11275800578275717	1.0	0.3536900122788342	0.17988074221140027	0.05609643102287089	0.17988074221140027	0.04288576805993267	0.06920814689991892	0.11490850495564575	0.17988074221140027	0.17988074221140027	0.17988074221140027	0.09218837233844833	0.06354423422578385	0.17988074221140027	0.17988074221140027	0.17988074221140027	0.17988074221140027	0.3536900122788342	0.3536900122788342	0.0441413736042502	0.04930557593531577	0.17988074221140027	0.15000485038375422	0.17988074221140027	0.11228111538379909	0.3536900122788342	0.17988074221140027	0.17988074221140027	1.0	0.3536900122788342	0.17988074221140027	0.026702380511072245	0.17988074221140027	0.3536900122788342	0.17988074221140027
te	1.0	1.0	1.0	1.0	0.5216505066397794	0.30395533796950686	0.3658594156186158	0.16692835097043485	0.19078289053352254	0.2634642201559904	1.0	1.0	0.35402555733765545	0.26450564086095096	0.18835764375672195	0.5492186846418722	1.0	1.0	0.6250918064662292	1.0	1.0	0.21715317352565852	0.4652588908188869	0.2853995828307376	0.5917435224033633	0.5159397670284274	0.3658594156186158	1.0	0.36174034357873464	0.36585941561861585	0.3536900122788342	1.0	0.24054818574425826	0.19323907966338288	0.3580003805003381	1.0	0.3520295234247073
tr	1.0	0.11841037713768549	1.0	0.24054818574425826	1.0	0.057307197028694495	1.0	0.04283062664085622	0.07305823493763652	0.13507482885977154	1.0	1.0	1.0	0.10260703694113389	0.06562273916026018	1.0	1.0	1.0	1.0	0.24054818574425826	0.24054818574425826	0.04491430180699642	0.05016517095601838	1.0	0.22923445162785408	1.0	0.11376316775618638	0.24054818574425826	1.0	1.0	0.17988074221140027	0.24054818574425826	1.0	0.026456692077852298	1.0	0.24054818574425826	1.0
union	0.026456692077852298	0.027136235406416638	0.27683206058880455	0.19323907966338288	0.026456692077852298	0.029476208186599687	0.026456692077852298	1.0	1.0	0.027203555161232486	0.026456692077852298	0.026456692077852298	0.026456692077852298	0.026930880450244644	0.028286088281700993	0.026456692077852298	0.026456692077852298	0.026456692077852298	0.026456692077852298	0.19323907966338288	0.19323907966338288	0.03024784560488764	0.030065103273606276	0.026456692077852298	0.026499262744220008	0.026456692077852298	0.027231818588336985	0.19323907966338288	0.026456692077852298	0.026456692077852298	0.026702380511072245	0.19323907966338288	0.026456692077852298	1.0	0.026456692077852298	0.19323907966338288	0.026456692077852298
vi	1.0	0.11841037713768549	0.7834965055871609	0.3580003805003381	1.0	0.057307197028694495	1.0	0.04283062664085622	0.07305823493763652	0.13507482885977154	1.0	1.0	1.0	0.10260703694113389	0.06562273916026018	1.0	1.0	1.0	1.0	0.3580003805003381	0.3580003805003381	0.04491430180699642	0.05016517095601838	1.0	0.22923445162785408	1.0	0.11376316775618638	0.3580003805003381	1.0	1.0	0.17988074221140027	0.3580003805003381	1.0	0.026456692077852298	1.0	0.3580003805003381	1.0
war	1.0	1.0	1.0	1.0	0.5216505066397794	0.30395533796950686	0.3658594156186158	0.16692835097043485	0.19078289053352254	0.2634642201559904	1.0	1.0	0.35402555733765545	0.26450564086095096	0.18835764375672195	0.5492186846418722	1.0	1.0	0.6250918064662292	1.0	1.0	0.21715317352565852	0.4652588908188869	0.2853995828307376	0.5917435224033633	0.5159397670284274	0.3658594156186158	1.0	0.36174034357873464	0.36585941561861585	0.3536900122788342	1.0	0.24054818574425826	0.19323907966338288	0.3580003805003381	1.0	0.3520295234247073
zh	1.0	0.11841037713768549	1.0	0.3520295234247073	1.0	0.057307197028694495	1.0	0.04283062664085622	0.07305823493763652	0.13507482885977154	1.0	1.0	1.0	0.10260703694113389	0.06562273916026018	1.0	1.0	1.0	1.0	0.3520295234247073	0.3520295234247073	0.04491430180699642	0.05016517095601838	1.0	0.22923445162785408	1.0	0.11376316775618638	0.3520295234247073	1.0	1.0	0.17988074221140027	0.3520295234247073	1.0	0.026456692077852298	1.0	0.3520295234247073	1.0
