arz	bs	ceb	ckb	da	de	el	en	es	fr	he	hi	hu	id	it	ja	ko	lv	mk	ml	mr	nl	pl	pt	ro	ru	sh	si	simple	sr	sv	te	tr	vi	war	zh
arz	1.0	1.0	0.0	1.0	1.0	1.0	1.0	1.0	1.0	1.0	1.0	1.0	1.0	1.0	1.0	1.0	1.0	1.0	1.0	1.0	1.0	1.0	1.0	1.0	1.0	1.0	1.0	1.0	1.0	1.0	1.0	1.0	1.0	1.0	1.0	1.0
bs	1.0	1.0	1.0	1.0	0.5	0.026240891348459323	0.07223420251390278	0.02760162799887675	0.009071823443901986	0.011304845756441053	0.13446794212214172	1.0	0.10486904736917667	0.13387855185427852	0.01903407060741705	0.019536850397263442	0.10581275780374857	1.0	0.0016357979174237648	1.0	1.0	0.01587105987098369	0.00301817043438232	0.0020011350038065256	0.060226076590862807	0.004398415850501689	0.009929277853036513	0.585786437626905	0.5	0.010090703911819798	0.02077430416302821	1.0	0.37905490691606286	0.055073307667366955	0.5	0.008305406871331985
ceb	0.0	1.0	1.0	0.0	1.0	1.0	0.0	1.0	1.0	1.0	1.0	1.0	1.0	1.0	1.0	1.0	1.0	1.0	1.0	1.0	0.0	1.0	1.0	1.0	1.0	1.0	1.0	1.0	1.0	1.0	1.0	0.0	-1.0	1.0	1.0	1.0
ckb	1.0	1.0	0.0	1.0	0.0	1.0	1.0	1.0	0.0	1.0	0.0	0.0	0.0	0.0	0.0	1.0	0.0	0.0	1.0	0.0	1.0	1.0	1.0	1.0	0.0	1.0	1.0	1.0	0.0	1.0	1.0	1.0	0.585786437626905	0.0	0.585786437626905	1.0
da	1.0	0.5	1.0	0.0	1.0	1.0	1.0	0.5	1.0	0.30383243470068705	1.0	1.0	0.585786437626905	1.0	1.0	1.0	0.585786437626905	1.0	1.0	1.0	1.0	0.585786437626905	1.0	1.0	0.353889367864523	1.0	0.585786437626905	0.585786437626905	1.0	1.0	1.0	1.0	0.5	1.0	0.585786437626905	1.0
de	1.0	0.026240891348459323	1.0	1.0	1.0	1.0	0.024007153737810406	0.02717033766676243	0.009641843243166475	0.019733468801010172	0.3333333333333333	1.0	0.02323292279592482	0.02823847153622511	0.03170207016398335	0.028291017623954813	0.0188067846659074	1.0	0.003695166336590739	1.0	1.0	0.019809812461379812	0.0036244760262134847	0.0035868719038012194	0.021649686074787747	0.004190415550400334	0.02481244390453401	1.0	1.0	0.022317074575111156	0.03501714231968787	1.0	0.2791745113185196	0.01976718926566148	0.585786437626905	0.007052013417135844
el	1.0	0.07223420251390278	0.0	1.0	1.0	0.024007153737810406	1.0	0.08081564039624217	0.021964067218872913	0.08184400658898022	0.27429188517743175	1.0	0.1656589035286901	0.20959397205707547	0.04594988725215476	0.032620443553540684	0.1541602251115283	1.0	0.0183862353023802	1.0	1.0	0.06953353836136233	0.018408476899651628	0.018629093966425866	0.09372147664254	0.018854617162636075	0.04529028899782711	1.0	1.0	0.01971770233787764	0.03728528554626444	1.0	0.585786437626905	0.06886432557096113	0.585786437626905	0.020190435767562083
en	1.0	0.02760162799887675	1.0	1.0	0.5	0.02717033766676243	0.08081564039624217	1.0	0.008856473891260827	0.048178051054664175	0.06289306481139416	1.0	0.11502707811634587	0.13972993178205062	0.017904560121863037	0.017707172289568363	0.11124403508842534	1.0	0.00662510080423314	1.0	1.0	0.027169147006794295	0.006193844853856067	0.006260845632821791	0.06188788939788113	0.006865332204098906	0.028370843883507267	1.0	0.585786437626905	0.017897711994155102	0.021974463029552832	1.0	0.34833147735478825	0.07030919386660538	0.585786437626905	0.0070618667494509605
es	1.0	0.009071823443901986	1.0	0.0	1.0	0.009641843243166475	0.021964067218872913	0.008856473891260827	1.0	0.008745762660863726	0.585786437626905	1.0	0.018260576092254142	0.026539988197282018	0.06601006488282728	0.11624350569540993	0.017310268022372708	1.0	0.07724209595624812	1.0	1.0	0.00891601088627182	0.06159507995450391	0.06494071287103621	0.012355686719856115	0.07181278603340069	0.009421019350730104	1.0	1.0	0.009090101846481123	0.07722624606082251	1.0	0.3660254037844386	0.011441085868396995	0.585786437626905	0.04599579435938918
fr	1.0	0.011304845756441053	1.0	1.0	0.30383243470068705	0.019733468801010172	0.08184400658898022	0.048178051054664175	0.008745762660863726	1.0	0.08751498684924522	1.0	0.1072945515418054	0.1471355271777255	0.019380671294386555	0.019495046583472408	0.10646982788581673	1.0	0.002728277901366903	1.0	1.0	0.011833739213191556	0.0032072619417779233	0.0026717473619243108	0.062353773297025905	0.004515877286676505	0.011669654698678785	1.0	0.2708131845707603	0.011569521585802638	0.02106390516375443	1.0	0.3660254037844386	0.07274125294892547	0.585786437626905	0.007791267328610957
he	1.0	0.13446794212214172	1.0	0.0	1.0	0.3333333333333333	0.27429188517743175	0.06289306481139416	0.585786437626905	0.08751498684924522	1.0	1.0	0.44948974278317805	1.0	0.3164309725825327	0.44948974278317805	0.20521309615767264	1.0	0.585786437626905	1.0	1.0	0.1774053291584318	0.3660254037844386	0.44948974278317805	0.16015261286229274	0.3797958971132712	0.2674788903885893	1.0	1.0	0.4142135623730951	0.5	1.0	0.585786437626905	0.585786437626905	0.585786437626905	0.5
hi	1.0	1.0	1.0	0.0	1.0	1.0	1.0	1.0	1.0	1.0	1.0	1.0	1.0	1.0	1.0	1.0	1.0	1.0	1.0	1.0	1.0	1.0	1.0	1.0	1.0	1.0	0.0	1.0	1.0	1.0	1.0	1.0	0.585786437626905	1.0	0.585786437626905	1.0
hu	1.0	0.10486904736917667	1.0	0.0	0.585786437626905	0.02323292279592482	0.1656589035286901	0.11502707811634587	0.018260576092254142	0.1072945515418054	0.44948974278317805	1.0	1.0	0.16528079991660186	0.03822846086989429	0.03005682714510702	0.1220930745983576	1.0	0.01823176432241138	1.0	1.0	0.10701049013846603	0.017745011412949787	0.018237940206143798	0.0913434326974904	0.020586020375254487	0.06863360838661044	1.0	0.5	0.019357688944245863	0.03587386381918603	1.0	1.0	0.09033985840193517	0.585786437626905	0.01758956697970543
id	1.0	0.13387855185427852	1.0	0.0	1.0	0.02823847153622511	0.20959397205707547	0.13972993178205062	0.026539988197282018	0.1471355271777255	1.0	1.0	0.16528079991660186	1.0	0.056122928336700746	0.03544026221620681	0.15030133983226657	1.0	0.026433562317525482	1.0	1.0	0.05960250018285332	0.025980547773301995	0.026443053218907484	0.13436950913348922	0.030039457110467696	0.052391121252581024	0.585786437626905	0.5	0.026939831944545644	0.04106775318005216	1.0	0.38742588672279304	0.07411519743058922	0.5	0.02647775365007679
it	1.0	0.01903407060741705	1.0	0.0	1.0	0.03170207016398335	0.04594988725215476	0.017904560121863037	0.06601006488282728	0.019380671294386555	0.3164309725825327	1.0	0.03822846086989429	0.056122928336700746	1.0	0.10382472467666524	0.03562289014561288	1.0	0.054192336866532874	1.0	1.0	0.01810112933848586	0.0332147147252515	0.03559402411445629	0.03377170426650217	0.04199971628487752	0.022433440898882058	1.0	1.0	0.038392195213028675	0.10180889625027499	1.0	0.3090169943749474	0.033056883762009076	0.585786437626905	0.05474589289971934
ja	1.0	0.019536850397263442	1.0	1.0	1.0	0.028291017623954813	0.032620443553540684	0.017707172289568363	0.11624350569540993	0.019495046583472408	0.44948974278317805	1.0	0.03005682714510702	0.03544026221620681	0.10382472467666524	1.0	0.02859765382440285	1.0	0.1380262631157473	1.0	1.0	0.02052276120508059	0.0965945656277576	0.10200533896509156	0.027826609824272566	0.0921632172591511	0.02684193954697833	1.0	1.0	0.07146030774674854	0.09783441531827075	1.0	0.38742588672279304	0.02983744799475264	0.585786437626905	0.09226199479122207
ko	1.0	0.10581275780374857	1.0	0.0	0.585786437626905	0.0188067846659074	0.1541602251115283	0.11124403508842534	0.017310268022372708	0.10646982788581673	0.20521309615767264	1.0	0.1220930745983576	0.15030133983226657	0.03562289014561288	0.02859765382440285	1.0	1.0	0.01776224607484264	1.0	1.0	0.085366102259099	0.016856712505482232	0.016643643848439707	0.09235632176753802	0.020193939565199343	0.06651788987889136	1.0	1.0	0.019505955331160327	0.037782498084913366	1.0	0.5	0.10271606893372076	0.585786437626905	0.016727646913334743
lv	1.0	1.0	1.0	0.0	1.0	1.0	1.0	1.0	1.0	1.0	1.0	1.0	1.0	1.0	1.0	1.0	1.0	1.0	1.0	1.0	1.0	1.0	1.0	1.0	1.0	1.0	0.0	1.0	1.0	1.0	1.0	1.0	1.0	1.0	0.585786437626905	1.0
mk	1.0	0.0016357979174237648	1.0	1.0	1.0	0.003695166336590739	0.0183862353023802	0.00662510080423314	0.07724209595624812	0.002728277901366903	0.585786437626905	1.0	0.01823176432241138	0.026433562317525482	0.054192336866532874	0.1380262631157473	0.01776224607484264	1.0	1.0	1.0	1.0	0.0016751966618296624	0.0019176919329652923	0.002929278543588763	0.011996600641135571	0.0017034473693008502	0.0021738667126279415	1.0	1.0	0.0016330282500817144	0.06430193219860142	1.0	1.0	0.010256637366637877	0.585786437626905	0.002963885812143376
ml	1.0	1.0	1.0	0.0	1.0	1.0	1.0	1.0	1.0	1.0	1.0	1.0	1.0	1.0	1.0	1.0	1.0	1.0	1.0	1.0	1.0	1.0	1.0	1.0	1.0	1.0	0.0	1.0	1.0	1.0	1.0	1.0	1.0	1.0	0.585786437626905	1.0
mr	1.0	1.0	0.0	1.0	1.0	1.0	1.0	1.0	1.0	1.0	1.0	1.0	1.0	1.0	1.0	1.0	1.0	1.0	1.0	1.0	1.0	1.0	1.0	1.0	1.0	1.0	0.585786437626905	1.0	1.0	1.0	1.0	1.0	1.0	1.0	0.585786437626905	1.0
nl	1.0	0.01587105987098369	1.0	1.0	0.585786437626905	0.019809812461379812	0.06953353836136233	0.027169147006794295	0.00891601088627182	0.011833739213191556	0.1774053291584318	1.0	0.10701049013846603	0.05960250018285332	0.01810112933848586	0.02052276120508059	0.085366102259099	1.0	0.0016751966618296624	1.0	1.0	1.0	0.003047661556088942	0.0020398070933564287	0.05988206447106326	0.004432122514686249	0.010452505138711992	1.0	0.585786437626905	0.010852517245237645	0.019973833453676832	1.0	0.27195617308673004	0.06943697846736017	0.585786437626905	0.008107522788648257
pl	1.0	0.00301817043438232	1.0	1.0	1.0	0.0036244760262134847	0.018408476899651628	0.006193844853856067	0.06159507995450391	0.0032072619417779233	0.3660254037844386	1.0	0.017745011412949787	0.025980547773301995	0.0332147147252515	0.0965945656277576	0.016856712505482232	1.0	0.0019176919329652923	1.0	1.0	0.003047661556088942	1.0	0.002048627144465448	0.011802288519489255	0.0026065143485211814	0.003099647591512357	1.0	0.585786437626905	0.003005280898365018	0.05765247603972586	1.0	0.44948974278317805	0.010018470637341695	0.585786437626905	0.002959751994172182
pt	1.0	0.0020011350038065256	1.0	1.0	1.0	0.0035868719038012194	0.018629093966425866	0.006260845632821791	0.06494071287103621	0.0026717473619243108	0.44948974278317805	1.0	0.018237940206143798	0.026443053218907484	0.03559402411445629	0.10200533896509156	0.016643643848439707	1.0	0.002929278543588763	1.0	1.0	0.0020398070933564287	0.002048627144465448	1.0	0.011900243200595887	0.0019490723192627558	0.0023367500642119156	1.0	1.0	0.002007182200325189	0.05448096518558856	1.0	0.3660254037844386	0.010102602632653503	0.585786437626905	0.002847064389737112
ro	1.0	0.060226076590862807	1.0	0.0	0.353889367864523	0.021649686074787747	0.09372147664254	0.06188788939788113	0.012355686719856115	0.062353773297025905	0.16015261286229274	1.0	0.0913434326974904	0.13436950913348922	0.03377170426650217	0.027826609824272566	0.09235632176753802	1.0	0.011996600641135571	1.0	1.0	0.05988206447106326	0.011802288519489255	0.011900243200595887	1.0	0.014768836877056718	0.06042122078788424	1.0	0.39564392373896	0.018305524430672834	0.03303618604919273	1.0	0.44948974278317805	0.06120518987275969	0.585786437626905	0.01187357237634862
ru	1.0	0.004398415850501689	1.0	1.0	1.0	0.004190415550400334	0.018854617162636075	0.006865332204098906	0.07181278603340069	0.004515877286676505	0.3797958971132712	1.0	0.020586020375254487	0.030039457110467696	0.04199971628487752	0.0921632172591511	0.020193939565199343	1.0	0.0017034473693008502	1.0	1.0	0.004432122514686249	0.0026065143485211814	0.0019490723192627558	0.014768836877056718	1.0	0.004220507989563771	1.0	1.0	0.004295691426169951	0.05501248071459344	1.0	0.4142135623730951	0.011865753738396267	0.585786437626905	0.003822523570221131
sh	1.0	0.009929277853036513	1.0	1.0	0.585786437626905	0.02481244390453401	0.04529028899782711	0.028370843883507267	0.009421019350730104	0.011669654698678785	0.2674788903885893	0.0	0.06863360838661044	0.052391121252581024	0.022433440898882058	0.02684193954697833	0.06651788987889136	0.0	0.0021738667126279415	0.0	0.585786437626905	0.010452505138711992	0.003099647591512357	0.0023367500642119156	0.06042122078788424	0.004220507989563771	1.0	0.585786437626905	1.0	0.00975835542286766	0.02296651198601676	1.0	0.32037724101704074	0.05056260948782651	0.44948974278317805	0.0078673413455479
si	1.0	0.585786437626905	1.0	1.0	0.585786437626905	1.0	1.0	1.0	1.0	1.0	1.0	1.0	1.0	0.585786437626905	1.0	1.0	1.0	1.0	1.0	1.0	1.0	1.0	1.0	1.0	1.0	1.0	0.585786437626905	1.0	1.0	1.0	1.0	1.0	1.0	1.0	1.0	1.0
simple	1.0	0.5	1.0	0.0	1.0	1.0	1.0	0.585786437626905	1.0	0.2708131845707603	1.0	1.0	0.5	0.5	1.0	1.0	1.0	1.0	1.0	1.0	1.0	0.585786437626905	0.585786437626905	1.0	0.39564392373896	1.0	1.0	1.0	1.0	1.0	1.0	1.0	1.0	1.0	0.585786437626905	1.0
sr	1.0	0.010090703911819798	1.0	1.0	1.0	0.022317074575111156	0.01971770233787764	0.017897711994155102	0.009090101846481123	0.011569521585802638	0.4142135623730951	1.0	0.019357688944245863	0.026939831944545644	0.038392195213028675	0.07146030774674854	0.019505955331160327	1.0	0.0016330282500817144	1.0	1.0	0.010852517245237645	0.003005280898365018	0.002007182200325189	0.018305524430672834	0.004295691426169951	0.00975835542286766	1.0	1.0	1.0	0.04180586726420452	1.0	0.585786437626905	0.019475788200624043	0.585786437626905	0.008080262783427338
sv	1.0	0.02077430416302821	1.0	1.0	1.0	0.03501714231968787	0.03728528554626444	0.021974463029552832	0.07722624606082251	0.02106390516375443	0.5	1.0	0.03587386381918603	0.04106775318005216	0.10180889625027499	0.09783441531827075	0.037782498084913366	1.0	0.06430193219860142	1.0	1.0	0.019973833453676832	0.05765247603972586	0.05448096518558856	0.03303618604919273	0.05501248071459344	0.02296651198601676	1.0	1.0	0.04180586726420452	1.0	1.0	0.3660254037844386	0.03356853188236104	0.585786437626905	0.05584886333039445
te	1.0	1.0	0.0	1.0	1.0	1.0	1.0	1.0	1.0	1.0	1.0	1.0	1.0	1.0	1.0	1.0	1.0	1.0	1.0	1.0	1.0	1.0	1.0	1.0	1.0	1.0	1.0	1.0	1.0	1.0	1.0	1.0	1.0	1.0	1.0	1.0
tr	1.0	0.37905490691606286	-1.0	0.585786437626905	0.5	0.2791745113185196	0.585786437626905	0.34833147735478825	0.3660254037844386	0.3660254037844386	0.585786437626905	0.585786437626905	1.0	0.38742588672279304	0.3090169943749474	0.38742588672279304	0.5	1.0	1.0	1.0	1.0	0.27195617308673004	0.44948974278317805	0.3660254037844386	0.44948974278317805	0.4142135623730951	0.32037724101704074	1.0	1.0	0.585786437626905	0.3660254037844386	1.0	1.0	0.585786437626905	0.585786437626905	0.3660254037844386
vi	1.0	0.055073307667366955	1.0	0.0	1.0	0.01976718926566148	0.06886432557096113	0.07030919386660538	0.011441085868396995	0.07274125294892547	0.585786437626905	1.0	0.09033985840193517	0.07411519743058922	0.033056883762009076	0.02983744799475264	0.10271606893372076	1.0	0.010256637366637877	1.0	1.0	0.06943697846736017	0.010018470637341695	0.010102602632653503	0.06120518987275969	0.011865753738396267	0.05056260948782651	1.0	1.0	0.019475788200624043	0.03356853188236104	1.0	0.585786437626905	1.0	0.585786437626905	0.010791999297910422
war	1.0	0.5	1.0	0.585786437626905	0.585786437626905	0.585786437626905	0.585786437626905	0.585786437626905	0.585786437626905	0.585786437626905	0.585786437626905	0.585786437626905	0.585786437626905	0.5	0.585786437626905	0.585786437626905	0.585786437626905	0.585786437626905	0.585786437626905	0.585786437626905	0.585786437626905	0.585786437626905	0.585786437626905	0.585786437626905	0.585786437626905	0.585786437626905	0.44948974278317805	1.0	0.585786437626905	0.585786437626905	0.585786437626905	1.0	0.585786437626905	0.585786437626905	1.0	0.585786437626905
zh	1.0	0.008305406871331985	1.0	1.0	1.0	0.007052013417135844	0.020190435767562083	0.0070618667494509605	0.04599579435938918	0.007791267328610957	0.5	1.0	0.01758956697970543	0.02647775365007679	0.05474589289971934	0.09226199479122207	0.016727646913334743	1.0	0.002963885812143376	1.0	1.0	0.008107522788648257	0.002959751994172182	0.002847064389737112	0.01187357237634862	0.003822523570221131	0.0078673413455479	1.0	1.0	0.008080262783427338	0.05584886333039445	1.0	0.3660254037844386	0.010791999297910422	0.585786437626905	1.0
