arz	bs	ceb	ckb	da	de	el	en	es	fr	he	hi	hu	id	it	ja	ko	lv	mk	ml	mr	nl	pl	pt	ro	ru	sh	si	simple	sr	sv	te	vi	war	zh
arz	1.0	1.0	0.0	0.0	1.0	1.0	1.0	0.7584325078215763	1.0	0.0	1.0	0.0	1.0	1.0	1.0	1.0	1.0	1.0	1.0	0.0	0.0	0.7690990303325336	1.0	1.0	1.0	1.0	1.0	0.0	1.0	1.0	1.0	0.0	1.0	0.0	0.7584325078215763
bs	1.0	1.0	0.0	1.0	0.7863954451402115	0.7863954451402115	0.6461761095307312	0.49600809881827207	0.45020803018162064	0.0	0.45312304285396354	1.0	1.0	0.6461761095307312	0.39062048789508697	0.6461761095307312	0.7863954451402115	0.7495060196705011	0.6461761095307312	0.8216064286890065	1.0	0.7863954451402115	0.5515398922149535	0.5793981243616226	0.5783016157215489	0.6047774441992736	0.7863954451402115	1.0	0.6461761095307312	0.6461761095307312	0.7863954451402115	1.0	0.8216064286890065	0.7863954451402115	0.5941763109688227
ceb	0.0	0.0	1.0	0.0	1.0	1.0	1.0	1.0	1.0	0.0	1.0	0.0	0.0	0.0	1.0	1.0	1.0	1.0	0.0	0.0	0.0	1.0	1.0	1.0	1.0	1.0	1.0	0.0	0.0	0.0	1.0	0.0	1.0	0.0	1.0
ckb	0.0	1.0	0.0	1.0	1.0	1.0	1.0	0.7690990303325336	1.0	0.0	1.0	1.0	1.0	1.0	1.0	1.0	1.0	1.0	1.0	1.0	1.0	1.0	1.0	1.0	1.0	1.0	1.0	1.0	1.0	1.0	1.0	1.0	1.0	1.0	1.0
da	1.0	0.7863954451402115	1.0	1.0	1.0	0.3219830292533067	0.4066108509112925	0.12926632550075967	0.2006877667253718	0.0	0.4030210967356507	1.0	0.5117714000362144	0.28378522204539763	0.250536154448921	0.26562531723816984	0.4334996533737149	0.3389242144212419	1.0	0.4604375285171095	1.0	0.21684041016770156	0.3252490877049607	0.3329218669852596	0.26258571773296113	0.18215003024812862	0.4626496114366826	1.0	0.527137472355161	0.415165662769984	0.15154088816380307	1.0	0.3145876912822783	1.0	0.2626748232593402
de	1.0	0.7863954451402115	1.0	1.0	0.3219830292533067	1.0	0.19991247408731203	0.0550004632205254	0.11289260497111288	0.0	0.253819681568607	0.7411828468492556	0.3474223821604919	0.19483739671312816	0.07743689904795031	0.1346486872529844	0.5818933927032194	0.49014577125956965	0.5955163253953425	0.2728412190534327	1.0	0.09593239725824748	0.09439338954627928	0.13470888493103325	0.23373017152069064	0.08026227016076387	0.33939124072209365	1.0	0.5145343653891449	0.2743188231033029	0.1613650499271752	1.0	0.3229830259671863	1.0	0.15247581305487257
el	1.0	0.6461761095307312	1.0	1.0	0.4066108509112925	0.19991247408731203	1.0	0.09485068466966134	0.15494495924243343	0.0	0.28956561719806134	0.6698766910334879	0.45357249059329047	0.25147649075310896	0.1265257639629857	0.18502998589504252	0.44388538701499436	0.3500633767313244	0.3902921713490876	0.44518417696685697	1.0	0.19066143562424287	0.1400709908866608	0.17874968141366332	0.26430637697472287	0.14203107711675245	0.3855903300069888	1.0	0.4359798154952998	0.6254303192325079	0.27615962073624745	1.0	0.3421384707878476	1.0	0.20022687523822533
en	0.7584325078215763	0.49600809881827207	1.0	0.7690990303325336	0.12926632550075967	0.0550004632205254	0.09485068466966134	1.0	0.04529881140109692	0.6143589292419388	0.10251853161763252	0.5233357259284643	0.1586364919248998	0.16718647104456943	0.03296850500039055	0.08435149567598062	0.2901852292166198	0.17052988780225306	0.4484714749338605	0.07617350004206443	1.0	0.0471018253893723	0.04115750756523814	0.04930120710129482	0.11470666168292967	0.043370135645688465	0.18955454261636157	1.0	0.22722085358157557	0.23324462256052822	0.07013385601490395	1.0	0.23233170751636484	1.0	0.08642654665896904
es	1.0	0.45020803018162064	1.0	1.0	0.2006877667253718	0.11289260497111288	0.15494495924243343	0.04529881140109692	1.0	1.0	0.19495442475142724	0.6161562425375515	0.3397010472291962	0.21134401119771867	0.04255837979794065	0.1198065683413604	0.5093538416039354	0.37118723239609225	0.643235751700291	0.1419292008912686	1.0	0.07445798549421348	0.051966932613802565	0.07397381643664543	0.23069141190520226	0.061000573497164534	0.30242952469726714	1.0	0.4583459290300505	0.26811521861286597	0.11297496176733987	1.0	0.26560048819631454	1.0	0.10812400096781179
fr	0.0	0.0	0.0	0.0	0.0	0.0	0.0	0.6143589292419388	1.0	1.0	0.0	0.0	0.0	0.0	1.0	0.0	0.0	0.0	0.0	0.0	0.0	0.7510341748895939	1.0	1.0	0.0	1.0	0.0	0.0	0.0	0.0	0.0	0.0	0.0	0.0	0.5660160774121898
he	1.0	0.45312304285396354	1.0	1.0	0.4030210967356507	0.253819681568607	0.28956561719806134	0.10251853161763252	0.19495442475142724	0.0	1.0	1.0	0.5480202738356564	0.2698819392436557	0.15754757881456236	0.21992247266627635	0.5036414635768055	0.48171610601761317	0.612612409469375	0.30300462907420467	1.0	0.19449446974314522	0.1850971911753231	0.1881182385949655	0.25727731466272	0.14111937222559828	0.32994017629095274	1.0	0.4713453140136559	0.32040619203581694	0.23734976470172353	1.0	0.3339787367667296	1.0	0.17395180382015407
hi	0.0	1.0	0.0	1.0	1.0	0.7411828468492556	0.6698766910334879	0.5233357259284643	0.6161562425375515	0.0	1.0	1.0	1.0	0.44650355581684187	0.6110569957520273	0.7265334708466399	1.0	1.0	1.0	1.0	1.0	1.0	1.0	0.7376607345031153	0.7863954451402115	0.6914131087863047	1.0	1.0	1.0	1.0	0.5020797777427737	1.0	1.0	1.0	1.0
hu	1.0	1.0	0.0	1.0	0.5117714000362144	0.3474223821604919	0.45357249059329047	0.1586364919248998	0.3397010472291962	0.0	0.5480202738356564	1.0	1.0	0.365848361429678	0.29128479573472665	0.3337513420736996	0.5343868411160062	1.0	1.0	0.5053065392684588	1.0	0.31493304986927906	0.30067545309018034	0.37151344883784454	0.2200253623553845	0.19777656884816658	0.5973524767815628	1.0	0.6254303192325079	0.6562661056221564	0.30449289172417016	1.0	0.49496924937110015	0.7863954451402115	0.36617600240765535
id	1.0	0.6461761095307312	0.0	1.0	0.28378522204539763	0.19483739671312816	0.25147649075310896	0.16718647104456943	0.21134401119771867	0.0	0.2698819392436557	0.44650355581684187	0.365848361429678	1.0	0.18391588486970256	0.207320785647058	0.3804531187464952	0.30344894352553214	0.6994017365373274	0.26902593562323956	1.0	0.18587625770522415	0.1837256802891705	0.21019377367490175	0.3101388478442519	0.1930144378319203	0.3347005651322642	0.7265334708466399	0.4890927956980962	0.34544959720765056	0.2781295876528962	1.0	0.2760893919804116	1.0	0.2218045519507525
it	1.0	0.39062048789508697	1.0	1.0	0.250536154448921	0.07743689904795031	0.1265257639629857	0.03296850500039055	0.04255837979794065	1.0	0.15754757881456236	0.6110569957520273	0.29128479573472665	0.18391588486970256	1.0	0.1052243537978878	0.4127049198427258	0.317668299056649	0.6432357517002909	0.12031663030011586	1.0	0.058256964759725645	0.042933415510125195	0.06175690053432055	0.20034803149717842	0.0454527666355194	0.21357804394609547	1.0	0.42915011737289427	0.2533768856664885	0.11553529051055694	1.0	0.25459984479329356	1.0	0.10890871232517399
ja	1.0	0.6461761095307312	1.0	1.0	0.26562531723816984	0.1346486872529844	0.18502998589504252	0.08435149567598062	0.1198065683413604	0.0	0.21992247266627635	0.7265334708466399	0.3337513420736996	0.207320785647058	0.1052243537978878	1.0	0.3076319411968568	0.268490746233705	0.5186080302976454	0.2515013094127831	1.0	0.11908687953444023	0.11829020169663719	0.13065494487979062	0.2137291206518004	0.09422807811033723	0.2605990463637079	1.0	0.371005699645173	0.42197799922888785	0.14763391063837986	1.0	0.22762736305715675	1.0	0.12425924817281811
ko	1.0	0.7863954451402115	1.0	1.0	0.4334996533737149	0.5818933927032194	0.44388538701499436	0.2901852292166198	0.5093538416039354	0.0	0.5036414635768055	1.0	0.5343868411160062	0.3804531187464952	0.4127049198427258	0.3076319411968568	1.0	1.0	1.0	1.0	1.0	0.3857668986067587	0.4866808631195609	0.5029911995727466	0.3168155976302717	0.30783509571229833	0.5852532531850113	1.0	0.7221793916855703	0.5688202532931358	0.2931385021438917	1.0	0.5193072472238697	1.0	0.3661362632349136
lv	1.0	0.7495060196705011	1.0	1.0	0.3389242144212419	0.49014577125956965	0.3500633767313244	0.17052988780225306	0.37118723239609225	0.0	0.48171610601761317	1.0	1.0	0.30344894352553214	0.317668299056649	0.268490746233705	1.0	1.0	0.728099120889861	0.728099120889861	1.0	0.28063796994369383	0.30342186599986926	0.3379844273014538	0.2777364201368971	0.20302574088463102	0.5502438937624368	1.0	0.718925811717485	0.6316993840691829	0.2060448964923816	1.0	0.495295858630528	1.0	0.3370553096285552
mk	1.0	0.6461761095307312	0.0	1.0	1.0	0.5955163253953425	0.3902921713490876	0.4484714749338605	0.643235751700291	0.0	0.612612409469375	1.0	1.0	0.6994017365373274	0.6432357517002909	0.5186080302976454	1.0	0.728099120889861	1.0	1.0	1.0	0.5730676573302766	0.6385770394251732	1.0	0.3865233346287534	0.3553769421475082	1.0	1.0	1.0	0.7004462574133484	0.7221793916855704	1.0	1.0	1.0	0.38413781251792767
ml	0.0	0.8216064286890065	0.0	1.0	0.4604375285171095	0.2728412190534327	0.44518417696685697	0.07617350004206443	0.1419292008912686	0.0	0.30300462907420467	1.0	0.5053065392684588	0.26902593562323956	0.12031663030011586	0.2515013094127831	1.0	0.728099120889861	1.0	1.0	1.0	0.18008952818925203	0.17333218346631626	0.1903304906971553	0.21925056466347367	0.13941503803163388	0.6152737580014153	1.0	0.4568028408758606	0.6550809321051863	0.2707172904683852	1.0	0.6589257440209709	1.0	0.26351399382165913
mr	0.0	1.0	0.0	1.0	1.0	1.0	1.0	1.0	1.0	0.0	1.0	1.0	1.0	1.0	1.0	1.0	1.0	1.0	1.0	1.0	1.0	1.0	1.0	1.0	0.5660160774121898	1.0	1.0	1.0	1.0	1.0	1.0	1.0	1.0	1.0	1.0
nl	0.7690990303325336	0.7863954451402115	1.0	1.0	0.21684041016770156	0.09593239725824748	0.19066143562424287	0.0471018253893723	0.07445798549421348	0.7510341748895939	0.19449446974314522	1.0	0.31493304986927906	0.18587625770522415	0.058256964759725645	0.11908687953444023	0.3857668986067587	0.28063796994369383	0.5730676573302766	0.18008952818925203	1.0	1.0	0.0667793724414979	0.10558592411012499	0.19857052984822	0.06285486281461511	0.2688682118554825	1.0	0.431809337532175	0.3397031035758811	0.11236502077941737	1.0	0.32899640994501494	0.7455134344225701	0.11560774810656632
pl	1.0	0.5515398922149535	1.0	1.0	0.3252490877049607	0.09439338954627928	0.1400709908866608	0.04115750756523814	0.051966932613802565	1.0	0.1850971911753231	1.0	0.30067545309018034	0.1837256802891705	0.042933415510125195	0.11829020169663719	0.4866808631195609	0.30342186599986926	0.6385770394251732	0.17333218346631626	1.0	0.0667793724414979	1.0	0.09205643930733748	0.1992137557691494	0.05343778449707944	0.3063992905957625	1.0	0.45980639000853135	0.29168056734702297	0.11775669366450262	1.0	0.2674604408768435	0.7510341748895938	0.1369340135477359
pt	1.0	0.5793981243616226	1.0	1.0	0.3329218669852596	0.13470888493103325	0.17874968141366332	0.04930120710129482	0.07397381643664543	1.0	0.1881182385949655	0.7376607345031153	0.37151344883784454	0.21019377367490175	0.06175690053432055	0.13065494487979062	0.5029911995727466	0.3379844273014538	1.0	0.1903304906971553	1.0	0.10558592411012499	0.09205643930733748	1.0	0.20129554018877424	0.07117251610058571	0.30154475616255805	1.0	0.5864538274523552	0.3438122795768007	0.15234586182222554	1.0	0.2654464006207282	1.0	0.13325422895777442
ro	1.0	0.5783016157215489	1.0	1.0	0.26258571773296113	0.23373017152069064	0.26430637697472287	0.11470666168292967	0.23069141190520226	0.0	0.25727731466272	0.7863954451402115	0.2200253623553845	0.3101388478442519	0.20034803149717842	0.2137291206518004	0.3168155976302717	0.2777364201368971	0.3865233346287534	0.21925056466347367	0.5660160774121898	0.19857052984822	0.1992137557691494	0.20129554018877424	1.0	0.1517058578113705	0.28271516566429666	1.0	0.4815409611019234	0.3148211453098333	0.17556497986760286	1.0	0.2716842283175706	0.7863954451402115	0.18425323920469272
ru	1.0	0.6047774441992736	1.0	1.0	0.18215003024812862	0.08026227016076387	0.14203107711675245	0.043370135645688465	0.061000573497164534	1.0	0.14111937222559828	0.6914131087863047	0.19777656884816658	0.1930144378319203	0.0454527666355194	0.09422807811033723	0.30783509571229833	0.20302574088463102	0.3553769421475082	0.13941503803163388	1.0	0.06285486281461511	0.05343778449707944	0.07117251610058571	0.1517058578113705	1.0	0.2021567567513011	0.6994017365373274	0.395292953119234	0.20252015890201533	0.10917577673060298	1.0	0.22892151395401472	1.0	0.1097391424691831
sh	1.0	0.7863954451402115	1.0	1.0	0.4626496114366826	0.33939124072209365	0.3855903300069888	0.18955454261636157	0.30242952469726714	0.0	0.32994017629095274	1.0	0.5973524767815628	0.3347005651322642	0.21357804394609547	0.2605990463637079	0.5852532531850113	0.5502438937624368	1.0	0.6152737580014153	1.0	0.2688682118554825	0.3063992905957625	0.30154475616255805	0.28271516566429666	0.2021567567513011	1.0	1.0	0.62211325305483	0.42311706772284163	0.28327408637487406	1.0	0.4368376934424711	0.7584325078215763	0.22116943578034037
si	0.0	1.0	0.0	1.0	1.0	1.0	1.0	1.0	1.0	0.0	1.0	1.0	1.0	0.7265334708466399	1.0	1.0	1.0	1.0	1.0	1.0	1.0	1.0	1.0	1.0	1.0	0.6994017365373274	1.0	1.0	1.0	1.0	0.5020797777427737	1.0	0.7863954451402115	1.0	1.0
simple	1.0	0.6461761095307312	0.0	1.0	0.527137472355161	0.5145343653891449	0.4359798154952998	0.22722085358157557	0.4583459290300505	0.0	0.4713453140136559	1.0	0.6254303192325079	0.4890927956980962	0.42915011737289427	0.371005699645173	0.7221793916855703	0.718925811717485	1.0	0.4568028408758606	1.0	0.431809337532175	0.45980639000853135	0.5864538274523552	0.4815409611019234	0.395292953119234	0.62211325305483	1.0	1.0	0.6740515375688696	0.3475202136314012	1.0	0.5721026715027374	1.0	0.3440887762292022
sr	1.0	0.6461761095307312	0.0	1.0	0.415165662769984	0.2743188231033029	0.6254303192325079	0.23324462256052822	0.26811521861286597	0.0	0.32040619203581694	1.0	0.6562661056221564	0.34544959720765056	0.2533768856664885	0.42197799922888785	0.5688202532931358	0.6316993840691829	0.7004462574133484	0.6550809321051863	1.0	0.3397031035758811	0.29168056734702297	0.3438122795768007	0.3148211453098333	0.20252015890201533	0.42311706772284163	1.0	0.6740515375688696	1.0	0.30486860735479304	1.0	0.4848477639828952	0.7584325078215763	0.20718808367427377
sv	1.0	0.7863954451402115	1.0	1.0	0.15154088816380307	0.1613650499271752	0.27615962073624745	0.07013385601490395	0.11297496176733987	0.0	0.23734976470172353	0.5020797777427737	0.30449289172417016	0.2781295876528962	0.11553529051055694	0.14763391063837986	0.2931385021438917	0.2060448964923816	0.7221793916855704	0.2707172904683852	1.0	0.11236502077941737	0.11775669366450262	0.15234586182222554	0.17556497986760286	0.10917577673060298	0.28327408637487406	0.5020797777427737	0.3475202136314012	0.30486860735479304	1.0	1.0	0.31193399035102165	1.0	0.17471872272790728
te	0.0	1.0	0.0	1.0	1.0	1.0	1.0	1.0	1.0	0.0	1.0	1.0	1.0	1.0	1.0	1.0	1.0	1.0	1.0	1.0	1.0	1.0	1.0	1.0	1.0	1.0	1.0	1.0	1.0	1.0	1.0	1.0	1.0	1.0	1.0
vi	1.0	0.8216064286890065	1.0	1.0	0.3145876912822783	0.3229830259671863	0.3421384707878476	0.23233170751636484	0.26560048819631454	0.0	0.3339787367667296	1.0	0.49496924937110015	0.2760893919804116	0.25459984479329356	0.22762736305715675	0.5193072472238697	0.495295858630528	1.0	0.6589257440209709	1.0	0.32899640994501494	0.2674604408768435	0.2654464006207282	0.2716842283175706	0.22892151395401472	0.4368376934424711	0.7863954451402115	0.5721026715027374	0.4848477639828952	0.31193399035102165	1.0	1.0	1.0	0.2334061308674755
war	0.0	0.7863954451402115	0.0	1.0	1.0	1.0	1.0	1.0	1.0	0.0	1.0	1.0	0.7863954451402115	1.0	1.0	1.0	1.0	1.0	1.0	1.0	1.0	0.7455134344225701	0.7510341748895938	1.0	0.7863954451402115	1.0	0.7584325078215763	1.0	1.0	0.7584325078215763	1.0	1.0	1.0	1.0	1.0
zh	0.7584325078215763	0.5941763109688227	1.0	1.0	0.2626748232593402	0.15247581305487257	0.20022687523822533	0.08642654665896904	0.10812400096781179	0.5660160774121898	0.17395180382015407	1.0	0.36617600240765535	0.2218045519507525	0.10890871232517399	0.12425924817281811	0.3661362632349136	0.3370553096285552	0.38413781251792767	0.26351399382165913	1.0	0.11560774810656632	0.1369340135477359	0.13325422895777442	0.18425323920469272	0.1097391424691831	0.22116943578034037	1.0	0.3440887762292022	0.20718808367427377	0.17471872272790728	1.0	0.2334061308674755	1.0	1.0
