arz	bs	ceb	ckb	da	de	el	en	es	fr	he	hi	hu	id	it	ja	ko	lv	mk	ml	mr	nl	pl	pt	ro	ru	sh	si	simple	sr	sv	te	vi	war	zh
arz	1.0	1.0	0.0	0.0	0.0	1.0	0.0	1.0	1.0	0.585786437626905	1.0	1.0	1.0	0.585786437626905	1.0	1.0	1.0	0.0	1.0	0.0	0.0	1.0	1.0	1.0	1.0	1.0	1.0	0.0	0.0	1.0	1.0	0.0	1.0	0.0	1.0
bs	1.0	1.0	1.0	1.0	0.585786437626905	0.5	1.0	0.2303268468157938	0.5	0.35388936786452296	1.0	1.0	1.0	0.5	0.3660254037844386	0.585786437626905	0.585786437626905	1.0	1.0	1.0	0.0	0.44948974278317805	1.0	0.5	0.585786437626905	0.5	0.4142135623730951	1.0	1.0	1.0	0.3726822671238253	1.0	1.0	1.0	1.0
ceb	0.0	1.0	1.0	0.0	1.0	1.0	0.0	1.0	1.0	1.0	1.0	1.0	1.0	1.0	1.0	1.0	1.0	1.0	1.0	1.0	0.0	1.0	1.0	1.0	1.0	1.0	1.0	1.0	1.0	1.0	1.0	0.0	1.0	1.0	1.0
ckb	0.0	1.0	0.0	1.0	0.39564392373896007	1.0	1.0	1.0	1.0	0.585786437626905	1.0	1.0	1.0	1.0	0.585786437626905	1.0	1.0	1.0	0.0	1.0	1.0	1.0	1.0	1.0	1.0	1.0	1.0	1.0	0.585786437626905	1.0	0.585786437626905	1.0	1.0	1.0	1.0
da	0.0	0.585786437626905	1.0	0.39564392373896007	1.0	0.11316212905388963	0.2674788903885893	0.025457439486320926	0.125845968142326	0.09566244568860324	0.18660549686337075	0.22584440001865322	0.27429188517743175	0.15756548158566602	0.14533279170597868	0.1827439976315568	0.18126989259043744	0.5	0.4364916731037085	0.353889367864523	0.585786437626905	0.10854291865854951	0.1876127897984334	0.10369418222795229	0.16760090740494846	0.0934984915573404	0.27429188517743175	0.27718637277259645	0.24828371682826425	0.15395385841142584	0.10369929065843496	1.0	0.21712927295533244	1.0	0.126516536980057
de	1.0	0.5	1.0	1.0	0.11316212905388963	1.0	0.3660254037844386	0.003622117009611097	0.06536628265273801	0.017608965922003755	0.1571856809867317	0.2898979485566356	0.18660549686337075	0.05865559901933225	0.034098629940160045	0.12797786185801033	0.17100799366294794	1.0	0.3430703308172536	0.36602540378443865	0.585786437626905	0.02546590923751007	0.12941948075789503	0.07082984438945095	0.1515698420191941	0.05387409809520694	0.12368284214567765	1.0	0.2402530733520421	0.23166247903554	0.06632545194853315	1.0	0.20126284519300922	0.585786437626905	0.09864040534846708
el	0.0	1.0	0.0	1.0	0.2674788903885893	0.3660254037844386	1.0	0.17491720310721423	0.585786437626905	0.2402530733520421	1.0	1.0	1.0	0.25728427444747215	0.19404996501286384	1.0	1.0	1.0	1.0	1.0	1.0	0.3090169943749474	0.585786437626905	1.0	0.585786437626905	1.0	0.30901699437494745	1.0	0.4142135623730951	0.5	0.5	1.0	1.0	0.585786437626905	1.0
en	1.0	0.2303268468157938	1.0	1.0	0.025457439486320926	0.003622117009611097	0.17491720310721423	1.0	0.002020473113842424	0.004269160581872408	0.01659982587774661	0.07284423640594942	0.10314780224817242	0.007524988357269947	0.004298510038057175	0.018458872659775697	0.04576520913427791	0.44948974278317805	0.15585972716790494	0.25355482027512377	1.0	0.006518680279953546	0.031529448794710695	0.004128794759380479	0.05864286948642457	0.0024075973958107557	0.07282512924250187	0.3090169943749474	0.12178632452799958	0.07483585910275607	0.013483223019531402	1.0	0.08108568522544284	0.5	0.005220071222473843
es	1.0	0.5	1.0	1.0	0.125845968142326	0.06536628265273801	0.585786437626905	0.002020473113842424	1.0	0.00440592880201235	0.34833147735478825	0.5	0.4142135623730951	0.02222502859390947	0.011929140447271714	0.28436465220442186	0.4142135623730951	1.0	0.585786437626905	1.0	1.0	0.020686947008903528	0.17001194913688772	0.14518338349164053	0.15295783961613652	0.179128784747792	0.13603863460387838	1.0	0.1951941016011038	0.3660254037844386	0.04283040703244751	1.0	0.5	0.5	0.22772999919644135
fr	0.585786437626905	0.35388936786452296	1.0	0.585786437626905	0.09566244568860324	0.017608965922003755	0.2402530733520421	0.004269160581872408	0.00440592880201235	1.0	0.06001660277998921	0.18933139574356017	0.2216368750839041	0.019389664051648017	0.006790528859597387	0.03640737746351978	0.08668776138957036	0.5	0.2791745113185196	0.3164309725825328	1.0	0.01393874084442714	0.07361201063084655	0.019684165194731217	0.08864731389666694	0.006911395317466282	0.10762453100942435	0.5	0.1996675666470339	0.1482675827043134	0.040560101833926616	1.0	0.13623334167497303	0.5	0.038228160124371593
he	1.0	1.0	1.0	1.0	0.18660549686337075	0.1571856809867317	1.0	0.01659982587774661	0.34833147735478825	0.06001660277998921	1.0	1.0	1.0	0.10717348303893878	0.12368284214567765	1.0	1.0	1.0	1.0	1.0	1.0	0.13764658936132898	0.3660254037844386	0.585786437626905	0.2372732414640341	1.0	0.2240092377397959	1.0	0.29429805508554946	0.5	0.1907435698305462	1.0	1.0	0.585786437626905	0.585786437626905
hi	1.0	1.0	1.0	1.0	0.22584440001865322	0.2898979485566356	1.0	0.07284423640594942	0.5	0.18933139574356017	1.0	1.0	1.0	0.17826035697019474	0.2372732414640341	1.0	1.0	1.0	1.0	1.0	1.0	0.18368518446174903	0.5	1.0	0.26427884169111276	1.0	0.36602540378443865	1.0	0.36602540378443865	0.585786437626905	0.2474401533514073	1.0	1.0	0.5	1.0
hu	1.0	1.0	1.0	1.0	0.27429188517743175	0.18660549686337075	1.0	0.10314780224817242	0.4142135623730951	0.2216368750839041	1.0	1.0	1.0	0.2193450929151803	0.17774575502392898	1.0	1.0	1.0	1.0	1.0	1.0	0.1367733581867939	0.2958163163244893	0.585786437626905	0.3333333333333333	1.0	0.38742588672279304	1.0	0.585786437626905	0.585786437626905	0.20942771453851886	1.0	1.0	1.0	0.585786437626905
id	0.585786437626905	0.5	1.0	1.0	0.15756548158566602	0.05865559901933225	0.25728427444747215	0.007524988357269947	0.02222502859390947	0.019389664051648017	0.10717348303893878	0.17826035697019474	0.2193450929151803	1.0	0.04913842837527847	0.12567533443819484	0.11085483595279964	1.0	0.3203772410170407	0.3090169943749474	1.0	0.06657615279114856	0.12759338066860484	0.04956932485002866	0.13727019597372123	0.03723959907228013	0.16072649952706464	0.585786437626905	0.1983555576735248	0.11155478137085909	0.09639714866135637	0.585786437626905	0.1951941016011038	0.585786437626905	0.07254831071661247
it	1.0	0.3660254037844386	1.0	0.585786437626905	0.14533279170597868	0.034098629940160045	0.19404996501286384	0.004298510038057175	0.011929140447271714	0.006790528859597387	0.12368284214567765	0.2372732414640341	0.17774575502392898	0.04913842837527847	1.0	0.10039929211219259	0.08695652173913043	0.44948974278317805	0.185812113189084	0.4142135623730951	1.0	0.021318897066376904	0.12085491391842823	0.03776864633941235	0.09462110498950177	0.02369286715148676	0.1449579964315967	0.585786437626905	0.2843646522044218	0.1774053291584318	0.04873168686085792	1.0	0.1924840598000365	0.585786437626905	0.06168644924656
ja	1.0	0.585786437626905	1.0	1.0	0.1827439976315568	0.12797786185801033	1.0	0.018458872659775697	0.28436465220442186	0.03640737746351978	1.0	1.0	1.0	0.12567533443819484	0.10039929211219259	1.0	1.0	1.0	1.0	1.0	1.0	0.15366717774838984	0.3333333333333333	1.0	0.3333333333333333	1.0	0.19900804996708035	1.0	0.3090169943749474	1.0	0.12910941082283192	1.0	1.0	0.585786437626905	0.5
ko	1.0	0.585786437626905	1.0	1.0	0.18126989259043744	0.17100799366294794	1.0	0.04576520913427791	0.4142135623730951	0.08668776138957036	1.0	1.0	1.0	0.11085483595279964	0.08695652173913043	1.0	1.0	1.0	1.0	1.0	1.0	0.1123447145025566	0.36602540378443865	1.0	0.1898921977639714	1.0	0.2402530733520421	1.0	0.4142135623730951	1.0	0.14285714285714285	1.0	1.0	0.585786437626905	0.585786437626905
lv	0.0	1.0	1.0	1.0	0.5	1.0	1.0	0.44948974278317805	1.0	0.5	1.0	1.0	1.0	1.0	0.44948974278317805	1.0	1.0	1.0	1.0	1.0	1.0	0.4364916731037085	0.4364916731037085	1.0	1.0	1.0	0.585786437626905	1.0	0.585786437626905	1.0	1.0	1.0	1.0	1.0	1.0
mk	1.0	1.0	1.0	0.0	0.4364916731037085	0.3430703308172536	1.0	0.15585972716790494	0.585786437626905	0.2791745113185196	1.0	1.0	1.0	0.3203772410170407	0.185812113189084	1.0	1.0	1.0	1.0	1.0	1.0	0.29893508442482547	0.5	1.0	0.585786437626905	1.0	0.585786437626905	1.0	0.5	1.0	0.3333333333333333	1.0	1.0	1.0	1.0
ml	0.0	1.0	1.0	1.0	0.353889367864523	0.36602540378443865	1.0	0.25355482027512377	1.0	0.3164309725825328	1.0	1.0	1.0	0.3090169943749474	0.4142135623730951	1.0	1.0	1.0	1.0	1.0	1.0	0.4142135623730951	1.0	1.0	0.5	1.0	0.39564392373896007	1.0	0.38742588672279304	0.585786437626905	0.26427884169111276	1.0	1.0	0.585786437626905	1.0
mr	0.0	0.0	0.0	1.0	0.585786437626905	0.585786437626905	1.0	1.0	1.0	1.0	1.0	1.0	1.0	1.0	1.0	1.0	1.0	1.0	1.0	1.0	1.0	1.0	0.585786437626905	1.0	1.0	1.0	1.0	1.0	1.0	1.0	1.0	1.0	1.0	1.0	1.0
nl	1.0	0.44948974278317805	1.0	1.0	0.10854291865854951	0.02546590923751007	0.3090169943749474	0.006518680279953546	0.020686947008903528	0.01393874084442714	0.13764658936132898	0.18368518446174903	0.1367733581867939	0.06657615279114856	0.021318897066376904	0.15366717774838984	0.1123447145025566	0.4364916731037085	0.29893508442482547	0.4142135623730951	1.0	1.0	0.13109823271027238	0.03833092873279617	0.11173380652316264	0.023880512238358822	0.13231996486433337	0.44948974278317805	0.21373148215577437	0.1283746802374098	0.09034387336375943	0.585786437626905	0.1417374030335042	0.5	0.060282881273222705
pl	1.0	1.0	1.0	1.0	0.1876127897984334	0.12941948075789503	0.585786437626905	0.031529448794710695	0.17001194913688772	0.07361201063084655	0.3660254037844386	0.5	0.2958163163244893	0.12759338066860484	0.12085491391842823	0.3333333333333333	0.36602540378443865	0.4364916731037085	0.5	1.0	0.585786437626905	0.13109823271027238	1.0	0.23166247903554	0.2592192604530755	0.15438708879488486	0.3164309725825328	1.0	0.27718637277259645	0.585786437626905	0.19404996501286384	1.0	0.36602540378443865	1.0	0.22901628833426058
pt	1.0	0.5	1.0	1.0	0.10369418222795229	0.07082984438945095	1.0	0.004128794759380479	0.14518338349164053	0.019684165194731217	0.585786437626905	1.0	0.585786437626905	0.04956932485002866	0.03776864633941235	1.0	1.0	1.0	1.0	1.0	1.0	0.03833092873279617	0.23166247903554	1.0	0.1442970426795824	0.3660254037844386	0.16778977572266515	1.0	0.2041350519664497	0.3660254037844386	0.0591232129349437	1.0	1.0	0.585786437626905	0.5
ro	1.0	0.585786437626905	1.0	1.0	0.16760090740494846	0.1515698420191941	0.585786437626905	0.05864286948642457	0.15295783961613652	0.08864731389666694	0.2372732414640341	0.26427884169111276	0.3333333333333333	0.13727019597372123	0.09462110498950177	0.3333333333333333	0.1898921977639714	1.0	0.585786437626905	0.5	1.0	0.11173380652316264	0.2592192604530755	0.1442970426795824	1.0	0.15511784463218828	0.23166247903554	1.0	0.3660254037844386	0.3090169943749474	0.18247305651787074	1.0	0.27429188517743175	0.585786437626905	0.20894541729001367
ru	1.0	0.5	1.0	1.0	0.0934984915573404	0.05387409809520694	1.0	0.0024075973958107557	0.179128784747792	0.006911395317466282	1.0	1.0	1.0	0.03723959907228013	0.02369286715148676	1.0	1.0	1.0	1.0	1.0	1.0	0.023880512238358822	0.15438708879488486	0.3660254037844386	0.15511784463218828	1.0	0.13100580420257674	1.0	0.2211722256431405	0.38742588672279304	0.04724102040689761	1.0	1.0	0.585786437626905	0.585786437626905
sh	1.0	0.4142135623730951	1.0	1.0	0.27429188517743175	0.12368284214567765	0.30901699437494745	0.07282512924250187	0.13603863460387838	0.10762453100942435	0.2240092377397959	0.36602540378443865	0.38742588672279304	0.16072649952706464	0.1449579964315967	0.19900804996708035	0.2402530733520421	0.585786437626905	0.585786437626905	0.39564392373896007	1.0	0.13231996486433337	0.3164309725825328	0.16778977572266515	0.23166247903554	0.13100580420257674	1.0	0.585786437626905	0.3597752501562547	0.12093866551354678	0.21089672205953397	1.0	0.29429805508554946	1.0	0.17379378377786506
si	0.0	1.0	1.0	1.0	0.27718637277259645	1.0	1.0	0.3090169943749474	1.0	0.5	1.0	1.0	1.0	0.585786437626905	0.585786437626905	1.0	1.0	1.0	1.0	1.0	1.0	0.44948974278317805	1.0	1.0	1.0	1.0	0.585786437626905	1.0	0.44948974278317805	1.0	0.39564392373896007	1.0	1.0	1.0	1.0
simple	0.0	1.0	1.0	0.585786437626905	0.24828371682826425	0.2402530733520421	0.4142135623730951	0.12178632452799958	0.1951941016011038	0.1996675666470339	0.29429805508554946	0.36602540378443865	0.585786437626905	0.1983555576735248	0.2843646522044218	0.3090169943749474	0.4142135623730951	0.585786437626905	0.5	0.38742588672279304	1.0	0.21373148215577437	0.27718637277259645	0.2041350519664497	0.3660254037844386	0.2211722256431405	0.3597752501562547	0.44948974278317805	1.0	0.27429188517743175	0.27429188517743175	1.0	0.3660254037844386	0.5	0.1924840598000365
sr	1.0	1.0	1.0	1.0	0.15395385841142584	0.23166247903554	0.5	0.07483585910275607	0.3660254037844386	0.1482675827043134	0.5	0.585786437626905	0.585786437626905	0.11155478137085909	0.1774053291584318	1.0	1.0	1.0	1.0	0.585786437626905	1.0	0.1283746802374098	0.585786437626905	0.3660254037844386	0.3090169943749474	0.38742588672279304	0.12093866551354678	1.0	0.27429188517743175	1.0	0.14518338349164053	1.0	0.585786437626905	0.585786437626905	0.585786437626905
sv	1.0	0.3726822671238253	1.0	0.585786437626905	0.10369929065843496	0.06632545194853315	0.5	0.013483223019531402	0.04283040703244751	0.040560101833926616	0.1907435698305462	0.2474401533514073	0.20942771453851886	0.09639714866135637	0.04873168686085792	0.12910941082283192	0.14285714285714285	1.0	0.3333333333333333	0.26427884169111276	1.0	0.09034387336375943	0.19404996501286384	0.0591232129349437	0.18247305651787074	0.04724102040689761	0.21089672205953397	0.39564392373896007	0.27429188517743175	0.14518338349164053	1.0	1.0	0.17518814002874858	0.585786437626905	0.08092044290312927
te	0.0	1.0	0.0	1.0	1.0	1.0	1.0	1.0	1.0	1.0	1.0	1.0	1.0	0.585786437626905	1.0	1.0	1.0	1.0	1.0	1.0	1.0	0.585786437626905	1.0	1.0	1.0	1.0	1.0	1.0	1.0	1.0	1.0	1.0	1.0	1.0	1.0
vi	1.0	1.0	1.0	1.0	0.21712927295533244	0.20126284519300922	1.0	0.08108568522544284	0.5	0.13623334167497303	1.0	1.0	1.0	0.1951941016011038	0.1924840598000365	1.0	1.0	1.0	1.0	1.0	1.0	0.1417374030335042	0.36602540378443865	1.0	0.27429188517743175	1.0	0.29429805508554946	1.0	0.3660254037844386	0.585786437626905	0.17518814002874858	1.0	1.0	0.585786437626905	0.585786437626905
war	0.0	1.0	1.0	1.0	1.0	0.585786437626905	0.585786437626905	0.5	0.5	0.5	0.585786437626905	0.5	1.0	0.585786437626905	0.585786437626905	0.585786437626905	0.585786437626905	1.0	1.0	0.585786437626905	1.0	0.5	1.0	0.585786437626905	0.585786437626905	0.585786437626905	1.0	1.0	0.5	0.585786437626905	0.585786437626905	1.0	0.585786437626905	1.0	0.585786437626905
zh	1.0	1.0	1.0	1.0	0.126516536980057	0.09864040534846708	1.0	0.005220071222473843	0.22772999919644135	0.038228160124371593	0.585786437626905	1.0	0.585786437626905	0.07254831071661247	0.06168644924656	0.5	0.585786437626905	1.0	1.0	1.0	1.0	0.060282881273222705	0.22901628833426058	0.5	0.20894541729001367	0.585786437626905	0.17379378377786506	1.0	0.1924840598000365	0.585786437626905	0.08092044290312927	1.0	0.585786437626905	0.585786437626905	1.0
