arz	bs	ceb	ckb	da	de	el	en	es	fr	he	hi	hu	id	it	ja	ko	lv	mk	ml	mr	nl	pl	pt	ro	ru	sh	si	simple	sr	sv	te	tr	union	vi	war	zh
arz	1.0	0.16734301135929747	1.0	1.0	0.1820338665388678	0.058718300053928425	1.0	0.053846027324521706	0.11464585852834698	0.15182930008714368	0.6197923089648248	1.0	0.17204735120476133	0.08683562260413592	0.07487852113571129	0.6824873346220893	1.0	0.49739182957231065	1.0	1.0	1.0	0.10727825923018487	0.1027842685271206	0.1647765952563491	0.194927392411348	1.0	0.11268150194871508	1.0	0.10679071873858301	0.17844669095166688	0.1429484914929895	1.0	0.17265138117443296	0.04829186545209381	0.15917207591065047	0.603399525251708	1.0
bs	0.16734301135929747	1.0	0.16734301135929747	0.16734301135929747	0.19602698452596706	0.06354236778559454	0.16734301135929747	0.05655579211711878	0.1255091175591649	0.14895005943152315	0.16997404052620502	0.16734301135929747	0.1591926747785882	0.10245091706419165	0.08298101547748625	0.17049938371165282	0.16734301135929747	0.17228028337210247	0.16734301135929747	0.16734301135929747	0.16734301135929747	0.11724276509895278	0.11165547719963959	0.1514436279242906	0.17298096705052304	0.16734301135929747	0.12175669946554465	0.16734301135929747	0.11576586427126632	0.14330076688367713	0.1478552083841899	0.16734301135929747	0.17503907566809943	0.05283412209849758	0.17810009030940663	0.17241230126600668	0.16734301135929747
ceb	1.0	0.16734301135929747	1.0	1.0	0.1820338665388678	0.058718300053928425	1.0	0.053846027324521706	0.11464585852834698	0.15182930008714368	0.6197923089648248	1.0	0.17204735120476133	0.08683562260413592	0.07487852113571129	0.6824873346220893	1.0	0.49739182957231065	1.0	1.0	1.0	0.10727825923018487	0.1027842685271206	0.1647765952563491	0.194927392411348	1.0	0.11268150194871508	1.0	0.10679071873858301	0.17844669095166688	0.1429484914929895	1.0	0.17265138117443296	0.04829186545209381	0.15917207591065047	0.603399525251708	1.0
ckb	1.0	0.16734301135929747	1.0	1.0	0.1820338665388678	0.058718300053928425	1.0	0.053846027324521706	0.11464585852834698	0.15182930008714368	0.6197923089648248	1.0	0.17204735120476133	0.08683562260413592	0.07487852113571129	0.6824873346220893	1.0	0.49739182957231065	1.0	1.0	1.0	0.10727825923018487	0.1027842685271206	0.1647765952563491	0.194927392411348	1.0	0.11268150194871508	1.0	0.10679071873858301	0.17844669095166688	0.1429484914929895	1.0	0.17265138117443296	0.04829186545209381	0.15917207591065047	0.603399525251708	1.0
da	0.1820338665388678	0.19602698452596706	0.1820338665388678	0.1820338665388678	1.0	0.06498342431802584	0.1820338665388678	0.057735562066013664	0.12800561727918267	0.16442477095654812	0.18788448012043452	0.1820338665388678	0.15096995366242044	0.10276626984206563	0.08883684628716217	0.18700859559288255	0.1820338665388678	0.18585317536721996	0.1820338665388678	0.1820338665388678	0.1820338665388678	0.12386485183392881	0.1105114486593769	0.16321272416633228	0.16055696434238648	0.1820338665388678	0.12013622460078598	0.1820338665388678	0.12425933718748108	0.1575245040588598	0.17889281249865482	0.1820338665388678	0.18372304565274608	0.05308708703205652	0.14723605264217204	0.1914015138817569	0.1820338665388678
de	0.058718300053928425	0.06354236778559454	0.058718300053928425	0.058718300053928425	0.06498342431802584	1.0	0.058718300053928425	0.059040807111489256	0.06470583104485084	0.06520497425164554	0.05929528531169603	0.058718300053928425	0.06119435858332589	0.07203274362908293	0.06843462510867122	0.059241520359227196	0.058718300053928425	0.0588357863703262	0.058718300053928425	0.058718300053928425	0.058718300053928425	0.06896373507530583	0.0627526014123115	0.06345645247351187	0.061099238723159324	0.058718300053928425	0.06693017192327227	0.058718300053928425	0.06573554305391671	0.06213153258763986	0.06520070779855235	0.058718300053928425	0.06687051827019554	0.06586116444851176	0.062390126036317106	0.05944900524053735	0.058718300053928425
el	1.0	0.16734301135929747	1.0	1.0	0.1820338665388678	0.058718300053928425	1.0	0.053846027324521706	0.11464585852834698	0.15182930008714368	0.6197923089648248	1.0	0.17204735120476133	0.08683562260413592	0.07487852113571129	0.6824873346220893	1.0	0.49739182957231065	1.0	1.0	1.0	0.10727825923018487	0.1027842685271206	0.1647765952563491	0.194927392411348	1.0	0.11268150194871508	1.0	0.10679071873858301	0.17844669095166688	0.1429484914929895	1.0	0.17265138117443296	0.04829186545209381	0.15917207591065047	0.603399525251708	1.0
en	0.053846027324521706	0.05655579211711878	0.053846027324521706	0.053846027324521706	0.057735562066013664	0.059040807111489256	0.053846027324521706	1.0	0.058223042283492274	0.059110076692816996	0.05407172037226649	0.053846027324521706	0.055155625048266904	0.06144158029336683	0.0626338758421583	0.054015563620536625	0.053846027324521706	0.05413419179676002	0.053846027324521706	0.053846027324521706	0.053846027324521706	0.06249561182726191	0.05762453192449485	0.05691644649269776	0.055725508298137105	0.053846027324521706	0.05933209012290695	0.053846027324521706	0.05965077959870047	0.05674949811212093	0.0577860645997653	0.053846027324521706	0.05779604702639133	0.09084597461095499	0.055694824650092144	0.05413700701606186	0.053846027324521706
es	0.11464585852834698	0.1255091175591649	0.11464585852834698	0.11464585852834698	0.12800561727918267	0.06470583104485084	0.11464585852834698	0.058223042283492274	1.0	0.12287818491082897	0.11646713335682198	0.11464585852834698	0.11223262766535434	0.09190829013219058	0.0866193262025912	0.1156110621640087	0.11464585852834698	0.11665296952294382	0.11464585852834698	0.11464585852834698	0.11464585852834698	0.11292841653051938	0.10418613405608035	0.12198973611685604	0.11758993443630175	0.11464585852834698	0.10652162333509187	0.11464585852834698	0.09659489546632359	0.11342913513424993	0.14087841273888813	0.11464585852834698	0.13062464685719663	0.05541886546623733	0.12864537282785263	0.11612670806045998	0.11464585852834698
fr	0.15182930008714368	0.14895005943152315	0.15182930008714368	0.15182930008714368	0.16442477095654812	0.06520497425164554	0.15182930008714368	0.059110076692816996	0.12287818491082897	1.0	0.15453980453798982	0.15182930008714368	0.1350266839390879	0.09514716017994947	0.08592821121272856	0.1535337231481865	0.15182930008714368	0.15398874164000328	0.15182930008714368	0.15182930008714368	0.15182930008714368	0.11987602978325683	0.11325903766301566	0.14092886881116742	0.14484474662843044	0.15182930008714368	0.1168527526995786	0.15182930008714368	0.1097867433358329	0.1442326236861883	0.15079778685146156	0.15182930008714368	0.15919200203195688	0.05510424890522229	0.1416086219489684	0.1548022364855144	0.15182930008714368
he	0.6197923089648248	0.16997404052620502	0.6197923089648248	0.6197923089648248	0.18788448012043452	0.05929528531169603	0.6197923089648248	0.05407172037226649	0.11646713335682198	0.15453980453798982	1.0	0.6197923089648248	0.1733426145772505	0.08818414838392034	0.07556450579351301	0.7139111383691114	0.6197923089648248	0.4698682836578629	0.6197923089648248	0.6197923089648248	0.6197923089648248	0.1086099808043502	0.10354672285867081	0.16707648953586096	0.19626580926637946	0.6197923089648248	0.11391043067816455	0.6197923089648248	0.10715286705555967	0.18044427724561798	0.14577187867868358	0.6197923089648248	0.1787702807435234	0.04857416898767566	0.16119772655829162	0.5692663772914498	0.6197923089648248
hi	1.0	0.16734301135929747	1.0	1.0	0.1820338665388678	0.058718300053928425	1.0	0.053846027324521706	0.11464585852834698	0.15182930008714368	0.6197923089648248	1.0	0.17204735120476133	0.08683562260413592	0.07487852113571129	0.6824873346220893	1.0	0.49739182957231065	1.0	1.0	1.0	0.10727825923018487	0.1027842685271206	0.1647765952563491	0.194927392411348	1.0	0.11268150194871508	1.0	0.10679071873858301	0.17844669095166688	0.1429484914929895	1.0	0.17265138117443296	0.04829186545209381	0.15917207591065047	0.603399525251708	1.0
hu	0.17204735120476133	0.1591926747785882	0.17204735120476133	0.17204735120476133	0.15096995366242044	0.06119435858332589	0.17204735120476133	0.055155625048266904	0.11223262766535434	0.1350266839390879	0.1733426145772505	0.17204735120476133	1.0	0.09231955440962057	0.07626280756703038	0.1734921588416368	0.17204735120476133	0.1691764045758173	0.17204735120476133	0.17204735120476133	0.17204735120476133	0.10784210010008556	0.1103966085660815	0.14955269581942005	0.14833089954510661	0.17204735120476133	0.11426307299675635	0.17204735120476133	0.11084881439933067	0.13968368253854338	0.13571295997144592	0.17204735120476133	0.16107849004324787	0.05041696441888813	0.14829393922990455	0.17515289964410202	0.17204735120476133
id	0.08683562260413592	0.10245091706419165	0.08683562260413592	0.08683562260413592	0.10276626984206563	0.07203274362908293	0.08683562260413592	0.06144158029336683	0.09190829013219058	0.09514716017994947	0.08818414838392034	0.08683562260413592	0.09231955440962057	1.0	0.08499122812612403	0.0881197174501006	0.08683562260413592	0.08753135575107222	0.08683562260413592	0.08683562260413592	0.08683562260413592	0.10638641309315013	0.09070819305593628	0.09688379757873086	0.09611747762073514	0.08683562260413592	0.10070906408319145	0.08683562260413592	0.10199911040040477	0.08978109408902867	0.09635845073234683	0.08683562260413592	0.11197640043800944	0.05995201201426398	0.09816732282287695	0.08863797524095252	0.08683562260413592
it	0.07487852113571129	0.08298101547748625	0.07487852113571129	0.07487852113571129	0.08883684628716217	0.06843462510867122	0.07487852113571129	0.0626338758421583	0.0866193262025912	0.08592821121272856	0.07556450579351301	0.07487852113571129	0.07626280756703038	0.08499122812612403	1.0	0.07522151244256521	0.07487852113571129	0.07625831180321609	0.07487852113571129	0.07487852113571129	0.07487852113571129	0.08903999293269801	0.0818150345120248	0.08136199685516045	0.07907380611975937	0.07487852113571129	0.08331415225517158	0.07487852113571129	0.09347162875431665	0.08004568552477566	0.09302582150799787	0.07487852113571129	0.08434592903849834	0.06312941138676634	0.07821350308770894	0.07556377572727181	0.07487852113571129
ja	0.6824873346220893	0.17049938371165282	0.6824873346220893	0.6824873346220893	0.18700859559288255	0.059241520359227196	0.6824873346220893	0.054015563620536625	0.1156110621640087	0.1535337231481865	0.7139111383691114	0.6824873346220893	0.1734921588416368	0.0881197174501006	0.07522151244256521	1.0	0.6824873346220893	0.4731840323070192	0.6824873346220893	0.6824873346220893	0.6824873346220893	0.10837587525040217	0.10331437610894056	0.16705713528874971	0.19709126242150235	0.6824873346220893	0.11387172022014251	0.6824873346220893	0.10727557572646862	0.1801354120613871	0.14428529995739142	0.6824873346220893	0.17680797110889065	0.048518314111397766	0.16088464348979245	0.6092348406628357	0.6824873346220893
ko	1.0	0.16734301135929747	1.0	1.0	0.1820338665388678	0.058718300053928425	1.0	0.053846027324521706	0.11464585852834698	0.15182930008714368	0.6197923089648248	1.0	0.17204735120476133	0.08683562260413592	0.07487852113571129	0.6824873346220893	1.0	0.49739182957231065	1.0	1.0	1.0	0.10727825923018487	0.1027842685271206	0.1647765952563491	0.194927392411348	1.0	0.11268150194871508	1.0	0.10679071873858301	0.17844669095166688	0.1429484914929895	1.0	0.17265138117443296	0.04829186545209381	0.15917207591065047	0.603399525251708	1.0
lv	0.49739182957231065	0.17228028337210247	0.49739182957231065	0.49739182957231065	0.18585317536721996	0.0588357863703262	0.49739182957231065	0.05413419179676002	0.11665296952294382	0.15398874164000328	0.4698682836578629	0.49739182957231065	0.1691764045758173	0.08753135575107222	0.07625831180321609	0.4731840323070192	0.49739182957231065	1.0	0.49739182957231065	0.49739182957231065	0.49739182957231065	0.10929650638852617	0.10429183555889344	0.1640232506959037	0.197489653719194	0.49739182957231065	0.1132945477910982	0.49739182957231065	0.108041142775749	0.17568310932594128	0.14691986021277847	0.49739182957231065	0.17635880076623103	0.04871529056987353	0.1631478511900778	0.45307372976062293	0.49739182957231065
mk	1.0	0.16734301135929747	1.0	1.0	0.1820338665388678	0.058718300053928425	1.0	0.053846027324521706	0.11464585852834698	0.15182930008714368	0.6197923089648248	1.0	0.17204735120476133	0.08683562260413592	0.07487852113571129	0.6824873346220893	1.0	0.49739182957231065	1.0	1.0	1.0	0.10727825923018487	0.1027842685271206	0.1647765952563491	0.194927392411348	1.0	0.11268150194871508	1.0	0.10679071873858301	0.17844669095166688	0.1429484914929895	1.0	0.17265138117443296	0.04829186545209381	0.15917207591065047	0.603399525251708	1.0
ml	1.0	0.16734301135929747	1.0	1.0	0.1820338665388678	0.058718300053928425	1.0	0.053846027324521706	0.11464585852834698	0.15182930008714368	0.6197923089648248	1.0	0.17204735120476133	0.08683562260413592	0.07487852113571129	0.6824873346220893	1.0	0.49739182957231065	1.0	1.0	1.0	0.10727825923018487	0.1027842685271206	0.1647765952563491	0.194927392411348	1.0	0.11268150194871508	1.0	0.10679071873858301	0.17844669095166688	0.1429484914929895	1.0	0.17265138117443296	0.04829186545209381	0.15917207591065047	0.603399525251708	1.0
mr	1.0	0.16734301135929747	1.0	1.0	0.1820338665388678	0.058718300053928425	1.0	0.053846027324521706	0.11464585852834698	0.15182930008714368	0.6197923089648248	1.0	0.17204735120476133	0.08683562260413592	0.07487852113571129	0.6824873346220893	1.0	0.49739182957231065	1.0	1.0	1.0	0.10727825923018487	0.1027842685271206	0.1647765952563491	0.194927392411348	1.0	0.11268150194871508	1.0	0.10679071873858301	0.17844669095166688	0.1429484914929895	1.0	0.17265138117443296	0.04829186545209381	0.15917207591065047	0.603399525251708	1.0
nl	0.10727825923018487	0.11724276509895278	0.10727825923018487	0.10727825923018487	0.12386485183392881	0.06896373507530583	0.10727825923018487	0.06249561182726191	0.11292841653051938	0.11987602978325683	0.1086099808043502	0.10727825923018487	0.10784210010008556	0.10638641309315013	0.08903999293269801	0.10837587525040217	0.10727825923018487	0.10929650638852617	0.10727825923018487	0.10727825923018487	0.10727825923018487	1.0	0.10239927407430477	0.11362870826593958	0.12036395674792022	0.10727825923018487	0.10463726482585199	0.10727825923018487	0.11372947154371214	0.10549297997593794	0.12394541978252557	0.10727825923018487	0.12497362856301254	0.06014262804476612	0.11874984866827176	0.10913639326268204	0.10727825923018487
pl	0.1027842685271206	0.11165547719963959	0.1027842685271206	0.1027842685271206	0.1105114486593769	0.0627526014123115	0.1027842685271206	0.05762453192449485	0.10418613405608035	0.11325903766301566	0.10354672285867081	0.1027842685271206	0.1103966085660815	0.09070819305593628	0.0818150345120248	0.10331437610894056	0.1027842685271206	0.10429183555889344	0.1027842685271206	0.1027842685271206	0.1027842685271206	0.10239927407430477	1.0	0.1108312342921726	0.10455586134654239	0.1027842685271206	0.1098003855144079	0.1027842685271206	0.09453039399614147	0.10613986452777407	0.11431004827351522	0.1027842685271206	0.12227442350345849	0.05585248727524363	0.12108685972379589	0.10415459908980383	0.1027842685271206
pt	0.1647765952563491	0.1514436279242906	0.1647765952563491	0.1647765952563491	0.16321272416633228	0.06345645247351187	0.1647765952563491	0.05691644649269776	0.12198973611685604	0.14092886881116742	0.16707648953586096	0.1647765952563491	0.14955269581942005	0.09688379757873086	0.08136199685516045	0.16705713528874971	0.1647765952563491	0.1640232506959037	0.1647765952563491	0.1647765952563491	0.1647765952563491	0.11362870826593958	0.1108312342921726	1.0	0.15600678954695202	0.1647765952563491	0.12593903804380668	0.1647765952563491	0.11603136737059586	0.1598605919632805	0.14158882299287984	0.1647765952563491	0.16665468763152128	0.05229748986632708	0.1565777356812745	0.1695466123764375	0.1647765952563491
ro	0.194927392411348	0.17298096705052304	0.194927392411348	0.194927392411348	0.16055696434238648	0.061099238723159324	0.194927392411348	0.055725508298137105	0.11758993443630175	0.14484474662843044	0.19626580926637946	0.194927392411348	0.14833089954510661	0.09611747762073514	0.07907380611975937	0.19709126242150235	0.194927392411348	0.197489653719194	0.194927392411348	0.194927392411348	0.194927392411348	0.12036395674792022	0.10455586134654239	0.15600678954695202	1.0	0.194927392411348	0.12073936377568953	0.194927392411348	0.1134726724749995	0.1491257412626246	0.1395362293537131	0.194927392411348	0.17020368222059448	0.051122365961766246	0.1814377174356563	0.19701187430440603	0.194927392411348
ru	1.0	0.16734301135929747	1.0	1.0	0.1820338665388678	0.058718300053928425	1.0	0.053846027324521706	0.11464585852834698	0.15182930008714368	0.6197923089648248	1.0	0.17204735120476133	0.08683562260413592	0.07487852113571129	0.6824873346220893	1.0	0.49739182957231065	1.0	1.0	1.0	0.10727825923018487	0.1027842685271206	0.1647765952563491	0.194927392411348	1.0	0.11268150194871508	1.0	0.10679071873858301	0.17844669095166688	0.1429484914929895	1.0	0.17265138117443296	0.04829186545209381	0.15917207591065047	0.603399525251708	1.0
sh	0.11268150194871508	0.12175669946554465	0.11268150194871508	0.11268150194871508	0.12013622460078598	0.06693017192327227	0.11268150194871508	0.05933209012290695	0.10652162333509187	0.1168527526995786	0.11391043067816455	0.11268150194871508	0.11426307299675635	0.10070906408319145	0.08331415225517158	0.11387172022014251	0.11268150194871508	0.1132945477910982	0.11268150194871508	0.11268150194871508	0.11268150194871508	0.10463726482585199	0.1098003855144079	0.12593903804380668	0.12073936377568953	0.11268150194871508	1.0	0.11268150194871508	0.1026002637222493	0.16240046404730826	0.1167611184691717	0.11268150194871508	0.14344174425091727	0.05716131136883595	0.13076830041581997	0.11507586704454037	0.11268150194871508
si	1.0	0.16734301135929747	1.0	1.0	0.1820338665388678	0.058718300053928425	1.0	0.053846027324521706	0.11464585852834698	0.15182930008714368	0.6197923089648248	1.0	0.17204735120476133	0.08683562260413592	0.07487852113571129	0.6824873346220893	1.0	0.49739182957231065	1.0	1.0	1.0	0.10727825923018487	0.1027842685271206	0.1647765952563491	0.194927392411348	1.0	0.11268150194871508	1.0	0.10679071873858301	0.17844669095166688	0.1429484914929895	1.0	0.17265138117443296	0.04829186545209381	0.15917207591065047	0.603399525251708	1.0
simple	0.10679071873858301	0.11576586427126632	0.10679071873858301	0.10679071873858301	0.12425933718748108	0.06573554305391671	0.10679071873858301	0.05965077959870047	0.09659489546632359	0.1097867433358329	0.10715286705555967	0.10679071873858301	0.11084881439933067	0.10199911040040477	0.09347162875431665	0.10727557572646862	0.10679071873858301	0.108041142775749	0.10679071873858301	0.10679071873858301	0.10679071873858301	0.11372947154371214	0.09453039399614147	0.11603136737059586	0.1134726724749995	0.10679071873858301	0.1026002637222493	0.10679071873858301	1.0	0.10648032958359277	0.11695074849697744	0.10679071873858301	0.1142204073723602	0.05554101862580015	0.11149784457128002	0.10871563189812457	0.10679071873858301
sr	0.17844669095166688	0.14330076688367713	0.17844669095166688	0.17844669095166688	0.1575245040588598	0.06213153258763986	0.17844669095166688	0.05674949811212093	0.11342913513424993	0.1442326236861883	0.18044427724561798	0.17844669095166688	0.13968368253854338	0.08978109408902867	0.08004568552477566	0.1801354120613871	0.17844669095166688	0.17568310932594128	0.17844669095166688	0.17844669095166688	0.17844669095166688	0.10549297997593794	0.10613986452777407	0.1598605919632805	0.1491257412626246	0.17844669095166688	0.16240046404730826	0.17844669095166688	0.10648032958359277	1.0	0.13888340813914532	0.17844669095166688	0.16220052696681167	0.05186636507696706	0.14389816013281406	0.18281489249810706	0.17844669095166688
sv	0.1429484914929895	0.1478552083841899	0.1429484914929895	0.1429484914929895	0.17889281249865482	0.06520070779855235	0.1429484914929895	0.0577860645997653	0.14087841273888813	0.15079778685146156	0.14577187867868358	0.1429484914929895	0.13571295997144592	0.09635845073234683	0.09302582150799787	0.14428529995739142	0.1429484914929895	0.14691986021277847	0.1429484914929895	0.1429484914929895	0.1429484914929895	0.12394541978252557	0.11431004827351522	0.14158882299287984	0.1395362293537131	0.1429484914929895	0.1167611184691717	0.1429484914929895	0.11695074849697744	0.13888340813914532	1.0	0.1429484914929895	0.1654737139989912	0.054046098593976744	0.1400455491968722	0.14699081730733107	0.1429484914929895
te	1.0	0.16734301135929747	1.0	1.0	0.1820338665388678	0.058718300053928425	1.0	0.053846027324521706	0.11464585852834698	0.15182930008714368	0.6197923089648248	1.0	0.17204735120476133	0.08683562260413592	0.07487852113571129	0.6824873346220893	1.0	0.49739182957231065	1.0	1.0	1.0	0.10727825923018487	0.1027842685271206	0.1647765952563491	0.194927392411348	1.0	0.11268150194871508	1.0	0.10679071873858301	0.17844669095166688	0.1429484914929895	1.0	0.17265138117443296	0.04829186545209381	0.15917207591065047	0.603399525251708	1.0
tr	0.17265138117443296	0.17503907566809943	0.17265138117443296	0.17265138117443296	0.18372304565274608	0.06687051827019554	0.17265138117443296	0.05779604702639133	0.13062464685719663	0.15919200203195688	0.1787702807435234	0.17265138117443296	0.16107849004324787	0.11197640043800944	0.08434592903849834	0.17680797110889065	0.17265138117443296	0.17635880076623103	0.17265138117443296	0.17265138117443296	0.17265138117443296	0.12497362856301254	0.12227442350345849	0.16665468763152128	0.17020368222059448	0.17265138117443296	0.14344174425091727	0.17265138117443296	0.1142204073723602	0.16220052696681167	0.1654737139989912	0.17265138117443296	1.0	0.05392798490222714	0.18131116581430537	0.17952289795913465	0.17265138117443296
union	0.04829186545209381	0.05283412209849758	0.04829186545209381	0.04829186545209381	0.05308708703205652	0.06586116444851176	0.04829186545209381	0.09084597461095499	0.05541886546623733	0.05510424890522229	0.04857416898767566	0.04829186545209381	0.05041696441888813	0.05995201201426398	0.06312941138676634	0.048518314111397766	0.04829186545209381	0.04871529056987353	0.04829186545209381	0.04829186545209381	0.04829186545209381	0.06014262804476612	0.05585248727524363	0.05229748986632708	0.051122365961766246	0.04829186545209381	0.05716131136883595	0.04829186545209381	0.05554101862580015	0.05186636507696706	0.054046098593976744	0.04829186545209381	0.05392798490222714	1.0	0.052412573567659285	0.04861432323439003	0.04829186545209381
vi	0.15917207591065047	0.17810009030940663	0.15917207591065047	0.15917207591065047	0.14723605264217204	0.062390126036317106	0.15917207591065047	0.055694824650092144	0.12864537282785263	0.1416086219489684	0.16119772655829162	0.15917207591065047	0.14829393922990455	0.09816732282287695	0.07821350308770894	0.16088464348979245	0.15917207591065047	0.1631478511900778	0.15917207591065047	0.15917207591065047	0.15917207591065047	0.11874984866827176	0.12108685972379589	0.1565777356812745	0.1814377174356563	0.15917207591065047	0.13076830041581997	0.15917207591065047	0.11149784457128002	0.14389816013281406	0.1400455491968722	0.15917207591065047	0.18131116581430537	0.052412573567659285	1.0	0.16299593978097188	0.15917207591065047
war	0.603399525251708	0.17241230126600668	0.603399525251708	0.603399525251708	0.1914015138817569	0.05944900524053735	0.603399525251708	0.05413700701606186	0.11612670806045998	0.1548022364855144	0.5692663772914498	0.603399525251708	0.17515289964410202	0.08863797524095252	0.07556377572727181	0.6092348406628357	0.603399525251708	0.45307372976062293	0.603399525251708	0.603399525251708	0.603399525251708	0.10913639326268204	0.10415459908980383	0.1695466123764375	0.19701187430440603	0.603399525251708	0.11507586704454037	0.603399525251708	0.10871563189812457	0.18281489249810706	0.14699081730733107	0.603399525251708	0.17952289795913465	0.04861432323439003	0.16299593978097188	1.0	0.603399525251708
zh	1.0	0.16734301135929747	1.0	1.0	0.1820338665388678	0.058718300053928425	1.0	0.053846027324521706	0.11464585852834698	0.15182930008714368	0.6197923089648248	1.0	0.17204735120476133	0.08683562260413592	0.07487852113571129	0.6824873346220893	1.0	0.49739182957231065	1.0	1.0	1.0	0.10727825923018487	0.1027842685271206	0.1647765952563491	0.194927392411348	1.0	0.11268150194871508	1.0	0.10679071873858301	0.17844669095166688	0.1429484914929895	1.0	0.17265138117443296	0.04829186545209381	0.15917207591065047	0.603399525251708	1.0
