arz	bs	ceb	ckb	da	de	el	en	es	fr	he	hi	hu	id	it	ja	ko	lv	mk	ml	mr	nl	pl	pt	ro	ru	sh	si	simple	sr	sv	te	tr	vi	war	zh
arz	1.0	0.8497839988449933	0.9057741106933284	1.0	0.8609801387523034	0.8579776756514054	1.0	0.7942633821542445	0.850647610027284	0.7179700825045284	1.0	1.0	0.5575600402682895	0.783898144665771	0.9245471784492588	1.0	1.0	0.6957296977744839	1.0	1.0	1.0	0.9427142271269596	0.8458671906203856	0.5692586312837216	0.8352450161280225	1.0	0.34563499435736983	1.0	0.9245471784492588	1.0	0.8743007855971707	1.0	1.0	0.8893432276488195	1.0	0.6348382331299639
bs	0.8497839988449933	1.0	0.7618191016025787	0.8414723489438524	0.7647767137382646	0.728102220268505	0.8414723489438524	0.6325278988309473	0.6531511543315085	0.6388581397167902	0.8414723489438524	0.8442034984050834	0.43715018040169107	0.7322001417451361	0.8083686289306996	0.8414723489438524	0.8414723489438521	0.563403612397353	0.8414723489438521	0.8414723489438524	0.8414723489438524	0.7990853412879743	0.7672826530632663	0.3302772060620139	0.7666471604247728	0.8414723489438524	0.32830993331215846	0.8943251950479892	0.8046941725785339	0.8414723489438524	0.6721787899082319	0.8591941372675542	0.4175235286920407	0.6789987419548973	0.4360467735665342	0.2492585394924095
ceb	0.9057741106933284	0.7618191016025787	1.0	0.798633630331871	0.7424359196775357	0.7085609508729883	0.7943666365530849	0.6207824378622305	0.6434025896722065	0.62954747179386	0.7976352312613781	0.800277528576243	0.43482298454233514	0.7077547343531545	0.7748763104349196	0.7943666365530849	0.7943666365530849	0.5581404504823735	0.798633630331871	0.7986336303318711	0.7986336303318711	0.7709102135881678	0.7335409481661483	0.32706017613292215	0.7393369848158734	0.7943666365530849	0.32943568810536056	0.8495337437674971	0.7683087814008998	0.7976352312613781	0.6636231612260692	0.8140651456497681	-1.0	0.6632220479432533	0.44564102856960125	0.2490754483339541
ckb	1.0	0.8414723489438524	0.798633630331871	1.0	0.8067109827443413	0.7581998806653586	1.0	0.6472645162531473	0.6715984942706384	0.6533348891724898	1.0	1.0	0.4398626065737752	0.7623765473189409	0.874107019863525	1.0	1.0	0.5711418418876849	1.0	1.0	1.0	0.8573604768703074	0.8009506082419278	0.3316066708526604	0.8050552244958178	1.0	0.32881648620745935	1.0	0.8605835868436736	1.0	0.6958113699327169	1.0	0.7863954451402115	0.6987235254473972	0.4389410670401363	0.24965891145542024
da	0.8609801387523034	0.7647767137382646	0.7424359196775357	0.8067109827443413	1.0	0.7105899209257104	0.8056840195796753	0.6244910453494699	0.64344609820781	0.6320682798112286	0.8056840195796753	0.8083089831507723	0.435700328951552	0.7174868057445678	0.7810665220025489	0.8056840195796753	0.8056840195796753	0.5614279002489286	0.8067109827443413	0.8067109827443413	0.8067109827443413	0.772197699943703	0.7416675472488355	0.33051502669943	0.7449331333589382	0.8056840195796753	0.32697801554362965	0.8429562467003195	0.7763871726042902	0.8056840195796753	0.668941764605747	0.8188927746570971	0.39536973477763493	0.6704007145972002	0.435523181490547	0.24908406127770927
de	0.8579776756514054	0.728102220268505	0.7085609508729883	0.7581998806653586	0.7105899209257104	1.0	0.7531183866817651	0.5994449732147086	0.6229588928159627	0.6138861897117185	0.7579291736505772	0.7580538568640481	0.42391527915315114	0.6857102510806533	0.7391891025339902	0.7546764185904357	0.7525708718174581	0.5529058706666632	0.7581998806653586	0.7581998806653586	0.7581998806653586	0.7365650374710763	0.7079285137809067	0.3257394748837354	0.7153182294259436	0.7540977591570218	0.3271438999275038	0.8259113458053452	0.7355670413689879	0.7579291736505772	0.6436990008264979	0.7716328208732822	0.37029404379092057	0.6418312294946337	0.4312507151530834	0.2441266111803123
el	1.0	0.8414723489438524	0.7943666365530849	1.0	0.8056840195796753	0.7531183866817651	1.0	0.6384333098975936	0.6625331515973095	0.6493578384047514	1.0	1.0	0.43446502307484913	0.7543391151798423	0.8745022232281576	1.0	1.0	0.5711418418876849	1.0	1.0	1.0	0.8575390941072267	0.7958170778513768	0.3291096025712836	0.8035410071122303	1.0	0.32881648620745935	1.0	0.8601555199392154	1.0	0.6920071652794512	1.0	0.7106922308883379	0.6926297548397174	0.4389410670401363	0.24543074413332752
en	0.7942633821542445	0.6325278988309473	0.6207824378622305	0.6472645162531473	0.6244910453494699	0.5994449732147086	0.6384333098975936	1.0	0.5669524252570486	0.5411317492606866	0.6465379004328868	0.6494523847223668	0.41094519303944804	0.6024709644830021	0.6403115200201874	0.6425504844045538	0.6292426909310745	0.5202966841119361	0.6472645162531473	0.6472645162531472	0.6472645162531472	0.6363095613584281	0.6208284629733237	0.32283256330043736	0.6219361174149025	0.6427189576403344	0.32147025578133	0.7243978380557798	0.6377369627672336	0.6465379004328868	0.5758027798507186	0.6709439019181721	0.31272876386933585	0.5837980017282239	0.41604759475898573	0.23960582170768344
es	0.850647610027284	0.6531511543315085	0.6434025896722065	0.6715984942706384	0.64344609820781	0.6229588928159627	0.6625331515973095	0.5669524252570486	1.0	0.5733514180847198	0.6690820075211122	0.672170207346865	0.41558486909729875	0.6199401234240426	0.6583353537973787	0.6668770824909647	0.6612468846576262	0.5297243439612005	0.6715984942706384	0.6715984942706384	0.6715984942706384	0.6568386728330704	0.6441209695436809	0.3223846992513597	0.6450706681535731	0.6657791450759579	0.3226048424818972	0.7420787490009485	0.6549507847557028	0.6690820075211122	0.5909116115267646	0.681745272986834	0.40062733870597533	0.6033001860632452	0.42442164419201234	0.24289322895506868
fr	0.7179700825045284	0.6388581397167902	0.62954747179386	0.6533348891724898	0.6320682798112286	0.6138861897117185	0.6493578384047514	0.5411317492606866	0.5733514180847198	1.0	0.6509313233443499	0.6536532262000319	0.40752840357260994	0.6126062820804342	0.6437973206205856	0.6491555237945471	0.6435650525855339	0.5209156045710617	0.6533348891724898	0.6533348891724898	0.6533348891724898	0.6454016739878153	0.6251591642797385	0.3228763847575213	0.627064892281609	0.6498612433623603	0.32172946630566573	0.6913461561296144	0.6401227413814045	0.6509313233443499	0.5818288057033001	0.6683318178968924	0.3737252575456072	0.5900136555549126	0.4237271442772845	0.23899608694801122
he	1.0	0.8414723489438524	0.7976352312613781	1.0	0.8056840195796753	0.7579291736505772	1.0	0.6465379004328868	0.6690820075211122	0.6509313233443499	1.0	1.0	0.4396032663051463	0.7611934558854164	0.8745022232281576	1.0	1.0	0.5711418418876849	1.0	1.0	1.0	0.8573604768703074	0.798802634055577	0.3319051923392031	0.804457171488369	1.0	0.32881648620745935	1.0	0.8608286830684201	1.0	0.6949959240271896	1.0	0.6060115420337374	0.6976910665272164	0.4389410670401363	0.24981735347236883
hi	1.0	0.8442034984050834	0.800277528576243	1.0	0.8083089831507723	0.7580538568640481	1.0	0.6494523847223668	0.672170207346865	0.6536532262000319	1.0	1.0	0.44488999635287196	0.7629798962368577	0.8761768756387145	1.0	1.0	0.5723854054492297	1.0	1.0	1.0	0.8583660574319827	0.8008491289882524	0.3295734407563881	0.806545770729474	1.0	0.32766511499094697	1.0	0.8614430251980066	1.0	0.6971340075167236	1.0	0.6391906500312813	0.6998560909477072	0.4394986130305232	0.250219714197199
hu	0.5575600402682895	0.43715018040169107	0.43482298454233514	0.4398626065737752	0.435700328951552	0.42391527915315114	0.43446502307484913	0.41094519303944804	0.41558486909729875	0.40752840357260994	0.4396032663051463	0.44488999635287196	1.0	0.42520294408028125	0.4384586635694224	0.43774217489472667	0.43123536096221704	0.40077629088511135	0.4398626065737752	0.4398626065737752	0.4398626065737752	0.4356938325803637	0.43166731585002194	0.29113521500247774	0.43343085468095055	0.43684374527183445	0.29553726995214546	0.5147843821528727	0.4360650039753283	0.4396032663051463	0.41712295969025853	0.46733302113361724	0.6467936504043927	0.4222980198405739	0.3540237348586703	0.23216998761414095
id	0.783898144665771	0.7322001417451361	0.7077547343531545	0.7623765473189409	0.7174868057445678	0.6857102510806533	0.7543391151798423	0.6024709644830021	0.6199401234240426	0.6126062820804342	0.7611934558854164	0.7629798962368577	0.42520294408028125	1.0	0.7459001670267688	0.7568729282787839	0.7526139878443966	0.5497732811451286	0.7623765473189409	0.7623765473189409	0.7623765473189409	0.7363200337547161	0.712023836912728	0.3251954116859372	0.7136807049975094	0.7551173320288145	0.328090455952741	0.8278018079377264	0.7378852025935067	0.7611934558854164	0.6411673758890313	0.7716118871754761	0.40022336867566477	0.6465330057265808	0.42904621586981734	0.2436033947015178
it	0.9245471784492588	0.8083686289306996	0.7748763104349196	0.874107019863525	0.7810665220025489	0.7391891025339902	0.8745022232281576	0.6403115200201874	0.6583353537973787	0.6437973206205856	0.8745022232281576	0.8761768756387145	0.4384586635694224	0.7459001670267688	1.0	0.8734507210264977	0.8734507210264978	0.5667566860120073	0.874107019863525	0.874107019863525	0.874107019863525	0.81997547747305	0.7746190463479118	0.33143580787255755	0.7787241285715819	0.8745022232281576	0.3293361159384933	0.9172878729265289	0.81914125377369	0.8745022232281576	0.6824584933732317	0.8801286239893897	0.3429325186285641	0.6847564175930307	0.4382668980898616	0.24892109601681495
ja	1.0	0.8414723489438524	0.7943666365530849	1.0	0.8056840195796753	0.7546764185904357	1.0	0.6425504844045538	0.6668770824909647	0.6491555237945471	1.0	1.0	0.43774217489472667	0.7568729282787839	0.8734507210264977	1.0	1.0	0.5711418418876849	1.0	1.0	1.0	0.8575390941072267	0.7958170778513768	0.3291096025712836	0.8040904989840548	1.0	0.32881648620745935	1.0	0.8601555199392154	1.0	0.6939959169889035	1.0	0.5232974132126846	0.6926297548397174	0.4389410670401363	0.2425411512827135
ko	1.0	0.8414723489438521	0.7943666365530849	1.0	0.8056840195796753	0.7525708718174581	1.0	0.6292426909310745	0.6612468846576262	0.6435650525855339	1.0	1.0	0.43123536096221704	0.7526139878443966	0.8734507210264978	1.0	1.0	0.5711418418876849	1.0	1.0	1.0	0.8575390941072267	0.7958170778513768	0.32849799355292075	0.8035410071122303	1.0	0.32881648620745935	1.0	0.8601555199392154	1.0	0.6863622117435839	1.0	0.5329939688353594	0.6926297548397174	0.4389410670401363	0.24502582745510487
lv	0.6957296977744839	0.563403612397353	0.5581404504823735	0.5711418418876849	0.5614279002489286	0.5529058706666632	0.5711418418876849	0.5202966841119361	0.5297243439612005	0.5209156045710617	0.5711418418876849	0.5723854054492297	0.40077629088511135	0.5497732811451286	0.5667566860120073	0.5711418418876849	0.5711418418876849	1.0	0.5711418418876849	0.5711418418876849	0.5711418418876849	0.5658621054321681	0.5603973301558222	0.31921881316357537	0.5584235385815663	0.5711418418876849	0.31671307183307	0.6573927562306465	0.5654775848420619	0.5711418418876849	0.5373163219606103	0.5889959715689335	0.5455952347331084	0.5352867925142013	0.40447196181587614	0.24467018653323555
mk	1.0	0.8414723489438521	0.798633630331871	1.0	0.8067109827443413	0.7581998806653586	1.0	0.6472645162531473	0.6715984942706384	0.6533348891724898	1.0	1.0	0.4398626065737752	0.7623765473189409	0.874107019863525	1.0	1.0	0.5711418418876849	1.0	1.0	1.0	0.8573604768703074	0.8009506082419278	0.3316066708526604	0.8050552244958178	1.0	0.32881648620745935	1.0	0.8605835868436736	1.0	0.6958113699327169	1.0	0.6467936504043929	0.6987235254473972	0.4389410670401363	0.24965891145542024
ml	1.0	0.8414723489438524	0.7986336303318711	1.0	0.8067109827443413	0.7581998806653586	1.0	0.6472645162531472	0.6715984942706384	0.6533348891724898	1.0	1.0	0.4398626065737752	0.7623765473189409	0.874107019863525	1.0	1.0	0.5711418418876849	1.0	1.0	1.0	0.8573604768703074	0.8009506082419278	0.3316066708526604	0.8050552244958178	1.0	0.32881648620745935	1.0	0.8605835868436734	1.0	0.6958113699327169	1.0	0.6131109307903289	0.6987235254473972	0.4389410670401363	0.24965891145542024
mr	1.0	0.8414723489438524	0.7986336303318711	1.0	0.8067109827443413	0.7581998806653586	1.0	0.6472645162531472	0.6715984942706384	0.6533348891724898	1.0	1.0	0.4398626065737752	0.7623765473189409	0.874107019863525	1.0	1.0	0.5711418418876849	1.0	1.0	1.0	0.8573604768703074	0.8009506082419278	0.3316066708526604	0.8050552244958178	1.0	0.32881648620745935	1.0	0.8605835868436734	1.0	0.6958113699327169	1.0	0.8216064286890065	0.6987235254473972	0.4389410670401363	0.24965891145542024
nl	0.9427142271269596	0.7990853412879743	0.7709102135881678	0.8573604768703074	0.772197699943703	0.7365650374710763	0.8575390941072267	0.6363095613584281	0.6568386728330704	0.6454016739878153	0.8573604768703074	0.8583660574319827	0.4356938325803637	0.7363200337547161	0.81997547747305	0.8575390941072267	0.8575390941072267	0.5658621054321681	0.8573604768703074	0.8573604768703074	0.8573604768703074	1.0	0.7718571308154849	0.3300605858227066	0.7737195354938817	0.8575390941072267	0.3276431179190876	0.9003562381827589	0.8098007404975317	0.8573604768703074	0.683127118234651	0.8642160770156998	0.34172784638091525	0.6824045730218515	0.43553291215794343	0.2477020361078435
pl	0.8458671906203856	0.7672826530632663	0.7335409481661483	0.8009506082419278	0.7416675472488355	0.7079285137809067	0.7958170778513768	0.6208284629733237	0.6441209695436809	0.6251591642797385	0.798802634055577	0.8008491289882524	0.43166731585002194	0.712023836912728	0.7746190463479118	0.7958170778513768	0.7958170778513768	0.5603973301558222	0.8009506082419278	0.8009506082419278	0.8009506082419278	0.7718571308154849	1.0	0.3293172064282524	0.7419057710557031	0.7958170778513768	0.32698666901055484	0.8625087031082875	0.7692534592946562	0.798802634055577	0.6645262899211838	0.8118447523447779	0.3972927525163924	0.663478962752733	0.43408518450088307	0.24592441399613899
pt	0.5692586312837216	0.3302772060620139	0.32706017613292215	0.3316066708526604	0.33051502669943	0.3257394748837354	0.3291096025712836	0.32283256330043736	0.3223846992513597	0.3228763847575213	0.3319051923392031	0.3295734407563881	0.29113521500247774	0.3251954116859372	0.33143580787255755	0.3291096025712836	0.32849799355292075	0.31921881316357537	0.3316066708526604	0.3316066708526604	0.3316066708526604	0.3300605858227066	0.3293172064282524	1.0	0.33006165843868496	0.3291096025712836	0.25914543619193764	0.36895727831531344	0.3301730072534666	0.3319051923392031	0.3256887509782647	0.3432257663709677	0.39830077312094253	0.3255029658456528	0.3002817658870507	0.21680122821776412
ro	0.8352450161280225	0.7666471604247728	0.7393369848158734	0.8050552244958178	0.7449331333589382	0.7153182294259436	0.8035410071122303	0.6219361174149025	0.6450706681535731	0.627064892281609	0.804457171488369	0.806545770729474	0.43343085468095055	0.7136807049975094	0.7787241285715819	0.8040904989840548	0.8035410071122303	0.5584235385815663	0.8050552244958178	0.8050552244958178	0.8050552244958178	0.7737195354938817	0.7419057710557031	0.33006165843868496	1.0	0.8035410071122303	0.3266687190571398	0.8362072935435778	0.7712770087092797	0.804457171488369	0.6693088604335308	0.8146881954078751	0.5654457029110013	0.670358461389667	0.43544234055626013	0.24734655093025879
ru	1.0	0.8414723489438524	0.7943666365530849	1.0	0.8056840195796753	0.7540977591570218	1.0	0.6427189576403344	0.6657791450759579	0.6498612433623603	1.0	1.0	0.43684374527183445	0.7551173320288145	0.8745022232281576	1.0	1.0	0.5711418418876849	1.0	1.0	1.0	0.8575390941072267	0.7958170778513768	0.3291096025712836	0.8035410071122303	1.0	0.32881648620745935	1.0	0.8601555199392154	1.0	0.6932903710058169	1.0	0.4708347605282118	0.6926297548397174	0.4389410670401363	0.24543074413332752
sh	0.34563499435736983	0.32830993331215846	0.32943568810536056	0.32881648620745935	0.32697801554362965	0.3271438999275038	0.32881648620745935	0.32147025578133	0.3226048424818972	0.32172946630566573	0.32881648620745935	0.32766511499094697	0.29553726995214546	0.328090455952741	0.3293361159384933	0.32881648620745935	0.32881648620745935	0.31671307183307	0.32881648620745935	0.32881648620745935	0.32881648620745935	0.3276431179190876	0.32698666901055484	0.25914543619193764	0.3266687190571398	0.32881648620745935	1.0	0.412833975707499	0.3280512281593131	0.32881648620745935	0.3227990300138367	0.3477704747337655	0.5254895798421133	0.3243944169178156	0.29420647121182536	0.21236258300914157
si	1.0	0.8943251950479892	0.8495337437674971	1.0	0.8429562467003195	0.8259113458053452	1.0	0.7243978380557798	0.7420787490009485	0.6913461561296144	1.0	1.0	0.5147843821528727	0.8278018079377264	0.9172878729265289	1.0	1.0	0.6573927562306465	1.0	1.0	1.0	0.9003562381827589	0.8625087031082875	0.36895727831531344	0.8362072935435778	1.0	0.412833975707499	1.0	0.9113617407083465	1.0	0.754721097038107	1.0	1.0	0.7728889387966764	0.7111374370280843	0.23736196772251658
simple	0.9245471784492588	0.8046941725785339	0.7683087814008998	0.8605835868436736	0.7763871726042902	0.7355670413689879	0.8601555199392154	0.6377369627672336	0.6549507847557028	0.6401227413814045	0.8608286830684201	0.8614430251980066	0.4360650039753283	0.7378852025935067	0.81914125377369	0.8601555199392154	0.8601555199392154	0.5654775848420619	0.8605835868436736	0.8605835868436734	0.8605835868436734	0.8098007404975317	0.7692534592946562	0.3301730072534666	0.7712770087092797	0.8601555199392154	0.3280512281593131	0.9113617407083465	1.0	0.8608286830684201	0.6827570711342926	0.8757047017123663	0.30945223525798865	0.6825060626504006	0.4358553577956389	0.2485647624005849
sr	1.0	0.8414723489438524	0.7976352312613781	1.0	0.8056840195796753	0.7579291736505772	1.0	0.6465379004328868	0.6690820075211122	0.6509313233443499	1.0	1.0	0.4396032663051463	0.7611934558854164	0.8745022232281576	1.0	1.0	0.5711418418876849	1.0	1.0	1.0	0.8573604768703074	0.798802634055577	0.3319051923392031	0.804457171488369	1.0	0.32881648620745935	1.0	0.8608286830684201	1.0	0.6949959240271896	1.0	0.556062908662472	0.6976910665272164	0.4389410670401363	0.24981735347236883
sv	0.8743007855971707	0.6721787899082319	0.6636231612260692	0.6958113699327169	0.668941764605747	0.6436990008264979	0.6920071652794512	0.5758027798507186	0.5909116115267646	0.5818288057033001	0.6949959240271896	0.6971340075167236	0.41712295969025853	0.6411673758890313	0.6824584933732317	0.6939959169889035	0.6863622117435839	0.5373163219606103	0.6958113699327169	0.6958113699327169	0.6958113699327169	0.683127118234651	0.6645262899211838	0.3256887509782647	0.6693088604335308	0.6932903710058169	0.3227990300138367	0.754721097038107	0.6827570711342926	0.6949959240271896	1.0	0.7138279740765442	0.530772323895525	0.616499789702254	0.4211710902123068	0.24246421887621514
te	1.0	0.8591941372675542	0.8140651456497681	1.0	0.8188927746570971	0.7716328208732822	1.0	0.6709439019181721	0.681745272986834	0.6683318178968924	1.0	1.0	0.46733302113361724	0.7716118871754761	0.8801286239893897	1.0	1.0	0.5889959715689335	1.0	1.0	1.0	0.8642160770156998	0.8118447523447779	0.3432257663709677	0.8146881954078751	1.0	0.3477704747337655	1.0	0.8757047017123663	1.0	0.7138279740765442	1.0	0.7510341748895939	0.7144548557575864	0.5385772232863721	0.26817217795253
tr	1.0	0.4175235286920407	-1.0	0.7863954451402115	0.39536973477763493	0.37029404379092057	0.7106922308883379	0.31272876386933585	0.40062733870597533	0.3737252575456072	0.6060115420337374	0.6391906500312813	0.6467936504043927	0.40022336867566477	0.3429325186285641	0.5232974132126846	0.5329939688353594	0.5455952347331084	0.6467936504043929	0.6131109307903289	0.8216064286890065	0.34172784638091525	0.3972927525163924	0.39830077312094253	0.5654457029110013	0.4708347605282118	0.5254895798421133	1.0	0.30945223525798865	0.556062908662472	0.530772323895525	0.7510341748895939	1.0	0.5120883264810242	1.0	0.47492836355583223
vi	0.8893432276488195	0.6789987419548973	0.6632220479432533	0.6987235254473972	0.6704007145972002	0.6418312294946337	0.6926297548397174	0.5837980017282239	0.6033001860632452	0.5900136555549126	0.6976910665272164	0.6998560909477072	0.4222980198405739	0.6465330057265808	0.6847564175930307	0.6926297548397174	0.6926297548397174	0.5352867925142013	0.6987235254473972	0.6987235254473972	0.6987235254473972	0.6824045730218515	0.663478962752733	0.3255029658456528	0.670358461389667	0.6926297548397174	0.3243944169178156	0.7728889387966764	0.6825060626504006	0.6976910665272164	0.616499789702254	0.7144548557575864	0.5120883264810242	1.0	0.4305286829875079	0.24390208774756025
war	1.0	0.4360467735665342	0.44564102856960125	0.4389410670401363	0.435523181490547	0.4312507151530834	0.4389410670401363	0.41604759475898573	0.42442164419201234	0.4237271442772845	0.4389410670401363	0.4394986130305232	0.3540237348586703	0.42904621586981734	0.4382668980898616	0.4389410670401363	0.4389410670401363	0.40447196181587614	0.4389410670401363	0.4389410670401363	0.4389410670401363	0.43553291215794343	0.43408518450088307	0.3002817658870507	0.43544234055626013	0.4389410670401363	0.29420647121182536	0.7111374370280843	0.4358553577956389	0.4389410670401363	0.4211710902123068	0.5385772232863721	1.0	0.4305286829875079	1.0	0.2380379126800637
zh	0.6348382331299639	0.2492585394924095	0.2490754483339541	0.24965891145542024	0.24908406127770927	0.2441266111803123	0.24543074413332752	0.23960582170768344	0.24289322895506868	0.23899608694801122	0.24981735347236883	0.250219714197199	0.23216998761414095	0.2436033947015178	0.24892109601681495	0.2425411512827135	0.24502582745510487	0.24467018653323555	0.24965891145542024	0.24965891145542024	0.24965891145542024	0.2477020361078435	0.24592441399613899	0.21680122821776412	0.24734655093025879	0.24543074413332752	0.21236258300914157	0.23736196772251658	0.2485647624005849	0.24981735347236883	0.24246421887621514	0.26817217795253	0.47492836355583223	0.24390208774756025	0.2380379126800637	1.0
