arz	bs	ceb	ckb	da	de	el	en	es	fr	he	hi	hu	id	it	ja	ko	lv	mk	ml	mr	nl	pl	pt	ro	ru	sh	si	simple	sr	sv	te	tr	vi	war	zh
arz	1.0	0.9999999999999998	1.0	1.0	0.9256988187823161	0.9568397687426557	1.0	0.9272617514098446	0.9270338025239274	0.9256988187823161	1.0	1.0	0.9402290799204795	0.9999999999999998	0.9404311881677357	1.0	1.0	0.9318591866572933	1.0	1.0	1.0	0.9315934470922943	0.9999999999999998	0.9402290799204795	0.9303230394283418	1.0	0.7282547277407031	1.0	0.9404311881677355	1.0	0.9315934470922943	1.0	0.8065236361173428	0.9999999999999998	0.7376607345031153	1.0
bs	0.9999999999999998	1.0	0.43457996147428934	0.9999999999999483	0.9819325536710619	0.9827466914514732	0.9999999999999483	0.980370354463622	0.9793629580048899	0.9792196803754786	0.9999999999999483	0.9999999999999494	0.9803668975722009	0.9963664283937641	0.9836932521218037	0.9999999999999483	0.999999999999948	0.9787207763918112	0.999999999999948	0.9999999999999483	0.9999999999999483	0.9825315506848766	0.9999999999999964	0.9860411232444839	0.9746919376147053	0.9999999999999483	0.17035788781968642	0.99999999999999	0.9813978286400454	0.9999999999999483	0.9821247582240366	0.9999999999999494	0.33965370232138237	0.9923295298690153	0.5628656923931218	0.999999999999948
ceb	1.0	0.43457996147428934	1.0	0.43457996147429045	0.43294236689488313	0.4225054403888668	0.26974215793929557	0.42238280278448614	0.3880970819915575	0.2698824645678705	0.3643155409910632	0.4345889889376843	0.3078818873052113	0.4273025714328707	0.3642475741491614	0.26974215793929557	0.26974215793929557	0.43489253146887885	0.43457996147429045	0.43457996147429045	0.43457996147429045	0.42728706452265286	0.2697421579392964	0.31006405099330986	0.36710199291746554	0.26974215793929557	0.16958368613808864	0.43593091745196166	0.4295805473886238	0.3643155409910632	0.41356066298739763	0.36072934736770595	0.30243396078838053	0.3901732549440148	0.38676956889144304	0.2697421579392956
ckb	1.0	0.9999999999999483	0.43457996147429045	1.0	0.9819325536710474	0.9827466914514569	1.0	0.9803703544636094	0.9793629580048786	0.9792196803754677	1.0	1.0	0.9803668975721958	0.9963664283937634	0.983693252121786	1.0	1.0	0.9787207763918025	1.0	1.0	1.0	0.9825315506848605	0.9999999999999489	0.9860411232444811	0.9746919376146963	1.0	0.17035788781968678	1.0	0.9813978286400251	1.0	0.9821247582240216	1.0	0.3396537023213833	0.9923295298690149	0.5628656923931225	1.0
da	0.9256988187823161	0.9819325536710619	0.43294236689488313	0.9819325536710474	1.0	0.9080521841887507	0.5817549785829056	0.9286334281971836	0.8683443921457257	0.5819910434013009	0.5817549785829056	0.9817517257643865	0.5823985500945651	0.9033388060061872	0.5817536870422441	0.5817549785829056	0.5817549785829056	0.9788683155346142	0.9819325536710474	0.9819325536710474	0.9819325536710474	0.9869662384441595	0.5817549785829055	0.6086032113439757	0.5943504658191362	0.5817549785829056	0.17030629903701336	0.9623281164741624	0.8816709757102922	0.5817549785829056	0.9461654783162796	0.5835129117956211	0.33955837217404455	0.8379337505739138	0.5634287116487284	0.5817549785829056
de	0.9568397687426557	0.9827466914514732	0.4225054403888668	0.9827466914514569	0.9080521841887507	1.0	0.2596006483129882	0.6914303615495455	0.5390948115810608	0.24560544787935829	0.46271677710285397	0.9825833194694533	0.2724791073786285	0.7175352218378807	0.4626754664405408	0.31365842787414444	0.2454746913963859	0.9783926348996941	0.9827466914514569	0.9827466914514569	0.9827466914514571	0.7745274489179748	0.3136584278741445	0.3738318591413096	0.4717282943678632	0.28757126927511417	0.1702992441147848	0.9675004992067211	0.8604661936931276	0.46271677710285397	0.7268092082539891	0.44869941270367764	0.339493199252937	0.5857354683322834	0.5628083339216213	0.31365842787414444
el	1.0	0.9999999999999483	0.26974215793929557	1.0	0.5817549785829056	0.2596006483129882	1.0	0.24930862146228389	0.325544490672185	0.9803827218376373	1.0	1.0	0.40381078855742714	0.24968462747435938	0.9838301976894919	1.0	1.0	0.9787207763918025	1.0	1.0	1.0	0.5298360738115037	0.9999999999999678	0.8406124992939024	0.48827881158191005	1.0	0.17035788781968678	1.0	0.3619956621865111	1.0	0.2810672933329959	1.0	0.3396537023213833	0.4263642421468075	0.5628656923931225	0.9999999999999967
en	0.9272617514098446	0.980370354463622	0.42238280278448614	0.9803703544636094	0.9286334281971836	0.6914303615495455	0.24930862146228389	1.0	0.4514413477053922	0.17129633015841356	0.4870092650631098	0.9802949021089328	0.25192753236245213	0.7385378468570043	0.48644668777187394	0.2818365780905083	0.17454900804623602	0.9768846509336861	0.9803703544636094	0.9803703544636094	0.9803703544636094	0.7743241739326368	0.3135142787337826	0.3555185022094217	0.4941044596863394	0.28183657809050827	0.1702984142428703	0.9593381507993428	0.8159846766621434	0.4870092650631098	0.4696031935908433	0.49082924496269814	0.33944801073550096	0.5906500182242564	0.5630076958533621	0.2818365780905083
es	0.9270338025239274	0.9793629580048899	0.3880970819915575	0.9793629580048786	0.8683443921457257	0.5390948115810608	0.325544490672185	0.4514413477053922	1.0	0.2933915294164729	0.5463715507288041	0.9791517925257756	0.3356240327542282	0.46113926516856135	0.5463346380449038	0.3892468004553672	0.2931829074862669	0.9721134709015526	0.9793629580048795	0.9793629580048795	0.9793629580048788	0.719624272672	0.38924680045536764	0.46599629477838117	0.549540465364677	0.3594838102548463	0.170439146464317	0.9593381507993428	0.6225077452772528	0.5463715507288041	0.6032990794071439	0.5480544478508739	0.3395300073425442	0.8192213540060698	0.5630770889045491	0.3892468004553675
fr	0.9256988187823161	0.9792196803754786	0.2698824645678705	0.9792196803754677	0.5819910434013009	0.24560544787935829	0.9803827218376373	0.17129633015841356	0.2933915294164729	1.0	0.9794248117909876	0.9790783590644224	0.37827391053943443	0.2202539074241373	0.5211284253298384	0.6661703159040012	0.5234975097774826	0.9768619018305461	0.9792196803754677	0.9792196803754677	0.9792196803754677	0.5299954276406146	0.9799173957612294	0.8411686383024021	0.4885171859223038	0.9801066835636563	0.17034103598522676	0.960786055975723	0.3621629358128609	0.9794248117909876	0.21813669025900304	0.977235996976285	0.3394635273495237	0.4266530595728003	0.563397910703304	0.6661703159040012
he	1.0	0.9999999999999483	0.3643155409910632	1.0	0.5817549785829056	0.46271677710285397	1.0	0.4870092650631098	0.5463715507288041	0.9794248117909876	1.0	1.0	0.9803765254556881	0.46280874687657747	0.9838301976894919	1.0	1.0	0.9787207763918025	1.0	1.0	1.0	0.9825315506848605	0.9999999999999747	0.8930205071392979	0.9345432837556037	1.0	0.17035788781968675	1.0	0.4452147868037512	1.0	0.4963174144822028	1.0	0.3396537023213833	0.5662889663508467	0.5628656923931225	0.9999999999999989
hi	1.0	0.9999999999999494	0.4345889889376843	1.0	0.9817517257643865	0.9825833194694533	1.0	0.9802949021089328	0.9791517925257756	0.9790783590644224	1.0	1.0	0.9802363686391133	0.9963040515725105	0.9835527339565298	1.0	1.0	0.9785406062375768	1.0	1.0	1.0	0.982363352941514	0.9999999999999571	0.9861818723865452	0.9745168503790513	1.0	0.17203658898335708	1.0	0.9812068669006443	1.0	0.9819478469620703	1.0	0.3438787838831776	0.9922465073932156	0.5632306794637828	1.0
hu	0.9402290799204795	0.9803668975722009	0.3078818873052113	0.9803668975721958	0.5823985500945651	0.2724791073786285	0.40381078855742714	0.25192753236245213	0.3356240327542282	0.37827391053943443	0.9803765254556881	0.9802363686391133	1.0	0.27671218101863393	0.9788924867945884	0.5739169796274937	0.37823009644034106	0.9789034670238647	0.9803668975721958	0.9803668975721958	0.9803668975721958	0.5861537233081506	0.5739169796274946	0.6561559180680258	0.5243125817863156	0.48324162091293	0.1703342130739657	0.9616041430894543	0.373767248403236	0.9803765254556881	0.2838563513478761	0.9777966555144096	0.33978668967176107	0.49202591676132185	0.5629586978892289	0.5739169796274939
id	0.9999999999999998	0.9963664283937641	0.4273025714328707	0.9963664283937634	0.9033388060061872	0.7175352218378807	0.24968462747435938	0.7385378468570043	0.46113926516856135	0.2202539074241373	0.46280874687657747	0.9963040515725105	0.27671218101863393	1.0	0.4616737532662084	0.28229069937124907	0.22015303554966112	0.9787335381496328	0.9963664283937634	0.9963664283937634	0.9963664283937634	0.7685304127411714	0.2971251121949785	0.35786436817693895	0.4664584113432223	0.27018553699214093	0.17035911807077297	0.9863326189328819	0.8723569099453627	0.46280874687657747	0.5616547318778082	0.45447030949931044	0.33965748605535306	0.5387768996578118	0.5628798579627677	0.28229069937124907
it	0.9404311881677357	0.9836932521218037	0.3642475741491614	0.983693252121786	0.5817536870422441	0.4626754664405408	0.9838301976894919	0.48644668777187394	0.5463346380449038	0.5211284253298384	0.9838301976894919	0.9835527339565298	0.9788924867945884	0.4616737532662084	1.0	0.5209600848132108	0.5209600848132108	0.9791715508815523	0.983693252121786	0.983693252121786	0.983693252121786	0.9892108259425925	0.9838301976895001	0.8923250100519405	0.9356362188145163	0.9838301976894919	0.17030108498342691	0.9693683973928695	0.4451675893609403	0.9838301976894919	0.49199552600036767	0.9819103150215204	0.33952854700260365	0.5661803717569281	0.562701226218864	0.5209600848132107
ja	1.0	0.9999999999999483	0.26974215793929557	1.0	0.5817549785829056	0.31365842787414444	1.0	0.2818365780905083	0.3892468004553672	0.6661703159040012	1.0	1.0	0.5739169796274937	0.28229069937124907	0.5209600848132108	1.0	1.0	0.9787207763918025	1.0	1.0	1.0	0.5298360738115037	0.9999999999999654	0.8406124992939021	0.5741815359539919	1.0	0.17035788781968675	1.0	0.39933551762117053	1.0	0.3234962882984458	1.0	0.3396537023213833	0.4263642421468075	0.5628656923931225	0.9999999999999947
ko	1.0	0.999999999999948	0.26974215793929557	1.0	0.5817549785829056	0.2454746913963859	1.0	0.17454900804623602	0.2931829074862669	0.5234975097774826	1.0	1.0	0.37823009644034106	0.22015303554966112	0.5209600848132108	1.0	1.0	0.9787207763918025	1.0	1.0	1.0	0.5298360738115037	0.9999999999999654	0.8282968120564063	0.48827881158191005	1.0	0.17035788781968675	1.0	0.3619956621865111	1.0	0.2222257444421953	1.0	0.3396537023213833	0.4263642421468075	0.5628656923931225	0.9999999999999918
lv	0.9318591866572933	0.9787207763918112	0.43489253146887885	0.9787207763918025	0.9788683155346142	0.9783926348996941	0.9787207763918025	0.9768846509336861	0.9721134709015526	0.9768619018305461	0.9787207763918025	0.9785406062375768	0.9789034670238647	0.9787335381496328	0.9791715508815523	0.9787207763918025	0.9787207763918025	1.0	0.9787207763918025	0.9787207763918025	0.9787207763918033	0.9773628271133659	0.9787207763918108	0.9766549337268398	0.9695532931924314	0.9787207763918025	0.17032917036549453	0.9592890163345371	0.9780940758155788	0.9787207763918025	0.9775877397918153	0.9762233483716618	0.3395054456007564	0.9776784458388147	0.5630122890622199	0.9787207763918025
mk	1.0	0.999999999999948	0.43457996147429045	1.0	0.9819325536710474	0.9827466914514569	1.0	0.9803703544636094	0.9793629580048795	0.9792196803754677	1.0	1.0	0.9803668975721958	0.9963664283937634	0.983693252121786	1.0	1.0	0.9787207763918025	1.0	1.0	1.0	0.9825315506848605	0.9999999999999489	0.9860411232444811	0.9746919376146963	1.0	0.17035788781968675	1.0	0.9813978286400253	1.0	0.9821247582240213	1.0	0.3396537023213833	0.9923295298690149	0.5628656923931225	1.0
ml	1.0	0.9999999999999483	0.43457996147429045	1.0	0.9819325536710474	0.9827466914514569	1.0	0.9803703544636094	0.9793629580048795	0.9792196803754677	1.0	1.0	0.9803668975721958	0.9963664283937634	0.983693252121786	1.0	1.0	0.9787207763918025	1.0	1.0	1.0	0.9825315506848605	0.9999999999999489	0.9860411232444809	0.9746919376146954	1.0	0.17035788781968678	1.0	0.9813978286400311	1.0	0.9821247582240216	1.0	0.3396537023213833	0.9923295298690149	0.5628656923931225	1.0
mr	1.0	0.9999999999999483	0.43457996147429045	1.0	0.9819325536710474	0.9827466914514571	1.0	0.9803703544636094	0.9793629580048788	0.9792196803754677	1.0	1.0	0.9803668975721958	0.9963664283937634	0.983693252121786	1.0	1.0	0.9787207763918033	1.0	1.0	1.0	0.9825315506848605	0.9999999999999523	0.9860411232444809	0.9746919376146954	1.0	0.17035788781968678	1.0	0.9813978286400311	1.0	0.9821247582240216	1.0	0.3396537023213833	0.9923295298690147	0.5628656923931225	1.0
nl	0.9315934470922943	0.9825315506848766	0.42728706452265286	0.9825315506848605	0.9869662384441595	0.7745274489179748	0.5298360738115037	0.7743241739326368	0.719624272672	0.5299954276406146	0.9825315506848605	0.982363352941514	0.5861537233081506	0.7685304127411714	0.9892108259425925	0.5298360738115037	0.5298360738115037	0.9773628271133659	0.9825315506848605	0.9825315506848605	0.9825315506848605	1.0	0.5298360738115039	0.552002888884754	0.762440999811254	0.5298360738115037	0.17033606885565541	0.9693683973928693	0.983947831289809	0.9825315506848605	0.7675069391366411	0.980722060984804	0.33949296127682504	0.708949856916654	0.5629715588063474	0.5298360738115037
pl	0.9999999999999998	0.9999999999999964	0.2697421579392964	0.9999999999999489	0.5817549785829055	0.3136584278741445	0.9999999999999678	0.3135142787337826	0.38924680045536764	0.9799173957612294	0.9999999999999747	0.9999999999999571	0.5739169796274946	0.2971251121949785	0.9838301976895001	0.9999999999999654	0.9999999999999654	0.9787207763918108	0.9999999999999489	0.9999999999999489	0.9999999999999523	0.5298360738115039	1.0	0.8406124992939025	0.5741815359539906	0.9999999999999654	0.17035788781968642	0.9999999999999905	0.39933551762117	0.9999999999999747	0.3383638032008199	0.9999999999999702	0.3396537023213824	0.42636424214680735	0.5628656923931218	0.9999999999999671
pt	0.9402290799204795	0.9860411232444839	0.31006405099330986	0.9860411232444811	0.6086032113439757	0.3738318591413096	0.8406124992939024	0.3555185022094217	0.46599629477838117	0.8411686383024021	0.8930205071392979	0.9861818723865452	0.6561559180680258	0.35786436817693895	0.8923250100519405	0.8406124992939021	0.8282968120564063	0.9766549337268398	0.9860411232444811	0.9860411232444809	0.9860411232444809	0.552002888884754	0.8406124992939025	1.0	0.6011357037038048	0.8406124992939021	0.17036314728429536	0.9676267896486592	0.4222605317840708	0.8930205071392979	0.40427834786246536	0.8874055529551171	0.3397001939408294	0.48702166865298774	0.562199858471633	0.8406124992939027
ro	0.9303230394283418	0.9746919376147053	0.36710199291746554	0.9746919376146963	0.5943504658191362	0.4717282943678632	0.48827881158191005	0.4941044596863394	0.549540465364677	0.4885171859223038	0.9345432837556037	0.9745168503790513	0.5243125817863156	0.4664584113432223	0.9356362188145163	0.5741815359539919	0.48827881158191005	0.9695532931924314	0.9746919376146963	0.9746919376146954	0.9746919376146954	0.762440999811254	0.5741815359539906	0.6011357037038048	1.0	0.48827881158191005	0.17032447605120166	0.9543258620208872	0.45675100676034935	0.9345432837556037	0.5083318639773899	0.9281845367903375	0.33977537064254276	0.5749827367139587	0.5624107710902776	0.5741815359539919
ru	1.0	0.9999999999999483	0.26974215793929557	1.0	0.5817549785829056	0.28757126927511417	1.0	0.28183657809050827	0.3594838102548463	0.9801066835636563	1.0	1.0	0.48324162091293	0.27018553699214093	0.9838301976894919	1.0	1.0	0.9787207763918025	1.0	1.0	1.0	0.5298360738115037	0.9999999999999654	0.8406124992939021	0.48827881158191005	1.0	0.17035788781968675	1.0	0.39933551762117053	1.0	0.3107434262214925	1.0	0.3396537023213833	0.4263642421468075	0.5628656923931225	0.9999999999999967
sh	0.7282547277407031	0.17035788781968642	0.16958368613808864	0.17035788781968678	0.17030629903701336	0.1702992441147848	0.17035788781968678	0.1702984142428703	0.170439146464317	0.17034103598522676	0.17035788781968675	0.17203658898335708	0.1703342130739657	0.17035911807077297	0.17030108498342691	0.17035788781968675	0.17035788781968675	0.17032917036549453	0.17035788781968675	0.17035788781968678	0.17035788781968678	0.17033606885565541	0.17035788781968642	0.17036314728429536	0.17032447605120166	0.17035788781968675	1.0	0.3328024220469666	0.17031023189235686	0.17035788781968675	0.17032325677967203	0.19491306749182122	0.16277864737759953	0.17035760562805147	0.1692960900931475	0.17035788781968675
si	1.0	0.99999999999999	0.43593091745196166	1.0	0.9623281164741624	0.9675004992067211	1.0	0.9593381507993428	0.9593381507993428	0.960786055975723	1.0	1.0	0.9616041430894543	0.9863326189328819	0.9693683973928695	1.0	1.0	0.9592890163345371	1.0	1.0	1.0	0.9693683973928693	0.9999999999999905	0.9676267896486592	0.9543258620208872	1.0	0.3328024220469666	1.0	0.9614826485667142	1.0	0.9623281164741638	1.0	0.6671745829229995	0.9999999999999916	0.6324622936835753	1.0
simple	0.9404311881677355	0.9813978286400454	0.4295805473886238	0.9813978286400251	0.8816709757102922	0.8604661936931276	0.3619956621865111	0.8159846766621434	0.6225077452772528	0.3621629358128609	0.4452147868037512	0.9812068669006443	0.373767248403236	0.8723569099453627	0.4451675893609403	0.39933551762117053	0.3619956621865111	0.9780940758155788	0.9813978286400253	0.9813978286400311	0.9813978286400311	0.983947831289809	0.39933551762117	0.4222605317840708	0.45675100676034935	0.39933551762117053	0.17031023189235686	0.9614826485667142	1.0	0.4452147868037512	0.7523243826572413	0.44664665263872333	0.33954686203800777	0.6337497212191586	0.5629577802913216	0.39933551762117053
sr	1.0	0.9999999999999483	0.3643155409910632	1.0	0.5817549785829056	0.46271677710285397	1.0	0.4870092650631098	0.5463715507288041	0.9794248117909876	1.0	1.0	0.9803765254556881	0.46280874687657747	0.9838301976894919	1.0	1.0	0.9787207763918025	1.0	1.0	1.0	0.9825315506848605	0.9999999999999747	0.8930205071392979	0.9345432837556037	1.0	0.17035788781968675	1.0	0.4452147868037512	1.0	0.4963174144822028	1.0	0.3396537023213833	0.5662889663508467	0.5628656923931225	0.9999999999999989
sv	0.9315934470922943	0.9821247582240366	0.41356066298739763	0.9821247582240216	0.9461654783162796	0.7268092082539891	0.2810672933329959	0.4696031935908433	0.6032990794071439	0.21813669025900304	0.4963174144822028	0.9819478469620703	0.2838563513478761	0.5616547318778082	0.49199552600036767	0.3234962882984458	0.2222257444421953	0.9775877397918153	0.9821247582240213	0.9821247582240216	0.9821247582240216	0.7675069391366411	0.3383638032008199	0.40427834786246536	0.5083318639773899	0.3107434262214925	0.17032325677967203	0.9623281164741638	0.7523243826572413	0.4963174144822028	1.0	0.5017445841671089	0.33959041414351887	0.6691834291247682	0.5634570812847018	0.3234962882984458
te	1.0	0.9999999999999494	0.36072934736770595	1.0	0.5835129117956211	0.44869941270367764	1.0	0.49082924496269814	0.5480544478508739	0.977235996976285	1.0	1.0	0.9777966555144096	0.45447030949931044	0.9819103150215204	1.0	1.0	0.9762233483716618	1.0	1.0	1.0	0.980722060984804	0.9999999999999702	0.8874055529551171	0.9281845367903375	1.0	0.19491306749182122	1.0	0.44664665263872333	1.0	0.5017445841671089	1.0	0.3331815123517047	0.5805930047272115	0.5621500665060509	0.9999999999999973
tr	0.8065236361173428	0.33965370232138237	0.30243396078838053	0.3396537023213833	0.33955837217404455	0.339493199252937	0.3396537023213833	0.33944801073550096	0.3395300073425442	0.3394635273495237	0.3396537023213833	0.3438787838831776	0.33978668967176107	0.33965748605535306	0.33952854700260365	0.3396537023213833	0.3396537023213833	0.3395054456007564	0.3396537023213833	0.3396537023213833	0.3396537023213833	0.33949296127682504	0.3396537023213824	0.3397001939408294	0.33977537064254276	0.3396537023213833	0.16277864737759953	0.6671745829229995	0.33954686203800777	0.3396537023213833	0.33959041414351887	0.3331815123517047	1.0	0.33963951093067085	0.3228455633078951	0.3396537023213833
vi	0.9999999999999998	0.9923295298690153	0.3901732549440148	0.9923295298690149	0.8379337505739138	0.5857354683322834	0.4263642421468075	0.5906500182242564	0.8192213540060698	0.4266530595728003	0.5662889663508467	0.9922465073932156	0.49202591676132185	0.5387768996578118	0.5661803717569281	0.4263642421468075	0.4263642421468075	0.9776784458388147	0.9923295298690149	0.9923295298690149	0.9923295298690147	0.708949856916654	0.42636424214680735	0.48702166865298774	0.5749827367139587	0.4263642421468075	0.17035760562805147	0.9999999999999916	0.6337497212191586	0.5662889663508467	0.6691834291247682	0.5805930047272115	0.33963951093067085	1.0	0.5628736367680425	0.4263642421468075
war	0.7376607345031153	0.5628656923931218	0.38676956889144304	0.5628656923931225	0.5634287116487284	0.5628083339216213	0.5628656923931225	0.5630076958533621	0.5630770889045491	0.563397910703304	0.5628656923931225	0.5632306794637828	0.5629586978892289	0.5628798579627677	0.562701226218864	0.5628656923931225	0.5628656923931225	0.5630122890622199	0.5628656923931225	0.5628656923931225	0.5628656923931225	0.5629715588063474	0.5628656923931218	0.562199858471633	0.5624107710902776	0.5628656923931225	0.1692960900931475	0.6324622936835753	0.5629577802913216	0.5628656923931225	0.5634570812847018	0.5621500665060509	0.3228455633078951	0.5628736367680425	1.0	0.5628656923931225
zh	1.0	0.999999999999948	0.2697421579392956	1.0	0.5817549785829056	0.31365842787414444	0.9999999999999967	0.2818365780905083	0.3892468004553675	0.6661703159040012	0.9999999999999989	1.0	0.5739169796274939	0.28229069937124907	0.5209600848132107	0.9999999999999947	0.9999999999999918	0.9787207763918025	1.0	1.0	1.0	0.5298360738115037	0.9999999999999671	0.8406124992939027	0.5741815359539919	0.9999999999999967	0.17035788781968675	1.0	0.39933551762117053	0.9999999999999989	0.3234962882984458	0.9999999999999973	0.3396537023213833	0.4263642421468075	0.5628656923931225	1.0
