arz	bs	ceb	ckb	da	de	el	en	es	fr	he	hi	hu	id	it	ja	ko	lv	mk	ml	mr	nl	pl	pt	ro	ru	sh	si	simple	sr	sv	te	vi	war	zh
arz	1.0	1.0	0.0	1.0	1.0	1.0	1.0	1.0	0.5660160774121898	1.0	1.0	1.0	1.0	1.0	1.0	1.0	1.0	1.0	0.0	1.0	0.0	1.0	1.0	1.0	1.0	1.0	0.5455381281950756	0.0	1.0	1.0	1.0	0.0	1.0	1.0	1.0
bs	1.0	1.0	1.0	1.0	0.7411828468492556	0.7322034805959263	1.0	0.3151199647106919	0.6499913553099703	0.5841298595800356	0.7347168825662656	1.0	0.608985530491209	0.650433272585646	0.7322034805959263	0.7322034805959263	0.7322034805959263	1.0	1.0	1.0	1.0	0.6529251858459503	0.6518155124769265	0.6656446891184918	0.7411828468492556	0.7347168825662656	0.5097378268163353	0.0	1.0	0.5759532512305547	0.6510253139194132	0.7584325078215763	1.0	1.0	0.7322034805959263
ceb	0.0	1.0	1.0	1.0	1.0	1.0	1.0	1.0	1.0	1.0	1.0	1.0	1.0	1.0	1.0	1.0	1.0	1.0	0.0	1.0	0.0	1.0	1.0	1.0	1.0	0.0	1.0	0.0	1.0	1.0	1.0	1.0	1.0	0.0	1.0
ckb	1.0	1.0	1.0	1.0	0.7411828468492556	0.7322034805959264	1.0	0.5026838263171798	0.7322034805959263	0.5973329889831545	1.0	1.0	0.7376607345031153	0.7376607345031153	0.7322034805959264	1.0	1.0	0.7455134344225701	1.0	1.0	1.0	1.0	0.7322034805959263	0.44074294089783117	0.7347168825662656	1.0	0.603785307731705	1.0	0.6841174893561722	0.5598704182750972	0.7322034805959263	1.0	1.0	1.0	1.0
da	1.0	0.7411828468492556	1.0	0.7411828468492556	1.0	0.3323311792935989	0.7248485669756152	0.27560117639373394	0.3800636338778038	0.26739847597116584	0.5285637632781092	0.7248485669756152	0.5121993442573114	0.41348820791094815	0.27933061880582477	0.5967739643846038	0.6432357517002909	0.6667969795412325	1.0	1.0	1.0	0.36693858420924824	0.41990460770208393	0.2557539339901803	0.5640417995740004	0.4674644927234638	0.4761171451492324	1.0	0.5163710189094416	0.39586106043474084	0.4528258815741924	0.7411828468492555	0.7189258117174853	1.0	0.6442100898340133
de	1.0	0.7322034805959263	1.0	0.7322034805959264	0.3323311792935989	1.0	0.6487871090048528	0.1583130157793979	0.21298727104360182	0.16458781223372776	0.4053761728752956	0.651610424238932	0.4022032576427584	0.3080995049269377	0.1486100114131673	0.3347523393798941	0.41814692447594004	0.5403016619161376	1.0	0.7263875964832449	1.0	0.19264362921643324	0.2094329587328141	0.20775049677252935	0.40437141282822336	0.26942857045912405	0.36514591856160766	1.0	0.3253177035153048	0.2040308264263714	0.1790877844784328	0.7347168825662657	0.3937580393604988	1.0	0.34206724016731666
el	1.0	1.0	1.0	1.0	0.7248485669756152	0.6487871090048528	1.0	0.2526182483641383	0.36832513766759584	0.5373620034084733	1.0	1.0	0.6436895599575895	0.5335541319064104	0.5478152061254715	1.0	1.0	0.6740515375688696	1.0	1.0	1.0	0.5570988795109544	0.6102470946685321	0.3414300101951633	0.7221793916855702	0.7199285383279772	0.39285478967330634	1.0	0.6254303192325079	0.5408001737985677	0.6501445840862393	1.0	1.0	1.0	1.0
en	1.0	0.3151199647106919	1.0	0.5026838263171798	0.27560117639373394	0.1583130157793979	0.2526182483641383	1.0	0.16051726275941952	0.1469209634655376	0.23315694964376865	0.33151350633418	0.33037309978841106	0.23063466053637025	0.1327603812217746	0.2013689367709292	0.2319564977890065	0.3743491093426042	0.3989648572870072	0.26603368408270167	0.8137822343553781	0.1809559024343756	0.17981495780579873	0.18441753684847018	0.2993725456472608	0.20784920873334736	0.26982035184683034	1.0	0.26105931566407375	0.1570084535302133	0.161877867324311	0.48805557546120426	0.2400970921460055	1.0	0.25319387060556925
es	0.5660160774121898	0.6499913553099703	1.0	0.7322034805959263	0.3800636338778038	0.21298727104360182	0.36832513766759584	0.16051726275941952	1.0	0.17639499921750368	0.33624191163811656	0.37010295768552365	0.32735436430064135	0.24512513026248514	0.16048784950518794	0.38043580745191535	0.40281810437433624	0.5047808284602837	0.6740515375688696	0.6589257440209708	1.0	0.2476952887793035	0.266981809751803	0.22727595697730157	0.32911530804640865	0.2709862183780588	0.3036562169701144	1.0	0.32108097346031494	0.17788331045289305	0.18995145897823937	1.0	0.33499481115429536	1.0	0.31003663437765056
fr	1.0	0.5841298595800356	1.0	0.5973329889831545	0.26739847597116584	0.16458781223372776	0.5373620034084733	0.1469209634655376	0.17639499921750368	1.0	0.28658855201679684	0.6102470946685321	0.41583368789734787	0.32723042647417705	0.14431859668073074	0.2518910809913647	0.30501990420589403	0.51694065729838	0.7322034805959263	0.5649879395951223	1.0	0.2010547653441531	0.19579837668283717	0.1790037349085741	0.35691449802131214	0.22380894207692137	0.32187394404295644	1.0	0.35536232386507355	0.16792132057805773	0.19604401730157295	0.7347168825662657	0.3672368619819081	1.0	0.2706763534027221
he	1.0	0.7347168825662656	1.0	1.0	0.5285637632781092	0.4053761728752956	1.0	0.23315694964376865	0.33624191163811656	0.28658855201679684	1.0	1.0	0.4864929187690645	0.39653815378996765	0.2303479326051865	1.0	1.0	0.6221982196391784	1.0	1.0	1.0	0.293293594312613	0.4544621192197315	0.30034751159066414	0.601271145604164	0.5872806911783576	0.5041178087095668	1.0	0.5432677665452695	0.16053888214290563	0.24063616424748002	1.0	1.0	1.0	1.0
hi	1.0	1.0	1.0	1.0	0.7248485669756152	0.651610424238932	1.0	0.33151350633418	0.37010295768552365	0.6102470946685321	1.0	1.0	0.7347168825662657	0.6427081323654562	0.6143589292419388	1.0	1.0	1.0	1.0	1.0	1.0	0.5569458829978287	1.0	0.3629878426271079	0.728099120889861	1.0	0.3760480151894647	1.0	0.6254303192325079	0.5649879395951222	0.47715176679060783	1.0	1.0	1.0	1.0
hu	1.0	0.608985530491209	1.0	0.7376607345031153	0.5121993442573114	0.4022032576427584	0.6436895599575895	0.33037309978841106	0.32735436430064135	0.41583368789734787	0.4864929187690645	0.7347168825662657	1.0	0.48594730859943375	0.4244355177405193	0.4966403550562924	0.5040711118601945	0.6137897030269545	0.7455134344225701	0.7411828468492556	0.7863954451402115	0.43841684570172795	0.42901406605215164	0.3015468159778421	0.5378198964304113	0.44255701630921307	0.38951587956546196	1.0	0.47989482605410466	0.36499809819598017	0.2770975858802438	0.7510341748895938	0.6347114934920837	1.0	0.5147058261761693
id	1.0	0.650433272585646	1.0	0.7376607345031153	0.41348820791094815	0.3080995049269377	0.5335541319064104	0.23063466053637025	0.24512513026248514	0.32723042647417705	0.39653815378996765	0.6427081323654562	0.48594730859943375	1.0	0.2152295489228505	0.3941079536485687	0.42944644187230024	0.7316432403255255	0.7347168825662656	0.7263875964832448	1.0	0.3036500136043157	0.3485863767791931	0.23173835194679102	0.3942351776811813	0.3716947957319429	0.35111266194207	1.0	0.39586974221816046	0.27107467735975144	0.27210724169025713	0.7376607345031153	0.49842178678069327	1.0	0.3861042033140489
it	1.0	0.7322034805959263	1.0	0.7322034805959264	0.27933061880582477	0.1486100114131673	0.5478152061254715	0.1327603812217746	0.16048784950518794	0.14431859668073074	0.2303479326051865	0.6143589292419388	0.4244355177405193	0.2152295489228505	1.0	0.2132246503970518	0.2619520606080044	0.5721026715027374	0.7322034805959263	0.7248485669756152	0.646793650404393	0.17211048157857403	0.17276781931816237	0.16164790413503538	0.3045447703684104	0.16886202765043887	0.28387111600626413	1.0	0.25280477251755185	0.18112429651375497	0.14684983284139078	0.7322034805959263	0.24916005052013632	1.0	0.2541749100438165
ja	1.0	0.7322034805959263	1.0	1.0	0.5967739643846038	0.3347523393798941	1.0	0.2013689367709292	0.38043580745191535	0.2518910809913647	1.0	1.0	0.4966403550562924	0.3941079536485687	0.2132246503970518	1.0	1.0	0.6254303192325079	1.0	1.0	1.0	0.3174951600420673	0.43122305236826325	0.2687793243262942	0.5264666420102363	0.6305763671857717	0.4685009830943664	1.0	0.420442528514754	0.23258681222464625	0.2675924367734455	1.0	0.7128329397683221	1.0	1.0
ko	1.0	0.7322034805959263	1.0	1.0	0.6432357517002909	0.41814692447594004	1.0	0.2319564977890065	0.40281810437433624	0.30501990420589403	1.0	1.0	0.5040711118601945	0.42944644187230024	0.2619520606080044	1.0	1.0	0.6290808149140177	1.0	1.0	1.0	0.3908144013828473	0.43775501294795444	0.26894139305659387	0.6028877247745958	0.6341911409180057	0.48570184349289	1.0	0.506739498930459	0.2530905026964439	0.3328043949315399	1.0	1.0	1.0	1.0
lv	1.0	1.0	1.0	0.7455134344225701	0.6667969795412325	0.5403016619161376	0.6740515375688696	0.3743491093426042	0.5047808284602837	0.51694065729838	0.6221982196391784	1.0	0.6137897030269545	0.7316432403255255	0.5721026715027374	0.6254303192325079	0.6290808149140177	1.0	0.7584325078215763	0.6786291688147437	0.7863954451402115	0.5878765496817288	0.4910783647544822	0.42954867056225715	0.6638546162332061	0.6405596534648778	0.4062660813491282	1.0	0.6401756380717291	0.5302938349082847	0.4699138024845452	0.7510341748895939	0.7322034805959264	1.0	0.6254303192325078
mk	0.0	1.0	0.0	1.0	1.0	1.0	1.0	0.3989648572870072	0.6740515375688696	0.7322034805959263	1.0	1.0	0.7455134344225701	0.7347168825662656	0.7322034805959263	1.0	1.0	0.7584325078215763	1.0	1.0	1.0	0.6740515375688697	0.7347168825662656	0.3199544916121495	1.0	1.0	0.6157613189994351	1.0	0.7376607345031153	0.589563712104092	0.7322034805959264	1.0	1.0	1.0	1.0
ml	1.0	1.0	1.0	1.0	1.0	0.7263875964832449	1.0	0.26603368408270167	0.6589257440209708	0.5649879395951223	1.0	1.0	0.7411828468492556	0.7263875964832448	0.7248485669756152	1.0	1.0	0.6786291688147437	1.0	1.0	1.0	0.7248485669756152	0.6638546162332061	0.41207757744787915	1.0	1.0	0.48226903420319456	1.0	0.6638546162332062	0.7263875964832448	0.5780965534243105	1.0	1.0	1.0	1.0
mr	0.0	1.0	0.0	1.0	1.0	1.0	1.0	0.8137822343553781	1.0	1.0	1.0	1.0	0.7863954451402115	1.0	0.646793650404393	1.0	1.0	0.7863954451402115	1.0	1.0	1.0	1.0	1.0	0.5736176471488716	1.0	1.0	0.6165813091704384	1.0	1.0	1.0	1.0	1.0	1.0	1.0	1.0
nl	1.0	0.6529251858459503	1.0	1.0	0.36693858420924824	0.19264362921643324	0.5570988795109544	0.1809559024343756	0.2476952887793035	0.2010547653441531	0.293293594312613	0.5569458829978287	0.43841684570172795	0.3036500136043157	0.17211048157857403	0.3174951600420673	0.3908144013828473	0.5878765496817288	0.6740515375688697	0.7248485669756152	1.0	1.0	0.25084175152920046	0.20959877048820433	0.44171291227842246	0.2728368383857827	0.3825388155414801	1.0	0.4481117974863372	0.2026627834623312	0.17684211596801702	0.7347168825662656	0.347782407966594	1.0	0.31326257615201947
pl	1.0	0.6518155124769265	1.0	0.7322034805959263	0.41990460770208393	0.2094329587328141	0.6102470946685321	0.17981495780579873	0.266981809751803	0.19579837668283717	0.4544621192197315	1.0	0.42901406605215164	0.3485863767791931	0.17276781931816237	0.43122305236826325	0.43775501294795444	0.4910783647544822	0.7347168825662656	0.6638546162332061	1.0	0.25084175152920046	1.0	0.22827944713998746	0.43538452106739367	0.34901976133059276	0.38233115479584334	1.0	0.4450634911388365	0.20028481312996485	0.2070391565385282	1.0	0.45566967147113013	1.0	0.41549825045339933
pt	1.0	0.6656446891184918	1.0	0.44074294089783117	0.2557539339901803	0.20775049677252935	0.3414300101951633	0.18441753684847018	0.22727595697730157	0.1790037349085741	0.30034751159066414	0.3629878426271079	0.3015468159778421	0.23173835194679102	0.16164790413503538	0.2687793243262942	0.26894139305659387	0.42954867056225715	0.3199544916121495	0.41207757744787915	0.5736176471488716	0.20959877048820433	0.22827944713998746	1.0	0.23625115487568382	0.2819577960097407	0.2507355028154716	0.5042139125013491	0.27443599475954256	0.17687081631039	0.17906042726367627	0.5551626531709911	0.2971244813484796	0.5020797777427737	0.28617937534473387
ro	1.0	0.7411828468492556	1.0	0.7347168825662656	0.5640417995740004	0.40437141282822336	0.7221793916855702	0.2993725456472608	0.32911530804640865	0.35691449802131214	0.601271145604164	0.728099120889861	0.5378198964304113	0.3942351776811813	0.3045447703684104	0.5264666420102363	0.6028877247745958	0.6638546162332061	1.0	1.0	1.0	0.44171291227842246	0.43538452106739367	0.23625115487568382	1.0	0.5340936232595914	0.44668455843535415	1.0	0.4715791995367331	0.37785130335569916	0.2347153131371822	1.0	0.7199285383279773	1.0	0.5686530607507073
ru	1.0	0.7347168825662656	0.0	1.0	0.4674644927234638	0.26942857045912405	0.7199285383279772	0.20784920873334736	0.2709862183780588	0.22380894207692137	0.5872806911783576	1.0	0.44255701630921307	0.3716947957319429	0.16886202765043887	0.6305763671857717	0.6341911409180057	0.6405596534648778	1.0	1.0	1.0	0.2728368383857827	0.34901976133059276	0.2819577960097407	0.5340936232595914	1.0	0.47004971234459175	1.0	0.4241385246169197	0.22094153980330936	0.17955429344490506	1.0	1.0	1.0	0.5878432714913016
sh	0.5455381281950756	0.5097378268163353	1.0	0.603785307731705	0.4761171451492324	0.36514591856160766	0.39285478967330634	0.26982035184683034	0.3036562169701144	0.32187394404295644	0.5041178087095668	0.3760480151894647	0.38951587956546196	0.35111266194207	0.28387111600626413	0.4685009830943664	0.48570184349289	0.4062660813491282	0.6157613189994351	0.48226903420319456	0.6165813091704384	0.3825388155414801	0.38233115479584334	0.2507355028154716	0.44668455843535415	0.47004971234459175	1.0	1.0	0.42644968225851965	0.16721390203605993	0.23708503242128656	0.5139806750211225	0.4432600914952291	1.0	0.46406967752152556
si	0.0	0.0	0.0	1.0	1.0	1.0	1.0	1.0	1.0	1.0	1.0	1.0	1.0	1.0	1.0	1.0	1.0	1.0	1.0	1.0	1.0	1.0	1.0	0.5042139125013491	1.0	1.0	1.0	1.0	0.8216064286890065	1.0	1.0	1.0	1.0	1.0	1.0
simple	1.0	1.0	1.0	0.6841174893561722	0.5163710189094416	0.3253177035153048	0.6254303192325079	0.26105931566407375	0.32108097346031494	0.35536232386507355	0.5432677665452695	0.6254303192325079	0.47989482605410466	0.39586974221816046	0.25280477251755185	0.420442528514754	0.506739498930459	0.6401756380717291	0.7376607345031153	0.6638546162332062	1.0	0.4481117974863372	0.4450634911388365	0.27443599475954256	0.4715791995367331	0.4241385246169197	0.42644968225851965	0.8216064286890065	1.0	0.3510174072325591	0.3159717607104028	0.6841174893561722	0.5366081254243424	1.0	0.4991118184726845
sr	1.0	0.5759532512305547	1.0	0.5598704182750972	0.39586106043474084	0.2040308264263714	0.5408001737985677	0.1570084535302133	0.17788331045289305	0.16792132057805773	0.16053888214290563	0.5649879395951222	0.36499809819598017	0.27107467735975144	0.18112429651375497	0.23258681222464625	0.2530905026964439	0.5302938349082847	0.589563712104092	0.7263875964832448	1.0	0.2026627834623312	0.20028481312996485	0.17687081631039	0.37785130335569916	0.22094153980330936	0.16721390203605993	1.0	0.3510174072325591	1.0	0.17561892714201272	0.6044414021866646	0.3664804156860063	1.0	0.2124019347816372
sv	1.0	0.6510253139194132	1.0	0.7322034805959263	0.4528258815741924	0.1790877844784328	0.6501445840862393	0.161877867324311	0.18995145897823937	0.19604401730157295	0.24063616424748002	0.47715176679060783	0.2770975858802438	0.27210724169025713	0.14684983284139078	0.2675924367734455	0.3328043949315399	0.4699138024845452	0.7322034805959264	0.5780965534243105	1.0	0.17684211596801702	0.2070391565385282	0.17906042726367627	0.2347153131371822	0.17955429344490506	0.23708503242128656	1.0	0.3159717607104028	0.17561892714201272	1.0	0.6786291688147437	0.28009220519573985	1.0	0.2573076540275923
te	0.0	0.7584325078215763	1.0	1.0	0.7411828468492555	0.7347168825662657	1.0	0.48805557546120426	1.0	0.7347168825662657	1.0	1.0	0.7510341748895938	0.7376607345031153	0.7322034805959263	1.0	1.0	0.7510341748895939	1.0	1.0	1.0	0.7347168825662656	1.0	0.5551626531709911	1.0	1.0	0.5139806750211225	1.0	0.6841174893561722	0.6044414021866646	0.6786291688147437	1.0	1.0	1.0	1.0
vi	1.0	1.0	1.0	1.0	0.7189258117174853	0.3937580393604988	1.0	0.2400970921460055	0.33499481115429536	0.3672368619819081	1.0	1.0	0.6347114934920837	0.49842178678069327	0.24916005052013632	0.7128329397683221	1.0	0.7322034805959264	1.0	1.0	1.0	0.347782407966594	0.45566967147113013	0.2971244813484796	0.7199285383279773	1.0	0.4432600914952291	1.0	0.5366081254243424	0.3664804156860063	0.28009220519573985	1.0	1.0	1.0	1.0
war	1.0	1.0	0.0	1.0	1.0	1.0	1.0	1.0	1.0	1.0	1.0	1.0	1.0	1.0	1.0	1.0	1.0	1.0	1.0	1.0	1.0	1.0	1.0	0.5020797777427737	1.0	1.0	1.0	1.0	1.0	1.0	1.0	1.0	1.0	1.0	1.0
zh	1.0	0.7322034805959263	1.0	1.0	0.6442100898340133	0.34206724016731666	1.0	0.25319387060556925	0.31003663437765056	0.2706763534027221	1.0	1.0	0.5147058261761693	0.3861042033140489	0.2541749100438165	1.0	1.0	0.6254303192325078	1.0	1.0	1.0	0.31326257615201947	0.41549825045339933	0.28617937534473387	0.5686530607507073	0.5878432714913016	0.46406967752152556	1.0	0.4991118184726845	0.2124019347816372	0.2573076540275923	1.0	1.0	1.0	1.0
