arz	bs	ceb	ckb	da	de	el	en	es	fr	he	hi	hu	id	it	ja	ko	lv	mk	ml	mr	nl	pl	pt	ro	ru	sh	si	simple	sr	sv	te	vi	war	zh
arz	1.0	0.0	0.0	0.0	1.0	1.0	1.0	1.0	1.0	1.0	1.0	0.0	1.0	1.0	1.0	1.0	1.0	1.0	1.0	0.0	1.0	1.0	1.0	1.0	1.0	1.0	0.0	1.0	1.0	1.0	1.0	0.0	1.0	0.8216064286890065	1.0
bs	0.0	1.0	0.0	0.0	1.0	1.0	1.0	1.0	1.0	1.0	1.0	1.0	1.0	0.0	1.0	1.0	1.0	0.0	0.0	0.0	0.0	1.0	1.0	1.0	1.0	1.0	1.0	0.0	0.0	1.0	1.0	0.0	1.0	0.6524007805500077	1.0
ceb	0.0	0.0	1.0	0.0	0.0	1.0	0.0	1.0	1.0	1.0	0.0	0.0	0.0	0.0	0.0	1.0	0.0	0.0	0.0	0.0	0.0	1.0	1.0	1.0	0.0	0.0	0.0	0.0	0.0	0.0	1.0	0.0	0.0	1.0	0.0
ckb	0.0	0.0	0.0	1.0	0.0	1.0	0.0	1.0	1.0	1.0	1.0	0.0	0.0	0.0	1.0	1.0	0.0	0.0	0.0	0.0	0.0	1.0	0.0	0.0	0.0	1.0	1.0	0.0	1.0	0.0	0.0	0.0	1.0	0.6524007805500077	0.0
da	1.0	1.0	0.0	0.0	1.0	1.0	1.0	0.4291386931367238	1.0	1.0	1.0	1.0	1.0	1.0	1.0	1.0	1.0	1.0	1.0	1.0	1.0	0.6841174893561722	1.0	1.0	0.5480953166963739	1.0	1.0	1.0	1.0	1.0	1.0	0.0	1.0	0.5811824348635611	1.0
de	1.0	1.0	1.0	1.0	1.0	1.0	1.0	0.13915926116120111	0.36349770504573997	0.3540585662045498	0.7147973711694583	0.0	0.728099120889861	0.728099120889861	0.5286704565230482	0.5644053808147856	1.0	1.0	1.0	1.0	1.0	0.5075725937800935	0.6318457416860415	0.5586948029842127	0.5099658490467889	0.4198502096849395	1.0	1.0	1.0	1.0	0.5011990540825023	0.0	1.0	0.6524007805500077	1.0
el	1.0	1.0	0.0	0.0	1.0	1.0	1.0	0.7347168825662658	1.0	1.0	1.0	0.0	1.0	1.0	1.0	1.0	1.0	1.0	1.0	1.0	1.0	1.0	1.0	1.0	0.5526672884923863	1.0	0.0	1.0	1.0	1.0	1.0	0.0	1.0	0.6395657813917608	1.0
en	1.0	1.0	1.0	1.0	0.4291386931367238	0.13915926116120111	0.7347168825662658	1.0	0.1288490063082171	0.16133561929585985	0.4409092480471505	1.0	0.728099120889861	0.48671681817139256	0.33204329076565686	0.3347412171025368	0.661251134120194	1.0	1.0	1.0	1.0	0.29369146319615086	0.2396867640411781	0.37470680096857234	0.5205137412657658	0.2560977055859946	0.6841174893561722	1.0	0.6093096912777514	1.0	0.29813875388989025	1.0	0.7248485669756152	0.6395657813917608	0.36860182513269824
es	1.0	1.0	1.0	1.0	1.0	0.36349770504573997	1.0	0.1288490063082171	1.0	0.4025464376721191	1.0	1.0	1.0	1.0	0.49561096810959665	0.576903137764549	1.0	1.0	1.0	1.0	1.0	0.5390551157371464	1.0	0.7116768074483946	0.3508585852532553	0.705751191025248	1.0	1.0	0.74551343442257	1.0	0.7096516635440986	0.0	1.0	0.579346407878875	0.5836411018279245
fr	1.0	1.0	1.0	1.0	1.0	0.3540585662045498	1.0	0.16133561929585985	0.4025464376721191	1.0	0.7155258672934656	1.0	1.0	0.7280991208898611	0.4555409215906826	0.5940642723969022	1.0	1.0	1.0	1.0	1.0	0.48318997121692814	0.7106212328351246	0.6334134137277926	0.3632454476097888	0.6305763671857716	1.0	1.0	1.0	1.0	0.5487186481804625	1.0	1.0	0.6395657813917608	1.0
he	1.0	1.0	0.0	1.0	1.0	0.7147973711694583	1.0	0.4409092480471505	1.0	0.7155258672934656	1.0	0.0	1.0	1.0	1.0	1.0	1.0	1.0	1.0	1.0	1.0	0.661251134120194	1.0	1.0	0.35714756213366	1.0	1.0	1.0	1.0	1.0	1.0	0.0	1.0	0.6395657813917608	1.0
hi	0.0	1.0	0.0	0.0	1.0	0.0	0.0	1.0	1.0	1.0	0.0	1.0	0.0	1.0	0.0	1.0	0.0	0.0	0.0	1.0	1.0	1.0	0.0	0.0	0.0	1.0	1.0	0.0	1.0	1.0	1.0	1.0	0.0	0.6524007805500077	0.0
hu	1.0	1.0	0.0	0.0	1.0	0.728099120889861	1.0	0.728099120889861	1.0	1.0	1.0	0.0	1.0	1.0	1.0	1.0	1.0	1.0	1.0	1.0	1.0	1.0	1.0	1.0	0.44596155566249923	1.0	1.0	1.0	1.0	1.0	1.0	0.0	1.0	0.6524007805500077	1.0
id	1.0	0.0	0.0	0.0	1.0	0.728099120889861	1.0	0.48671681817139256	1.0	0.7280991208898611	1.0	1.0	1.0	1.0	1.0	1.0	1.0	1.0	1.0	1.0	1.0	1.0	1.0	1.0	1.0	1.0	1.0	1.0	1.0	1.0	1.0	0.0	1.0	0.7900882783352492	1.0
it	1.0	1.0	0.0	1.0	1.0	0.5286704565230482	1.0	0.33204329076565686	0.49561096810959665	0.4555409215906826	1.0	0.0	1.0	1.0	1.0	1.0	1.0	1.0	1.0	1.0	1.0	0.6676766287765408	0.7234532828151787	0.7199285383279771	0.45436752731003555	0.7668655722928475	1.0	1.0	1.0	1.0	0.5913014301053446	0.0	1.0	0.6395657813917608	1.0
ja	1.0	1.0	1.0	1.0	1.0	0.5644053808147856	1.0	0.3347412171025368	0.576903137764549	0.5940642723969022	1.0	1.0	1.0	1.0	1.0	1.0	1.0	1.0	1.0	1.0	1.0	0.6167131210802118	1.0	1.0	0.6887972260321598	1.0	1.0	1.0	1.0	1.0	1.0	0.0	1.0	0.6395657813917608	1.0
ko	1.0	1.0	0.0	0.0	1.0	1.0	1.0	0.661251134120194	1.0	1.0	1.0	0.0	1.0	1.0	1.0	1.0	1.0	1.0	1.0	1.0	1.0	1.0	1.0	1.0	0.462242463990531	1.0	1.0	1.0	1.0	1.0	1.0	0.0	1.0	0.6395657813917608	1.0
lv	1.0	0.0	0.0	0.0	1.0	1.0	1.0	1.0	1.0	1.0	1.0	0.0	1.0	1.0	1.0	1.0	1.0	1.0	1.0	0.0	1.0	1.0	1.0	1.0	1.0	1.0	0.0	1.0	1.0	1.0	1.0	0.0	1.0	0.6704675947063355	1.0
mk	1.0	0.0	0.0	0.0	1.0	1.0	1.0	1.0	1.0	1.0	1.0	0.0	1.0	1.0	1.0	1.0	1.0	1.0	1.0	0.0	1.0	1.0	1.0	1.0	1.0	1.0	0.0	1.0	1.0	1.0	1.0	0.0	1.0	0.7690990303325336	1.0
ml	0.0	0.0	0.0	0.0	1.0	1.0	1.0	1.0	1.0	1.0	1.0	1.0	1.0	1.0	1.0	1.0	1.0	0.0	0.0	1.0	1.0	1.0	1.0	1.0	0.0	1.0	1.0	0.0	1.0	0.0	1.0	1.0	1.0	0.6524007805500077	1.0
mr	1.0	0.0	0.0	0.0	1.0	1.0	1.0	1.0	1.0	1.0	1.0	1.0	1.0	1.0	1.0	1.0	1.0	1.0	1.0	1.0	1.0	1.0	1.0	1.0	1.0	1.0	0.0	1.0	1.0	1.0	1.0	0.0	1.0	0.7690990303325336	1.0
nl	1.0	1.0	1.0	1.0	0.6841174893561722	0.5075725937800935	1.0	0.29369146319615086	0.5390551157371464	0.48318997121692814	0.661251134120194	1.0	1.0	1.0	0.6676766287765408	0.6167131210802118	1.0	1.0	1.0	1.0	1.0	1.0	0.7248485669756152	0.7300208629885034	0.6519855745768416	0.5808852645006568	1.0	1.0	1.0	1.0	0.5409099584858093	1.0	1.0	0.39206438533218013	0.6701591524560107
pl	1.0	1.0	1.0	0.0	1.0	0.6318457416860415	1.0	0.2396867640411781	1.0	0.7106212328351246	1.0	0.0	1.0	1.0	0.7234532828151787	1.0	1.0	1.0	1.0	1.0	1.0	0.7248485669756152	1.0	1.0	0.3632454476097888	0.7122412578101113	1.0	1.0	1.0	1.0	1.0	0.0	1.0	0.6395657813917608	1.0
pt	1.0	1.0	1.0	0.0	1.0	0.5586948029842127	1.0	0.37470680096857234	0.7116768074483946	0.6334134137277926	1.0	0.0	1.0	1.0	0.7199285383279771	1.0	1.0	1.0	1.0	1.0	1.0	0.7300208629885034	1.0	1.0	0.5660160774121898	0.7221793916855703	1.0	1.0	1.0	1.0	1.0	0.0	1.0	0.6395657813917608	1.0
ro	1.0	1.0	0.0	0.0	0.5480953166963739	0.5099658490467889	0.5526672884923863	0.5205137412657658	0.3508585852532553	0.3632454476097888	0.35714756213366	0.0	0.44596155566249923	1.0	0.45436752731003555	0.6887972260321598	0.462242463990531	1.0	1.0	0.0	1.0	0.6519855745768416	0.3632454476097888	0.5660160774121898	1.0	0.3877234407528787	0.0	1.0	1.0	1.0	0.681744524647505	0.0	0.5020797777427737	0.742464434742073	0.49712416541182725
ru	1.0	1.0	0.0	1.0	1.0	0.4198502096849395	1.0	0.2560977055859946	0.705751191025248	0.6305763671857716	1.0	1.0	1.0	1.0	0.7668655722928475	1.0	1.0	1.0	1.0	1.0	1.0	0.5808852645006568	0.7122412578101113	0.7221793916855703	0.3877234407528787	1.0	1.0	1.0	1.0	1.0	1.0	1.0	1.0	0.6395657813917608	1.0
sh	0.0	1.0	0.0	1.0	1.0	1.0	0.0	0.6841174893561722	1.0	1.0	1.0	1.0	1.0	1.0	1.0	1.0	1.0	0.0	0.0	1.0	0.0	1.0	1.0	1.0	0.0	1.0	1.0	0.0	1.0	1.0	1.0	0.0	1.0	0.39372484657789275	1.0
si	1.0	0.0	0.0	0.0	1.0	1.0	1.0	1.0	1.0	1.0	1.0	0.0	1.0	1.0	1.0	1.0	1.0	1.0	1.0	0.0	1.0	1.0	1.0	1.0	1.0	1.0	0.0	1.0	1.0	1.0	1.0	0.0	1.0	1.0	1.0
simple	1.0	0.0	0.0	1.0	1.0	1.0	1.0	0.6093096912777514	0.74551343442257	1.0	1.0	1.0	1.0	1.0	1.0	1.0	1.0	1.0	1.0	1.0	1.0	1.0	1.0	1.0	1.0	1.0	1.0	1.0	1.0	1.0	1.0	0.0	1.0	0.6526596787071896	1.0
sr	1.0	1.0	0.0	0.0	1.0	1.0	1.0	1.0	1.0	1.0	1.0	1.0	1.0	1.0	1.0	1.0	1.0	1.0	1.0	0.0	1.0	1.0	1.0	1.0	1.0	1.0	1.0	1.0	1.0	1.0	1.0	0.0	1.0	0.39206438533218013	1.0
sv	1.0	1.0	1.0	0.0	1.0	0.5011990540825023	1.0	0.29813875388989025	0.7096516635440986	0.5487186481804625	1.0	1.0	1.0	1.0	0.5913014301053446	1.0	1.0	1.0	1.0	1.0	1.0	0.5409099584858093	1.0	1.0	0.681744524647505	1.0	1.0	1.0	1.0	1.0	1.0	0.0	1.0	0.6395657813917608	1.0
te	0.0	0.0	0.0	0.0	0.0	0.0	0.0	1.0	0.0	1.0	0.0	1.0	0.0	0.0	0.0	0.0	0.0	0.0	0.0	1.0	0.0	1.0	0.0	0.0	0.0	1.0	0.0	0.0	0.0	0.0	0.0	1.0	0.0	0.6983438190355966	0.0
vi	1.0	1.0	0.0	1.0	1.0	1.0	1.0	0.7248485669756152	1.0	1.0	1.0	0.0	1.0	1.0	1.0	1.0	1.0	1.0	1.0	1.0	1.0	1.0	1.0	1.0	0.5020797777427737	1.0	1.0	1.0	1.0	1.0	1.0	0.0	1.0	0.7224727212512667	1.0
war	0.8216064286890065	0.6524007805500077	1.0	0.6524007805500077	0.5811824348635611	0.6524007805500077	0.6395657813917608	0.6395657813917608	0.579346407878875	0.6395657813917608	0.6395657813917608	0.6524007805500077	0.6524007805500077	0.7900882783352492	0.6395657813917608	0.6395657813917608	0.6395657813917608	0.6704675947063355	0.7690990303325336	0.6524007805500077	0.7690990303325336	0.39206438533218013	0.6395657813917608	0.6395657813917608	0.742464434742073	0.6395657813917608	0.39372484657789275	1.0	0.6526596787071896	0.39206438533218013	0.6395657813917608	0.6983438190355966	0.7224727212512667	1.0	0.6395657813917608
zh	1.0	1.0	0.0	0.0	1.0	1.0	1.0	0.36860182513269824	0.5836411018279245	1.0	1.0	0.0	1.0	1.0	1.0	1.0	1.0	1.0	1.0	1.0	1.0	0.6701591524560107	1.0	1.0	0.49712416541182725	1.0	1.0	1.0	1.0	1.0	1.0	0.0	1.0	0.6395657813917608	1.0
