arz	bs	ceb	ckb	da	de	el	en	es	fr	he	hi	hu	id	it	ja	ko	lv	mk	ml	mr	nl	pl	pt	ro	ru	sh	si	simple	sr	sv	te	vi	war	zh
arz	1.0	0.1616761756764567	1.0	0.32037724101704074	0.30383243470068705	0.31451985913875646	0.15634393275094546	0.2895676779192537	0.2883975510926752	0.29429805508554946	0.25824569976124334	0.585786437626905	0.16287666255447125	0.18295769831324724	0.16992426596298912	0.27429188517743175	0.1509892446251589	0.24415874992246042	0.2187841884486319	0.23302402810392372	0.3797958971132712	0.21811727137442904	0.30383243470068705	0.24585447702749752	0.17224354252555013	0.29429805508554946	0.1576108000676575	1.0	0.21060022703434964	0.23872583052761026	0.31451985913875646	1.0	0.23166247903554	0.39564392373896007	0.17035605593470945
bs	0.1616761756764567	1.0	0.23166247903554	0.15123417897808447	0.1088341536984129	0.10789821829152021	0.2033784406485133	0.11294399712313463	0.11402327877260497	0.11118039142065815	0.12753704151895842	0.3427032721697021	0.2529083280983852	0.19950689373365293	0.20301982125856619	0.11290298145255175	0.404726057462038	0.11786161424552834	0.14460251015071016	0.2575741431273982	0.20521309615767266	0.11548394657018232	0.11233205529426492	0.16082880700142793	0.37608198189175557	0.10793992865138509	0.4231311797947118	1.0	0.14235972513872264	0.13493039154339145	0.1079517736802239	1.0	0.11778480407450206	0.15225881209433406	0.174226355923636
ceb	1.0	0.23166247903554	1.0	0.5	1.0	0.585786437626905	0.3090169943749474	0.585786437626905	0.585786437626905	0.585786437626905	0.5	1.0	0.36602540378443865	0.3266316347104093	0.36602540378443865	0.585786437626905	0.38742588672279304	0.39564392373896007	0.44948974278317805	0.26968623182294527	0.4364916731037085	0.3090169943749474	0.585786437626905	0.3266316347104093	0.24399845080999227	0.585786437626905	0.24257131419419417	1.0	0.5	0.39564392373896007	1.0	1.0	0.5	1.0	0.3430703308172536
ckb	0.32037724101704074	0.15123417897808447	0.5	1.0	0.2011137983707603	0.1900332398552315	0.17059815296674613	0.19430986452245064	0.20460402280972662	0.18720006271213008	0.21892403118720297	0.4356120478348471	0.14293805341224827	0.16232982477436028	0.1557449976248602	0.1892813274831133	0.15312164862096392	0.1807510534743348	0.20762661559076168	0.21999522082563705	0.3797958971132712	0.1927468057152784	0.1958697380708648	0.16222396291013896	0.15110469485751274	0.20785579691275263	0.1515704801022949	1.0	0.20079196148278772	0.1855891656249915	0.20424934687768118	1.0	0.20404048116142212	0.3021694792519622	0.1625010880481418
da	0.30383243470068705	0.1088341536984129	1.0	0.2011137983707603	1.0	0.06972977958645005	0.10226914624823982	0.08293843035833709	0.08437310703919228	0.0904688176022223	0.10277045340120443	0.585786437626905	0.08033555522133744	0.10158544708330168	0.09108913293743845	0.09149529919059288	0.08310010291622363	0.147221691847179	0.1714766622469841	0.1907435698305462	0.40453726661826384	0.09178438260242022	0.08847733007519118	0.08477232940596523	0.08797101800984884	0.06995498848673867	0.10043503481803315	1.0	0.1599737300157011	0.12500416584282736	0.0682490877320566	1.0	0.11018479859663347	0.5	0.08774608928109122
de	0.31451985913875646	0.10789821829152021	0.585786437626905	0.1900332398552315	0.06972977958645005	1.0	0.08855550808673236	0.04390985848557351	0.07061907538001942	0.046266358825352655	0.0812528336227748	0.585786437626905	0.07324177165049146	0.09561653934102016	0.051460793777603785	0.05158514891487285	0.08236159159447608	0.1492156410143808	0.1774053291584318	0.19292728076790167	0.40453726661826384	0.09336125048681698	0.09674375589234863	0.07406510536934977	0.08367406646305925	0.070795902686913	0.09931348143750102	1.0	0.15629603798593625	0.12092662812774928	0.10722577320165524	1.0	0.10030361288023676	0.5	0.06323256962499013
el	0.15634393275094546	0.2033784406485133	0.3090169943749474	0.17059815296674613	0.10226914624823982	0.08855550808673236	1.0	0.12477948749542635	0.09081338701201624	0.09446013335513787	0.10952437366626991	0.3483314773547883	0.16511027985328483	0.1447521563275142	0.17035547628189684	0.09197006753380839	0.2113814940338992	0.11779290418757637	0.14239683829071742	0.277848990519012	0.2089279112114519	0.0916011902571853	0.0906501879014602	0.13547914347429282	0.22845822041806005	0.08698944670755988	0.17134947217970636	1.0	0.12631651204191355	0.13666504982110692	0.08715842747824383	1.0	0.10143406143625425	0.16722520332754173	0.17803866841032406
en	0.2895676779192537	0.11294399712313463	0.585786437626905	0.19430986452245064	0.08293843035833709	0.04390985848557351	0.12477948749542635	1.0	0.07037674844876135	0.08230185203396499	0.08830799511807311	0.44948974278317805	0.12241591143461118	0.12353025705331828	0.12919573074023533	0.08330569008002424	0.13766533802734443	0.1370177949732891	0.1651595511962709	0.19393558839550695	0.3797958971132712	0.05852413854433391	0.07278199603221483	0.12739255521443246	0.14369626238569302	0.050973078075179715	0.10446719617801715	1.0	0.12502381821495112	0.12169753001534679	0.05351556332698619	1.0	0.08935529575879979	0.3430703308172536	0.11240343657162823
es	0.2883975510926752	0.11402327877260497	0.585786437626905	0.20460402280972662	0.08437310703919228	0.07061907538001942	0.09081338701201624	0.07037674844876135	1.0	0.06718189855421801	0.09141142061697582	0.585786437626905	0.07655084063279073	0.09989876835750423	0.08143537677258662	0.07374958809768237	0.08944892088470659	0.13271025444980739	0.17097708522575011	0.1886378647726465	0.3090169943749474	0.07706092273117358	0.09350413186831605	0.07717372162287206	0.0884164453210664	0.05882332396026895	0.1053789199954101	1.0	0.1332603160047908	0.1252593764341373	0.060669881631372	1.0	0.09898276362466558	0.3090169943749474	0.08678705101944799
fr	0.29429805508554946	0.11118039142065815	0.585786437626905	0.18720006271213008	0.0904688176022223	0.046266358825352655	0.09446013335513787	0.08230185203396499	0.06718189855421801	1.0	0.08195157679133025	0.5	0.085088844488778	0.10062612877281317	0.07765436098154854	0.07776007219901632	0.09740375755005427	0.15379683871112398	0.16389424845156647	0.19496117573727967	0.40453726661826384	0.06091790796644111	0.07587449755342274	0.10037502053083283	0.09111766253545285	0.05021331945219488	0.10239603040989761	1.0	0.13669044876895586	0.11864076067741616	0.05683371347614954	1.0	0.0877287401292671	0.36602540378443865	0.07865883942881388
he	0.25824569976124334	0.12753704151895842	0.5	0.21892403118720297	0.10277045340120443	0.0812528336227748	0.10952437366626991	0.08830799511807311	0.09141142061697582	0.08195157679133025	1.0	0.585786437626905	0.10748430680606606	0.10787385673074872	0.0858029702103278	0.09408635753773976	0.10255274452850888	0.14442577526667072	0.13783033191125046	0.19502228804560873	0.3597752501562547	0.08783688346798761	0.09221118779839883	0.09886850846785392	0.10561373870252967	0.0898953298496898	0.12175841491275502	1.0	0.135660897801386	0.11884663247267906	0.08110000536437524	1.0	0.09909890862754786	0.3333333333333333	0.08808268066541423
hi	0.585786437626905	0.3427032721697021	1.0	0.4356120478348471	0.585786437626905	0.585786437626905	0.3483314773547883	0.44948974278317805	0.585786437626905	0.5	0.585786437626905	1.0	0.40453726661826384	0.3726822671238253	0.2857142857142857	0.585786437626905	0.40453726661826384	0.5	0.40453726661826384	0.3380788308512194	0.585786437626905	0.5	0.5	0.40453726661826384	0.585786437626905	0.585786437626905	0.41319688409934685	1.0	0.585786437626905	0.5	0.585786437626905	1.0	0.5	0.585786437626905	0.585786437626905
hu	0.16287666255447125	0.2529083280983852	0.36602540378443865	0.14293805341224827	0.08033555522133744	0.07324177165049146	0.16511027985328483	0.12241591143461118	0.07655084063279073	0.085088844488778	0.10748430680606606	0.40453726661826384	1.0	0.18743871299210316	0.3140395419587157	0.08790274111314797	0.33903829287858783	0.11605760758021033	0.12617544063950045	0.2252867788478504	0.24828371682826425	0.08184648216792613	0.08985958982035988	0.30998485794606934	0.3299391310893116	0.07293701442826764	0.25515132192341755	1.0	0.12275902181168208	0.12771084961935858	0.0771428356316827	1.0	0.09529069915169999	0.15225881209433406	0.23236378227606685
id	0.18295769831324724	0.19950689373365293	0.3266316347104093	0.16232982477436028	0.10158544708330168	0.09561653934102016	0.1447521563275142	0.12353025705331828	0.09989876835750423	0.10062612877281317	0.10787385673074872	0.3726822671238253	0.18743871299210316	1.0	0.21726224132074207	0.09748245931201148	0.16660091127833623	0.13617461812093526	0.13613162371251492	0.2108800314213326	0.27195617308673004	0.09954238833173429	0.1092056283249921	0.14450867091111178	0.16582597651154413	0.09640862131800354	0.172316605072326	1.0	0.11522563029649849	0.11713447699704521	0.09679200252643227	1.0	0.1045453000284081	0.1784329590736899	0.15840763188308965
it	0.16992426596298912	0.20301982125856619	0.36602540378443865	0.1557449976248602	0.09108913293743845	0.051460793777603785	0.17035547628189684	0.12919573074023533	0.08143537677258662	0.07765436098154854	0.0858029702103278	0.2857142857142857	0.3140395419587157	0.21726224132074207	1.0	0.08498547452026861	0.2574745166148243	0.1041646527579362	0.12743506606031665	0.2617568732384781	0.27429188517743175	0.058886496306171036	0.07711631161328325	0.3009726609120531	0.18459419378324998	0.05868421381650231	0.24761858506994475	1.0	0.10404749112058592	0.11499680580957224	0.061009152846646535	1.0	0.09042171805953453	0.18581211318908403	0.2683797388609053
ja	0.27429188517743175	0.11290298145255175	0.585786437626905	0.1892813274831133	0.09149529919059288	0.05158514891487285	0.09197006753380839	0.08330569008002424	0.07374958809768237	0.07776007219901632	0.09408635753773976	0.585786437626905	0.08790274111314797	0.09748245931201148	0.08498547452026861	1.0	0.09150569536640962	0.1545005536533372	0.16368167068787068	0.18660549686337075	0.3797958971132712	0.06552764293441843	0.08181601065673749	0.10140617035668202	0.09340618181702068	0.05909662661457199	0.10398073098139815	1.0	0.14604433208170017	0.12609668147812025	0.05932375292960182	1.0	0.1034917504901485	0.44948974278317805	0.09060784217362894
ko	0.1509892446251589	0.404726057462038	0.38742588672279304	0.15312164862096392	0.08310010291622363	0.08236159159447608	0.2113814940338992	0.13766533802734443	0.08944892088470659	0.09740375755005427	0.10255274452850888	0.40453726661826384	0.33903829287858783	0.16660091127833623	0.2574745166148243	0.09150569536640962	1.0	0.10276441440203674	0.12899816995521637	0.2025055443207734	0.3078040733867505	0.0848498110739928	0.08857056173998457	0.2697787467892429	0.32243043065190535	0.08037862862119995	0.373109189770467	1.0	0.10995931567972549	0.13182379593904406	0.07918320708843307	1.0	0.09873954768299226	0.1827439976315568	0.3230717542721438
lv	0.24415874992246042	0.11786161424552834	0.39564392373896007	0.1807510534743348	0.147221691847179	0.1492156410143808	0.11779290418757637	0.1370177949732891	0.13271025444980739	0.15379683871112398	0.14442577526667072	0.5	0.11605760758021033	0.13617461812093526	0.1041646527579362	0.1545005536533372	0.10276441440203674	1.0	0.17153613453760932	0.20232728689488633	0.3333333333333333	0.1700431945670505	0.13719112678122689	0.1254016731861639	0.11633460439995644	0.16571624174008723	0.10868561162770467	1.0	0.16517087924209764	0.12005802946427106	0.16451415261422406	1.0	0.1702484776163976	0.3333333333333333	0.10822669009045142
mk	0.2187841884486319	0.14460251015071016	0.44948974278317805	0.20762661559076168	0.1714766622469841	0.1774053291584318	0.14239683829071742	0.1651595511962709	0.17097708522575011	0.16389424845156647	0.13783033191125046	0.40453726661826384	0.12617544063950045	0.13613162371251492	0.12743506606031665	0.16368167068787068	0.12899816995521637	0.17153613453760932	1.0	0.2399460763755442	0.28436465220442186	0.15873502411109364	0.15576291167975398	0.1447758806650037	0.12886593156405268	0.16947148820239993	0.13668420802140038	1.0	0.15709111359686925	0.16482807306697692	0.179128784747792	1.0	0.16058052493415062	0.22966848451216434	0.12097535254306496
ml	0.23302402810392372	0.2575741431273982	0.26968623182294527	0.21999522082563705	0.1907435698305462	0.19292728076790167	0.277848990519012	0.19393558839550695	0.1886378647726465	0.19496117573727967	0.19502228804560873	0.3380788308512194	0.2252867788478504	0.2108800314213326	0.2617568732384781	0.18660549686337075	0.2025055443207734	0.20232728689488633	0.2399460763755442	1.0	0.26051713205552895	0.20774665079012222	0.18660549686337075	0.188804641756879	0.2246970528550385	0.19393558839550695	0.26388321895986816	1.0	0.2482337868560469	0.19706627463452264	0.19292728076790167	1.0	0.21247524294252024	0.2372732414640341	0.23924059495736041
mr	0.3797958971132712	0.20521309615767266	0.4364916731037085	0.3797958971132712	0.40453726661826384	0.40453726661826384	0.2089279112114519	0.3797958971132712	0.3090169943749474	0.40453726661826384	0.3597752501562547	0.585786437626905	0.24828371682826425	0.27195617308673004	0.27429188517743175	0.3797958971132712	0.3078040733867505	0.3333333333333333	0.28436465220442186	0.26051713205552895	1.0	0.26113066060786383	0.40453726661826384	0.34018478492827836	0.2138866789551602	0.40453726661826384	0.23298356941578582	1.0	0.3164309725825328	0.28436465220442186	0.4364916731037085	1.0	0.3797958971132712	0.4364916731037085	0.2742918851774318
nl	0.21811727137442904	0.11548394657018232	0.3090169943749474	0.1927468057152784	0.09178438260242022	0.09336125048681698	0.0916011902571853	0.05852413854433391	0.07706092273117358	0.06091790796644111	0.08783688346798761	0.5	0.08184648216792613	0.09954238833173429	0.058886496306171036	0.06552764293441843	0.0848498110739928	0.1700431945670505	0.15873502411109364	0.20774665079012222	0.26113066060786383	1.0	0.09768468580722713	0.07967049549696112	0.10064135596855553	0.09863496784861317	0.10489921015993976	1.0	0.1441569812734779	0.1187624825608705	0.09928560539293682	1.0	0.11438055149751485	0.2636541189343806	0.06796730126025295
pl	0.30383243470068705	0.11233205529426492	0.585786437626905	0.1958697380708648	0.08847733007519118	0.09674375589234863	0.0906501879014602	0.07278199603221483	0.09350413186831605	0.07587449755342274	0.09221118779839883	0.5	0.08985958982035988	0.1092056283249921	0.07711631161328325	0.08181601065673749	0.08857056173998457	0.13719112678122689	0.15576291167975398	0.18660549686337075	0.40453726661826384	0.09768468580722713	1.0	0.08313323561879392	0.09597494484964576	0.09659079668866119	0.10780763148237868	1.0	0.14940661977050032	0.11918329674843846	0.10430562614220645	1.0	0.09068267640120903	0.3333333333333333	0.08423354248770037
pt	0.24585447702749752	0.16082880700142793	0.3266316347104093	0.16222396291013896	0.08477232940596523	0.07406510536934977	0.13547914347429282	0.12739255521443246	0.07717372162287206	0.10037502053083283	0.09886850846785392	0.40453726661826384	0.30998485794606934	0.14450867091111178	0.3009726609120531	0.10140617035668202	0.2697787467892429	0.1254016731861639	0.1447758806650037	0.188804641756879	0.34018478492827836	0.07967049549696112	0.08313323561879392	1.0	0.16365789145275084	0.07515131559383334	0.15864100100748035	1.0	0.1100959889816943	0.13577064195019803	0.07343096181933177	1.0	0.09095461099642117	0.2204812092115424	0.1321051185122559
ro	0.17224354252555013	0.37608198189175557	0.24399845080999227	0.15110469485751274	0.08797101800984884	0.08367406646305925	0.22845822041806005	0.14369626238569302	0.0884164453210664	0.09111766253545285	0.10561373870252967	0.585786437626905	0.3299391310893116	0.16582597651154413	0.18459419378324998	0.09340618181702068	0.32243043065190535	0.11633460439995644	0.12886593156405268	0.2246970528550385	0.2138866789551602	0.10064135596855553	0.09597494484964576	0.16365789145275084	1.0	0.08529598883655311	0.3370362731838817	1.0	0.11071020016348912	0.12631907180395952	0.08373978457333958	1.0	0.10586761248569974	0.15191308535297487	0.32121363469708913
ru	0.29429805508554946	0.10793992865138509	0.585786437626905	0.20785579691275263	0.06995498848673867	0.070795902686913	0.08698944670755988	0.050973078075179715	0.05882332396026895	0.05021331945219488	0.0898953298496898	0.585786437626905	0.07293701442826764	0.09640862131800354	0.05868421381650231	0.05909662661457199	0.08037862862119995	0.16571624174008723	0.16947148820239993	0.19393558839550695	0.40453726661826384	0.09863496784861317	0.09659079668866119	0.07515131559383334	0.08529598883655311	1.0	0.09963852787159119	1.0	0.1558352756885274	0.12371835647352872	0.09353864402903271	1.0	0.09439989602081014	0.5	0.06643962769181397
sh	0.1576108000676575	0.4231311797947118	0.24257131419419417	0.1515704801022949	0.10043503481803315	0.09931348143750102	0.17134947217970636	0.10446719617801715	0.1053789199954101	0.10239603040989761	0.12175841491275502	0.41319688409934685	0.25515132192341755	0.172316605072326	0.24761858506994475	0.10398073098139815	0.373109189770467	0.10868561162770467	0.13668420802140038	0.26388321895986816	0.23298356941578582	0.10489921015993976	0.10780763148237868	0.15864100100748035	0.3370362731838817	0.09963852787159119	1.0	1.0	0.12591214690327915	0.14022346722355652	0.09949593670747234	1.0	0.10587762442731574	0.14218195625986843	0.1803328586875853
si	1.0	1.0	1.0	1.0	1.0	1.0	1.0	1.0	1.0	1.0	1.0	1.0	1.0	1.0	1.0	1.0	1.0	1.0	1.0	1.0	1.0	1.0	1.0	1.0	1.0	1.0	1.0	1.0	1.0	1.0	1.0	1.0	1.0	1.0	1.0
simple	0.21060022703434964	0.14235972513872264	0.5	0.20079196148278772	0.1599737300157011	0.15629603798593625	0.12631651204191355	0.12502381821495112	0.1332603160047908	0.13669044876895586	0.135660897801386	0.585786437626905	0.12275902181168208	0.11522563029649849	0.10404749112058592	0.14604433208170017	0.10995931567972549	0.16517087924209764	0.15709111359686925	0.2482337868560469	0.3164309725825328	0.1441569812734779	0.14940661977050032	0.1100959889816943	0.11071020016348912	0.1558352756885274	0.12591214690327915	1.0	1.0	0.13027075274368732	0.1568077099300076	1.0	0.15515996518989586	0.25	0.10506399961189017
sr	0.23872583052761026	0.13493039154339145	0.39564392373896007	0.1855891656249915	0.12500416584282736	0.12092662812774928	0.13666504982110692	0.12169753001534679	0.1252593764341373	0.11864076067741616	0.11884663247267906	0.5	0.12771084961935858	0.11713447699704521	0.11499680580957224	0.12609668147812025	0.13182379593904406	0.12005802946427106	0.16482807306697692	0.19706627463452264	0.28436465220442186	0.1187624825608705	0.11918329674843846	0.13577064195019803	0.12631907180395952	0.12371835647352872	0.14022346722355652	1.0	0.13027075274368732	1.0	0.11993638832135534	1.0	0.11676411107181425	0.24257131419419417	0.11873696522688437
sv	0.31451985913875646	0.1079517736802239	1.0	0.20424934687768118	0.0682490877320566	0.10722577320165524	0.08715842747824383	0.05351556332698619	0.060669881631372	0.05683371347614954	0.08110000536437524	0.585786437626905	0.0771428356316827	0.09679200252643227	0.061009152846646535	0.05932375292960182	0.07918320708843307	0.16451415261422406	0.179128784747792	0.19292728076790167	0.4364916731037085	0.09928560539293682	0.10430562614220645	0.07343096181933177	0.08373978457333958	0.09353864402903271	0.09949593670747234	1.0	0.1568077099300076	0.11993638832135534	1.0	1.0	0.09625811513028279	1.0	0.0665909401943897
te	1.0	1.0	1.0	1.0	1.0	1.0	1.0	1.0	1.0	1.0	1.0	1.0	1.0	1.0	1.0	1.0	1.0	1.0	1.0	1.0	1.0	1.0	1.0	1.0	1.0	1.0	1.0	1.0	1.0	1.0	1.0	1.0	1.0	1.0	1.0
vi	0.23166247903554	0.11778480407450206	0.5	0.20404048116142212	0.11018479859663347	0.10030361288023676	0.10143406143625425	0.08935529575879979	0.09898276362466558	0.0877287401292671	0.09909890862754786	0.5	0.09529069915169999	0.1045453000284081	0.09042171805953453	0.1034917504901485	0.09873954768299226	0.1702484776163976	0.16058052493415062	0.21247524294252024	0.3797958971132712	0.11438055149751485	0.09068267640120903	0.09095461099642117	0.10586761248569974	0.09439989602081014	0.10587762442731574	1.0	0.15515996518989586	0.11676411107181425	0.09625811513028279	1.0	1.0	0.29429805508554946	0.0914653872746089
war	0.39564392373896007	0.15225881209433406	1.0	0.3021694792519622	0.5	0.5	0.16722520332754173	0.3430703308172536	0.3090169943749474	0.36602540378443865	0.3333333333333333	0.585786437626905	0.15225881209433406	0.1784329590736899	0.18581211318908403	0.44948974278317805	0.1827439976315568	0.3333333333333333	0.22966848451216434	0.2372732414640341	0.4364916731037085	0.2636541189343806	0.3333333333333333	0.2204812092115424	0.15191308535297487	0.5	0.14218195625986843	1.0	0.25	0.24257131419419417	1.0	1.0	0.29429805508554946	1.0	0.18502951679940477
zh	0.17035605593470945	0.174226355923636	0.3430703308172536	0.1625010880481418	0.08774608928109122	0.06323256962499013	0.17803866841032406	0.11240343657162823	0.08678705101944799	0.07865883942881388	0.08808268066541423	0.585786437626905	0.23236378227606685	0.15840763188308965	0.2683797388609053	0.09060784217362894	0.3230717542721438	0.10822669009045142	0.12097535254306496	0.23924059495736041	0.2742918851774318	0.06796730126025295	0.08423354248770037	0.1321051185122559	0.32121363469708913	0.06643962769181397	0.1803328586875853	1.0	0.10506399961189017	0.11873696522688437	0.0665909401943897	1.0	0.0914653872746089	0.18502951679940477	1.0
