arz	bs	ceb	ckb	da	de	el	en	es	fr	he	hi	hu	id	it	ja	ko	lv	mk	ml	mr	nl	pl	pt	ro	ru	sh	si	simple	sr	sv	te	vi	war	zh
arz	0.5	1.0	0.0	1.0	0.5	0.5	0.5	0.5	0.5	0.5	0.5	0.5	0.5	0.5	0.5	0.5	0.5	1.0	0.0	1.0	0.0	0.5	0.5	0.5	0.5	0.5	0.5	0.0	1.0	0.5	0.5	0.0	0.5	1.0	0.5
bs	1.0	0.09091735537190083	1.0	0.25	0.125	0.09090909090909091	0.2	0.09090909090909091	0.09090909090909091	0.09090909090909091	0.1	0.2	0.16666666666666666	0.1	0.09090909090909091	0.09090909090909091	0.09090909090909091	0.14285714285714285	0.25	0.16666666666666666	0.5	0.1	0.1	0.09090909090909091	0.125	0.1	0.09091735537190083	0.0	0.125	0.09090909090909091	0.09090909090909091	0.2	0.125	0.5	0.09090909090909091
ceb	0.0	1.0	1.0	1.0	1.0	1.0	1.0	1.0	1.0	1.0	1.0	1.0	1.0	1.0	1.0	1.0	1.0	1.0	0.0	1.0	0.0	1.0	1.0	1.0	1.0	0.0	1.0	0.0	1.0	1.0	1.0	1.0	1.0	0.0	1.0
ckb	1.0	0.25	1.0	0.09090909090909091	0.125	0.09090909090909091	0.1111111111111111	0.09090909090909091	0.09090909090909091	0.09090909090909091	0.1	0.125	0.1111111111111111	0.1111111111111111	0.09090909090909091	0.1111111111111111	0.1111111111111111	0.14285714285714285	0.16666666666666666	0.14285714285714285	0.3333333333333333	0.09090909090909091	0.09090909090909091	0.1	0.1	0.1	0.125	0.5	0.1111111111111111	0.1	0.09090909090909091	0.16666666666666666	0.1111111111111111	0.3333333333333333	0.1
da	0.5	0.125	1.0	0.125	0.027782409722993825	0.030303030303030304	0.06666666666666667	0.027777777777777776	0.03125	0.029411764705882353	0.03225806451612903	0.06666666666666667	0.06666666666666667	0.038461538461538464	0.03333333333333333	0.03225806451612903	0.037037037037037035	0.07692307692307693	0.16666666666666666	0.08333333333333333	0.2	0.03225806451612903	0.03225806451612903	0.03225806451612903	0.05	0.03225806451612903	0.04166840277777777	0.5	0.045454545454545456	0.03571428571428571	0.034482758620689655	0.125	0.05	0.3333333333333333	0.038461538461538464
de	0.5	0.09090909090909091	1.0	0.09090909090909091	0.030303030303030304	0.010761483416585851	0.045454545454545456	0.012048337930033388	0.013888888888888888	0.013333333333333334	0.021739130434782608	0.05	0.05	0.023809523809523808	0.014285714285714285	0.01818181818181818	0.023255813953488372	0.0625	0.09090909090909091	0.07142857142857142	0.16666666666666666	0.015625244140625	0.015625	0.014286530612244896	0.03571428571428571	0.01587326782564878	0.025642340565417487	0.5	0.03333333333333333	0.02	0.016666666666666666	0.1	0.029411764705882353	0.3333333333333333	0.020833333333333332
el	0.5	0.2	1.0	0.1111111111111111	0.06666666666666667	0.045454545454545456	0.04	0.041666666666666664	0.041666666666666664	0.041666666666666664	0.05263157894736842	0.08333333333333333	0.09090909090909091	0.05555555555555555	0.05	0.05263157894736842	0.05263157894736842	0.09090909090909091	0.14285714285714285	0.1	0.25	0.041666666666666664	0.047619047619047616	0.047619047619047616	0.058823529411764705	0.05263157894736842	0.0625	0.5	0.06666666666666667	0.05263157894736842	0.047619047619047616	0.16666666666666666	0.06666666666666667	0.3333333333333333	0.05555555555555555
en	0.5	0.09090909090909091	1.0	0.09090909090909091	0.027777777777777776	0.012048337930033388	0.041666666666666664	0.007080750711716567	0.010417317816840278	0.010989252505736022	0.018867924528301886	0.045454545454545456	0.05555555555555555	0.022727789256198346	0.012196609458655562	0.01639344262295082	0.02127659574468085	0.058823529411764705	0.09090909090909091	0.0625	0.16666666666666666	0.014084903788930767	0.012987350312025636	0.011631152785424554	0.03225910509885536	0.013513513513513514	0.02501250125	0.5	0.030303030303030304	0.017544475223145582	0.01449317370300357	0.09090909090909091	0.02631578947368421	0.3333333333333333	0.018518518518518517
es	0.5	0.09090909090909091	1.0	0.09090909090909091	0.03125	0.013888888888888888	0.041666666666666664	0.010417317816840278	0.010213358298533226	0.01250015625	0.020833333333333332	0.047619047619047616	0.058823529411764705	0.024390838786436643	0.013698817789453933	0.018867924528301886	0.022727272727272728	0.0625	0.09090909090909091	0.0625	0.16666666666666666	0.016129032258064516	0.015151515151515152	0.012658708700689152	0.03448394768133174	0.016666666666666666	0.026319252077562322	0.5	0.03125	0.020000399999999998	0.016393711367911852	0.09090909090909091	0.03125	0.3333333333333333	0.02040816326530612
fr	0.5	0.09090909090909091	1.0	0.09090909090909091	0.029411764705882353	0.013333333333333334	0.041666666666666664	0.010989252505736022	0.01250015625	0.009818457648750474	0.0196078431372549	0.047619047619047616	0.05263157894736842	0.023810090702947845	0.014286122448979591	0.018518518518518517	0.023255813953488372	0.058823529411764705	0.09090909090909091	0.06666666666666667	0.16666666666666666	0.015625	0.015384852071005919	0.013158933864439058	0.034482758620689655	0.015151515151515152	0.025646285996055226	0.5	0.03225806451612903	0.019231139053254437	0.01724167657550535	0.1	0.03125	0.3333333333333333	0.02040816326530612
he	0.5	0.1	1.0	0.1	0.03225806451612903	0.021739130434782608	0.05263157894736842	0.018867924528301886	0.020833333333333332	0.0196078431372549	0.018867924528301886	0.05263157894736842	0.05555555555555555	0.030303030303030304	0.022222222222222223	0.02564102564102564	0.027777777777777776	0.0625	0.1	0.07142857142857142	0.16666666666666666	0.02127659574468085	0.023255813953488372	0.020833333333333332	0.04	0.022727272727272728	0.02857142857142857	0.5	0.037037037037037035	0.023255813953488372	0.022727272727272728	0.1	0.037037037037037035	0.3333333333333333	0.02631578947368421
hi	0.5	0.2	1.0	0.125	0.06666666666666667	0.05	0.08333333333333333	0.045454545454545456	0.047619047619047616	0.047619047619047616	0.05263157894736842	0.045454545454545456	0.1	0.0625	0.05263157894736842	0.05	0.05263157894736842	0.125	0.16666666666666666	0.14285714285714285	0.25	0.05	0.058823529411764705	0.047619047619047616	0.07692307692307693	0.05263157894736842	0.07142857142857142	0.5	0.06666666666666667	0.06666666666666667	0.05	0.125	0.0625	0.5	0.05555555555555555
hu	0.5	0.16666666666666666	1.0	0.1111111111111111	0.06666666666666667	0.05	0.09090909090909091	0.05555555555555555	0.058823529411764705	0.05263157894736842	0.05555555555555555	0.1	0.04548556407646696	0.06250390624999999	0.058823529411764705	0.0625	0.06666666666666667	0.1111111111111111	0.14285714285714285	0.125	0.3333333333333333	0.058823529411764705	0.0625	0.05555555555555555	0.07142857142857142	0.058823529411764705	0.058830449826989616	0.5	0.08333333333333333	0.05555864197530863	0.05882698961937716	0.16666666666666666	0.08333333333333333	0.3333333333333333	0.0625
id	0.5	0.1	1.0	0.1111111111111111	0.038461538461538464	0.023809523809523808	0.05555555555555555	0.022727789256198346	0.024390838786436643	0.023810090702947845	0.030303030303030304	0.0625	0.06250390624999999	0.02223407852	0.023255813953488372	0.02702702702702703	0.034482758620689655	0.07692307692307693	0.1	0.07142857142857142	0.16666666666666666	0.025	0.02631578947368421	0.022728305785123963	0.04	0.02631578947368421	0.031253906250000005	0.5	0.041666666666666664	0.030303948576675847	0.02564102564102564	0.1111111111111111	0.045454545454545456	0.3333333333333333	0.027777777777777776
it	0.5	0.09090909090909091	1.0	0.09090909090909091	0.03333333333333333	0.014285714285714285	0.05	0.012196609458655562	0.013698817789453933	0.014286122448979591	0.022222222222222223	0.05263157894736842	0.058823529411764705	0.023255813953488372	0.012219713527157701	0.02	0.023809523809523808	0.0625	0.09090909090909091	0.06666666666666667	0.16666666666666666	0.01724167657550535	0.015384852071005919	0.013514974616508399	0.034482758620689655	0.017543859649122806	0.0263254889203608	0.5	0.034482758620689655	0.020834201388888886	0.01694972708991669	0.09090909090909091	0.030303030303030304	0.3333333333333333	0.02127659574468085
ja	0.5	0.09090909090909091	1.0	0.1111111111111111	0.03225806451612903	0.01818181818181818	0.05263157894736842	0.01639344262295082	0.018867924528301886	0.018518518518518517	0.02564102564102564	0.05	0.0625	0.02702702702702703	0.02	0.01639344262295082	0.023809523809523808	0.06666666666666667	0.1111111111111111	0.06666666666666667	0.16666666666666666	0.02127659574468085	0.02127659574468085	0.018518518518518517	0.03571428571428571	0.020833333333333332	0.02857142857142857	0.5	0.037037037037037035	0.023809523809523808	0.020833333333333332	0.1	0.03571428571428571	0.3333333333333333	0.023255813953488372
ko	0.5	0.09090909090909091	1.0	0.1111111111111111	0.037037037037037035	0.023255813953488372	0.05263157894736842	0.02127659574468085	0.022727272727272728	0.023255813953488372	0.027777777777777776	0.05263157894736842	0.06666666666666667	0.034482758620689655	0.023809523809523808	0.023809523809523808	0.02127659574468085	0.07142857142857142	0.1	0.07692307692307693	0.16666666666666666	0.02631578947368421	0.025	0.022222222222222223	0.043478260869565216	0.025	0.03225806451612903	0.5	0.037037037037037035	0.02564102564102564	0.024390243902439025	0.1	0.03571428571428571	0.3333333333333333	0.025
lv	1.0	0.14285714285714285	1.0	0.14285714285714285	0.07692307692307693	0.0625	0.09090909090909091	0.058823529411764705	0.0625	0.058823529411764705	0.0625	0.125	0.1111111111111111	0.07692307692307693	0.0625	0.06666666666666667	0.07142857142857142	0.058833910034602074	0.2	0.1	0.3333333333333333	0.058823529411764705	0.0625	0.07142857142857142	0.07142857142857142	0.0625	0.06666666666666667	0.5	0.09090909090909091	0.06666666666666667	0.0625	0.16666666666666666	0.09090909090909091	0.3333333333333333	0.06666666666666667
mk	0.0	0.25	0.0	0.16666666666666666	0.16666666666666666	0.09090909090909091	0.14285714285714285	0.09090909090909091	0.09090909090909091	0.09090909090909091	0.1	0.16666666666666666	0.14285714285714285	0.1	0.09090909090909091	0.1111111111111111	0.1	0.2	0.09090909090909091	0.16666666666666666	0.25	0.09090909090909091	0.1	0.09090909090909091	0.125	0.1	0.125	0.5	0.1111111111111111	0.1	0.09090909090909091	0.2	0.1111111111111111	0.5	0.1
ml	1.0	0.16666666666666666	1.0	0.14285714285714285	0.08333333333333333	0.07142857142857142	0.1	0.0625	0.0625	0.06666666666666667	0.07142857142857142	0.14285714285714285	0.125	0.07142857142857142	0.06666666666666667	0.06666666666666667	0.07692307692307693	0.1	0.16666666666666666	0.0625	0.25	0.06666666666666667	0.07142857142857142	0.06666666666666667	0.06666666666666667	0.07692307692307693	0.07692307692307693	0.5	0.07142857142857142	0.07142857142857142	0.06666666666666667	0.2	0.08333333333333333	0.3333333333333333	0.07142857142857142
mr	0.0	0.5	0.0	0.3333333333333333	0.2	0.16666666666666666	0.25	0.16666666666666666	0.16666666666666666	0.16666666666666666	0.16666666666666666	0.25	0.3333333333333333	0.16666666666666666	0.16666666666666666	0.16666666666666666	0.16666666666666666	0.3333333333333333	0.25	0.25	0.16666666666666666	0.16666666666666666	0.16666666666666666	0.16666666666666666	0.25	0.2	0.16666666666666666	1.0	0.16666666666666666	0.16666666666666666	0.16666666666666666	0.25	0.2	1.0	0.16666666666666666
nl	0.5	0.1	1.0	0.09090909090909091	0.03225806451612903	0.015625244140625	0.041666666666666664	0.014084903788930767	0.016129032258064516	0.015625	0.02127659574468085	0.05	0.058823529411764705	0.025	0.01724167657550535	0.02127659574468085	0.02631578947368421	0.058823529411764705	0.09090909090909091	0.06666666666666667	0.16666666666666666	0.013170546759884709	0.017543859649122806	0.01666888916694472	0.034482758620689655	0.018867924528301886	0.02703360336157926	0.5	0.034482758620689655	0.02173960302457467	0.017543859649122806	0.1	0.03333333333333333	0.3333333333333333	0.022727272727272728
pl	0.5	0.1	1.0	0.09090909090909091	0.03225806451612903	0.015625	0.047619047619047616	0.012987350312025636	0.015151515151515152	0.015384852071005919	0.023255813953488372	0.058823529411764705	0.0625	0.02631578947368421	0.015384852071005919	0.02127659574468085	0.025	0.0625	0.1	0.07142857142857142	0.16666666666666666	0.017543859649122806	0.01235452522847325	0.01587402368354749	0.034482758620689655	0.01818181818181818	0.027030679327976623	0.5	0.037037037037037035	0.021739130434782608	0.018868280526877893	0.1	0.03225806451612903	0.3333333333333333	0.022222222222222223
pt	0.5	0.09090909090909091	1.0	0.1	0.03225806451612903	0.014286530612244896	0.047619047619047616	0.011631152785424554	0.012658708700689152	0.013158933864439058	0.020833333333333332	0.047619047619047616	0.05555555555555555	0.022728305785123963	0.013514974616508399	0.018518518518518517	0.022222222222222223	0.07142857142857142	0.09090909090909091	0.06666666666666667	0.16666666666666666	0.01666888916694472	0.01587402368354749	0.011449503842330832	0.03571428571428571	0.01694915254237288	0.025666030255761352	0.5	0.033334444444444444	0.018869348522605908	0.016666944444444443	0.09090909090909091	0.02857142857142857	0.3333333333333333	0.0196078431372549
ro	0.5	0.125	1.0	0.1	0.05	0.03571428571428571	0.058823529411764705	0.03225910509885536	0.03448394768133174	0.034482758620689655	0.04	0.07692307692307693	0.07142857142857142	0.04	0.034482758620689655	0.03571428571428571	0.043478260869565216	0.07142857142857142	0.125	0.06666666666666667	0.25	0.034482758620689655	0.034482758620689655	0.03571428571428571	0.03226326742976067	0.037037037037037035	0.04545867768595041	0.5	0.05263157894736842	0.041666666666666664	0.037037037037037035	0.16666666666666666	0.05263157894736842	0.3333333333333333	0.037037037037037035
ru	0.5	0.1	0.0	0.1	0.03225806451612903	0.01587326782564878	0.05263157894736842	0.013513513513513514	0.016666666666666666	0.015151515151515152	0.022727272727272728	0.05263157894736842	0.058823529411764705	0.02631578947368421	0.017543859649122806	0.020833333333333332	0.025	0.0625	0.1	0.07692307692307693	0.2	0.018867924528301886	0.01818181818181818	0.01694915254237288	0.037037037037037035	0.012346288675506781	0.027777777777777776	0.5	0.037037037037037035	0.02127659574468085	0.018867924528301886	0.1	0.03333333333333333	0.3333333333333333	0.023255813953488372
sh	0.5	0.09091735537190083	1.0	0.125	0.04166840277777777	0.025642340565417487	0.0625	0.02501250125	0.026319252077562322	0.025646285996055226	0.02857142857142857	0.07142857142857142	0.058830449826989616	0.031253906250000005	0.0263254889203608	0.02857142857142857	0.03225806451612903	0.06666666666666667	0.125	0.07692307692307693	0.16666666666666666	0.02703360336157926	0.027030679327976623	0.025666030255761352	0.04545867768595041	0.027777777777777776	0.024671240634384594	0.5	0.04762358276643991	0.025648917817225513	0.027780864197530862	0.1	0.043478260869565216	0.3333333333333333	0.030303030303030304
si	0.0	0.0	0.0	0.5	0.5	0.5	0.5	0.5	0.5	0.5	0.5	0.5	0.5	0.5	0.5	0.5	0.5	0.5	0.5	0.5	1.0	0.5	0.5	0.5	0.5	0.5	0.5	0.5	0.5	0.5	0.5	0.5	0.5	1.0	0.5
simple	1.0	0.125	1.0	0.1111111111111111	0.045454545454545456	0.03333333333333333	0.06666666666666667	0.030303030303030304	0.03125	0.03225806451612903	0.037037037037037035	0.06666666666666667	0.08333333333333333	0.041666666666666664	0.034482758620689655	0.037037037037037035	0.037037037037037035	0.09090909090909091	0.1111111111111111	0.07142857142857142	0.16666666666666666	0.034482758620689655	0.037037037037037035	0.033334444444444444	0.05263157894736842	0.037037037037037035	0.04762358276643991	0.5	0.030315889807162533	0.037037037037037035	0.03571428571428571	0.1111111111111111	0.043478260869565216	0.3333333333333333	0.038461538461538464
sr	0.5	0.09090909090909091	1.0	0.1	0.03571428571428571	0.02	0.05263157894736842	0.017544475223145582	0.020000399999999998	0.019231139053254437	0.023255813953488372	0.06666666666666667	0.05555864197530863	0.030303948576675847	0.020834201388888886	0.023809523809523808	0.02564102564102564	0.06666666666666667	0.1	0.07142857142857142	0.16666666666666666	0.02173960302457467	0.021739130434782608	0.018869348522605908	0.041666666666666664	0.02127659574468085	0.025648917817225513	0.5	0.037037037037037035	0.0172666819750979	0.02127659574468085	0.1	0.03225806451612903	0.3333333333333333	0.025
sv	0.5	0.09090909090909091	1.0	0.09090909090909091	0.034482758620689655	0.016666666666666666	0.047619047619047616	0.01449317370300357	0.016393711367911852	0.01724167657550535	0.022727272727272728	0.05	0.05882698961937716	0.02564102564102564	0.01694972708991669	0.020833333333333332	0.024390243902439025	0.0625	0.09090909090909091	0.06666666666666667	0.16666666666666666	0.017543859649122806	0.018868280526877893	0.016666944444444443	0.037037037037037035	0.018867924528301886	0.027780864197530862	0.5	0.03571428571428571	0.02127659574468085	0.014297560619393471	0.1	0.030303030303030304	0.3333333333333333	0.022222222222222223
te	0.0	0.2	1.0	0.16666666666666666	0.125	0.1	0.16666666666666666	0.09090909090909091	0.09090909090909091	0.1	0.1	0.125	0.16666666666666666	0.1111111111111111	0.09090909090909091	0.1	0.1	0.16666666666666666	0.2	0.2	0.25	0.1	0.1	0.09090909090909091	0.16666666666666666	0.1	0.1	0.5	0.1111111111111111	0.1	0.1	0.09090909090909091	0.1111111111111111	0.5	0.1
vi	0.5	0.125	1.0	0.1111111111111111	0.05	0.029411764705882353	0.06666666666666667	0.02631578947368421	0.03125	0.03125	0.037037037037037035	0.0625	0.08333333333333333	0.045454545454545456	0.030303030303030304	0.03571428571428571	0.03571428571428571	0.09090909090909091	0.1111111111111111	0.08333333333333333	0.2	0.03333333333333333	0.03225806451612903	0.02857142857142857	0.05263157894736842	0.03333333333333333	0.043478260869565216	0.5	0.043478260869565216	0.03225806451612903	0.030303030303030304	0.1111111111111111	0.026316481994459833	0.3333333333333333	0.03225806451612903
war	1.0	0.5	0.0	0.3333333333333333	0.3333333333333333	0.3333333333333333	0.3333333333333333	0.3333333333333333	0.3333333333333333	0.3333333333333333	0.3333333333333333	0.5	0.3333333333333333	0.3333333333333333	0.3333333333333333	0.3333333333333333	0.3333333333333333	0.3333333333333333	0.5	0.3333333333333333	1.0	0.3333333333333333	0.3333333333333333	0.3333333333333333	0.3333333333333333	0.3333333333333333	0.3333333333333333	1.0	0.3333333333333333	0.3333333333333333	0.3333333333333333	0.5	0.3333333333333333	0.3333333333333333	0.3333333333333333
zh	0.5	0.09090909090909091	1.0	0.1	0.038461538461538464	0.020833333333333332	0.05555555555555555	0.018518518518518517	0.02040816326530612	0.02040816326530612	0.02631578947368421	0.05555555555555555	0.0625	0.027777777777777776	0.02127659574468085	0.023255813953488372	0.025	0.06666666666666667	0.1	0.07142857142857142	0.16666666666666666	0.022727272727272728	0.022222222222222223	0.0196078431372549	0.037037037037037035	0.023255813953488372	0.030303030303030304	0.5	0.038461538461538464	0.025	0.022222222222222223	0.1	0.03225806451612903	0.3333333333333333	0.018518518518518517
