arz	bs	ceb	ckb	da	de	el	en	es	fr	he	hi	hu	id	it	ja	ko	lv	mk	ml	mr	nl	pl	pt	ro	ru	sh	si	simple	sr	sv	te	vi	war	zh
arz	1.0	1.0	0.0	0.0	1.0	1.0	1.0	0.7584325078215763	0.7690990303325336	0.0	1.0	0.0	1.0	1.0	0.7690990303325336	0.7690990303325336	1.0	1.0	1.0	0.0	0.0	1.0	0.7690990303325336	0.7863954451402115	0.6827447964042134	0.7690990303325336	1.0	0.0	1.0	0.8216064286890065	1.0	0.0	1.0	0.0	0.7584325078215763
bs	1.0	1.0	0.6842047121221324	0.7690990303325336	0.5047624968617181	0.47251899621342486	0.7690990303325336	0.40672656153972486	0.5047624968617181	0.6071625062461016	0.5247994927102624	0.7510341748895939	0.5878127736042204	0.351232108630894	0.5047624968617181	0.5047624968617181	0.5047624968617181	0.7510341748895938	0.8252244849082945	0.7584325078215763	1.0	0.5047624968617181	0.48513498660097665	0.5047624968617181	0.5047624968617181	0.5047624968617181	0.5191095655808265	1.0	0.8137822343553781	0.5047624968617181	0.5047624968617181	1.0	0.5047624968617181	1.0	0.5047624968617181
ceb	0.0	0.6842047121221324	1.0	0.818737281890724	0.818737281890724	0.818737281890724	1.0	0.818737281890724	0.818737281890724	0.818737281890724	1.0	1.0	0.818737281890724	0.818737281890724	0.818737281890724	0.818737281890724	0.818737281890724	0.818737281890724	0.818737281890724	1.0	1.0	0.818737281890724	0.818737281890724	0.818737281890724	0.818737281890724	0.818737281890724	0.818737281890724	0.0	0.818737281890724	0.818737281890724	0.818737281890724	1.0	0.818737281890724	1.0	0.818737281890724
ckb	0.0	0.7690990303325336	0.818737281890724	1.0	1.0	0.7584325078215763	1.0	0.7584325078215763	1.0	1.0	1.0	1.0	1.0	0.7584325078215763	1.0	1.0	1.0	1.0	1.0	1.0	1.0	1.0	1.0	1.0	1.0	1.0	0.7584325078215763	0.0	1.0	1.0	1.0	1.0	1.0	1.0	1.0
da	1.0	0.5047624968617181	0.818737281890724	1.0	1.0	0.284460478332872	0.7411828468492556	0.2222234590444241	0.2926563315579151	0.3640929118291263	0.3111440622443721	0.6786291688147437	0.3075390038611589	0.3396486948182649	0.2961345425804467	0.3007551475948714	0.6167131210802119	0.7376607345031153	0.42995415895150896	0.7411828468492556	1.0	0.2943862811193779	0.2948533497967005	0.29038782247155503	0.30609029803923965	0.2944291296543454	0.645551999395154	1.0	0.6307278742192356	0.31435014741455153	0.2897982576558509	0.7863954451402115	0.313978350624254	1.0	0.29874433218234075
de	1.0	0.47251899621342486	0.818737281890724	0.7584325078215763	0.284460478332872	1.0	0.7376607345031153	0.19977262047870742	0.37463362912148146	0.31368684537438335	0.6084370696808219	0.7300208629885035	0.49448635387072487	0.3479536617380345	0.29554791476842746	0.4545115790172247	0.5704766118219915	0.6786291688147437	1.0	0.7322034805959264	0.7584325078215763	0.4027906011299102	0.33071252368494763	0.4232586888154747	0.594035352191565	0.4296820762615044	0.5065400378370217	1.0	0.5135398134100129	0.500854113740301	0.38871794940544724	1.0	0.4772179656109305	0.7690990303325336	0.4577467817635039
el	1.0	0.7690990303325336	1.0	1.0	0.7411828468492556	0.7376607345031153	1.0	0.6786291688147437	1.0	1.0	1.0	1.0	1.0	0.7376607345031153	0.6223041007404059	1.0	1.0	1.0	1.0	1.0	1.0	1.0	1.0	1.0	1.0	1.0	1.0	0.0	1.0	1.0	1.0	1.0	1.0	1.0	1.0
en	0.7584325078215763	0.40672656153972486	0.818737281890724	0.7584325078215763	0.2222234590444241	0.19977262047870742	0.6786291688147437	1.0	0.19512855287636702	0.20457673479547495	0.3884512606649092	0.6342607171472346	0.45341446640785005	0.2780838147859652	0.21487886136339074	0.2788515715143073	0.38017090826533273	0.6701212521966626	0.42489828324440815	0.6110569957520271	0.7584325078215763	0.26701694925826425	0.2333474886162286	0.2626491579014151	0.35440113003088575	0.2643396968731923	0.2305920003481493	1.0	0.358027228675002	0.22656925609867457	0.2571582534929927	1.0	0.2010972528374465	0.7690990303325336	0.29473850898739884
es	0.7690990303325336	0.5047624968617181	0.818737281890724	1.0	0.2926563315579151	0.37463362912148146	1.0	0.19512855287636702	1.0	0.332189388821258	1.0	1.0	0.6463474082678702	0.243064128186844	0.37696551452355365	0.6341911409180055	0.7122412578101112	1.0	1.0	1.0	1.0	0.3907270774519798	0.3383435031935887	0.4056382190593208	0.7199285383279772	0.4996707975141853	0.47260642840511613	1.0	0.6167131210802119	0.5159154405308586	0.4836032080240388	1.0	0.45501731585485405	1.0	0.6341911409180055
fr	0.0	0.6071625062461016	0.818737281890724	1.0	0.3640929118291263	0.31368684537438335	1.0	0.20457673479547495	0.332189388821258	1.0	0.7179915061657697	1.0	0.5408235142137402	0.34493211738552393	0.2765732750643765	0.5699531374585036	0.5935115359585372	0.7347168825662656	1.0	1.0	1.0	0.41200292491391033	0.328696298010143	0.38826230659142225	0.6081387406547981	0.4254021502780084	0.45102922470725015	1.0	0.5855625321285262	0.48622375856991656	0.3884294556636323	1.0	0.4264433099789777	1.0	0.574408816329549
he	1.0	0.5247994927102624	1.0	1.0	0.3111440622443721	0.6084370696808219	1.0	0.3884512606649092	1.0	0.7179915061657697	1.0	1.0	0.7248485669756152	0.3832220869153516	0.5622861214779106	1.0	1.0	1.0	1.0	1.0	1.0	1.0	0.583133552931004	0.718925811717485	1.0	1.0	0.7322034805959263	1.0	1.0	0.6144532717435798	0.718925811717485	1.0	0.7210092110599265	1.0	1.0
hi	0.0	0.7510341748895939	1.0	1.0	0.6786291688147437	0.7300208629885035	1.0	0.6342607171472346	1.0	1.0	1.0	1.0	0.7376607345031153	0.40516491656366316	1.0	1.0	1.0	1.0	1.0	1.0	1.0	1.0	1.0	1.0	1.0	1.0	1.0	1.0	1.0	1.0	1.0	1.0	0.7347168825662657	1.0	1.0
hu	1.0	0.5878127736042204	0.818737281890724	1.0	0.3075390038611589	0.49448635387072487	1.0	0.45341446640785005	0.6463474082678702	0.5408235142137402	0.7248485669756152	0.7376607345031153	1.0	0.36519950622021846	0.5304260623757378	0.6475250169846578	0.718925811717485	1.0	1.0	0.7376607345031153	1.0	0.5902137392623067	0.5117001047901136	0.5569549923118107	0.7248485669756152	0.6487871090048528	1.0	1.0	0.5685430765086736	0.5904506347892131	0.5313449094503264	1.0	0.5966399592430951	1.0	0.6463474082678704
id	1.0	0.351232108630894	0.818737281890724	0.7584325078215763	0.3396486948182649	0.3479536617380345	0.7376607345031153	0.2780838147859652	0.243064128186844	0.34493211738552393	0.3832220869153516	0.40516491656366316	0.36519950622021846	1.0	0.2639750735618846	0.3527384218850471	0.3660910309667957	0.41360553468474	0.43526109167898114	0.7376607345031153	0.7584325078215763	0.3496544250036914	0.2410726129146803	0.2393988914755193	0.38654337503423436	0.35089150069546976	0.43079127086964397	1.0	0.37562623749982416	0.3546098618579646	0.36367090672550156	1.0	0.2565597097249559	0.7690990303325336	0.2795453153713474
it	0.7690990303325336	0.5047624968617181	0.818737281890724	1.0	0.2961345425804467	0.29554791476842746	0.6223041007404059	0.21487886136339074	0.37696551452355365	0.2765732750643765	0.5622861214779106	1.0	0.5304260623757378	0.2639750735618846	1.0	0.3389776730296403	0.5310742086185168	1.0	0.7455134344225701	0.6110569957520273	1.0	0.4328649831977372	0.3558405692518825	0.3042048153124077	0.5866241954474569	0.4247249358987942	0.45084589302031375	1.0	0.5317153637303261	0.5289199021960446	0.34978121207970264	1.0	0.34156470918921084	1.0	0.4781929242363259
ja	0.7690990303325336	0.5047624968617181	0.818737281890724	1.0	0.3007551475948714	0.4545115790172247	1.0	0.2788515715143073	0.6341911409180055	0.5699531374585036	1.0	1.0	0.6475250169846578	0.3527384218850471	0.3389776730296403	1.0	1.0	1.0	1.0	1.0	1.0	0.5932464233149597	0.4744847996808742	0.5624020363072971	1.0	1.0	0.48007244758454204	1.0	0.656831820236204	0.5707120090385179	0.5077466381426573	1.0	0.5090232067806927	1.0	1.0
ko	1.0	0.5047624968617181	0.818737281890724	1.0	0.6167131210802119	0.5704766118219915	1.0	0.38017090826533273	0.7122412578101112	0.5935115359585372	1.0	1.0	0.718925811717485	0.3660910309667957	0.5310742086185168	1.0	1.0	1.0	1.0	1.0	1.0	0.7147973711694583	0.5483171677738148	0.5171758824398858	1.0	1.0	0.5088611472246091	1.0	0.7263875964832448	0.6094839682520681	0.6037638397743438	1.0	0.5230616401677104	1.0	1.0
lv	1.0	0.7510341748895938	0.818737281890724	1.0	0.7376607345031153	0.6786291688147437	1.0	0.6701212521966626	1.0	0.7347168825662656	1.0	1.0	1.0	0.41360553468474	1.0	1.0	1.0	1.0	1.0	1.0	1.0	1.0	0.7347168825662656	0.7347168825662656	1.0	1.0	0.6298962331140651	1.0	1.0	0.7411828468492556	1.0	1.0	0.7411828468492556	1.0	1.0
mk	1.0	0.8252244849082945	0.818737281890724	1.0	0.42995415895150896	1.0	1.0	0.42489828324440815	1.0	1.0	1.0	1.0	1.0	0.43526109167898114	0.7455134344225701	1.0	1.0	1.0	1.0	1.0	1.0	1.0	0.7455134344225701	1.0	1.0	1.0	1.0	0.0	1.0	1.0	1.0	1.0	1.0	1.0	1.0
ml	0.0	0.7584325078215763	1.0	1.0	0.7411828468492556	0.7322034805959264	1.0	0.6110569957520271	1.0	1.0	1.0	1.0	0.7376607345031153	0.7376607345031153	0.6110569957520273	1.0	1.0	1.0	1.0	1.0	1.0	1.0	0.7376607345031152	1.0	1.0	1.0	1.0	1.0	1.0	1.0	0.7347168825662658	1.0	0.7376607345031152	1.0	1.0
mr	0.0	1.0	1.0	1.0	1.0	0.7584325078215763	1.0	0.7584325078215763	1.0	1.0	1.0	1.0	1.0	0.7584325078215763	1.0	1.0	1.0	1.0	1.0	1.0	1.0	1.0	1.0	1.0	1.0	1.0	1.0	0.0	1.0	1.0	1.0	1.0	1.0	1.0	1.0
nl	1.0	0.5047624968617181	0.818737281890724	1.0	0.2943862811193779	0.4027906011299102	1.0	0.26701694925826425	0.3907270774519798	0.41200292491391033	1.0	1.0	0.5902137392623067	0.3496544250036914	0.4328649831977372	0.5932464233149597	0.7147973711694583	1.0	1.0	1.0	1.0	1.0	0.4197752818156899	0.5532507453581366	1.0	0.5182333761089798	0.5586948029842127	1.0	0.5991484159935233	0.5150502858285626	0.5246100625303629	1.0	0.59049000347534	1.0	0.5633784306649205
pl	0.7690990303325336	0.48513498660097665	0.818737281890724	1.0	0.2948533497967005	0.33071252368494763	1.0	0.2333474886162286	0.3383435031935887	0.328696298010143	0.583133552931004	1.0	0.5117001047901136	0.2410726129146803	0.3558405692518825	0.4744847996808742	0.5483171677738148	0.7347168825662656	0.7455134344225701	0.7376607345031152	1.0	0.4197752818156899	1.0	0.3718167737817807	0.5655779570924507	0.5171378785088624	0.5541813703172846	1.0	0.5536038146279001	0.5151304239602952	0.3753450872624625	1.0	0.5070153938365428	1.0	0.4520130687968001
pt	0.7863954451402115	0.5047624968617181	0.818737281890724	1.0	0.29038782247155503	0.4232586888154747	1.0	0.2626491579014151	0.4056382190593208	0.38826230659142225	0.718925811717485	1.0	0.5569549923118107	0.2393988914755193	0.3042048153124077	0.5624020363072971	0.5171758824398858	0.7347168825662656	1.0	1.0	1.0	0.5532507453581366	0.3718167737817807	1.0	0.6393867611309196	0.48005830486772927	0.4681955820509805	1.0	0.6589257440209709	0.524633709293085	0.47569046489588457	1.0	0.45605120804358834	1.0	0.4950762286934875
ro	0.6827447964042134	0.5047624968617181	0.818737281890724	1.0	0.30609029803923965	0.594035352191565	1.0	0.35440113003088575	0.7199285383279772	0.6081387406547981	1.0	1.0	0.7248485669756152	0.38654337503423436	0.5866241954474569	1.0	1.0	1.0	1.0	1.0	1.0	1.0	0.5655779570924507	0.6393867611309196	1.0	0.718925811717485	0.5712408825943465	1.0	1.0	0.6451356057815301	0.5946211635197265	1.0	0.6428729384450957	1.0	1.0
ru	0.7690990303325336	0.5047624968617181	0.818737281890724	1.0	0.2944291296543454	0.4296820762615044	1.0	0.2643396968731923	0.4996707975141853	0.4254021502780084	1.0	1.0	0.6487871090048528	0.35089150069546976	0.4247249358987942	1.0	1.0	1.0	1.0	1.0	1.0	0.5182333761089798	0.5171378785088624	0.48005830486772927	0.718925811717485	1.0	0.5247990897001101	1.0	0.656831820236204	0.6020527707922663	0.494108270976052	1.0	0.5617690240409906	1.0	1.0
sh	1.0	0.5191095655808265	0.818737281890724	0.7584325078215763	0.645551999395154	0.5065400378370217	1.0	0.2305920003481493	0.47260642840511613	0.45102922470725015	0.7322034805959263	1.0	1.0	0.43079127086964397	0.45084589302031375	0.48007244758454204	0.5088611472246091	0.6298962331140651	1.0	1.0	1.0	0.5586948029842127	0.5541813703172846	0.4681955820509805	0.5712408825943465	0.5247990897001101	1.0	1.0	0.6067454105236015	0.30997712515014675	0.5293842528210392	1.0	0.47509825489312374	1.0	0.5270897455843768
si	0.0	1.0	0.0	0.0	1.0	1.0	0.0	1.0	1.0	1.0	1.0	1.0	1.0	1.0	1.0	1.0	1.0	1.0	0.0	1.0	0.0	1.0	1.0	1.0	1.0	1.0	1.0	1.0	0.0	1.0	1.0	0.0	1.0	1.0	1.0
simple	1.0	0.8137822343553781	0.818737281890724	1.0	0.6307278742192356	0.5135398134100129	1.0	0.358027228675002	0.6167131210802119	0.5855625321285262	1.0	1.0	0.5685430765086736	0.37562623749982416	0.5317153637303261	0.656831820236204	0.7263875964832448	1.0	1.0	1.0	1.0	0.5991484159935233	0.5536038146279001	0.6589257440209709	1.0	0.656831820236204	0.6067454105236015	0.0	1.0	0.728099120889861	0.661251134120194	1.0	0.6667969795412325	1.0	0.656831820236204
sr	0.8216064286890065	0.5047624968617181	0.818737281890724	1.0	0.31435014741455153	0.500854113740301	1.0	0.22656925609867457	0.5159154405308586	0.48622375856991656	0.6144532717435798	1.0	0.5904506347892131	0.3546098618579646	0.5289199021960446	0.5707120090385179	0.6094839682520681	0.7411828468492556	1.0	1.0	1.0	0.5150502858285626	0.5151304239602952	0.524633709293085	0.6451356057815301	0.6020527707922663	0.30997712515014675	1.0	0.728099120889861	1.0	0.5640417995740002	1.0	0.4271061622924511	1.0	0.6020527707922663
sv	1.0	0.5047624968617181	0.818737281890724	1.0	0.2897982576558509	0.38871794940544724	1.0	0.2571582534929927	0.4836032080240388	0.3884294556636323	0.718925811717485	1.0	0.5313449094503264	0.36367090672550156	0.34978121207970264	0.5077466381426573	0.6037638397743438	1.0	1.0	0.7347168825662658	1.0	0.5246100625303629	0.3753450872624625	0.47569046489588457	0.5946211635197265	0.494108270976052	0.5293842528210392	1.0	0.661251134120194	0.5640417995740002	1.0	1.0	0.5597279540427167	1.0	0.5113280385740993
te	0.0	1.0	1.0	1.0	0.7863954451402115	1.0	1.0	1.0	1.0	1.0	1.0	1.0	1.0	1.0	1.0	1.0	1.0	1.0	1.0	1.0	1.0	1.0	1.0	1.0	1.0	1.0	1.0	0.0	1.0	1.0	1.0	1.0	1.0	1.0	1.0
vi	1.0	0.5047624968617181	0.818737281890724	1.0	0.313978350624254	0.4772179656109305	1.0	0.2010972528374465	0.45501731585485405	0.4264433099789777	0.7210092110599265	0.7347168825662657	0.5966399592430951	0.2565597097249559	0.34156470918921084	0.5090232067806927	0.5230616401677104	0.7411828468492556	1.0	0.7376607345031152	1.0	0.59049000347534	0.5070153938365428	0.45605120804358834	0.6428729384450957	0.5617690240409906	0.47509825489312374	1.0	0.6667969795412325	0.4271061622924511	0.5597279540427167	1.0	1.0	1.0	0.5484423345109759
war	0.0	1.0	1.0	1.0	1.0	0.7690990303325336	1.0	0.7690990303325336	1.0	1.0	1.0	1.0	1.0	0.7690990303325336	1.0	1.0	1.0	1.0	1.0	1.0	1.0	1.0	1.0	1.0	1.0	1.0	1.0	1.0	1.0	1.0	1.0	1.0	1.0	1.0	1.0
zh	0.7584325078215763	0.5047624968617181	0.818737281890724	1.0	0.29874433218234075	0.4577467817635039	1.0	0.29473850898739884	0.6341911409180055	0.574408816329549	1.0	1.0	0.6463474082678704	0.2795453153713474	0.4781929242363259	1.0	1.0	1.0	1.0	1.0	1.0	0.5633784306649205	0.4520130687968001	0.4950762286934875	1.0	1.0	0.5270897455843768	1.0	0.656831820236204	0.6020527707922663	0.5113280385740993	1.0	0.5484423345109759	1.0	1.0
