arz	bs	ceb	ckb	da	de	el	en	es	fr	he	hi	hu	id	it	ja	ko	lv	mk	ml	mr	nl	pl	pt	ro	ru	sh	si	simple	sr	sv	te	vi	war	zh
arz	0.055629713064926055	0.25	0.0	0.3333333333333333	0.142877571449	0.09091735537190083	0.08336111111111111	0.06250390624999999	0.1	0.08334722222222221	0.12504690626564063	0.5	0.125046875	0.125046890625	0.1	0.1111111111111111	0.08334027777777778	0.20008008008008007	0.20008008008008005	0.3333333333333333	0.25012512512512514	0.11112345679012345	0.1111111111111111	0.06667111111111111	0.0909587107768926	0.10000999999999999	0.25006256256256254	0.3333333333333333	0.1	0.25006249999999997	0.11112345679012345	0.0	0.125	0.2	0.08334027777777778
bs	0.25	0.014343074572920226	0.0	0.2	0.01729147669348508	0.014312291098907573	0.016180185242650857	0.01429960736839924	0.015153351928374654	0.016501379277787984	0.01762425284589714	0.3333333333333333	0.016176513134833072	0.016769521117893562	0.014311473957894737	0.01643385134397837	0.015437565024824228	0.023032986145591145	0.06257432042200406	0.25	0.1430205306734898	0.014971405877046191	0.01541996159945629	0.017260425703645672	0.016306034406798533	0.014956404912759166	0.11113580246913579	0.14285714285714285	0.033337778888888885	0.018330803686318033	0.015423056340264543	0.0	0.02860329962779105	0.09090909090909091	0.015177040010200333
ceb	0.0	0.0	0.5	0.0	1.0	0.5	0.5	0.5	0.5	0.5	0.5	1.0	0.5	0.5	0.5	0.5	0.5	1.0	1.0	0.0	0.5	0.5	0.5	0.5	0.5	0.5	0.5	0.0	0.5	1.0	0.5	0.0	0.5	0.0	0.5
ckb	0.3333333333333333	0.2	0.0	0.16669444444444442	0.2	0.16666666666666666	0.16666666666666666	0.16666666666666666	0.16666666666666666	0.16666666666666666	0.2	0.5	0.2	0.2	0.16666666666666666	0.2	0.16666666666666666	0.2	0.25	0.25	0.2	0.16666666666666666	0.16666666666666666	0.16666666666666666	0.16669444444444442	0.16666666666666666	0.5	0.3333333333333333	0.2	0.2	0.16666666666666666	0.0	0.2	0.16666666666666666	0.16666666666666666
da	0.142877571449	0.01729147669348508	1.0	0.2	0.006874271556553147	0.008553295203157646	0.010539630494212669	0.006854197553483065	0.008264872617990573	0.008647302273510958	0.012680383198539537	0.3333333333333333	0.009818456297915688	0.01335951457508863	0.007640352314729449	0.010425898555348208	0.009722707821034356	0.02048257495088646	0.06252735938672657	0.25	0.1250625782032032	0.007587944076563348	0.009532888168710932	0.010209291443983968	0.01195143771918622	0.009624269610679189	0.142877571449	0.07692307692307693	0.01851920438957476	0.01698715732878234	0.008556882256063944	0.0	0.016135539023153744	0.0625	0.009015507187570167
de	0.09091735537190083	0.014312291098907573	0.5	0.16666666666666666	0.008553295203157646	0.00229082922481292	0.006031363743991129	0.002312117161890168	0.002702936471877282	0.0029557380435805518	0.008783023639602134	0.3333333333333333	0.00455251156920845	0.010651669101994601	0.0028049153064376533	0.00417221202299734	0.0050830831121825085	0.020045294193612076	0.050022504999999995	0.20003999999999997	0.11118519753086419	0.002864213307890929	0.0037084289939634343	0.0036259338123037703	0.0044702753862130625	0.00362818384670865	0.07692899408284024	0.07692307692307693	0.012195419393218321	0.01317991938393057	0.006140281083521549	0.0	0.010104787267626262	0.06666666666666667	0.0037490813065871784
el	0.08336111111111111	0.016180185242650857	0.5	0.16666666666666666	0.010539630494212669	0.006031363743991129	0.005300634417912658	0.0053239627126845605	0.005780680944902937	0.0060895797323475154	0.00992240377668495	0.3333333333333333	0.007888549554552454	0.012220755912785448	0.005657451669872626	0.006905696857150957	0.007259105737190861	0.019681964713637	0.050025017510004995	0.2	0.11116051853087656	0.006110303149360386	0.006544933081326336	0.0068080006976754155	0.007238561467120579	0.006337256223058707	0.11112345679012345	0.08333333333333333	0.01562548828125	0.01591318548100027	0.00885959379380955	0.0	0.015391719765445679	0.07692307692307693	0.00667311738365054
en	0.06250390624999999	0.01429960736839924	0.5	0.16666666666666666	0.006854197553483065	0.002312117161890168	0.0053239627126845605	0.0012619846224515582	0.0019232063720451178	0.002318781995780858	0.00834132542097535	0.3333333333333333	0.004136521450468055	0.009441890091050823	0.002051576608257975	0.003748547267293595	0.004488673072819769	0.01924890682399042	0.047625850340136056	0.2	0.11113580246913579	0.0021640197805908343	0.003070847750024199	0.002842483649051121	0.004063571418467172	0.0031478021277578858	0.07692899408284024	0.058823529411764705	0.011236460042923871	0.011777452886104652	0.004548659402583926	0.0	0.006291524109370792	0.0625	0.003088373705018537
es	0.1	0.015153351928374654	0.5	0.16666666666666666	0.008264872617990573	0.002702936471877282	0.005780680944902937	0.0019232063720451178	0.0018251069367295116	0.002653258814218083	0.008334444722222221	0.3333333333333333	0.004386484341335795	0.010526759002770083	0.002342112340878302	0.004000304048	0.0048314080375271296	0.019234837647928993	0.047619047619047616	0.2	0.125015625	0.002747607497592379	0.0034016613910870463	0.0030031563094626156	0.004239030397497289	0.0032897874935076178	0.08333333333333333	0.07142857142857142	0.012345679012345678	0.013159453254847644	0.006135232790093719	0.0	0.010101418222630342	0.0625	0.003508981224992305
fr	0.08334722222222221	0.016501379277787984	0.5	0.16666666666666666	0.008647302273510958	0.0029557380435805518	0.0060895797323475154	0.002318781995780858	0.002653258814218083	0.002474579956153359	0.008590998017368024	0.33344444444444443	0.004516061063222411	0.011046062284749405	0.0027100942171930987	0.004222685660331792	0.005052310795714896	0.02016943287830119	0.052678714734141374	0.20004004004004003	0.12517210973492268	0.003141789169323043	0.003777906560381735	0.0034128879016516863	0.004446726100816453	0.0037083049210441107	0.11113581481481481	0.0625	0.01316066551246537	0.014788084706677366	0.006557850387715468	0.0	0.010537297853532647	0.0625	0.00413064371256006
he	0.12504690626564063	0.01762425284589714	0.5	0.2	0.012680383198539537	0.008783023639602134	0.00992240377668495	0.00834132542097535	0.008334444722222221	0.008590998017368024	0.008394272293824138	0.33344444444444443	0.010893484525677961	0.01413148576498616	0.00855849282389893	0.00944858058042614	0.009280570671724872	0.019750751116793173	0.05560191058037676	0.25	0.1251565004382826	0.008951830274878685	0.009024129577707707	0.009355062900270354	0.010076584341301716	0.008563035629653697	0.1250625782188595	0.07692307692307693	0.01785969419642857	0.01646037096268574	0.011254037415930045	0.0	0.021287918518336352	0.06666666666666667	0.009019817486027792
hi	0.5	0.3333333333333333	1.0	0.5	0.3333333333333333	0.3333333333333333	0.3333333333333333	0.3333333333333333	0.3333333333333333	0.33344444444444443	0.33344444444444443	0.33344444444444443	0.3333333333333333	0.3333333333333333	0.3333333333333333	0.5	0.3333333333333333	0.33344444444444443	0.3333333333333333	0.5	0.5	0.3333333333333333	0.3333333333333333	0.3333333333333333	0.3333333333333333	0.3333333333333333	1.0	0.1111111111111111	0.3333333333333333	0.3333333333333333	0.3333333333333333	0.0	0.3333333333333333	0.1	0.3333333333333333
hu	0.125046875	0.016176513134833072	0.5	0.2	0.009818456297915688	0.00455251156920845	0.007888549554552454	0.004136521450468055	0.004386484341335795	0.004516061063222411	0.010893484525677961	0.3333333333333333	0.00422775359114078	0.011792454416022936	0.004299447793996741	0.00607157105254574	0.007533750806773653	0.019686575902280738	0.05001751251251502	0.20004004004004003	0.11113581482717286	0.004622439067428524	0.005474922551960551	0.004981344579203	0.0057012618999950455	0.005597474121834193	0.14285714285714285	0.09090909090909091	0.016394517602794947	0.015665389680671923	0.008140999483919376	0.0	0.012056326610104225	0.08333333333333333	0.00637677809413105
id	0.125046890625	0.016769521117893562	0.5	0.2	0.01335951457508863	0.010651669101994601	0.012220755912785448	0.009441890091050823	0.010526759002770083	0.011046062284749405	0.01413148576498616	0.3333333333333333	0.011792454416022936	0.009579542359302673	0.010430030838897502	0.010657571584527443	0.010229129668065948	0.01977732215921534	0.0625469180195625	0.25	0.1250938282032032	0.010776560655291614	0.011381095464799143	0.011504568647521349	0.012285170173815188	0.01054407417637289	0.125015625	0.07142857142857142	0.022224197530864197	0.017023013136007653	0.013008465557666824	0.0	0.017873418378518507	0.0625	0.010216799059263969
it	0.1	0.014311473957894737	0.5	0.16666666666666666	0.007640352314729449	0.0028049153064376533	0.005657451669872626	0.002051576608257975	0.002342112340878302	0.0027100942171930987	0.00855849282389893	0.3333333333333333	0.004299447793996741	0.010430030838897502	0.0020594481070444525	0.004005414953131679	0.004909155289954176	0.019271540895479757	0.04762358503401361	0.20008008008008007	0.12503128128128127	0.002847728681726755	0.003360599262739154	0.003249274573516814	0.004411325169284572	0.0034535283260407053	0.07692307692307693	0.08333333333333333	0.012048918565829583	0.013354879161316552	0.005922415920243586	0.0	0.009094133802562727	0.07142857142857142	0.003653274898146654
ja	0.1111111111111111	0.01643385134397837	0.5	0.2	0.010425898555348208	0.00417221202299734	0.006905696857150957	0.003748547267293595	0.004000304048	0.004222685660331792	0.00944858058042614	0.5	0.00607157105254574	0.010657571584527443	0.004005414953131679	0.003776869770253348	0.005628348538792479	0.020469584138226075	0.0625078125	0.25	0.14289795918367348	0.0044938772988938475	0.005161583176227699	0.004811578497042854	0.005815541663191164	0.004657770549725055	0.11113580246913579	0.07692307692307693	0.014085102162269388	0.015903057806692433	0.007527286006226928	0.0	0.011115186913950864	0.06666666666666667	0.004835940564102738
ko	0.08334027777777778	0.015437565024824228	0.5	0.16666666666666666	0.009722707821034356	0.0050830831121825085	0.007259105737190861	0.004488673072819769	0.0048314080375271296	0.005052310795714896	0.009280570671724872	0.3333333333333333	0.007533750806773653	0.010229129668065948	0.004909155289954176	0.005628348538792479	0.0035182418184234836	0.019685805475929824	0.05264819944598338	0.20004004004004003	0.11117291365439513	0.005568982854629397	0.0059958872817430795	0.005560745466422038	0.0070392748781053695	0.0056266708018910426	0.1111111111111111	0.07142857142857142	0.01315893351800554	0.015193174518618468	0.008074609926852258	0.0	0.013339558044977778	0.0625	0.005531921748007832
lv	0.20008008008008007	0.023032986145591145	1.0	0.2	0.02048257495088646	0.020045294193612076	0.019681964713637	0.01924890682399042	0.019234837647928993	0.02016943287830119	0.019750751116793173	0.33344444444444443	0.019686575902280738	0.01977732215921534	0.019271540895479757	0.020469584138226075	0.019685805475929824	0.019571768585648876	0.07157682193453212	0.25006256256256254	0.12537620694967944	0.019671498229710555	0.019661423659867547	0.020033257696544217	0.020261759904140465	0.01928232030737421	0.12509379690628128	0.09090909090909091	0.03448870630440191	0.021075666194348513	0.020470413750682075	0.0	0.035751313807422205	0.07142857142857142	0.019645589899900145
mk	0.20008008008008005	0.06257432042200406	1.0	0.25	0.06252735938672657	0.050022504999999995	0.050025017510004995	0.047625850340136056	0.047619047619047616	0.052678714734141374	0.05560191058037676	0.3333333333333333	0.05001751251251502	0.0625469180195625	0.04762358503401361	0.0625078125	0.05264819944598338	0.07157682193453212	0.045622572905172	0.25	0.16688916694472247	0.04764854650795468	0.04763038548752834	0.045456611570247926	0.04769400246740177	0.052645432132963986	0.20008008008008005	0.16666666666666666	0.07692307692307693	0.058903207695567526	0.05557098765432098	0.0	0.09090909090909091	0.09090909090909091	0.04547107644628099
ml	0.3333333333333333	0.25	0.0	0.25	0.25	0.20003999999999997	0.2	0.2	0.2	0.20004004004004003	0.25	0.5	0.20004004004004003	0.25	0.20008008008008007	0.25	0.20004004004004003	0.25006256256256254	0.25	0.2001602403204005	0.20012012012012012	0.20004004004004003	0.2	0.20008008008008007	0.2	0.2	0.5	0.16666666666666666	0.2	0.25	0.25	0.0	0.25	0.125	0.2
mr	0.25012512512512514	0.1430205306734898	0.5	0.2	0.1250625782032032	0.11118519753086419	0.11116051853087656	0.11113580246913579	0.125015625	0.12517210973492268	0.1251565004382826	0.5	0.11113581482717286	0.1250938282032032	0.12503128128128127	0.14289795918367348	0.11117291365439513	0.12537620694967944	0.16688916694472247	0.20012012012012012	0.10059337913837366	0.11112345679012345	0.11114818522225928	0.11114817286422225	0.11134612434749748	0.125015625	0.33355577800022246	0.2	0.1111111111111111	0.12528184504970935	0.14289800004085718	0.0	0.14287755102040817	0.14285714285714285	0.11113580246913579
nl	0.11112345679012345	0.014971405877046191	0.5	0.16666666666666666	0.007587944076563348	0.002864213307890929	0.006110303149360386	0.0021640197805908343	0.002747607497592379	0.003141789169323043	0.008951830274878685	0.3333333333333333	0.004622439067428524	0.010776560655291614	0.002847728681726755	0.0044938772988938475	0.005568982854629397	0.019671498229710555	0.04764854650795468	0.20004004004004003	0.11112345679012345	0.001980145278601834	0.003698580948448915	0.002981078401491778	0.004763788579752959	0.0037265042462922195	0.1	0.07142857142857142	0.013334755555555555	0.013927381467462044	0.005035197591545969	0.0	0.007757589749655069	0.0625	0.003780332252638198
pl	0.1111111111111111	0.01541996159945629	0.5	0.16666666666666666	0.009532888168710932	0.0037084289939634343	0.006544933081326336	0.003070847750024199	0.0034016613910870463	0.003777906560381735	0.009024129577707707	0.3333333333333333	0.005474922551960551	0.011381095464799143	0.003360599262739154	0.005161583176227699	0.0059958872817430795	0.019661423659867547	0.04763038548752834	0.2	0.11114818522225928	0.003698580948448915	0.003057218238435081	0.004332699784471866	0.005409614991450807	0.004208010324576248	0.08334027777777778	0.07692307692307693	0.013514426771365958	0.01318148554413915	0.007150058783425874	0.0	0.012200031082837596	0.0625	0.004766580207758279
pt	0.06667111111111111	0.017260425703645672	0.5	0.16666666666666666	0.010209291443983968	0.0036259338123037703	0.0068080006976754155	0.002842483649051121	0.0030031563094626156	0.0034128879016516863	0.009355062900270354	0.3333333333333333	0.004981344579203	0.011504568647521349	0.003249274573516814	0.004811578497042854	0.005560745466422038	0.020033257696544217	0.045456611570247926	0.20008008008008007	0.11114817286422225	0.002981078401491778	0.004332699784471866	0.002340055621904513	0.0047365102509048015	0.0044875851129533685	0.1111111111111111	0.07142857142857142	0.013513878743608472	0.015638437997566902	0.007304334969738771	0.0	0.012198394110648424	0.0625	0.004697857260288369
ro	0.0909587107768926	0.016306034406798533	0.5	0.16669444444444442	0.01195143771918622	0.0044702753862130625	0.007238561467120579	0.004063571418467172	0.004239030397497289	0.004446726100816453	0.010076584341301716	0.3333333333333333	0.0057012618999950455	0.012285170173815188	0.004411325169284572	0.005815541663191164	0.0070392748781053695	0.020261759904140465	0.04769400246740177	0.2	0.11134612434749748	0.004763788579752959	0.005409614991450807	0.0047365102509048015	0.0038115774161360297	0.005006011944751429	0.12506253128128128	0.08333333333333333	0.015877554044847822	0.016537926272281636	0.008733856327523	0.0	0.013535826203336154	0.06666666666666667	0.005372788852417438
ru	0.10000999999999999	0.014956404912759166	0.5	0.16666666666666666	0.009624269610679189	0.00362818384670865	0.006337256223058707	0.0031478021277578858	0.0032897874935076178	0.0037083049210441107	0.008563035629653697	0.3333333333333333	0.005597474121834193	0.01054407417637289	0.0034535283260407053	0.004657770549725055	0.0056266708018910426	0.01928232030737421	0.052645432132963986	0.2	0.125015625	0.0037265042462922195	0.004208010324576248	0.0044875851129533685	0.005006011944751429	0.0031448656290278855	0.10000999999999999	0.058823529411764705	0.013158760561115132	0.014949026806556727	0.007098894376846691	0.0	0.01087358412169258	0.0625	0.00433371337286234
sh	0.25006256256256254	0.11113580246913579	0.5	0.5	0.142877571449	0.07692899408284024	0.11112345679012345	0.07692899408284024	0.08333333333333333	0.11113581481481481	0.1250625782188595	1.0	0.14285714285714285	0.125015625	0.07692307692307693	0.11113580246913579	0.1111111111111111	0.12509379690628128	0.20008008008008005	0.5	0.33355577800022246	0.1	0.08334027777777778	0.1111111111111111	0.12506253128128128	0.10000999999999999	0.07151541850528595	0.07142857142857142	0.2	0.08337501388888888	0.125	0.0	0.25	0.06666666666666667	0.1
si	0.3333333333333333	0.14285714285714285	0.0	0.3333333333333333	0.07692307692307693	0.07692307692307693	0.08333333333333333	0.058823529411764705	0.07142857142857142	0.0625	0.07692307692307693	0.1111111111111111	0.09090909090909091	0.07142857142857142	0.08333333333333333	0.07692307692307693	0.07142857142857142	0.09090909090909091	0.16666666666666666	0.16666666666666666	0.2	0.07142857142857142	0.07692307692307693	0.07142857142857142	0.08333333333333333	0.058823529411764705	0.07142857142857142	0.058823529411764705	0.08333333333333333	0.07692307692307693	0.07142857142857142	0.5	0.07142857142857142	0.16666666666666666	0.07142857142857142
simple	0.1	0.033337778888888885	0.5	0.2	0.01851920438957476	0.012195419393218321	0.01562548828125	0.011236460042923871	0.012345679012345678	0.01316066551246537	0.01785969419642857	0.3333333333333333	0.016394517602794947	0.022224197530864197	0.012048918565829583	0.014085102162269388	0.01315893351800554	0.03448870630440191	0.07692307692307693	0.2	0.1111111111111111	0.013334755555555555	0.013514426771365958	0.013513878743608472	0.015877554044847822	0.013158760561115132	0.2	0.08333333333333333	0.01112186247914643	0.029414359861591695	0.016130073100936525	0.0	0.02702702702702703	0.07692307692307693	0.01315841412742382
sr	0.25006249999999997	0.018330803686318033	1.0	0.2	0.01698715732878234	0.01317991938393057	0.01591318548100027	0.011777452886104652	0.013159453254847644	0.014788084706677366	0.01646037096268574	0.3333333333333333	0.015665389680671923	0.017023013136007653	0.013354879161316552	0.015903057806692433	0.015193174518618468	0.021075666194348513	0.058903207695567526	0.25	0.12528184504970935	0.013927381467462044	0.01318148554413915	0.015638437997566902	0.016537926272281636	0.014949026806556727	0.08337501388888888	0.07692307692307693	0.029414359861591695	0.011987104657072773	0.01642278077409207	0.0	0.030322325074381085	0.07142857142857142	0.014509997290717312
sv	0.11112345679012345	0.015423056340264543	0.5	0.16666666666666666	0.008556882256063944	0.006140281083521549	0.00885959379380955	0.004548659402583926	0.006135232790093719	0.006557850387715468	0.011254037415930045	0.3333333333333333	0.008140999483919376	0.013008465557666824	0.005922415920243586	0.007527286006226928	0.008074609926852258	0.020470413750682075	0.05557098765432098	0.25	0.14289800004085718	0.005035197591545969	0.007150058783425874	0.007304334969738771	0.008733856327523	0.007098894376846691	0.125	0.07142857142857142	0.016130073100936525	0.01642278077409207	0.00451724545731512	0.0	0.010209812373076534	0.0625	0.007096778734973745
te	0.0	0.0	0.0	0.0	0.0	0.0	0.0	0.0	0.0	0.0	0.0	0.0	0.0	0.0	0.0	0.0	0.0	0.0	0.0	0.0	0.0	0.0	0.0	0.0	0.0	0.0	0.0	0.5	0.0	0.0	0.0	0.0	0.0	0.5	0.0
vi	0.125	0.02860329962779105	0.5	0.2	0.016135539023153744	0.010104787267626262	0.015391719765445679	0.006291524109370792	0.010101418222630342	0.010537297853532647	0.021287918518336352	0.3333333333333333	0.012056326610104225	0.017873418378518507	0.009094133802562727	0.011115186913950864	0.013339558044977778	0.035751313807422205	0.09090909090909091	0.25	0.14287755102040817	0.007757589749655069	0.012200031082837596	0.012198394110648424	0.013535826203336154	0.01087358412169258	0.25	0.07142857142857142	0.02702702702702703	0.030322325074381085	0.010209812373076534	0.0	0.006344013327585783	0.0625	0.01020783121699344
war	0.2	0.09090909090909091	0.0	0.16666666666666666	0.0625	0.06666666666666667	0.07692307692307693	0.0625	0.0625	0.0625	0.06666666666666667	0.1	0.08333333333333333	0.0625	0.07142857142857142	0.06666666666666667	0.0625	0.07142857142857142	0.09090909090909091	0.125	0.14285714285714285	0.0625	0.0625	0.0625	0.06666666666666667	0.0625	0.06666666666666667	0.16666666666666666	0.07692307692307693	0.07142857142857142	0.0625	0.5	0.0625	0.0625	0.0625
zh	0.08334027777777778	0.015177040010200333	0.5	0.16666666666666666	0.009015507187570167	0.0037490813065871784	0.00667311738365054	0.003088373705018537	0.003508981224992305	0.00413064371256006	0.009019817486027792	0.3333333333333333	0.00637677809413105	0.010216799059263969	0.003653274898146654	0.004835940564102738	0.005531921748007832	0.019645589899900145	0.04547107644628099	0.2	0.11113580246913579	0.003780332252638198	0.004766580207758279	0.004697857260288369	0.005372788852417438	0.00433371337286234	0.1	0.07142857142857142	0.01315841412742382	0.014509997290717312	0.007096778734973745	0.0	0.01020783121699344	0.0625	0.00311010024282392
