arz	bs	ceb	ckb	da	de	el	en	es	fr	he	hi	hu	id	it	ja	ko	lv	mk	ml	mr	nl	pl	pt	ro	ru	sh	si	simple	sr	sv	te	vi	war	zh
arz	1.0	0.31451985913875646	0.0	0.585786437626905	0.3021694792519622	0.17929842913849367	0.14104125892297562	0.13636062050232708	0.23166247903554	0.10970297594828901	0.18373908354972163	0.585786437626905	0.2401859391359052	0.1780445867941259	0.22552601701157443	0.19507684252665497	0.14965012401369931	0.2429273327626413	0.4134900434704663	0.585786437626905	0.28417262606775806	0.21168210919788794	0.18787956501977895	0.1394591906504879	0.11443338439709974	0.21378165702277224	0.5	1.0	0.2204812092115424	0.3950325357559503	0.21622254335868943	0.0	0.3203772410170407	1.0	0.17427876465943903
bs	0.31451985913875646	1.0	0.0	0.27429188517743175	0.08522236362888254	0.06215934011602502	0.09243384679217623	0.036330360381998196	0.021568979428526366	0.09795733320334102	0.10089728305859103	0.5	0.09085461284493179	0.09986543531823783	0.0628883502143411	0.08638200186443035	0.08974952382437933	0.11788778380071296	0.1757295816100224	0.3483314773547883	0.24580738633652707	0.08692209512070108	0.08273946259988002	0.040844980737391616	0.08840903124169347	0.08048167201004083	0.1492853700972175	1.0	0.042001283687201095	0.10164300188718299	0.07733526048789623	0.0	0.06036143641904299	0.585786437626905	0.05446345522007044
ceb	0.0	0.0	1.0	0.0	1.0	1.0	1.0	1.0	1.0	1.0	1.0	1.0	1.0	1.0	1.0	1.0	1.0	1.0	1.0	0.0	1.0	1.0	1.0	1.0	1.0	1.0	1.0	0.0	1.0	1.0	1.0	0.0	1.0	0.0	1.0
ckb	0.585786437626905	0.27429188517743175	0.0	1.0	0.585786437626905	0.32881309020609956	0.32037724101704074	0.5	0.585786437626905	0.28172904669025317	0.27429188517743175	0.585786437626905	0.585786437626905	0.44948974278317805	0.44948974278317805	0.44948974278317805	0.585786437626905	0.22901628833426058	0.38742588672279304	1.0	0.23166247903554	0.44948974278317805	0.5	0.5	0.20185207229529095	0.40453726661826384	0.585786437626905	1.0	1.0	0.23441237831492112	0.44948974278317805	0.0	1.0	1.0	0.585786437626905
da	0.3021694792519622	0.08522236362888254	1.0	0.585786437626905	1.0	0.07153929429588002	0.084635134879418	0.0499900380328368	0.010752898883773456	0.07829732917448579	0.09791809516275245	0.5	0.06180983732163421	0.10288309959115739	0.06696903338143564	0.07483994131457855	0.0818835490509093	0.0891496742347925	0.11731864541382606	0.585786437626905	0.15029627760126632	0.05154372474386121	0.08148307696901325	0.0591904222729819	0.06916957067558945	0.08210061799726523	0.23582845781094	0.3430703308172536	0.023538164511823147	0.1322373245903747	0.05651536273071316	0.0	0.06657112062021386	0.5	0.06970830817184746
de	0.17929842913849367	0.06215934011602502	1.0	0.32881309020609956	0.07153929429588002	1.0	0.04771979905762961	0.018158237987640706	0.00424830635009978	0.019493437872185024	0.07773879541988055	0.5	0.042188715153392696	0.09004448454603085	0.019096999576029203	0.031231489233668003	0.043261996184880726	0.06839537693156719	0.07846440370658507	0.3638371391560647	0.1382797569888555	0.02143550302176794	0.02724291200163224	0.02982631750618302	0.02870387350292273	0.0259642766534159	0.15059284080705962	1.0	0.016920766973391885	0.057552526526203435	0.04146893767018352	0.0	0.08608660190006127	0.585786437626905	0.032661276806255225
el	0.14104125892297562	0.09243384679217623	1.0	0.32037724101704074	0.084635134879418	0.04771979905762961	1.0	0.0442704663194938	0.008115959111351816	0.050034320415419026	0.0835377906197956	0.585786437626905	0.057267621623443406	0.09800810618974241	0.04622507588626096	0.051646619595107	0.05079107374942825	0.12054331541259285	0.09788104782428331	0.377299923613704	0.13658300071367913	0.04803650526312413	0.04958946366474083	0.049973537751305606	0.0421103609634716	0.048872697396377125	0.18080827539122954	1.0	0.02007030930688317	0.08872447195827103	0.0582006891085809	0.0	0.0770597914094971	1.0	0.04822242293709657
en	0.13636062050232708	0.036330360381998196	1.0	0.5	0.0499900380328368	0.018158237987640706	0.0442704663194938	1.0	0.003776430858586591	0.015488150765876032	0.04365091164404181	0.585786437626905	0.04067261373675632	0.06508470680345421	0.01689116330008419	0.02993707676776195	0.040806030647694606	0.03196157269062083	0.062196115153867956	0.40453726661826384	0.13218640147381316	0.022197160395625772	0.02558817746057676	0.02395176151362629	0.02623716107499107	0.025033564356227896	0.18695115435530013	0.5	0.015900371107061523	0.03917930275489068	0.03506950183136595	0.0	0.0427465344265863	0.2588283628687876	0.021702272348145722
es	0.23166247903554	0.021568979428526366	1.0	0.585786437626905	0.010752898883773456	0.00424830635009978	0.008115959111351816	0.003776430858586591	1.0	0.004373015644863626	0.011229242636868818	0.585786437626905	0.006056420421665588	0.014025021546440305	0.003989905155867043	0.005783001220976357	0.006749160583743934	0.025381172786491737	0.059614466383195105	0.4364916731037085	0.1454372087415689	0.004131681468994594	0.005068577454391917	0.004292543098545329	0.006216005785172919	0.004874727563559366	0.20521309615767264	0.5	0.053413706967655246	0.019426572853632102	0.00900526634751818	0.0	0.013151671841819194	0.585786437626905	0.004836800088798656
fr	0.10970297594828901	0.09795733320334102	1.0	0.28172904669025317	0.07829732917448579	0.019493437872185024	0.050034320415419026	0.015488150765876032	0.004373015644863626	1.0	0.08185758502826691	0.49851311685382416	0.029427980962418023	0.1016216511296502	0.018002769080800056	0.03147044710988773	0.045106300060198945	0.12677436946444928	0.25185056656592664	0.3164309725825328	0.2652626886005747	0.02092403297374626	0.02492234573067581	0.0224210036150602	0.026319724303664235	0.02440290595685516	0.20556645718569722	0.585786437626905	0.017889332679304044	0.08526941083008313	0.0421571229283553	0.0	0.07431485914379415	0.4142135623730951	0.02517766227395061
he	0.18373908354972163	0.10089728305859103	1.0	0.27429188517743175	0.09791809516275245	0.07773879541988055	0.0835377906197956	0.04365091164404181	0.011229242636868818	0.08185758502826691	1.0	1.0	0.09013612262216414	0.10990666678473708	0.07520677771121374	0.07755222132539079	0.08101179058039507	0.11655765576227656	0.16531279401838847	0.3090169943749474	0.293678596976619	0.07948566861827291	0.07267226534228172	0.06633041798453504	0.0626796945976357	0.07630333601314636	0.17152679518933306	1.0	0.024902826609229167	0.09542257126209469	0.086575285217434	0.0	0.06508372066747732	1.0	0.062427339136780634
hi	0.585786437626905	0.5	1.0	0.585786437626905	0.5	0.5	0.585786437626905	0.585786437626905	0.585786437626905	0.49851311685382416	1.0	1.0	0.585786437626905	0.5	0.585786437626905	1.0	0.4625414945524146	0.3655636559687688	0.44948974278317805	0.585786437626905	0.5	0.585786437626905	0.5	0.5	0.3726822671238253	0.585786437626905	1.0	1.0	0.585786437626905	0.4625414945524146	0.5	0.0	0.585786437626905	1.0	0.585786437626905
hu	0.2401859391359052	0.09085461284493179	1.0	0.585786437626905	0.06180983732163421	0.042188715153392696	0.057267621623443406	0.04067261373675632	0.006056420421665588	0.029427980962418023	0.09013612262216414	0.585786437626905	1.0	0.09907329392161231	0.040508473254823596	0.0518068210767182	0.05454386756286139	0.10223367967361449	0.1304327002918946	0.3797958971132712	0.1382113574360998	0.0451854928774106	0.04869581748443765	0.046836638167698647	0.03771702888645068	0.04899846531432454	0.2708131845707603	1.0	0.02192036853253749	0.08755401696469801	0.05808306013342071	0.0	0.07667230569071112	1.0	0.050023028794729696
id	0.1780445867941259	0.09986543531823783	1.0	0.44948974278317805	0.10288309959115739	0.09004448454603085	0.09800810618974241	0.06508470680345421	0.014025021546440305	0.1016216511296502	0.10990666678473708	0.5	0.09907329392161231	1.0	0.08492498326918103	0.08185519564699537	0.08972745181948162	0.12865250267467143	0.1527955176358764	0.44948974278317805	0.1572907500914574	0.09197653986888739	0.07858354585554805	0.06720226120729449	0.07364786534396052	0.09123962306059573	0.2533975379794928	0.585786437626905	0.0296527351082844	0.13055918691998158	0.09264907975928123	0.0	0.06541009920425325	0.585786437626905	0.08575192035140505
it	0.22552601701157443	0.0628883502143411	1.0	0.44948974278317805	0.06696903338143564	0.019096999576029203	0.04622507588626096	0.01689116330008419	0.003989905155867043	0.018002769080800056	0.07520677771121374	0.585786437626905	0.040508473254823596	0.08492498326918103	1.0	0.030528049556583853	0.04236823849784632	0.05849589859293582	0.07039363814226796	0.4134900434704663	0.14727324143158538	0.021482996778159538	0.025853023996466995	0.022282138577020418	0.028166239282123924	0.02505903047931262	0.171310475400854	0.5	0.016103194097118245	0.06213363251824538	0.040754273570118835	0.0	0.05994389758934258	0.39564392373896007	0.03211274938988007
ja	0.19507684252665497	0.08638200186443035	1.0	0.44948974278317805	0.07483994131457855	0.031231489233668003	0.051646619595107	0.02993707676776195	0.005783001220976357	0.03147044710988773	0.07755222132539079	1.0	0.0518068210767182	0.08185519564699537	0.030528049556583853	1.0	0.045363503531618214	0.1235103347811705	0.08648197370934183	0.585786437626905	0.16793042293012775	0.035034917941327424	0.034135945302855075	0.03291446502872312	0.035512188912019474	0.04355834473551085	0.24732206687814645	1.0	0.018921894430868624	0.07862552956535607	0.062249182212013976	0.0	0.08638215248139611	1.0	0.034187473402379515
ko	0.14965012401369931	0.08974952382437933	1.0	0.585786437626905	0.0818835490509093	0.043261996184880726	0.05079107374942825	0.040806030647694606	0.006749160583743934	0.045106300060198945	0.08101179058039507	0.4625414945524146	0.05454386756286139	0.08972745181948162	0.04236823849784632	0.045363503531618214	1.0	0.09615053564777186	0.0876388106262701	0.4364916731037085	0.13251059747900598	0.04583843401105136	0.04787307483463928	0.04590360313148235	0.0444744368348098	0.04603597742136052	0.18592323528448623	1.0	0.017838423043748906	0.07764719980875769	0.054834610922663875	0.0	0.07748310925843685	1.0	0.0454134590778986
lv	0.2429273327626413	0.11788778380071296	1.0	0.22901628833426058	0.0891496742347925	0.06839537693156719	0.12054331541259285	0.03196157269062083	0.025381172786491737	0.12677436946444928	0.11655765576227656	0.3655636559687688	0.10223367967361449	0.12865250267467143	0.05849589859293582	0.1235103347811705	0.09615053564777186	1.0	0.3030969910747943	0.2791745113185196	0.5098003640860816	0.10718053076497314	0.09786147852110638	0.04720523813974406	0.1249671610310497	0.09548660260138656	0.1594142794217009	0.585786437626905	0.044983945647089914	0.1350925846177417	0.08855724540506177	0.0	0.05577458957934587	0.585786437626905	0.046843235189795225
mk	0.4134900434704663	0.1757295816100224	1.0	0.38742588672279304	0.11731864541382606	0.07846440370658507	0.09788104782428331	0.062196115153867956	0.059614466383195105	0.25185056656592664	0.16531279401838847	0.44948974278317805	0.1304327002918946	0.1527955176358764	0.07039363814226796	0.08648197370934183	0.0876388106262701	0.3030969910747943	1.0	0.38742588672279304	0.21996908999424442	0.0855659228986523	0.06918465818711021	0.059746748060631766	0.27931110920977187	0.07959778836442402	0.3427032721697021	1.0	0.09217560210204274	0.17480451803548622	0.10082063670671171	0.0	0.11135994773422207	1.0	0.08963879420786434
ml	0.585786437626905	0.3483314773547883	0.0	1.0	0.585786437626905	0.3638371391560647	0.377299923613704	0.40453726661826384	0.4364916731037085	0.3164309725825328	0.3090169943749474	0.585786437626905	0.3797958971132712	0.44948974278317805	0.4134900434704663	0.585786437626905	0.4364916731037085	0.2791745113185196	0.38742588672279304	1.0	0.23507522002748912	0.40453726661826384	0.4364916731037085	0.4625414945524146	0.23348998368568258	0.3333333333333333	0.585786437626905	1.0	0.4364916731037085	0.30216947925196225	0.585786437626905	0.0	1.0	1.0	0.40453726661826384
mr	0.28417262606775806	0.24580738633652707	1.0	0.23166247903554	0.15029627760126632	0.1382797569888555	0.13658300071367913	0.13218640147381316	0.1454372087415689	0.2652626886005747	0.293678596976619	0.5	0.1382113574360998	0.1572907500914574	0.14727324143158538	0.16793042293012775	0.13251059747900598	0.5098003640860816	0.21996908999424442	0.23507522002748912	1.0	0.1309731451381928	0.1319206857844334	0.12998292247868243	0.287120005127086	0.15281371750352354	0.3655636559687688	1.0	0.12819304429541925	0.4519482807960073	0.1632402686994163	0.0	0.1632402686994163	1.0	0.1319206857844334
nl	0.21168210919788794	0.08692209512070108	1.0	0.44948974278317805	0.05154372474386121	0.02143550302176794	0.04803650526312413	0.022197160395625772	0.004131681468994594	0.02092403297374626	0.07948566861827291	0.585786437626905	0.0451854928774106	0.09197653986888739	0.021482996778159538	0.035034917941327424	0.04583843401105136	0.10718053076497314	0.0855659228986523	0.40453726661826384	0.1309731451381928	1.0	0.0302096077629423	0.029336563715245345	0.03191646846309082	0.02938431160819369	0.22696955407408306	0.585786437626905	0.018167320114221615	0.07241727726690654	0.038930132463539144	0.0	0.05178222950513892	0.585786437626905	0.03557275082362998
pl	0.18787956501977895	0.08273946259988002	1.0	0.5	0.08148307696901325	0.02724291200163224	0.04958946366474083	0.02558817746057676	0.005068577454391917	0.02492234573067581	0.07267226534228172	0.5	0.04869581748443765	0.07858354585554805	0.025853023996466995	0.034135945302855075	0.04787307483463928	0.09786147852110638	0.06918465818711021	0.4364916731037085	0.1319206857844334	0.0302096077629423	1.0	0.03127790330633985	0.03338606829882778	0.02866753773325801	0.18578819141786163	0.585786437626905	0.018385214037594206	0.067889435179604	0.05734298208674251	0.0	0.09213729176353633	0.5	0.03228699465517937
pt	0.1394591906504879	0.040844980737391616	1.0	0.5	0.0591904222729819	0.02982631750618302	0.049973537751305606	0.02395176151362629	0.004292543098545329	0.0224210036150602	0.06633041798453504	0.5	0.046836638167698647	0.06720226120729449	0.022282138577020418	0.03291446502872312	0.04590360313148235	0.04720523813974406	0.059746748060631766	0.4625414945524146	0.12998292247868243	0.029336563715245345	0.03127790330633985	1.0	0.030811928440438816	0.0311612664528885	0.23752569369472296	0.585786437626905	0.0173667987307286	0.03889201222084051	0.05506008618965771	0.0	0.047786614438932146	0.5	0.03949788449856331
ro	0.11443338439709974	0.08840903124169347	1.0	0.20185207229529095	0.06916957067558945	0.02870387350292273	0.0421103609634716	0.02623716107499107	0.006216005785172919	0.026319724303664235	0.0626796945976357	0.3726822671238253	0.03771702888645068	0.07364786534396052	0.028166239282123924	0.035512188912019474	0.0444744368348098	0.1249671610310497	0.27931110920977187	0.23348998368568258	0.287120005127086	0.03191646846309082	0.03338606829882778	0.030811928440438816	1.0	0.03105938250474509	0.15718045123941596	1.0	0.023383475170282737	0.09242511446647293	0.05316447137432639	0.0	0.0690580940760656	0.585786437626905	0.034697785288673254
ru	0.21378165702277224	0.08048167201004083	1.0	0.40453726661826384	0.08210061799726523	0.0259642766534159	0.048872697396377125	0.025033564356227896	0.004874727563559366	0.02440290595685516	0.07630333601314636	0.585786437626905	0.04899846531432454	0.09123962306059573	0.02505903047931262	0.04355834473551085	0.04603597742136052	0.09548660260138656	0.07959778836442402	0.3333333333333333	0.15281371750352354	0.02938431160819369	0.02866753773325801	0.0311612664528885	0.03105938250474509	1.0	0.2196980231332642	1.0	0.017814092235987882	0.08210691628371623	0.04479889714147692	0.0	0.08501192569007325	1.0	0.029440314722743364
sh	0.5	0.1492853700972175	1.0	0.585786437626905	0.23582845781094	0.15059284080705962	0.18080827539122954	0.18695115435530013	0.20521309615767264	0.20556645718569722	0.17152679518933306	1.0	0.2708131845707603	0.2533975379794928	0.171310475400854	0.24732206687814645	0.18592323528448623	0.1594142794217009	0.3427032721697021	0.585786437626905	0.3655636559687688	0.22696955407408306	0.18578819141786163	0.23752569369472296	0.15718045123941596	0.2196980231332642	1.0	0.585786437626905	0.5	0.11188533835439386	0.260205226099576	0.0	0.5	0.585786437626905	0.19581332489515024
si	1.0	1.0	0.0	1.0	0.3430703308172536	1.0	1.0	0.5	0.5	0.585786437626905	1.0	1.0	1.0	0.585786437626905	0.5	1.0	1.0	0.585786437626905	1.0	1.0	1.0	0.585786437626905	0.585786437626905	0.585786437626905	1.0	1.0	0.585786437626905	1.0	1.0	1.0	0.585786437626905	1.0	1.0	1.0	1.0
simple	0.2204812092115424	0.042001283687201095	1.0	1.0	0.023538164511823147	0.016920766973391885	0.02007030930688317	0.015900371107061523	0.053413706967655246	0.017889332679304044	0.024902826609229167	0.585786437626905	0.02192036853253749	0.0296527351082844	0.016103194097118245	0.018921894430868624	0.017838423043748906	0.044983945647089914	0.09217560210204274	0.4364916731037085	0.12819304429541925	0.018167320114221615	0.018385214037594206	0.0173667987307286	0.023383475170282737	0.017814092235987882	0.5	1.0	1.0	0.03779613813259857	0.021271454159069985	0.0	0.03931647153659409	1.0	0.01790449951126366
sr	0.3950325357559503	0.10164300188718299	1.0	0.23441237831492112	0.1322373245903747	0.057552526526203435	0.08872447195827103	0.03917930275489068	0.019426572853632102	0.08526941083008313	0.09542257126209469	0.4625414945524146	0.08755401696469801	0.13055918691998158	0.06213363251824538	0.07862552956535607	0.07764719980875769	0.1350925846177417	0.17480451803548622	0.30216947925196225	0.4519482807960073	0.07241727726690654	0.067889435179604	0.03889201222084051	0.09242511446647293	0.08210691628371623	0.11188533835439386	1.0	0.03779613813259857	1.0	0.07321569178472942	0.0	0.07033226921967616	1.0	0.05591893474025898
sv	0.21622254335868943	0.07733526048789623	1.0	0.44948974278317805	0.05651536273071316	0.04146893767018352	0.0582006891085809	0.03506950183136595	0.00900526634751818	0.0421571229283553	0.086575285217434	0.5	0.05808306013342071	0.09264907975928123	0.040754273570118835	0.062249182212013976	0.054834610922663875	0.08855724540506177	0.10082063670671171	0.585786437626905	0.1632402686994163	0.038930132463539144	0.05734298208674251	0.05506008618965771	0.05316447137432639	0.04479889714147692	0.260205226099576	0.585786437626905	0.021271454159069985	0.07321569178472942	1.0	0.0	0.06396549441385069	0.585786437626905	0.06215770816190394
te	0.0	0.0	0.0	0.0	0.0	0.0	0.0	0.0	0.0	0.0	0.0	0.0	0.0	0.0	0.0	0.0	0.0	0.0	0.0	0.0	0.0	0.0	0.0	0.0	0.0	0.0	0.0	1.0	0.0	0.0	0.0	0.0	0.0	1.0	0.0
vi	0.3203772410170407	0.06036143641904299	1.0	1.0	0.06657112062021386	0.08608660190006127	0.0770597914094971	0.0427465344265863	0.013151671841819194	0.07431485914379415	0.06508372066747732	0.585786437626905	0.07667230569071112	0.06541009920425325	0.05994389758934258	0.08638215248139611	0.07748310925843685	0.05577458957934587	0.11135994773422207	1.0	0.1632402686994163	0.05178222950513892	0.09213729176353633	0.047786614438932146	0.0690580940760656	0.08501192569007325	0.5	1.0	0.03931647153659409	0.07033226921967616	0.06396549441385069	0.0	1.0	1.0	0.0721549231682105
war	1.0	0.585786437626905	0.0	1.0	0.5	0.585786437626905	1.0	0.2588283628687876	0.585786437626905	0.4142135623730951	1.0	1.0	1.0	0.585786437626905	0.39564392373896007	1.0	1.0	0.585786437626905	1.0	1.0	1.0	0.585786437626905	0.5	0.5	0.585786437626905	1.0	0.585786437626905	1.0	1.0	1.0	0.585786437626905	1.0	1.0	1.0	1.0
zh	0.17427876465943903	0.05446345522007044	1.0	0.585786437626905	0.06970830817184746	0.032661276806255225	0.04822242293709657	0.021702272348145722	0.004836800088798656	0.02517766227395061	0.062427339136780634	0.585786437626905	0.050023028794729696	0.08575192035140505	0.03211274938988007	0.034187473402379515	0.0454134590778986	0.046843235189795225	0.08963879420786434	0.40453726661826384	0.1319206857844334	0.03557275082362998	0.03228699465517937	0.03949788449856331	0.034697785288673254	0.029440314722743364	0.19581332489515024	1.0	0.01790449951126366	0.05591893474025898	0.06215770816190394	0.0	0.0721549231682105	1.0	1.0
